mesh: pSphereShape1 tranform: pSphere1 -0.02652270084 0.1417572789 0.02756002644 0 -0.06610286536 -0.002035581316 -0.05314465346 0 -0.09113374822 -0.03938244029 0.1148632581 0 4.522136142 -0.07898870125 -0.5142427255 1


mesh: pSphereShape2 tranform: pSphere2 -0.06809937395 0.2490930086 0.0284022105 0 -0.09166369781 -0.01300222374 -0.1057480159 0 -0.09405214304 -0.03550638962 0.08589124972 0 4.467552758 0.2621689448 -0.4425590541 1


mesh: pSphereShape3 tranform: pSphere3 -0.09087378603 0.2716300279 0.06478797019 0 -0.08479715946 -0.003674780047 -0.103532466 0 -0.09457295321 -0.05054241655 0.07925291823 0 4.351429896 0.7156326287 -0.3679612428 1


mesh: pSphereShape4 tranform: pSphere4 -0.01215326779 0.01270919842 0.179886518 0 -0.0247601667 0.146129294 -0.01199702542 0 -0.1695731025 -0.02950192912 -0.009372139019 0 4.250156813 0.9954500044 -0.1845473607 1


mesh: pSphereShape5 tranform: pSphere5 -0.03426647328 0.01184018379 0.1832370273 0 -0.02233633054 0.136111097 -0.01297209256 0 -0.1713161007 -0.03097614974 -0.03003560667 0 4.19909516 1.033691213 0.1035969991 1


mesh: pSphereShape6 tranform: pSphere6 -0.04866963915 -0.2406831744 0.1034980055 0 -0.05911808836 0.04498258966 0.07680627665 0 -0.08527579991 -0.008771936214 -0.06049971525 0 4.1407605 0.7544380194 0.2766058694 1


mesh: pSphereShape7 tranform: pSphere7 -0.1397624259 -0.1944559361 0.07653345735 0 -0.05006969124 0.06059798932 0.06253183108 0 -0.08457865126 0.02471074093 -0.0916692838 0 3.935683269 0.3515539026 0.3946781639 1


mesh: pSphereShape8 tranform: pSphere8 0.0006041357604 -0.1889019931 0.01251917892 0 -0.03021725418 0.002022455806 0.03197504076 0 -0.08369961996 -0.005486800187 -0.07875129538 0 3.785833443 0.04342348754 0.464705024 1


mesh: pSphereShape10 tranform: pSphere10 -0.0103871846 0.003490924185 0.1831572116 0 -0.008924602192 0.1544935346 -0.003450733396 0 -0.2224764205 -0.01312798107 -0.01236683417 0 4.168795416 1.439464834 -0.05902550741 1


mesh: pSphereShape11 tranform: pSphere11 -0.004018945314 0.001541030337 0.04382977656 0 -0.119638121 0.1217206401 -0.01524977578 0 -0.08140542124 -0.08059282831 -0.004630823125 0 4.124332738 1.241699261 -0.08851783066 1


mesh: pSphereShape12 tranform: pSphere12 -0.04677620365 0.02017947859 0.3123081586 0 -0.01807019265 0.1642545616 -0.01331962136 0 -0.256457532 -0.03116526447 -0.03639741916 0 4.256809043 0.8241959844 -0.05990812684 1


mesh: pSphereShape13 tranform: pSphere13 -0.03215715626 0.01972057793 0.2158140117 0 -0.03323348965 0.2028303866 -0.02348608844 0 -0.1910130223 -0.03423067448 -0.02533379032 0 4.24055459 0.5961633041 -0.03630531382 1


mesh: pSphereShape14 tranform: pSphere14 -0.03402250096 0.01961961821 0.2180517974 0 -0.03328380961 0.2378590076 -0.02659506333 0 -0.1869448173 -0.02912769034 -0.02654807772 0 4.258081876 0.4039352765 -0.01652523229 1


mesh: pSphereShape15 tranform: pSphere15 -0.01898564753 0.01618258531 0.1496960954 0 -0.02266902848 0.3768389007 -0.04361245247 0 -0.1862633263 -0.01376656833 -0.02213518787 0 4.325677971 -0.1970619493 -0.1435670362 1


mesh: pSphereShape16 tranform: pSphere16 -0.01409657055 0.01401965467 0.0982242116 0 -0.1478294628 0.3242980751 -0.06750306637 0 -0.07509453085 -0.03542231053 -0.005721265477 0 4.454215315 -0.880526644 -0.07945255294 1


mesh: pSphereShape17 tranform: pSphere17 -0.02452398388 0.009551423069 0.1092459957 0 -0.02222233756 0.1006947047 -0.01379234052 0 -0.2651364317 -0.06587652961 -0.05375928823 0 4.443260767 -1.354075367 -0.04806479193 1


mesh: pSphereShape18 tranform: pSphere18 -0.01850704705 0.02343583123 0.1243064102 0 0.1708062596 0.3131076843 -0.03360099739 0 -0.1266646651 0.06574410174 -0.0312530672 0 4.076726667 -0.1529102378 0.2017153064 1


mesh: pSphereShape19 tranform: pSphere19 -0.009979289579 0.01152957968 0.08509618337 0 -0.2361131406 0.3516917472 -0.07533944732 0 -0.08339887547 -0.05644775525 -0.002132206523 0 4.055982351 -0.7639587413 0.3132867274 1


mesh: pSphereShape20 tranform: pSphere20 0.02296542946 0.03897218292 0.1061850191 0 -0.03001398425 0.07345820705 -0.02046939071 0 -0.238067649 -0.0752296924 0.0790995868 0 4.076338385 -1.190648908 0.4231439979 1


mesh: pSphereShape21 tranform: pSphere21 -0.04054711849 0.02338214305 0.2598683758 0 0.07604856896 0.1241969836 0.0006909601827 0 -0.2220987505 0.1362569952 -0.04691392275 0 4.330514361 0.2410677547 0.01364040019 1


