mesh: pSphereShape1 tranform: pSphere1 0.09047463845 0.1156390668 -0.0002843436038 0 -0.04314861089 0.03359946916 -0.064864163 0 -0.09130116649 0.07167358389 0.09786163244 0 0.3525378323 0.1621485326 -0.3930476797 1


mesh: pSphereShape2 tranform: pSphere2 0.1250475758 0.2276256136 0.006420361146 0 -0.1169829409 0.06545677362 -0.04224140742 0 -0.03634167228 0.01640860022 0.1260708404 0 0.5656659838 0.4433756673 -0.3815657601 1


mesh: pSphereShape3 tranform: pSphere3 0.04621404647 0.2809051047 0.07207622497 0 -0.1198916764 0.03253007364 -0.04990805552 0 -0.05550042884 -0.02148541592 0.1193217654 0 0.7251428237 0.8720303285 -0.3299715007 1


mesh: pSphereShape4 tranform: pSphere4 0.04745248474 0.01321795597 0.1739020768 0 -0.02684659318 0.1462042523 -0.003787095748 0 -0.1633910456 -0.02879095643 0.04677269439 0 0.7782636288 1.159058897 -0.1391849363 1


mesh: pSphereShape5 tranform: pSphere5 0.03663391354 0.0131853027 0.1826863254 0 -0.025993581 0.1360020583 -0.004603419034 0 -0.1700342022 -0.03126752198 0.03635351463 0 0.8330891575 1.198857742 0.1488600847 1


mesh: pSphereShape6 tranform: pSphere6 -0.01863521248 -0.226715678 0.1387864965 0 -0.05806196511 0.05025672812 0.0743011128 0 -0.08777639687 -0.02459194164 -0.05195830078 0 0.8319163523 0.9323873707 0.3517282246 1


mesh: pSphereShape7 tranform: pSphere7 -0.1523012861 -0.1776056445 0.0920030986 0 -0.04660406757 0.06904113917 0.05613111593 0 -0.08218059651 0.02145562539 -0.09462257793 0 0.6406070058 0.5508291725 0.5185095321 1


mesh: pSphereShape8 tranform: pSphere8 -0.02025033919 -0.1866577667 0.02428702723 0 -0.02617344805 0.007347865702 0.03464874451 0 -0.09170941612 0.0009103936329 -0.06946979243 0 0.4674300037 0.263646119 0.6178744692 1


mesh: pSphereShape10 tranform: pSphere10 0.007601600256 0.001217568452 0.1833231505 0 0.02038803237 0.1534296593 -0.001864427836 0 -0.2210683106 0.02948499972 0.008970896019 0 0.8192082483 1.610191084 -0.007466173909 1


mesh: pSphereShape11 tranform: pSphere11 0.004261317355 0.0001670430773 0.04383365465 0 -0.09425049946 0.1428436862 0.008618269298 0 -0.095099857 -0.06332072822 0.009486499898 0 0.7353206784 1.425689765 -0.0231583883 1


mesh: pSphereShape12 tranform: pSphere12 0.05965883194 0.02183355815 0.3099931129 0 -0.01763165903 0.1646370198 -0.00820252985 0 -0.2547099623 -0.02474885372 0.05076259347 0 0.822069051 0.9880356233 -0.02214297033 1


mesh: pSphereShape13 tranform: pSphere13 0.04101780718 0.01802289713 0.214456024 0 -0.03288256329 0.2039539627 -0.01085103885 0 -0.1897086699 -0.02852784704 0.03868200082 0 0.8083988078 0.7604842298 0.0063939815 1


mesh: pSphereShape14 tranform: pSphere14 0.03938121778 0.01709780525 0.2173610615 0 -0.03644088164 0.2385709936 -0.01216388102 0 -0.1857909433 -0.02655613396 0.03575030942 0 0.8273232915 0.567029522 0.0180776067 1


mesh: pSphereShape15 tranform: pSphere15 0.03391362037 0.01350949915 0.1473044861 0 -0.004323015196 0.3785074436 -0.03371816447 0 -0.18330972 0.001652406967 0.04205148958 0 0.8108117394 -0.03215517368 -0.1238840437 1


mesh: pSphereShape16 tranform: pSphere16 0.02042667735 0.01335404028 0.0971991781 0 -0.1574640824 0.3265667899 -0.01177497673 0 -0.07303168109 -0.03449018865 0.02008636279 0 0.9155186431 -0.7163572097 -0.1081781612 1


mesh: pSphereShape17 tranform: pSphere17 0.006678640674 0.009159415123 0.1117982286 0 -0.05482170755 0.08833101807 -0.003961833584 0 -0.2360632375 -0.1453435472 0.02600974505 0 0.9499825603 -1.241696888 -0.08705820896 1


mesh: pSphereShape18 tranform: pSphere18 0.0104853677 0.0001021068273 0.1274122413 0 0.1407745366 0.3292147658 -0.01184884466 0 -0.1338049396 0.05761058221 0.01096528516 0 0.7268609095 -0.01104066674 0.2036185102 1


mesh: pSphereShape19 tranform: pSphere19 0.009228094457 -0.003081001072 0.08590243045 0 -0.1937787599 0.3825825569 0.03453855674 0 -0.08928876277 -0.04594209317 0.007944100009 0 0.7115111 -0.6676006097 0.209878531 1


mesh: pSphereShape20 tranform: pSphere20 0.03800429567 0.01637029969 0.1077459376 0 -0.03286260577 0.07507301939 0.0001851796957 0 -0.2238876272 -0.09823660245 0.09389545841 0 0.6999901764 -1.131821226 0.2258612151 1


mesh: pSphereShape21 tranform: pSphere21 0.04693349572 0.02037671293 0.259045175 0 0.07402485125 0.123268361 -0.02310812793 0 -0.2230917599 0.1394907832 0.02944703569 0 0.9030932283 0.4029271395 0.02148123237 1


