mesh: pSphereShape1 tranform: pSphere1 0.05693961549 0.1313348679 0.03266752952 0 -0.07658575764 0.03541098414 -0.008875275778 0 -0.02830490361 -0.02433282435 0.1471619884 0 1.072725787 0.01222464066 -0.1149237469 1


mesh: pSphereShape2 tranform: pSphere2 0.07144722115 0.2423049147 0.06062309892 0 -0.1329421368 0.04300306721 -0.01520061326 0 -0.02277867816 -0.02525261858 0.1277781404 0 1.216920933 0.3242688871 -0.0350731818 1


mesh: pSphereShape3 tranform: pSphere3 0.0555887675 0.2631905396 0.1178092819 0 -0.1267980592 0.0367426912 -0.02225445101 0 -0.03454615419 -0.04646797528 0.1201120098 0 1.33833926 0.758784572 0.1001484604 1


mesh: pSphereShape4 tranform: pSphere4 0.1136639871 -0.01436785918 0.1397943047 0 -0.007195101692 0.1470359676 0.02096234198 0 -0.1337641601 -0.02173283867 0.1065273255 0 1.460308921 1.012119452 0.3141190198 1


mesh: pSphereShape5 tranform: pSphere5 0.1118848943 -0.01484147776 0.1488344392 0 -0.003422126991 0.1375369948 0.01628747069 0 -0.1413990631 -0.01591801375 0.104708107 0 1.636075734 1.0083641 0.552747199 1


mesh: pSphereShape6 tranform: pSphere6 0.09353755789 -0.2473221182 0.03303719873 0 0.02568340075 0.02321688831 0.1010886982 0 -0.09495583772 -0.03171674605 0.03140957438 0 1.764770684 0.7087268438 0.6404658812 1


mesh: pSphereShape7 tranform: pSphere7 0.0491936034 -0.2325320931 0.08193187382 0 0.0155405104 0.0358867921 0.09252000258 0 -0.1231316177 -0.01650605238 0.02708471017 0 1.840917766 0.2546776945 0.7442618343 1


mesh: pSphereShape8 tranform: pSphere8 0.07318315884 -0.1650450967 -0.05696840457 0 0.0123247923 -0.008808827084 0.04135311439 0 -0.1011073159 -0.05145059601 0.01917406406 0 1.918251761 -0.08345660378 0.7922177254 1


mesh: pSphereShape10 tranform: pSphere10 0.1635641266 -0.01203132777 0.08227191471 0 0.01062077823 0.1544177969 0.001466755862 0 -0.09998080095 0.004981659006 0.1994995305 0 1.560776336 1.441793959 0.4587542789 1


mesh: pSphereShape11 tranform: pSphere11 0.0350313486 -0.0006255160297 0.02668312865 0 -0.06481065799 0.1318554248 0.08817865648 0 -0.05428769892 -0.07319998608 0.06955644391 0 1.479862333 1.251556337 0.4838645462 1


mesh: pSphereShape12 tranform: pSphere12 0.1739897719 -0.02451643873 0.2631693638 0 0.002787442553 0.1652035348 0.01354722978 0 -0.2178737189 -0.008074209928 0.1432911766 0 1.523555891 0.8238723198 0.3877912144 1


mesh: pSphereShape13 tranform: pSphere13 0.1123338259 -0.01497398177 0.1874981679 0 -0.004733879549 0.2059175913 0.01928115405 0 -0.1679597786 -0.01318499562 0.09957501374 0 1.488867704 0.597312863 0.3985946945 1


mesh: pSphereShape14 tranform: pSphere14 0.1075889664 -0.002259519571 0.1936712555 0 -0.01147538299 0.2411968029 0.009188836444 0 -0.1667694677 -0.01145873068 0.09251070005 0 1.485687144 0.4029043092 0.3913186723 1


mesh: pSphereShape15 tranform: pSphere15 0.06546634768 -0.01211428129 0.1363768799 0 0.1079201993 0.3638641038 -0.01948416173 0 -0.1610536817 0.05215567551 0.08194515713 0 1.290295481 -0.1766298937 0.2540014824 1


mesh: pSphereShape16 tranform: pSphere16 0.03691110684 0.005661457628 0.09299880565 0 -0.2566153299 0.2410993601 0.08717296947 0 -0.05020397 -0.06200410838 0.02370049505 0 1.355838507 -0.7575920514 0.1785184636 1


mesh: pSphereShape17 tranform: pSphere17 0.01229532186 -0.03079927686 0.1073665342 0 -0.07407571784 0.06753058714 0.02785484384 0 -0.19311866 -0.1975796628 -0.03456248897 0 1.542983789 -1.211228443 0.02782151074 1


mesh: pSphereShape18 tranform: pSphere18 0.05370392366 -0.0118973798 0.1154043912 0 0.09303484502 0.345870519 -0.007637346204 0 -0.1270326222 0.03555648226 0.06278079317 0 1.48324136 -0.1926705214 0.550969201 1


mesh: pSphereShape19 tranform: pSphere19 0.03750661917 -0.008631255569 0.07741209723 0 -0.07274182076 0.4161202188 0.08164020806 0 -0.08914309902 -0.02354177365 0.04056550996 0 1.436066888 -0.8965584249 0.5174342763 1


mesh: pSphereShape20 tranform: pSphere20 0.07286046429 0.006084868449 0.08930748788 0 -0.004219924836 0.0818143758 -0.002131557338 0 -0.202672973 -0.006134914669 0.1657663585 0 1.31230116 -1.317096839 0.5578156189 1


mesh: pSphereShape21 tranform: pSphere21 0.1282216899 -0.002692835776 0.2308122896 0 0.07626185721 0.1170980578 -0.04099910963 0 -0.1853233108 0.157383481 0.1047876436 0 1.539794177 0.2325836791 0.3640135101 1


