mesh: pSphereShape1 tranform: pSphere1 0.02889916336 0.1423604617 -0.02136520865 0 0.02139415245 0.007920903433 0.0817168044 0 0.1438445743 -0.03435260815 -0.0343298919 0 -7.998617783 -0.04091832539 0.2529979735 1


mesh: pSphereShape2 tranform: pSphere2 0.06725238861 0.2508630577 -0.006031561138 0 0.03105444933 -0.005031696881 0.1369826171 0 0.1243326245 -0.03403935639 -0.02943699716 0 -7.927720883 0.3001611891 0.1964339714 1


mesh: pSphereShape3 tranform: pSphere3 0.1135169301 0.2701533112 -0.01922220392 0 0.02441669989 -0.0008940077216 0.1316284896 0 0.1205466674 -0.05226935898 -0.02271606259 0 -7.793155386 0.7529037126 0.1696651683 1


mesh: pSphereShape4 tranform: pSphere4 0.09826873825 0.003264469847 -0.1516607507 0 0.02663978506 0.1448646419 0.02037946077 0 0.1413376838 -0.03875723531 0.09074565412 0 -7.609791302 1.02284798 0.05208200788 1


mesh: pSphereShape5 tranform: pSphere5 0.11800818 0.002016964031 -0.144776347 0 0.02339106771 0.1349353077 0.02094608031 0 0.1336553975 -0.03999404899 0.1083862383 0 -7.424516422 1.045053512 -0.176451279 1


mesh: pSphereShape6 tranform: pSphere6 0.06914266556 -0.2500806499 -0.06072826143 0 0.08627051774 0.03635982889 -0.05150676159 0 0.05560202889 -0.006182417084 0.08876551449 0 -7.315807905 0.7534930367 -0.2945417709 1


mesh: pSphereShape7 tranform: pSphere7 0.1456585335 -0.2048489057 -0.004953213391 0 0.07356561945 0.05334398864 -0.0427999848 0 0.04547673386 0.02955563017 0.1150032954 0 -7.10686319 0.3354705324 -0.2988914189 1


mesh: pSphereShape8 tranform: pSphere8 -0.003867706844 -0.1892677464 -0.00195417728 0 0.04004353728 -0.0006291206386 -0.01832199057 0 0.04783595082 -0.002057709868 0.1046182848 0 -6.958908584 0.01867282127 -0.2883510176 1


mesh: pSphereShape10 tranform: pSphere10 0.09128522844 -0.008319453696 -0.1589479099 0 -0.0009550896051 0.154545427 -0.008637541047 0 0.1936174018 0.007389692254 0.1108094505 0 -7.500791608 1.465339053 -0.06144865216 1


mesh: pSphereShape11 tranform: pSphere11 0.02306062636 0.0001028913438 -0.0375203003 0 0.09161176386 0.1332567591 0.05667160463 0 0.07604536493 -0.07207298103 0.04654115365 0 -7.466118818 1.27520662 0.005735613823 1


mesh: pSphereShape12 tranform: pSphere12 0.1797926853 0.003799989489 -0.2603685098 0 0.01850635175 0.1640450791 0.01517340271 0 0.2127074129 -0.03753123465 0.1463334359 0 -7.565455838 0.846166181 -0.05582042668 1


mesh: pSphereShape13 tranform: pSphere13 0.1200060138 -0.003700519324 -0.1832581086 0 0.03188061549 0.2037126476 0.01676336733 0 0.1609304509 -0.03391368238 0.106069632 0 -7.55249452 0.617244187 -0.05733893781 1


mesh: pSphereShape14 tranform: pSphere14 0.1167654371 -0.009051595042 -0.1880769727 0 0.03654221791 0.238602521 0.01120357598 0 0.1597772576 -0.0291937616 0.1006008932 0 -7.572263215 0.4241939002 -0.06383277676 1


mesh: pSphereShape15 tranform: pSphere15 0.05589488092 -0.000271342361 -0.1410919576 0 -0.0565625383 0.3750856049 -0.02312912097 0 0.172601894 0.0302410306 0.06831967461 0 -7.625926229 -0.146448401 0.1177875793 1


mesh: pSphereShape16 tranform: pSphere16 0.03753156311 0.003136561734 -0.09286982026 0 0.05791526199 0.3563275098 0.03543986123 0 0.07601703757 -0.01535919783 0.0302020954 0 -7.604445021 -0.8451476768 0.1564592027 1


mesh: pSphereShape17 tranform: pSphere17 0.04281194611 0.01404956885 -0.1029421679 0 -0.007068434125 0.1031955509 0.01114450569 0 0.2567413994 0.005966684019 0.1075888386 0 -7.48444745 -1.303092046 0.2016189107 1


mesh: pSphereShape18 tranform: pSphere18 0.05521688414 0.01290850093 -0.114578789 0 -0.06648268775 0.3519408358 0.007611022479 0 0.1289436226 0.02295808616 0.06472593757 0 -7.453853539 -0.19175252 -0.2268765244 1


mesh: pSphereShape19 tranform: pSphere19 0.03511185361 0.006513020512 -0.07873129081 0 0.2271793239 0.3416313392 0.1295766776 0 0.0751250112 -0.06075804445 0.02847736882 0 -7.537683722 -0.8425047003 -0.3475533852 1


mesh: pSphereShape20 tranform: pSphere20 -0.009390346085 0.03993980982 -0.1078801801 0 0.0198426426 0.07511305323 0.02608145237 0 0.2532135609 -0.05249052454 -0.04147401805 0 -7.540038101 -1.245508722 -0.4729177968 1


mesh: pSphereShape21 tranform: pSphere21 0.1391579655 -0.01078745202 -0.224145171 0 -0.06125480429 0.1245729892 -0.04402467848 0 0.1955135552 0.1367094636 0.1148029274 0 -7.638346041 0.2602734277 -0.1018511776 1


