mesh: pSphereShape1 tranform: pSphere1 0.03080990379 0.1336415735 -0.05242913771 0 -0.06489137779 0.03226664138 0.04411416478 0 0.09247022048 0.02489995411 0.117809827 0 4.266882752 -0.07844149985 -0.04213143972 1


mesh: pSphereShape2 tranform: pSphere2 0.03927062923 0.2483171776 -0.06548231955 0 -0.09634972281 0.04006672908 0.09415584059 0 0.09416938473 0.009457594055 0.09233903284 0 4.347722424 0.2407134889 -0.1693155609 1


mesh: pSphereShape3 tranform: pSphere3 0.07075835138 0.2842768009 -0.02045371101 0 -0.09749913163 0.0304938515 0.0865279037 0 0.08554160081 -0.01400173146 0.101322211 0 4.434735998 0.693489348 -0.2630780884 1


mesh: pSphereShape4 tranform: pSphere4 0.1801973815 0.01376841387 0.002778390462 0 -0.01149960708 0.1475046934 0.01486235183 0 -0.001316058659 -0.01738184031 0.1714916252 0 4.623795117 0.9842468084 -0.263192353 1


mesh: pSphereShape5 tranform: pSphere5 0.1824720677 0.01534265951 0.03686104499 0 -0.01361905957 0.1374922162 0.010189665 0 -0.03353228357 -0.01612070323 0.1727037196 0 4.910612481 1.02746153 -0.2177948385 1


mesh: pSphereShape6 tranform: pSphere6 0.1833036444 -0.1828264316 0.06311284527 0 0.05627509918 0.07440691037 0.05209904777 0 -0.05240422587 -0.02210335616 0.08817234951 0 5.15991774 0.8043538904 -0.1398133033 1


mesh: pSphereShape7 tranform: pSphere7 0.1424259202 -0.141181723 0.1516133083 0 0.03723587576 0.083096704 0.04239985293 0 -0.09357752486 -0.001980767863 0.08606247706 0 5.416438201 0.4898106505 0.09152944812 1


mesh: pSphereShape8 tranform: pSphere8 0.07492520293 -0.1730449933 0.01681374594 0 0.0329965183 0.0166161869 0.02397307078 0 -0.06110083677 -0.01713042445 0.09597256997 0 5.598069447 0.2439264255 0.2619278757 1


mesh: pSphereShape10 tranform: pSphere10 0.17253313 0.02178762607 0.05851720019 0 -0.01277078052 0.1530459871 -0.01932980386 0 -0.07369321183 0.02033678517 0.2097063801 0 4.72211532 1.435143069 -0.2641201674 1


mesh: pSphereShape11 tranform: pSphere11 0.04243496182 0.002630228814 0.01148616216 0 -0.03336877233 0.1413650271 0.09090766766 0 -0.02103516305 -0.06442781253 0.09246658852 0 4.704926593 1.24942364 -0.1920521053 1


mesh: pSphereShape12 tranform: pSphere12 0.3123256267 0.02509154572 0.04421230379 0 -0.01390752255 0.1651350524 0.004527743704 0 -0.0357450969 -0.01009090528 0.2582382102 0 4.7488678 0.8132131934 -0.2613795106 1


mesh: pSphereShape13 tranform: pSphere13 0.2162534043 0.009649851545 0.03376413851 0 -0.01114656755 0.2061958107 0.01246068271 0 -0.02954257875 -0.01326055901 0.1930049437 0 4.76583691 0.587623879 -0.2244617206 1


mesh: pSphereShape14 tranform: pSphere14 0.2185173196 0.01149759628 0.0347423752 0 -0.01394221163 0.2411125275 0.007898142058 0 -0.02956871231 -0.007887356277 0.1885870312 0 4.774874917 0.3939749778 -0.2218774441 1


mesh: pSphereShape15 tranform: pSphere15 0.145592102 0.00970451441 0.04171347608 0 -0.002851510735 0.3722115891 -0.07664130608 0 -0.05305778444 0.03600043539 0.1768116281 0 4.603566353 -0.2044265167 -0.1675608898 1


mesh: pSphereShape16 tranform: pSphere16 0.09545162372 0.01111506522 0.02843769712 0 -0.06255221494 0.349711463 0.07327051675 0 -0.02090398371 -0.02008447305 0.07801473536 0 4.61674532 -0.8958922243 -0.1338119158 1


mesh: pSphereShape17 tranform: pSphere17 0.08997521976 -0.01521529795 0.06557665432 0 0.01285751435 0.1030479428 0.006268198296 0 -0.1632158721 0.00664900086 0.2254849785 0 4.549830892 -1.34587542 -0.06062395123 1


mesh: pSphereShape18 tranform: pSphere18 0.1190853806 0.02947737136 -0.0359665023 0 -0.1186476606 0.3071757201 -0.1410887555 0 0.0219751737 0.06720661802 0.1278410762 0 5.090902282 -0.1503670358 -0.06767290607 1


mesh: pSphereShape19 tranform: pSphere19 0.08062230254 0.01718466994 -0.0260501306 0 -0.03967045713 0.4036624337 0.1435110691 0 0.03515540696 -0.02853447222 0.08997860337 0 5.272476082 -0.7935673327 -0.01780925454 1


mesh: pSphereShape20 tranform: pSphere20 0.03790779979 0.01701024616 -0.1076807806 0 0.01318300745 0.07904918871 0.01712826518 0 0.2437587571 -0.05728453475 0.07676331911 0 5.487084364 -1.242662002 -0.04628747105 1


mesh: pSphereShape21 tranform: pSphere21 0.2604231729 0.01370253172 0.0414050456 0 0.008017144369 0.1153123545 -0.08858633812 0 -0.0412294692 0.1611201799 0.2059979572 0 4.796752878 0.2230330862 -0.2764895715 1


