mesh: pSphereShape1 tranform: pSphere1 -0.03147024608 0.1396709168 0.03255446895 0 -0.07173405238 -0.005687362304 -0.04494403444 0 -0.07424999136 -0.04569963933 0.1242915383 0 2.816978089 -0.07452930184 -0.4258674338 1


mesh: pSphereShape2 tranform: pSphere2 -0.07908692763 0.2439872579 0.04131601487 0 -0.106061747 -0.01910137244 -0.09022182422 0 -0.07685806535 -0.0417082235 0.09918204462 0 2.751420521 0.2621802262 -0.3432073112 1


mesh: pSphereShape3 tranform: pSphere3 -0.09896176326 0.2643964676 0.08086702324 0 -0.09938694727 -0.009934838885 -0.08914352168 0 -0.07721265034 -0.05717877756 0.0924575493 0 2.617345868 0.7063703496 -0.2467783178 1


mesh: pSphereShape4 tranform: pSphere4 0.01742087322 0.01501340775 0.1792749167 0 -0.02474475829 0.1462925276 -0.009846743217 0 -0.1691578239 -0.02735174835 0.01872833086 0 2.531602115 0.9827668901 -0.04831181612 1


mesh: pSphereShape5 tranform: pSphere5 -0.00295305182 0.01515926429 0.1861495783 0 -0.02415488306 0.1359366789 -0.01145331987 0 -0.1739376027 -0.0309276299 -0.0002407023379 0 2.528776085 1.025566327 0.2435860507 1


mesh: pSphereShape6 tranform: pSphere6 -0.05395687357 -0.2396460652 0.1032830123 0 -0.03260154097 0.0463766911 0.09057553713 0 -0.0976366584 0.005601091519 -0.03801098751 0 2.478215219 0.7499831483 0.4190477515 1


mesh: pSphereShape7 tranform: pSphere7 -0.1441230137 -0.179716565 0.1006704032 0 -0.0249054366 0.06198983075 0.07500866816 0 -0.09929847919 0.04180849013 -0.06752250545 0 2.25380366 0.3688120616 0.5682439781 1


mesh: pSphereShape8 tranform: pSphere8 -0.02021090749 -0.1873074334 0.01866821944 0 -0.02496322892 0.006255567546 0.03573906946 0 -0.09398712015 0.003536777441 -0.06626771713 0 2.081926796 0.0793307987 0.663242874 1


mesh: pSphereShape10 tranform: pSphere10 0.07252035495 0.008788191424 0.1683158047 0 0.0003154300417 0.1545715452 -0.008206474897 0 -0.2050319201 0.005094397401 0.08807382707 0 2.507169353 1.433418691 0.0756968375 1


mesh: pSphereShape11 tranform: pSphere11 0.01222080974 0.00508716787 0.0420041491 0 -0.1112147154 0.1292832695 0.01669949748 0 -0.08120780175 -0.07406884647 0.03259739287 0 2.43834841 1.237758675 0.06838119742 1


mesh: pSphereShape12 tranform: pSphere12 0.02193716321 0.02499337765 0.3146834957 0 -0.01610712709 0.1645640422 -0.01194745396 0 -0.2590305837 -0.02390445763 0.01995608099 0 2.554996411 0.8129033513 0.07605625791 1


mesh: pSphereShape13 tranform: pSphere13 0.02132939528 0.01647480455 0.2174219613 0 -0.03119011535 0.2041309567 -0.01240790626 0 -0.1925250539 -0.02813916507 0.02101917485 0 2.537884129 0.58540022 0.1041410209 1


mesh: pSphereShape14 tranform: pSphere14 0.02616435405 0.01167932387 0.2196999461 0 -0.03336967706 0.2391695815 -0.008740297806 0 -0.1878735426 -0.02534580883 0.02372149783 0 2.55477324 0.3917924983 0.1151312119 1


mesh: pSphereShape15 tranform: pSphere15 0.03861560997 0.008446703398 0.1465221475 0 0.07893226122 0.3693524195 -0.04209484951 0 -0.1776436346 0.04301638822 0.04433780657 0 2.461425184 -0.1832975297 -0.02259889403 1


mesh: pSphereShape16 tranform: pSphere16 0.02480854722 0.009591233765 0.09662196429 0 -0.0641814595 0.3565145027 -0.01891045355 0 -0.07928012919 -0.01312356303 0.02165859496 0 2.39762025 -0.8763126704 0.008625938747 1


mesh: pSphereShape17 tranform: pSphere17 0.009730346711 0.0031351474 0.1119054702 0 -0.004218793471 0.1039192543 -0.002544574955 0 -0.2771611847 -0.01065445553 0.02439807193 0 2.268068843 -1.346818606 0.03599657831 1


mesh: pSphereShape18 tranform: pSphere18 0.02216266191 0.01118693827 0.1254093354 0 0.131253582 0.3291661572 -0.05255821046 0 -0.1335538144 0.05622177486 0.01858680219 0 2.462001561 -0.1905220964 0.3396054771 1


mesh: pSphereShape19 tranform: pSphere19 0.01919206079 0.002445201745 0.08425890839 0 -0.3373354303 0.2578906127 0.06935251859 0 -0.05838630887 -0.08057779671 0.01563730867 0 2.567979924 -0.750335264 0.3650764474 1


mesh: pSphereShape20 tranform: pSphere20 0.04923062035 0.03556972748 0.09814601764 0 -0.06641007959 0.04489096994 0.01704246274 0 -0.1052093781 -0.2037054765 0.1265998513 0 2.792605552 -1.18263101 0.3721316326 1


mesh: pSphereShape21 tranform: pSphere21 0.03118198644 0.01391910987 0.2618325959 0 0.07646311293 0.1229530934 -0.01564232044 0 -0.22314624 0.1411980251 0.01906864265 0 2.628637078 0.226840485 0.1192817175 1


