mesh: pSphereShape1 tranform: pSphere1 0.07677128548 0.1160032687 -0.04698453151 0 0.06656251671 -0.02538972217 0.04607472158 0 0.05060188678 -0.08122619553 -0.117862882 0 -1.606269467 -0.01643423075 0.5758047338 1


mesh: pSphereShape2 tranform: pSphere2 0.1472741546 0.2039711486 -0.06478912825 0 0.08927865502 -0.03146239359 0.1038911629 0 0.06935685245 -0.0763546533 -0.08272490574 0 -1.439229005 0.2702966238 0.4563698241 1


mesh: pSphereShape3 tranform: pSphere3 0.1650047433 0.2179277173 -0.1073282016 0 0.08792276013 -0.01761191785 0.09941047414 0 0.0670656908 -0.087638301 -0.07484200501 0 -1.187561506 0.6464118633 0.313573526 1


mesh: pSphereShape4 tranform: pSphere4 0.01241977171 0.002787564716 -0.1802952128 0 0.03982772354 0.143178012 0.004957254242 0 0.1656541102 -0.04645010865 0.01069303792 0 -1.01876623 0.874995974 0.09259986437 1


mesh: pSphereShape5 tranform: pSphere5 0.03437749777 0.0003389998624 -0.1835980993 0 0.0389172366 0.1327483852 0.007532098122 0 0.1664056293 -0.05054699396 0.03106499331 0 -0.964437526 0.8942905202 -0.1965761562 1


mesh: pSphereShape6 tranform: pSphere6 0.09337543704 -0.2284667552 -0.10046358 0 0.02841717132 0.05097367265 -0.08950829541 0 0.0942268627 0.02027827604 0.04146340949 0 -0.8704129234 0.6268528868 -0.366900574 1


mesh: pSphereShape7 tranform: pSphere7 0.2486649628 -0.007361737086 -0.03627062139 0 -0.008502901457 0.06917226965 -0.07233407195 0 0.01531420147 0.09212086192 0.08629396613 0 -0.523093397 0.4287256172 -0.4495083997 1


mesh: pSphereShape8 tranform: pSphere8 0.1727564339 -0.07112113536 0.03062770737 0 0.01505765738 0.02129273304 -0.03548890648 0 0.02583053306 0.09096705668 0.06553835551 0 -0.1779968696 0.3947798804 -0.4624746184 1


mesh: pSphereShape10 tranform: pSphere10 0.01532357396 0.00429070248 -0.1827933868 0 -0.007251240632 0.1545901112 0.003020816349 0 0.2221806108 0.01005309001 0.01886138169 0 -0.979251247 1.319545509 -0.03627171429 1


mesh: pSphereShape11 tranform: pSphere11 0.002959676517 0.001198044855 -0.04392471984 0 0.107103642 0.1333145721 0.01085286311 0 0.08915811113 -0.07195805219 0.004044879381 0 -0.9141370925 1.12742245 -0.01071148316 1


mesh: pSphereShape12 tranform: pSphere12 0.01155371383 0.005007563541 -0.316185146 0 0.03404534978 0.1622032085 0.003812934027 0 0.2551570923 -0.05375489821 0.008472349169 0 -1.043181016 0.6995201151 -0.02355502716 1


mesh: pSphereShape13 tranform: pSphere13 -0.000208056923 -0.01451370122 -0.218604622 0 0.05100184017 0.2000433768 -0.01332991526 0 0.1896618203 -0.0481540134 0.003016553366 0 -1.048855834 0.4701606184 -0.0274095063 1


mesh: pSphereShape14 tranform: pSphere14 -0.01145268885 -0.01126197499 -0.2209774879 0 0.05029868527 0.2358983762 -0.01462925855 0 0.1866080065 -0.04026142666 -0.007619510346 0 -1.08128616 0.2798130463 -0.01786240111 1


mesh: pSphereShape15 tranform: pSphere15 -0.04228544652 -0.006596732593 -0.1456010851 0 -0.2102157355 0.3131078335 0.04686488142 0 0.1476606583 0.1062764375 -0.04769864251 0 -0.8753569815 -0.2345359851 0.103977791 1


mesh: pSphereShape16 tranform: pSphere16 -0.0286825772 -0.001229027467 -0.09601593107 0 -0.09197416023 0.3501307064 0.0229934311 0 0.07690221817 0.02172798636 -0.02325091343 0 -0.5419471544 -0.8497080937 0.06348319189 1


mesh: pSphereShape17 tranform: pSphere17 -0.01666145671 0.008822457815 -0.1107786223 0 -0.03160963524 0.09831559503 0.01258408645 0 0.262041625 0.08839304839 -0.03237223192 0 -0.2261700224 -1.236546511 0.01995569712 1


mesh: pSphereShape18 tranform: pSphere18 -0.02272656508 -0.009582646392 -0.125441256 0 0.0706970812 0.3489763429 -0.03946722846 0 0.1408450172 -0.03114971594 -0.02313773656 0 -1.230393545 -0.3110472272 -0.1537954976 1


mesh: pSphereShape19 tranform: pSphere19 -0.01800951976 -0.007353388785 -0.08423456965 0 0.3363247491 0.2513765023 -0.09385121097 0 0.05921150376 -0.0812977488 -0.005562523732 0 -1.561707932 -0.8958769745 -0.05779906842 1


mesh: pSphereShape20 tranform: pSphere20 -0.03233309132 -0.00189763323 -0.1107811828 0 0.04431543283 0.06748005324 -0.01409000417 0 0.2077304103 -0.1485487065 -0.05808455194 0 -1.706233878 -1.28056047 0.01295643378 1


mesh: pSphereShape21 tranform: pSphere21 -0.01364901224 -0.01342172449 -0.2633551365 0 -0.06801868075 0.1287361505 -0.003035723352 0 0.2337023165 0.1230448265 -0.01838308378 0 -1.166705029 0.1207042156 -0.009480470785 1


