mesh: pSphereShape1 tranform: pSphere1 0.0205742484 0.1371046272 -0.04834414488 0 0.07954930493 -0.001551353895 0.02945484641 0 0.0483045458 -0.05425648361 -0.1333147013 0 2.468107251 -0.03697584593 1.637967548 1


mesh: pSphereShape2 tranform: pSphere2 0.06067672434 0.2421803543 -0.07182303476 0 0.1186967916 -0.007529092199 0.07488870816 0 0.06372002794 -0.04732760247 -0.1057528826 0 2.505320193 0.293328528 1.519634327 1


mesh: pSphereShape3 tranform: pSphere3 0.0703477224 0.2607477437 -0.1153265374 0 0.1117550301 0.002434929365 0.07367440629 0 0.06610656239 -0.0612901482 -0.09824990861 0 2.600071299 0.7329138144 1.369440519 1


mesh: pSphereShape4 tranform: pSphere4 -0.0519063583 -0.006156859525 -0.1730208312 0 0.01645377561 0.1474325469 -0.0101824563 0 0.1640087692 -0.02164870715 -0.04843237561 0 2.632745324 0.9907476296 1.139020743 1


mesh: pSphereShape5 tranform: pSphere5 -0.02768654288 -0.006435126655 -0.1846137422 0 0.01443460335 0.1376103109 -0.006961475505 0 0.1737421689 -0.0195083823 -0.02537612337 0 2.582135391 1.000093371 0.8489336572 1


mesh: pSphereShape6 tranform: pSphere6 0.07997877125 -0.2264940009 -0.1153812164 0 0.01274440026 0.05169492526 -0.09264340689 0 0.09930153695 0.02188512457 0.02587219633 0 2.649095654 0.7296955059 0.6691089074 1


mesh: pSphereShape7 tranform: pSphere7 0.1882972675 -0.1206885666 -0.1148147457 0 -0.001262715908 0.06818613861 -0.07374534723 0 0.08423391612 0.070649091 0.0638809821 0 2.940228208 0.4241362377 0.4915437676 1


mesh: pSphereShape8 tranform: pSphere8 0.09642288504 -0.1621360472 -0.01598709646 0 0.01017922875 0.01015812772 -0.04162657508 0 0.09537524846 0.05314160979 0.03629089656 0 3.192637153 0.2150848493 0.3697243127 1


mesh: pSphereShape10 tranform: pSphere10 -0.08199127772 0.002940226722 -0.1641201687 0 0.00973205315 0.1544691167 -0.002094619148 0 0.1991878811 -0.01390222999 -0.0997594916 0 2.654046426 1.423453242 0.9868223836 1


mesh: pSphereShape11 tranform: pSphere11 -0.01639469561 0.002616886188 -0.04079144361 0 0.111787659 0.1245012246 -0.03694203917 0 0.07568451164 -0.07847558943 -0.03545317568 0 2.707608958 1.22834754 0.9983146597 1


mesh: pSphereShape12 tranform: pSphere12 -0.07981896509 -0.01170683189 -0.3059795638 0 0.008549538464 0.1653396571 -0.00855618869 0 0.2521004162 -0.01640658561 -0.06513613175 0 2.596453191 0.807009429 1.039923976 1


mesh: pSphereShape13 tranform: pSphere13 -0.05022732548 -0.0226019903 -0.2120496106 0 0.005330698899 0.2055020965 -0.02316676331 0 0.1904234291 -0.009905317035 -0.04404903005 0 2.630117525 0.5813257929 1.039318371 1


mesh: pSphereShape14 tranform: pSphere14 -0.0544642929 -0.01374339591 -0.2143217352 0 0.006109739968 0.2409678975 -0.01700471434 0 0.1851284151 -0.007977758874 -0.0465339958 0 2.635883065 0.3874108023 1.052915583 1


mesh: pSphereShape15 tranform: pSphere15 -0.06831903669 0.002370781191 -0.1354922155 0 -0.1086924004 0.3589955239 0.06108734655 0 0.1590947808 0.06163571824 -0.07914164902 0 2.786319541 -0.1926940846 1.15363968 1


mesh: pSphereShape16 tranform: pSphere16 -0.0449836475 0.0002233616008 -0.0895526735 0 -0.08890947605 0.3487141388 0.04553031996 0 0.07151878259 0.0229178249 -0.03586779286 0 3.017476536 -0.8644064801 1.071724978 1


mesh: pSphereShape17 tranform: pSphere17 -0.05527337705 0.02071063714 -0.09562042853 0 -0.01600259124 0.09816522951 0.03051211704 0 0.2386113543 0.07661175768 -0.1213357566 0 3.30706273 -1.258424018 0.9275181234 1


mesh: pSphereShape18 tranform: pSphere18 -0.04242376239 -0.01743766581 -0.1193314073 0 0.03010355795 0.3515409623 -0.06207217507 0 0.1372661433 -0.01985879186 -0.04589785198 0 2.520824532 -0.2115007546 0.950703207 1


mesh: pSphereShape19 tranform: pSphere19 -0.02980880113 -0.0114825317 -0.08033345936 0 0.194708791 0.3630295712 -0.124139235 0 0.08283720904 -0.05237997162 -0.0232508748 0 2.339443347 -0.8849223859 1.094900422 1


mesh: pSphereShape20 tranform: pSphere20 -0.03468821009 -0.0108955692 -0.1095422974 0 0.01535570081 0.07948032397 -0.012768083 0 0.2449255313 -0.05883925598 -0.07170692314 0 2.368223357 -1.299106044 1.177581364 1


mesh: pSphereShape21 tranform: pSphere21 -0.06490910648 -0.01637901643 -0.2554229862 0 -0.08772143279 0.1152897146 0.01489915903 0 0.2010646038 0.1609224169 -0.06141449884 0 2.581797139 0.2161246005 1.073360865 1


