mesh: pSphereShape1 tranform: pSphere1 0.07258005192 0.1265330555 0.01672294104 0 -0.05974254126 0.0401983323 -0.0448665737 0 -0.07738360491 0.02751178792 0.1276901874 0 3.604504827 -0.1155240178 -0.4739599367 1


mesh: pSphereShape2 tranform: pSphere2 0.09829889887 0.2387638127 0.02864795679 0 -0.1203853889 0.05520749866 -0.04704704479 0 -0.04640615282 0.004258225466 0.1237422829 0 3.781852518 0.1860415633 -0.4272025696 1


mesh: pSphereShape3 tranform: pSphere3 0.04371379018 0.2777794498 0.08465270194 0 -0.117403208 0.0349396999 -0.05402534481 0 -0.06092969962 -0.02569765037 0.1157877665 0 3.918378911 0.6244322819 -0.3451284451 1


mesh: pSphereShape4 tranform: pSphere4 0.07200752733 0.01706650533 0.164900077 0 -0.03821920802 0.1436897772 0.001817999869 0 -0.1517703512 -0.04126105971 0.07054447772 0 3.987716685 0.9107980335 -0.147716241 1


mesh: pSphereShape5 tranform: pSphere5 0.04255918006 0.01334453127 0.1813858567 0 -0.03383400842 0.1343312985 -0.001944145831 0 -0.1665205728 -0.04133203876 0.04211208009 0 4.062957912 0.9527015467 0.1331354379 1


mesh: pSphereShape6 tranform: pSphere6 0.05553742092 -0.2233158802 0.1343673097 0 -0.039065553 0.04396264341 0.0892118514 0 -0.09518089044 -0.0376003251 -0.02315033713 0 4.138438877 0.6889404111 0.3333395366 1


mesh: pSphereShape7 tranform: pSphere7 -0.02129450062 -0.2057120043 0.1429445081 0 -0.04155905653 0.05504390398 0.0730228296 0 -0.1152553206 -0.02208266792 -0.04894888561 0 4.126325062 0.2750986867 0.5574737403 1


mesh: pSphereShape8 tranform: pSphere8 0.0782214124 -0.1679671972 0.03885214425 0 -0.02308797093 -0.002090545794 0.0374453098 0 -0.08567145465 -0.05279695746 -0.05577079006 0 4.132845783 -0.04179063594 0.704624092 1


mesh: pSphereShape10 tranform: pSphere10 0.06395222235 0.005903622385 0.1718775867 0 -0.0007593005478 0.1547059077 -0.005031291856 0 -0.2092068078 0.001503068787 0.07779005393 0 3.995119107 1.362346657 -0.0180700356 1


mesh: pSphereShape11 tranform: pSphere11 0.0137244684 0.001909958265 0.04180391173 0 -0.1070330884 0.1305932822 0.02917297616 0 -0.08209060531 -0.07405706517 0.03033438187 0 3.932176115 1.169018401 -0.02084678037 1


mesh: pSphereShape12 tranform: pSphere12 0.0710369798 0.02223313838 0.307556573 0 -0.03463209785 0.1620811569 -0.003717732788 0 -0.2483259763 -0.05165887589 0.06109076492 0 4.063895906 0.7440526091 -0.04141391332 1


mesh: pSphereShape13 tranform: pSphere13 0.04345613424 0.02340702663 0.2134533838 0 -0.05688625461 0.1986356537 -0.01020088452 0 -0.1841104336 -0.05051706886 0.04302195602 0 4.076019289 0.5159736531 -0.01555729432 1


mesh: pSphereShape14 tranform: pSphere14 0.03792878184 0.02294430702 0.2170806592 0 -0.05585999094 0.2346178575 -0.01503792534 0 -0.1829790074 -0.04123681448 0.03632898947 0 4.113054578 0.3269460437 -0.003452870939 1


mesh: pSphereShape15 tranform: pSphere15 0.05916876679 0.02508924808 0.1374803205 0 -0.09331852086 0.3674128164 -0.02688799012 0 -0.1669236793 -0.03664974409 0.07852893227 0 4.211036693 -0.2668376173 -0.1439886661 1


mesh: pSphereShape16 tranform: pSphere16 0.03661450328 0.0200471519 0.09110844974 0 -0.213772859 0.2922565698 0.02160365152 0 -0.05996966305 -0.04640141442 0.03431049081 0 4.454545124 -0.9182964441 -0.156450535 1


mesh: pSphereShape17 tranform: pSphere17 0.07626543611 0.0399007881 0.07224163217 0 -0.04517363408 0.09363028784 -0.00402448509 0 -0.1649229114 -0.07041470409 0.2130007239 0 4.594146087 -1.357284311 -0.03736999054 1


mesh: pSphereShape18 tranform: pSphere18 0.002605920547 -0.003200128073 0.1277763708 0 0.1633970526 0.318778913 0.004651357745 0 -0.1299774372 0.06655975576 0.004317782808 0 4.012467534 -0.2355759296 0.1635209516 1


mesh: pSphereShape19 tranform: pSphere19 0.002903950548 -0.002303567002 0.08637209331 0 0.0453598635 0.427735136 0.009882749297 0 -0.1001101607 0.01053208646 0.003646737166 0 3.789007378 -0.9152665436 0.1697673374 1


mesh: pSphereShape20 tranform: pSphere20 0.03005888279 -0.01233570456 0.1107510462 0 0.01367812636 0.08062938137 0.005268311684 0 -0.2490568448 0.03756040039 0.07177994956 0 3.523632206 -1.299245349 0.1882094123 1


mesh: pSphereShape21 tranform: pSphere21 0.04520252092 0.0273444194 0.258710999 0 0.0636730268 0.1286212874 -0.02471969022 0 -0.2337547534 0.1211078935 0.02804163381 0 4.202009923 0.1696533278 0.001858251582 1


