mesh: pSphereShape1 tranform: pSphere1 -0.04447334345 0.13758038 0.02553224617 0 -0.06206000449 -0.009470072244 -0.0570697833 0 -0.09274677899 -0.05024504758 0.1091942073 0 -2.477000716 -0.03869403895 -0.2319167207 1


mesh: pSphereShape2 tranform: pSphere2 -0.09774505931 0.2386813702 0.03112304813 0 -0.1026367001 -0.03014443526 -0.09116443928 0 -0.07539970147 -0.04383692428 0.09938322384 0 -2.571760882 0.2942620629 -0.1639271485 1


mesh: pSphereShape3 tranform: pSphere3 -0.1219770432 0.2579902749 0.06928937229 0 -0.09637205017 -0.02126914648 -0.09046040637 0 -0.07415460485 -0.06007088211 0.09312458376 0 -2.742087154 0.729442148 -0.0861685177 1


mesh: pSphereShape4 tranform: pSphere4 0.0005648057758 0.02095450205 0.1795243015 0 -0.03048456062 0.1445681191 -0.01677842535 0 -0.168713099 -0.03503965187 0.004620703619 0 -2.862346098 1.004035456 0.09958446172 1


mesh: pSphereShape5 tranform: pSphere5 -0.01678643968 0.02043066703 0.1849080653 0 -0.02906220632 0.1343251774 -0.0174800593 0 -0.172003935 -0.03868998461 -0.01134007586 0 -2.889680355 1.055172798 0.3892770512 1


mesh: pSphereShape6 tranform: pSphere6 -0.1111478549 -0.2121617736 0.1168011026 0 -0.04742527388 0.06403642786 0.07118823765 0 -0.08321723934 0.008744760237 -0.06330517124 0 -2.997779589 0.809788486 0.5767001337 1


mesh: pSphereShape7 tranform: pSphere7 -0.2447059373 -0.0562053129 0.01280562076 0 -0.01560933671 0.08101323069 0.05729332639 0 -0.02143795948 0.06958718696 -0.1042375358 0 -3.35062185 0.5708970682 0.644715512 1


mesh: pSphereShape8 tranform: pSphere8 -0.1491675715 -0.1165765476 4.44350419e-05 0 -0.02493690969 0.03191505399 0.01729612307 0 -0.02784353957 0.03558735945 -0.1058100895 0 -3.679609927 0.4594098371 0.6311781103 1


mesh: pSphereShape10 tranform: pSphere10 -0.003015781244 0.006935437126 0.1833288005 0 0.02087271572 0.1532787595 -0.00545526754 0 -0.2211372116 0.02994354681 -0.004770516356 0 -2.853496229 1.461151849 0.2188481832 1


mesh: pSphereShape11 tranform: pSphere11 -0.0002003811644 0.00269034338 0.04395791066 0 -0.09554407007 0.1419501551 -0.009123270101 0 -0.09516754851 -0.06383234154 0.003472893299 0 -2.937246137 1.274999496 0.1978643435 1


mesh: pSphereShape12 tranform: pSphere12 0.000784650481 0.03545191505 0.3144426125 0 -0.02287002849 0.1631690258 -0.01833946556 0 -0.25840031 -0.03569301856 0.004669022998 0 -2.842032829 0.8391528265 0.2310012647 1


mesh: pSphereShape13 tranform: pSphere13 0.01166839797 0.02292462973 0.2175706354 0 -0.0427130579 0.2015265959 -0.01894340946 0 -0.1912018966 -0.03917288686 0.01438173742 0 -2.848621749 0.6116144055 0.2654885055 1


mesh: pSphereShape14 tranform: pSphere14 0.02063806153 0.0173329596 0.2199151774 0 -0.04791741638 0.2364235101 -0.01413725327 0 -0.1864123582 -0.03656295274 0.02037573739 0 -2.820209531 0.4195590473 0.2819990759 1


mesh: pSphereShape15 tranform: pSphere15 0.03676642563 0.01146001325 0.1467928809 0 0.08210010451 0.3677703915 -0.04927473936 0 -0.1778943857 0.04520954316 0.04102677665 0 -2.895901892 -0.1567391151 0.1574308857 1


mesh: pSphereShape16 tranform: pSphere16 0.02291687122 0.01348054805 0.09662479806 0 -0.1058571254 0.3461733183 -0.02318961579 0 -0.07729524638 -0.02220074441 0.02142973077 0 -2.927005857 -0.8394493056 0.1993840193 1


mesh: pSphereShape17 tranform: pSphere17 0.003793896383 0.00489687605 0.1122005794 0 -0.01838047646 0.1023272336 -0.003844455696 0 -0.2738956365 -0.04877044086 0.01138990971 0 -2.998675158 -1.325444187 0.2230640581 1


mesh: pSphereShape18 tranform: pSphere18 0.0236336887 0.007891753971 0.1253913935 0 0.07008238652 0.3495554459 -0.03520904236 0 -0.1407010733 0.03068579315 0.0245879765 0 -2.831586802 -0.1772142335 0.4958157576 1


mesh: pSphereShape19 tranform: pSphere19 0.02116840585 0.001014109922 0.08381376991 0 -0.3799370562 0.1787813256 0.09379554092 0 -0.04032126392 -0.09161304224 0.01129220861 0 -2.624950741 -0.7014829087 0.4836035801 1


mesh: pSphereShape20 tranform: pSphere20 0.03654635218 0.0545759519 0.09490695385 0 -0.07559656419 0.02912532882 0.01236196154 0 -0.05785711778 -0.2111684618 0.1437111388 0 -2.315053208 -1.069710649 0.4821762667 1


mesh: pSphereShape21 tranform: pSphere21 0.02459589691 0.02065696368 0.2620891029 0 0.06902373546 0.1271699837 -0.01650067236 0 -0.23182032 0.1273450352 0.01171840757 0 -2.736381202 0.2596351553 0.2909108648 1


