mesh: pSphereShape1 tranform: pSphere1 -0.1167987854 0.08897243103 -0.0002916746188 0 0.03466479124 0.04571120183 0.0625053987 0 0.06794122594 0.0888534733 -0.1026594118 0 0.9966226081 0.2369659528 0.3026028947 1


mesh: pSphereShape2 tranform: pSphere2 -0.1780069898 0.1891198461 -0.0062235512 0 0.0963284104 0.09213458962 0.04456443569 0 0.03259701643 0.02655612471 -0.1253635627 0 0.7195625166 0.4554198794 0.2901525588 1


mesh: pSphereShape3 tranform: pSphere3 -0.09129531246 0.2686571738 -0.07567619865 0 0.1108442077 0.05272306337 0.05344973308 0 0.06223432934 -0.01189963471 -0.1173238737 0 0.4784113115 0.8371927777 0.235391869 1


mesh: pSphereShape4 tranform: pSphere4 -0.05544411629 0.006119189616 -0.1719211752 0 0.02111833637 0.1471812141 -0.001571986352 0 0.1622280299 -0.02384518737 -0.05316682468 0 0.3791326002 1.109357098 0.04106416709 1


mesh: pSphereShape5 tranform: pSphere5 -0.04219678338 0.006285162943 -0.181851911 0 0.0201450327 0.1370678346 6.28978462e-05 0 0.1701709402 -0.02499172202 -0.04035010305 0 0.3129337082 1.138419494 -0.2455865163 1


mesh: pSphereShape6 tranform: pSphere6 -0.04903360581 -0.2230706713 -0.1372739687 0 0.04801531896 0.04215130004 -0.08564685007 0 0.09172444064 -0.03976375674 0.03185270947 0 0.2493811232 0.8705674174 -0.4470905725 1


mesh: pSphereShape7 tranform: pSphere7 0.02664155117 -0.2075058678 -0.1394114754 0 0.04944915052 0.05304318662 -0.06950195719 0 0.1098525277 -0.02538820387 0.05878169632 0 0.2688953843 0.4543931883 -0.6667935816 1


mesh: pSphereShape8 tranform: pSphere8 -0.08989260728 -0.1622755031 -0.03777615729 0 0.02623093696 -0.006432565214 -0.03478700993 0 0.07454530709 -0.05682577661 0.06671825976 0 0.2570038373 0.1344349319 -0.8061138791 1


mesh: pSphereShape10 tranform: pSphere10 -0.0260427481 -0.009909817197 -0.1813565966 0 0.01838137612 0.1532989757 -0.01101623217 0 0.219350899 -0.02845316457 -0.02994395931 0 0.4390427345 1.540729481 -0.1236823159 1


mesh: pSphereShape11 tranform: pSphere11 -0.00647259853 -0.0006373937166 -0.0435577227 0 0.1276301218 0.1124610022 -0.02061128128 0 0.07461760355 -0.08648249847 -0.009822515123 0 0.4772055972 1.341656183 -0.09056819866 1


mesh: pSphereShape12 tranform: pSphere12 -0.06239516124 0.01053644493 -0.3100442512 0 0.01160983241 0.1653418949 0.00328249403 0 0.2551200468 -0.01688312707 -0.05191563632 0 0.3371638224 0.9333198413 -0.0691093812 1


mesh: pSphereShape13 tranform: pSphere13 -0.04142805894 0.01187331016 -0.2148055213 0 0.03066641903 0.2045158775 0.005390132542 0 0.1899695413 -0.02747959774 -0.03815704125 0 0.3563839449 0.7049278814 -0.09121597304 1


mesh: pSphereShape14 tranform: pSphere14 -0.03805919239 0.01540702402 -0.2177226856 0 0.03126991422 0.2393379161 0.01147045074 0 0.1865831498 -0.02273716285 -0.03422480293 0 0.3409392656 0.5117188842 -0.1001599034 1


mesh: pSphereShape15 tranform: pSphere15 -0.02680774918 0.02146807232 -0.1478232671 0 -0.007647468992 0.3758096978 0.05596494626 0 0.1850821718 0.008579144192 -0.0323187198 0 0.3790850993 -0.08788478375 0.01755368038 1


mesh: pSphereShape16 tranform: pSphere16 -0.01632952129 0.01781394556 -0.09725877771 0 0.1277450305 0.337100793 0.04029538589 0 0.07670524488 -0.0269383686 -0.0178126705 0 0.3109979402 -0.7792922461 -0.04465168778 1


mesh: pSphereShape17 tranform: pSphere17 0.004195521375 0.002210602123 -0.1122713405 0 0.04082329953 0.09563119156 0.003408506029 0 0.2558941732 -0.1095007778 0.007406581393 0 0.3314728737 -1.294984549 -0.07375530888 1


mesh: pSphereShape18 tranform: pSphere18 -0.01567532011 0.006481816332 -0.1267126788 0 -0.1812177414 0.3066730048 0.03810545433 0 0.1247430757 0.07515235838 -0.01158734763 0 0.4991384585 -0.03695469421 -0.3186092717 1


mesh: pSphereShape19 tranform: pSphere19 -0.01173897451 0.003042870756 -0.08559681809 0 0.002721958248 0.4299799478 0.0149120077 0 0.09979371023 -0.0001569044987 -0.0136915517 0 0.7038060335 -0.7028023336 -0.391799518 1


mesh: pSphereShape20 tranform: pSphere20 -0.04041539006 0.001218086732 -0.1081046381 0 -0.004979744822 0.08175207186 0.002782854174 0 0.2448035633 0.01802013649 -0.09131783412 0 0.9214112742 -1.109853007 -0.4534984916 1


mesh: pSphereShape21 tranform: pSphere21 -0.04535794077 0.01836168449 -0.259476149 0 -0.07680260518 0.1217550266 0.02204146863 0 0.220298561 0.1440890448 -0.02831308976 0 0.2687009032 0.3460297145 -0.1034732043 1


