mesh: pSphereShape1 tranform: pSphere1 0.006445334802 0.1380325271 0.04963480599 0 -0.05151383517 0.02492781531 -0.06263397961 0 -0.120448405 -0.02624225989 0.0886195817 0 3.496479069 -0.04031481427 -0.4740523204 1


mesh: pSphereShape2 tranform: pSphere2 -0.01712611276 0.249094328 0.07176523681 0 -0.09844124513 0.02146394915 -0.09799262384 0 -0.093972375 -0.03166079144 0.08746772613 0 3.514106958 0.2890043132 -0.3483391084 1


mesh: pSphereShape3 tranform: pSphere3 -0.05525505646 0.2674571748 0.1079441362 0 -0.08911895774 0.02100777541 -0.09767045874 0 -0.09628871758 -0.05093052653 0.07690363276 0 3.472688502 0.7356043328 -0.2003389002 1


mesh: pSphereShape4 tranform: pSphere4 -0.01033516928 -0.006571896811 0.180328532 0 -0.02158927848 0.1470635075 0.004122239228 0 -0.1702636979 -0.02469636518 -0.0106583583 0 3.402624225 0.9981726519 0.02401269331 1


mesh: pSphereShape5 tranform: pSphere5 -0.04639559483 -0.007344196043 0.1807863404 0 -0.01776077702 0.1373933222 0.001023427314 0 -0.1696241663 -0.02159645193 -0.04440834772 0 3.341760546 1.006302388 0.3109598937 1


mesh: pSphereShape6 tranform: pSphere6 -0.1055446116 -0.2312744779 0.07988374183 0 -0.0505550272 0.05051000506 0.07943874678 0 -0.0825691831 0.01601412063 -0.06272959751 0 3.22304024 0.7305209452 0.4549038536 1


mesh: pSphereShape7 tranform: pSphere7 -0.2048686891 -0.1400535967 0.04022222252 0 -0.0328203953 0.06725182783 0.06700248871 0 -0.06087037918 0.06246978822 -0.09251891189 0 2.908821081 0.3996184059 0.5165940158 1


mesh: pSphereShape8 tranform: pSphere8 -0.07565205458 -0.1728989134 -0.01495961862 0 -0.02622859142 0.00850508162 0.03434094624 0 -0.08017817483 0.04126469831 -0.07145755969 0 2.652430482 0.1630306952 0.542333997 1


mesh: pSphereShape10 tranform: pSphere10 0.009217155445 -0.003127165692 0.1832263878 0 0.004864885507 0.154694547 0.0023954796 0 -0.2228140638 0.006831757416 0.01132520225 0 3.36503105 1.434683161 0.1722041961 1


mesh: pSphereShape11 tranform: pSphere11 -0.0006182309394 0.0002946995994 0.04403529212 0 -0.1078245011 0.1331534577 -0.002404905433 0 -0.08908750975 -0.0721548135 -0.0007678536597 0 3.300773864 1.243785496 0.1379317731 1


mesh: pSphereShape12 tranform: pSphere12 -0.03898291833 -0.01259991025 0.313772505 0 -0.01370663264 0.1651403743 0.004928504983 0 -0.2580081336 -0.02043350428 -0.03287531622 0 3.405860328 0.8143324556 0.1293171726 1


mesh: pSphereShape13 tranform: pSphere13 -0.02728759247 -0.01677522875 0.2167317479 0 -0.03572853428 0.2034530846 0.01124905038 0 -0.1912144527 -0.0321107672 -0.02656024131 0 3.387767289 0.5846016404 0.1221401562 1


mesh: pSphereShape14 tranform: pSphere14 -0.02681445901 -0.007762346098 0.2197948523 0 -0.03539323239 0.2390028 0.004122808443 0 -0.1875736553 -0.02736582566 -0.02385000853 0 3.407161084 0.3917264493 0.1148357816 1


mesh: pSphereShape15 tranform: pSphere15 0.02041927205 -0.006108091287 0.1502564355 0 0.1555472616 0.3466682762 -0.007045823834 0 -0.1697264851 0.07668705138 0.02618259092 0 3.275257042 -0.1643175052 -0.04371147252 1


mesh: pSphereShape16 tranform: pSphere16 0.01243335765 0.004796719503 0.09932604322 0 -0.09917537791 0.3488897202 -0.004434317202 0 -0.07938681622 -0.0224264255 0.0110204526 0 3.165693113 -0.8178368727 -0.06558723525 1


mesh: pSphereShape17 tranform: pSphere17 -0.001844962749 -0.002514102799 0.112328173 0 -0.02409979208 0.1011888904 0.001868952804 0 -0.2708246999 -0.06439256158 -0.005889448608 0 3.093074318 -1.316182722 -0.0794713471 1


mesh: pSphereShape18 tranform: pSphere18 -0.002329694019 -0.01641978203 0.1267627543 0 -0.01903882255 0.354820278 0.04561053463 0 -0.1458616161 -0.007359459682 -0.003633982719 0 3.440236783 -0.2103644953 0.2508401207 1


mesh: pSphereShape19 tranform: pSphere19 -0.000540664129 -0.01061519609 0.08579570587 0 -0.1730216236 0.3910743523 0.04729589096 0 -0.09222262175 -0.04013094849 -0.00554642387 0 3.585758438 -0.908074652 0.1822110137 1


mesh: pSphereShape20 tranform: pSphere20 0.02016767416 0.004596381968 0.1135501584 0 -0.008503056378 0.08148891476 -0.001788348964 0 -0.2564365985 -0.02573577158 0.04658752813 0 3.526212324 -1.324521951 0.1471130852 1


mesh: pSphereShape21 tranform: pSphere21 -0.03195676437 -0.009250959162 0.2619457026 0 0.0753810472 0.1238639816 0.01357073227 0 -0.2242500667 0.1389337399 -0.02245135587 0 3.481409248 0.2270618596 0.1222548739 1


