mesh: pSphereShape1 tranform: pSphere1 0.03486228232 0.1397719669 -0.02839988312 0 -0.07804319372 0.02412319198 0.02292200066 0 0.04739719979 0.01727362764 0.143195782 0 4.196057562 -0.1345743961 -0.2650847862 1


mesh: pSphereShape2 tranform: pSphere2 0.03960004778 0.2548834726 -0.03094816358 0 -0.1232065123 0.02668757948 0.06214388629 0 0.06035064326 0.00489643622 0.1175484618 0 4.288141065 0.1989133619 -0.3347593902 1


mesh: pSphereShape3 tranform: pSphere3 0.05756304049 0.2875063401 0.01627878612 0 -0.1207661349 0.02113431402 0.0537765303 0 0.0512710326 -0.01716648294 0.121886002 0 4.370994393 0.6617959736 -0.3690036723 1


mesh: pSphereShape4 tranform: pSphere4 0.1697816882 0.01876244288 0.05908074203 0 -0.01908939372 0.1472440151 0.008096920468 0 -0.05482033158 -0.01605046387 0.1626356411 0 4.535852404 0.9591153183 -0.2994909139 1


mesh: pSphereShape5 tranform: pSphere5 0.1637504706 0.02005075727 0.08760102642 0 -0.01952546479 0.1370616268 0.005126819374 0 -0.08126731528 -0.01740845117 0.1558955906 0 4.795451305 1.009847644 -0.1704332649 1


mesh: pSphereShape6 tranform: pSphere6 0.1424256776 -0.199172726 0.1051385417 0 0.04046266787 0.06722378094 0.07253496854 0 -0.07928114875 -0.02239222912 0.06497855022 0 4.998442396 0.7727175399 -0.03162009484 1


mesh: pSphereShape7 tranform: pSphere7 0.07957387361 -0.1597527895 0.1770623104 0 0.02612180795 0.0775589043 0.0582373394 0 -0.115992675 -4.523133457e-05 0.05208765551 0 5.150156264 0.4276005265 0.2450245311 1


mesh: pSphereShape8 tranform: pSphere8 0.05876591015 -0.1782190758 0.02501172995 0 0.02260525518 0.01246171122 0.03568310806 0 -0.09205694505 -0.02113447156 0.0656989411 0 5.253659131 0.1586619993 0.4434723277 1


mesh: pSphereShape10 tranform: pSphere10 0.1551722508 0.02755311436 0.09396298631 0 -0.017812859 0.1529836895 -0.01544348178 0 -0.1163150537 0.005679277096 0.1904195217 0 4.597320646 1.410977365 -0.2507917352 1


mesh: pSphereShape11 tranform: pSphere11 0.03812399891 0.005402439862 0.02137639726 0 -0.06677254363 0.1325884447 0.08557734305 0 -0.03603413612 -0.07124841784 0.08227207967 0 4.572242328 1.219175514 -0.1932983545 1


mesh: pSphereShape12 tranform: pSphere12 0.284771589 0.03316384406 0.1339287575 0 -0.01876108093 0.1647140709 -0.0008954681295 0 -0.1098585547 -0.01122795384 0.2363716196 0 4.658437617 0.7915273383 -0.2571794037 1


mesh: pSphereShape13 tranform: pSphere13 0.1983494899 0.01798792747 0.09128299886 0 -0.02190802791 0.2055868943 0.00709183557 0 -0.08048267064 -0.01470912088 0.1777799094 0 4.671692833 0.5664820188 -0.2149442437 1


mesh: pSphereShape14 tranform: pSphere14 0.2017954441 0.01504399021 0.09022928246 0 -0.01801343795 0.2409720336 0.0001091529885 0 -0.07758328896 -0.005878641557 0.1744931584 0 4.684359523 0.3738887438 -0.2072918097 1


mesh: pSphereShape15 tranform: pSphere15 0.1371790534 0.02480859122 0.05998077169 0 -0.03294937906 0.3705018146 -0.0778860176 0 -0.07877211867 0.02839748445 0.1684103556 0 4.550925662 -0.2203976313 -0.1886647253 1


mesh: pSphereShape16 tranform: pSphere16 0.08929051006 0.02096929871 0.04038258396 0 -0.1084356565 0.3403663724 0.06302298402 0 -0.02844254597 -0.02290881649 0.07478548811 0 4.633686092 -0.9068540348 -0.150518237 1


mesh: pSphereShape17 tranform: pSphere17 0.08889588449 -0.001305647924 0.06872525052 0 -0.0003046916594 0.1040085303 0.002370080211 0 -0.1703179847 -0.005516743338 0.220200943 0 4.621175019 -1.357161619 -0.0688555459 1


mesh: pSphereShape18 tranform: pSphere18 0.1169877364 0.05127651407 0.005331156132 0 -0.09885302362 0.2501373072 -0.2366424193 0 -0.04295989565 0.08662736616 0.1095131285 0 4.962588893 -0.1120490426 0.1020869115 1


mesh: pSphereShape19 tranform: pSphere19 0.08104035051 0.03003780644 0.002017331342 0 -0.1421412243 0.3726519171 0.1613658996 0 0.01109046081 -0.03619056027 0.09334619882 0 5.196303759 -0.663399107 0.2505463465 1


mesh: pSphereShape20 tranform: pSphere20 0.08010308864 0.04220331393 -0.07158125282 0 -0.003522070105 0.07219301472 0.03862262339 0 0.1882210185 -0.07868335049 0.1642383491 0 5.451711625 -1.105659491 0.2557139658 1


mesh: pSphereShape21 tranform: pSphere21 0.2404944831 0.01792903039 0.1075328769 0 0.02961897722 0.1142649555 -0.08529354688 0 -0.09512533213 0.163156436 0.1855421473 0 4.721474825 0.2025859343 -0.2515643943 1


