mesh: pSphereShape1 tranform: pSphere1 -0.1113544995 0.09398608035 -0.01802573078 0 0.03692200366 0.05408969055 0.05393660736 0 0.07366584981 0.06508867594 -0.1157009575 0 -1.776467498 0.1805462314 0.4998880626 1


mesh: pSphereShape2 tranform: pSphere2 -0.1614459866 0.1997887126 -0.03887416826 0 0.09966493017 0.08901332426 0.04355988957 0 0.04404642737 0.01143676688 -0.1241488167 0 -2.036028805 0.4131694148 0.4440287398 1


mesh: pSphereShape3 tranform: pSphere3 -0.06330684682 0.2656047149 -0.1080961457 0 0.1103245963 0.04963292078 0.05734187292 0 0.06985140726 -0.02813514177 -0.1100399886 0 -2.240944286 0.8038358892 0.3335101911 1


mesh: pSphereShape4 tranform: pSphere4 -0.03017651896 -0.01960705458 -0.1771251707 0 0.03243225995 0.1435283174 -0.0214134459 0 0.1657452075 -0.04098843099 -0.02370047677 0 -2.293464343 1.051009003 0.1041745336 1


mesh: pSphereShape5 tranform: pSphere5 -0.02530892377 -0.02108063822 -0.1838620526 0 0.02675211811 0.13458245 -0.01911297741 0 0.1716802113 -0.03688196881 -0.01940338361 0 -2.327715854 1.036705332 -0.1900030875 1


mesh: pSphereShape6 tranform: pSphere6 -0.02805593078 -0.2527136673 -0.07973473846 0 0.04639201588 0.02424113841 -0.0931543555 0 0.09387153011 -0.02326162614 0.04069590945 0 -2.367278053 0.7318259069 -0.3292819397 1


mesh: pSphereShape7 tranform: pSphere7 0.06545402014 -0.2285712834 -0.08170040719 0 0.04519280865 0.04138861947 -0.07958588074 0 0.1086220299 0.007638128894 0.06565318088 0 -2.291781302 0.2824691905 -0.4387069522 1


mesh: pSphereShape8 tranform: pSphere8 -0.04468994136 -0.183958642 -0.00175641241 0 0.02190508974 -0.00495980233 -0.03788328673 0 0.09604699076 -0.02389327466 0.05866502258 0 -2.238602162 -0.05582965064 -0.5101170374 1


mesh: pSphereShape10 tranform: pSphere10 -0.00199451639 -0.03656896834 -0.1797925938 0 -0.02915795204 0.1490311885 -0.02998878144 0 0.2191969687 0.04072959076 -0.01071585331 0 -2.343155478 1.46651245 -0.1237391869 1


mesh: pSphereShape11 tranform: pSphere11 -0.002068198963 -0.009641192765 -0.04292255776 0 0.08945068814 0.1416180092 -0.03612012954 0 0.09763579078 -0.05946331578 0.008652025137 0 -2.247639408 1.292824016 -0.06815447851 1


mesh: pSphereShape12 tranform: pSphere12 -0.0262554341 -0.03701111444 -0.3131651962 0 0.02196893664 0.1629589492 -0.02110099196 0 0.2576870317 -0.036971161 -0.01723480474 0 -2.331644881 0.8614873996 0.017711393 1


mesh: pSphereShape13 tranform: pSphere13 -0.01135729402 -0.01981318378 -0.2178924532 0 0.04734580246 0.2003168046 -0.02068283594 0 0.1902380083 -0.04555970444 -0.00577305996 0 -2.327127832 0.6314471062 0.03388917155 1


mesh: pSphereShape14 tranform: pSphere14 -0.006280639849 -0.00705732675 -0.221358971 0 0.05836925801 0.2343112367 -0.009126385246 0 0.185317338 -0.04631168072 -0.00378152641 0 -2.362244942 0.439771273 0.04637524965 1


mesh: pSphereShape15 tranform: pSphere15 -0.015852897 0.001224980913 -0.1509252694 0 -0.05143699583 0.3764388162 0.00845819767 0 0.1853091885 0.02575349373 -0.01925548951 0 -2.331531213 -0.1429245671 0.2220996369 1


mesh: pSphereShape16 tranform: pSphere16 -0.001326303327 0.01335820312 -0.09931293517 0 0.307082197 0.1918564026 0.02170485297 0 0.04428651386 -0.06975589458 -0.009974035681 0 -2.508697309 -0.7022108789 0.2288803303 1


mesh: pSphereShape17 tranform: pSphere17 0.03013570549 -0.03549383236 -0.1022710622 0 0.09588706884 0.03735447086 0.01529045564 0 0.07806178879 -0.2445354631 0.1078696903 0 -2.852331652 -1.117602585 0.2856132698 1


mesh: pSphereShape18 tranform: pSphere18 0.0007022612209 -0.003780248591 -0.1277851679 0 -0.09292493288 0.3458176054 -0.01074094995 0 0.1410897832 0.03790160933 -0.0003458587772 0 -2.316197594 -0.1539963358 -0.1125437016 1


mesh: pSphereShape19 tranform: pSphere19 -0.001156024631 -0.003910051379 -0.08635538754 0 0.14553547 0.404378011 -0.0202579299 0 0.094781421 -0.03409801119 0.0002750878559 0 -2.315808317 -0.8474836564 -0.103892164 1


mesh: pSphereShape20 tranform: pSphere20 -0.02753035828 0.001679043183 -0.1120747985 0 0.02016661582 0.0793415073 -0.00376513139 0 0.2460410902 -0.06545206986 -0.06141876951 0 -2.240392629 -1.301862419 -0.1043220874 1


mesh: pSphereShape21 tranform: pSphere21 -0.00748510077 -0.008410735715 -0.263809778 0 -0.06365678329 0.130961651 -0.002369155543 0 0.2380041492 0.1154983599 -0.01043521299 0 -2.453026147 0.2834722298 0.04978726398 1


