mesh: pSphereShape1 tranform: pSphere1 0.03605828006 0.1369088023 0.03890906236 0 -0.05442219144 0.03065137959 -0.05741780735 0 -0.1103424668 -0.0005743931382 0.1042790239 0 4.402949617 -0.03906989027 -0.321101455 1


mesh: pSphereShape2 tranform: pSphere2 0.03263100657 0.2517531127 0.05520076846 0 -0.1041569383 0.0328941454 -0.08844909031 0 -0.0872126192 -0.01036913756 0.09884460598 0 4.490236379 0.2881091789 -0.2215524445 1


mesh: pSphereShape3 tranform: pSphere3 -0.01774583881 0.2786274386 0.09105072097 0 -0.09536403689 0.02364325998 -0.09093805855 0 -0.09323709975 -0.0349224369 0.08869538336 0 4.522946763 0.7423662589 -0.1047049324 1


mesh: pSphereShape4 tranform: pSphere4 0.0135485635 -0.005942883347 0.1801374574 0 -0.02420488526 0.1465625801 0.006655727014 0 -0.1695846618 -0.02854345665 0.01181319064 0 4.501555183 1.012627926 0.107760017 1


mesh: pSphereShape5 tranform: pSphere5 -0.01684434911 -0.008060103846 0.1858534152 0 -0.01937124238 0.1371153166 0.004190763568 0 -0.1742035012 -0.02409645461 -0.01683350566 0 4.48445924 1.02036509 0.4014787516 1


mesh: pSphereShape6 tranform: pSphere6 -0.06498700089 -0.2479388973 0.07288315518 0 -0.05084567238 0.03852533788 0.08572106986 0 -0.08866540552 0.006872309404 -0.05568071199 0 4.416067661 0.72713841 0.5398583787 1


mesh: pSphereShape7 tranform: pSphere7 -0.1473664751 -0.1945116196 0.06043483062 0 -0.04195379791 0.05452430832 0.07318673945 0 -0.08827136577 0.04153943989 -0.08154794588 0 4.186445392 0.32644022 0.6172341959 1


mesh: pSphereShape8 tranform: pSphere8 -0.01090727252 -0.1888937447 -0.006422027433 0 -0.02975571754 0.000614527823 0.03246221864 0 -0.08456201286 0.007522949421 -0.07765416341 0 4.020514788 0.02124351492 0.6574423393 1


mesh: pSphereShape10 tranform: pSphere10 0.01198425219 -0.007094678016 0.1829554251 0 -0.01495468534 0.1539087151 0.006947886335 0 -0.2216832645 -0.02215679968 0.01366186757 0 4.432276784 1.440963549 0.2669559881 1


mesh: pSphereShape11 tranform: pSphere11 0.001049647366 -0.0007444370623 0.04402181349 0 -0.1189096103 0.1232803634 0.004920007008 0 -0.08250225806 -0.07960202774 0.0006210461592 0 4.394824199 1.248959855 0.2301046054 1


mesh: pSphereShape12 tranform: pSphere12 -0.0141230472 -0.01297465224 0.3158540936 0 -0.01882172065 0.1646031649 0.005919976377 0 -0.2589470212 -0.02915007881 -0.0127759406 0 4.524384129 0.8294621708 0.2118766697 1


mesh: pSphereShape13 tranform: pSphere13 -0.01442626321 -0.01445403482 0.2181321512 0 -0.02779459577 0.2046613145 0.01172321274 0 -0.1934995745 -0.02544911457 -0.01448350537 0 4.50616353 0.6012403725 0.2065928283 1


mesh: pSphereShape14 tranform: pSphere14 -0.01709047027 -0.006512874838 0.2208043129 0 -0.02288799 0.2404991278 0.005322242985 0 -0.1896231216 -0.01770982422 -0.01519938694 0 4.51643911 0.4083747373 0.1984168164 1


mesh: pSphereShape15 tranform: pSphere15 -0.04741616421 -0.01417058287 0.1434648173 0 0.07469633907 0.3675913732 0.06099612477 0 -0.1747964103 0.04437839831 -0.05338805475 0 4.473849247 -0.1744842036 -0.04833397428 1


mesh: pSphereShape16 tranform: pSphere16 -0.03186757023 -0.005736247335 0.09484098901 0 -0.0493451117 0.3593298822 0.005152795974 0 -0.07809019597 -0.01033852929 -0.02686443058 0 4.423386655 -0.8623294773 -0.1603811999 1


mesh: pSphereShape17 tranform: pSphere17 -0.09112849163 -0.02276126853 0.06168359362 0 -0.008274326269 0.1006673024 0.0249221639 0 -0.1614026643 0.04193530146 -0.2229746984 0 4.371082617 -1.294171597 -0.3521892613 1


mesh: pSphereShape18 tranform: pSphere18 0.01945753448 -0.009528398602 0.1259938354 0 -0.01850091763 0.3565231257 0.02981952794 0 -0.1441931297 -0.009286318995 0.02156580944 0 4.559111726 -0.1997395571 0.348797494 1


mesh: pSphereShape19 tranform: pSphere19 0.01374528368 -0.004995575612 0.08520557055 0 -0.106747815 0.4147194869 0.04153533074 0 -0.09625590271 -0.02617749374 0.01399313486 0 4.65694812 -0.9165542545 0.3033328864 1


mesh: pSphereShape20 tranform: pSphere20 0.0467035516 0.008744467285 0.1051846606 0 -0.002608036199 0.08171526429 -0.005635345482 0 -0.2393571969 -0.00030831079 0.1063037818 0 4.540263501 -1.332770362 0.3264287636 1


mesh: pSphereShape21 tranform: pSphere21 -0.0203679713 -0.007761872299 0.2631487512 0 0.08216400367 0.1198329447 0.009894183691 0 -0.2176371473 0.1502488446 -0.01241356765 0 4.582423423 0.2401194951 0.2027184312 1


