mesh: pSphereShape1 tranform: pSphere1 0.01985993642 0.1421877097 -0.03076317543 0 0.04444881641 0.00929693809 0.07166558626 0 0.1276775802 -0.03401163283 -0.07477666138 0 0.6708782713 -0.09453279666 1.6033549 1


mesh: pSphereShape2 tranform: pSphere2 0.04805257593 0.2534595909 -0.03067120682 0 0.05871226625 0.004312895082 0.127625244 0 0.1176208545 -0.02872971771 -0.05313900646 0 0.7102116347 0.2461117017 1.520274931 1


mesh: pSphereShape3 tranform: pSphere3 0.0857095893 0.2751842523 -0.05626625723 0 0.05119231915 0.00927748533 0.123354402 0 0.1168990353 -0.04562741589 -0.04508169105 0 0.8034905855 0.7040276959 1.444692237 1


mesh: pSphereShape4 tranform: pSphere4 0.06038332499 0.002670516879 -0.1703382147 0 0.01684691386 0.1475069866 0.008284650479 0 0.1612932514 -0.02161373842 0.05683811457 0 0.9332919897 0.9797508659 1.276630693 1


mesh: pSphereShape5 tranform: pSphere5 0.08078490299 0.002205797853 -0.1684016723 0 0.01249487604 0.1377551494 0.007798362949 0 0.1584897734 -0.01866582163 0.07578551783 0 1.057301837 1.003163532 1.009493739 1


mesh: pSphereShape6 tranform: pSphere6 0.1125805899 -0.2360593264 -0.0510937038 0 0.07250873213 0.04801817046 -0.06208320987 0 0.06304503182 0.01210370758 0.08299366655 0 1.197460387 0.7257963187 0.8964173593 1


mesh: pSphereShape7 tranform: pSphere7 0.182668788 -0.1726104877 -0.006461449174 0 0.05749419644 0.06283768306 -0.05324625011 0 0.04832227665 0.04710400099 0.1077664012 0 1.484810993 0.357144197 0.8979810799 1


mesh: pSphereShape8 tranform: pSphere8 0.03311547091 -0.1863033483 0.005956995851 0 0.03754262969 0.005962122049 -0.02223915614 0 0.05668383485 0.01324879107 0.09924167614 0 1.693018858 0.07614640973 0.910812487 1


mesh: pSphereShape10 tranform: pSphere10 0.05038420187 0.01171857972 -0.1760419024 0 0.009168941375 0.1539804963 0.01287422189 0 0.2142185121 -0.01778304942 0.06012680238 0 1.043050249 1.416792891 1.195153446 1


mesh: pSphereShape11 tranform: pSphere11 0.01405702189 0.004312972933 -0.04151354489 0 0.1100474673 0.1215015431 0.0498866702 0 0.07989581803 -0.08005683453 0.01873639807 0 1.075985864 1.219589912 1.226018019 1


mesh: pSphereShape12 tranform: pSphere12 0.1198804703 0.003729234798 -0.2928248217 0 0.01009595606 0.1653561327 0.006239087908 0 0.2409250275 -0.0184225702 0.09839843272 0 0.9648117744 0.8013662894 1.166633624 1


mesh: pSphereShape13 tranform: pSphere13 0.08170261263 -0.008018344594 -0.203123265 0 0.01350529852 0.2064133169 -0.002715961318 0 0.1811349209 -0.01088705861 0.07328797351 0 0.9962194971 0.5754958577 1.172831431 1


mesh: pSphereShape14 tranform: pSphere14 0.07819716358 -0.008711492595 -0.2071191923 0 0.0109350847 0.2413217388 -0.006021556573 0 0.1785497251 -0.006401896046 0.06768012166 0 0.9966279913 0.381562282 1.179940877 1


mesh: pSphereShape15 tranform: pSphere15 0.008633895093 0.001020477985 -0.1515112746 0 -0.1315647347 0.356494373 -0.005096132022 0 0.1761234626 0.06514834876 0.01047522014 0 1.067936949 -0.1803880226 1.352448947 1


mesh: pSphereShape16 tranform: pSphere16 0.005791249557 0.004467758613 -0.09994878851 0 0.005887602676 0.3623138527 0.01653674284 0 0.0830765055 -0.001566501812 0.00474360951 0 1.225667928 -0.8597496197 1.382425867 1


mesh: pSphereShape17 tranform: pSphere17 0.02382784422 0.01004735333 -0.1093555101 0 -0.00310743331 0.1036129141 0.008842646513 0 0.2719780704 0.003075103547 0.0595447613 0 1.417302627 -1.325902423 1.415558307 1


mesh: pSphereShape18 tranform: pSphere18 0.04428038436 -0.007633275717 -0.1196863119 0 0.0286316315 0.3568926687 -0.01216881422 0 0.1365509282 -0.009212182415 0.05110732062 0 0.9984447971 -0.2376974352 1.02432231 1


mesh: pSphereShape19 tranform: pSphere19 0.02732823542 -0.006590575057 -0.08175334685 0 0.308456211 0.2891350922 0.07980098278 0 0.06258878655 -0.07419650583 0.02690334792 0 0.745072989 -0.8587118489 0.9622082961 1


mesh: pSphereShape20 tranform: pSphere20 0.03160834869 -0.01238541356 -0.1103132544 0 0.04671819213 0.06707509065 0.005855435713 0 0.2028707538 -0.1478240012 0.07472602417 0 0.6080935567 -1.272440364 0.974838929 1


mesh: pSphereShape21 tranform: pSphere21 0.09319331524 -0.0103821269 -0.2468391857 0 -0.08227329437 0.1146825292 -0.03588558925 0 0.1974644863 0.1628461236 0.06770270674 0 0.9432857273 0.2097015926 1.162598264 1


