mesh: pSphereShape1 tranform: pSphere1 0.09116468652 0.1071039684 -0.0421411286 0 0.05891984392 -0.02902003938 0.05370638602 0 0.0552007278 -0.08993367508 -0.1091545623 0 -1.498654105 0.01319822201 0.562821617 1


mesh: pSphereShape2 tranform: pSphere2 0.1642366506 0.1923960864 -0.05917436735 0 0.08230012179 -0.03712540323 0.1077141057 0 0.06709179547 -0.08169932807 -0.0794211991 0 -1.30240539 0.283803532 0.4512827589 1


mesh: pSphereShape3 tranform: pSphere3 0.185390744 0.2042680257 -0.1007136725 0 0.08195338628 -0.0234857022 0.1032235343 0 0.06349058229 -0.09289773647 -0.07154411867 0 -1.017822709 0.6394218506 0.3182365068 1


mesh: pSphereShape4 tranform: pSphere4 0.01156425034 0.008722268417 -0.1801626352 0 0.03956317314 0.1430243256 0.009463754759 0 0.1657955711 -0.04641759695 0.008394830303 0 -0.8333093201 0.8620044933 0.103889203 1


mesh: pSphereShape5 tranform: pSphere5 0.03255114108 0.006949429138 -0.1837996681 0 0.03828650967 0.1326214134 0.0117949761 0 0.1669711412 -0.05066252153 0.02765524891 0 -0.781507237 0.8914796305 -0.1849103946 1


mesh: pSphereShape6 tranform: pSphere6 0.09060456868 -0.227490769 -0.1051081517 0 0.03326330628 0.05320798388 -0.08648727526 0 0.0931102543 0.01599234508 0.04564920486 0 -0.6904711504 0.6272773794 -0.3609206338 1


mesh: pSphereShape7 tranform: pSphere7 0.2485420084 -0.02176986865 -0.03093476635 0 -0.002389040428 0.07207721431 -0.06991772201 0 0.01889103881 0.08787135346 0.08993987131 0 -0.3464847862 0.4140011169 -0.441162417 1


mesh: pSphereShape8 tranform: pSphere8 0.1640377155 -0.09081108572 0.02619222044 0 0.01718573153 0.02104712658 -0.03465898301 0 0.03582520942 0.08466618897 0.06917867228 0 -0.004037919244 0.3525023608 -0.451694535 1


mesh: pSphereShape10 tranform: pSphere10 0.01414655476 0.005817635338 -0.1828460402 0 -0.01062673983 0.1543701953 0.004089439102 0 0.2220136739 0.01481574802 0.01764829696 0 -0.8032518105 1.311211709 -0.01953956248 1


mesh: pSphereShape11 tranform: pSphere11 0.002770125494 0.002053012503 -0.04390543877 0 0.1051689091 0.1346625709 0.01293222512 0 0.09022400005 -0.07069245699 0.002386932179 0 -0.7332980167 1.119466381 0.005414623131 1


mesh: pSphereShape12 tranform: pSphere12 0.0110149287 0.01473361664 -0.3159006211 0 0.03141215985 0.1625469163 0.008676483899 0 0.2560083686 -0.04982600832 0.006602698703 0 -0.8559393458 0.6901150163 -0.01755219777 1


mesh: pSphereShape13 tranform: pSphere13 -0.002722643581 -0.003617955714 -0.2190391955 0 0.05552359446 0.1992423351 -0.003981118085 0 0.1885063805 -0.05256123787 -0.001474948149 0 -0.8622436962 0.4601669624 -0.03066139431 1


mesh: pSphereShape14 tranform: pSphere14 -0.01401421138 -0.002345516013 -0.2211043798 0 0.06093036823 0.233750489 -0.006341604704 0 0.1844852655 -0.04839199835 -0.01117983869 0 -0.9017873546 0.2698842183 -0.02870996698 1


mesh: pSphereShape15 tranform: pSphere15 -0.03923413838 -0.005721019101 -0.1464896043 0 -0.2129047344 0.3115818151 0.04485347835 0 0.148010259 0.1074464354 -0.04383763695 0 -0.6988585134 -0.2377726449 0.09790636511 1


mesh: pSphereShape16 tranform: pSphere16 -0.02684507432 0.002244675298 -0.09652752551 0 -0.03007342698 0.3611012603 0.01676079909 0 0.07988758253 0.00767619155 -0.02203886945 0 -0.4163548144 -0.8604831852 0.06566672966 1


mesh: pSphereShape17 tranform: pSphere17 -0.01134264812 0.01261805669 -0.1110831762 0 -0.01128855831 0.102625324 0.01280998932 0 0.2753623689 0.03332638317 -0.02433153566 0 -0.1726707062 -1.302550174 0.03488245903 1


mesh: pSphereShape18 tranform: pSphere18 -0.02562356627 -0.005451514226 -0.125130118 0 0.0590365068 0.3522813227 -0.02743697954 0 0.1410885466 -0.02580670882 -0.02776714463 0 -1.042197903 -0.3249093458 -0.176145306 1


mesh: pSphereShape19 tranform: pSphere19 -0.02100787687 -0.005234524281 -0.08369675452 0 0.3694635868 0.1939396917 -0.1048646105 0 0.04544447612 -0.08970770657 -0.005796100378 0 -1.385939456 -0.8687900114 -0.08546140201 1


mesh: pSphereShape20 tranform: pSphere20 -0.03554766969 0.01190384272 -0.1091611743 0 0.06791787827 0.04239168134 -0.01749430058 0 0.1223655744 -0.2225058203 -0.06411148794 0 -1.634914308 -1.252713133 -0.008385809823 1


mesh: pSphereShape21 tranform: pSphere21 -0.01670176716 -0.002795324065 -0.2635063629 0 -0.06206594194 0.1317199206 0.002536603062 0 0.2389202306 0.1128930216 -0.0163410196 0 -0.994334454 0.1146231613 -0.02534863865 1


