mesh: pSphereShape1 tranform: pSphere1 -0.03089525041 0.1357260133 0.04671260707 0 -0.06704985582 0.002606442526 -0.05191926313 0 -0.08736785215 -0.05772238389 0.1099312946 0 -5.686331577 -0.04968105508 -0.1737605214 1


mesh: pSphereShape2 tranform: pSphere2 -0.07166050963 0.2410907973 0.06505025754 0 -0.09762448916 -0.001740055213 -0.1010958234 0 -0.08785346832 -0.04923209374 0.08568421758 0 -5.746695364 0.2770526749 -0.05521934318 1


mesh: pSphereShape3 tranform: pSphere3 -0.09099268953 0.2584032129 0.1057662901 0 -0.09100288585 0.008011114149 -0.09786383696 0 -0.08864168707 -0.06284616125 0.07728270006 0 -5.866483053 0.7135704438 0.08577016215 1


mesh: pSphereShape4 tranform: pSphere4 -0.02464052447 0.001207036174 0.1790524298 0 -0.01587718352 0.1478125799 -0.003181399217 0 -0.1697711527 -0.01873598184 -0.02323696606 0 -5.976216337 0.9764182147 0.3038413364 1


mesh: pSphereShape5 tranform: pSphere5 -0.04329320015 0.00201597817 0.1816915628 0 -0.01609674963 0.1374975292 -0.005361128529 0 -0.1706249709 -0.02155085248 -0.04041714902 0 -6.043511934 0.9983570757 0.5905380641 1


mesh: pSphereShape6 tranform: pSphere6 -0.1024721026 -0.2289119975 0.0900429174 0 -0.03940993201 0.05113393736 0.08514554354 0 -0.08878940304 0.01907503442 -0.05255196885 0 -6.158806108 0.7286742299 0.7482356987 1


mesh: pSphereShape7 tranform: pSphere7 -0.2477976834 0.04013359028 -0.01377025462 0 0.006797277188 0.06741155053 0.07415389448 0 0.01965913328 0.09205141736 -0.08548380898 0 -6.505375674 0.574564083 0.7713222929 1


mesh: pSphereShape8 tranform: pSphere8 -0.1768704747 -0.01381103228 -0.06608440353 0 -0.01363385407 0.02870533568 0.03049094514 0 0.02036598175 0.08685228719 -0.07265951335 0 -6.838978632 0.6247400024 0.7109906285 1


mesh: pSphereShape10 tranform: pSphere10 -0.02059286458 0.006737698062 0.1822009376 0 0.01261304067 0.1542155137 -0.004277249827 0 -0.2210490672 0.01736850315 -0.02562586833 0 -6.001803246 1.419872208 0.4273972431 1


mesh: pSphereShape11 tranform: pSphere11 -0.005278215835 0.002012288938 0.04367684902 0 -0.09829143707 0.1391618822 -0.01828971992 0 -0.09289757681 -0.06668615584 -0.008154014203 0 -6.070259909 1.232149511 0.3990308085 1


mesh: pSphereShape12 tranform: pSphere12 -0.04068673238 0.0007748805051 0.3138082215 0 -0.006659172596 0.1656428132 -0.001272412042 0 -0.2585176733 -0.01065020014 -0.0334917508 0 -5.989137298 0.7970652707 0.415792995 1


mesh: pSphereShape13 tranform: pSphere13 -0.0293297341 -0.01202656952 0.2167805339 0 -0.008245053378 0.2064494467 0.0103378904 0 -0.1937840859 -0.006408551241 -0.02657392015 0 -6.026600523 0.5718786981 0.4136336077 1


mesh: pSphereShape14 tranform: pSphere14 -0.02345322194 -0.003119526674 0.2202935797 0 0.002271016356 0.2416059622 0.003663106729 0 -0.189971985 0.002091867248 -0.02019545689 0 -6.035775896 0.3792137785 0.4078516562 1


mesh: pSphereShape15 tranform: pSphere15 0.006633370903 0.00336235349 0.1515781806 0 0.1875295595 0.3301741202 -0.01553069987 0 -0.1633781713 0.09303341722 0.005086066939 0 -6.229765335 -0.1697352938 0.2581286694 1


mesh: pSphereShape16 tranform: pSphere16 0.004420854547 0.002378717531 0.1000902468 0 0.1304900069 0.3381735642 -0.01380051273 0 -0.07756807366 0.03004163591 0.00271211845 0 -6.565667224 -0.7974176372 0.2499238074 1


mesh: pSphereShape17 tranform: pSphere17 -0.007066164303 0.01343523205 0.111341398 0 0.04330084391 0.09420313884 -0.008619167442 0 -0.2525677174 0.1133754487 -0.02970961843 0 -6.921472517 -1.150751081 0.2351094642 1


mesh: pSphereShape18 tranform: pSphere18 0.003097882078 -0.01762872318 0.1265838214 0 -0.0005447737624 0.3548194867 0.04942734456 0 -0.146049296 -0.0007083989084 0.003475604731 0 -6.03783551 -0.2202939878 0.5464294883 1


mesh: pSphereShape19 tranform: pSphere19 0.004272419771 -0.01305977219 0.08535260179 0 -0.2659443693 0.3320758524 0.06412295406 0 -0.07902453758 -0.06221284185 -0.00556350404 0 -5.841696311 -0.872757737 0.4610802306 1


mesh: pSphereShape20 tranform: pSphere20 0.01529029806 -0.002384630701 0.1143766611 0 -0.0227181255 0.07860004666 0.004675770299 0 -0.2492336174 -0.07392747958 0.03177716962 0 -5.801190739 -1.274539419 0.3972739196 1


mesh: pSphereShape21 tranform: pSphere21 -0.02795093077 -0.003717769537 0.2625400728 0 0.09396442501 0.1106596416 0.01157080575 0 -0.2003210208 0.1720737915 -0.01889017639 0 -5.987894686 0.205020093 0.4146494225 1


