mesh: pSphereShape1 tranform: pSphere1 0.03970814341 0.1406442044 0.01416354323 0 -0.04031570151 0.003874799963 0.07455009543 0 0.1271192517 -0.0430377959 0.07098132643 0 4.296997559 -0.04863805523 -0.3241925307 1


mesh: pSphereShape2 tranform: pSphere2 0.05774161866 0.2499067045 0.04128052498 0 -0.0751407636 -0.002254895033 0.1187548537 0 0.1078092323 -0.03606451556 0.06753026164 0 4.395882929 0.2895333904 -0.3085437203 1


mesh: pSphereShape3 tranform: pSphere3 0.1001883893 0.2697943582 0.05840966571 0 -0.07531980352 0.004024135933 0.1106063619 0 0.1004115254 -0.05250498358 0.0702876708 0 4.52065747 0.7413482321 -0.2412334526 1


mesh: pSphereShape4 tranform: pSphere4 0.1677274072 0.002914533144 -0.06728601159 0 0.002105898113 0.1482232928 0.01166986289 0 0.0641843391 -0.0134627179 0.1594125583 0 4.732842063 1.014191637 -0.2333357742 1


mesh: pSphereShape5 tranform: pSphere5 0.1838993458 0.005137192278 -0.03232381756 0 -0.001595785101 0.1379345149 0.01284292264 0 0.03088873769 -0.01577171903 0.1732281866 0 5.017498075 1.040589413 -0.2971769496 1


mesh: pSphereShape6 tranform: pSphere6 0.187703855 -0.1880485268 0.02034639437 0 0.07334608516 0.07529073957 0.01921567597 0 -0.01896049488 -0.007791949415 0.1029024277 0 5.269466597 0.8097024878 -0.2878774798 1


mesh: pSphereShape7 tranform: pSphere7 0.180671775 -0.1316677537 0.1150014314 0 0.05203546746 0.08458104203 0.01508899078 0 -0.05898075191 0.01640469027 0.1114431855 0 5.579055489 0.5066549961 -0.1149586729 1


mesh: pSphereShape8 tranform: pSphere8 0.06939432615 -0.1751503745 0.01865024413 0 0.04013014866 0.01666347473 0.007174662937 0 -0.02162944086 0.003457516341 0.1129500365 0 5.800646187 0.2714739593 0.01957013773 1


mesh: pSphereShape10 tranform: pSphere10 0.1820476134 0.0228110316 -0.002228809762 0 -0.01933258513 0.1525780903 -0.01749245046 0 -0.0004633113646 0.02536515115 0.221759858 0 4.82588146 1.458123991 -0.283136719 1


mesh: pSphereShape11 tranform: pSphere11 0.04377952686 0.001652825156 -0.004494130221 0 0.004150055268 0.1436838794 0.09327094807 0 0.01215188866 -0.06231715141 0.09545886731 0 4.839396417 1.274474173 -0.2053023926 1


mesh: pSphereShape12 tranform: pSphere12 0.3036622401 0.005863056396 -0.08880585044 0 -0.002007317216 0.1657191984 0.004077147642 0 0.07331018898 -0.005270779521 0.2503284774 0 4.839898128 0.8358702894 -0.2738960741 1


mesh: pSphereShape13 tranform: pSphere13 0.2111725973 -0.003187192752 -0.05826360354 0 0.006239570181 0.2064682575 0.01132048256 0 0.05178755113 -0.01189217914 0.1883511091 0 4.858377104 0.6095285974 -0.2406471965 1


mesh: pSphereShape14 tranform: pSphere14 0.2137695932 0.001853660116 -0.0582080002 0 0.00106203896 0.2413641177 0.01158670067 0 0.05021178306 -0.009059387045 0.1841148876 0 4.858346809 0.415118572 -0.239615524 1


mesh: pSphereShape15 tranform: pSphere15 0.151450154 -0.009092332994 -0.00338115325 0 0.01991265107 0.3672553957 -0.09565797747 0 0.006885772727 0.04702505395 0.1819745644 0 4.661776934 -0.1713623141 -0.0925490488 1


mesh: pSphereShape16 tranform: pSphere16 0.1002108699 2.424008939e-05 -0.001020165357 0 0.0008858273522 0.3499867118 0.09533085794 0 0.0008227245607 -0.02187358694 0.08029651826 0 4.603679605 -0.8514721383 -0.04566813325 1


mesh: pSphereShape17 tranform: pSphere17 0.09778647722 -0.03171978459 0.04537624038 0 0.02782652949 0.09976781555 0.009775056779 0 -0.1152064774 0.00730693789 0.2533795214 0 4.491319597 -1.297806762 0.02435456404 1


mesh: pSphereShape18 tranform: pSphere18 0.1011719727 0.01074468337 -0.07741199072 0 -0.08944187769 0.339821221 -0.06972743799 0 0.08152291066 0.04458868275 0.112733504 0 5.124516128 -0.1697376862 -0.2366387094 1


mesh: pSphereShape19 tranform: pSphere19 0.0676087166 0.006211179421 -0.05351972106 0 0.03788443891 0.4176112938 0.09632294165 0 0.06214707602 -0.02312659711 0.07582327648 0 5.214708756 -0.8641666234 -0.2376715041 1


mesh: pSphereShape20 tranform: pSphere20 0.03065766041 0.016663032 -0.1100179599 0 -0.0008331103058 0.08105664686 0.01204447246 0 0.2524794242 -0.007686432562 0.06919187725 0 5.378912509 -1.288929146 -0.231438781 1


mesh: pSphereShape21 tranform: pSphere21 0.2547649579 0.002209143191 -0.06937075801 0 -0.02406748091 0.1160018886 -0.08469398558 0 0.05411575515 0.1600513203 0.20383768 0 4.848378408 0.2441237606 -0.2974399597 1


