mesh: pSphereShape1 tranform: pSphere1 -0.00246183994 0.1442301081 0.0273815648 0 -0.06340184341 0.009468615575 -0.05557551766 0 -0.1008520402 -0.02282578329 0.1111654368 0 4.098301422 -0.106204279 -0.5273088509 1


mesh: pSphereShape2 tranform: pSphere2 -0.02897261725 0.2562020967 0.03182153861 0 -0.1025321255 0.0003449648967 -0.0961300079 0 -0.08922813966 -0.02190125246 0.09509200978 0 4.099794449 0.2393287104 -0.4556909152 1


mesh: pSphereShape3 tranform: pSphere3 -0.0621143427 0.2790980316 0.06696637439 0 -0.09347032579 0.002188815631 -0.09582035822 0 -0.0911996835 -0.04141549353 0.08801692464 0 4.041923839 0.7020954314 -0.3783907878 1


mesh: pSphereShape4 tranform: pSphere4 -0.003907489868 0.01059132591 0.1803910761 0 -0.03082078337 0.1451770033 -0.00919141285 0 -0.1685906674 -0.03588925498 -0.001544707947 0 3.968050255 0.9848113422 -0.1916505582 1


mesh: pSphereShape5 tranform: pSphere5 -0.02570637817 0.008704160957 0.1848069507 0 -0.02775259688 0.1353456937 -0.01023494758 0 -0.171368851 -0.0368106138 -0.02210342722 0 3.929795085 1.018352053 0.09910311563 1


mesh: pSphereShape6 tranform: pSphere6 -0.02803590684 -0.2452168822 0.1004571053 0 -0.05927451209 0.03942201331 0.07968703131 0 -0.08659958429 -0.01370969752 -0.05763402341 0 3.8965654 0.7332646692 0.2689569186 1


mesh: pSphereShape7 tranform: pSphere7 -0.1220168268 -0.2054672318 0.07809691125 0 -0.05198050261 0.05573714922 0.06542719414 0 -0.08960672779 0.01975664344 -0.08802122433 0 3.725342479 0.3145931575 0.3867977181 1


mesh: pSphereShape8 tranform: pSphere8 0.01645030609 -0.1884575268 0.007362461305 0 -0.02829021496 -0.001151585593 0.03373297493 0 -0.0876087887 -0.01053172289 -0.07383278972 0 3.602671769 -0.005352362656 0.4569657111 1


mesh: pSphereShape10 tranform: pSphere10 -0.007415209211 -0.0006707148382 0.1833336007 0 -0.01023952172 0.1544504378 0.0001508943507 0 -0.2225346148 -0.01474441738 -0.009054696025 0 3.886823494 1.42641879 -0.05499942803 1


mesh: pSphereShape11 tranform: pSphere11 -0.003004311882 0.0004927835501 0.04393526242 0 -0.1215638396 0.1203769665 -0.009662750449 0 -0.08041895939 -0.0815798281 -0.004584072721 0 3.843073766 1.228423823 -0.08738048292 1


mesh: pSphereShape12 tranform: pSphere12 -0.03638105632 0.01506563767 0.3139762027 0 -0.02543778902 0.1634624672 -0.01079100871 0 -0.2560550697 -0.04167355326 -0.02766998003 0 3.987632707 0.8128388574 -0.06936666678 1


mesh: pSphereShape13 tranform: pSphere13 -0.02723286558 0.01715553113 0.2167088608 0 -0.04538673058 0.2006742522 -0.02158972225 0 -0.1893785556 -0.04500900213 -0.02023529354 0 3.983383297 0.583796216 -0.04733863514 1


mesh: pSphereShape14 tranform: pSphere14 -0.03096435921 0.01522514581 0.2188571446 0 -0.04937648108 0.2353895439 -0.02336113465 0 -0.1851070029 -0.0411440502 -0.02332706833 0 4.013386059 0.3925502984 -0.0299871527 1


mesh: pSphereShape15 tranform: pSphere15 -0.02045633298 0.01559253969 0.1495649123 0 -0.08133982998 0.3679116341 -0.04948079926 0 -0.1819623809 -0.04297379047 -0.02040727649 0 4.150047426 -0.1932799908 -0.1603288967 1


mesh: pSphereShape16 tranform: pSphere16 -0.01514042125 0.01281471856 0.09823344846 0 -0.1844012844 0.3048377365 -0.0681878019 0 -0.07055862611 -0.04383550608 -0.005156569956 0 4.373164098 -0.8547185606 -0.08910972057 1


mesh: pSphereShape17 tranform: pSphere17 -0.02776621353 0.01185366832 0.1082398771 0 -0.0439921902 0.09182976768 -0.02134163691 0 -0.2427577232 -0.1275230782 -0.04830794943 0 4.432181829 -1.345491914 -0.04873034881 1


mesh: pSphereShape18 tranform: pSphere18 -0.02367679822 0.01732353974 0.1244312532 0 0.1979153083 0.298587451 -0.0039105188 0 -0.1187302372 0.07826041472 -0.03348756172 0 3.814707262 -0.1551983744 0.1467259537 1


mesh: pSphereShape19 tranform: pSphere19 -0.01485222483 0.009428678642 0.08464271551 0 -0.0411652578 0.424786 -0.05454180341 0 -0.09876194889 -0.0116296163 -0.01603425347 0 3.615093081 -0.8061711484 0.2092094364 1


mesh: pSphereShape20 tranform: pSphere20 0.006756807796 0.01296356292 0.1144892652 0 0.01036909448 0.08070538517 -0.009750183257 0 -0.2593439006 0.03469521701 0.011377165 0 3.427709084 -1.201817093 0.2404710543 1


mesh: pSphereShape21 tranform: pSphere21 -0.03690250588 0.01814492684 0.2608281673 0 0.06771083551 0.12893263 0.000610464612 0 -0.2314586139 0.1217489908 -0.04121690347 0 4.096954506 0.2345344177 -0.002976859047 1


