mesh: pSphereShape1 tranform: pSphere1 0.005930087813 0.1441156753 0.02745252311 0 -0.06033108183 0.0135484369 -0.05809205638 0 -0.106567887 -0.01598716009 0.1069467199 0 3.979212292 -0.1203706508 -0.5294034555 1


mesh: pSphereShape2 tranform: pSphere2 -0.01257964854 0.2573461222 0.03326053282 0 -0.1037686807 0.007144364032 -0.09452488115 0 -0.08895129019 -0.01680469463 0.09637990612 0 4.002003352 0.2242246626 -0.4569807896 1


mesh: pSphereShape3 tranform: pSphere3 -0.04769980994 0.281586358 0.06835385311 0 -0.09447305403 0.006960648262 -0.09460140171 0 -0.09196076209 -0.03720610358 0.08909842025 0 3.970599078 0.6888255318 -0.3775705015 1


mesh: pSphereShape4 tranform: pSphere4 -0.003099997063 0.009440800291 0.1804706245 0 -0.03374055224 0.1445891637 -0.008143336544 0 -0.1678530343 -0.0392161308 -0.000831782206 0 3.908180054 0.9719939386 -0.1892792457 1


mesh: pSphereShape5 tranform: pSphere5 -0.02502532965 0.007010806361 0.1849723514 0 -0.02944234698 0.1350692657 -0.009102705852 0 -0.1710000975 -0.03873472869 -0.02166687128 0 3.87116623 1.003137722 0.1019123517 1


mesh: pSphereShape6 tranform: pSphere6 -0.02364367287 -0.246733701 0.0978387393 0 -0.05924885143 0.03762626021 0.08056937398 0 -0.0868194252 -0.01434140744 -0.05714749252 0 3.843063035 0.7159534281 0.2689400534 1


mesh: pSphereShape7 tranform: pSphere7 -0.1174729839 -0.2084893452 0.07704743897 0 -0.05240964164 0.05409013757 0.0664590601 0 -0.09075208004 0.01897826883 -0.08701328541 0 3.679773676 0.2930795971 0.3836326095 1


mesh: pSphereShape8 tranform: pSphere8 0.01965615203 -0.1881909373 0.006234150278 0 -0.02778691203 -0.001771928642 0.03412218924 0 -0.0884600134 -0.01164581953 -0.07264088931 0 3.563539578 -0.02958674727 0.4525390535 1


mesh: pSphereShape10 tranform: pSphere10 -0.007625615634 -0.002262818273 0.1833122308 0 -0.0111758312 0.1543788629 0.001440758851 0 -0.2224303881 -0.01601403474 -0.009450572325 0 3.825881582 1.412368135 -0.0489188844 1


mesh: pSphereShape11 tranform: pSphere11 -0.002942999867 6.38525148e-05 0.04394212881 0 -0.1215005635 0.1205415438 -0.008312592785 0 -0.08047710726 -0.08148090266 -0.005271509635 0 3.783716025 1.215144786 -0.08265587644 1


mesh: pSphereShape12 tranform: pSphere12 -0.03631567259 0.0123224233 0.3141033912 0 -0.02875195436 0.162979726 -0.009717984014 0 -0.2551913835 -0.04666950061 -0.02767358021 0 3.931862596 0.7997216911 -0.06814922095 1


mesh: pSphereShape13 tranform: pSphere13 -0.02663773936 0.01689649705 0.2168031614 0 -0.04573240059 0.2006314889 -0.02125511961 0 -0.1893716745 -0.04525711543 -0.01974024069 0 3.93023669 0.5709909388 -0.04695318244 1


mesh: pSphereShape14 tranform: pSphere14 -0.0302354309 0.01439813123 0.2190149741 0 -0.04836816894 0.2357135664 -0.02217322041 0 -0.1853628416 -0.04019486923 -0.02294726381 0 3.959829947 0.3798960916 -0.03029172569 1


mesh: pSphereShape15 tranform: pSphere15 -0.02103591451 0.01543865193 0.1495004688 0 -0.09674727004 0.3639265148 -0.05119517116 0 -0.1800036668 -0.05067945819 -0.02009438001 0 4.117401431 -0.2002996595 -0.1609496615 1


mesh: pSphereShape16 tranform: pSphere16 -0.01541056245 0.01238285594 0.09824682797 0 -0.1909007407 0.3008828498 -0.06786658572 0 -0.06960186204 -0.04533392254 -0.00520363273 0 4.362874677 -0.8552197748 -0.08811989024 1


mesh: pSphereShape17 tranform: pSphere17 -0.027081696 0.0106723591 0.1085358261 0 -0.04512864054 0.09152282183 -0.02025989596 0 -0.2417361285 -0.1297252209 -0.0475617166 0 4.4306535 -1.342923919 -0.04820174019 1


mesh: pSphereShape18 tranform: pSphere18 -0.02391002576 0.01552899681 0.1246234067 0 0.1993285905 0.2976693056 0.001151036074 0 -0.1182751544 0.07932667689 -0.03257675107 0 3.767023806 -0.1698021825 0.1390227077 1


mesh: pSphereShape19 tranform: pSphere19 -0.01507847907 0.008554538165 0.08469555595 0 -0.01511201271 0.4275276655 -0.04587215769 0 -0.09912161166 -0.005339267172 -0.0171074877 0 3.546002357 -0.8220910668 0.1893240865 1


mesh: pSphereShape20 tranform: pSphere20 0.003070766184 0.007647555297 0.115124218 0 0.01429293648 0.08049126269 -0.005728174835 0 -0.2577933924 0.04604836259 0.00381731872 0 3.335481262 -1.208707775 0.2052633789 1


mesh: pSphereShape21 tranform: pSphere21 -0.03603378836 0.01715931271 0.2610162643 0 0.06830205937 0.1286181688 0.000973818905 0 -0.2310216907 0.1229856467 -0.03997810599 0 4.04275486 0.221382369 -0.004231821126 1


