mesh: pSphereShape1 tranform: pSphere1 -0.009740705903 0.1429178414 -0.03221403552 0 0.05782519641 0.01737561476 0.05960219177 0 0.1106390607 -0.01562721071 -0.1027846937 0 1.084794707 -0.109286144 1.765461205 1


mesh: pSphereShape2 tranform: pSphere2 0.00309619293 0.2567414541 -0.03956989415 0 0.09520300613 0.01462707196 0.1023541429 0 0.09725897812 -0.01478975588 -0.08835027101 0 1.052080642 0.2317895424 1.6812345 1


mesh: pSphereShape3 tranform: pSphere3 0.03521407507 0.2821190887 -0.07353357637 0 0.08604731762 0.01567782675 0.1013562955 0 0.10089133 -0.03356511338 -0.08046071772 0 1.063951695 0.6955804308 1.590211532 1


mesh: pSphereShape4 tranform: pSphere4 0.01444099657 0.01110625943 -0.1798235068 0 0.01895216919 0.1471022274 0.01060731016 0 0.1704138338 -0.02284066615 0.01227465343 0 1.119758586 0.9828604311 1.399563248 1


mesh: pSphereShape5 tranform: pSphere5 0.03315002201 0.01144396619 -0.1834674385 0 0.01562072925 0.1371857002 0.01137954533 0 0.1727166537 -0.02214058512 0.02982646298 0 1.16976398 1.020308283 1.110844682 1


mesh: pSphereShape6 tranform: pSphere6 0.08140024725 -0.235428975 -0.09463698477 0 0.0547890765 0.04988981827 -0.07698538177 0 0.084186617 0.003985489993 0.06249683071 0 1.261432102 0.7467231983 0.947053795 1


mesh: pSphereShape7 tranform: pSphere7 0.1589746572 -0.181345217 -0.07102807563 0 0.04450077965 0.06387312891 -0.06347617035 0 0.08080439219 0.03489546945 0.09176264476 0 1.513309286 0.3657386165 0.84271508 1


mesh: pSphereShape8 tranform: pSphere8 0.01425130792 -0.1877147097 -0.02002862403 0 0.0331852113 0.005551386491 -0.02841654216 0 0.07514292525 -0.003583436369 0.08705284402 0 1.691839624 0.07157856294 0.7796820866 1


mesh: pSphereShape10 tranform: pSphere10 0.01590230792 0.01471596807 -0.1822009912 0 0.002644885956 0.1542459194 0.01268894203 0 0.2223336878 -0.005373044296 0.018971078 0 1.185476469 1.428584587 1.30428345 1


mesh: pSphereShape11 tranform: pSphere11 0.005122287216 0.005049916298 -0.04344924083 0 0.1147360126 0.1241603942 0.02795699961 0 0.0840999493 -0.0779098893 0.0008595242334 0 1.237207914 1.230375763 1.324349312 1


mesh: pSphereShape12 tranform: pSphere12 0.04461035125 0.01872245202 -0.3127155207 0 0.008879161467 0.1651672628 0.01115531029 0 0.2579117198 -0.01628406196 0.03581739344 0 1.123819265 0.8100844972 1.277085969 1


mesh: pSphereShape13 tranform: pSphere13 0.02684450973 0.01174364905 -0.2171177804 0 0.01658223124 0.2057851309 0.01318091139 0 0.1935934572 -0.01707381167 0.02301245244 0 1.155487086 0.5837779568 1.259545953 1


mesh: pSphereShape14 tranform: pSphere14 0.02385569894 0.005174346176 -0.2202116666 0 0.01822709116 0.2408350469 0.007633491582 0 0.1893957276 -0.01497318124 0.02016555754 0 1.151636538 0.3892486407 1.251539674 1


mesh: pSphereShape15 tranform: pSphere15 -0.00301740218 -0.0001308777185 -0.1517304518 0 -0.08533723697 0.3703230294 0.00137763863 0 0.1832371292 0.04223885455 -0.003680396594 0 1.21573434 -0.182227828 1.436273536 1


mesh: pSphereShape16 tranform: pSphere16 -0.001119544138 0.004616336593 -0.1001034256 0 0.07495556592 0.3545708198 0.01551297747 0 0.08142502207 -0.01713866615 -0.0017010083 0 1.269178548 -0.8725422676 1.458280036 1


mesh: pSphereShape17 tranform: pSphere17 0.02383055962 -0.001818045387 -0.1098004654 0 0.002400206704 0.1040013503 -0.00120109606 0 0.2720278968 -0.005595116414 0.05913225566 0 1.380442782 -1.336860976 1.497617482 1


mesh: pSphereShape18 tranform: pSphere18 0.0258045234 0.005501323922 -0.1250907454 0 -0.08364028482 0.3483400472 -0.001934325767 0 0.1389605975 0.03353334039 0.03014043719 0 1.238219655 -0.2228759445 1.088256564 1


mesh: pSphereShape19 tranform: pSphere19 0.01287477799 -0.0004832936124 -0.08548616479 0 0.3658675981 0.2198923627 0.05385890848 0 0.05083542244 -0.0865775758 0.00814561244 0 1.064565325 -0.7772920088 1.032635317 1


mesh: pSphereShape20 tranform: pSphere20 -0.003581170832 0.005758982605 -0.1152193977 0 0.07504723223 0.03291479625 -0.0006873948452 0 0.1048989875 -0.2394925448 -0.01523089539 0 0.7982937078 -1.191478564 1.000683443 1


mesh: pSphereShape21 tranform: pSphere21 0.02843059223 0.006166649176 -0.2624424509 0 -0.08420729443 0.1186497411 -0.006334310309 0 0.2141188157 0.1533937227 0.02679997077 0 1.089187213 0.2202510216 1.236635096 1


