mesh: pSphereShape1 tranform: pSphere1 -0.03586130957 0.1376509737 -0.03639108066 0 0.04354231321 0.02900152732 0.06679120425 0 0.124914665 0.00988015118 -0.08572405617 0 -1.91705488 0.1438607427 0.5377338669 1


mesh: pSphereShape2 tranform: pSphere2 -0.03762185546 0.2502355376 -0.05880738815 0 0.1159456248 0.03427376519 0.07166488179 0 0.07224040675 -0.01492813546 -0.1097373706 0 -2.009054734 0.4708296213 0.4420620977 1


mesh: pSphereShape3 tranform: pSphere3 0.0161874584 0.2747903684 -0.1023064893 0 0.107556803 0.02217163265 0.07657014167 0 0.07905499574 -0.04152418591 -0.09902350242 0 -2.045896496 0.9209571534 0.3152449646 1


mesh: pSphereShape4 tranform: pSphere4 -0.01079041593 -0.0164642608 -0.1796688065 0 0.02759424534 0.1453445496 -0.01497613307 0 0.1690682812 -0.03283449631 -0.007144931766 0 -2.020413316 1.179205045 0.09194949937 1


mesh: pSphereShape5 tranform: pSphere5 0.004970837088 -0.01781904006 -0.1858708205 0 0.02537896902 0.1356371325 -0.01232452071 0 0.1736127563 -0.03178579523 0.007690250048 0 -2.011840252 1.170163455 -0.2033710012 1


mesh: pSphereShape6 tranform: pSphere6 0.04150664401 -0.2524846241 -0.0744155527 0 0.04710344939 0.03415799393 -0.08962188562 0 0.09275054518 0.0007910666737 0.04904931236 0 -1.972707455 0.8688279108 -0.3405719146 1


mesh: pSphereShape7 tranform: pSphere7 0.1735970787 -0.1741802372 -0.05224285685 0 0.03348615245 0.05622888 -0.07619915246 0 0.08162038979 0.0577967918 0.07851795582 0 -1.737653302 0.4838561856 -0.4136054873 1


mesh: pSphereShape8 tranform: pSphere8 0.06303684852 -0.1778596453 0.01527612874 0 0.02187587814 0.00449303791 -0.03795832683 0 0.09221589752 0.03763020972 0.05759942226 0 -1.519165256 0.2145145143 -0.4527972086 1


mesh: pSphereShape10 tranform: pSphere10 0.006619128602 -0.02342423152 -0.1818629617 0 -0.01836966292 0.1523503104 -0.02029154298 0 0.2214825866 0.02731044784 0.004543506072 0 -2.028557472 1.604436788 -0.1062701871 1


mesh: pSphereShape11 tranform: pSphere11 0.0007421419884 -0.00590714033 -0.0436363487 0 0.09796454787 0.1395281237 -0.01722207803 0 0.09404113465 -0.06474823027 0.0103644959 0 -1.948201557 1.422969582 -0.05620754678 1


mesh: pSphereShape12 tranform: pSphere12 -0.001717076987 -0.03054220979 -0.3149537039 0 0.01843972636 0.163973864 -0.01600167428 0 0.2592728186 -0.02901991158 0.001400652959 0 -2.042352317 0.9904709162 -0.00165003072 1


mesh: pSphereShape13 tranform: pSphere13 0.0006369480764 -0.02160929069 -0.2180167526 0 0.03905546253 0.2021729472 -0.0199247885 0 0.1921825491 -0.03671158604 0.004200235205 0 -2.030182298 0.7608793078 0.01268233945 1


mesh: pSphereShape14 tranform: pSphere14 0.000498537664 -0.01370316428 -0.2211357526 0 0.04446051423 0.2370704556 -0.01459035963 0 0.187791691 -0.0350589467 0.00259587032 0 -2.055287026 0.5683138121 0.02717164389 1


mesh: pSphereShape15 tranform: pSphere15 -0.01747481086 0.00251465552 -0.1507300877 0 -0.1165946317 0.3611748272 0.01954287597 0 0.1776931528 0.05842493855 -0.01962604604 0 -1.947701832 0.009843886663 0.1969511779 1


mesh: pSphereShape16 tranform: pSphere16 -0.008204049581 0.01230611058 -0.09911868127 0 0.1851486429 0.3110575391 0.02329469883 0 0.07124365304 -0.04157768172 -0.01105892448 0 -1.952503117 -0.6312087185 0.1905102786 1


mesh: pSphereShape17 tranform: pSphere17 0.02270188762 -0.01547182339 -0.1089614153 0 0.06319417833 0.08263126569 0.001433266859 0 0.2139111547 -0.1647723887 0.06796457508 0 -2.041080931 -1.149047079 0.2251500329 1


mesh: pSphereShape18 tranform: pSphere18 -0.008186507141 -0.006644998757 -0.1274074475 0 -0.04268036412 0.3553438711 -0.015790729 0 0.144749874 0.01693335657 -0.01018400443 0 -2.048911844 -0.04442170118 -0.1212862466 1


mesh: pSphereShape19 tranform: pSphere19 -0.007193130022 -0.00536494481 -0.08598461548 0 0.1845217562 0.3866512231 -0.0395611638 0 0.09060791254 -0.04373719586 -0.004850947481 0 -2.135578048 -0.736575961 -0.09272277784 1


mesh: pSphereShape20 tranform: pSphere20 -0.03045319837 0.008746061402 -0.1109847259 0 0.04787491292 0.06603797078 -0.007932371463 0 0.2010177895 -0.1538113077 -0.0672784268 0 -2.139113702 -1.239851253 -0.08015233448 1


mesh: pSphereShape21 tranform: pSphere21 0.0005941440271 -0.01633106944 -0.2635437522 0 -0.07129632126 0.1267334312 -0.008014049774 0 0.230856164 0.1293984207 -0.007498006556 0 -2.136599134 0.4069492899 0.03283662525 1


