mesh: pSphereShape1 tranform: pSphere1 -0.04563655746 0.1395157717 -0.003284647289 0 0.03519309174 0.009708842451 -0.07658505901 0 -0.1298343648 -0.04400569474 -0.0652414078 0 4.696201218 -0.05560378183 0.1874070801 1


mesh: pSphereShape2 tranform: pSphere2 -0.06747637609 0.2490524992 -0.03018821798 0 0.07641865187 0.006427552362 -0.1177828952 0 -0.1055255231 -0.0371348258 -0.07049244489 0 4.583474747 0.278723775 0.1909593384 1


mesh: pSphereShape3 tranform: pSphere3 -0.1104405463 0.2673498447 -0.05064922877 0 0.07668525912 0.01099301489 -0.1091858893 0 -0.09711529082 -0.05407095668 -0.07365158743 0 4.441124905 0.7272078291 0.1401921119 1


mesh: pSphereShape4 tranform: pSphere4 -0.1725048641 -0.0003018049467 0.05394780586 0 -0.007254910895 0.1468243747 -0.02237709349 0 -0.05075873267 -0.02726816733 -0.162459952 0 4.215897479 0.9943410336 0.1241966778 1


mesh: pSphereShape5 tranform: pSphere5 -0.1844885705 -0.0005766894786 0.0292202689 0 -0.003443423527 0.1371834226 -0.01903336515 0 -0.02729104071 -0.02465923362 -0.1727946387 0 3.926935998 1.012883369 0.1772048565 1


mesh: pSphereShape6 tranform: pSphere6 -0.1024732154 -0.2444801458 -0.02715989385 0 -0.09658235427 0.04238395252 -0.01711827353 0 0.01966375835 0.003202236639 -0.1030155656 0 3.757412951 0.7256612908 0.1627617879 1


mesh: pSphereShape7 tranform: pSphere7 -0.1186968141 -0.1931207722 -0.1087172965 0 -0.08103814556 0.05767770667 -0.01397931704 0 0.04516710212 0.03600648754 -0.1132735287 0 3.583764259 0.3267138247 -0.01081420574 1


mesh: pSphereShape8 tranform: pSphere8 -0.01157670106 -0.188723922 -0.009503634585 0 -0.04290923199 0.003106469804 -0.009419324006 0 0.02493786307 0.004122546348 -0.1122435097 0 3.461256929 0.02400797205 -0.1368301484 1


mesh: pSphereShape10 tranform: pSphere10 -0.1505854241 -0.01550312394 0.1036837861 0 -0.02556944435 0.1519813519 -0.01441112389 0 -0.1220856032 -0.03788992466 -0.1829767725 0 4.000824683 1.416687178 0.09192003821 1


mesh: pSphereShape11 tranform: pSphere11 -0.03965248966 -0.001360589777 0.01911556614 0 -0.05976628734 0.1109762731 -0.1160775931 0 -0.02982831353 -0.08728076969 -0.06808693016 0 4.040869806 1.221238168 0.03953889741 1


mesh: pSphereShape12 tranform: pSphere12 -0.3098743766 -0.001428835676 0.06408931044 0 -0.003435426189 0.1652410649 -0.01292646487 0 -0.05257636754 -0.02101596476 -0.254677377 0 4.112518799 0.8143902302 0.1667566799 1


mesh: pSphereShape13 tranform: pSphere13 -0.2154989301 0.001131562889 0.03946647011 0 -0.002478395084 0.2059423932 -0.01943746821 0 -0.03519062532 -0.0185092539 -0.191620829 0 4.099929249 0.5871848759 0.1425606065 1


mesh: pSphereShape14 tranform: pSphere14 -0.2181091233 0.0117538844 0.03713896681 0 0.009546188357 0.2406186004 -0.02008920829 0 -0.03273198246 -0.01437075847 -0.1876797435 0 4.094761949 0.3933020668 0.1484009363 1


mesh: pSphereShape15 tranform: pSphere15 -0.1323053138 -0.01335578529 0.07313124358 0 -0.0031164446 0.3747916496 0.0628091961 0 -0.09211847319 0.02635630934 -0.1618426505 0 4.243288951 -0.2133837286 0.06542506266 1


mesh: pSphereShape16 tranform: pSphere16 -0.08808045443 -0.004881551744 0.04755274716 0 -0.05732030355 0.351251722 -0.07011466482 0 -0.03745699194 -0.02037944244 -0.07147246747 0 4.31494265 -0.9047012503 0.01759667919 1


mesh: pSphereShape17 tranform: pSphere17 -0.09832615806 0.007232952694 0.05391654746 0 0.0009623231596 0.1033247297 -0.01210614132 0 -0.1347679779 -0.02711483802 -0.2421352584 0 4.293818233 -1.379693061 -0.07940191378 1


mesh: pSphereShape18 tranform: pSphere18 -0.1254001895 0.007160958903 -0.02381902038 0 0.01637364943 0.3572432264 0.02119924807 0 0.02762719087 0.007235790916 -0.1432737246 0 3.891343584 -0.201105857 0.177343571 1


mesh: pSphereShape19 tranform: pSphere19 -0.08501092257 0.004944091644 -0.01491900984 0 0.04885521437 0.4020694143 -0.14514092 0 0.01430109101 -0.03538772126 -0.09321725049 0 3.818769009 -0.9056828851 0.253538025 1


mesh: pSphereShape20 tranform: pSphere20 -0.1105709956 -0.01025578241 -0.03147021029 0 -0.005186535271 0.08136504008 -0.008292978532 0 0.07325487491 -0.02087038909 -0.2505805398 0 3.858701163 -1.322842854 0.1850143362 1


mesh: pSphereShape21 tranform: pSphere21 -0.2599366953 0.01400796914 0.04426124022 0 0.02042184172 0.1182550455 0.08250724571 0 -0.02807916724 0.1538818631 -0.2136040084 0 4.092431413 0.2244245888 0.2128774898 1


