mesh: pSphereShape1 tranform: pSphere1 -0.02206447211 0.1419347756 0.03042718164 0 -0.0402682709 0.009615521376 -0.07405467372 0 -0.1316695005 -0.03484729888 0.06707244686 0 4.757601845 -0.09352497717 -0.4324803695 1


mesh: pSphereShape2 tranform: pSphere2 -0.05375260632 0.2523508031 0.03035237528 0 -0.06009715128 0.002477601945 -0.1270280602 0 -0.1163559653 -0.03133229665 0.05443705179 0 4.71135237 0.2465063061 -0.3503682567 1


mesh: pSphereShape3 tranform: pSphere3 -0.0993901284 0.2715136175 0.05138439489 0 -0.05182939456 0.00437338841 -0.1233597224 0 -0.1143599803 -0.05061614227 0.04625370731 0 4.601314055 0.7006985399 -0.2795402865 1


mesh: pSphereShape4 tranform: pSphere4 -0.04877772497 0.02222060697 0.1726133343 0 -0.02377555371 0.144581624 -0.02533065525 0 -0.1636751597 -0.0342463173 -0.04184339525 0 4.467328596 0.9878407501 -0.1179516808 1


mesh: pSphereShape5 tranform: pSphere5 -0.07292956603 0.02115631056 0.1706571951 0 -0.02019713823 0.1346992788 -0.02532977468 0 -0.1605916915 -0.03614225926 -0.06414757667 0 4.356607622 1.040754717 0.1501298959 1


mesh: pSphereShape6 tranform: pSphere6 -0.0621048579 -0.2367394057 0.1053869147 0 -0.07258858307 0.04698730634 0.06277480806 0 -0.07301052867 -0.01382326265 -0.07407769282 0 4.270073444 0.7691324296 0.3238079497 1


mesh: pSphereShape7 tranform: pSphere7 -0.1434658762 -0.1962827411 0.06398941137 0 -0.06206158525 0.06151143642 0.04953809659 0 -0.06877865443 0.0157891044 -0.1057715814 0 4.058166434 0.3648053991 0.4275674007 1


mesh: pSphereShape8 tranform: pSphere8 0.005933494159 -0.1870647479 0.02850669318 0 -0.036235099 0.002643913894 0.02489183258 0 -0.06529520119 -0.01629206156 -0.09331989774 0 3.910405591 0.05418879941 0.4909182431 1


mesh: pSphereShape10 tranform: pSphere10 -0.02498834155 0.01618878478 0.1810528938 0 -0.01692925584 0.153024816 -0.01601918521 0 -0.2197750277 -0.02723429453 -0.02789750121 0 4.341560844 1.432167624 -0.04199311025 1


mesh: pSphereShape11 tranform: pSphere11 -0.009881235609 0.005700293997 0.042537558 0 -0.1220674274 0.1121562194 -0.04338519937 0 -0.07623519393 -0.08539572814 -0.006265455024 0 4.312395639 1.229720086 -0.0667133835 1


mesh: pSphereShape12 tranform: pSphere12 -0.1133861462 0.03615069731 0.2932035461 0 -0.0155832376 0.1629676106 -0.02611945223 0 -0.2423338188 -0.03745219148 -0.08909638139 0 4.449380155 0.8238079356 0.01495555558 1


mesh: pSphereShape13 tranform: pSphere13 -0.0767271977 0.02805568806 0.2032842519 0 -0.02461875438 0.2020108573 -0.03717199716 0 -0.1818231512 -0.03392500432 -0.06394490183 0 4.427495782 0.5975860345 0.04520143974 1


mesh: pSphereShape14 tranform: pSphere14 -0.07814716891 0.02643353946 0.2056291183 0 -0.02723954461 0.2366176166 -0.04076919877 0 -0.1774731977 -0.03135735182 -0.06341583461 0 4.439484781 0.4056126498 0.07499846404 1


mesh: pSphereShape15 tranform: pSphere15 -0.09161293912 0.001840108335 0.1209749364 0 0.03371900281 0.3780146347 0.01978516495 0 -0.1490114115 0.01921340492 -0.1131368904 0 4.498346528 -0.1920752145 -0.1029853583 1


mesh: pSphereShape16 tranform: pSphere16 -0.06082331001 0.003179680667 0.07958438511 0 -0.03902943216 0.3579228827 -0.04412900492 0 -0.06553631001 -0.01325636858 -0.04955726272 0 4.497114829 -0.8974853951 -0.1321453204 1


mesh: pSphereShape17 tranform: pSphere17 -0.09825559437 -0.01312187807 0.0529244513 0 -0.007300976329 0.1030829546 0.01200352912 0 -0.1336876815 0.01888721605 -0.2435117708 0 4.456300056 -1.346907992 -0.275079631 1


mesh: pSphereShape18 tranform: pSphere18 -0.02616036796 0.01086023644 0.1246656448 0 0.07706652463 0.3495669388 -0.01428052587 0 -0.1395047938 0.02945488587 -0.03184023769 0 4.327646998 -0.1870882525 0.2812754248 1


mesh: pSphereShape19 tranform: pSphere19 -0.01565707121 0.005456986698 0.08484665739 0 -0.2054375348 0.3729301554 -0.06189548499 0 -0.08660357527 -0.04982819109 -0.01277653832 0 4.386872735 -0.8590290289 0.361073433 1


mesh: pSphereShape20 tranform: pSphere20 0.01792007486 0.03474096459 0.1085975901 0 -0.01636691763 0.07722614816 -0.02200430495 0 -0.2533831951 -0.03829642464 0.05406289913 0 4.363420853 -1.276458213 0.4371335793 1


mesh: pSphereShape21 tranform: pSphere21 -0.09313373291 0.03150279451 0.2450633549 0 0.07421000419 0.1247136683 0.01217083495 0 -0.2077823955 0.133014426 -0.09606444941 0 4.504259093 0.2443507091 0.1248094564 1


