mesh: pSphereShape1 tranform: pSphere1 -0.02691716148 0.1417429254 0.02724966713 0 -0.06559604234 -0.002120473454 -0.05376568993 0 -0.09217680735 -0.03942331301 0.1140137856 0 4.549136895 -0.0867334536 -0.5067337363 1


mesh: pSphereShape2 tranform: pSphere2 -0.06775536482 0.2492274612 0.02804318715 0 -0.09118436285 -0.01284197491 -0.1061811181 0 -0.09452769829 -0.03531306638 0.08544774831 0 4.494383993 0.2544799665 -0.4355007965 1


mesh: pSphereShape3 tranform: pSphere3 -0.09083866816 0.2717657388 0.06426599177 0 -0.08429361583 -0.003594823111 -0.1039456461 0 -0.09502537726 -0.05039750653 0.07880275002 0 4.378623703 0.7081328011 -0.3615641229 1


mesh: pSphereShape4 tranform: pSphere4 -0.01210567906 0.01249945663 0.1799044221 0 -0.02568550992 0.1459798062 -0.01187079656 0 -0.1693911374 -0.03055902155 -0.009275055943 0 4.277203131 0.9877406797 -0.1784881236 1


mesh: pSphereShape5 tranform: pSphere5 -0.03555135735 0.01145709622 0.1830164617 0 -0.02342043634 0.1359204979 -0.01305829269 0 -0.1708458208 -0.03243175068 -0.03115690843 0 4.224678703 1.025367972 0.1093104878 1


mesh: pSphereShape6 tranform: pSphere6 -0.0508325758 -0.2405489893 0.1027676717 0 -0.0592266943 0.04523083354 0.07657647326 0 -0.08500707024 -0.008084837384 -0.06097177933 0 4.164228635 0.7462683171 0.2815348832 1


mesh: pSphereShape7 tranform: pSphere7 -0.1398005738 -0.1945036336 0.07634234042 0 -0.05022897306 0.0605964052 0.0624054976 0 -0.0844110195 0.02462077785 -0.09184782873 0 3.957348071 0.3436476307 0.3986353688 1


mesh: pSphereShape8 tranform: pSphere8 0.0007757807481 -0.1886860162 0.01542865078 0 -0.03039237018 0.002473392851 0.03177675521 0 -0.08326524418 -0.00681088503 -0.07910757763 0 3.807556924 0.03571265782 0.4700833022 1


mesh: pSphereShape10 tranform: pSphere10 -0.0106538982 0.00215120072 0.1831625265 0 -0.00831847515 0.1545487817 -0.002298994482 0 -0.2225065962 -0.0121666542 -0.0127995052 0 4.197435973 1.431839598 -0.05015302524 1


mesh: pSphereShape11 tranform: pSphere11 -0.00408671126 0.001276269173 0.04383201955 0 -0.1191111775 0.1223076677 -0.01466668666 0 -0.08172782134 -0.08022551716 -0.005284005978 0 4.152266115 1.234478129 -0.08128645592 1


mesh: pSphereShape12 tranform: pSphere12 -0.04730965751 0.01963546929 0.312262478 0 -0.0190516126 0.164152597 -0.01320856278 0 -0.2562149857 -0.03269448823 -0.03676225102 0 4.284965822 0.8164374425 -0.05398321868 1


mesh: pSphereShape13 tranform: pSphere13 -0.03229374724 0.01844051833 0.2159067686 0 -0.03406633651 0.2028131244 -0.02241758714 0 -0.1908632733 -0.0348852868 -0.0255683857 0 4.269869869 0.588302696 -0.03103967732 1


mesh: pSphereShape14 tranform: pSphere14 -0.03409561086 0.01813357245 0.2181689923 0 -0.03357385574 0.2379882775 -0.02502784074 0 -0.1869024867 -0.02918367567 -0.02678359605 0 4.287840186 0.3961311974 -0.01243142461 1


mesh: pSphereShape15 tranform: pSphere15 -0.0190726428 0.01644128856 0.1496568414 0 -0.01725908641 0.377123336 -0.04363028056 0 -0.1863916532 -0.01113686443 -0.02253072422 0 4.34991783 -0.2038797424 -0.1406915181 1


mesh: pSphereShape16 tranform: pSphere16 -0.01409204765 0.01418962842 0.09820045011 0 -0.142567378 0.3266144553 -0.06765349888 0 -0.0756288239 -0.03423537614 -0.00590605973 0 4.468213438 -0.8893178363 -0.07647605763 1


mesh: pSphereShape17 tranform: pSphere17 -0.02399325989 0.008535091211 0.1094477901 0 -0.01726158399 0.1019209355 -0.01173222548 0 -0.2680641856 -0.05170045508 -0.05473354528 0 4.446381015 -1.356026515 -0.04679439034 1


mesh: pSphereShape18 tranform: pSphere18 -0.0168034881 0.02345548692 0.1245444318 0 0.1637867917 0.3163995063 -0.03748955297 0 -0.1285032037 0.06305927538 -0.0292135747 0 4.115314763 -0.1649710223 0.2092247467 1


mesh: pSphereShape19 tranform: pSphere19 -0.008641427941 0.01150679802 0.08524551117 0 -0.2512823557 0.3418205224 -0.07161313243 0 -0.08114153907 -0.05968492208 -0.00016888185 0 4.114109508 -0.7723161673 0.3224496182 1


mesh: pSphereShape20 tranform: pSphere20 0.02155177017 0.04375713409 0.104605615 0 -0.03255916731 0.07153274762 -0.02321443584 0 -0.2353160849 -0.08045219087 0.08213550949 0 4.15224261 -1.195317226 0.433058187 1


mesh: pSphereShape21 tranform: pSphere21 -0.04063424894 0.02161111294 0.2600080456 0 0.07589379091 0.1242841211 0.001530602696 0 -0.2222576622 0.136288367 -0.0460624841 0 4.360468562 0.2331577324 0.01667233292 1


