mesh: pSphereShape1 tranform: pSphere1 0.007636199105 0.1408382126 -0.04079731796 0 0.0588431202 0.01404078225 0.05948470585 0 0.1090862385 -0.03479429798 -0.09969681107 0 -1.96648176 0.138654561 0.547527914 1


mesh: pSphereShape2 tranform: pSphere2 0.03711315024 0.2496522374 -0.06154601264 0 0.1139055159 0.003348503436 0.08226940596 0 0.07512361845 -0.03644388301 -0.1025285396 0 -1.957518748 0.4754185407 0.4426077703 1


mesh: pSphereShape3 tranform: pSphere3 0.0713325595 0.2658527291 -0.1023346984 0 0.1046608695 0.00401509776 0.08338474176 0 0.07657880592 -0.05649896103 -0.09339784947 0 -1.883409565 0.9230751606 0.3115089644 1


mesh: pSphereShape4 tranform: pSphere4 -0.004522717657 -0.01267399539 -0.1802423365 0 0.03012624018 0.1451996029 -0.01096585639 0 0.1687453135 -0.03514468593 -0.001762981038 0 -1.807272893 1.177429665 0.08930151259 1


mesh: pSphereShape5 tranform: pSphere5 0.01647175726 -0.0138311576 -0.1855466777 0 0.02824546236 0.1354180542 -0.00758696446 0 0.1722522209 -0.03492573295 0.01789501233 0 -1.782890993 1.174481699 -0.2045891858 1


mesh: pSphereShape6 tranform: pSphere6 0.07278587486 -0.2439960022 -0.07859471167 0 0.04243927874 0.04130845229 -0.08893877257 0 0.09192989282 0.01156334071 0.04923726657 0 -1.710803176 0.8842202973 -0.3476899046 1


mesh: pSphereShape7 tranform: pSphere7 0.2216758545 -0.1120442891 -0.0388575563 0 0.01904597153 0.0637722509 -0.07523078606 0 0.05492005721 0.08024489814 0.0819266147 0 -1.405527373 0.5706832108 -0.4113935184 1


mesh: pSphereShape8 tranform: pSphere8 0.1215243353 -0.1432243738 0.02365739816 0 0.02113635891 0.01186010342 -0.03677184097 0 0.06880425689 0.06856497706 0.06166292271 0 -1.10954869 0.3885136167 -0.4321229299 1


mesh: pSphereShape10 tranform: pSphere10 0.01162076777 -0.01497320562 -0.1825031649 0 -0.01329567084 0.1536297696 -0.01345092309 0 0.2219315698 0.02029820414 0.01246600875 0 -1.796242213 1.608301135 -0.08930854796 1


mesh: pSphereShape11 tranform: pSphere11 0.001891650526 -0.004004490775 -0.0438173678 0 0.103015149 0.1366927392 -0.008045123882 0 0.09148132973 -0.06834262732 0.01019522962 0 -1.722486563 1.421914071 -0.04599648701 1


mesh: pSphereShape12 tranform: pSphere12 0.00259212083 -0.0239099601 -0.3155205306 0 0.01970997304 0.1641471783 -0.01227705165 0 0.2590363195 -0.0307702231 0.004459831008 0 -1.827171988 0.9909073509 -0.008852863273 1


mesh: pSphereShape13 tranform: pSphere13 0.002200647509 -0.02181777494 -0.2179858101 0 0.04177323382 0.2016450956 -0.0197605484 0 0.1916611579 -0.03913151341 0.005851487313 0 -1.817318369 0.7609306212 0.003031642551 1


mesh: pSphereShape14 tranform: pSphere14 -1.017269279e-05 -0.01468927806 -0.221073 0 0.04701146739 0.2365056422 -0.01571686897 0 0.1874034143 -0.03708796752 0.002455700471 0 -1.844705308 0.5687766542 0.01763342936 1


mesh: pSphereShape15 tranform: pSphere15 -0.02171982001 0.0009908167171 -0.1501949385 0 -0.1447690423 0.3506065302 0.02324808271 0 0.1718013727 0.07255420008 -0.02436571442 0 -1.703396531 0.02028310386 0.1789254446 1


mesh: pSphereShape16 tranform: pSphere16 -0.01385079392 0.007217269528 -0.09899154656 0 0.05754124718 0.357691866 0.01802746507 0 0.08136369526 -0.01246924947 -0.01229343063 0 -1.569034686 -0.6475225434 0.1722318055 1


mesh: pSphereShape17 tranform: pSphere17 0.01622003271 -0.0008167567087 -0.1111916656 0 0.02287451074 0.101457011 0.002591557708 0 0.2686334264 -0.06157864454 0.03963910165 0 -1.450564419 -1.153665883 0.1920494073 1


mesh: pSphereShape18 tranform: pSphere18 -0.01194068773 -0.0099240184 -0.1268966761 0 -0.02520247942 0.3564471574 -0.02550463346 0 0.1450901758 0.009230024476 -0.01437449325 0 -1.861767033 -0.04130975922 -0.1247170784 1


mesh: pSphereShape19 tranform: pSphere19 -0.009590148852 -0.007210785919 -0.08561490211 0 0.182870858 0.3858288333 -0.05298012093 0 0.09048991018 -0.0437749926 -0.006449339944 0 -1.967304427 -0.7349727266 -0.07519417932 1


mesh: pSphereShape20 tranform: pSphere20 -0.03512342007 -0.003850133358 -0.1098773048 0 0.04014815933 0.06978978303 -0.01527923023 0 0.2139571954 -0.1370062731 -0.06359289611 0 -1.956078763 -1.223325078 -0.04585795145 1


mesh: pSphereShape21 tranform: pSphere21 -1.212354671e-05 -0.01750629381 -0.2634689653 0 -0.06992723403 0.1274647323 -0.008466224041 0 0.232236807 0.1268447465 -0.008438932955 0 -1.927757604 0.4083330033 0.02414579756 1


