mesh: pSphereShape1 tranform: pSphere1 -0.07316972373 0.1179931204 -0.04776975914 0 0.01817788952 0.04053550532 0.07228086699 0 0.1275440943 0.05387456143 -0.06228916743 0 -5.697160145 0.2467875565 0.8383188899 1


mesh: pSphereShape2 tranform: pSphere2 -0.09662025817 0.223985534 -0.0893674631 0 0.1121270593 0.0683540417 0.05009173315 0 0.06275182976 -0.01876072509 -0.1148653958 0 -5.869454661 0.5279428936 0.7122784991 1


mesh: pSphereShape3 tranform: pSphere3 0.03514772141 0.251747472 -0.1470586487 0 0.109897909 0.02654095867 0.07170119157 0 0.07445812592 -0.06336046432 -0.09066996991 0 -5.938123137 0.9329817575 0.5235692533 1


mesh: pSphereShape4 tranform: pSphere4 0.03625320679 -0.01518036968 -0.1764189513 0 0.04152968578 0.1427305398 -0.003747432282 0 0.1618644467 -0.0461194904 0.03723078571 0 -5.853882631 1.174020105 0.2730452319 1


mesh: pSphereShape5 tranform: pSphere5 0.0536937973 -0.01764175013 -0.1780335196 0 0.03992764947 0.1326573892 -0.001103395567 0 0.1613675172 -0.04812445381 0.05343619767 0 -5.766067912 1.164676802 -0.008881574754 1


mesh: pSphereShape6 tranform: pSphere6 0.06608089156 -0.2457384347 -0.07908791847 0 0.08422128354 0.0395549831 -0.05253346159 0 0.05909868026 -0.0117529117 0.08589726142 0 -5.691747052 0.8704570526 -0.1478483808 1


mesh: pSphereShape7 tranform: pSphere7 0.1923498823 -0.1573922369 0.03785793749 0 0.06173285308 0.06431034238 -0.04628774029 0 0.02442413824 0.05659832181 0.1112093431 0 -5.442306044 0.5017901002 -0.1291793274 1


mesh: pSphereShape8 tranform: pSphere8 0.0511198213 -0.1796175882 0.0310699804 0 0.04032656245 0.008822514381 -0.01534625721 0 0.03425475132 0.02811542806 0.1061773639 0 -5.217482216 0.2442900529 -0.05611595374 1


mesh: pSphereShape10 tranform: pSphere10 0.03021178499 -0.02151922208 -0.1796964536 0 0.0002496369605 0.1536962028 -0.01836363866 0 0.2201594634 0.004007591081 0.03653477849 0 -5.778209754 1.599883932 0.09404542284 1


mesh: pSphereShape11 tranform: pSphere11 0.008520325332 -0.004164734735 -0.04300738367 0 0.1105501193 0.1305938961 0.009255016514 0 0.08473955299 -0.07342723758 0.02389853646 0 -5.726720092 1.411693775 0.1563752938 1


mesh: pSphereShape12 tranform: pSphere12 0.07836280671 -0.02949121141 -0.3051575814 0 0.03444072411 0.1620213306 -0.006813966396 0 0.246889723 -0.04961312542 0.06819467736 0 -5.864360749 0.987818786 0.1726481907 1


mesh: pSphereShape13 tranform: pSphere13 0.05270020334 -0.0287052056 -0.2107068373 0 0.06080587574 0.1973889278 -0.01168261918 0 0.1810374398 -0.05266424182 0.05245414871 0 -5.875265244 0.758117981 0.1877064766 1


mesh: pSphereShape14 tranform: pSphere14 0.05162752294 -0.02497413786 -0.2140091999 0 0.06967888818 0.2311569247 -0.01016590178 0 0.1774391078 -0.05134043965 0.04879661637 0 -5.921274346 0.5690681513 0.1994428094 1


mesh: pSphereShape15 tranform: pSphere15 0.02090384766 -0.01676906078 -0.1493756326 0 -0.07194890599 0.3695789777 -0.05155794943 0 0.1828509251 0.03856283012 0.02125932715 0 -5.914566592 0.01398545125 0.4396714234 1


mesh: pSphereShape16 tranform: pSphere16 0.01816382384 -0.0008957965082 -0.09855218321 0 0.2091263418 0.2942091658 0.03586914439 0 0.06630885064 -0.04867679876 0.01266361381 0 -5.995886599 -0.6197061638 0.503414729 1


mesh: pSphereShape17 tranform: pSphere17 0.04295569865 -0.01725742615 -0.1023930283 0 0.06567348719 0.07943476505 0.01416318041 0 0.1878958747 -0.1746476731 0.1082609634 0 -6.13512671 -1.122727836 0.5463726936 1


mesh: pSphereShape18 tranform: pSphere18 0.02067822527 -0.01915506564 -0.1246969408 0 0.005532697018 0.3541869727 -0.05349023251 0 0.144151 0.001327525071 0.02370032498 0 -5.945277451 -0.04785256187 0.0947386967 1


mesh: pSphereShape19 tranform: pSphere19 0.0120739925 -0.01383141419 -0.0844795155 0 0.2484024793 0.3506123941 -0.02190182506 0 0.08103266156 -0.05611281218 0.02076843463 0 -6.130292211 -0.7138729591 0.1541429829 1


mesh: pSphereShape20 tranform: pSphere20 -0.008362408636 -0.005988218966 -0.1149596087 0 0.05522449604 0.06012561118 -0.007149077292 0 0.1925725701 -0.1774416931 -0.004765245963 0 -6.208352249 -1.199787417 0.2047224779 1


mesh: pSphereShape21 tranform: pSphere21 0.06152831893 -0.02976351821 -0.2550505148 0 -0.05457567224 0.1319631136 -0.02856546244 0 0.2375812655 0.1079358895 0.04471829462 0 -6.01702676 0.4160226019 0.1899141686 1


