mesh: pSphereShape1 tranform: pSphere1 0.01650943379 0.140979572 -0.03755440998 0 0.04776445522 0.01277242295 0.06894569328 0 0.1243092297 -0.03573447564 -0.0794994805 0 1.922817956 0.1225938147 0.2999252116 1


mesh: pSphereShape2 tranform: pSphere2 0.04982515423 0.2491145471 -0.05432249651 0 0.1042844846 -0.0003106444128 0.09422623809 0 0.08494254441 -0.03751623946 -0.09413347979 0 1.952791425 0.4599321425 0.2010511714 1


mesh: pSphereShape3 tranform: pSphere3 0.0884671538 0.2648244517 -0.0909943439 0 0.09501290544 0.0006665640001 0.09431403533 0 0.08491662399 -0.05762105813 -0.08513862242 0 2.051721608 0.9066585453 0.08381806434 1


mesh: pSphereShape4 tranform: pSphere4 0.005611544101 -0.002143493222 -0.180644128 0 0.02387346091 0.146764516 -0.0009998762125 0 0.1700549567 -0.02762377983 0.005610380393 0 2.146860025 1.169952657 -0.1258920277 1


mesh: pSphereShape5 tranform: pSphere5 0.02096560671 -0.002317047496 -0.1855943532 0 0.0226056642 0.1366809559 0.0008472520629 0 0.1731666458 -0.02876351698 0.01992081204 0 2.181110203 1.185220116 -0.4191093737 1


mesh: pSphereShape6 tranform: pSphere6 0.07856104888 -0.2400174716 -0.08502197557 0 0.04741417728 0.04538737001 -0.08431766311 0 0.08879511777 0.009554498305 0.05507506772 0 2.262655071 0.9025743659 -0.5710913107 1


mesh: pSphereShape7 tranform: pSphere7 0.222766606 -0.1120945497 -0.03184129502 0 0.02358602515 0.06703695347 -0.07098638232 0 0.0508139291 0.07584220049 0.08850611161 0 2.571605121 0.5905678007 -0.6317433923 1


mesh: pSphereShape8 tranform: pSphere8 0.1180698684 -0.1465719084 0.02042644517 0 0.02290043615 0.0135569918 -0.03509065413 0 0.06715300108 0.06362782086 0.06840667176 0 2.866550423 0.4058389739 -0.6468962138 1


mesh: pSphereShape10 tranform: pSphere10 0.0108806743 -0.003118164929 -0.1831352841 0 0.004274446632 0.1547122225 -0.002380258762 0 0.2227282026 -0.005948468128 0.01333430282 0 2.211576898 1.606021995 -0.2703973585 1


mesh: pSphereShape11 tranform: pSphere11 0.002828959647 -0.0002651427301 -0.04394886456 0 0.117357459 0.1246703987 0.006802088491 0 0.08321067194 -0.07864781083 0.005830697357 0 2.262946755 1.409990952 -0.2368068631 1


mesh: pSphereShape12 tranform: pSphere12 0.0170125331 -0.005094295251 -0.3159370703 0 0.01319054037 0.1652443523 -0.001954183515 0 0.2596899269 -0.0205603142 0.01431526786 0 2.140419439 0.988894459 -0.2354411064 1


mesh: pSphereShape13 tranform: pSphere13 0.01249803886 -0.009060719066 -0.2185414696 0 0.03129079573 0.2043830569 -0.006684241128 0 0.1931285625 -0.02916698649 0.01225397703 0 2.160959157 0.7595984737 -0.2361101718 1


mesh: pSphereShape14 tranform: pSphere14 0.008210417378 -0.002597120109 -0.2213930675 0 0.03752048978 0.238709541 -0.001408799613 0 0.1886039145 -0.02960153277 0.007341673395 0 2.142138177 0.5653249359 -0.2333407057 1


mesh: pSphereShape15 tranform: pSphere15 -0.01307984221 -0.004928064626 -0.151115465 0 -0.1471582029 0.3503801259 0.001310985406 0 0.1726461039 0.0725754172 -0.01731020807 0 2.287182589 0.009600205851 -0.05917569226 1


mesh: pSphereShape16 tranform: pSphere16 -0.007280370719 0.005735901767 -0.09978654917 0 0.1118146993 0.3448779893 0.01166623974 0 0.0789426526 -0.02535028745 -0.007216789648 0 2.375658178 -0.6452844974 -0.03591643298 1


mesh: pSphereShape17 tranform: pSphere17 0.02160180833 -0.00334531137 -0.1102248331 0 0.03722881404 0.09704932643 0.004350648369 0 0.2544297751 -0.09997241752 0.05289717333 0 2.413675623 -1.162245812 -0.000162479381 1


mesh: pSphereShape18 tranform: pSphere18 -0.004861331055 -0.01033045576 -0.1273321708 0 -0.04987241119 0.3537442386 -0.02679521511 0 0.1445630884 0.01984114192 -0.007128890241 0 2.160703082 -0.03806270403 -0.3847065546 1


mesh: pSphereShape19 tranform: pSphere19 -0.005126204301 -0.008207941727 -0.08590826255 0 0.1996263082 0.3780931232 -0.04803602634 0 0.08902991153 -0.04710927844 -0.0008115087082 0 2.071103433 -0.7222699696 -0.3372185588 1


mesh: pSphereShape20 tranform: pSphere20 -0.02763675657 0.003994073401 -0.1119899877 0 0.04956247149 0.06450497216 -0.009930426724 0 0.198925026 -0.1612872186 -0.05484271977 0 2.050600063 -1.222589923 -0.3056725993 1


mesh: pSphereShape21 tranform: pSphere21 0.009784958685 -0.003095179185 -0.2638504133 0 -0.0749016151 0.1248218988 -0.004242007197 0 0.2268405835 0.1363512872 0.006812928771 0 2.065742872 0.4015554881 -0.2383988854 1


