mesh: pSphereShape1 tranform: pSphere1 0.07211089107 0.1275437378 0.00952623535 0 -0.04623571288 0.03092561878 -0.06406209136 0 -0.1031725089 0.05093373371 0.09905096123 0 0.7784287411 0.04367536833 -0.4707734236 1


mesh: pSphereShape2 tranform: pSphere2 0.08813757804 0.2435384168 0.02030625781 0 -0.1214634899 0.04826723688 -0.05168006033 0 -0.0491275486 0.007563073258 0.1225279559 0 0.9455627681 0.3527524912 -0.43648928 1


mesh: pSphereShape3 tranform: pSphere3 0.01965264269 0.2831065329 0.07551730122 0 -0.1180757025 0.02378554988 -0.05844150806 0 -0.06220671496 -0.02634674246 0.1149598981 0 1.05311072 0.7996285811 -0.3689161482 1


mesh: pSphereShape4 tranform: pSphere4 0.04455972406 0.02144425823 0.1738475187 0 -0.03158516021 0.1449736511 -0.009786889107 0 -0.1629927627 -0.0324206634 0.04577660737 0 1.081588056 1.094530459 -0.1774739525 1


mesh: pSphereShape5 tranform: pSphere5 0.02509519135 0.02133047093 0.1838625348 0 -0.02938151335 0.1348876928 -0.01163849565 0 -0.1710079534 -0.03488619264 0.02738794087 0 1.122862321 1.147162474 0.1097912084 1


mesh: pSphereShape6 tranform: pSphere6 -0.04323349075 -0.2155727572 0.150559666 0 -0.05665951054 0.05923598402 0.06854475866 0 -0.08731485649 -0.0205149328 -0.05444610023 0 1.095189822 0.8957555937 0.3268841865 1


mesh: pSphereShape7 tranform: pSphere7 -0.1989554999 -0.1368982292 0.06985413923 0 -0.03716953203 0.07919928072 0.04934794839 0 -0.06187282211 0.03636223674 -0.1049617463 0 0.8405351502 0.5641503861 0.4819435547 1


mesh: pSphereShape8 tranform: pSphere8 -0.07852394252 -0.1697363541 0.02940439355 0 -0.02989946117 0.018434417 0.02656634151 0 -0.06970510843 0.01665470831 -0.09000731321 0 0.5882025679 0.3341536647 0.5537651897 1


mesh: pSphereShape10 tranform: pSphere10 0.01080319009 0.007108938128 0.1830284087 0 0.02573832992 0.1524532208 -0.007440574905 0 -0.2197062468 0.03765404213 0.01150558052 0 1.134101047 1.551471136 -0.06265724441 1


mesh: pSphereShape11 tranform: pSphere11 0.004597874382 0.001925045341 0.04375762517 0 -0.09041899445 0.1455216558 0.003098874587 0 -0.09664631878 -0.06032336903 0.01280903274 0 1.042749089 1.368767907 -0.07228689747 1


mesh: pSphereShape12 tranform: pSphere12 0.05366479145 0.03577819866 0.3097928682 0 -0.0222520612 0.1635915363 -0.01503862335 0 -0.254720473 -0.03026994706 0.04762060962 0 1.128777787 0.9296560697 -0.05317918152 1


mesh: pSphereShape13 tranform: pSphere13 0.03906094237 0.0246038319 0.2141671445 0 -0.04305503658 0.2017612547 -0.01532601884 0 -0.1882102815 -0.03723091414 0.03860393307 0 1.123764332 0.7021736831 -0.01741884536 1


mesh: pSphereShape14 tranform: pSphere14 0.04080976812 0.02181750006 0.2166739621 0 -0.04980296628 0.2360185351 -0.01438514748 0 -0.1836102237 -0.03641289647 0.03824884607 0 1.153269849 0.5099072523 -0.002289778131 1


mesh: pSphereShape15 tranform: pSphere15 0.0412063049 0.009518884591 0.1457486985 0 0.008042072058 0.378983447 -0.02702517283 0 -0.1809690268 0.007453944392 0.05067703338 0 1.128532957 -0.08883588627 -0.145525572 1


mesh: pSphereShape16 tranform: pSphere16 0.02563363441 0.01038719016 0.09632384352 0 -0.1361805245 0.3362057705 -1.486122788e-05 0 -0.0741432518 -0.03003079202 0.02296935501 0 1.200461274 -0.7800236806 -0.1453663358 1


mesh: pSphereShape17 tranform: pSphere17 0.002861149799 0.005386083509 0.1122058242 0 -0.05206336462 0.09002182332 -0.002993641153 0 -0.2409590014 -0.1389305158 0.01281315982 0 1.205410789 -1.311933956 -0.1471736862 1


mesh: pSphereShape18 tranform: pSphere18 0.0254756169 0.003488546051 0.1252304099 0 0.1018518079 0.3421276836 -0.03025036666 0 -0.1370047301 0.04314449506 0.02666898928 0 1.111424141 -0.0766555432 0.2051867789 1


mesh: pSphereShape19 tranform: pSphere19 0.02138577835 -0.002092740154 0.08373856206 0 -0.3373055199 0.2505964613 0.09240634386 0 -0.05735173702 -0.08184281871 0.01260155127 0 1.250633882 -0.6472781851 0.1885494628 1


mesh: pSphereShape20 tranform: pSphere20 0.04332693118 0.04210608895 0.09834304541 0 -0.06531609656 0.04886796764 0.00785319414 0 -0.1239128707 -0.1872787466 0.1347765867 0 1.462942152 -1.064382945 0.182869904 1


mesh: pSphereShape21 tranform: pSphere21 0.04863600431 0.02600152061 0.2582263081 0 0.06678162245 0.1269093913 -0.0253569378 0 -0.2301675377 0.1272198274 0.03054111896 0 1.238093282 0.3503187229 0.002039932704 1


