mesh: pSphereShape1 tranform: pSphere1 0.006514887452 0.1434251523 0.03073949838 0 -0.06083761945 0.01502165457 -0.05719458493 0 -0.1056048845 -0.01825104531 0.1075379581 0 4.45935432 -0.09699973653 -0.4611141862 1


mesh: pSphereShape2 tranform: pSphere2 -0.0124810806 0.2568097443 0.03720907262 0 -0.09958567703 0.00946462692 -0.09872713887 0 -0.0930905446 -0.01788102519 0.09218587493 0 4.482157894 0.245960511 -0.3812225059 1


mesh: pSphereShape3 tranform: pSphere3 -0.04560834335 0.2810528215 0.071885942 0 -0.09041146466 0.01044081177 -0.09818243364 0 -0.09613496426 -0.03723047329 0.08456692559 0 4.452981265 0.7096917408 -0.294465975 1


mesh: pSphereShape4 tranform: pSphere4 -0.006409839551 0.004693810273 0.1805692861 0 -0.02578536149 0.1463680324 -0.004720092892 0 -0.1696536836 -0.03005656182 -0.00524105241 0 4.392568076 0.9900297049 -0.1022540109 1


mesh: pSphereShape5 tranform: pSphere5 -0.03506628654 0.002399552433 0.1834524108 0 -0.02058982186 0.136882025 -0.005726085499 0 -0.1715270032 -0.02715781231 -0.03243156316 0 4.345226925 1.014470444 0.1875229756 1


mesh: pSphereShape6 tranform: pSphere6 -0.05041712331 -0.245386516 0.09084345244 0 -0.0588984906 0.04134347365 0.07898905536 0 -0.08526491521 -0.005041544624 -0.06093932657 0 4.284222221 0.7268988901 0.345663154 1


mesh: pSphereShape7 tranform: pSphere7 -0.1309343557 -0.2023416032 0.07154080643 0 -0.05109851466 0.05627966074 0.06565715326 0 -0.08716677981 0.02487969362 -0.08916490285 0 4.085608828 0.3143821313 0.4476761764 1


mesh: pSphereShape8 tranform: pSphere8 0.00921414845 -0.1887929744 0.0106475396 0 -0.03131663499 0.0002179055583 0.03096444573 0 -0.0807013151 -0.008538442177 -0.08155912352 0 3.949029051 -0.001735801994 0.5087729691 1


mesh: pSphereShape10 tranform: pSphere10 -0.01002080914 -0.002387324746 0.1831953285 0 -0.007327219562 0.154607617 0.001613981773 0 -0.222622558 -0.01042206685 -0.01231329991 0 4.323399159 1.429349118 0.04034219023 1


mesh: pSphereShape11 tranform: pSphere11 -0.003536425568 -0.0002938667394 0.04389741844 0 -0.1153000557 0.126476794 -0.008442016751 0 -0.08430759996 -0.07734525228 -0.007309695206 0 4.278268564 1.23605383 0.006216839516 1


mesh: pSphereShape12 tranform: pSphere12 -0.04170069978 0.005426453389 0.3136291054 0 -0.02109533333 0.1643368167 -0.00564825205 0 -0.2564805888 -0.03407532753 -0.03351255248 0 4.40554567 0.8135561932 0.0144031901 1


mesh: pSphereShape13 tranform: pSphere13 -0.02902806768 0.003317276112 0.2171290826 0 -0.03363384266 0.2039780274 -0.007612876538 0 -0.1913498984 -0.03248783068 -0.02508529318 0 4.391759108 0.5847992695 0.0246481467 1


mesh: pSphereShape14 tranform: pSphere14 -0.02970068716 0.00320233655 0.2195373785 0 -0.03359026263 0.239163506 -0.008032964276 0 -0.187457556 -0.0271667148 -0.02496441062 0 4.409531385 0.3916771287 0.02983956366 1


mesh: pSphereShape15 tranform: pSphere15 -0.01934943836 0.015063206 0.149766321 0 -0.006861163772 0.3779722664 -0.03890216262 0 -0.1865125798 -0.005805720424 -0.02351303603 0 4.459274577 -0.2029495775 -0.1140617879 1


mesh: pSphereShape16 tranform: pSphere16 -0.01359738487 0.01217006803 0.09854065319 0 -0.1065791561 0.3420195509 -0.05694704494 0 -0.07874754253 -0.02581743103 -0.007677651067 0 4.535814562 -0.9014974771 -0.06417978288 1


mesh: pSphereShape17 tranform: pSphere17 -0.02471220937 0.004358414326 0.1095338029 0 -0.006244773288 0.1037007652 -0.005535214057 0 -0.2711057886 -0.01954902916 -0.06038702266 0 4.464771683 -1.362914747 -0.05424502348 1


mesh: pSphereShape18 tranform: pSphere18 0.0003294195053 0.01588094861 0.1268523533 0 0.07871216514 0.3467596581 -0.04361607403 0 -0.1425219554 0.03189583963 -0.003623004746 0 4.3438439 -0.2089233191 0.2519382835 1


mesh: pSphereShape19 tranform: pSphere19 0.002324448798 0.008772020076 0.08597398708 0 -0.2104951627 0.3738331417 -0.03245152041 0 -0.08780854062 -0.0488042273 0.007353597755 0 4.408811618 -0.8775429293 0.3439010548 1


mesh: pSphereShape20 tranform: pSphere20 0.04310097659 0.02966726027 0.1028769156 0 -0.01786252648 0.07853005639 -0.01516257828 0 -0.2361533437 -0.0327871526 0.1083930702 0 4.3971709 -1.290493116 0.4379768497 1


mesh: pSphereShape21 tranform: pSphere21 -0.03539649489 0.003816460162 0.2616388521 0 0.07615768926 0.1238408838 0.008496755895 0 -0.2228591688 0.1392583482 -0.03218141074 0 4.482399681 0.2270497564 0.04628035491 1


