mesh: pSphereShape1 tranform: pSphere1 0.008195834259 0.1378420617 0.04990520175 0 -0.05179923862 0.02557576866 -0.06213538064 0 -0.1199416311 -0.02529915325 0.08957601642 0 3.496396454 -0.03823230758 -0.4776796169 1


mesh: pSphereShape2 tranform: pSphere2 -0.01422263658 0.2490729863 0.07247000301 0 -0.09903526981 0.02260667309 -0.09713335085 0 -0.09354443389 -0.03099333423 0.0881627371 0 3.518166083 0.2906061815 -0.3513561502 1


mesh: pSphereShape3 tranform: pSphere3 -0.05249448713 0.2676425149 0.1088586753 0 -0.08969006444 0.02184571855 -0.09696128449 0 -0.09608090354 -0.05037708104 0.07752557049 0 3.481582896 0.737160827 -0.2021320002 1


mesh: pSphereShape4 tranform: pSphere4 -0.009196320521 -0.006888165579 0.1803783963 0 -0.02085248124 0.1471569853 0.004556396977 0 -0.1704464173 -0.02385537514 -0.009600926136 0 3.414866865 0.9997103783 0.02320863012 1


mesh: pSphereShape5 tranform: pSphere5 -0.04454333056 -0.007495290174 0.1812454183 0 -0.01860936814 0.1372803371 0.001103656725 0 -0.1699201283 -0.02269066321 -0.04269835685 0 3.355944783 1.007349241 0.3106334112 1


mesh: pSphereShape6 tranform: pSphere6 -0.1020903293 -0.2322133669 0.08163013104 0 -0.05016706085 0.05014734761 0.07991304906 0 -0.08346584361 0.01497274681 -0.0617931571 0 3.241527303 0.7305638819 0.456472322 1


mesh: pSphereShape7 tranform: pSphere7 -0.2022097377 -0.1429359739 0.04341136075 0 -0.0329161195 0.06698291672 0.0672245352 0 -0.06302376746 0.0612508623 -0.09188995136 0 2.932217114 0.395661235 0.5230359459 1


mesh: pSphereShape8 tranform: pSphere8 -0.07320735222 -0.1740814128 -0.01331927594 0 -0.02587397338 0.008227802274 0.03467588183 0 -0.08178660988 0.0397856715 -0.07046664934 0 2.679775726 0.1553510845 0.5530396996 1


mesh: pSphereShape10 tranform: pSphere10 0.009814636645 -0.00339960655 0.1831905017 0 0.005252199281 0.1546787616 0.002589099866 0 -0.2227580115 0.007361812945 0.01207112918 0 3.378816081 1.436023178 0.1721277472 1


mesh: pSphereShape11 tranform: pSphere11 -0.000464332493 0.0002303557065 0.04403756738 0 -0.1075850735 0.1333560866 -0.001831949077 0 -0.08922331765 -0.07198869608 -0.0005642064276 0 3.313934251 1.245270017 0.137836345 1


mesh: pSphereShape12 tranform: pSphere12 -0.03786475849 -0.01316439647 0.3138862362 0 -0.01369043986 0.1651310418 0.00527409333 0 -0.2581234337 -0.02037830765 -0.03199264078 0 3.418577266 0.8156440655 0.1281519169 1


mesh: pSphereShape13 tranform: pSphere13 -0.02677420306 -0.01688039891 0.2167876051 0 -0.03575524209 0.2034385856 0.0114250368 0 -0.1912678871 -0.0321489763 -0.02612572241 0 3.400496117 0.5859098683 0.1207362728 1


mesh: pSphereShape14 tranform: pSphere14 -0.02645926872 -0.007967009852 0.2198305715 0 -0.0355522245 0.238974595 0.004381679421 0 -0.1875923647 -0.02747584419 -0.02357477885 0 3.419979523 0.3930317119 0.1132273368 1


mesh: pSphereShape15 tranform: pSphere15 0.02061524966 -0.005922642094 0.1502370981 0 0.1540220399 0.3473403507 -0.007441771958 0 -0.1700305105 0.07596110448 0.02632580042 0 3.289705253 -0.1635653904 -0.04527587301 1


mesh: pSphereShape16 tranform: pSphere16 0.01226720096 0.005485032059 0.09931107676 0 -0.1142212545 0.3442512283 -0.004904326452 0 -0.07833310956 -0.02583245638 0.01110268748 0 3.194531588 -0.8139163142 -0.06630358107 1


mesh: pSphereShape17 tranform: pSphere17 -0.001434935392 -0.002449996488 0.1123355755 0 -0.02820114105 0.1001241989 0.001823439452 0 -0.2679884513 -0.07538976668 -0.005067413188 0 3.143287412 -1.314507531 -0.07904227978 1


mesh: pSphereShape18 tranform: pSphere18 -0.002161832601 -0.01599022894 0.1268206278 0 -0.01555292433 0.3551296337 0.04451153904 0 -0.1459337131 -0.00598479775 -0.003242237101 0 3.449811181 -0.2095258531 0.250084822 1


mesh: pSphereShape19 tranform: pSphere19 -0.0004221472925 -0.01033474666 0.08583060442 0 -0.1692087884 0.3928378362 0.04646883835 0 -0.09261041226 -0.03927718348 -0.005184805332 0 3.588548813 -0.9087941517 0.1833434126 1


mesh: pSphereShape20 tranform: pSphere20 0.02046524202 0.004831935818 0.1134871206 0 -0.008139079208 0.08152107706 -0.002003191068 0 -0.2564358365 -0.02444070792 0.04728393285 0 3.525222545 -1.325712105 0.1497061786 1


mesh: pSphereShape21 tranform: pSphere21 -0.03153345797 -0.009494872021 0.2619882719 0 0.07531670351 0.1239047535 0.01355578193 0 -0.2243817248 0.138796975 -0.02197683176 0 3.494353479 0.2284124877 0.1203887383 1


