mesh: pSphereShape1 tranform: pSphere1 0.03418990085 0.1396836565 0.02962535431 0 -0.0525002619 0.02587647045 -0.06141837973 0 -0.1139027731 0.006636785303 0.1001599525 0 3.485364138 -0.1616912534 -0.5282719475 1


mesh: pSphereShape2 tranform: pSphere2 0.03294726537 0.25424126 0.04204041642 0 -0.1106008072 0.02791057825 -0.08211208951 0 -0.07984880509 -0.007041055862 0.1051589651 0 3.572014599 0.1713347864 -0.4499303394 1


mesh: pSphereShape3 tranform: pSphere3 -0.02561268756 0.2815449058 0.07946605802 0 -0.1018475234 0.01489672558 -0.08560492575 0 -0.08575807573 -0.03488600084 0.09595896931 0 3.597512975 0.6299305459 -0.3557061397 1


mesh: pSphereShape4 tranform: pSphere4 0.01088772598 -0.000665792878 0.1804145203 0 -0.05159440626 0.1394116891 0.003628117438 0 -0.1613324232 -0.05995459787 0.009514898629 0 3.55827777 0.9015104403 -0.1539547519 1


mesh: pSphereShape5 tranform: pSphere5 -0.018194753 -0.008549375565 0.1857041961 0 -0.04551470073 0.1308410595 0.001564211392 0 -0.1659700867 -0.05750871672 -0.0189088261 0 3.534518542 0.9098707192 0.1393831754 1


mesh: pSphereShape6 tranform: pSphere6 0.01283861543 -0.2523321504 0.08469130552 0 -0.05844721035 0.02577564473 0.08565702316 0 -0.08769094808 -0.02229285307 -0.05312674267 0 3.550346852 0.612126647 0.290336185 1


mesh: pSphereShape7 tranform: pSphere7 -0.09045660308 -0.2240069207 0.0695882125 0 -0.05413962123 0.04426175078 0.07210491674 0 -0.09683754817 0.01387141758 -0.08122499368 0 3.443468589 0.1682443147 0.387686163 1


mesh: pSphereShape8 tranform: pSphere8 0.03107968872 -0.1866637749 -0.005634348978 0 -0.02325479946 -0.004990760912 0.03706592258 0 -0.09586398627 -0.01408876212 -0.06204112186 0 3.36124111 -0.1666020174 0.4468734485 1


mesh: pSphereShape10 tranform: pSphere10 -0.005368572599 -0.01305737019 0.1829407768 0 -0.01214281059 0.1539458711 0.01063152077 0 -0.2224225529 -0.01700944399 -0.007741249678 0 3.482743068 1.332902129 0.01616223873 1


mesh: pSphereShape11 tranform: pSphere11 -0.001537959995 -0.003297306232 0.04389007245 0 -0.1205492184 0.1216776836 0.004917027863 0 -0.08137756648 -0.08026394895 -0.008881513267 0 3.442098143 1.139462016 -0.02524950755 1


mesh: pSphereShape12 tranform: pSphere12 -0.02375825738 -0.01276015272 0.315284529 0 -0.05075264634 0.1578008557 0.002562030511 0 -0.2475952901 -0.07927773673 -0.02186605437 0 3.614113758 0.7277012674 -0.04635068223 1


mesh: pSphereShape13 tranform: pSphere13 -0.0231583862 -0.0003353625712 0.2178583215 0 -0.07663585313 0.1919935857 -0.00785086018 0 -0.1805979517 -0.07287679156 -0.0193097846 0 3.64614904 0.4998910596 -0.04067527958 1


mesh: pSphereShape14 tranform: pSphere14 -0.02905178473 0.001324822553 0.2196435407 0 -0.08100048784 0.2273431106 -0.01208502653 0 -0.1782486711 -0.0647410586 -0.02318607499 0 3.703297141 0.3151897185 -0.03414339085 1


mesh: pSphereShape15 tranform: pSphere15 -0.01999430706 0.0138500902 0.1497987134 0 -0.1329681916 0.3524337087 -0.05033317934 0 -0.1744391765 -0.06823757255 -0.0169740705 0 3.919792652 -0.2448672701 -0.167465409 1


mesh: pSphereShape16 tranform: pSphere16 -0.01580913354 0.01196769207 0.09823495002 0 -0.2403546968 0.2623338456 -0.07064013552 0 -0.06093535246 -0.05661342454 -0.002909382989 0 4.24651914 -0.8566205116 -0.09282066514 1


mesh: pSphereShape17 tranform: pSphere17 -0.02991744104 0.004007567535 0.1082415317 0 -0.06557094699 0.07799020497 -0.02101102894 0 -0.2030634103 -0.1840125075 -0.04931281895 0 4.409773996 -1.33208469 -0.05044135744 1


mesh: pSphereShape18 tranform: pSphere18 -0.03041670365 0.00321348675 0.1241302954 0 0.1907885372 0.3007018704 0.03896596642 0 -0.1186652939 0.07932452191 -0.03113112208 0 3.549657473 -0.2320177828 0.09395324297 1


mesh: pSphereShape19 tranform: pSphere19 -0.01942794405 9.997263506e-05 0.08424026856 0 -0.03265522805 0.4289306756 -0.008040160423 0 -0.09785404023 -0.0078726433 -0.02255828242 0 3.350565717 -0.8905617175 0.07313721114 1


mesh: pSphereShape20 tranform: pSphere20 -0.008784123901 0.006733933323 0.114886873 0 0.008091222621 0.08144452443 -0.004155110872 0 -0.2598586293 0.02472843547 -0.02131792753 0 3.159837222 -1.295299491 0.03404224675 1


mesh: pSphereShape21 tranform: pSphere21 -0.0346231501 0.001578888544 0.2617653735 0 0.04973819818 0.1367543682 0.0057539054 0 -0.2464008847 0.0910114968 -0.03313987526 0 3.807818743 0.1688996066 -0.0152569487 1


