mesh: pSphereShape1 tranform: pSphere1 0.03863582304 0.1394050734 -0.0251323203 0 0.01838517032 0.009733141168 0.08225167516 0 0.1427287143 -0.04436215727 -0.02665366485 0 -0.1397460731 -0.02324241149 1.113705587 1


mesh: pSphereShape2 tranform: pSphere2 0.06815269217 0.250086974 -0.01741416613 0 -0.002631453704 0.01047492275 0.1401330997 0 0.1275713347 -0.03441926316 0.004968399224 0 -0.05234594281 0.3107626658 1.041043073 1


mesh: pSphereShape3 tranform: pSphere3 0.1105529658 0.2703120919 -0.03078656972 0 -0.006551995441 0.0177738478 0.1325299795 0 0.1233581846 -0.04900821099 0.01267114621 0 0.08229622696 0.7621164568 0.9891522026 1


mesh: pSphereShape4 tranform: pSphere4 0.1276119221 -0.01496800651 -0.1271201837 0 0.0211970117 0.1471251369 0.003955480435 0 0.1195731479 -0.02051960137 0.1224518115 0 0.2820210903 1.020053354 0.8765030233 1


mesh: pSphereShape5 tranform: pSphere5 0.1421438203 -0.01585574322 -0.1201412464 0 0.01812470914 0.1373094072 0.003322528346 0 0.1122608663 -0.01808999789 0.1352076764 0 0.5075517902 1.014657352 0.6850776775 1


mesh: pSphereShape6 tranform: pSphere6 0.09381969188 -0.2493375807 -0.00613169219 0 0.096377465 0.03694428013 -0.02764218304 0 0.02623236126 0.007378851 0.1013239372 0 0.6494361967 0.7169136724 0.6376050951 1


mesh: pSphereShape7 tranform: pSphere7 0.1451792332 -0.1969916408 0.05763072578 0 0.08169113564 0.05299414056 -0.02464750723 0 0.009069723954 0.04172284467 0.1197679878 0 0.863204158 0.3131100763 0.7413506297 1


mesh: pSphereShape8 tranform: pSphere8 -0.0008498329531 -0.1889278574 0.01210786095 0 0.0437396825 -0.0005244172335 -0.005112843715 0 0.01341723664 0.007248102352 0.1140392067 0 1.006834604 0.00497135332 0.8240379878 1


mesh: pSphereShape10 tranform: pSphere10 0.1187993751 -0.01145989157 -0.1393629208 0 0.01745711001 0.1537857627 0.002235354947 0 0.1682320643 -0.02120686085 0.1451526154 0 0.4570700431 1.441713952 0.8103446302 1


mesh: pSphereShape11 tranform: pSphere11 0.03059703931 -0.001639601962 -0.03163398331 0 0.08942323184 0.1222298159 0.08015676903 0 0.05674450148 -0.08023388577 0.05904300323 0 0.4546195856 1.249371752 0.8692048584 1


mesh: pSphereShape12 tranform: pSphere12 0.2406025486 -0.02709112687 -0.2037353553 0 0.01776094698 0.1648246529 -0.0009421853902 0 0.1671335514 -0.01686865766 0.1996204797 0 0.3452997873 0.831334401 0.8036719444 1


mesh: pSphereShape13 tranform: pSphere13 0.1709817232 -0.01602687623 -0.1360406598 0 0.01919430526 0.2059800606 -0.000142174763 0 0.1210064474 -0.01117013358 0.153402029 0 0.357467306 0.6055073594 0.8351293526 1


mesh: pSphereShape14 tranform: pSphere14 0.1758332945 0.0001149101161 -0.1348023949 0 0.004697981543 0.24151569 0.006333820467 0 0.1161821764 -0.006234170455 0.1515401746 0 0.3542844978 0.411914805 0.8415044847 1


mesh: pSphereShape15 tranform: pSphere15 0.1223658578 -0.02699242531 -0.08561108387 0 0.0280673802 0.3711111957 -0.07689077022 0 0.1103767835 0.02284688312 0.1505606099 0 0.1878700389 -0.1892869933 1.014925385 1


mesh: pSphereShape16 tranform: pSphere16 0.08504457785 -0.007585265359 -0.05247040395 0 0.1472272689 0.264047227 0.200456102 0 0.02823838704 -0.05671596401 0.05396808733 0 0.01810669165 -0.7984942136 0.967791178 1


mesh: pSphereShape17 tranform: pSphere17 0.1025820975 -0.0457853579 -0.002820873606 0 0.03534080599 0.07533381492 0.06244460152 0 -0.06303270064 -0.1549389447 0.2225935932 0 -0.2235028018 -1.249958631 0.8730002996 1


mesh: pSphereShape18 tranform: pSphere18 0.08151618458 -0.01505337847 -0.09732594737 0 0.02057190537 0.3556540327 -0.03777873859 0 0.1122284097 0.00343673072 0.09346631189 0 0.4686885737 -0.1889608128 0.7477836934 1


mesh: pSphereShape19 tranform: pSphere19 0.05468285017 -0.008783767833 -0.0663815424 0 0.08511605213 0.4214998251 0.0143418138 0 0.07543054132 -0.01742486281 0.0644428072 0 0.3982745657 -0.9101585566 0.7694196875 1


mesh: pSphereShape20 tranform: pSphere20 0.04173698193 0.009305239426 -0.1072051171 0 -0.004771251949 0.0816445664 0.00522908418 0 0.2437016852 0.008119992779 0.09558248325 0 0.514823312 -1.324122734 0.8677247991 1


mesh: pSphereShape21 tranform: pSphere21 0.2095534785 0.0001369468428 -0.1606539356 0 -0.05465265251 0.1146901495 -0.07118995837 0 0.1267905023 0.1631607448 0.1655218407 0 0.323648095 0.2400357154 0.7945870114 1


