mesh: pSphereShape1 tranform: pSphere1 0.05552811228 0.1345543306 0.01923267286 0 -0.04874303897 0.02912587718 -0.06303876603 0 -0.110204597 0.03123655108 0.09964501702 0 1.037474408 -0.07230205403 -0.519488676 1


mesh: pSphereShape2 tranform: pSphere2 0.05950657517 0.2509017488 0.03160406859 0 -0.1194734953 0.03645143869 -0.06443066593 0 -0.06271318896 0.0002107597054 0.1164080221 0 1.166059952 0.2517230015 -0.4638268213 1


mesh: pSphereShape3 tranform: pSphere3 -0.004434538221 0.2830097177 0.07825747696 0 -0.1127707383 0.01758265194 -0.06997602943 0 -0.07183370078 -0.03098386523 0.1079792754 0 1.230432608 0.7068741974 -0.3824629192 1


mesh: pSphereShape4 tranform: pSphere4 0.03451560526 0.02475491712 0.1756822474 0 -0.03664745372 0.143520479 -0.01302310592 0 -0.1637829581 -0.03841046498 0.03759011456 0 1.230612825 1.003571923 -0.1889808774 1


mesh: pSphereShape5 tranform: pSphere5 0.009048113712 0.02308598106 0.1851360539 0 -0.03507386575 0.1331967591 -0.01489512969 0 -0.1706962589 -0.04341011986 0.01375552904 0 1.248654197 1.059252958 0.09952521271 1


mesh: pSphereShape6 tranform: pSphere6 -0.05904853204 -0.2160707755 0.1443455999 0 -0.059287779 0.0600137435 0.06558121475 0 -0.08413831549 -0.01726571193 -0.06026411468 0 1.202144179 0.8091756554 0.3120218859 1


mesh: pSphereShape7 tranform: pSphere7 -0.2151137072 -0.1221769343 0.0447538443 0 -0.03576060676 0.08059006752 0.04812213846 0 -0.04776461253 0.04406462453 -0.109289877 0 0.9215697488 0.4929734551 0.4358353086 1


mesh: pSphereShape8 tranform: pSphere8 -0.1021509475 -0.1584484563 0.01732998645 0 -0.0307600765 0.02227023401 0.02230314732 0 -0.0540913369 0.02408287364 -0.09864907679 0 0.6426237785 0.2879212908 0.4722010662 1


mesh: pSphereShape10 tranform: pSphere10 0.009491395992 0.008198362663 0.1830555778 0 0.02711273722 0.1521746401 -0.008221113124 0 -0.2194520202 0.03961831021 0.009604191092 0 1.278643322 1.462867283 -0.07766352323 1


mesh: pSphereShape11 tranform: pSphere11 0.003273378275 0.002830077335 0.04382752179 0 -0.08961471184 0.1460255681 -0.00273619851 0 -0.09734462523 -0.05953134769 0.01111457092 0 1.185644155 1.28053627 -0.09018561546 1


mesh: pSphereShape12 tranform: pSphere12 0.02821030942 0.03960504145 0.3126775171 0 -0.03009187151 0.1620516755 -0.01781120169 0 -0.2555051751 -0.04429519842 0.02866273629 0 1.279453407 0.8419543995 -0.06095999405 1


mesh: pSphereShape13 tranform: pSphere13 0.02417276195 0.02736499076 0.2160220045 0 -0.05425655703 0.198714855 -0.01910129176 0 -0.1876134409 -0.04861546524 0.02715231171 0 1.285264351 0.6145362668 -0.02388944928 1


mesh: pSphereShape14 tranform: pSphere14 0.02798376059 0.02254137237 0.2186271758 0 -0.06209449312 0.2329762936 -0.01607287815 0 -0.1830547307 -0.04683941208 0.02825991035 0 1.324987394 0.4243947325 -0.00684685987 1


mesh: pSphereShape15 tranform: pSphere15 0.03691943224 0.005765612043 0.1470882901 0 0.05429635576 0.3750637081 -0.02833034809 0 -0.1804382132 0.02945504446 0.04413573658 0 1.27874577 -0.1598835564 -0.1518634263 1


mesh: pSphereShape16 tranform: pSphere16 0.02293326826 0.008912451721 0.09714881973 0 -0.1147645903 0.344076341 -0.00447392611 0 -0.07661974129 -0.025290703 0.02040728087 0 1.284373292 -0.8494782431 -0.1477709593 1


mesh: pSphereShape17 tranform: pSphere17 0.008359913827 0.003829464582 0.1119945985 0 -0.02230581895 0.1016005038 -0.001809023018 0 -0.2711717922 -0.05913782638 0.02226392219 0 1.226786029 -1.339725159 -0.1387471903 1


mesh: pSphereShape18 tranform: pSphere18 0.02755227176 0.006111491771 0.1246890315 0 0.06730486727 0.3504044504 -0.03204689187 0 -0.1399940139 0.02958624105 0.02948404526 0 1.325849232 -0.1701148855 0.2028424467 1


mesh: pSphereShape19 tranform: pSphere19 0.02366827272 -9.82695419e-05 0.08314854816 0 -0.3737737636 0.1844976708 0.1066129243 0 -0.04157232426 -0.09099730628 0.0117260357 0 1.531536077 -0.7000094966 0.1774935523 1


mesh: pSphereShape20 tranform: pSphere20 0.04071166805 0.05194106426 0.09468994773 0 -0.07344210472 0.03398366695 0.01293487629 0 -0.07049800059 -0.2071370803 0.1439330353 0 1.824451495 -1.071361262 0.1645047206 1


mesh: pSphereShape21 tranform: pSphere21 0.03335030713 0.02686421252 0.2605540966 0 0.06082815358 0.1306026829 -0.0212515401 0 -0.2382181293 0.1139989717 0.01873758746 0 1.418255952 0.2697470398 0.001358449945 1


