mesh: pSphereShape1 tranform: pSphere1 -0.115503378 0.06950453939 -0.05819126667 0 -0.007069952509 0.04705801999 0.07023991115 0 0.09287436193 0.1038919855 -0.06025539798 0 4.971458941 0.07952077175 0.3761666785 1


mesh: pSphereShape2 tranform: pSphere2 -0.1758061426 0.1677214263 -0.0919416151 0 0.04750363616 0.09830885635 0.08850258469 0 0.08648596141 0.04052883771 -0.09144073427 0 4.706920955 0.2608413303 0.22878011 1


mesh: pSphereShape3 tranform: pSphere3 -0.07197430821 0.264684589 -0.1048816736 0 0.06188797775 0.05789587054 0.1036387001 0 0.1136315121 0.003284458572 -0.06969000069 0 4.479596092 0.6184477126 0.06808865834 1


mesh: pSphereShape4 tranform: pSphere4 0.02151852607 -0.004731223283 -0.1793960801 0 0.00628205001 0.1485304416 -0.003163671282 0 0.1709942815 -0.006791461423 0.02068984352 0 4.447988682 0.8791115731 -0.1522325492 1


mesh: pSphereShape5 tranform: pSphere5 0.03724434576 -0.003465189434 -0.183005575 0 0.002494058045 0.1385017123 -0.002114936169 0 0.1730892536 -0.002578236535 0.03527504604 0 4.50405323 0.8930420514 -0.4422512842 1


mesh: pSphereShape6 tranform: pSphere6 -0.01181386564 -0.2250330409 -0.1422305329 0 0.07497825864 0.0378229596 -0.06607019249 0 0.07461141501 -0.04217340593 0.06052821692 0 4.513298842 0.6182509308 -0.6458057194 1


mesh: pSphereShape7 tranform: pSphere7 0.03795815082 -0.2104388148 -0.132207038 0 0.07311626532 0.04560928912 -0.05160547141 0 0.0850429167 -0.03880953027 0.08619135245 0 4.562685978 0.1958603916 -0.8529462208 1


mesh: pSphereShape8 tranform: pSphere8 -0.0929755969 -0.1380584186 -0.09020237937 0 0.03745633736 -0.01247037849 -0.01952148716 0 0.02166842493 -0.07166939125 0.0873583173 0 4.547810052 -0.1185642735 -1.005265469 1


mesh: pSphereShape10 tranform: pSphere10 0.09076961222 0.0118596535 -0.1590184594 0 -0.03222480354 0.151230753 -0.007115454369 0 0.1883327441 0.04534778738 0.1108846059 0 4.424023765 1.315635479 -0.2985364662 1


mesh: pSphereShape11 tranform: pSphere11 0.01856353177 -0.0007895458579 -0.03992928643 0 0.07265232231 0.1521073728 0.03076909349 0 0.09189929721 -0.05274824689 0.04376794177 0 4.50499811 1.140350105 -0.2523698524 1


mesh: pSphereShape12 tranform: pSphere12 0.08091243403 -0.00415554341 -0.3058880841 0 -0.004767456271 0.1656757187 -0.00351180444 0 0.2521108582 0.008665768495 0.06656974647 0 4.471393399 0.6964908674 -0.257148563 1


mesh: pSphereShape13 tranform: pSphere13 0.06025876565 0.0003351989429 -0.2106358003 0 -0.005859433628 0.2067851035 -0.001347197814 0 0.1880728994 0.00567979709 0.05381300146 0 4.52398676 0.4741782079 -0.2492669411 1


mesh: pSphereShape14 tranform: pSphere14 0.06523742152 0.001747871422 -0.2117311269 0 -0.01104297499 0.2413878249 -0.001409808458 0 0.1823752801 0.008671883884 0.05626404834 0 4.542042725 0.2807585755 -0.2440023452 1


mesh: pSphereShape15 tranform: pSphere15 0.02333127955 0.0005986457595 -0.1499551429 0 0.01401017379 0.3797545834 0.003695863587 0 0.185713153 -0.007132394738 0.02886633715 0 4.490119154 -0.3233869573 -0.07069838111 1


mesh: pSphereShape16 tranform: pSphere16 0.02400081339 0.01037484657 -0.09674493929 0 0.2974054068 0.18535771 0.09365895039 0 0.04327997527 -0.07101946763 0.003120974921 0 4.242158251 -0.8854424076 -0.1136663496 1


mesh: pSphereShape17 tranform: pSphere17 0.02765854079 0.005101359003 -0.1087948726 0 0.08632015674 0.05268965412 0.02441547431 0 0.1394942365 -0.2397536218 0.0242211574 0 3.955853897 -1.300023518 -0.2018647391 1


mesh: pSphereShape18 tranform: pSphere18 0.05348298149 0.0112438628 -0.1155723965 0 -0.1957028237 0.2935923186 -0.06200147236 0 0.1060113073 0.08272493865 0.05710661758 0 4.80298707 -0.2666020323 -0.3397015405 1


mesh: pSphereShape19 tranform: pSphere19 0.03518787552 0.005254875593 -0.07879135455 0 0.02273993459 0.4278997832 0.0386937137 0 0.0918531819 -0.008539294856 0.04045171474 0 5.017887808 -0.9150222069 -0.3138694089 1


mesh: pSphereShape20 tranform: pSphere20 0.03661695187 -0.006584723254 -0.1092581371 0 0.003584021406 0.08178753165 -0.003727981576 0 0.2481077858 -0.007062817781 0.08357691054 0 5.1968369 -1.338992124 -0.2502564778 1


mesh: pSphereShape21 tranform: pSphere21 0.07774823677 0.002083067019 -0.2523355676 0 -0.09430375556 0.1073405438 -0.02817023869 0 0.186079892 0.1789142124 0.05881086817 0 4.503242682 0.1050824757 -0.2617428235 1


