mesh: pSphereShape1 tranform: pSphere1 0.0372222509 0.1368848984 0.03788355119 0 -0.06953720159 0.02958280522 -0.03856840444 0 -0.0780026753 -0.01460951401 0.1294297086 0 4.335295662 -0.01095867295 -0.2852262429 1


mesh: pSphereShape2 tranform: pSphere2 0.03705577786 0.2499290387 0.06044735015 0 -0.1234439015 0.03252424469 -0.05880230332 0 -0.06033987504 -0.01913103019 0.1160901342 0 4.431484117 0.3149069824 -0.1898297333 1


mesh: pSphereShape3 tranform: pSphere3 0.005385573621 0.2730864494 0.1078572431 0 -0.1150525966 0.0270969067 -0.06286248022 0 -0.06813556141 -0.04093903433 0.1070567379 0 4.485252463 0.7642913805 -0.05859269751 1


mesh: pSphereShape4 tranform: pSphere4 0.0505659795 -0.01819438636 0.1725700757 0 -0.01777301482 0.1461837588 0.02062022444 0 -0.1642045211 -0.02635888525 0.04533566251 0 4.512279241 1.020751588 0.1683001897 1


mesh: pSphereShape5 tranform: pSphere5 0.01778339595 -0.02100548188 0.1847503989 0 -0.01537386937 0.1366293581 0.01701411814 0 -0.174767339 -0.02145632205 0.01438295354 0 4.552054405 1.008126456 0.4592870416 1


mesh: pSphereShape6 tranform: pSphere6 -0.05560440997 -0.2464940898 0.08460363269 0 -0.03338024875 0.0396076702 0.09345896068 0 -0.09723882579 0.008743081489 -0.03843557916 0 4.504314783 0.7117066177 0.6047088307 1


mesh: pSphereShape7 tranform: pSphere7 -0.14160606 -0.1888829024 0.08645802357 0 -0.02607732503 0.05585232263 0.07930833099 0 -0.09974171684 0.04519572956 -0.06462478246 0 4.281054503 0.3185095923 0.7237763051 1


mesh: pSphereShape8 tranform: pSphere8 -0.01992140348 -0.1882396196 -0.00316877259 0 -0.02243103549 0.00173654593 0.03786038912 0 -0.09826973751 0.01138876788 -0.05874395746 0 4.113478456 0.02006535288 0.795939614 1


mesh: pSphereShape10 tranform: pSphere10 0.03480776289 -0.02626119925 0.1782285425 0 -0.003434036319 0.1530003215 0.02321459286 0 -0.2190971964 -0.01116043408 0.04114490739 0 4.498935446 1.437529636 0.3754015341 1


mesh: pSphereShape11 tranform: pSphere11 0.00787392665 -0.005868945866 0.0429317221 0 -0.1096137029 0.1262939673 0.03736870163 0 -0.08570234161 -0.07596148776 0.005334053254 0 4.443575967 1.25074389 0.3300829578 1


mesh: pSphereShape12 tranform: pSphere12 0.050602125 -0.03465334841 0.3104354698 0 -0.01434921688 0.1638656973 0.02063100576 0 -0.2565462332 -0.02734561064 0.03876544003 0 4.552511758 0.83075074 0.2531282253 1


mesh: pSphereShape13 tranform: pSphere13 0.02788121256 -0.03065557428 0.2151314605 0 -0.02223746861 0.203194858 0.03183663903 0 -0.1929681041 -0.02448987995 0.02151909062 0 4.530016505 0.6034173302 0.235407221 1


mesh: pSphereShape14 tranform: pSphere14 0.02574541544 -0.01853122773 0.2192779367 0 -0.01995025931 0.2397562378 0.02260421287 0 -0.189102937 -0.01768769689 0.02070777847 0 4.536775505 0.4113346048 0.2135246257 1


mesh: pSphereShape15 tranform: pSphere15 0.01379564806 -0.01292435386 0.1505785278 0 0.0699300357 0.3726646863 0.02557947786 0 -0.1840745672 0.03318825617 0.0197130677 0 4.454342981 -0.1770775046 0.003018242951 1


mesh: pSphereShape16 tranform: pSphere16 0.00739007715 -0.002444334544 0.09991332119 0 -0.1243589833 0.3403046024 0.017523597 0 -0.07794146767 -0.02874313647 0.005061743639 0 4.456731925 -0.8556679034 -0.07326929732 1


mesh: pSphereShape17 tranform: pSphere17 -0.02992978406 -0.01549812385 0.1071977576 0 -0.01712784512 0.1021296023 0.009983273376 0 -0.264435178 -0.03661316062 -0.07912407183 0 4.414705815 -1.324319054 -0.1687204592 1


mesh: pSphereShape18 tranform: pSphere18 0.03228072854 -0.008957693282 0.1233756332 0 -0.003851157333 0.3572106858 0.02694293709 0 -0.1413496816 -0.004289943777 0.03667209304 0 4.597876825 -0.1985038026 0.3537052264 1


mesh: pSphereShape19 tranform: pSphere19 0.02243419807 -0.004544966895 0.08336622749 0 -0.08292897464 0.4197525701 0.0452006369 0 -0.09532085591 -0.02146838466 0.02448082305 0 4.663202337 -0.91960437 0.3090183995 1


mesh: pSphereShape20 tranform: pSphere20 0.04834066333 0.004843437589 0.1046958531 0 -0.001508197533 0.08187863813 -0.003091495937 0 -0.2377749586 -0.0002341680626 0.109797409 0 4.525781288 -1.338072379 0.3334959145 1


mesh: pSphereShape21 tranform: pSphere21 0.03068270647 -0.02208502801 0.2613296562 0 0.08326755416 0.1194787201 0.0003207326627 0 -0.2150190114 0.1497501074 0.03790079041 0 4.601313391 0.2433825482 0.1959397511 1


