mesh: pSphereShape1 tranform: pSphere1 0.01524061768 0.1390040463 -0.04476308205 0 0.01849326246 0.02353675927 0.0793858098 0 0.1473308909 -0.02483485239 -0.02695817927 0 -8.055312422 0.03218410915 0.1008882469 1


mesh: pSphereShape2 tranform: pSphere2 0.04582378515 0.2502672234 -0.05251699549 0 0.04668369653 0.01898431079 0.1312027538 0 0.1225191361 -0.03065045203 -0.03915899867 0 -8.017774809 0.3639366912 -0.0135551505 1


mesh: pSphereShape3 tranform: pSphere3 0.09958787982 0.2684336131 -0.06529967611 0 0.0379598348 0.01687661482 0.1272684744 0 0.1196054514 -0.05139350343 -0.02885910932 0 -7.914341216 0.812332692 -0.1178439493 1


mesh: pSphereShape4 tranform: pSphere4 0.0878429976 -0.02081042738 -0.1565851809 0 0.03709624133 0.1439855168 0.001674774681 0 0.144379943 -0.03819901934 0.08607267196 0 -7.746392082 1.061607241 -0.2828821058 1


mesh: pSphereShape5 tranform: pSphere5 0.1127622663 -0.02339195391 -0.1470635139 0 0.03182644518 0.1348025391 0.002961491228 0 0.1348676653 -0.03423329345 0.1088561452 0 -7.571803004 1.044327298 -0.5193707178 1


mesh: pSphereShape6 tranform: pSphere6 0.06130706832 -0.2516895128 -0.06247234498 0 0.08403459084 0.03444311774 -0.05629782465 0 0.06014337534 -0.00662696908 0.08572037182 0 -7.475724471 0.7413525042 -0.6332534375 1


mesh: pSphereShape7 tranform: pSphere7 0.1415879057 -0.2074459738 -0.01109278087 0 0.07210416247 0.05172947602 -0.0470571063 0 0.05204202068 0.02952080995 0.1121943689 0 -7.274749146 0.3196230804 -0.6455422618 1


mesh: pSphereShape8 tranform: pSphere8 -0.005054566737 -0.1892332682 -0.002505870605 0 0.03779382375 -0.000710245839 -0.02259863816 0 0.05898724514 -0.002883139626 0.09874052004 0 -7.130098481 0.0009304890544 -0.6454214017 1


mesh: pSphereShape10 tranform: pSphere10 0.1082579959 -0.01685823722 -0.1471823715 0 0.009980668399 0.1541228604 -0.01031205414 0 0.1796400845 -0.00277119435 0.1324492381 0 -7.609041464 1.483156588 -0.4074640329 1


mesh: pSphereShape11 tranform: pSphere11 0.02503441408 -0.004155830781 -0.03599421053 0 0.1002472418 0.1276268131 0.05498760757 0 0.06631714312 -0.07572995494 0.05486803767 0 -7.588784743 1.29246209 -0.342081204 1


mesh: pSphereShape12 tranform: pSphere12 0.1631685587 -0.03838454393 -0.2683919872 0 0.03077165762 0.1628361979 -0.004580711158 0 0.2182274217 -0.03735667291 0.1380137056 0 -7.721515627 0.8712597665 -0.3723263277 1


mesh: pSphereShape13 tranform: pSphere13 0.1132867109 -0.0377937905 -0.1836747726 0 0.04726393079 0.2010302886 -0.01221355179 0 0.1614305907 -0.03151061495 0.1060507437 0 -7.72537351 0.6439011413 -0.3451068152 1


mesh: pSphereShape14 tranform: pSphere14 0.1135426178 -0.0291255514 -0.1880128254 0 0.04545080155 0.2371496364 -0.009289318065 0 0.1600752286 -0.02673027671 0.1008117106 0 -7.755316775 0.4528901902 -0.3305866548 1


mesh: pSphereShape15 tranform: pSphere15 0.04843025316 -0.01445825104 -0.1430968952 0 -0.08903443357 0.3633565264 -0.06684603478 0 0.1727122141 0.05210527368 0.05318875098 0 -7.772944537 -0.1115296361 -0.1118515427 1


mesh: pSphereShape16 tranform: pSphere16 0.03282842301 -0.004272675484 -0.09459016149 0 0.06843719789 0.3561419067 0.007664713507 0 0.07705081569 -0.01539677383 0.02743670322 0 -7.724143035 -0.790804418 -0.004697010693 1


mesh: pSphereShape17 tranform: pSphere17 0.04304851946 0.003469492786 -0.1037406894 0 0.01324202499 0.1028024013 0.008933059585 0 0.2547416265 -0.04187725384 0.1043077417 0 -7.628412028 -1.281120098 0.07075681995 1


mesh: pSphereShape18 tranform: pSphere18 0.0433297888 -0.004657471523 -0.1201859806 0 0.008384652131 0.3579835289 -0.01084979195 0 0.1374028677 -0.001714854048 0.04960332387 0 -7.722408096 -0.1617360237 -0.4853960343 1


mesh: pSphereShape19 tranform: pSphere19 0.02864035835 -0.001902029473 -0.0815474709 0 0.09898586063 0.4179575486 0.0250163852 0 0.09217182856 -0.02380007005 0.03292686584 0 -7.794104624 -0.8815469494 -0.5075257728 1


mesh: pSphereShape20 tranform: pSphere20 -0.005044015726 0.008345605917 -0.1150061261 0 -0.004386653586 0.08160464224 0.006114165903 0 0.2612755673 0.01482283549 -0.01038355579 0 -7.661831894 -1.288637907 -0.5048539453 1


mesh: pSphereShape21 tranform: pSphere21 0.1353170945 -0.03471106327 -0.224068722 0 -0.05728253292 0.1226965088 -0.05360066364 0 0.2020930485 0.1383064679 0.1006203783 0 -7.827938716 0.288990441 -0.3539358712 1


