mesh: pSphereShape1 tranform: pSphere1 0.1111598341 0.09455894134 0.01613173062 0 -0.04342033907 0.05846823421 -0.04352271057 0 -0.06165318601 0.05042684713 0.1292513926 0 2.492735775 0.170052622 -0.5622542591 1


mesh: pSphereShape2 tranform: pSphere2 0.1643494153 0.19620136 0.04456268886 0 -0.1054557252 0.09171505266 -0.01487861954 0 -0.02537194828 -0.008162806383 0.1295123505 0 2.755237004 0.4002224272 -0.5098686765 1


mesh: pSphereShape3 tranform: pSphere3 0.02357054929 0.2502362692 0.151870461 0 -0.1220842722 0.03644886032 -0.04110893869 0 -0.05366346978 -0.05959735562 0.1065269525 0 2.925588802 0.7766833786 -0.3597994966 1


mesh: pSphereShape4 tranform: pSphere4 -0.001501689024 -0.01417401607 0.1801810955 0 -0.04693219551 0.1406916778 0.01067641715 0 -0.1635579788 -0.05413338536 -0.0056215703 0 2.913053187 1.016186233 -0.09724191456 1


mesh: pSphereShape5 tranform: pSphere5 -0.0212445285 -0.01787727227 0.1847140018 0 -0.04512145775 0.1307735183 0.007467163749 0 -0.1658204789 -0.05581644632 -0.02447363845 0 2.87768077 1.00666384 0.1955754262 1


mesh: pSphereShape6 tranform: pSphere6 -0.002933613737 -0.2371100669 0.1215696158 0 -0.08024975427 0.03297236077 0.06237296083 0 -0.06926873333 -0.03527594217 -0.07047393098 0 2.877718052 0.7191168188 0.3766102592 1


mesh: pSphereShape7 tranform: pSphere7 -0.2188394009 -0.1103430311 -0.05601561359 0 -0.04865510087 0.0686453416 0.05486181207 0 -0.01111978549 0.07417547486 -0.1026731506 0 2.65605679 0.3973560807 0.3829305877 1


mesh: pSphereShape8 tranform: pSphere8 -0.09464198967 -0.1601327971 -0.03523405869 0 -0.0377463893 0.01991833701 0.01086489553 0 -0.01432404926 0.03254213221 -0.1094227085 0 2.384380412 0.2021417469 0.2815619207 1


mesh: pSphereShape10 tranform: pSphere10 -0.01192110595 -0.02142700997 0.1818389804 0 0.008977392548 0.1533977288 0.01866417807 0 -0.2223581658 0.01457787102 -0.01285970181 0 2.879873589 1.444740527 0.08971576438 1


mesh: pSphereShape11 tranform: pSphere11 -0.003239862621 -0.00420137798 0.04371987789 0 -0.1090942381 0.1320567404 0.004605912623 0 -0.0880042634 -0.07223220164 -0.01346290368 0 2.810600514 1.256178555 0.03439733081 1


mesh: pSphereShape12 tranform: pSphere12 -0.02805870364 -0.02991399627 0.3137665892 0 -0.0400748377 0.1604379546 0.01171218513 0 -0.2520989543 -0.06090068676 -0.02835022296 0 2.951007392 0.8321567641 0.0005638403242 1


mesh: pSphereShape13 tranform: pSphere13 -0.02129039472 -0.02393478232 0.2167314395 0 -0.07280466154 0.193118544 0.01417519461 0 -0.1821928912 -0.0668303084 -0.02527795444 0 2.972938945 0.6024762997 -0.01276347893 1


mesh: pSphereShape14 tranform: pSphere14 -0.02399556562 -0.01902302657 0.2194342353 0 -0.0857888291 0.2256736697 0.01018275353 0 -0.1774057165 -0.06630527771 -0.02514775128 0 3.031426853 0.4165827609 -0.02466156602 1


mesh: pSphereShape15 tranform: pSphere15 -0.008068847698 -0.008853707638 0.1512870034 0 0.02182563023 0.3786859377 0.02332574633 0 -0.1875015772 0.01138164425 -0.009334257981 0 3.069773368 -0.1498090119 -0.2409028604 1


mesh: pSphereShape16 tranform: pSphere16 -0.013542926 0.005227218338 0.09915908988 0 -0.2925015961 0.2083936656 -0.05093478235 0 -0.04791898052 -0.0679828345 -0.002960919554 0 3.271529573 -0.7253831232 -0.2605976243 1


mesh: pSphereShape17 tranform: pSphere17 -0.03954669326 -0.01785292839 0.1036565244 0 -0.08941774719 0.04631147413 -0.02613806322 0 -0.1032192427 -0.2453725312 -0.08164076508 0 3.578858992 -1.164780219 -0.2604083113 1


mesh: pSphereShape18 tranform: pSphere18 -0.01420082473 -0.01196402381 0.1264872772 0 0.02940409299 0.35512624 0.0368914666 0 -0.1446922545 0.01353492317 -0.01496448689 0 3.048864808 -0.1941698795 0.09807612298 1


mesh: pSphereShape19 tranform: pSphere19 -0.007904372695 -0.008942242058 0.08562379956 0 -0.200985112 0.3798311551 0.02111423352 0 -0.0885852307 -0.04615176031 -0.01299768168 0 3.159633142 -0.8818369844 0.05854780871 1


mesh: pSphereShape20 tranform: pSphere20 -0.006076933388 0.00805273512 0.1149770612 0 -0.02068537437 0.079019825 -0.006627664283 0 -0.2530457686 -0.06696928067 -0.008683961747 0 3.139647424 -1.320071633 0.005790514423 1


mesh: pSphereShape21 tranform: pSphere21 -0.02859728165 -0.02267114087 0.2615159288 0 0.0471124931 0.1367477204 0.0170066737 0 -0.248871156 0.08817529184 -0.01957052522 0 3.13926161 0.271522887 -0.02126184288 1


