mesh: pSphereShape1 tranform: pSphere1 -0.086016876 0.1129553692 -0.03742080237 0 0.01752961935 0.0378281375 0.07389066958 0 0.1189748356 0.0694681216 -0.06378928844 0 4.177102103 0.08573367603 0.3094232345 1


mesh: pSphereShape2 tranform: pSphere2 -0.1260400603 0.2197067112 -0.05774427646 0 0.08536253885 0.07150846423 0.08575377943 0 0.08318125751 0.02129050117 -0.1005555023 0 3.972547494 0.3558397798 0.210430983 1


mesh: pSphereShape3 tranform: pSphere3 -0.04377963893 0.276658508 -0.08821457534 0 0.08606542248 0.0432644555 0.09297291924 0 0.1001821876 -0.01194489789 -0.08718057756 0 3.809380768 0.773126774 0.09448995593 1


mesh: pSphereShape4 tranform: pSphere4 0.02283357454 0.001839954862 -0.1792864396 0 0.002611605587 0.1486623401 0.001858279338 0 0.1709674323 -0.003275203166 0.02174046957 0 3.803058524 1.049897542 -0.1094610542 1


mesh: pSphereShape5 tranform: pSphere5 0.03136125191 0.00249111401 -0.1841207635 0 0.003670808073 0.1384691273 0.002498705257 0 0.1740952135 -0.005149101934 0.0295839358 0 3.85563436 1.073510927 -0.4001966832 1


mesh: pSphereShape6 tranform: pSphere6 0.01943685656 -0.2425321371 -0.1086707526 0 0.05768671593 0.04058730593 -0.08026518099 0 0.08798775351 -0.01735157317 0.05446285525 0 3.892497742 0.7866054294 -0.5749650417 1


mesh: pSphereShape7 tranform: pSphere7 0.08773023848 -0.2135183793 -0.09958576126 0 0.05400187759 0.05299967611 -0.06606172672 0 0.09759942215 0.002103673148 0.08146995712 0 4.02548382 0.3591043832 -0.7221258721 1


mesh: pSphereShape8 tranform: pSphere8 -0.04665795699 -0.1796613342 -0.03722764891 0 0.03309249428 -0.002596740421 -0.02894338907 0 0.07042282113 -0.03563541655 0.08371523896 0 4.098461238 0.03123241367 -0.8194848419 1


mesh: pSphereShape10 tranform: pSphere10 0.04431349668 0.01148438176 -0.1776824902 0 -0.0203021026 0.1533757152 0.004850045207 0 0.2146113945 0.02666076411 0.05524665768 0 3.811378707 1.493783696 -0.2265453204 1


mesh: pSphereShape11 tranform: pSphere11 0.009753314873 0.002350831269 -0.04288265909 0 0.09191620907 0.1417422026 0.02867592068 0 0.09336454554 -0.06412935634 0.01771943556 0 3.886706689 1.307558412 -0.1958352555 1


mesh: pSphereShape12 tranform: pSphere12 0.05440485832 0.003928662035 -0.3116990336 0 -0.00775230959 0.1655985144 0.0007340968914 0 0.2567209094 0.01181880531 0.04495778069 0 3.830706263 0.8714131889 -0.2202216099 1


mesh: pSphereShape13 tranform: pSphere13 0.0348128531 0.003692215224 -0.216270905 0 -0.001425414267 0.2068412274 0.003301782971 0 0.1932114358 0.0008347974539 0.03111525142 0 3.883669661 0.6481017984 -0.2232982243 1


mesh: pSphereShape14 tranform: pSphere14 0.03218422135 0.004000992709 -0.2191739361 0 -0.005521408737 0.2415545069 0.003598765408 0 0.1889770177 0.003905110522 0.02782129387 0 3.89802333 0.4542817698 -0.2251570098 1


mesh: pSphereShape15 tranform: pSphere15 -0.001360998384 0.01962664955 -0.1504798796 0 -0.02455576562 0.3760231303 0.04926568639 0 0.187677857 0.01226883101 -9.724365443e-05 0 3.920651982 -0.1400650638 -0.09088996936 1


mesh: pSphereShape16 tranform: pSphere16 0.0006159911155 0.01721887979 -0.09872380917 0 0.1263076842 0.3348467337 0.05919028161 0 0.07801642143 -0.02863190743 -0.004507037901 0 3.865876183 -0.8287239247 -0.1568745627 1


mesh: pSphereShape17 tranform: pSphere17 0.00506973882 0.006128064682 -0.112089641 0 0.0392291492 0.09609975508 0.007028187872 0 0.2575775433 -0.1055763372 0.005878083298 0 3.888360305 -1.33953463 -0.2094833338 1


mesh: pSphereShape18 tranform: pSphere18 0.01507195663 0.01437456629 -0.1261350092 0 -0.173388052 0.3131338354 0.01496702531 0 0.1266759067 0.06904323866 0.02300487709 0 4.107814705 -0.1139993953 -0.4095697623 1


mesh: pSphereShape19 tranform: pSphere19 0.008636904291 0.006970218888 -0.08573621047 0 0.1163060104 0.4117561969 0.04519157868 0 0.09645496797 -0.02806104399 0.007435373041 0 4.221963032 -0.7721597259 -0.4780793674 1


mesh: pSphereShape20 tranform: pSphere20 -0.01888651595 0.009297030634 -0.1134828842 0 0.02181330557 0.0789434857 0.002837103264 0 0.2487892136 -0.06705883829 -0.04689878622 0 4.324134916 -1.234101683 -0.5273271393 1


mesh: pSphereShape21 tranform: pSphere21 0.03835630538 0.004768277489 -0.2612057111 0 -0.0949802893 0.1097490052 -0.01194376362 0 0.1969784445 0.1739648794 0.03210066944 0 3.852902295 0.2797814269 -0.2391563819 1


