mesh: pSphereShape1 tranform: pSphere1 -0.00506072131 0.1442525332 0.02690224161 0 -0.06349161629 0.008156731528 -0.0556809571 0 -0.1005671541 -0.02425165328 0.1111215981 0 4.128556757 -0.1003776109 -0.5250359647 1


mesh: pSphereShape2 tranform: pSphere2 -0.03315262938 0.2558376533 0.03065184395 0 -0.101563789 -0.001522644485 -0.09714119873 0 -0.08982934206 -0.02293599211 0.09427855357 0 4.124049541 0.2453583407 -0.4545505308 1


mesh: pSphereShape3 tranform: pSphere3 -0.06488047092 0.2787500892 0.06578229544 0 -0.09266053979 0.001234307937 -0.09662057036 0 -0.09162138789 -0.04193448912 0.08733054621 0 4.06024953 0.7078279068 -0.3790727707 1


mesh: pSphereShape4 tranform: pSphere4 -0.005219366016 0.01104570026 0.1803306289 0 -0.02936730764 0.1454410388 -0.009758613157 0 -0.1689067325 -0.0342925569 -0.002788216056 0 3.983583779 0.9908541208 -0.1936057914 1


mesh: pSphereShape5 tranform: pSphere5 -0.02678449551 0.00928953393 0.1846252547 0 -0.02697723471 0.1354640925 -0.01072968001 0 -0.1714224747 -0.03596470094 -0.02305951697 0 3.943398285 1.025252997 0.09683662764 1


mesh: pSphereShape6 tranform: pSphere6 -0.0293833434 -0.2450633949 0.1004465678 0 -0.0593882384 0.03969288006 0.0794675927 0 -0.08645507829 -0.01337758481 -0.05792826705 0 3.908161298 0.7405173953 0.2667889518 1


mesh: pSphereShape7 tranform: pSphere7 -0.1225873232 -0.2051608745 0.07800884981 0 -0.05204347266 0.05590188518 0.06523631178 0 -0.08934860749 0.01982507933 -0.08826788276 0 3.735316356 0.3223502714 0.3844407702 1


mesh: pSphereShape8 tranform: pSphere8 0.0159208512 -0.1884918143 0.007643314113 0 -0.02839148788 -0.001033502588 0.03365161657 0 -0.08742112221 -0.01038771358 -0.07407523662 0 3.611769694 0.002752134102 0.4546418638 1


mesh: pSphereShape10 tranform: pSphere10 -0.008314919579 -7.218132495e-05 0.1832962117 0 -0.01059633401 0.1544258713 -0.0004198722952 0 -0.2224528093 -0.01529163339 -0.01009721354 0 3.901538193 1.43267542 -0.05857582811 1


mesh: pSphereShape11 tranform: pSphere11 -0.003208234847 0.0005858039353 0.04391970028 0 -0.1210538401 0.1208239463 -0.01045426741 0 -0.08070943391 -0.08127931801 -0.004811532699 0 3.858758642 1.235169394 -0.09039128118 1


mesh: pSphereShape12 tranform: pSphere12 -0.03800285366 0.0160320341 0.3137361432 0 -0.02445791288 0.1635761042 -0.0113213866 0 -0.2561313738 -0.04030155551 -0.02896576439 0 4.001134203 0.8190252299 -0.07079025332 1


mesh: pSphereShape13 tranform: pSphere13 -0.02680561043 0.01878638137 0.2166268743 0 -0.03981653454 0.2017622973 -0.02242422595 0 -0.1905449858 -0.03983940206 -0.02012324866 0 3.993141878 0.5906523568 -0.04793186454 1


mesh: pSphereShape14 tranform: pSphere14 -0.03025407668 0.01640064311 0.2188715516 0 -0.04229863649 0.2367414587 -0.02358652062 0 -0.1862861967 -0.03558359312 -0.02308350735 0 4.017556102 0.3987695949 -0.03010769333 1


mesh: pSphereShape15 tranform: pSphere15 -0.02186557519 0.01526582888 0.1493991397 0 -0.08270008771 0.3675835614 -0.04966395892 0 -0.1815600508 -0.04383299605 -0.02209362069 0 4.155947144 -0.1884083371 -0.1599823446 1


mesh: pSphereShape16 tranform: pSphere16 -0.01592865827 0.01240079051 0.0981618969 0 -0.1807281778 0.3070456528 -0.06811569881 0 -0.07093822252 -0.0431002418 -0.006066240099 0 4.377778232 -0.8514534396 -0.08882781458 1


mesh: pSphereShape17 tranform: pSphere17 -0.0271403706 0.01174417843 0.1084104128 0 -0.04411567436 0.09185054047 -0.02099452284 0 -0.2430315946 -0.1274781092 -0.04703276882 0 4.432565647 -1.344605947 -0.04787510708 1


mesh: pSphereShape18 tranform: pSphere18 -0.02393654175 0.01776092572 0.1243198458 0 0.1956099986 0.3000830332 -0.005208545442 0 -0.1192962116 0.07717353679 -0.03399467057 0 3.821464591 -0.1517176619 0.1486297002 1


mesh: pSphereShape19 tranform: pSphere19 -0.01499642341 0.009667243515 0.08459036316 0 -0.04908840109 0.4236046804 -0.05711336216 0 -0.09853367048 -0.01356453067 -0.01591813737 0 3.630390607 -0.8034464171 0.2144796082 1


mesh: pSphereShape20 tranform: pSphere20 0.007582358036 0.01230021824 0.1145107539 0 0.009013618271 0.08092224699 -0.009289134367 0 -0.2597434128 0.03052966605 0.01391961841 0 3.450252183 -1.20153181 0.2498230998 1


mesh: pSphereShape21 tranform: pSphere21 -0.03605600992 0.0195458535 0.2608453372 0 0.07155932084 0.1268379545 0.0003871547254 0 -0.2277361907 0.1286094973 -0.04111647484 0 4.096362709 0.2383423206 -0.002999240601 1


