mesh: pSphereShape1 tranform: pSphere1 -0.07907618237 0.1219185219 0.02099919601 0 -0.06016109482 -0.03011767237 -0.05168805542 0 -0.06909532864 -0.06521166041 0.118419507 0 3.459310378 -0.01177861537 -0.3231890107 1


mesh: pSphereShape2 tranform: pSphere2 -0.1478223815 0.2129675239 0.01687941048 0 -0.07109217169 -0.04028200782 -0.1143555733 0 -0.08573139457 -0.06556145186 0.07639136147 0 3.286055049 0.2897302372 -0.2643902143 1


mesh: pSphereShape3 tranform: pSphere3 -0.1618543798 0.237986136 0.05834515343 0 -0.07232787839 -0.02210788941 -0.110466977 0 -0.08478911522 -0.07495287244 0.07051579434 0 3.037777626 0.6900032993 -0.2031071479 1


mesh: pSphereShape4 tranform: pSphere4 -0.0209735149 0.009923294375 0.1792485004 0 -0.01844152395 0.1471885071 -0.01030624221 0 -0.1698708819 -0.02258763238 -0.01862579458 0 2.873584275 0.942544826 -0.02519572521 1


mesh: pSphereShape5 tranform: pSphere5 -0.04278639396 0.009906602478 0.1815526729 0 -0.01770372545 0.1369103326 -0.01164287354 0 -0.1704804401 -0.02534369533 -0.03879410445 0 2.809016601 0.9774167953 0.2606807205 1


mesh: pSphereShape6 tranform: pSphere6 -0.1188464504 -0.2266027886 0.07440200804 0 -0.0453474506 0.05081662296 0.08233386565 0 -0.08268289892 0.02362481162 -0.06012096942 0 2.679142866 0.7136471272 0.4050436363 1


mesh: pSphereShape7 tranform: pSphere7 -0.2185381894 -0.119014057 0.03578730078 0 -0.02517704823 0.06732795233 0.0701596983 0 -0.05417616731 0.07266583689 -0.08917424293 0 2.340204575 0.4105761734 0.4585617823 1


mesh: pSphereShape8 tranform: pSphere8 -0.09806179467 -0.1605188579 -0.02141584711 0 -0.02656451113 0.01181493422 0.03308035803 0 -0.06978331858 0.05261451035 -0.07482980442 0 2.057455343 0.2057867723 0.4723221457 1


mesh: pSphereShape10 tranform: pSphere10 0.03563956694 0.007551248694 0.1798317109 0 0.00109146189 0.1546402156 -0.006709750739 0 -0.2189495594 0.003421883926 0.04324836784 0 2.826753015 1.389694383 0.09575999301 1


mesh: pSphereShape11 tranform: pSphere11 0.003907921437 0.004464647014 0.04363910043 0 -0.1086471257 0.1324498011 -0.003821278985 0 -0.08806799458 -0.07180174524 0.01523249207 0 2.764355116 1.197429867 0.07437707328 1


mesh: pSphereShape12 tranform: pSphere12 -0.03127586989 0.0165272978 0.3144523476 0 -0.01225132573 0.1650319656 -0.009892447408 0 -0.2589012238 -0.02069816409 -0.02466280289 0 2.86834373 0.7689402505 0.09636833662 1


mesh: pSphereShape13 tranform: pSphere13 -0.0158093051 -0.00125638903 0.2185112329 0 -0.01982317178 0.205920388 -0.0002502134717 0 -0.1942895162 -0.0187207233 -0.01416450179 0 2.84098221 0.5419583176 0.1087515455 1


mesh: pSphereShape14 tranform: pSphere14 -0.007782796479 -0.003181877304 0.2214008809 0 -0.01858375875 0.2409123703 0.002809022207 0 -0.1903698007 -0.01460447611 -0.006901865338 0 2.846191656 0.3478026915 0.1084961942 1


mesh: pSphereShape15 tranform: pSphere15 0.03395852543 0.006290375986 0.1477785559 0 0.1525867154 0.3444822718 -0.04972671997 0 -0.1670321468 0.07904103838 0.03501839306 0 2.697852588 -0.2047389945 -0.01437940747 1


mesh: pSphereShape16 tranform: pSphere16 0.02258605939 0.00783007631 0.09732327363 0 0.0177821181 0.3607826401 -0.03315325778 0 -0.08098263984 0.005676490118 0.01833714892 0 2.488391045 -0.8693544007 0.03549241301 1


mesh: pSphereShape17 tranform: pSphere17 0.009131577127 0.01086782981 0.1114712861 0 -0.0007977214109 0.1035482814 -0.0100300327 0 -0.2775078213 6.351962244e-05 0.02272687291 0 2.264358979 -1.335824001 0.08173110703 1


mesh: pSphereShape18 tranform: pSphere18 0.01108494944 -0.007352921402 0.1271490898 0 -0.0305343636 0.3561837468 0.02325980451 0 -0.1450085119 -0.01320674389 0.01187821223 0 2.908608809 -0.2628099862 0.2630977565 1


mesh: pSphereShape19 tranform: pSphere19 0.01078603782 -0.006670723842 0.08551631823 0 -0.3469027463 0.2465834344 0.0629891025 0 -0.05824302341 -0.08217750465 0.0009358215496 0 3.200998461 -0.8507707273 0.2084283429 1


mesh: pSphereShape20 tranform: pSphere20 0.02799604279 0.006758849538 0.1117677942 0 -0.06223467637 0.0518429655 0.01245372936 0 -0.1581100564 -0.2022543427 0.05183481179 0 3.399005864 -1.267638608 0.1602448421 1


mesh: pSphereShape21 tranform: pSphere21 -0.009275331386 -0.003792077373 0.2638597251 0 0.08451884005 0.1185051516 0.004674153864 0 -0.2154048787 0.1538399711 -0.005361100705 0 2.909453912 0.1784963138 0.1124328662 1


