mesh: pSphereShape1 tranform: pSphere1 0.1179094523 0.08652575211 0.0129919247 0 -0.03073521686 0.0509623615 -0.06046710467 0 -0.07183482843 0.08202703839 0.105646709 0 -5.045502489 0.05183396733 -0.06013061302 1


mesh: pSphereShape2 tranform: pSphere2 0.1708538776 0.1933488004 0.03027756763 0 -0.09479302084 0.0914455123 -0.04905033805 0 -0.04437045747 0.01995468702 0.1229507587 0 -4.773445222 0.2720431839 -0.01478677616 1


mesh: pSphereShape3 tranform: pSphere3 0.05523743475 0.2713611808 0.09772580757 0 -0.1093726622 0.04488580027 -0.06281655404 0 -0.07269043669 -0.02448298269 0.1090701076 0 -4.567945454 0.6605165929 0.07999227051 1


mesh: pSphereShape4 tranform: pSphere4 0.05482460871 -0.01196686126 0.1718122274 0 -0.03396735531 0.1432607175 0.02081707541 0 -0.1594644269 -0.04475034186 0.04776757626 0 -4.501210342 0.9176629621 0.2981420863 1


mesh: pSphereShape5 tranform: pSphere5 0.04770195732 -0.01363045471 0.1800803246 0 -0.02931964457 0.1342105338 0.01792508451 0 -0.166665728 -0.04188285808 0.04097837483 0 -4.430220401 0.9151331409 0.5857194269 1


mesh: pSphereShape6 tranform: pSphere6 0.139710337 -0.1941093461 0.1175225293 0 -0.04259075254 0.02647197948 0.09435490436 0 -0.07895475371 -0.06702103471 -0.01683603976 0 -4.272642549 0.6657103812 0.7620845539 1


mesh: pSphereShape7 tranform: pSphere7 0.08388387515 -0.196019981 0.1332054031 0 -0.05006878979 0.03326040732 0.08047472759 0 -0.1017369237 -0.06757227636 -0.03536965329 0 -4.103502631 0.2738149827 0.9652003239 1


mesh: pSphereShape8 tranform: pSphere8 0.1576772501 -0.09793540825 0.03725048221 0 -0.01659163367 -0.01186673103 0.03903171013 0 -0.04664937866 -0.093455643 -0.04824288699 0 -3.936506635 -0.001380711146 1.103107872 1


mesh: pSphereShape10 tranform: pSphere10 0.01309858209 -0.01967368356 0.1819560871 0 0.01539770175 0.1532438688 0.01546078159 0 -0.2215268545 0.02042692741 0.01815581246 0 -4.46478539 1.345603338 0.489332688 1


mesh: pSphereShape11 tranform: pSphere11 0.005218244661 -0.007000322772 0.0431664385 0 -0.09503720952 0.1384821905 0.03394645224 0 -0.09442378718 -0.06501446476 0.000871144029 0 -4.541241353 1.163141548 0.4577685306 1


mesh: pSphereShape12 tranform: pSphere12 0.05576258005 -0.02574652474 0.3104178823 0 -0.02603506503 0.162712755 0.01817250452 0 -0.2535233069 -0.04523268298 0.04179053477 0 -4.443995265 0.7328629858 0.3845937867 1


mesh: pSphereShape13 tranform: pSphere13 0.02479854208 -0.007983018723 0.2175315501 0 -0.03768171857 0.2030721482 0.01174809099 0 -0.1911494084 -0.03665218862 0.0204459148 0 -4.449900946 0.5042366231 0.3783311016 1


mesh: pSphereShape14 tranform: pSphere14 0.01259531062 0.004247970199 0.2211613873 0 -0.04023330165 0.2382605227 -0.002285085452 0 -0.1880737709 -0.03165007822 0.01131886621 0 -4.427729215 0.3116685359 0.3738100023 1


mesh: pSphereShape15 tranform: pSphere15 0.009864639691 0.02163856583 0.1498856671 0 -0.107360529 0.3617429564 -0.04515792585 0 -0.1800025844 -0.05102395333 0.0192129499 0 -4.29654007 -0.2818029283 0.2391358036 1


mesh: pSphereShape16 tranform: pSphere16 -0.0003491687789 0.02040191361 0.09811676597 0 -0.3060441956 0.1904236016 -0.04068486062 0 -0.04467580378 -0.06878019064 0.01414282358 0 -3.949263346 -0.8409325659 0.2877685919 1


mesh: pSphereShape17 tranform: pSphere17 0.001885144169 0.01421583423 0.1114526776 0 -0.09550653126 0.04109545977 -0.003626316317 0 -0.1103144412 -0.2533563657 0.0341815989 0 -3.630890348 -1.265532479 0.3466634583 1


mesh: pSphereShape18 tranform: pSphere18 -0.006926583157 0.004653296113 0.12757038 0 0.1989363758 0.2979337869 -6.604027176e-05 0 -0.1212389807 0.08095158977 -0.009535627309 0 -4.591260954 -0.2296211465 0.5484737239 1


mesh: pSphereShape19 tranform: pSphere19 -0.003585360428 0.001423152256 0.08636548894 0 -0.002782522144 0.4301777437 -0.007204090183 0 -0.1006399136 -0.0007207381931 -0.004166069664 0 -4.818871858 -0.8857723239 0.5722941692 1


mesh: pSphereShape20 tranform: pSphere20 0.01630773313 0.006222242873 0.1140913748 0 0.01065353694 0.08103785457 -0.005942362002 0 -0.257029032 0.03633864555 0.03475681653 0 -5.042135832 -1.280746059 0.5798568909 1


mesh: pSphereShape21 tranform: pSphere21 0.01501075869 0.005062618741 0.263574303 0 0.07338832178 0.1256162759 -0.006592303126 0 -0.2281842265 0.1338582652 0.01042417629 0 -4.349135191 0.1488883377 0.3766111549 1


