mesh: pSphereShape1 tranform: pSphere1 -0.07436908004 0.124445602 0.02325224512 0 -0.06146695641 -0.02704473842 -0.05185057362 0 -0.07097759806 -0.06441575089 0.1177399522 0 3.529474481 -0.01970252672 -0.3193640167 1


mesh: pSphereShape2 tranform: pSphere2 -0.1435504925 0.2156764111 0.01919580659 0 -0.07187552599 -0.03762421355 -0.1147704731 0 -0.08702409596 -0.06465887276 0.0756957924 0 3.364204592 0.2855530462 -0.2565044237 1


mesh: pSphereShape3 tranform: pSphere3 -0.1585414089 0.2397175901 0.06031995357 0 -0.07244222852 -0.02003362446 -0.1107872339 0 -0.08597448233 -0.07439166669 0.06966974029 0 3.122697602 0.6892930553 -0.1914071561 1


mesh: pSphereShape4 tranform: pSphere4 -0.02256766692 0.005575334566 0.1792428549 0 -0.01875580277 0.1473457056 -0.006944635621 0 -0.1696386579 -0.02256707145 -0.02065649845 0 2.959887636 0.9397489051 -0.01091640934 1


mesh: pSphereShape5 tranform: pSphere5 -0.04629757403 0.005403730124 0.1808798598 0 -0.01742078781 0.1371740181 -0.008557014523 0 -0.1697054394 -0.02421673 -0.0427139289 0 2.891093163 0.9676218836 0.2745439504 1


mesh: pSphereShape6 tranform: pSphere6 -0.1259188806 -0.2238287947 0.07109196535 0 -0.04533968776 0.05151957446 0.08190013454 0 -0.08104785996 0.02612446475 -0.06130155951 0 2.753118998 0.7049195458 0.4141700914 1


mesh: pSphereShape7 tranform: pSphere7 -0.2258965306 -0.1066947756 0.02812470822 0 -0.0233112939 0.06787917546 0.0702731905 0 -0.04736549003 0.07663001226 -0.08973170083 0 2.402401418 0.4171608199 0.4571302257 1


mesh: pSphereShape8 tranform: pSphere8 -0.1082237461 -0.1532273301 -0.02549635047 0 -0.02676956691 0.01354222134 0.03224243381 0 -0.06341008633 0.05756989651 -0.07682685631 0 2.107379711 0.2302608882 0.4602883046 1


mesh: pSphereShape10 tranform: pSphere10 0.02542420313 0.005303122279 0.1816373615 0 0.0006807883625 0.1547193252 -0.004612509206 0 -0.221050959 0.001893426415 0.03088573498 0 2.909604299 1.383904927 0.1155899839 1


mesh: pSphereShape11 tranform: pSphere11 0.002177643765 0.003473380659 0.04384939571 0 -0.1088790834 0.1322173615 -0.005066007538 0 -0.08834443697 -0.07236263605 0.01011931147 0 2.84940674 1.191899216 0.09064823117 1


mesh: pSphereShape12 tranform: pSphere12 -0.03369059143 0.008851303784 0.3145126532 0 -0.01225294427 0.165220523 -0.005962322855 0 -0.2586950055 -0.02016466356 -0.02714391325 0 2.953757323 0.7632685819 0.1063485379 1


mesh: pSphereShape13 tranform: pSphere13 -0.01854426153 -0.006981019856 0.2181881007 0 -0.02149895942 0.2056973988 0.004754133229 0 -0.1939367814 -0.01987411189 -0.01711897189 0 2.927214832 0.5357652528 0.1126726005 1


mesh: pSphereShape14 tranform: pSphere14 -0.01087774336 -0.005955073333 0.2212131509 0 -0.01924712858 0.2408130285 0.00553626181 0 -0.1902157435 -0.01497880352 -0.009756734193 0 2.933356749 0.3419006111 0.1090223219 1


mesh: pSphereShape15 tranform: pSphere15 0.02865752696 0.005542872817 0.148927078 0 0.1474738875 0.3478036448 -0.04132269537 0 -0.1696623202 0.07548440998 0.02983810663 0 2.79161882 -0.216015093 -0.02204015363 1


mesh: pSphereShape16 tranform: pSphere16 0.01906183493 0.005055236336 0.098256556 0 0.0633994262 0.35584148 -0.03060734366 0 -0.08040191136 0.01559763926 0.01479553394 0 2.549417303 -0.8804763399 0.01572304595 1


mesh: pSphereShape17 tranform: pSphere17 0.009790860686 0.007129388468 0.1117168471 0 0.004386046419 0.1037073291 -0.007002641285 0 -0.277129502 0.01330316173 0.0234386577 0 2.27163986 -1.331052979 0.05755990544 1


mesh: pSphereShape18 tranform: pSphere18 0.007516918145 -0.01138547591 0.1271129398 0 -0.05557039733 0.3521915618 0.03483191152 0 -0.1440681974 -0.02336733105 0.006426573596 0 3.021011169 -0.2637210929 0.2523731858 1


mesh: pSphereShape19 tranform: pSphere19 0.007553998756 -0.008599349847 0.08569052536 0 -0.3217010239 0.2800585179 0.05646423904 0 -0.06630452299 -0.07580812197 -0.001762578502 0 3.321896037 -0.8738631384 0.1894166144 1


mesh: pSphereShape20 tranform: pSphere20 0.02430216833 0.001718205644 0.1128182284 0 -0.04733129927 0.06626689676 0.009186397099 0 -0.2065694637 -0.1540364897 0.04684307067 0 3.454610599 -1.287705361 0.1436088742 1


mesh: pSphereShape21 tranform: pSphere21 -0.01296380737 -0.007097099191 0.2636359935 0 0.08413684736 0.1186423129 0.007331131534 0 -0.215707487 0.1533722678 -0.006478220557 0 2.996997231 0.1727121758 0.1117467204 1


