mesh: pSphereShape1 tranform: pSphere1 -0.009637187404 0.1444033519 -0.02475745149 0 0.05775729935 0.01422646569 0.06049618697 0 0.110762253 -0.01032185922 -0.1033203139 0 -4.206704113 -0.009687347068 0.6977519422 1


mesh: pSphereShape2 tranform: pSphere2 0.00928219329 0.2568441742 -0.03790050492 0 0.1232198209 0.005490313843 0.06738446691 0 0.06342880807 -0.01917693918 -0.1144239809 0 -4.237721533 0.3354394422 0.6310769102 1


mesh: pSphereShape3 tranform: pSphere3 0.05375212245 0.2768832478 -0.0817604705 0 0.1135026756 -0.001073209752 0.07098608752 0 0.0663638668 -0.04441535789 -0.1067835079 0 -4.201388519 0.7957691 0.5407605197 1


mesh: pSphereShape4 tranform: pSphere4 -0.04249133105 0.01350546694 -0.1751584258 0 0.03312954967 0.1449253389 0.003137535113 0 0.1630831063 -0.03636317739 -0.04236576066 0 -4.168930059 1.079092231 0.3412117627 1


mesh: pSphereShape5 tranform: pSphere5 -0.02951339564 0.01298998051 -0.183984807 0 0.03157919891 0.1348196649 0.004453060236 0 0.1697351927 -0.03876783601 -0.02996473143 0 -4.212905367 1.118422814 0.0514920097 1


mesh: pSphereShape6 tranform: pSphere6 0.049118985 -0.2250247325 -0.1340155084 0 0.04558815559 0.05660128375 -0.07833007484 0 0.09290391263 -0.008335473481 0.04804692874 0 -4.182150703 0.8558186046 -0.1478665985 1


mesh: pSphereShape7 tranform: pSphere7 0.1824772765 -0.1473972457 -0.09044397393 0 0.03063671229 0.07464000481 -0.0598296058 0 0.07839541135 0.04101998984 0.09131783216 0 -3.932093982 0.5112912325 -0.3100827693 1


mesh: pSphereShape8 tranform: pSphere8 0.06511690997 -0.1741785991 -0.0355339481 0 0.02715687755 0.01638602247 -0.03055451323 0 0.08147425092 0.01413916748 0.07999705159 0 -3.700837703 0.2676783918 -0.4053387023 1


mesh: pSphereShape10 tranform: pSphere10 -0.0113914357 0.002613035544 -0.1831121284 0 -0.01815302355 0.1536855153 0.00332241627 0 0.2212324433 0.02642091027 -0.01338587672 0 -4.196411796 1.531364478 0.2134250045 1


mesh: pSphereShape11 tranform: pSphere11 -0.004907432563 0.001151749378 -0.04375118956 0 0.09933997756 0.1394183669 -0.007472464787 0 0.09253534624 -0.06658460524 -0.01213223582 0 -4.113087915 1.343361313 0.2275459908 1


mesh: pSphereShape12 tranform: pSphere12 -0.0615678452 0.02172759019 -0.3096270705 0 0.02393226714 0.1639063239 0.006743051611 0 0.2531230429 -0.03478788288 -0.05277347732 0 -4.216856522 0.908928194 0.2246651116 1


mesh: pSphereShape13 tranform: pSphere13 -0.04632847032 0.01575405409 -0.2135512917 0 0.04554490013 0.2017346581 0.005001670347 0 0.186361254 -0.04099672951 -0.04345418118 0 -4.214991247 0.6799967391 0.1989612247 1


mesh: pSphereShape14 tranform: pSphere14 -0.04871695679 0.01514704843 -0.2156067517 0 0.05365814779 0.2355700248 0.00442532017 0 0.1814855306 -0.04051496694 -0.04385347326 0 -4.247483259 0.4876486467 0.1920562893 1


mesh: pSphereShape15 tranform: pSphere15 -0.03388493302 0.00806949208 -0.1477089925 0 -0.01623209376 0.3788977583 0.02442326502 0 0.1831542626 0.01051765651 -0.04144160537 0 -4.213428774 -0.1070092626 0.3458502046 1


mesh: pSphereShape16 tranform: pSphere16 -0.0205933579 0.009961760602 -0.09757016296 0 0.1419643783 0.3337793241 0.004115053793 0 0.07465404993 -0.03151823236 -0.01897459836 0 -4.283085723 -0.7951783489 0.3467496679 1


mesh: pSphereShape17 tranform: pSphere17 -0.009667813455 0.007712575716 -0.1116888204 0 0.04589038328 0.09333510607 0.002472892152 0 0.2487343833 -0.1215033196 -0.0299208207 0 -4.285789678 -1.313994215 0.332439953 1


mesh: pSphereShape18 tranform: pSphere18 -0.0255579893 0.0009642780379 -0.1252585004 0 -0.1004019911 0.3431104519 0.02312758717 0 0.1371625707 0.04200159724 -0.027663578 0 -4.215671032 -0.1013666799 -0.0007578117309 1


mesh: pSphereShape19 tranform: pSphere19 -0.02154555082 -0.003811661452 -0.08363694357 0 0.3419206208 0.2416264193 -0.09909336553 0 0.05575027255 -0.08322544767 -0.0105688116 0 -4.360006346 -0.6666892659 0.02887583997 1


mesh: pSphereShape20 tranform: pSphere20 -0.05141095354 0.02710998563 -0.09971691335 0 0.06541611046 0.04435263983 -0.0216683922 0 0.1061952294 -0.2114636575 -0.1122414879 0 -4.588027512 -1.088549579 0.06295445226 1


mesh: pSphereShape21 tranform: pSphere21 -0.05805958303 0.01805185246 -0.2569544349 0 -0.06396037819 0.1287083752 0.02349419456 0 0.2306194573 0.1225445104 -0.04349998518 0 -4.334665694 0.3293362248 0.1963760035 1


