mesh: pSphereShape1 tranform: pSphere1 0.002610018212 0.1388993475 -0.0475215099 0 0.07231422402 0.01314059535 0.04237999941 0 0.07935405992 -0.04323078293 -0.1219997431 0 2.358176558 -0.02728260503 1.66974511 1


mesh: pSphereShape2 tranform: pSphere2 0.02897723463 0.248432221 -0.07023737353 0 0.1135897478 0.009981738123 0.08216853585 0 0.07646196568 -0.03751418288 -0.1011438084 0 2.354165838 0.3050991139 1.551382222 1


mesh: pSphereShape3 tranform: pSphere3 0.05322880591 0.2660825649 -0.1122727081 0 0.1048177247 0.01369482514 0.08215065508 0 0.07935132949 -0.0547436898 -0.09212002677 0 2.40552062 0.7517443283 1.404048416 1


mesh: pSphereShape4 tranform: pSphere4 -0.03498071066 -0.01017881826 -0.1770342524 0 0.01687099969 0.1472646473 -0.01180076517 0 0.1679814901 -0.02180368682 -0.03193831735 0 2.437187 1.010486389 1.173497055 1


mesh: pSphereShape5 tranform: pSphere5 -0.007708239281 -0.01018669254 -0.1863518277 0 0.01515920055 0.1374675655 -0.008141538449 0 0.1754537812 -0.01971412071 -0.006179805458 0 2.417031854 1.013623846 0.8799291835 1


mesh: pSphereShape6 tranform: pSphere6 0.071560487 -0.2336979984 -0.1061758146 0 0.02320120997 0.04895004615 -0.09210419488 0 0.0984690228 0.01521008739 0.03288813237 0 2.483639731 0.7342328049 0.7090889916 1


mesh: pSphereShape7 tranform: pSphere7 0.1662356743 -0.1563680522 -0.1054454823 0 0.01306118703 0.06485381276 -0.07558246193 0 0.09394294694 0.05633013908 0.06456829493 0 2.745639799 0.3850372443 0.5509348138 1


mesh: pSphereShape8 tranform: pSphere8 0.05798075275 -0.1794863871 -0.01624582923 0 0.01468030973 0.008422417069 -0.04065866951 0 0.1025914826 0.02923984221 0.0430989235 0 2.956122423 0.1282081259 0.4407402973 1


mesh: pSphereShape10 tranform: pSphere10 -0.06355438471 -0.003370630246 -0.1720933565 0 0.005242047369 0.1546211009 -0.004964315135 0 0.209252517 -0.009569264353 -0.07708990506 0 2.462986042 1.441095077 1.012788272 1


mesh: pSphereShape11 tranform: pSphere11 -0.01183927169 0.001065483211 -0.04240604203 0 0.1129360535 0.1257069222 -0.02837194769 0 0.08052451151 -0.07785941895 -0.02443777876 0 2.521620021 1.246737698 1.034739558 1


mesh: pSphereShape12 tranform: pSphere12 -0.04544532199 -0.01860720847 -0.3126021514 0 0.008026925892 0.1652211872 -0.01100149596 0 0.2578818021 -0.01496567323 -0.03659940304 0 2.411919924 0.8244640997 1.075302273 1


mesh: pSphereShape13 tranform: pSphere13 -0.03015445277 -0.02368299371 -0.2157046507 0 0.01057222782 0.2052025267 -0.02400787316 0 0.1935818626 -0.01297299832 -0.02563744304 0 2.444935585 0.5981760885 1.081045141 1


mesh: pSphereShape14 tranform: pSphere14 -0.03412237294 -0.01387456279 -0.218477016 0 0.01023842623 0.2408356287 -0.01689353196 0 0.1886008581 -0.01003931669 -0.02881867304 0 2.446994359 0.4045139115 1.095904771 1


mesh: pSphereShape15 tranform: pSphere15 -0.06433618973 -0.005899986389 -0.1373218726 0 -0.1356035768 0.3516967453 0.0484206289 0 0.1565643493 0.07088457393 -0.0763969461 0 2.610384064 -0.1621239066 1.212379772 1


mesh: pSphereShape16 tranform: pSphere16 -0.04227166367 0.001667712829 -0.09084924297 0 0.03415919506 0.3610079306 -0.009267093701 0 0.07505229036 -0.008001783175 -0.0350683148 0 2.76331244 -0.8325744011 1.191699021 1


mesh: pSphereShape17 tranform: pSphere17 -0.01498150289 -0.005277602187 -0.1112431775 0 0.004941421898 0.1037681842 -0.005588451682 0 0.2756341696 -0.01508623926 -0.03640488369 0 2.92697685 -1.309778084 1.190776391 1


mesh: pSphereShape18 tranform: pSphere18 -0.03127929873 -0.02155362585 -0.1220691577 0 0.009448960545 0.3522437329 -0.06461653898 0 0.1415996866 -0.01012642962 -0.03449583582 0 2.378504062 -0.1983875204 0.9912471825 1


mesh: pSphereShape19 tranform: pSphere19 -0.02204109123 -0.01382999889 -0.08244270302 0 0.141801432 0.3927241508 -0.1037912703 0 0.09156758595 -0.03785405873 -0.01813050604 0 2.262317063 -0.895387008 1.122989371 1


mesh: pSphereShape20 tranform: pSphere20 -0.03288261197 -0.002634471903 -0.1106042208 0 0.007749193677 0.08147317443 -0.004244435829 0 0.2498233371 -0.02759661729 -0.07361510513 0 2.347862398 -1.312356481 1.184414312 1


mesh: pSphereShape21 tranform: pSphere21 -0.04066614328 -0.01653533766 -0.2603751401 0 -0.08751130047 0.1162368739 0.006286049907 0 0.2076578868 0.1586382412 -0.04250706215 0 2.389409453 0.2338623553 1.111534387 1


