mesh: pSphereShape1 tranform: pSphere1 -0.01406247584 0.141522181 0.03649457358 0 -0.06834277284 0.006077897549 -0.04990401942 0 -0.0887790327 -0.03895072837 0.1168376174 0 -1.640900234 -0.08345138954 -0.3008906709 1


mesh: pSphereShape2 tranform: pSphere2 -0.0476111993 0.2501642316 0.05140591541 0 -0.112667146 -0.004198352717 -0.08391914098 0 -0.07524282845 -0.03544273918 0.102791756 0 -1.663611222 0.2561372498 -0.2078671073 1


mesh: pSphereShape3 tranform: pSphere3 -0.08928497419 0.2647133257 0.09051765954 0 -0.1028682555 -0.005457743504 -0.08550654252 0 -0.07509245 -0.05747356381 0.09400807313 0 -1.762233354 0.7035267378 -0.09556653632 1


mesh: pSphereShape4 tranform: pSphere4 -0.03933362294 0.002872623997 0.1763887727 0 -0.03640225238 0.1437923684 -0.01045924777 0 -0.1628659173 -0.04382069868 -0.0356044554 0 -1.890775074 0.9682258362 0.1036609882 1


mesh: pSphereShape5 tranform: pSphere5 -0.06079037831 0.0005499616314 0.1766194122 0 -0.03467396224 0.13356124 -0.01235026667 0 -0.1610901539 -0.04693423242 -0.0552992406 0 -1.986615523 0.9881239458 0.3819943427 1


mesh: pSphereShape6 tranform: pSphere6 -0.07377183082 -0.2274823999 0.1175518443 0 -0.04054545714 0.05544509035 0.08185043517 0 -0.09262957518 0.004687500784 -0.04906030574 0 -2.07414505 0.7201457379 0.5673231787 1


mesh: pSphereShape7 tranform: pSphere7 -0.2396495616 0.06930100323 -0.03113640113 0 0.01165615568 0.07154740606 0.06953001444 0 0.03547920484 0.08207337172 -0.09040251234 0 -2.387080726 0.587867167 0.5993691037 1


mesh: pSphereShape8 tranform: pSphere8 -0.177970412 0.01119731396 -0.06357838026 0 -0.00677797352 0.03546329984 0.02521883124 0 0.03501012825 0.06788099175 -0.08604626524 0 -2.705526772 0.6795284418 0.5179698492 1


mesh: pSphereShape10 tranform: pSphere10 -0.03019429849 0.009505574902 0.1807334853 0 0.004503194362 0.1545481269 -0.007376043237 0 -0.2200675243 0.00464592791 -0.03701000244 0 -1.954205501 1.412236424 0.2134915618 1


mesh: pSphereShape11 tranform: pSphere11 -0.007788399424 0.002694317701 0.04326265706 0 -0.1061761614 0.1316898496 -0.02731585916 0 -0.0876699613 -0.0730152728 -0.01123560981 0 -2.011708332 1.219096279 0.185733671 1


mesh: pSphereShape12 tranform: pSphere12 -0.0612059754 0.004835725474 0.3104223814 0 -0.03103903222 0.1626198177 -0.008653238936 0 -0.2512646709 -0.05055284971 -0.04875434399 0 -1.886428479 0.7923654404 0.2217712729 1


mesh: pSphereShape13 tranform: pSphere13 -0.03576814615 -0.01425673285 0.2156758142 0 -0.04779104859 0.2012047677 0.005374387552 0 -0.1877090206 -0.0436768436 -0.03401722534 0 -1.885434411 0.5631955566 0.2257165403 1


mesh: pSphereShape14 tranform: pSphere14 -0.02681475659 -0.005938707082 0.2198516475 0 -0.04127487526 0.2380891629 0.001397151525 0 -0.1868207148 -0.03224820893 -0.02365715572 0 -1.858977013 0.3726081497 0.2234950136 1


mesh: pSphereShape15 tranform: pSphere15 0.0273144012 0.01103432438 0.1488738359 0 0.1908863467 0.3232752097 -0.05898329772 0 -0.1590691414 0.09792720785 0.02192673917 0 -2.02860827 -0.1667716491 0.1281706458 1


mesh: pSphereShape16 tranform: pSphere16 0.01828193736 0.008291575646 0.0981849291 0 0.1161668419 0.3399278603 -0.05033656938 0 -0.07736765386 0.02821991399 0.01202265012 0 -2.360242389 -0.7897336201 0.2004589895 1


mesh: pSphereShape17 tranform: pSphere17 0.007229052598 0.01958597969 0.1104150046 0 0.03952098158 0.09427963644 -0.01931130924 0 -0.2569407042 0.1072554247 -0.00220318521 0 -2.702787052 -1.150373351 0.2532239227 1


mesh: pSphereShape18 tranform: pSphere18 0.01034515713 -0.01539731487 0.126490051 0 -0.05851614791 0.3502391667 0.04741955138 0 -0.1436446539 -0.02517510391 0.008683667247 0 -1.764685836 -0.2114193342 0.3716189433 1


mesh: pSphereShape19 tranform: pSphere19 0.008612452301 -0.01056142959 0.08537071935 0 -0.2702597449 0.3278299495 0.0678212874 0 -0.07773115413 -0.06406347227 -8.370545122e-05 0 -1.499088579 -0.8564954556 0.2859279829 1


mesh: pSphereShape20 tranform: pSphere20 0.02210988672 0.005001767542 0.1131708244 0 -0.0316587912 0.07553516168 0.002846696298 0 -0.2363021964 -0.1009485164 0.05062732233 0 -1.443219366 -1.275542118 0.2351280505 1


mesh: pSphereShape21 tranform: pSphere21 -0.03195711902 -0.007077594325 0.2620133897 0 0.0722939872 0.1258296082 0.01221646908 0 -0.2275846096 0.1331020567 -0.02416252889 0 -1.780701081 0.2099178553 0.232822747 1


