mesh: pSphereShape1 tranform: pSphere1 0.08370712582 0.1166273158 -0.03081105516 0 -0.03286370169 0.04115902177 0.0665131463 0 0.1099985667 -0.05551552443 0.08870313749 0 -0.9409776088 0.1260129775 0.77132387 1


mesh: pSphereShape2 tranform: pSphere2 0.1356673076 0.2159646954 -0.04944865217 0 -0.07258633448 0.06828972225 0.09910434937 0 0.08973580664 -0.03569143361 0.09031845141 0 -0.737128181 0.3964522325 0.673617633 1


mesh: pSphereShape3 tranform: pSphere3 0.1808403324 0.2304696462 -0.02046740113 0 -0.07381103636 0.06592355606 0.09016124131 0 0.07505179885 -0.05017560036 0.09812869619 0 -0.4737895901 0.7802512498 0.5933920622 1


mesh: pSphereShape4 tranform: pSphere4 0.1763114862 0.006229620596 -0.03929168693 0 -0.001630724742 0.1478117793 0.01611780637 0 0.03789336177 -0.01781523509 0.1672122855 0 -0.1901851868 1.026687072 0.5590070099 1


mesh: pSphereShape5 tranform: pSphere5 0.1864022053 0.006263428407 -0.01025556641 0 -0.003936854402 0.1379037846 0.01266747584 0 0.01019685291 -0.01584440908 0.1756583183 0 0.1014807118 1.05637985 0.5328195429 1


mesh: pSphereShape6 tranform: pSphere6 0.1176740475 -0.2341494157 0.04833043607 0 0.08846910214 0.05096615935 0.03151593952 0 -0.03626978266 0.002089895491 0.09843403712 0 0.287700748 0.7815351497 0.5775640331 1


mesh: pSphereShape7 tranform: pSphere7 0.1177085377 -0.1848217485 0.1232462507 0 0.07273354627 0.06400184245 0.02651255546 0 -0.06439062423 0.02942262993 0.105619993 0 0.4669774545 0.3968899382 0.7785221816 1


mesh: pSphereShape8 tranform: pSphere8 0.03805603563 -0.1852415405 0.008852549518 0 0.03550532111 0.008471788205 0.02464096156 0 -0.06402252669 -0.008602865717 0.0952082174 0 0.5895323461 0.1037327004 0.9244112755 1


mesh: pSphereShape10 tranform: pSphere10 0.1781834387 0.006982971972 -0.0432266652 0 0.0001138282733 0.1527339467 0.02514233234 0 0.05326601267 -0.03524637371 0.2138725443 0 -0.0486519619 1.458303648 0.6370811036 1


mesh: pSphereShape11 tranform: pSphere11 0.04325795476 0.002958526005 -0.007718321291 0 0.01498906559 0.113485135 0.1275076544 0 0.01903767308 -0.08555161366 0.07390520623 0 -0.0691159671 1.260337855 0.6666489993 1


mesh: pSphereShape12 tranform: pSphere12 0.3148726509 0.01049234963 -0.02960970875 0 -0.00454111724 0.1653977192 0.01031881389 0 0.02489460824 -0.0154901097 0.2592427945 0 -0.07621165765 0.8504498749 0.5296662489 1


mesh: pSphereShape13 tranform: pSphere13 0.2172436891 0.01560604613 -0.02367070825 0 -0.01363242154 0.2061404695 0.01079309192 0 0.0217967866 -0.0087311101 0.194288915 0 -0.05282423882 0.6258225734 0.5613541343 1


mesh: pSphereShape14 tranform: pSphere14 0.2200834975 0.01160155389 -0.0227531187 0 -0.01210011938 0.2412671905 0.005978860314 0 0.01983714763 -0.003713151886 0.1899849667 0 -0.04091688272 0.4322605499 0.5656115407 1


mesh: pSphereShape15 tranform: pSphere15 0.1516250536 0.005070721198 -0.003922084318 0 -0.0123034595 0.3795337187 0.01504224821 0 0.005103062251 -0.007280446606 0.1878682132 0 -0.2205304303 -0.1637926752 0.5636850229 1


mesh: pSphereShape16 tranform: pSphere16 0.1001305223 0.003190073164 -0.002638503227 0 -0.009797543105 0.3575309482 0.06045729758 0 0.002601292025 -0.01380025975 0.08203321057 0 -0.2355988176 -0.875284321 0.5238091141 1


mesh: pSphereShape17 tranform: pSphere17 0.1105777844 -0.0009350741171 0.01997554221 0 0.001170916477 0.1040168869 -0.001612664664 0 -0.04945091935 0.004804238174 0.2739683039 0 -0.2744726001 -1.335254949 0.6554100942 1


mesh: pSphereShape18 tranform: pSphere18 0.1272222273 0.01218292993 0.003148601568 0 -0.0315273537 0.3487615244 -0.07557547466 0 -0.006439786157 0.03035330153 0.1427591845 0 0.1571596482 -0.1807829607 0.6138495389 1


mesh: pSphereShape19 tranform: pSphere19 0.08612518197 0.007474879765 0.0006760582341 0 -0.03645987344 0.4082590099 0.1307967545 0 0.001900217433 -0.03057303999 0.09595804399 0 0.2385675499 -0.8786144717 0.6064381469 1


mesh: pSphereShape20 tranform: pSphere20 0.1147529331 0.0007875848944 -0.01235493134 0 0.0003950299614 0.08146928572 0.008862439016 0 0.02806361225 -0.02829465207 0.2588518941 0 0.2672102321 -1.308240364 0.7052099394 1


mesh: pSphereShape21 tranform: pSphere21 0.2622897023 0.01382642565 -0.02711656621 0 -0.01529558136 0.1133422587 -0.09015725478 0 0.01257806779 0.1656655901 0.2061345296 0 -0.03332393746 0.2601119132 0.5109356414 1


