mesh: pSphereShape1 tranform: pSphere1 0.02853561357 0.1414008969 -0.02737955349 0 -0.06058068068 0.02284228791 0.0548297146 0 0.1021129031 0.001146523196 0.1123456507 0 4.306004933 -0.09435302393 -0.1661517021 1


mesh: pSphereShape2 tranform: pSphere2 0.03482411163 0.2562717688 -0.02456825081 0 -0.09647020058 0.02266408555 0.09966831898 0 0.09451275226 -0.003986189539 0.09238650358 0 4.381214541 0.2427783828 -0.2383583548 1


mesh: pSphereShape3 tranform: pSphere3 0.06847388507 0.285299482 0.01240688455 0 -0.09668869488 0.01926728678 0.09057097609 0 0.08682775574 -0.02510244411 0.09803271153 0 4.462461934 0.7066068236 -0.2693208096 1


mesh: pSphereShape4 tranform: pSphere4 0.1800220119 0.01045937635 -0.01229071493 0 -0.007608636088 0.1478080406 0.01434074014 0 0.0126135964 -0.01595816381 0.1711708856 0 4.651870161 0.9961143292 -0.254996196 1


mesh: pSphereShape5 tranform: pSphere5 0.1850060662 0.0118581331 0.02285452852 0 -0.01007236829 0.137808963 0.01003268166 0 -0.02068960862 -0.01424305454 0.1748712137 0 4.942072747 1.033976331 -0.2325184311 1


mesh: pSphereShape6 tranform: pSphere6 0.1885137516 -0.1798609859 0.05587085625 0 0.05848615194 0.07595937341 0.04719247291 0 -0.04691689851 -0.02074174547 0.09152982623 0 5.196299402 0.8124131433 -0.1667242342 1


mesh: pSphereShape7 tranform: pSphere7 0.1515311865 -0.1362016303 0.147280115 0 0.03871820637 0.08442682977 0.038240438 0 -0.08883513068 -0.0004642310783 0.09096994341 0 5.468132062 0.5055813414 0.05675502498 1


mesh: pSphereShape8 tranform: pSphere8 0.07772294094 -0.1716986577 0.01788220341 0 0.03430089064 0.01773282624 0.02117951332 0 -0.05455711928 -0.01425141357 0.1002891611 0 5.661691505 0.2662701214 0.223406175 1


mesh: pSphereShape10 tranform: pSphere10 0.1763448109 0.02248641482 0.04542590831 0 -0.01449393312 0.1528819278 -0.01941263442 0 -0.05800947055 0.0217293608 0.214438281 0 4.751426518 1.444776205 -0.2678101932 1


mesh: pSphereShape11 tranform: pSphere11 0.04322933027 0.002299004186 0.008094170334 0 -0.02475654233 0.14260921 0.09171410332 0 -0.01433279428 -0.06327597161 0.09452096873 0 4.741355512 1.260256399 -0.1935128766 1


mesh: pSphereShape12 tranform: pSphere12 0.3153970816 0.01919290643 0.0169683173 0 -0.01034752895 0.165374025 0.005278793628 0 -0.01345181269 -0.009153349066 0.2603877426 0 4.773475009 0.8227586756 -0.262918857 1


mesh: pSphereShape13 tranform: pSphere13 0.218438915 0.006972156701 0.01531342583 0 -0.007417155392 0.2064008157 0.01182861026 0 -0.01329170602 -0.01164733015 0.1949030142 0 4.789869416 0.5971561505 -0.2265014524 1


mesh: pSphereShape14 tranform: pSphere14 0.2206420718 0.01135344555 0.0166499781 0 -0.01301635232 0.2411593957 0.008045949039 0 -0.01400265023 -0.007108459403 0.1904074134 0 4.797879095 0.4033179375 -0.2236354249 1


mesh: pSphereShape15 tranform: pSphere15 0.1467505995 0.004475189507 0.03841205622 0 0.008508041336 0.3722818561 -0.07587701128 0 -0.04774114757 0.03737786922 0.178037045 0 4.614985056 -0.1969298261 -0.1598474852 1


mesh: pSphereShape16 tranform: pSphere16 0.09645208496 0.007390902196 0.02618453046 0 -0.04581053194 0.353144019 0.0690662915 0 -0.02000163486 -0.01799760628 0.0787571095 0 4.602262856 -0.8899562762 -0.1223275755 1


mesh: pSphereShape17 tranform: pSphere17 0.08995268384 -0.01902792607 0.0646049205 0 0.0172770354 0.1024094555 0.006106715134 0 -0.1603445178 0.01350105537 0.2272321781 0 4.5159474 -1.337939518 -0.04275357437 1


mesh: pSphereShape18 tranform: pSphere18 0.1168035444 0.02296538569 -0.04661926263 0 -0.1071856747 0.3240123861 -0.1089377441 0 0.04020292114 0.05652792766 0.1285740917 0 5.104265127 -0.1579406499 -0.1202745412 1


mesh: pSphereShape19 tranform: pSphere19 0.07870323435 0.01353777512 -0.03311204312 0 -0.01474558664 0.4091566994 0.1322342451 0 0.04153706899 -0.02686150964 0.08774621933 0 5.254624643 -0.8257433008 -0.09938509353 1


mesh: pSphereShape20 tranform: pSphere20 0.03379968281 0.01697259099 -0.1090459209 0 0.006886249061 0.08033821442 0.01463879322 0 0.2494510303 -0.0344923619 0.07195079726 0 5.455665855 -1.263156962 -0.1208284149 1


mesh: pSphereShape21 tranform: pSphere21 0.2629553964 0.01353073669 0.01984300436 0 0.0008318170349 0.1149530636 -0.08940835674 0 -0.02403371765 0.1619810029 0.2080367154 0 4.815038636 0.2321348734 -0.279170717 1


