mesh: pSphereShape1 tranform: pSphere1 0.03691252047 0.1412322051 0.01578179029 0 -0.04743255359 0.004553020071 0.07019622112 0 0.1199523492 -0.04070301748 0.08369350648 0 4.301762487 -0.05482514884 -0.3529037533 1


mesh: pSphereShape2 tranform: pSphere2 0.05182606189 0.2507975569 0.04365984388 0 -0.0840251477 -0.002246136582 0.1126439684 0 0.1026603724 -0.03442576224 0.07589157342 0 4.395549396 0.2845508327 -0.3324385977 1


mesh: pSphereShape3 tranform: pSphere3 0.09264101427 0.2713188648 0.06357762347 0 -0.08361690755 0.00406970168 0.1044733654 0 0.09525944019 -0.05085600343 0.07822346431 0 4.510147142 0.7381990758 -0.2594700933 1


mesh: pSphereShape4 tranform: pSphere4 0.1722192704 0.004654223074 -0.05465570523 0 3.268041636e-05 0.1481519275 0.01271889758 0 0.05231370649 -0.01406029667 0.1636423602 0 4.718326078 1.013487905 -0.2373374263 1


mesh: pSphereShape5 tranform: pSphere5 0.1856566384 0.006552406826 -0.01946452972 0 -0.003724323617 0.1380565861 0.01095107445 0 0.01883522768 -0.01338519187 0.1751483278 0 5.006630865 1.042563702 -0.2817918154 1


mesh: pSphereShape6 tranform: pSphere6 0.1900863162 -0.1847113785 0.02752926491 0 0.07016392576 0.07614088141 0.02640408257 0 -0.0256960928 -0.01137728711 0.1010910115 0 5.261856387 0.8150502134 -0.2597973773 1


mesh: pSphereShape7 tranform: pSphere7 0.175627447 -0.1317460687 0.1224826114 0 0.04903419825 0.08506480966 0.02118833988 0 -0.06651727596 0.01150334176 0.10775227 0 5.566030127 0.5128682664 -0.07578474007 1


mesh: pSphereShape8 tranform: pSphere8 0.07166109752 -0.1744190319 0.01684476827 0 0.03911171075 0.0171137739 0.01081521309 0 -0.03000888218 -0.001603518585 0.1110603151 0 5.782943779 0.2773365139 0.06554906694 1


mesh: pSphereShape10 tranform: pSphere10 0.1818234099 0.02331817599 0.007946986466 0 -0.01876282834 0.1525506837 -0.0183317616 0 -0.01288696896 0.02502319188 0.2214244929 0 4.813263884 1.458403464 -0.2803235977 1


mesh: pSphereShape11 tranform: pSphere11 0.04396729597 0.001813276749 -0.00177902264 0 -0.002177443465 0.1439574732 0.09291530857 0 0.006450233149 -0.06200347419 0.09621566808 0 4.822274219 1.275083025 -0.2025074354 1


mesh: pSphereShape12 tranform: pSphere12 0.3095472355 0.009027336646 -0.06504326818 0 -0.003924327105 0.165678778 0.00431825623 0 0.05378764297 -0.005378396588 0.2552341549 0 4.829733643 0.8363051361 -0.2704207625 1


mesh: pSphereShape13 tranform: pSphere13 0.2151228403 -0.0006969898688 -0.04147709428 0 0.003013397448 0.2064928591 0.01215917354 0 0.03694559785 -0.01183426385 0.1918188929 0 4.847887353 0.6100858053 -0.236321448 1


mesh: pSphereShape14 tranform: pSphere14 0.2176983917 0.004637974505 -0.04092610117 0 -0.002843709769 0.2413184151 0.01222099343 0 0.0354456557 -0.009078675588 0.1875173875 0 4.850032171 0.4156742347 -0.2357085938 1


mesh: pSphereShape15 tranform: pSphere15 0.1512588818 -0.006976875781 0.01016492588 0 0.0231726751 0.3679258859 -0.09228790593 0 -0.01009649195 0.04629074457 0.1820130201 0 4.648957048 -0.1740597999 -0.1081500634 1


mesh: pSphereShape16 tranform: pSphere16 0.09991251599 0.0008754573095 0.007744836089 0 -0.009583519694 0.352807615 0.08375200608 0 -0.006087904769 -0.01932773229 0.08072197784 0 4.593965756 -0.8579782247 -0.05826487054 1


mesh: pSphereShape17 tranform: pSphere17 0.09460934091 -0.0294881876 0.05297983068 0 0.02642211543 0.100255134 0.00861768085 0 -0.1325564248 0.0139216641 0.2444628543 0 4.481629625 -1.303092604 0.01799226442 1


mesh: pSphereShape18 tranform: pSphere18 0.1048611895 0.01182791459 -0.07216691739 0 -0.08744874854 0.3400050997 -0.07134056288 0 0.07557791264 0.04399354321 0.1170278847 0 5.121956303 -0.1670031053 -0.2186851908 1


mesh: pSphereShape19 tranform: pSphere19 0.07016863698 0.006954451391 -0.05001875491 0 0.03085021494 0.4170219434 0.1012595451 0 0.05839476445 -0.02342042033 0.07866259088 0 5.215518108 -0.8610603601 -0.2206861311 1


mesh: pSphereShape20 tranform: pSphere20 0.03071147893 0.01660406602 -0.1100118645 0 -6.036246643e-05 0.08103556104 0.01221382794 0 0.2524597099 -0.01020242274 0.06893810406 0 5.384868711 -1.287172021 -0.2182603536 1


mesh: pSphereShape21 tranform: pSphere21 0.2594471963 0.005527415577 -0.04877464697 0 -0.01865085784 0.1159901965 -0.08606493367 0 0.03567535932 0.1599986897 0.207900043 0 4.846825998 0.2447693958 -0.2945602413 1


