mesh: pSphereShape1 tranform: pSphere1 0.02460084009 0.1402572553 -0.035788767 0 0.01985907282 0.01710635339 0.08069124173 0 0.1453957425 -0.03285555183 -0.02881831916 0 -8.080790986 0.01828552593 0.07739281173 1


mesh: pSphereShape2 tranform: pSphere2 0.05859531393 0.2505804672 -0.03560275072 0 0.0378520172 0.01032420838 0.1349613637 0 0.1237992862 -0.03351797497 -0.032157397 0 -8.022430147 0.3535169634 -0.01621517383 1


mesh: pSphereShape3 tranform: pSphere3 0.1082609325 0.2685920495 -0.048747098 0 0.03017436726 0.01141906234 0.1299313139 0 0.1202498225 -0.05269667783 -0.02329473602 0 -7.900189917 0.8034452864 -0.09313207847 1


mesh: pSphereShape4 tranform: pSphere4 0.09607182529 -0.01802920819 -0.1520313686 0 0.03707891328 0.1438587174 0.006370922806 0 0.1395377822 -0.0400807069 0.09292998528 0 -7.719309499 1.054779383 -0.2393058756 1


mesh: pSphereShape5 tranform: pSphere5 0.1193397091 -0.02111634716 -0.1421348762 0 0.03152965681 0.1347503142 0.006453768994 0 0.1298237916 -0.03585264984 0.1143295085 0 -7.533488288 1.041412565 -0.4676882757 1


mesh: pSphereShape6 tranform: pSphere6 0.06666132159 -0.2541104221 -0.0446444056 0 0.08693074643 0.03214642317 -0.05317178462 0 0.05507783972 -0.001239878426 0.0892973613 0 -7.429886066 0.7374076991 -0.5636348334 1


mesh: pSphereShape7 tranform: pSphere7 0.1444575801 -0.2055223404 0.009828125422 0 0.07419559275 0.04996560258 -0.04569215209 0 0.04481176261 0.03690695143 0.1131247516 0 -7.224631179 0.3185359354 -0.5396446861 1


mesh: pSphereShape8 tranform: pSphere8 -0.005174275834 -0.1888792987 0.01178538041 0 0.03969047056 -0.002269697302 -0.01894969736 0 0.04975989079 0.005101851078 0.1036118828 0 -7.07844824 0.002297368214 -0.507743664 1


mesh: pSphereShape10 tranform: pSphere10 0.1105756192 -0.01500523426 -0.1456520501 0 0.007266249982 0.1542703256 -0.01037673196 0 0.1778127464 0.0006999920671 0.1349191513 0 -7.584920891 1.479747527 -0.3603972349 1


mesh: pSphereShape11 tranform: pSphere11 0.02593535429 -0.003654205639 -0.03540593437 0 0.09576399322 0.1302918995 0.0567012207 0 0.06693395297 -0.07385037288 0.05665209149 0 -7.563034873 1.290235102 -0.2939391089 1


mesh: pSphereShape12 tranform: pSphere12 0.1753423813 -0.03349109183 -0.2612757291 0 0.03192967981 0.1626765789 0.0005756747998 0 0.21128669 -0.04199155567 0.1471772925 0 -7.690519773 0.866167702 -0.331305622 1


mesh: pSphereShape13 tranform: pSphere13 0.1214524898 -0.03567649691 -0.178815972 0 0.04879863744 0.2009147531 -0.006941318148 0 0.1561998914 -0.03403825238 0.112882709 0 -7.696895659 0.6384964468 -0.3086916749 1


mesh: pSphereShape14 tranform: pSphere14 0.1215298957 -0.02808407645 -0.1831142141 0 0.0466342244 0.2370402067 -0.005404292954 0 0.1554342966 -0.02812915403 0.1074733344 0 -7.728178551 0.4477018919 -0.2976664521 1


mesh: pSphereShape15 tranform: pSphere15 0.0533339534 -0.01284266067 -0.1414984358 0 -0.07459785728 0.3675315166 -0.06147545834 0 0.1721675343 0.04511445804 0.06079915675 0 -7.767164747 -0.1229460083 -0.09082551954 1


mesh: pSphereShape16 tranform: pSphere16 0.03545301173 -0.006300426261 -0.09352351764 0 0.01828426734 0.3618573942 -0.0174461304 0 0.07773152049 -0.002498911092 0.02963490663 0 -7.692053838 -0.8132587523 0.03284597335 1


mesh: pSphereShape17 tranform: pSphere17 0.04064177932 0.00227809774 -0.104739673 0 0.001179036192 0.1039937469 0.002719371184 0 0.2595688787 -0.005573465011 0.1005984064 0 -7.529634568 -1.283911141 0.1375712397 1


mesh: pSphereShape18 tranform: pSphere18 0.04410261516 -0.003477168014 -0.1199445756 0 0.0161664318 0.3578536717 -0.004429841182 0 0.1369654639 -0.005562153552 0.05052229877 0 -7.698988877 -0.1656391703 -0.46049265 1


mesh: pSphereShape19 tranform: pSphere19 0.02919187659 -0.001085181992 -0.08136666746 0 0.107767895 0.4152123193 0.03312617126 0 0.09139378405 -0.02636518081 0.03314093067 0 -7.785992643 -0.8832286888 -0.4959049422 1


mesh: pSphereShape20 tranform: pSphere20 -0.004586701412 0.009681376369 -0.1149205525 0 -0.004439820822 0.08152664945 0.007045339515 0 0.2613097907 0.015022461 -0.009163825477 0 -7.661993541 -1.28867748 -0.5000005563 1


mesh: pSphereShape21 tranform: pSphere21 0.1448361215 -0.03346986093 -0.2182306864 0 -0.05446562986 0.1233301108 -0.05506298146 0 0.1979922446 0.1367426984 0.1104320849 0 -7.80028109 0.2842680612 -0.3254669337 1


