mesh: pSphereShape1 tranform: pSphere1 0.0723430862 0.1270102273 0.01389297917 0 -0.06079660734 0.03945328977 -0.0441055218 0 -0.07495383681 0.0285932762 0.1288962825 0 3.632346676 -0.1204111853 -0.4669291849 1


mesh: pSphereShape2 tranform: pSphere2 0.09734109578 0.2396590303 0.02407898389 0 -0.1214921143 0.05393333745 -0.04565956031 0 -0.04432995016 0.005501306902 0.1244524296 0 3.808884678 0.1825989419 -0.4269006246 1


mesh: pSphereShape3 tranform: pSphere3 0.0434524143 0.2790426068 0.08053266046 0 -0.1185093168 0.03358958825 -0.05244344733 0 -0.0588070469 -0.02464025038 0.1171076159 0 3.944134881 0.62274146 -0.3524696979 1


mesh: pSphereShape4 tranform: pSphere4 0.07539245251 0.01980716232 0.1630706577 0 -0.038811183 0.1435416266 0.000508478811 0 -0.1500638397 -0.04083801519 0.07433934635 0 4.015749662 0.9122096562 -0.1600533425 1


mesh: pSphereShape5 tranform: pSphere5 0.04538313007 0.01616470476 0.180469563 0 -0.03415133246 0.1342211274 -0.003434100039 0 -0.1657463862 -0.04101224164 0.0453541331 0 4.095898334 0.9585933346 0.1185891101 1


mesh: pSphereShape6 tranform: pSphere6 0.05576745214 -0.2227885457 0.1351451685 0 -0.03760993399 0.04482210282 0.08940949525 0 -0.09572382057 -0.03710363393 -0.02166552526 0 4.172812526 0.6965377617 0.3198795853 1


mesh: pSphereShape7 tranform: pSphere7 -0.0211563837 -0.2045894732 0.1445668419 0 -0.04022076695 0.05585354341 0.07315730847 0 -0.1160201137 -0.02148444006 -0.04738331577 0 4.160504316 0.2843223576 0.5469077021 1


mesh: pSphereShape8 tranform: pSphere8 0.07732017751 -0.1688184677 0.03691846319 0 -0.02254059506 -0.002061999876 0.03777890602 0 -0.08695879215 -0.05179227599 -0.05471038748 0 4.166357993 -0.03218718772 0.6946764964 1


mesh: pSphereShape10 tranform: pSphere10 0.06777035447 0.007923391407 0.1703262846 0 -0.001539039454 0.1546419241 -0.006581410767 0 -0.207411434 0.001445149221 0.08245876994 0 4.023966842 1.365541627 -0.03543759218 1


mesh: pSphereShape11 tranform: pSphere11 0.01458562762 0.002424811224 0.0414844039 0 -0.1069656327 0.1304651331 0.02998253441 0 -0.08111795267 -0.07405606592 0.03284916986 0 3.961771459 1.171953194 -0.03504910801 1


mesh: pSphereShape12 tranform: pSphere12 0.07576843345 0.02701058304 0.3060411466 0 -0.03526452141 0.1618920367 -0.005557621174 0 -0.247152063 -0.05157964864 0.06574122872 0 4.094729492 0.7473585329 -0.05283616122 1


mesh: pSphereShape13 tranform: pSphere13 0.04780450196 0.02756167749 0.212023006 0 -0.05860135095 0.1980030243 -0.01252641 0 -0.18276418 -0.05106434204 0.04784560751 0 4.108629135 0.51974277 -0.02339304284 1


mesh: pSphereShape14 tranform: pSphere14 0.04341149643 0.0259245632 0.2157137115 0 -0.0566494831 0.2343117197 -0.01675920426 0 -0.1819180603 -0.04101119422 0.04153900306 0 4.146726691 0.331258452 -0.00916301966 1


mesh: pSphereShape15 tranform: pSphere15 0.06172321979 0.02546104711 0.136283642 0 -0.09068177051 0.3680134731 -0.02768371515 0 -0.1658554853 -0.03472956489 0.08160469957 0 4.236851497 -0.2620375864 -0.149176658 1


mesh: pSphereShape16 tranform: pSphere16 0.03858132657 0.02003816682 0.09029514314 0 -0.2043720422 0.2989503311 0.02098150387 0 -0.06083823516 -0.0441022975 0.03578209083 0 4.469059423 -0.919711361 -0.1595281537 1


mesh: pSphereShape17 tranform: pSphere17 0.07706852431 0.03915478661 0.07179615798 0 -0.04132932082 0.09517618075 -0.007540978464 0 -0.1697807377 -0.05683011059 0.2132415187 0 4.592145111 -1.357321644 -0.03739166214 1


mesh: pSphereShape18 tranform: pSphere18 0.009736528693 -0.001989248342 0.1274561708 0 0.1611779901 0.3198566765 -0.007320475386 0 -0.1299960895 0.06575669436 0.01095684141 0 4.051315276 -0.2332456204 0.1689503239 1


mesh: pSphereShape19 tranform: pSphere19 0.007730732218 -0.00119230033 0.08609699212 0 0.06160506357 0.4258135922 0.0003652327002 0 -0.09928300409 0.01435606409 0.009113524631 0 3.819026474 -0.9125812297 0.1961218654 1


mesh: pSphereShape20 tranform: pSphere20 0.03168805094 -0.01477367998 0.1099959367 0 0.01736149106 0.07988562101 0.005727964192 0 -0.2456494339 0.04785181786 0.0771946626 0 3.540091108 -1.285230079 0.2287961858 1


mesh: pSphereShape21 tranform: pSphere21 0.05173667543 0.03089621004 0.2570819068 0 0.06278917714 0.1283694246 -0.02806355404 0 -0.2331821108 0.1211324843 0.03236918773 0 4.236072816 0.1741820895 -0.004010706417 1


