mesh: pSphereShape1 tranform: pSphere1 0.03365545072 0.1389661363 -0.03337451749 0 0.02795772225 0.01224083912 0.0791619493 0 0.1390534648 -0.04384276073 -0.04233026089 0 0.3868769165 -0.05220008109 1.461376259 1


mesh: pSphereShape2 tranform: pSphere2 0.07079189732 0.2478601685 -0.03233235762 0 0.0363377491 0.007306482389 0.1355732919 0 0.122543424 -0.03901019701 -0.03074296433 0 0.4634201152 0.2804700683 1.372008583 1


mesh: pSphereShape3 tranform: pSphere3 0.1164506888 0.2650357831 -0.04933222953 0 0.02960721765 0.0112036864 0.1300804514 0 0.1188033484 -0.05632959341 -0.02218886438 0 0.6034431174 0.7261331652 1.297095113 1


mesh: pSphereShape4 tranform: pSphere4 0.08544140127 -0.008193915394 -0.1590629174 0 0.02387600559 0.1466728819 0.005269450623 0 0.1493562994 -0.02724554203 0.08163096331 0 0.7787793204 0.9850429818 1.143237398 1


mesh: pSphereShape5 tranform: pSphere5 0.108768268 -0.009804824366 -0.1515371856 0 0.01803588541 0.1373012236 0.004061825704 0 0.1417707475 -0.02167483664 0.1031606635 0 0.9457430947 0.9898353185 0.9000222295 1


mesh: pSphereShape6 tranform: pSphere6 0.1198988563 -0.2366574418 -0.02502960011 0 0.08023661283 0.04628437886 -0.0532675146 0 0.05072210993 0.01613431224 0.09042165667 0 1.100890454 0.7078129727 0.8205112024 1


mesh: pSphereShape7 tranform: pSphere7 0.1907420761 -0.159344437 0.03782628297 0 0.06191504786 0.06265612501 -0.04827066433 0 0.02679541492 0.05815290592 0.1098529555 0 1.394086957 0.3541961596 0.8882090292 1


mesh: pSphereShape8 tranform: pSphere8 0.0416252393 -0.1813225827 0.03507874391 0 0.03920265991 0.005252503829 -0.01936849682 0 0.04592007687 0.03010191515 0.1011074633 0 1.613697224 0.09094282973 0.9583898771 1


mesh: pSphereShape10 tranform: pSphere10 0.07825139262 0.004697272076 -0.1658954475 0 0.00833468867 0.154341912 0.008301535511 0 0.2015320211 -0.01597170442 0.09460861105 0 0.9038266363 1.416056505 1.062014884 1


mesh: pSphereShape11 tranform: pSphere11 0.02055230043 0.002339949553 -0.03888063262 0 0.1018195952 0.1234613332 0.06125209495 0 0.07510220729 -0.07926629928 0.03492854653 0 0.9297441034 1.220517622 1.104697115 1


mesh: pSphereShape12 tranform: pSphere12 0.1638661343 -0.01576475148 -0.2702424341 0 0.01812289713 0.164782193 0.001376463236 0 0.2213590226 -0.0254788952 0.1357111659 0 0.8165486453 0.8004405795 1.046274167 1


mesh: pSphereShape13 tranform: pSphere13 0.1144290988 -0.02499902663 -0.1851477831 0 0.02843292265 0.2046620853 -0.01006114776 0 0.1647056013 -0.01775981645 0.1041929389 0 0.832063691 0.5736391214 1.067559121 1


mesh: pSphereShape14 tranform: pSphere14 0.1128907901 -0.02063934922 -0.1895223815 0 0.02454428556 0.2401180348 -0.0115292778 0 0.1632439539 -0.01195501372 0.09853972119 0 0.8194929724 0.3809098114 1.082079084 1


mesh: pSphereShape15 tranform: pSphere15 0.04801416061 -0.001617667478 -0.1439558105 0 -0.1139822787 0.3600863824 -0.04206334878 0 0.16926494 0.06009533063 0.0557803101 0 0.8383036087 -0.1862947038 1.279400485 1


mesh: pSphereShape16 tranform: pSphere16 0.03181139818 -0.002241438751 -0.09500668746 0 -0.08585493314 0.3504828305 -0.03701582863 0 0.07642444546 0.02137042641 0.02508526533 0 1.04533009 -0.859904468 1.399136405 1


mesh: pSphereShape17 tranform: pSphere17 0.02909332864 0.01778960421 -0.1070721778 0 -0.03261541524 0.09850586984 0.007504185109 0 0.2543831643 0.0779740772 0.08207529865 0 1.341406835 -1.254876491 1.510040488 1


mesh: pSphereShape18 tranform: pSphere18 0.05315105334 -0.01776718559 -0.1149048529 0 0.06272179333 0.3517980419 -0.02538388625 0 0.1303825629 -0.01868564139 0.06319978337 0 0.8053172636 -0.2306509558 0.944205101 1


mesh: pSphereShape19 tranform: pSphere19 0.03470786389 -0.0119438966 -0.07827250712 0 0.2388501019 0.3540783279 0.05188158702 0 0.07337536708 -0.05550516328 0.0410060991 0 0.5675474044 -0.8975107382 0.9193765127 1


mesh: pSphereShape20 tranform: pSphere20 0.04135289795 -0.004199202441 -0.1076745318 0 0.01550773382 0.08042079392 0.002819483259 0 0.2394391929 -0.04946321917 0.09388673821 0 0.5326120989 -1.299549226 0.9760786095 1


mesh: pSphereShape21 tranform: pSphere21 0.1345402634 -0.02459743154 -0.2258677711 0 -0.06849641811 0.1168421258 -0.05352486664 0 0.1907636241 0.1560976111 0.09663082 0 0.7610462458 0.2111510386 1.060908371 1


