mesh: pSphereShape1 tranform: pSphere1 0.1337155786 0.05952467774 -0.01162289162 0 -0.03211452796 0.07600086015 0.01976393033 0 0.02510404304 -0.02765967848 0.1471551356 0 -1.266738154 0.5978528713 0.6205307131 1


mesh: pSphereShape2 tranform: pSphere2 0.2361161267 0.09791122985 -0.0464123153 0 -0.04743923222 0.1287775454 0.03032815907 0 0.03239751019 -0.01795885013 0.1269318602 0 -0.9375373123 0.7019333918 0.5585342408 1


mesh: pSphereShape3 tranform: pSphere3 0.2670113459 0.1217126256 0.01137435881 0 -0.05548576267 0.1195080094 0.02371074842 0 0.005177520182 -0.0236128582 0.1311305861 0 -0.5075792721 0.8842465499 0.5076977185 1


mesh: pSphereShape4 tranform: pSphere4 0.1804842303 0.001223870914 -0.009608836518 0 -0.0008698573341 0.1486716555 0.002597544822 0 0.009182768613 -0.002953240947 0.1721051801 0 -0.1453367992 1.040494541 0.512887539 1


mesh: pSphereShape5 tranform: pSphere5 0.1867826708 0.001340597248 -0.0007912217507 0 -0.0009879674553 0.1385288123 0.001486491734 0 0.0007618833643 -0.001890165044 0.1766542179 0 0.1502981665 1.062775821 0.5128342839 1


mesh: pSphereShape6 tranform: pSphere6 0.2312820717 -0.1320883058 0.008381179276 0 0.05149009419 0.0914356868 0.02014624669 0 -0.01262991151 -0.01557970459 0.1029897209 0 0.4449265886 0.8836519672 0.5272917714 1


mesh: pSphereShape7 tranform: pSphere7 0.2067378525 -0.07648023436 0.1208894163 0 0.02657972901 0.09568415356 0.01507915621 0 -0.06405011797 0.0004822495378 0.109839776 0 0.8227294815 0.6745560476 0.6949414171 1


mesh: pSphereShape8 tranform: pSphere8 0.1304308658 -0.1312415612 0.04005620646 0 0.02945209506 0.0317334551 0.008070807464 0 -0.03215731445 0.001753303253 0.1104551082 0 1.099443186 0.528006279 0.8484630215 1


mesh: pSphereShape10 tranform: pSphere10 0.182529058 0.003215800308 -0.01842405819 0 -0.001409154703 0.1542395485 0.01296087457 0 0.02266049556 -0.01838817796 0.2212903455 0 -0.008213464722 1.475850255 0.5749862418 1


mesh: pSphereShape11 tranform: pSphere11 0.04389571019 0.001892421541 -0.003026776719 0 0.002480941702 0.126781978 0.1152472338 0 0.009143025798 -0.07696756855 0.08447419473 0 -0.03191842488 1.284261505 0.6149311909 1


mesh: pSphereShape12 tranform: pSphere12 0.3163651663 0.002175210764 -0.006321437272 0 -0.001107015465 0.1657696966 0.001639326043 0 0.005229274031 -0.002544480684 0.2608307724 0 -0.0322459522 0.8608890258 0.512699934 1


mesh: pSphereShape13 tranform: pSphere13 0.2190119533 0.002676707821 -0.005027037626 0 -0.002564993671 0.2068503329 -0.001608575609 0 0.004471421676 0.001576885183 0.195645175 0 -0.02083734075 0.6376629775 0.5578615646 1


mesh: pSphereShape14 tranform: pSphere14 0.221496753 0.001839000095 -0.004985258672 0 -0.00208700306 0.2416085725 -0.003599856049 0 0.004274578539 0.002882501539 0.19098431 0 -0.01861936843 0.443394097 0.5714519172 1


mesh: pSphereShape15 tranform: pSphere15 0.1517516143 0.001641278592 7.488656445e-05 0 -0.004113109782 0.3799189801 0.008254627324 0 -4.859883919e-05 -0.004086005696 0.1880340763 0 -0.2017231974 -0.1594785407 0.5669235542 1


mesh: pSphereShape16 tranform: pSphere16 0.1002103224 0.001071891598 4.580748614e-05 0 -0.003857048029 0.3581364427 0.05747057655 0 0.0001034759021 -0.01318566171 0.08217535606 0 -0.2313449257 -0.8705826345 0.5358572231 1


mesh: pSphereShape17 tranform: pSphere17 0.1104073698 -0.0001736007748 0.02091711286 0 0.0002398210944 0.1040349222 -0.0004024204109 0 -0.05182677556 0.001177668852 0.2735684632 0 -0.2782283773 -1.333590085 0.6695530263 1


mesh: pSphereShape18 tranform: pSphere18 0.1275624569 0.008291925096 -0.001701806277 0 -0.02355309112 0.3562290319 -0.02977173255 0 0.001146326552 0.01224209695 0.1455740207 0 0.1777720908 -0.1742062357 0.5803321883 1


mesh: pSphereShape19 tranform: pSphere19 0.0861812143 0.006518085713 -0.002047123105 0 -0.03001153593 0.421773753 0.07949051221 0 0.003741351146 -0.0183855978 0.09896585216 0 0.2457790311 -0.892342943 0.5600070057 1


mesh: pSphereShape20 tranform: pSphere20 0.114634768 0.002110797693 -0.01326328685 0 -0.00137312466 0.08193098663 0.001171045374 0 0.03015742139 -0.003212770979 0.2601397025 0 0.2712542435 -1.312881463 0.7101179742 1


mesh: pSphereShape21 tranform: pSphere21 0.263973983 0.002191671765 -0.00594129968 0 -0.003055402358 0.1102741517 -0.09507380805 0 0.003076191875 0.1729159765 0.2004628194 0 -0.01410202814 0.2690833676 0.5237274666 1


