mesh: pSphereShape1 tranform: pSphere1 0.05666169325 0.1317026768 0.03165426148 0 -0.0595741274 0.03708987444 -0.0476796723 0 -0.09084188133 0.009943133856 0.1212385723 0 3.599515583 -0.1080065383 -0.5231973861 1


mesh: pSphereShape2 tranform: pSphere2 0.06855673959 0.2446747591 0.05409041457 0 -0.122194589 0.04578166984 -0.05221547004 0 -0.05523290964 -0.01097199068 0.1196359361 0 3.738081629 0.2058553464 -0.4402896103 1


mesh: pSphereShape3 tranform: pSphere3 0.01540954131 0.2730161119 0.1070660861 0 -0.1161808497 0.02986710053 -0.05943904639 0 -0.06588381453 -0.03908177602 0.1091400117 0 3.826370165 0.6482147085 -0.3162300991 1


mesh: pSphereShape4 tranform: pSphere4 0.06658716629 0.005019400255 0.1679563631 0 -0.03578207337 0.1439886706 0.009882865225 0 -0.1547897906 -0.04276596525 0.06264527781 0 3.869413295 0.9217279685 -0.09586085215 1


mesh: pSphereShape5 tranform: pSphere5 0.03803666746 0.001304011709 0.1828707216 0 -0.02920991926 0.1353295241 0.005110586831 0 -0.1689059144 -0.03779404909 0.03540152259 0 3.93816618 0.9448819492 0.1889842687 1


mesh: pSphereShape6 tranform: pSphere6 0.05263869582 -0.2271463452 0.1290064609 0 -0.03716718226 0.04282371174 0.09056663929 0 -0.09616422679 -0.03523600754 -0.02280328309 0 4.007312445 0.672549613 0.3819707608 1


mesh: pSphereShape7 tranform: pSphere7 -0.02092233549 -0.208380831 0.1390816381 0 -0.03977625109 0.05393312951 0.07482237351 0 -0.1162762585 -0.01997308397 -0.04741660233 0 3.992215821 0.2540986358 0.5978230232 1


mesh: pSphereShape8 tranform: pSphere8 0.07938272837 -0.1666012215 0.04223118792 0 -0.02432690436 -0.002303681537 0.03663974325 0 -0.082891948 -0.0543131581 -0.05845086566 0 3.998715208 -0.06471744161 0.7412347168 1


mesh: pSphereShape10 tranform: pSphere10 0.05412073736 -0.002028247732 0.1753096584 0 0.00241300596 0.1547672198 0.001045650322 0 -0.2132473195 0.002879771742 0.0658659835 0 3.881665771 1.365124372 0.05287745739 1


mesh: pSphereShape11 tranform: pSphere11 0.01191452954 -0.0004431640012 0.04239603284 0 -0.1049788098 0.1318620326 0.03088047509 0 -0.08513689725 -0.07320367805 0.0231607718 0 3.816022512 1.173754737 0.04094622929 1


mesh: pSphereShape12 tranform: pSphere12 0.06522430388 0.002154394883 0.3096332658 0 -0.03060222593 0.1628458712 0.005313300453 0 -0.2507095319 -0.0488479175 0.05315188713 0 3.938170641 0.7469419948 0.002296771289 1


mesh: pSphereShape13 tranform: pSphere13 0.03805773148 0.008114204329 0.2156025054 0 -0.05436223265 0.1995911578 0.002084297744 0 -0.1857392417 -0.0509518219 0.0347038995 0 3.945520243 0.5171508403 0.01357601479 1


mesh: pSphereShape14 tranform: pSphere14 0.03166788724 0.01376169133 0.2188533918 0 -0.05626856093 0.2349083209 -0.006629229497 0 -0.1837843423 -0.04319549166 0.02930959762 0 3.981870448 0.3272552167 0.01673189706 1


mesh: pSphereShape15 tranform: pSphere15 0.05144165264 0.02218288675 0.1410422907 0 -0.08251095808 0.3699009903 -0.02808357488 0 -0.1721675819 -0.03323975737 0.06802171656 0 4.072068014 -0.2706771048 -0.1231647075 1


mesh: pSphereShape16 tranform: pSphere16 0.02962830234 0.02005280837 0.09361254371 0 -0.2533480188 0.2584138843 0.02482944597 0 -0.05424359495 -0.05598203134 0.02916000858 0 4.338975803 -0.8943811476 -0.1394882825 1


mesh: pSphereShape17 tranform: pSphere17 0.06225349498 0.05360582728 0.07666981609 0 -0.06959697973 0.07728930085 0.002471615632 0 -0.1379782165 -0.130751918 0.2034528284 0 4.557753062 -1.329804071 -0.03523227454 1


mesh: pSphereShape18 tranform: pSphere18 -0.007915913441 -0.006498155175 0.1274321187 0 0.1685487284 0.315004049 0.02653304654 0 -0.1285954436 0.06918306117 -0.004460320828 0 3.871285886 -0.2279780841 0.1627565544 1


mesh: pSphereShape19 tranform: pSphere19 -0.004138293028 -0.005732337103 0.08616201422 0 -0.02642380159 0.4285698372 0.02724352914 0 -0.1004228493 -0.005860258193 -0.005213111096 0 3.695180216 -0.9042738712 0.1308181758 1


mesh: pSphereShape20 tranform: pSphere20 0.03044922367 -0.002437213086 0.1113032122 0 0.002296519629 0.08191038624 0.001165337665 0 -0.2525166639 0.006095091042 0.06921445719 0 3.496150082 -1.319907718 0.1303107735 1


mesh: pSphereShape21 tranform: pSphere21 0.03774095201 0.01640082043 0.2608236948 0 0.06387805116 0.1297135368 -0.01739959589 0 -0.2348979554 0.1192302508 0.02649221933 0 4.071214017 0.1700971199 0.0178805046 1


