mesh: pSphereShape1 tranform: pSphere1 -0.01397184877 0.1426282837 -0.03193892562 0 0.08054251266 0.001934680518 -0.02659412074 0 -0.04547561028 -0.03588060648 -0.1403369363 0 -7.698009509 -0.04777780334 0.5698326175 1


mesh: pSphereShape2 tranform: pSphere2 0.004117527976 0.2514410857 -0.06520708235 0 0.1381752748 -0.008553201155 -0.02425634714 0 -0.0241062861 -0.03226641463 -0.1259427709 0 -7.740471759 0.2948795193 0.497037557 1


mesh: pSphereShape3 tranform: pSphere3 -0.01018070992 0.2728176092 -0.1081910504 0 0.1325799532 -0.002364869555 -0.01843901225 0 -0.0179291807 -0.04928570447 -0.1225931002 0 -7.751669657 0.7504682552 0.3685762455 1


mesh: pSphereShape4 tranform: pSphere4 -0.1526586012 0.01041097973 -0.09620471904 0 0.02525100571 0.1444859649 -0.02443271789 0 0.08752059944 -0.03950287231 -0.1431534339 0 -7.861854659 1.027932457 0.1923130713 1


mesh: pSphereShape5 tranform: pSphere5 -0.1476693632 0.009853169129 -0.1139599208 0 0.0246010856 0.13483078 -0.02022040864 0 0.1035376117 -0.03952429163 -0.1375814639 0 -8.093827215 1.062394464 0.01296050461 1


mesh: pSphereShape6 tranform: pSphere6 -0.1056403007 -0.2354512508 -0.06642135767 0 -0.04329185085 0.04402531043 -0.08720764627 0 0.08643944914 -0.02335209581 -0.05469941238 0 -8.257299104 0.7867066768 -0.09277216248 1


mesh: pSphereShape7 tranform: pSphere7 -0.04146975557 -0.202308493 -0.1433720681 0 -0.03167754843 0.05935172397 -0.07458703624 0 0.118825653 0.007293844226 -0.04466195894 0 -8.337353317 0.3739367738 -0.2965925583 1


mesh: pSphereShape8 tranform: pSphere8 -0.03473334072 -0.1860211046 0.005549910619 0 -0.02051160155 0.002669864231 -0.0388808698 0 0.09960168425 -0.02020641269 -0.0539323953 0 -8.387048996 0.05951697677 -0.4419363584 1


mesh: pSphereShape10 tranform: pSphere10 -0.09970292037 0.01439826483 -0.1533579537 0 0.0138283923 0.1540733805 0.00547515286 0 0.1863139084 -0.01237632356 -0.1222906142 0 -7.896960767 1.471626348 0.09200409802 1


mesh: pSphereShape11 tranform: pSphere11 -0.02820729974 0.002211474771 -0.0337495723 0 0.09677473607 0.1211423906 -0.07294464727 0 0.05966130646 -0.08087657208 -0.05516339099 0 -7.859086 1.272735732 0.06200440437 1


mesh: pSphereShape12 tranform: pSphere12 -0.2545260897 0.01616095722 -0.1873149852 0 0.01964420396 0.1641358204 -0.01253167462 0 0.1518975375 -0.03416308313 -0.2093478765 0 -7.975128115 0.8558577256 0.1437012126 1


mesh: pSphereShape13 tranform: pSphere13 -0.1771097402 0.008724626063 -0.1286650395 0 0.02547712557 0.2041977327 -0.02122331164 0 0.1126468722 -0.03038497261 -0.1571208144 0 -7.982459617 0.6278806334 0.1217246509 1


mesh: pSphereShape14 tranform: pSphere14 -0.1799466486 0.007632321162 -0.1290348699 0 0.0262913241 0.2391519865 -0.02251911359 0 0.1095071051 -0.0265666123 -0.1542854385 0 -7.998440913 0.4344142642 0.1313590237 1


mesh: pSphereShape15 tranform: pSphere15 -0.1273772876 0.02745079412 -0.07779930828 0 0.0499060548 0.3734014288 0.05004244817 0 0.09921533984 0.008125354115 -0.1595738281 0 -7.907253832 -0.1571778085 0.1948983451 1


mesh: pSphereShape16 tranform: pSphere16 -0.08323730254 0.02073495565 -0.05181575863 0 0.1121398786 0.3422562544 -0.0431828619 0 0.03855170654 -0.02153233556 -0.0705463392 0 -8.010704553 -0.8520850757 0.1749809848 1


mesh: pSphereShape17 tranform: pSphere17 -0.09897544335 0.01096970736 -0.05206601759 0 0.01334591571 0.1031119825 -0.003645557316 0 0.1269122646 -0.02514336382 -0.2465526191 0 -8.040230079 -1.318271854 0.05381443653 1


mesh: pSphereShape18 tranform: pSphere18 -0.1018103952 0.03645456442 -0.06818754104 0 -0.01863743083 0.3031891124 0.1899190238 0 0.08803049874 0.06573170509 -0.09629617208 0 -8.140330279 -0.1132169099 -0.1439585396 1


mesh: pSphereShape19 tranform: pSphere19 -0.0715159046 0.01995745701 -0.04428377978 0 0.2076090027 0.3265306051 -0.1881191072 0 0.02899175445 -0.06133058969 -0.0744600883 0 -8.287801744 -0.6920537518 -0.2283725835 1


mesh: pSphereShape20 tranform: pSphere20 -0.1055437263 0.04484977 -0.01305834003 0 0.03180769269 0.0625112024 -0.04238588975 0 -0.03003445022 -0.1353695746 -0.2221834081 0 -8.477993897 -1.138872214 -0.2254551302 1


mesh: pSphereShape21 tranform: pSphere21 -0.2144556654 0.009095998876 -0.1537803516 0 -0.04140633884 0.1235420508 0.06505097826 0 0.1348759423 0.1398880873 -0.1798180833 0 -8.049489102 0.2697202149 0.1856932903 1


