mesh: pSphereShape1 tranform: pSphere1 -0.02051980203 0.1415866562 0.03301956003 0 -0.07194452653 6.01518154e-05 -0.04496741126 0 -0.07762044269 -0.04019855702 0.124133185 0 2.719728816 -0.08208102607 -0.4315072308 1


mesh: pSphereShape2 tranform: pSphere2 -0.06171777523 0.2485454126 0.04367643856 0 -0.1108174332 -0.01248547479 -0.08554264202 0 -0.07501889677 -0.03664633359 0.1025330554 0 2.67939351 0.2583112123 -0.3477093005 1


mesh: pSphereShape3 tranform: pSphere3 -0.08433534873 0.2686095189 0.08351570769 0 -0.1030510713 -0.005845903581 -0.08526040047 0 -0.07601778533 -0.05357663148 0.09555336347 0 2.572833294 0.7087298808 -0.2478244602 1


mesh: pSphereShape4 tranform: pSphere4 0.0220500858 0.01474359511 0.1787870384 0 -0.02494258161 0.1463141181 -0.008989522206 0 -0.1686267166 -0.02733003759 0.023050757 0 2.502414905 0.988198766 -0.04706591823 1


mesh: pSphereShape5 tranform: pSphere5 0.001040498498 0.01488662145 0.1861920922 0 -0.02414863119 0.1359961359 -0.01073835282 0 -0.1739586536 -0.03061951293 0.003420257049 0 2.506429144 1.030599011 0.2447841971 1


mesh: pSphereShape6 tranform: pSphere6 -0.04723264623 -0.2398996946 0.1059536458 0 -0.03187405038 0.04639011102 0.09082724475 0 -0.09840546702 0.003363775354 -0.03625153152 0 2.463801253 0.7544419811 0.4226445693 1


mesh: pSphereShape7 tranform: pSphere7 -0.1363701798 -0.1831752137 0.1051381569 0 -0.02508786548 0.06179018277 0.07511253228 0 -0.1019893866 0.03829483659 -0.06556750006 0 2.251908284 0.3685698681 0.579220149 1


mesh: pSphereShape8 tranform: pSphere8 -0.01424056502 -0.1876738413 0.02041551882 0 -0.0243106479 0.005789501381 0.03626361926 0 -0.09554582368 0.0002773664076 -0.06409693072 0 2.090938296 0.07484533359 0.6801145111 1


mesh: pSphereShape10 tranform: pSphere10 0.07625170361 0.008263704678 0.1666854319 0 -0.0005290250441 0.1546105641 -0.007423066114 0 -0.2030178002 0.003755328387 0.09268608558 0 2.479424267 1.438417654 0.0796121905 1


mesh: pSphereShape11 tranform: pSphere11 0.01304553569 0.004916319521 0.04177582806 0 -0.1113926832 0.1287159378 0.01963739763 0 -0.08022322605 -0.07458751313 0.03382939539 0 2.411260791 1.242503648 0.07262547597 1


mesh: pSphereShape12 tranform: pSphere12 0.0272783293 0.02451819394 0.3143029772 0 -0.01613002747 0.1645978512 -0.0114400502 0 -0.2586818991 -0.02366124505 0.02429675052 0 2.52873109 0.8181431673 0.07644473597 1


mesh: pSphereShape13 tranform: pSphere13 0.02437228805 0.01690347613 0.2170689651 0 -0.03071095436 0.2042008362 -0.01245322072 0 -0.1923056843 -0.02747471067 0.02373138714 0 2.511575395 0.5907456273 0.1047962161 1


mesh: pSphereShape14 tranform: pSphere14 0.02813647372 0.01278894575 0.2193942297 0 -0.03270530493 0.2392223002 -0.009750434501 0 -0.1877346032 -0.02462632716 0.02551176709 0 2.527946258 0.3971490073 0.1162174962 1


mesh: pSphereShape15 tranform: pSphere15 0.03862570835 0.008976093078 0.1464880072 0 0.06997421666 0.3712542355 -0.04119938808 0 -0.1785574878 0.03861685395 0.04471547602 0 2.443404781 -0.1821479793 -0.02134011997 1


mesh: pSphereShape16 tranform: pSphere16 0.0247735578 0.009756028143 0.09661444256 0 -0.06886350105 0.3556739029 -0.01825783637 0 -0.07908061237 -0.01419662545 0.02171115149 0 2.392981826 -0.8772406777 0.008439129997 1


mesh: pSphereShape17 tranform: pSphere17 0.01026208838 0.003166945467 0.1118570653 0 -0.004152983068 0.1039214952 -0.002561263592 0 -0.2770505361 -0.01043796163 0.02571293582 0 2.268748956 -1.346728789 0.03602177679 1


mesh: pSphereShape18 tranform: pSphere18 0.0219588936 0.01154281475 0.12541293 0 0.1398607508 0.3252948872 -0.0544282473 0 -0.1321374148 0.05976338072 0.0176357717 0 2.426584392 -0.1800128414 0.3436774073 1


mesh: pSphereShape19 tranform: pSphere19 0.01880160444 0.002658024489 0.08434045547 0 -0.3249523797 0.2746819448 0.06378332601 0 -0.06227853638 -0.07746709476 0.0163248566 0 2.513574511 -0.7480407027 0.3754241346 1


mesh: pSphereShape20 tranform: pSphere20 0.04810806691 0.03550957568 0.09872276438 0 -0.06353207774 0.0501240904 0.01293035374 0 -0.1243027304 -0.1908915591 0.1292350596 0 2.711021347 -1.187103693 0.3909706901 1


mesh: pSphereShape21 tranform: pSphere21 0.0335323066 0.01524152793 0.2614682512 0 0.0767022653 0.1226255667 -0.01698487237 0 -0.2225315065 0.1419998099 0.02026135339 0 2.601333113 0.2319906856 0.1206172974 1


