mesh: pSphereShape1 tranform: pSphere1 0.09404852552 0.1069146166 0.03580885974 0 -0.02756374094 0.04621573255 -0.06559293287 0 -0.1056399335 0.06315516006 0.08889057848 0 -5.486768535 0.1806873907 -0.1261229813 1


mesh: pSphereShape2 tranform: pSphere2 0.1316247027 0.2153597556 0.06153576611 0 -0.09646932768 0.07787699549 -0.06620254204 0 -0.06898459937 0.01005848548 0.1123555429 0 -5.268194556 0.4407050089 -0.02994525384 1


mesh: pSphereShape3 tranform: pSphere3 0.04831433895 0.2687565117 0.1080465651 0 -0.09849785482 0.0485045069 -0.07660626067 0 -0.08760230005 -0.02354170312 0.0977303926 0 -5.097778141 0.8486612758 0.1031986829 1


mesh: pSphereShape4 tranform: pSphere4 -0.002339380202 -0.01173758799 0.1803472798 0 -0.01852021923 0.147242923 0.009342813114 0 -0.1710184977 -0.02128206495 -0.003603477682 0 -5.077875377 1.107238808 0.3290960624 1


mesh: pSphereShape5 tranform: pSphere5 -0.01087384206 -0.01209815575 0.1860795086 0 -0.01479386614 0.13751123 0.008075935528 0 -0.1753545081 -0.01819388235 -0.01143000465 0 -5.098143722 1.107619405 0.6246919211 1


mesh: pSphereShape6 tranform: pSphere6 -0.04476606238 -0.2442492378 0.09668128504 0 -0.06433323572 0.04133371497 0.07463474168 0 -0.08190070409 -0.01060795207 -0.06472148393 0 -5.146709537 0.8147109233 0.7830141831 1


mesh: pSphereShape7 tranform: pSphere7 -0.1591723315 -0.1876818084 0.05141716218 0 -0.05176954791 0.06064144324 0.06108886526 0 -0.07342980233 0.03555768042 -0.09752508421 0 -5.363300758 0.4163442367 0.8695459615 1


mesh: pSphereShape8 tranform: pSphere8 -0.032963601 -0.1861461811 0.01020088665 0 -0.03145798248 0.007212855909 0.02996574806 0 -0.07798832 0.009202516507 -0.08408705915 0 -5.551003516 0.1251797685 0.9142954744 1


mesh: pSphereShape10 tranform: pSphere10 -0.009918993596 -0.007352423406 0.1830688388 0 0.01591988338 0.1538076942 0.007039802735 0 -0.2216944886 0.02345318375 -0.01106987125 0 -5.083125167 1.540591565 0.4914375278 1


mesh: pSphereShape11 tranform: pSphere11 -0.002926649704 -0.002217684467 0.04388727158 0 -0.09967006592 0.1393824614 0.0003966286817 0 -0.09294374209 -0.06643532471 -0.009555079362 0 -5.159438723 1.354632341 0.4533984132 1


mesh: pSphereShape12 tranform: pSphere12 -0.02707320874 -0.02029997343 0.3146213009 0 -0.004999784609 0.1653893259 0.01024100625 0 -0.2598198558 -0.006444318166 -0.02277333625 0 -5.077900743 0.920463173 0.4288076689 1


mesh: pSphereShape13 tranform: pSphere13 -0.02223886912 -0.01484472077 0.2174482433 0 -0.01670579959 0.2058271061 0.01234283518 0 -0.1940492865 -0.01450040602 -0.02083572208 0 -5.112188931 0.6935280374 0.4185303406 1


mesh: pSphereShape14 tranform: pSphere14 -0.02389422471 -0.006372759662 0.2201760666 0 -0.01873200238 0.2408666384 0.004938768052 0 -0.1893613172 -0.01429662816 -0.02096390817 0 -5.107999868 0.4987921773 0.4100431753 1


mesh: pSphereShape15 tranform: pSphere15 -0.003494300118 -0.00182165271 0.1517093382 0 0.09040355592 0.3690640263 0.006513795732 0 -0.1826280404 0.04480014034 -0.003668507771 0 -5.185333174 -0.0808054706 0.2209549825 1


mesh: pSphereShape16 tranform: pSphere16 -0.009781579623 0.01210282036 0.09900051617 0 -0.2769962065 0.2276098387 -0.05519346413 0 -0.05311857714 -0.06401899735 0.002578035372 0 -5.06999971 -0.6593464785 0.2234175853 1


mesh: pSphereShape17 tranform: pSphere17 -0.04218888374 -0.03228672673 0.09902024247 0 -0.08576468534 0.05597683435 -0.01828926632 0 -0.1179499133 -0.2206418242 -0.122197009 0 -4.793290604 -1.108313893 0.1956952473 1


mesh: pSphereShape18 tranform: pSphere18 -0.01048712762 -0.006614120615 0.1272403479 0 0.06765034872 0.3509931997 0.02382081822 0 -0.142962496 0.02825455377 -0.01031423549 0 -5.182389283 -0.1078145524 0.5577937481 1


mesh: pSphereShape19 tranform: pSphere19 -0.005120857987 -0.006121309546 0.08608242698 0 -0.203379612 0.3788522079 0.01484151378 0 -0.0885634895 -0.04720573373 -0.008625244281 0 -5.112038925 -0.7885138144 0.5380142308 1


mesh: pSphereShape20 tranform: pSphere20 0.0161216182 0.01073231636 0.1137822969 0 -0.03653524541 0.07333545843 -0.001740622822 0 -0.2315623792 -0.1143281671 0.04359348036 0 -5.114017312 -1.259639383 0.5293459434 1


mesh: pSphereShape21 tranform: pSphere21 -0.02847650623 -0.007594886732 0.2624000237 0 0.08395706839 0.1183334446 0.01253632924 0 -0.2144371972 0.154135027 -0.01881015116 0 -5.045197551 0.3293780429 0.4161242841 1


