mesh: pSphereShape1 tranform: pSphere1 -0.03838387305 0.1401356005 -0.02113827355 0 0.07736628064 0.01657139874 -0.03062570744 0 -0.04803720068 -0.03425858105 -0.1398881042 0 4.147271187 -0.06451216949 0.752800942 1


mesh: pSphereShape2 tranform: pSphere2 -0.03943026339 0.2519512169 -0.04957192604 0 0.1353216392 0.0142526383 -0.03519730726 0 -0.02955529083 -0.02931816593 -0.1255019762 0 4.047313244 0.2705803237 0.7053809161 1


mesh: pSphereShape3 tranform: pSphere3 -0.05965141554 0.2728633239 -0.09069571782 0 0.1294452194 0.01882299163 -0.02850726111 0 -0.02059184752 -0.04558525908 -0.1236024448 0 3.957256026 0.724610128 0.6060608943 1


mesh: pSphereShape4 tranform: pSphere4 -0.1600000608 -0.01394708282 -0.08290865108 0 -0.005292467868 0.1478775169 -0.01466270141 0 0.07994577938 -0.01223249415 -0.1522244275 0 3.790519647 0.9861183983 0.4569195193 1


mesh: pSphereShape5 tranform: pSphere5 -0.1536803055 -0.01315794072 -0.1053537926 0 -0.006791423139 0.1381783626 -0.007350800582 0 0.1000440428 -0.002827514724 -0.1455818002 0 3.54256077 0.9848961249 0.2969452075 1


mesh: pSphereShape6 tranform: pSphere6 -0.01923782964 -0.2335488336 -0.1268613796 0 -0.05759804226 0.04657612942 -0.07701113928 0 0.08805052614 0.02146650763 -0.05287171604 0 3.471796795 0.7044140485 0.1321381901 1


mesh: pSphereShape7 tranform: pSphere7 0.03316327343 -0.1572300899 -0.1933466136 0 -0.05220052087 0.06197901697 -0.05935509467 0 0.1073296235 0.06073063039 -0.03097691091 0 3.539766811 0.3576683286 -0.1714344393 1


mesh: pSphereShape8 tranform: pSphere8 0.02937890457 -0.1791564344 -0.05367410735 0 -0.01902476201 0.008503983779 -0.03879841105 0 0.1022178217 0.0298203191 -0.04358627518 0 3.604963868 0.1011872199 -0.4001545056 1


mesh: pSphereShape10 tranform: pSphere10 -0.1784685505 -0.02380121089 -0.03534293652 0 -0.01775838124 0.1531754488 -0.01348073046 0 0.04506739734 -0.01397521122 -0.2181620116 0 3.629286702 1.406971905 0.3243633456 1


mesh: pSphereShape11 tranform: pSphere11 -0.04159206893 -0.003346183696 -0.01408825278 0 0.02802594346 0.1260213535 -0.1126717128 0 0.03269958499 -0.07719115917 -0.07820328122 0 3.704222086 1.219210146 0.296770945 1


mesh: pSphereShape12 tranform: pSphere12 -0.2687079155 -0.02345971602 -0.165460897 0 -0.01121719877 0.1653190877 -0.005222918321 0 0.1366483791 0.002250760023 -0.2222356095 0 3.706564292 0.7980651965 0.4073036919 1


mesh: pSphereShape13 tranform: pSphere13 -0.1822677645 -0.01815666738 -0.1201976248 0 -0.01540623325 0.2061513262 -0.007778534442 0 0.1076042995 0.001874069043 -0.1634543278 0 3.740654249 0.5748139943 0.3722940234 1


mesh: pSphereShape14 tranform: pSphere14 -0.1849329438 0.002086935639 -0.1220020382 0 -0.00215762279 0.2415213705 0.007401967237 0 0.1052051762 0.005824171162 -0.1593723232 0 3.753885152 0.3817691859 0.3624444024 1


mesh: pSphereShape15 tranform: pSphere15 -0.1319306051 -0.01445718184 -0.0735972634 0 -0.09258389521 0.3558413348 0.09606588762 0 0.08087512146 0.06355176294 -0.1574607882 0 3.979723721 -0.2095549507 0.3359294062 1


mesh: pSphereShape16 tranform: pSphere16 -0.08381980594 0.005159500545 -0.05468893351 0 0.1583590588 0.2410725466 -0.2199679326 0 0.02758572036 -0.06203979508 -0.04813266442 0 3.986631325 -0.7796648032 0.4173571097 1


mesh: pSphereShape17 tranform: pSphere17 -0.07425878844 -0.008217986294 -0.08393711989 0 0.05606809669 0.06725183254 -0.05618757916 0 0.1454427153 -0.211462092 -0.1079690042 0 3.892411205 -1.243717454 0.6264949412 1


mesh: pSphereShape18 tranform: pSphere18 -0.1089430785 -0.01852755796 -0.06428038443 0 -0.05126370847 0.3542324991 -0.01521828085 0 0.07353274214 0.005222806372 -0.126129444 0 3.635627652 -0.2048422365 0.274930958 1


mesh: pSphereShape19 tranform: pSphere19 -0.07420749177 -0.01143134908 -0.04285382451 0 -0.003506235136 0.4171704528 -0.1052095632 0 0.05167035619 -0.02073602756 -0.08394319067 0 3.683283605 -0.9215390287 0.3564816106 1


mesh: pSphereShape20 tranform: pSphere20 -0.1064885253 0.001736745706 -0.04448233318 0 0.001788592056 0.08192417845 -0.001083195548 0 0.1008517635 -0.00539683571 -0.2416448897 0 3.79882263 -1.34074326 0.2605090859 1


mesh: pSphereShape21 tranform: pSphere21 -0.2203982004 0.002487154802 -0.1453988084 0 -0.05245285429 0.1087950819 0.08137002654 0 0.1103037312 0.1759813168 -0.1641901424 0 3.724314435 0.2067522589 0.396750494 1


