mesh: pSphereShape1 tranform: pSphere1 0.03795294857 0.1339650392 0.04659481519 0 -0.07295757717 0.03113700345 -0.03009593894 0 -0.06682040565 -0.02751017852 0.1335220139 0 1.493899619 -0.03358887464 -0.301465965 1


mesh: pSphereShape2 tranform: pSphere2 0.03948350193 0.2445980408 0.07813058749 0 -0.1278029265 0.03548073639 -0.04649154229 0 -0.05121945328 -0.02951254177 0.1182767668 0 1.593645107 0.2847576162 -0.1864345306 1


mesh: pSphereShape3 tranform: pSphere3 0.01606361521 0.2634886062 0.1286627871 0 -0.1195428434 0.03217410778 -0.05096439092 0 -0.05958417004 -0.04938866138 0.1085821864 0 1.657649017 0.7227316112 -0.02331822823 1


mesh: pSphereShape4 tranform: pSphere4 0.08921944707 -0.01236489733 0.1567015781 0 -0.01137316578 0.1471539297 0.01808693205 0 -0.1493297273 -0.0217803097 0.08330359255 0 1.727553758 0.9780286369 0.2100947021 1


mesh: pSphereShape5 tranform: pSphere5 0.0837751304 -0.01278101813 0.1664588911 0 -0.007387656376 0.1376038557 0.01428352211 0 -0.1576196413 -0.01656447384 0.07805467809 0 1.859208881 0.9775082823 0.475445187 1


mesh: pSphereShape6 tranform: pSphere6 0.06240982041 -0.2523648259 0.0585317894 0 0.001102826779 0.02439940297 0.1040242221 0 -0.1020003869 -0.02368537871 0.006636895175 0 1.947442441 0.6745746863 0.5934853327 1


mesh: pSphereShape7 tranform: pSphere7 0.002780094819 -0.2322628536 0.09617824484 0 -0.005274884826 0.03832232955 0.09269786856 0 -0.12696796 -0.003852123297 -0.005632481469 0 1.953569341 0.2204940937 0.7200016325 1


mesh: pSphereShape8 tranform: pSphere8 0.06707774037 -0.1746474674 -0.02898097125 0 -0.005121526466 -0.00906787871 0.04279158272 0 -0.1067551742 -0.03756098982 -0.02073650689 0 1.974559846 -0.1216831225 0.7900155403 1


mesh: pSphereShape10 tranform: pSphere10 0.1472369966 -0.01028725826 0.1090049699 0 0.00781961723 0.1545395837 0.004022308833 0 -0.1327138707 0.002044463715 0.17945442 0 1.798210474 1.408952903 0.3664266687 1


mesh: pSphereShape11 tranform: pSphere11 0.02987273744 9.249963906e-05 0.03236026902 0 -0.07898680949 0.1336479959 0.07253307529 0 -0.06560112988 -0.07174806247 0.06076346266 0 1.718128162 1.220541756 0.3742464072 1


mesh: pSphereShape12 tranform: pSphere12 0.1218323449 -0.02141717043 0.2912555495 0 -0.002905483232 0.1652163936 0.01336437881 0 -0.2407398792 -0.01230620288 0.09979669056 0 1.780816352 0.7908041644 0.2938092106 1


mesh: pSphereShape13 tranform: pSphere13 0.07765571247 -0.004222615228 0.2048180446 0 -0.01183580517 0.2063485501 0.008741653677 0 -0.1826535274 -0.01339876205 0.06897591475 0 1.749059776 0.5642846451 0.303464326 1


mesh: pSphereShape14 tranform: pSphere14 0.07080357402 0.006700137281 0.20983567 0 -0.01617297772 0.2410921597 -0.002241020044 0 -0.1805835243 -0.01154411134 0.06130180852 0 1.750134459 0.3697591279 0.3035713626 1


mesh: pSphereShape15 tranform: pSphere15 0.03880626673 0.002209537576 0.146698478 0 -0.02866411067 0.3789437177 0.001874980195 0 -0.1812714272 -0.01395005849 0.04816198933 0 1.732568797 -0.2380127887 0.126136158 1


mesh: pSphereShape16 tranform: pSphere16 0.01907381755 0.009774094133 0.09789747867 0 -0.2796992999 0.2287922169 0.03165246739 0 -0.0505711527 -0.06407152402 0.01624991847 0 1.966484452 -0.8379667412 0.06798733638 1


mesh: pSphereShape17 tranform: pSphere17 0.00643866112 0.00284371181 0.1121507913 0 -0.08006572269 0.06636621183 0.002913841904 0 -0.1770732095 -0.2143101132 0.01559998434 0 2.196485592 -1.290681967 0.02852527912 1


mesh: pSphereShape18 tranform: pSphere18 0.03934466217 -0.003581514011 0.1215853729 0 0.1400348157 0.3278093031 -0.03565863887 0 -0.1267295622 0.05878611443 0.04274095625 0 1.672484275 -0.2083742634 0.5063582469 1


mesh: pSphereShape19 tranform: pSphere19 0.02773699856 -0.003027688524 0.08182523978 0 -0.01042012123 0.4296817203 0.01943123302 0 -0.09537235791 -0.003768551784 0.03218973705 0 1.523175425 -0.90002241 0.5514530914 1


mesh: pSphereShape20 tranform: pSphere20 0.07538547726 0.008416112732 0.08699252346 0 0.0004866954237 0.08152708215 -0.008309114992 0 -0.1983138974 0.01851637452 0.1700623378 0 1.341429773 -1.309427143 0.6521962393 1


mesh: pSphereShape21 tranform: pSphere21 0.08438183038 0.007985046735 0.250076612 0 0.08084679359 0.1170914457 -0.03101841882 0 -0.2033084413 0.1572191668 0.06358105975 0 1.810560962 0.1997036708 0.2929865083 1


