mesh: pSphereShape1 tranform: pSphere1 0.002196099102 0.1410854729 -0.04059804587 0 0.05840073805 0.01617724083 0.05937791901 0 0.1101048862 -0.03048567989 -0.09998720959 0 -1.961534269 0.1395505263 0.5487633679 1


mesh: pSphereShape2 tranform: pSphere2 0.02848786181 0.250716499 -0.06181598553 0 0.1151889601 0.006698561689 0.08025314278 0 0.07436327526 -0.03406486685 -0.103891791 0 -1.964868779 0.4765834342 0.4443277371 1


mesh: pSphereShape3 tranform: pSphere3 0.06535999194 0.2671497128 -0.1029441622 0 0.1057161587 0.005711598705 0.08194208445 0 0.07623908635 -0.05507486039 -0.09451965861 0 -1.903244019 0.925626033 0.3128319669 1


mesh: pSphereShape4 tranform: pSphere4 -0.00604722606 -0.01269901725 -0.1801958685 0 0.03014446127 0.1451746568 -0.01124257654 0 0.1686975066 -0.03527471996 -0.003175420644 0 -1.833106989 1.18094662 0.08999125167 1


mesh: pSphereShape5 tranform: pSphere5 0.01544904802 -0.01384667519 -0.1856334717 0 0.02869669665 0.135316469 -0.007705218976 0 0.1722157038 -0.0355548208 0.01698446247 0 -1.810472418 1.177898146 -0.203958962 1


mesh: pSphereShape6 tranform: pSphere6 0.06538722641 -0.2461925388 -0.07824772091 0 0.04295369999 0.03981362155 -0.08937248499 0 0.09255940647 0.009148978701 0.04856106387 0 -1.745968236 0.8852947402 -0.3467782029 1


mesh: pSphereShape7 tranform: pSphere7 0.2154416046 -0.1226652671 -0.04173923974 0 0.02108355516 0.06273902943 -0.07555539739 0 0.05985198318 0.07753090057 0.08108098498 0 -1.452360226 0.55886876 -0.4131660477 1


mesh: pSphereShape8 tranform: pSphere8 0.113165884 -0.1500190083 0.02299647049 0 0.02148612315 0.01054070194 -0.03697047638 0 0.07319011712 0.06455207787 0.06094041254 0 -1.166420884 0.3613615453 -0.4369667476 1


mesh: pSphereShape10 tranform: pSphere10 0.01033779346 -0.01576040568 -0.1825140651 0 -0.01368869966 0.1535430662 -0.01403405245 0 0.2219758073 0.02077484424 0.01077900531 0 -1.824515454 1.611491386 -0.09082207411 1


mesh: pSphereShape11 tranform: pSphere11 0.001623994884 -0.004247790116 -0.04380519295 0 0.102506846 0.1369823725 -0.009482934483 0 0.09177131381 -0.06798254703 0.009994516769 0 -1.750198384 1.425583959 -0.04723482616 1


mesh: pSphereShape12 tranform: pSphere12 0.001564299644 -0.02399111085 -0.3155211405 0 0.01984312799 0.1641233281 -0.01238097819 0 0.2590167469 -0.03104117504 0.003644421653 0 -1.854050955 0.9944265133 -0.007980425659 1


mesh: pSphereShape13 tranform: pSphere13 0.001052060134 -0.0196027174 -0.2182047163 0 0.04303698146 0.2015531202 -0.01789929857 0 0.1914185554 -0.04046816149 0.004558424683 0 -1.845011882 0.7642445461 0.002754014511 1


mesh: pSphereShape14 tranform: pSphere14 -0.0015710551 -0.01301100229 -0.2211725388 0 0.04978031622 0.2360321898 -0.01423876128 0 0.1869509913 -0.03936925413 0.0009880211559 0 -1.874274088 0.572015796 0.01580715637 1


mesh: pSphereShape15 tranform: pSphere15 -0.01957950979 0.0001541818016 -0.1504920957 0 -0.1433202427 0.3514563257 0.01900650165 0 0.1724926194 0.07155037487 -0.02236854466 0 -1.736396467 0.02480401067 0.1833156758 1


mesh: pSphereShape16 tranform: pSphere16 -0.01221379052 0.007275070548 -0.09920260295 0 0.07335012675 0.3548387042 0.01699142435 0 0.08087365474 -0.0161840866 -0.01114400446 0 -1.617523282 -0.6413359218 0.1823694975 1


mesh: pSphereShape17 tranform: pSphere17 0.01723711145 -0.001500743606 -0.1110314046 0 0.02926792975 0.09978308843 0.003195003577 0 0.2637558031 -0.07870883595 0.04201072634 0 -1.524206537 -1.155670669 0.2047811786 1


mesh: pSphereShape18 tranform: pSphere18 -0.01400529277 -0.008821326361 -0.1267669853 0 -0.03067041102 0.3562883653 -0.02140453098 0 0.1446734241 0.01144585076 -0.01678008861 0 -1.887065963 -0.03884443537 -0.1292907819 1


mesh: pSphereShape19 tranform: pSphere19 -0.01105502571 -0.006623014427 -0.08548567095 0 0.1858204976 0.3843024584 -0.05380423473 0 0.08993197329 -0.04462868724 -0.008172408661 0 -1.989037812 -0.7308794414 -0.08383371589 1


mesh: pSphereShape20 tranform: pSphere20 -0.03738052117 -0.003468171903 -0.109142882 0 0.04154273494 0.06870816923 -0.0164113389 0 0.2092164036 -0.1425310104 -0.06712573486 0 -1.984119331 -1.22185211 -0.05662594015 1


mesh: pSphereShape21 tranform: pSphere21 -0.001872341994 -0.01550616906 -0.2635875931 0 -0.0684260504 0.1283616476 -0.00706512935 0 0.233702452 0.1240871712 -0.00895978275 0 -1.959225931 0.4125435304 0.02164160831 1


