mesh: pSphereShape1 tranform: pSphere1 0.1355264246 0.05525273382 -0.01174131494 0 -0.0299365191 0.07728428 0.01813922492 0 0.023274303 -0.02567758052 0.1478136442 0 -1.275165324 0.6343514195 0.6231545769 1


mesh: pSphereShape2 tranform: pSphere2 0.2396722391 0.0875823136 -0.04876569878 0 -0.04244751982 0.1312250337 0.02705795203 0 0.03175562113 -0.01598832496 0.1273568612 0 -0.942561306 0.7251589833 0.5598110918 1


mesh: pSphereShape3 tranform: pSphere3 0.2703922592 0.1140270526 0.01114699922 0 -0.05211727317 0.1215565577 0.0207563697 0 0.003431612559 -0.02100525541 0.1316305727 0 -0.5069526044 0.8915640397 0.5069451054 1


mesh: pSphereShape4 tranform: pSphere4 0.1805324506 0.0006942426944 -0.008714201867 0 -0.0004559409185 0.1486768368 0.002399035133 0 0.008320283699 -0.002752318479 0.1721523613 0 -0.1415242301 1.041040734 0.5124226776 1


mesh: pSphereShape5 tranform: pSphere5 0.1867854705 0.0007859384131 -0.0008715637365 0 -0.0005770619941 0.1385334432 0.001252872715 0 0.000831010138 -0.001594192468 0.1766568251 0 0.15422801 1.0624601 0.5127783117 1


mesh: pSphereShape6 tranform: pSphere6 0.2365606861 -0.1225953743 0.00428688743 0 0.04829669756 0.09378786381 0.01699563131 0 -0.009159495623 -0.01405242811 0.1035748877 0 0.453913477 0.892457046 0.5232851827 1


mesh: pSphereShape7 tranform: pSphere7 0.2128141362 -0.06574116409 0.1165858468 0 0.02308348975 0.09695051174 0.01253279544 0 -0.06106182049 0.0001211075811 0.1115296641 0 0.8442122156 0.7019495144 0.6842080668 1


mesh: pSphereShape8 tranform: pSphere8 0.1386299176 -0.1238090011 0.03597408788 0 0.02825008228 0.03329677487 0.005730064888 0 -0.02631890629 0.003062252122 0.1119617598 0 1.13273329 0.570908325 0.830083598 1


mesh: pSphereShape10 tranform: pSphere10 0.1827258173 0.002845268959 -0.01642633443 0 -0.001369810126 0.1543557846 0.01149885561 0 0.02018350281 -0.01633591362 0.2216907853 0 -0.004239131659 1.476677975 0.5711042261 1


mesh: pSphereShape11 tranform: pSphere11 0.04392449947 0.001727056058 -0.002689169612 0 0.001939953574 0.1280065105 0.1138960919 0 0.00821782724 -0.07608153757 0.08536719546 0 -0.02817112891 1.285651907 0.6125019872 1


mesh: pSphereShape12 tranform: pSphere12 0.3163842947 0.001246497181 -0.005570894089 0 -0.0006287983169 0.1657745503 0.001381393647 0 0.004601472606 -0.002156167814 0.260846102 0 -0.02893147802 0.8611139124 0.5130525939 1


mesh: pSphereShape13 tranform: pSphere13 0.2190312194 0.001909326756 -0.004511202396 0 -0.001837834975 0.2068574933 -0.001681301042 0 0.004015561614 0.001625922849 0.1956546609 0 -0.01833813363 0.6378631546 0.5584617376 1


mesh: pSphereShape14 tranform: pSphere14 0.221512626 0.001307157018 -0.004415222222 0 -0.001491368282 0.2416174045 -0.003289759319 0 0.003791520866 0.0026239533 0.1909982375 0 -0.0167205566 0.4435133833 0.571935696 1


mesh: pSphereShape15 tranform: pSphere15 0.1517510467 0.001485519953 -0.000815408877 0 -0.003677003518 0.3799318678 0.007857699291 0 0.001048347698 -0.003878779716 0.188035549 0 -0.1998407732 -0.1595034806 0.5674991501 1


mesh: pSphereShape16 tranform: pSphere16 0.1002096131 0.001005321343 -0.0005315432478 0 -0.003284928368 0.3580681629 0.05792974663 0 0.0005690803408 -0.01328651123 0.08215720475 0 -0.2302582275 -0.8704911279 0.5366806493 1


mesh: pSphereShape17 tranform: pSphere17 0.1104149412 -0.0002388837612 0.02087646417 0 0.0002977942997 0.1040348399 -0.0003845817069 0 -0.05172549108 0.001159422987 0.2735877098 0 -0.277720242 -1.333431284 0.6699223708 1


mesh: pSphereShape18 tranform: pSphere18 0.1275765713 0.008074459706 -0.001689416466 0 -0.02293329649 0.3563673262 -0.02857656516 0 0.001184428188 0.01175279416 0.145614036 0 0.1791736958 -0.1739925684 0.5799736991 1


mesh: pSphereShape19 tranform: pSphere19 0.0861901452 0.006405446875 -0.002026566987 0 -0.02950596471 0.4219452944 0.0787661037 0 0.003682000029 -0.01822288129 0.09899816807 0 0.2461058805 -0.8924745568 0.5588632972 1


mesh: pSphereShape20 tranform: pSphere20 0.114641913 0.00179758948 -0.01324766862 0 -0.001169384686 0.08193643244 0.0009984829686 0 0.03010524275 -0.002740562107 0.2601511492 0 0.2709931828 -1.312702637 0.7097085033 1


mesh: pSphereShape21 tranform: pSphere21 0.2639929 0.001557835227 -0.005261945287 0 -0.002543807325 0.1104046894 -0.09493727722 0 0.00298149388 0.1726473795 0.2006956225 0 -0.0125038463 0.2692543462 0.5239954491 1


