mesh: pSphereShape1 tranform: pSphere1 0.04314121 0.1337799593 0.04242514971 0 -0.06614278074 0.0342200072 -0.04064738929 0 -0.08396806317 -0.01282800074 0.1258360501 0 1.844557494 -0.05959002928 -0.4432740543 1


mesh: pSphereShape2 tranform: pSphere2 0.05220008509 0.2450082016 0.06883073043 0 -0.1218595579 0.04175646561 -0.05621903518 0 -0.06028861596 -0.0197472058 0.1160135627 0 1.958209198 0.2572098133 -0.3373496528 1


mesh: pSphereShape3 tranform: pSphere3 0.01874425647 0.2683332384 0.1178317622 0 -0.1139982951 0.03474663027 -0.06099257459 0 -0.06939419376 -0.04168062235 0.1059564816 0 2.036283923 0.6977099794 -0.190537681 1


mesh: pSphereShape4 tranform: pSphere4 0.07166871695 0.007981335867 0.1657355673 0 -0.0222877902 0.1469947986 0.002559031084 0 -0.1561214978 -0.02486775985 0.06870888104 0 2.090956097 0.9728610478 0.03504021352 1


mesh: pSphereShape5 tranform: pSphere5 0.05180522256 0.00799372425 0.1792833194 0 -0.01980010825 0.1371175387 -0.0003922884724 0 -0.167846921 -0.02409567409 0.04957494819 0 2.177067867 1.004896869 0.3152018543 1


mesh: pSphereShape6 tranform: pSphere6 0.03492838284 -0.243818252 0.1016938025 0 -0.01623835442 0.03866512194 0.09827975411 0 -0.1027897261 -0.01873467413 -0.009612941675 0 2.231052093 0.7194887459 0.4841593454 1


mesh: pSphereShape7 tranform: pSphere7 -0.03986068054 -0.2141986267 0.1254356063 0 -0.01888704931 0.05244666862 0.08355804274 0 -0.1232451903 0.004841711964 -0.03089672237 0 2.175822305 0.2903733747 0.6684550406 1


mesh: pSphereShape8 tranform: pSphere8 0.04822615617 -0.1827922462 0.01011387171 0 -0.01260835157 -0.0009923455864 0.0421855512 0 -0.106271061 -0.02983376378 -0.03246391864 0 2.145411251 -0.03641045754 0.7897032731 1


mesh: pSphereShape10 tranform: pSphere10 0.1261723769 0.001004097434 0.1332147417 0 -0.004261576327 0.1547042635 0.00287021583 0 -0.1619416811 -0.007307623849 0.1534357544 0 2.105269277 1.41596438 0.1881081129 1


mesh: pSphereShape11 tranform: pSphere11 0.02417829153 0.00313045456 0.03667678397 0 -0.1009338868 0.1267657353 0.0557184776 0 -0.06798259864 -0.07670534983 0.05136289219 0 2.038801155 1.221274472 0.1856346641 1


mesh: pSphereShape12 tranform: pSphere12 0.08474073427 0.01320246972 0.304592044 0 -0.01481530612 0.1650902982 -0.003034024566 0 -0.2502828025 -0.02116399302 0.07054867604 0 2.146022627 0.7980778094 0.1414497468 1


mesh: pSphereShape13 tranform: pSphere13 0.06118393422 0.02300800475 0.20910722 0 -0.02774014546 0.2044989076 -0.01438429817 0 -0.1860747944 -0.02124688639 0.05678252735 0 2.129329093 0.571700588 0.1719905494 1


mesh: pSphereShape14 tranform: pSphere14 0.05965435511 0.01559210039 0.2128081076 0 -0.02453901164 0.2401561951 -0.01071707565 0 -0.1829727738 -0.01635369475 0.0524891246 0 2.140641124 0.3784378771 0.1851702001 1


mesh: pSphereShape15 tranform: pSphere15 0.03621554991 0.01366482006 0.1467411275 0 -0.04886036901 0.3761761016 -0.02297156677 0 -0.1810369027 -0.02066838901 0.04660439048 0 2.155590817 -0.2051083197 0.01322280807 1


mesh: pSphereShape16 tranform: pSphere16 0.02258711319 0.01161835268 0.09694377732 0 -0.1558668752 0.3275306752 -0.002937621713 0 -0.07277279975 -0.03444237473 0.02108326267 0 2.306023223 -0.8910847134 0.01075295284 1


mesh: pSphereShape17 tranform: pSphere17 0.0129647141 0.003841829556 0.1115549174 0 -0.01148584736 0.1033760508 -0.002225293567 0 -0.2748639238 -0.02982967321 0.03297149776 0 2.286138617 -1.343712513 0.02595504393 1


mesh: pSphereShape18 tranform: pSphere18 0.03747112477 0.00394648977 0.1221645309 0 0.1633005371 0.3131271721 -0.06020411923 0 -0.1227790214 0.07083187358 0.03537140228 0 2.030966149 -0.2020545438 0.3959592295 1


mesh: pSphereShape19 tranform: pSphere19 0.02651586634 0.003400809176 0.0822144828 0 0.1087155895 0.4130062197 -0.05214705774 0 -0.09243352652 0.02794938545 0.02865558997 0 1.764871544 -0.8630748401 0.5227325893 1


mesh: pSphereShape20 tranform: pSphere20 0.05395773048 -0.002399298152 0.1020015047 0 0.02172973569 0.07842600632 -0.009650052243 0 -0.2208594384 0.07578938543 0.1186150677 0 1.456800142 -1.202059148 0.6464973202 1


mesh: pSphereShape21 tranform: pSphere21 0.07109448561 0.01858225363 0.2536190847 0 0.07814815389 0.1190111452 -0.03062623657 0 -0.2117292986 0.1514491648 0.04825551198 0 2.207498074 0.2104857886 0.1830478896 1


