mesh: pSphereShape1 tranform: pSphere1 0.04596065748 0.130338379 -0.04957478956 0 0.07369168116 -0.01050113715 0.04071054947 0 0.05832473667 -0.06732871218 -0.1229429719 0 -1.680624423 -0.0273083021 0.586845247 1


mesh: pSphereShape2 tranform: pSphere2 0.09956103848 0.22870079 -0.0726297838 0 0.109376427 -0.02033866061 0.08588987302 0 0.06578446039 -0.05973462117 -0.09791831236 0 -1.585503433 0.2892409164 0.4636153181 1


mesh: pSphereShape3 tranform: pSphere3 0.1198994501 0.2420984379 -0.1151124075 0 0.1033964545 -0.01111849877 0.08431243052 0 0.06488824241 -0.07465333852 -0.08942035251 0 -1.414437876 0.7039056036 0.3109988932 1


mesh: pSphereShape4 tranform: pSphere4 0.004995251343 -0.004522950904 -0.180618314 0 0.03677582713 0.1440541365 -0.002590242796 0 0.1669522578 -0.04251935866 0.005682045408 0 -1.288096808 0.9457152904 0.08115951224 1


mesh: pSphereShape5 tranform: pSphere5 0.02840344465 -0.007155092328 -0.1844782868 0 0.03550807362 0.1339123581 0.0002731829219 0 0.1686384649 -0.04477252584 0.02770117258 0 -1.244800397 0.9536128116 -0.2103203955 1


mesh: pSphereShape6 tranform: pSphere6 0.1049406199 -0.2281693111 -0.08907970111 0 0.02464078625 0.04745124541 -0.09251376567 0 0.09336118285 0.02768678528 0.03906732547 0 -1.140883331 0.683536412 -0.3674428039 1


mesh: pSphereShape7 tranform: pSphere7 0.2481696817 0.0009692359195 -0.04018565091 0 -0.01253583798 0.06463647082 -0.07585709983 0 0.01270853124 0.09732644967 0.08082995724 0 -0.7838523048 0.4973691643 -0.4447391687 1


mesh: pSphereShape8 tranform: pSphere8 0.1724796051 -0.06950110942 0.03551674855 0 0.01473215672 0.01727601321 -0.0377369704 0 0.02772532082 0.09703846881 0.05524798674 0 -0.4372673616 0.4698592017 -0.4618643416 1


mesh: pSphereShape10 tranform: pSphere10 0.01757695909 -0.0007252148024 -0.1826394505 0 -0.003380996467 0.1547497782 -0.0009398542642 0 0.2221262632 0.004982759238 0.02135732811 0 -1.244922727 1.383877455 -0.05985234033 1


mesh: pSphereShape11 tranform: pSphere11 0.002770189605 -0.0002466931021 -0.04395271552 0 0.1087873677 0.1322485341 0.006114225958 0 0.08828254963 -0.07289720334 0.005973297336 0 -1.185579311 1.192289452 -0.03088012592 1


mesh: pSphereShape12 tranform: pSphere12 -0.001371847636 -0.007845830155 -0.3163355363 0 0.03131285565 0.1627439796 -0.004172209375 0 0.2561970096 -0.0492908855 0.0001114786357 0 -1.313949664 0.765126623 -0.02665434218 1


mesh: pSphereShape13 tranform: pSphere13 -0.005121181541 -0.02182778239 -0.2179357542 0 0.04912520615 0.1998369241 -0.02116943136 0 0.1900496573 -0.04669687231 0.0002111189614 0 -1.316842616 0.5354990026 -0.02139238904 1


mesh: pSphereShape14 tranform: pSphere14 -0.0123412464 -0.01424228333 -0.2207575533 0 0.04387324792 0.2369650306 -0.01774061005 0 0.1875768647 -0.03534355914 -0.00820610347 0 -1.345286904 0.3457566091 -0.006939260792 1


mesh: pSphereShape15 tranform: pSphere15 -0.03522133681 -0.00724356078 -0.1474389369 0 -0.1984197841 0.3225795279 0.03155194774 0 0.1543541839 0.09902628199 -0.04173838826 0 -1.140975824 -0.1830651072 0.1290595742 1


mesh: pSphereShape16 tranform: pSphere16 -0.02337559812 -0.004382062235 -0.09735316485 0 -0.1379560022 0.3349954323 0.01804597967 0 0.07448438065 0.03171408137 -0.01931205862 0 -0.781395415 -0.7964742267 0.1103505718 1


mesh: pSphereShape17 tranform: pSphere17 -0.01457140864 0.00505501942 -0.1113079686 0 -0.04420313757 0.09364175351 0.01003937882 0 0.249455142 0.1206676765 -0.02717626959 0 -0.4163135729 -1.139630246 0.07792732026 1


mesh: pSphereShape18 tranform: pSphere18 -0.02333187596 -0.01368264602 -0.124948955 0 0.04463794878 0.352343986 -0.04691904084 0 0.1424806347 -0.02128318116 -0.02427495503 0 -1.456463978 -0.2476616559 -0.1373004149 1


mesh: pSphereShape19 tranform: pSphere19 -0.01749601772 -0.009584454474 -0.08411840137 0 0.2632773234 0.3275939274 -0.09208584177 0 0.07701595346 -0.06433760258 -0.008688130681 0 -1.703156583 -0.8944536611 -0.03425466368 1


mesh: pSphereShape20 tranform: pSphere20 -0.02940288863 0.0006095921503 -0.1116091341 0 0.02529464585 0.0776993857 -0.006239370325 0 0.2400130743 -0.08324904813 -0.06368498169 0 -1.746429896 -1.299931112 0.02737697594 1


mesh: pSphereShape21 tranform: pSphere21 -0.01470797167 -0.01697357729 -0.2630930242 0 -0.07146271532 0.1268239012 -0.004187050193 0 0.2302149778 0.1290217972 -0.02119386036 0 -1.426360692 0.1845325861 0.003836417244 1


