mesh: pSphereShape1 tranform: pSphere1 0.1200233514 0.08381724934 -0.01127823863 0 -0.04045048744 0.06324214467 0.03952563466 0 0.04906984715 -0.05225812658 0.1338325186 0 -1.189338797 0.4040806085 0.6364460437 1


mesh: pSphereShape2 tranform: pSphere2 0.2080980097 0.150627829 -0.03870416885 0 -0.06834575701 0.1089743893 0.05663368398 0 0.04616590807 -0.03309917605 0.1194025526 0 -0.8912608049 0.5797959196 0.5748026204 1


mesh: pSphereShape3 tranform: pSphere3 0.2443965091 0.1626879061 0.006433478659 0 -0.07002295678 0.1032724947 0.0485243355 0 0.02452101853 -0.04174950534 0.1242388943 0 -0.5051163898 0.8461226025 0.5255427175 1


mesh: pSphereShape4 tranform: pSphere4 0.1797139792 0.002996286846 -0.01903399439 0 -0.001792664585 0.1485457756 0.006457859811 0 0.01825834923 -0.007224697945 0.1712532461 0 -0.163974606 1.037417735 0.5221254023 1


mesh: pSphereShape5 tranform: pSphere5 0.1867622308 0.003171492468 -1.073304463e-05 0 -0.002351484521 0.1384844369 0.003154176195 0 7.844003407e-05 -0.004021438993 0.1766201794 0 0.1306401287 1.062573638 0.5168493529 1


mesh: pSphereShape6 tranform: pSphere6 0.1922553073 -0.179415093 0.0430938813 0 0.06481800248 0.07770252627 0.03432972244 0 -0.03503575715 -0.01402794649 0.09790218026 0 0.3870326427 0.8383624564 0.5643893101 1


mesh: pSphereShape7 tranform: pSphere7 0.1640749359 -0.1261475869 0.1427242748 0 0.04356067184 0.08656291064 0.02643199874 0 -0.07899713722 0.009467881227 0.09918285181 0 0.678308979 0.5446833053 0.7777219569 1


mesh: pSphereShape8 tranform: pSphere8 0.09074362458 -0.1610533081 0.04084708491 0 0.0335686951 0.02313779807 0.01665415921 0 -0.0500547038 -0.001932952182 0.1035774503 0 0.8882955888 0.3288970514 0.9545890192 1


mesh: pSphereShape10 tranform: pSphere10 0.1811279387 0.006490852065 -0.02858641254 0 -0.002310578315 0.1534482111 0.02020188261 0 0.03550409751 -0.02823780906 0.2185477645 0 -0.02917154629 1.470531397 0.5971541873 1


mesh: pSphereShape11 tranform: pSphere11 0.04371365267 0.002814231886 -0.00455770535 0 0.004889003802 0.1207681553 0.1214615174 0 0.01355488609 -0.08100010838 0.07999211593 0 -0.05088309538 1.276439564 0.6297148045 1


mesh: pSphereShape12 tranform: pSphere12 0.3162658451 0.005333307077 -0.00889278268 0 -0.002688742279 0.1657169781 0.003762847208 0 0.007428891562 -0.005799617776 0.2607253105 0 -0.04982661573 0.858928389 0.51338345 1


mesh: pSphereShape13 tranform: pSphere13 0.2188418177 0.007087842467 -0.00752946625 0 -0.006716918944 0.2067625736 -0.0005899755765 0 0.006704205307 0.0007758787725 0.195586212 0 -0.03469247102 0.6357453874 0.5563818972 1


mesh: pSphereShape14 tranform: pSphere14 0.2213794287 0.005252829297 -0.007252770042 0 -0.005856351079 0.2415432546 -0.003817875327 0 0.006179955343 0.003167672363 0.1909276342 0 -0.02901983895 0.4417607516 0.5696795722 1


mesh: pSphereShape15 tranform: pSphere15 0.151735781 0.002689729892 0.0005195705446 0 -0.006768755006 0.3798268283 0.01045238912 0 -0.0005518814006 -0.005183545627 0.1880062178 0 -0.2098016689 -0.1605367282 0.5636933811 1


mesh: pSphereShape16 tranform: pSphere16 0.1002025253 0.001620269329 0.000297360331 0 -0.005960633728 0.358303802 0.05623443719 0 -3.532709056e-05 -0.01290470852 0.08222000229 0 -0.2348702715 -0.8721158147 0.5312362371 1


mesh: pSphereShape17 tranform: pSphere17 0.1104528723 -0.0002691704405 0.02067446748 0 0.0004273122986 0.1040309561 -0.000928479172 0 -0.05121930727 0.002652920712 0.2736725237 0 -0.279065642 -1.334299667 0.6666837218 1


mesh: pSphereShape18 tranform: pSphere18 0.1274832839 0.009571916544 -0.0004725740156 0 -0.02680967166 0.3551648674 -0.03846278456 0 -0.0006389919255 0.01568136372 0.1452469106 0 0.170560765 -0.1753699752 0.5857857643 1


mesh: pSphereShape19 tranform: pSphere19 0.08615052512 0.007087357093 -0.001316906756 0 -0.03319709841 0.4198613618 0.08790291289 0 0.003184484512 -0.02038961589 0.0985920404 0 0.2445384112 -0.8904681375 0.5689718627 1


mesh: pSphereShape20 tranform: pSphere20 0.114654283 0.003080238875 -0.01289991397 0 -0.001906347983 0.08188711927 0.002609391581 0 0.02947151721 -0.007603031631 0.2601270466 0 0.2724315645 -1.313273814 0.7107404932 1


mesh: pSphereShape21 tranform: pSphere21 0.2638341589 0.006260183287 -0.00864365987 0 -0.005729703122 0.1101044823 -0.0951468679 0 0.002451506709 0.1731731602 0.200249311 0 -0.0222975513 0.2674858044 0.5220842618 1


