mesh: pSphereShape1 tranform: pSphere1 0.03050603672 0.1420944754 -0.02089680897 0 0.02194615571 0.007292977158 0.08162882656 0 0.1432221684 -0.03593869592 -0.03529483446 0 -8.030705362 -0.03886352801 0.2044132169 1


mesh: pSphereShape2 tranform: pSphere2 0.06927598297 0.2503519985 -0.004031408101 0 0.02701959735 -0.005257289557 0.137826835 0 0.1248776333 -0.03497112689 -0.02581497797 0 -7.955863197 0.3016359346 0.1494911638 1


mesh: pSphereShape3 tranform: pSphere3 0.1140162087 0.270027818 -0.01799110248 0 0.02090802668 -1.783002587e-05 0.132234216 0 0.1211025798 -0.0524104414 -0.01915503057 0 -7.818936276 0.7540307367 0.1248821668 1


mesh: pSphereShape4 tranform: pSphere4 0.1025666515 0.001186004524 -0.1488188845 0 0.02606942526 0.145139342 0.01912384696 0 0.1386782229 -0.03746306445 0.09527910148 0 -7.632261324 1.022411192 0.01030862666 1


mesh: pSphereShape5 tranform: pSphere5 0.1221745623 -0.0002406604154 -0.1412922777 0 0.02297689531 0.135202962 0.01963769125 0 0.1303833894 -0.0385426589 0.1128073627 0 -7.440377092 1.041200552 -0.2130923405 1


mesh: pSphereShape6 tranform: pSphere6 0.07031946694 -0.2515337501 -0.0528668752 0 0.0877051782 0.03502512076 -0.04998628321 0 0.0531551879 -0.004133381436 0.09036905233 0 -7.328883475 0.7473759964 -0.321647177 1


mesh: pSphereShape7 tranform: pSphere7 0.1458929262 -0.2046923519 0.004506887445 0 0.07470976893 0.05232246745 -0.04207291306 0 0.04217584402 0.03260219158 0.1154370904 0 -7.120181331 0.3295349694 -0.3097892176 1


mesh: pSphereShape8 tranform: pSphere8 -0.002271236581 -0.1892518012 0.004433400598 0 0.04055467155 -0.0008884451733 -0.01714949823 0 0.04484120977 0.001943565352 0.105938597 0 -6.971450873 0.01392392013 -0.2858125372 1


mesh: pSphereShape10 tranform: pSphere10 0.09552748194 -0.009300901879 -0.1563797869 0 0.0007775507918 0.1545419825 -0.008716614683 0 0.1905664173 0.005588369597 0.1160786408 0 -7.517113691 1.462966477 -0.1016519965 1


mesh: pSphereShape11 tranform: pSphere11 0.02403959293 -0.000234073602 -0.03690012453 0 0.09035069372 0.1335396579 0.05801432425 0 0.07465357387 -0.07183612469 0.04909079549 0 -7.486603497 1.273654807 -0.03409174124 1


mesh: pSphereShape12 tranform: pSphere12 0.186371153 0.0002856889876 -0.2557290016 0 0.01923999188 0.1640473838 0.01420506074 0 0.2086586471 -0.03763616848 0.1520249958 0 -7.585844213 0.8443378525 -0.09451677741 1


mesh: pSphereShape13 tranform: pSphere13 0.1250782536 -0.009806430397 -0.1796049442 0 0.03234056008 0.2040116133 0.01138317822 0 0.1577347441 -0.03122888449 0.1115527766 0 -7.57421309 0.6157343815 -0.09125650427 1


mesh: pSphereShape14 tranform: pSphere14 0.121438596 -0.01478669967 -0.1847243006 0 0.03601441042 0.2389021839 0.004552539057 0 0.157241804 -0.025713218 0.1054297538 0 -7.593947882 0.4228070683 -0.09233558601 1


mesh: pSphereShape15 tranform: pSphere15 0.05249534763 -0.0008360967668 -0.1423895757 0 -0.06842111201 0.372814297 -0.02741421813 0 0.1731887328 0.03646399653 0.06363608613 0 -7.636831998 -0.1462959668 0.09062989987 1


mesh: pSphereShape16 tranform: pSphere16 0.03526557186 0.003060076968 -0.09375625383 0 0.05350276264 0.3573603384 0.03178833987 0 0.07693009252 -0.01405091446 0.02847795979 0 -7.598066338 -0.8424089326 0.1366228375 1


mesh: pSphereShape17 tranform: pSphere17 0.04289222237 0.01344004299 -0.1029901236 0 -0.007014432321 0.1032612827 0.01055413325 0 0.2566697349 0.006424091267 0.1077333925 0 -7.472886531 -1.301122807 0.186328705 1


mesh: pSphereShape18 tranform: pSphere18 0.05317804684 0.009619970551 -0.1158593289 0 -0.03648942797 0.3561520795 0.01282362 0 0.1320176799 0.01131024021 0.06153364268 0 -7.506573583 -0.197749678 -0.2620640186 1


mesh: pSphereShape19 tranform: pSphere19 0.03418817289 0.005305752294 -0.07922686211 0 0.2013079507 0.3636175756 0.1112200531 0 0.07961331964 -0.05348848586 0.03077286182 0 -7.604523758 -0.8711202845 -0.3750028217 1


mesh: pSphereShape20 tranform: pSphere20 -0.01246820491 0.02961914797 -0.1108546355 0 0.01160995372 0.07869110525 0.01971959223 0 0.2577117403 -0.02882843697 -0.03668837579 0 -7.575128205 -1.273350205 -0.4765322513 1


mesh: pSphereShape21 tranform: pSphere21 0.1447273129 -0.01762239831 -0.220149545 0 -0.06025870254 0.123009187 -0.0494609107 0 0.1924476187 0.140619531 0.1152597128 0 -7.658897436 0.2576488779 -0.1267824649 1


