mesh: pSphereShape1 tranform: pSphere1 -0.04054586056 0.1403953625 -0.01425868944 0 0.08021211323 0.02138637661 -0.01751360551 0 -0.02625085275 -0.02259378022 -0.1478185325 0 4.025582571 -0.07209880022 0.8380170022 1


mesh: pSphereShape2 tranform: pSphere2 -0.04322350481 0.2540814948 -0.03264750907 0 0.1379405882 0.02135321319 -0.01644288852 0 -0.01260473748 -0.01888204369 -0.1302628309 0 3.919291661 0.2629039648 0.8064676059 1


mesh: pSphereShape3 tranform: pSphere3 -0.05333887772 0.277810532 -0.07883318191 0 0.1316120594 0.0225076426 -0.009731680989 0 -0.003151525832 -0.03694972632 -0.1280796237 0 3.828752678 0.720866025 0.7312584665 1


mesh: pSphereShape4 tranform: pSphere4 -0.1491238811 -0.01090509977 -0.1015457132 0 -0.00191213007 0.1481066167 -0.01309728529 0 0.0973756236 -0.01128139017 -0.14178842 0 3.677125511 0.9884250624 0.5791075135 1


mesh: pSphereShape5 tranform: pSphere5 -0.1450942541 -0.01029440131 -0.1171830707 0 -0.005143629373 0.1383239653 -0.00578284336 0 0.1110655794 -0.00161327772 -0.1373779469 0 3.444413618 0.9919553519 0.3965781629 1


mesh: pSphereShape6 tranform: pSphere6 -0.03329527116 -0.2506630608 -0.08407387374 0 -0.04579526419 0.03611296816 -0.08953341938 0 0.09388862258 0.003202766629 -0.04673107422 0 3.363675983 0.6939965674 0.2674774264 1


mesh: pSphereShape7 tranform: pSphere7 0.01218611647 -0.2065291791 -0.1428328171 0 -0.0387676031 0.05114920145 -0.07726676082 0 0.1171371218 0.032622427 -0.03717658568 0 3.400727477 0.2775997247 0.05275396509 1


mesh: pSphereShape8 tranform: pSphere8 -0.007741363688 -0.1891247984 0.003597185443 0 -0.009057438513 -0.0004489648379 -0.0430968357 0 0.1124965094 -0.005053459901 -0.02359016327 0 3.433409455 -0.04081583633 -0.08814309825 1


mesh: pSphereShape10 tranform: pSphere10 -0.1723679498 -0.0184500656 -0.06012927127 0 -0.01332476396 0.1539497378 -0.009040863215 0 0.07406035756 -0.00595038204 -0.2104773065 0 3.539084617 1.415483076 0.4486534021 1


mesh: pSphereShape11 tranform: pSphere11 -0.03924178888 -0.002022474936 -0.01988888156 0 0.04381900703 0.132146297 -0.09989494835 0 0.042997178 -0.07279283105 -0.07743343939 0 3.613567073 1.229584282 0.4245729262 1


mesh: pSphereShape12 tranform: pSphere12 -0.2387647796 -0.01697487802 -0.2069658042 0 -0.007513818249 0.1655383676 -0.004908822718 0 0.1708037209 0.001905021768 -0.1972028685 0 3.59707383 0.8019914855 0.5179941201 1


mesh: pSphereShape13 tranform: pSphere13 -0.1604579277 -0.003748222448 -0.1491236931 0 -0.005953781686 0.2067832638 0.001208807241 0 0.1331304822 0.004671230826 -0.1433665547 0 3.630573762 0.5793548443 0.4819564436 1


mesh: pSphereShape14 tranform: pSphere14 -0.1579814906 0.012601505 -0.1548292512 0 0.005044163681 0.2411573715 0.01448086398 0 0.1338929548 0.005376760104 -0.1361813298 0 3.639216528 0.385537377 0.4673126292 1


mesh: pSphereShape15 tranform: pSphere15 -0.1009147575 -0.00745809394 -0.1131010186 0 -0.03385114075 0.3784839089 0.005245851176 0 0.1394691731 0.01421172722 -0.1253789784 0 3.78896973 -0.2335419327 0.5748855317 1


mesh: pSphereShape16 tranform: pSphere16 -0.06117167323 0.005663315813 -0.07917836201 0 0.2275518638 0.233419572 -0.1591065941 0 0.04025010016 -0.06353215502 -0.03564065435 0 3.675247614 -0.8303320506 0.7150187317 1


mesh: pSphereShape17 tranform: pSphere17 -0.05053389036 0.01888937165 -0.09857413767 0 0.07924037848 0.0608764464 -0.02895695408 0 0.1298947484 -0.2208875169 -0.1089181567 0 3.476374722 -1.289931697 0.8432038585 1


mesh: pSphereShape18 tranform: pSphere18 -0.1015417791 -0.01574075602 -0.07606134546 0 -0.05733567898 0.3536121223 0.00336366268 0 0.08562577856 0.01500049051 -0.1174146066 0 3.553759557 -0.2089763067 0.3310232587 1


mesh: pSphereShape19 tranform: pSphere19 -0.06927801163 -0.00944265003 -0.05084556339 0 -0.008083025333 0.4247826512 -0.06787412235 0 0.06022570553 -0.01162092857 -0.07990047697 0 3.613370886 -0.9299083991 0.362048625 1


mesh: pSphereShape20 tranform: pSphere20 -0.1079240899 0.006412504937 -0.0404075595 0 0.003837697788 0.0818152951 0.00273367023 0 0.09202418095 0.00387527314 -0.2451713465 0 3.728845064 -1.347698964 0.2279542013 1


mesh: pSphereShape21 tranform: pSphere21 -0.18827817 0.015018141 -0.1845214142 0 -0.06315490999 0.10884565 0.07329962355 0 0.1458583151 0.1752498789 -0.1345643776 0 3.597432369 0.2110962295 0.4898210721 1


