mesh: pSphereShape1 tranform: pSphere1 0.09427761527 0.06800453301 0.08969531526 0 -0.05239586776 0.06657019623 0.004600935446 0 -0.06895962951 -0.06256450461 0.1199172923 0 0.1734977848 0.4978841917 -0.3384303859 1


mesh: pSphereShape2 tranform: pSphere2 0.1764394497 0.1248106243 0.1441629836 0 -0.08022624651 0.1153895727 -0.001711741939 0 -0.06101395117 -0.04078920779 0.1099879738 0 0.4291257225 0.6363589035 -0.1406784986 1


mesh: pSphereShape3 tranform: pSphere3 0.1742403533 0.1276552757 0.1989543364 0 -0.07368730054 0.1115510811 -0.007040724826 0 -0.07832009535 -0.04556153153 0.09782491455 0 0.7447180523 0.8511925348 0.137633681 1


mesh: pSphereShape4 tranform: pSphere4 0.1658710713 -0.009197453057 0.07120800191 0 0.001758572366 0.147926884 0.01501031149 0 -0.06844476144 -0.01516554934 0.1574755811 0 1.021211507 1.004020762 0.3657012548 1


mesh: pSphereShape5 tranform: pSphere5 0.1698107268 -0.009791245317 0.07719221402 0 0.001910450053 0.1378884063 0.01328740617 0 -0.07355336217 -0.01439711115 0.1599796612 0 1.288903038 1.008322651 0.4936450288 1


mesh: pSphereShape6 tranform: pSphere6 0.2307708319 -0.1327721813 0.01119519448 0 0.04755747684 0.08616759911 0.04160549408 0 -0.02391064999 -0.03341859626 0.09654326855 0 1.575352437 0.822919082 0.5365025253 1


mesh: pSphereShape7 tranform: pSphere7 0.2177017233 -0.1062092678 0.06730206518 0 0.02974904966 0.08683151843 0.04079952989 0 -0.05124443277 -0.03464198619 0.1110917074 0 1.961259278 0.5755390783 0.6502749159 1


mesh: pSphereShape8 tranform: pSphere8 0.1444004891 -0.1177164786 -0.03365096169 0 0.02839970612 0.03312028853 0.006006595531 0 0.005622610907 -0.02515669662 0.1121294999 0 2.264559839 0.4130530556 0.7003075739 1


mesh: pSphereShape10 tranform: pSphere10 0.1812317015 -0.00326054064 0.02847952877 0 0.001396118579 0.1545324691 0.008807675587 0 -0.03481304691 -0.0122322219 0.2201351055 0 1.146313178 1.434100703 0.4810745688 1


mesh: pSphereShape11 tranform: pSphere11 0.04242045824 0.0006215340632 0.01181923972 0 -0.03312558494 0.1251013998 0.112312445 0 -0.02140225563 -0.07832718218 0.08093384391 0 1.096228186 1.239966518 0.5177836082 1


mesh: pSphereShape12 tranform: pSphere12 0.2819235181 -0.0164053455 0.1427641591 0 0.004875849906 0.1654439229 0.009382942935 0 -0.1182323317 -0.009693844913 0.2323653516 0 1.115684135 0.8183443767 0.4047969112 1


mesh: pSphereShape13 tranform: pSphere13 0.1908777151 -0.01237996101 0.1068227784 0 0.004325150179 0.2061943694 0.01616793249 0 -0.09597291402 -0.01133066171 0.1701773504 0 1.09474524 0.5920670846 0.4336505614 1


mesh: pSphereShape14 tranform: pSphere14 0.1904264455 0.001607599349 0.1132441204 0 -0.007431633536 0.2413597221 0.009070403154 0 -0.09748449549 -0.009166906171 0.1640558699 0 1.090055456 0.3977173224 0.4323918495 1


mesh: pSphereShape15 tranform: pSphere15 0.1480158017 -0.02457797601 0.02277053806 0 0.06690157303 0.372669977 -0.03263059529 0 -0.02505781584 0.02071838404 0.1852467708 0 0.8922574556 -0.2044612249 0.3888761749 1


mesh: pSphereShape16 tranform: pSphere16 0.09796495693 -0.01437803917 0.01547252295 0 0.04277694521 0.3552906023 0.05931421811 0 -0.01453813527 -0.01178801355 0.08109467853 0 0.7446579604 -0.8952480824 0.3936915188 1


mesh: pSphereShape17 tranform: pSphere17 0.1097499339 0.002067962304 0.0240420171 0 -0.003968034768 0.1035517928 0.009206812748 0 -0.05884122532 -0.02633796115 0.2708710536 0 0.6419658845 -1.372688114 0.5161660474 1


mesh: pSphereShape18 tranform: pSphere18 0.081270791 0.002298823011 0.09865904178 0 0.01830274729 0.3570124407 -0.02339559682 0 -0.1125257806 0.01182509536 0.09241804124 0 1.235226298 -0.2020498325 0.5425585169 1


mesh: pSphereShape19 tranform: pSphere19 0.05607313873 0.001146451889 0.0657903231 0 -0.1338704109 0.3945816823 0.1072219268 0 -0.06996805879 -0.04013286156 0.06033317478 0 1.322998496 -0.9010991927 0.5062021276 1


mesh: pSphereShape20 tranform: pSphere20 0.07767158466 -0.002066641131 0.08534842824 0 -0.003487636283 0.08171432386 0.005152577834 0 -0.1934035369 -0.01932344667 0.1755395485 0 1.266439058 -1.313972006 0.5341155698 1


mesh: pSphereShape21 tranform: pSphere21 0.2269452107 0.001915894465 0.1349613531 0 0.04424404589 0.116052444 -0.0760463519 0 -0.1088388711 0.1599339502 0.1807483653 0 1.124588355 0.226749339 0.3848556796 1


