mesh: pSphereShape1 tranform: pSphere1 -0.1239846273 0.07864981986 0.000390976488 0 0.03460496556 0.05427698544 0.05526836168 0 0.05271926847 0.08367997045 -0.1151878727 0 -2.858846174 0.2440214018 0.5444774215 1


mesh: pSphereShape2 tranform: pSphere2 -0.1925664807 0.1739364205 -0.01248236214 0 0.09176984985 0.1034120795 0.02526203968 0 0.02058652526 0.01346810713 -0.1299177477 0 -3.15327368 0.438415966 0.531714609 1


mesh: pSphereShape3 tranform: pSphere3 -0.07680645125 0.2607203872 -0.1111937358 0 0.1160914297 0.05199946356 0.04173571026 0 0.05651551066 -0.03290894942 -0.1162006992 0 -3.391788676 0.8011606144 0.443136165 1


mesh: pSphereShape4 tranform: pSphere4 -0.07118167324 -0.007432022721 -0.1659708391 0 0.03536670075 0.1428110528 -0.02156304051 0 0.1530485962 -0.04749181336 -0.06351293387 0 -3.487676098 1.054269038 0.216912923 1


mesh: pSphereShape5 tranform: pSphere5 -0.05866087231 -0.009772638642 -0.177069441 0 0.03315672608 0.1332581262 -0.01833905371 0 0.1623112379 -0.04742546804 -0.05115420703 0 -3.57830407 1.057787121 -0.06438805813 1


mesh: pSphereShape6 tranform: pSphere6 -0.06460847193 -0.2305666326 -0.1169347454 0 0.05303462166 0.02970690232 -0.08787727088 0 0.08746373953 -0.0437743884 0.03798712478 0 -3.668349232 0.7775770972 -0.2365470498 1


mesh: pSphereShape7 tranform: pSphere7 0.03192034411 -0.2218054175 -0.1139625608 0 0.05403475345 0.04471876647 -0.07190130411 0 0.1059626862 -0.01945011324 0.06753538913 0 -3.660343721 0.3426834594 -0.4107544784 1


mesh: pSphereShape8 tranform: pSphere8 -0.08800382472 -0.1668237006 -0.01631678804 0 0.02279719453 -0.008434084982 -0.03672506149 0 0.08264431438 -0.04973185145 0.06272286771 0 -3.669212537 0.01036394301 -0.5188221913 1


mesh: pSphereShape10 tranform: pSphere10 -0.02865616797 -0.03436621255 -0.1779450246 0 -0.01462002975 0.1517230679 -0.02694761027 0 0.2194570187 0.01437675058 -0.03811779323 0 -3.527998993 1.47922444 0.003065949363 1


mesh: pSphereShape11 tranform: pSphere11 -0.009252084216 -0.008285389088 -0.04225313331 0 0.09907302917 0.1314990237 -0.0474793803 0 0.09038597014 -0.07026887975 -0.00601265701 0 -3.448609331 1.295757436 0.04659702645 1


mesh: pSphereShape12 tranform: pSphere12 -0.08876113107 -0.01799561962 -0.3031983341 0 0.02752538695 0.162519007 -0.01770397164 0 0.2466465116 -0.04932064276 -0.06927830878 0 -3.556884573 0.8724451754 0.1330133936 1


mesh: pSphereShape13 tranform: pSphere13 -0.0565639359 -0.005763279237 -0.2115797186 0 0.04871549078 0.2002039613 -0.01847706036 0 0.1833649861 -0.04901904772 -0.0476857372 0 -3.560414798 0.6425367206 0.136027886 1


mesh: pSphereShape14 tranform: pSphere14 -0.05100964259 -0.005705980157 -0.2155330705 0 0.05089398393 0.2355157383 -0.01827994215 0 0.1815148525 -0.04247164887 -0.04183425468 0 -3.592158576 0.4518730774 0.1503139415 1


mesh: pSphereShape15 tranform: pSphere15 -0.02717231287 0.007062384517 -0.1491410071 0 0.03316424823 0.3783947381 0.01187614222 0 0.1843098481 -0.01507742916 -0.03429377044 0 -3.606469902 -0.1252906188 0.3435328222 1


mesh: pSphereShape16 tranform: pSphere16 -0.01584294473 0.008644444404 -0.09857755549 0 0.1754471338 0.3174864281 -0.0003561202754 0 0.07164585692 -0.03960924519 -0.0149880088 0 -3.758696812 -0.8024521045 0.3629510219 1


mesh: pSphereShape17 tranform: pSphere17 -0.000338288942 -0.00795239604 -0.1120891967 0 0.04500507136 0.09355294091 -0.006773130483 0 0.251034543 -0.1202014402 0.007770305015 0 -3.798036182 -1.301882223 0.3860305574 1


mesh: pSphereShape18 tranform: pSphere18 -0.01559903632 -0.01360391462 -0.1261563956 0 -0.1829291465 0.3078397149 -0.01057660843 0 0.124339502 0.07308788063 -0.02325571906 0 -3.460270234 -0.1187481054 0.0201154433 1


mesh: pSphereShape19 tranform: pSphere19 -0.01165702527 -0.009587640754 -0.08512384366 0 -0.06072702401 0.4241088305 -0.03945200909 0 0.09879100063 0.01275352102 -0.0149650828 0 -3.205426413 -0.784611881 0.04231537285 1


mesh: pSphereShape20 tranform: pSphere20 -0.02299786697 -0.02617703497 -0.110033455 0 -0.01951715593 0.07825398983 -0.01453743748 0 0.2489551486 0.05020606841 -0.06397766382 0 -2.926589193 -1.151307931 0.05642696655 1


mesh: pSphereShape21 tranform: pSphere21 -0.06079194545 -0.00680023652 -0.2568666236 0 -0.06525245885 0.1296402875 0.01201105561 0 0.2287073998 0.1204266272 -0.05731572718 0 -3.677405639 0.2937242104 0.1704170238 1


