mesh: pSphereShape1 tranform: pSphere1 -0.04462127284 0.1326561593 -0.04437815055 0 0.06728926535 0.03526847108 0.03776739742 0 0.08013665671 -0.01585546484 -0.127971189 0 2.214861491 -0.01149592075 1.816610256 1


mesh: pSphereShape2 tranform: pSphere2 -0.05010489364 0.2443550246 -0.07260618975 0 0.1214838673 0.04183710529 0.05696719053 0 0.0614097735 -0.02160531031 -0.1150906876 0 2.101573958 0.3037473817 1.705553381 1


mesh: pSphereShape3 tranform: pSphere3 -0.01292304326 0.2668794323 -0.1218472883 0 0.1136441763 0.03387150429 0.06213498334 0 0.07023907009 -0.0442409502 -0.1043494885 0 2.030179233 0.7426682824 1.551882402 1


mesh: pSphereShape4 tranform: pSphere4 -0.05466611873 -0.01650666698 -0.1714862397 0 0.01920987181 0.146062946 -0.02018320273 0 0.1627859891 -0.02820471026 -0.04917777929 0 1.99373721 0.995995584 1.314099979 1


mesh: pSphereShape5 tranform: pSphere5 -0.04320361271 -0.01769202069 -0.1808608017 0 0.01781038262 0.1362608572 -0.01758370387 0 0.170368212 -0.02717716389 -0.03803866422 0 1.92648962 0.9873028747 1.026090544 1


mesh: pSphereShape6 tranform: pSphere6 0.003890934052 -0.2566257842 -0.07167306957 0 0.02277663975 0.02840267472 -0.1004594377 0 0.1025015172 -0.00457521067 0.02194609048 0 1.914028043 0.6809892098 0.8933623894 1


mesh: pSphereShape7 tranform: pSphere7 0.07612362133 -0.2213828839 -0.09164513008 0 0.02232696652 0.04391386486 -0.08753513138 0 0.1178402703 0.02324922039 0.04172015093 0 2.035779954 0.2427510507 0.7733789703 1


mesh: pSphereShape8 tranform: pSphere8 -0.02953139943 -0.186602133 0.0121900872 0 0.02021594728 -0.005727820739 -0.03870508435 0 0.1006287586 -0.01237225158 0.0543900563 0 2.114659536 -0.09112519547 0.7060419251 1


mesh: pSphereShape10 tranform: pSphere10 -0.05072455195 -0.01436314611 -0.1757480133 0 -0.009457036448 0.154184723 -0.009871370584 0 0.2140735584 0.009126875884 -0.06253200693 0 1.967478554 1.423627587 1.140250184 1


mesh: pSphereShape11 tranform: pSphere11 -0.01107718542 -0.002892796969 -0.04252650583 0 0.0989617744 0.13543999 -0.03499037338 0 0.08903964685 -0.06982321427 -0.01844318691 0 2.04132376 1.237098353 1.16497174 1


mesh: pSphereShape12 tranform: pSphere12 -0.06512923272 -0.03036214742 -0.3081686772 0 0.01123045046 0.164355309 -0.01856649025 0 0.2546972505 -0.023225803 -0.0515401221 0 1.953038281 0.8068761079 1.227645348 1


mesh: pSphereShape13 tranform: pSphere13 -0.03804684002 -0.0141270473 -0.2152940688 0 0.01570211834 0.2056332226 -0.01626801085 0 0.1921557007 -0.01726979126 -0.03282462022 0 1.980471587 0.5801440369 1.233561074 1


mesh: pSphereShape14 tranform: pSphere14 -0.0315901475 -0.003645487546 -0.2192665486 0 0.01832741207 0.2408567376 -0.006644907292 0 0.1885459374 -0.01508944896 -0.02691329623 0 1.977075411 0.3858419157 1.242442391 1


mesh: pSphereShape15 tranform: pSphere15 -0.01513266669 -0.002377266624 -0.1509854392 0 0.03623086034 0.378178433 -0.009585695864 0 0.1862801218 -0.01831223221 -0.01838178536 0 1.952067214 -0.2163988119 1.439601123 1


mesh: pSphereShape16 tranform: pSphere16 -0.003641951229 0.006327048429 -0.09994980947 0 0.2782969522 0.2326139393 0.004584458283 0 0.05329540692 -0.06364440785 -0.005970802012 0 1.706203663 -0.8183555305 1.480283394 1


mesh: pSphereShape17 tranform: pSphere17 0.02727174553 -0.006322912015 -0.1088283774 0 0.07970081502 0.06487461881 0.01620334586 0 0.1657127366 -0.2171064328 0.05414047874 0 1.467291814 -1.275809234 1.518224832 1


mesh: pSphereShape18 tranform: pSphere18 -0.007113213928 -0.008779329386 -0.12734268 0 -0.1280653654 0.3341962005 -0.01588675677 0 0.1361964083 0.05166006685 -0.01116934976 0 2.066833723 -0.2034542741 1.092506945 1


mesh: pSphereShape19 tranform: pSphere19 -0.006040084834 -0.006530437801 -0.08599272417 0 0.04034484078 0.4268981597 -0.03525319345 0 0.1000376106 -0.009971967052 -0.006269301842 0 2.185170056 -0.9012405018 1.117869887 1


mesh: pSphereShape20 tranform: pSphere20 -0.03831544826 0.008332201068 -0.1085541391 0 -0.001848700251 0.08163735298 0.006918691674 0 0.2469786105 0.01289691936 -0.08618406005 0 2.368768148 -1.314157664 1.106435446 1


mesh: pSphereShape21 tranform: pSphere21 -0.03764830385 -0.00434459582 -0.2613160842 0 -0.08374529147 0.1187166338 0.01009158084 0 0.2132861163 0.1532853926 -0.03327703159 0 1.913740647 0.2166943582 1.250192968 1


