mesh: pSphereShape1 tranform: pSphere1 -0.1189792329 0.07105133999 -0.04851581247 0 -0.001493695678 0.04611513637 0.07119866335 0 0.08892208903 0.104126887 -0.06557711665 0 4.568955507 0.2498158528 0.3748471513 1


mesh: pSphereShape2 tranform: pSphere2 -0.18395625 0.1649343859 -0.08030120576 0 0.05695839041 0.1017371369 0.07848076787 0 0.07645975337 0.03571778408 -0.1017937233 0 4.292651353 0.4296870107 0.2486067738 1


mesh: pSphereShape3 tranform: pSphere3 -0.08758438573 0.25794544 -0.1096883014 0 0.07186883124 0.06398409753 0.09308028861 0 0.1052344485 0.0009130528896 -0.08188089874 0 4.045763819 0.779676189 0.09584579645 1


mesh: pSphereShape4 tranform: pSphere4 0.02896901893 -0.000242421887 -0.1784071808 0 0.001625069547 0.1486879967 6.183296929e-05 0 0.1701364113 -0.001870977245 0.02762858795 0 4.007454825 1.039620648 -0.1253356024 1


mesh: pSphereShape5 tranform: pSphere5 0.03636726757 0.0001206354378 -0.183214619 0 0.000402622669 0.1385396196 0.0001711384941 0 0.1732844361 -0.0005460870317 0.03439581191 0 4.067526626 1.059849935 -0.4150112128 1


mesh: pSphereShape6 tranform: pSphere6 0.008883594078 -0.2349417547 -0.1254289242 0 0.07331682744 0.03874767137 -0.06738580455 0 0.07624850183 -0.03168115051 0.06474252955 0 4.097182584 0.7778592366 -0.6031367358 1


mesh: pSphereShape7 tranform: pSphere7 0.07005032465 -0.2156344262 -0.1086221117 0 0.06955026597 0.04933507308 -0.05308607402 0 0.08462198196 -0.01931504655 0.09291649855 0 4.19587989 0.3477254102 -0.7707243139 1


mesh: pSphereShape8 tranform: pSphere8 -0.06910392989 -0.1654790485 -0.06068269255 0 0.0364002417 -0.006419685846 -0.02394548072 0 0.04930391488 -0.053315114 0.08924192109 0 4.232292763 0.0208018753 -0.8892481183 1


mesh: pSphereShape10 tranform: pSphere10 0.06221049467 0.01351647447 -0.1720866165 0 -0.02292761677 0.15303662 0.00373170906 0 0.2073663409 0.02918332245 0.07725654991 0 4.009742871 1.481362841 -0.2446902486 1


mesh: pSphereShape11 tranform: pSphere11 0.01362080355 0.001838107326 -0.04184102152 0 0.08360686256 0.1457441344 0.03361978175 0 0.0935800486 -0.06010090357 0.02782349725 0 4.082864411 1.299117907 -0.2109364404 1


mesh: pSphereShape12 tranform: pSphere12 0.0770800522 0.001957388021 -0.3068981015 0 -0.008104851541 0.1655803644 -0.0009795347597 0 0.2527154157 0.01274591474 0.06355290581 0 4.039446985 0.8598849687 -0.2329244063 1


mesh: pSphereShape13 tranform: pSphere13 0.05132016981 0.004859359588 -0.2129349627 0 -0.007133533347 0.2067277172 0.002998428082 0 0.1901379022 0.005894451202 0.04596029023 0 4.095366976 0.6378674613 -0.2309847899 1


mesh: pSphereShape14 tranform: pSphere14 0.05039190651 0.002602399372 -0.2157381042 0 -0.01012032639 0.2414317607 0.0005484396068 0 0.1858745803 0.007692646746 0.0435092069 0 4.113925531 0.4441180184 -0.2301172502 1


mesh: pSphereShape15 tranform: pSphere15 0.007783975856 0.01614434076 -0.1506984467 0 0.01128644595 0.3776398517 0.04103957279 0 0.1877478403 -0.006588362127 0.008991863702 0 4.080037073 -0.1507394685 -0.08538755059 1


mesh: pSphereShape16 tranform: pSphere16 0.007352040138 0.01521279595 -0.09878146642 0 0.1674672951 0.315909848 0.06111569864 0 0.07357316187 -0.03890226051 -0.0005152718823 0 3.949783419 -0.8267059288 -0.1429256899 1


mesh: pSphereShape17 tranform: pSphere17 0.006548144236 0.006975398386 -0.1119634256 0 0.0536533837 0.08871145443 0.008664685148 0 0.2380004781 -0.1444252611 0.004921586869 0 3.90275361 -1.339969989 -0.1990721795 1


mesh: pSphereShape18 tranform: pSphere18 0.02233636092 0.01397966569 -0.1250979157 0 -0.1612427318 0.3198322849 0.006951135535 0 0.1279366696 0.06384745003 0.0299781624 0 4.31907147 -0.1385906166 -0.3978527368 1


mesh: pSphereShape19 tranform: pSphere19 0.01394651917 0.009916707196 -0.08474096632 0 -0.08374507615 0.4205283191 0.0354291912 0 0.09745670446 0.01788019667 0.01813166098 0 4.572890136 -0.811665576 -0.4495133755 1


mesh: pSphereShape20 tranform: pSphere20 0.003170456574 -0.008420099096 -0.1150675906 0 -0.02012557259 0.07918708373 -0.006349053997 0 0.2537792105 0.06467970387 0.002259423777 0 4.870463257 -1.167041895 -0.4470074052 1


mesh: pSphereShape21 tranform: pSphere21 0.06005574389 0.003101470872 -0.2571109773 0 -0.09558875535 0.1078397947 -0.02102668616 0 0.190447858 0.1779042873 0.04663065294 0 4.073264886 0.268683813 -0.2459858182 1


