mesh: pSphereShape1 tranform: pSphere1 -0.04078265236 0.1386807448 -0.02574026264 0 0.06894612849 0.0278569862 0.04084735337 0 0.07777907664 -0.001326359529 -0.1303785287 0 -7.638782114 -0.02868785892 0.3758183947 1


mesh: pSphereShape2 tranform: pSphere2 -0.03893159697 0.2529593858 -0.04458045658 0 0.1298174352 0.02808032025 0.04596589301 0 0.04664017589 -0.01447728635 -0.1228776557 0 -7.740031022 0.3025250224 0.3078025381 1


mesh: pSphereShape3 tranform: pSphere3 -0.004083887164 0.2774949494 -0.09601183807 0 0.1220399582 0.019591905 0.0514338374 0 0.05478687791 -0.03902795229 -0.115129585 0 -7.792625409 0.7577924675 0.2022368474 1


mesh: pSphereShape4 tranform: pSphere4 -0.07059183657 0.003016125291 -0.1663612953 0 0.0356893391 0.1438049518 -0.01253682376 0 0.1531963562 -0.04375639077 -0.06579887993 0 -7.828613181 1.032564234 -0.008863457643 1


mesh: pSphereShape5 tranform: pSphere5 -0.04552084948 3.45827152e-05 -0.1811575016 0 0.03185769961 0.1345913561 -0.007979437787 0 0.1664537815 -0.0418797131 -0.04183412654 0 -7.906170732 1.052758525 -0.2918604151 1


mesh: pSphereShape6 tranform: pSphere6 -0.021705789 -0.244994246 -0.1025457924 0 0.01845760715 0.03924079273 -0.09765788653 0 0.1029931261 -0.01478586665 0.01352474008 0 -7.949800105 0.7648492901 -0.458721391 1


mesh: pSphereShape7 tranform: pSphere7 0.06498883352 -0.2089127066 -0.1238384004 0 0.01905101346 0.05460765101 -0.08212419573 0 0.1204386399 0.0149943805 0.03790948599 0 -7.859849111 0.3422016499 -0.6401439862 1


mesh: pSphereShape8 tranform: pSphere8 -0.02996532904 -0.1865927044 -0.01123830601 0 0.01259423136 0.0005190262613 -0.0421982459 0 0.1087351117 -0.01940221456 0.03221377727 0 -7.795753942 0.02057364501 -0.7622412665 1


mesh: pSphereShape10 tranform: pSphere10 -0.004209901962 0.005805771965 -0.1833445228 0 0.02470845986 0.152745121 0.004269465678 0 0.2202846964 -0.0354610733 -0.006181018462 0 -7.760977086 1.4617162 -0.1363836551 1


mesh: pSphereShape11 tranform: pSphere11 -0.005084336102 0.0006645559989 -0.04374110082 0 0.1299089913 0.1109299091 -0.01341488501 0 0.07357846119 -0.08736183488 -0.009879825836 0 -7.734742264 1.261972414 -0.1288047633 1


mesh: pSphereShape12 tranform: pSphere12 -0.09598726656 0.001486985617 -0.3015225432 0 0.02826722377 0.1631481737 -0.008194062471 0 0.2445904562 -0.04630013012 -0.07809172969 0 -7.898334059 0.8564835677 -0.1037854925 1


mesh: pSphereShape13 tranform: pSphere13 -0.06777054123 -0.001336926419 -0.2083363577 0 0.03952722684 0.2025669767 -0.01415786823 0 0.1823088454 -0.03970130646 -0.05904918151 0 -7.898482022 0.6274724283 -0.112496491 1


mesh: pSphereShape14 tranform: pSphere14 -0.0713230021 -0.002825864762 -0.2097476822 0 0.03815691422 0.2380634365 -0.01618230397 0 0.178350469 -0.03267860602 -0.06020636519 0 -7.921328034 0.4353858844 -0.1033899045 1


mesh: pSphereShape15 tranform: pSphere15 -0.0949827029 0.01106971529 -0.1178431135 0 0.01697944524 0.3790181967 0.02191786901 0 0.1464463096 0.0002638466065 -0.1180123742 0 -7.896313085 -0.1536566217 0.04720178516 1


mesh: pSphereShape16 tranform: pSphere16 -0.0614314832 0.01081419024 -0.07843778378 0 0.1262001917 0.3359988237 -0.05251435671 0 0.05903820504 -0.03004875864 -0.05038078975 0 -7.978011442 -0.8461757875 0.08091041715 1


mesh: pSphereShape17 tranform: pSphere17 -0.09334902433 0.02603083457 -0.05688319929 0 0.02600606352 0.1006759783 0.003393604479 0 0.1384985375 -0.02768771343 -0.2399555194 0 -8.023590228 -1.30574649 -0.02490038716 1


mesh: pSphereShape18 tranform: pSphere18 -0.005766491088 0.01306052953 -0.1270433105 0 -0.07379605061 0.3483685042 0.03916319078 0 0.1428072445 0.03062608285 -0.003333539104 0 -7.938160519 -0.1687286388 -0.2855993377 1


mesh: pSphereShape19 tranform: pSphere19 -0.00495955678 0.009311252709 -0.0858054848 0 0.04699998237 0.4254590691 0.04345244173 0 0.09995897832 -0.01033771117 -0.00689943389 0 -7.885172558 -0.8792320784 -0.3813447543 1


mesh: pSphereShape20 tranform: pSphere20 -0.00813550441 -0.02309134591 -0.1127923029 0 -0.002553384313 0.08028267093 -0.01625165733 0 0.2611227177 0.004313585217 -0.01971740494 0 -7.704564571 -1.28827374 -0.406624742 1


mesh: pSphereShape21 tranform: pSphere21 -0.08500087105 -0.003367791024 -0.2499717505 0 -0.0695925019 0.1260282218 0.02196642842 0 0.2163898041 0.1326265101 -0.07536843729 0 -7.996971767 0.2728854509 -0.07985493695 1


