mesh: pSphereShape1 tranform: pSphere1 0.05317294728 0.1325190284 0.03419765514 0 -0.07711832805 0.03370708926 -0.01070897775 0 -0.03134480173 -0.02520211393 0.1463976147 0 1.122294372 0.004782216792 -0.1284315573 1


mesh: pSphereShape2 tranform: pSphere2 0.06458720307 0.2438050862 0.06228250419 0 -0.1332691716 0.04024337392 -0.01933217392 0 -0.02614497541 -0.02553654424 0.127075337 0 1.25756789 0.3198169961 -0.04480889314 1


mesh: pSphereShape3 tranform: pSphere3 0.04956020327 0.264454809 0.1176683406 0 -0.1265615228 0.03520157154 -0.02580821713 0 -0.03719644261 -0.04617064395 0.1194332479 0 1.368480509 0.7569756285 0.09210494408 1


mesh: pSphereShape4 tranform: pSphere4 0.1107993871 -0.01467991536 0.142043588 0 -0.006488849748 0.1471657345 0.02027082773 0 -0.1359804055 -0.02031667357 0.103970188 0 1.483515151 1.011122203 0.3072573789 1


mesh: pSphereShape5 tranform: pSphere5 0.1089244738 -0.01518436043 0.1509804077 0 -0.002859294943 0.1375950583 0.01590100459 0 -0.1434719424 -0.01477145766 0.1020219175 0 1.654568328 1.006862591 0.5493117462 1


mesh: pSphereShape6 tranform: pSphere6 0.08749073496 -0.2491733306 0.03559471845 0 0.02249949313 0.02247257788 0.1020114794 0 -0.09661389705 -0.02993733033 0.02790404292 0 1.775851166 0.7054034032 0.6402293452 1


mesh: pSphereShape7 tranform: pSphere7 0.04007893308 -0.2335864301 0.08387535812 0 0.01295408023 0.03562348554 0.09301870388 0 -0.1244493187 -0.01330080762 0.02242503389 0 1.837865948 0.2498665301 0.7461605297 1


mesh: pSphereShape8 tranform: pSphere8 0.0708092693 -0.1672720419 -0.05335887173 0 0.01121552146 -0.008560518957 0.04171936724 0 -0.1026019223 -0.0490231521 0.01752352653 0 1.905438552 -0.08975964865 0.7982821231 1


mesh: pSphereShape10 tranform: pSphere10 0.1623154475 -0.0125371158 0.08463545672 0 0.0108814152 0.1543936386 0.002001869598 0 -0.1028915925 0.004684088047 0.1980212607 0 1.581849138 1.440394602 0.4542573053 1


mesh: pSphereShape11 tranform: pSphere11 0.03457262217 -0.0006388083689 0.02727456195 0 -0.06607089673 0.1321152995 0.08684430983 0 -0.05558495274 -0.07298915187 0.06874872975 0 1.500042506 1.250559734 0.4772646518 1


mesh: pSphereShape12 tranform: pSphere12 0.1684639734 -0.02519196567 0.2666774551 0 0.002578802564 0.1651713707 0.01397402031 0 -0.2208123198 -0.008287567416 0.1387074158 0 1.54487398 0.822638987 0.3820137217 1


mesh: pSphereShape13 tranform: pSphere13 0.1084374388 -0.01447230788 0.1898171376 0 -0.004662415432 0.206002518 0.01836984952 0 -0.1699925722 -0.01242272873 0.09616504508 0 1.509683793 0.59625229 0.3922420652 1


mesh: pSphereShape14 tranform: pSphere14 0.1033707171 -0.001676950935 0.1959610395 0 -0.01099922026 0.2412657193 0.007866808948 0 -0.1687614932 -0.01059353513 0.08893212535 0 1.506128301 0.4018540283 0.3856844514 1


mesh: pSphereShape15 tranform: pSphere15 0.06212540678 -0.01070247737 0.1380476101 0 0.09803065548 0.3668347235 -0.01567686699 0 -0.1645960655 0.04730792573 0.07774063973 0 1.324602314 -0.1823688296 0.2425914663 1


mesh: pSphereShape16 tranform: pSphere16 0.03407272628 0.006514393867 0.09402059221 0 -0.2686257838 0.2297582049 0.08142979302 0 -0.04824216641 -0.06417523753 0.02192929077 0 1.411183009 -0.7578155043 0.1669674104 1


mesh: pSphereShape17 tranform: pSphere17 0.009172451508 -0.02779556053 0.1084924698 0 -0.08041813601 0.06198436953 0.0226791938 0 -0.1751793092 -0.2127522568 -0.03969625285 0 1.628724517 -1.206605579 0.02178909531 1


mesh: pSphereShape18 tranform: pSphere18 0.05276659165 -0.01163950931 0.1158621647 0 0.09571785902 0.3451067949 -0.008922942467 0 -0.1272139626 0.03687748031 0.0616412011 0 1.497674455 -0.1927027168 0.549308136 1


mesh: pSphereShape19 tranform: pSphere19 0.03686934732 -0.008456145547 0.0777368811 0 -0.0693583908 0.4173393082 0.07829334604 0 -0.08965037683 -0.022418418 0.04008107131 0 1.444775413 -0.8965620933 0.5197700549 1


mesh: pSphereShape20 tranform: pSphere20 0.0732325117 0.006512786905 0.08897237273 0 -0.004265606018 0.08180227829 -0.002476946017 0 -0.2019715537 -0.005485979676 0.1666428885 0 1.31819728 -1.317511712 0.5639255655 1


mesh: pSphereShape21 tranform: pSphere21 0.1231944918 -0.001998545854 0.2335411937 0 0.07745625704 0.1167067504 -0.03985995052 0 -0.1871058511 0.1583515293 0.1000546527 0 1.560338134 0.2312672826 0.3603128906 1


