mesh: pSphereShape1 tranform: pSphere1 0.01666616683 0.1428950504 -0.02934924695 0 0.02714942745 0.01312138035 0.07930210942 0 0.1428026242 -0.02581928936 -0.04461703219 0 -7.834285376 -0.0440777245 0.4161036621 1


mesh: pSphereShape2 tranform: pSphere2 0.04634905678 0.2544005282 -0.02497345391 0 0.04734688068 0.004357514725 0.1322619338 0 0.1222423955 -0.02648136176 -0.04288764747 0 -7.795715699 0.2979407843 0.3381112816 1


mesh: pSphereShape3 tranform: pSphere3 0.09318892189 0.2753972297 -0.04135926536 0 0.03939180163 0.005866046659 0.1278159193 0 0.1202077714 -0.04592312417 -0.03493941539 0 -7.697351052 0.7563743205 0.2784318239 1


mesh: pSphereShape4 tranform: pSphere4 0.08357585928 0.005493699119 -0.1601664135 0 0.02905783242 0.1444358874 0.02011670581 0 0.1490821397 -0.040633156 0.07639829932 0 -7.540309407 1.031873229 0.1355882149 1


mesh: pSphereShape5 tranform: pSphere5 0.1036503179 0.004262300125 -0.1553339426 0 0.02484439651 0.1347777669 0.02027626953 0 0.1435155041 -0.04069406606 0.09464755124 0 -7.377907913 1.057715668 -0.1093746528 1


mesh: pSphereShape6 tranform: pSphere6 0.05885165359 -0.2480581007 -0.07754110468 0 0.08202504632 0.03739351933 -0.05736900178 0 0.06312475052 -0.01099610976 0.08308715847 0 -7.284810999 0.7686455314 -0.2478998547 1


mesh: pSphereShape7 tranform: pSphere7 0.1393953989 -0.2072974188 -0.02829699306 0 0.07067433586 0.05390977833 -0.04677813846 0 0.05650744691 0.02276308461 0.1116072443 0 -7.086142553 0.3474046324 -0.290502352 1


mesh: pSphereShape8 tranform: pSphere8 -0.01012609706 -0.1888050396 -0.009548663847 0 0.03744714034 -0.0008368671666 -0.02316435501 0 0.06024190604 -0.008171083058 0.09768133927 0 -6.946531932 0.0271905685 -0.3102687745 1


mesh: pSphereShape10 tranform: pSphere10 0.07864092454 -0.006549240074 -0.1656482924 0 -0.002672844343 0.1545903799 -0.007380966286 0 0.2016291345 0.008041268084 0.09540477074 0 -7.443098121 1.476331807 0.01791320038 1


mesh: pSphereShape11 tranform: pSphere11 0.0202100264 0.0005964271947 -0.0391251213 0 0.09621241842 0.1320261037 0.05171100837 0 0.07894267379 -0.07306379114 0.03966393555 0 -7.401392187 1.284553213 0.08162058403 1


mesh: pSphereShape12 tranform: pSphere12 0.1604245123 0.007351290192 -0.2726564596 0 0.01902029489 0.1639451735 0.01561133041 0 0.2228810164 -0.03824693443 0.1301066334 0 -7.505841257 0.8567752879 0.02172481851 1


mesh: pSphereShape13 tranform: pSphere13 0.1082190306 0.006044166891 -0.1903963787 0 0.03303807992 0.2026550734 0.02521177187 0 0.167265836 -0.03894255088 0.09383566777 0 -7.492822392 0.6275068588 0.0125846162 1


mesh: pSphereShape14 tranform: pSphere14 0.1076881595 0.002942308626 -0.1936069458 0 0.03673660304 0.237622143 0.02404487519 0 0.1644227974 -0.03462099937 0.09092918999 0 -7.513137331 0.4349290356 -0.00337024665 1


mesh: pSphereShape15 tranform: pSphere15 0.06271535536 0.0006195264836 -0.1381942554 0 -0.02784072742 0.3788519229 -0.01093628899 0 0.170712248 0.01478345822 0.07753895418 0 -7.593079319 -0.1460046191 0.1648915209 1


mesh: pSphereShape16 tranform: pSphere16 0.04202147997 0.002949261942 -0.090932705 0 0.06806981293 0.3536992443 0.04292785528 0 0.07392494876 -0.01830107052 0.03356835258 0 -7.612731546 -0.8489619594 0.1848180721 1


mesh: pSphereShape17 tranform: pSphere17 0.04193560288 0.01622826282 -0.1029824827 0 -0.007361935074 0.1029294132 0.01322203881 0 0.2575689929 0.004850957763 0.1056493622 0 -7.503993349 -1.304817324 0.2189800158 1


mesh: pSphereShape18 tranform: pSphere18 0.05908363168 0.01773683041 -0.1119748271 0 -0.1273965397 0.334526235 -0.01423190524 0 0.11868154 0.04818600108 0.07025510581 0 -7.329922842 -0.1565273371 -0.1485653194 1


mesh: pSphereShape19 tranform: pSphere19 0.03717508042 0.007934028163 -0.07764626485 0 0.2560713202 0.3094449295 0.1542201255 0 0.06838138702 -0.06937064319 0.02565087875 0 -7.367365272 -0.7611295865 -0.2627924712 1


mesh: pSphereShape20 tranform: pSphere20 0.005544087121 0.04594806118 -0.1057333393 0 0.03772395306 0.06598014268 0.03065073453 0 0.2321628113 -0.1151479676 -0.03786596577 0 -7.423337576 -1.181699534 -0.4108373196 1


mesh: pSphereShape21 tranform: pSphere21 0.1283399056 0.003506565746 -0.230735647 0 -0.06343706693 0.1267742511 -0.03335836935 0 0.2005878637 0.1302517458 0.1135505681 0 -7.580751058 0.2733642523 -0.04817498599 1


