mesh: pSphereShape1 tranform: pSphere1 -0.03759604165 0.1391222848 -0.0281009316 0 0.08199091882 0.02089811908 -0.006232530904 0 -0.003410441169 -0.03093642912 -0.1485974797 0 3.607973781 -0.07610337241 1.345327507 1


mesh: pSphereShape2 tranform: pSphere2 -0.04313986357 0.2514079153 -0.04923971474 0 0.1384006313 0.02431008902 0.00286688192 0 0.00694488621 -0.02423071154 -0.1298016073 0 3.503451546 0.2549585254 1.282719807 1


mesh: pSphereShape3 tranform: pSphere3 -0.04245688422 0.2728237735 -0.1000149974 0 0.1314450225 0.023754288 0.008998534307 0 0.01638415037 -0.0432918517 -0.1250479092 0 3.419433148 0.7068660116 1.173679137 1


mesh: pSphereShape4 tranform: pSphere4 -0.1328066489 0.01722116343 -0.1213845564 0 0.02343993727 0.1467585023 -0.004824562402 0 0.1137223208 -0.02235806466 -0.1275954097 0 3.297837625 0.9929813859 0.9925782236 1


mesh: pSphereShape5 tranform: pSphere5 -0.1208745816 0.01783883065 -0.1412844683 0 0.02350322911 0.1365018744 -0.002872992106 0 0.1313114107 -0.02504056416 -0.1155038937 0 3.105749578 1.040150639 0.7738469525 1


mesh: pSphereShape6 tranform: pSphere6 -0.05370501893 -0.2318502128 -0.1198758155 0 -0.02452123704 0.05219158409 -0.08995739748 0 0.0999108494 -0.006970691304 -0.03127868437 0 3.004348076 0.7718914652 0.6010660961 1


mesh: pSphereShape7 tranform: pSphere7 0.01573493038 -0.1856705473 -0.1687687078 0 -0.0181344867 0.06560590489 -0.07386694676 0 0.1248083321 0.02126279027 -0.01175587296 0 3.026291307 0.3840855214 0.338939107 1


mesh: pSphereShape8 tranform: pSphere8 -0.02448612548 -0.1862571476 -0.02344701346 0 -0.006771837044 0.00631047793 -0.04305689376 0 0.1127079254 -0.0123575691 -0.01953744913 0 3.045247581 0.08618444521 0.1562459129 1


mesh: pSphereShape10 tranform: pSphere10 -0.1524466094 0.01896339683 -0.1003347656 0 0.01747782314 0.1537791887 0.002509009719 0 0.1216328775 -0.0107757534 -0.1868431599 0 3.27400385 1.440041684 0.8736870444 1


mesh: pSphereShape11 tranform: pSphere11 -0.03360602135 0.006735016154 -0.0276559378 0 0.09149106234 0.1193735315 -0.08210417407 0 0.04175352576 -0.08035683228 -0.0703058582 0 3.316402643 1.238947934 0.8451083551 1


mesh: pSphereShape12 tranform: pSphere12 -0.2082607645 0.02966161637 -0.2363879291 0 0.01914065289 0.1646291108 0.003794265335 0 0.1941025133 -0.01857242272 -0.1733372175 0 3.199195458 0.824443139 0.9103599672 1


mesh: pSphereShape13 tranform: pSphere13 -0.146399166 0.0219900693 -0.1615004415 0 0.03004514651 0.2046780761 0.0006334390657 0 0.1427931242 -0.02055166236 -0.1322394327 0 3.198211541 0.5986016492 0.8701693086 1


mesh: pSphereShape14 tranform: pSphere14 -0.148691258 0.01730345008 -0.1633418096 0 0.03011909342 0.2397514911 -0.002019800896 0 0.1396232562 -0.01862774007 -0.1290733943 0 3.180559382 0.404765275 0.8632728019 1


mesh: pSphereShape15 tranform: pSphere15 -0.09845203156 0.01045756793 -0.1150177752 0 -0.009239254247 0.3775634391 0.0422371121 0 0.1430577063 0.01702612261 -0.1209053989 0 3.307008967 -0.1873098859 0.9630737589 1


mesh: pSphereShape16 tranform: pSphere16 -0.06404907874 0.01036761223 -0.0763772734 0 0.09777853179 0.3475725566 -0.03481568894 0 0.05995074605 -0.02220298929 -0.05328786767 0 3.277826228 -0.8856529065 0.9589610925 1


mesh: pSphereShape17 tranform: pSphere17 -0.06243824937 0.002611979643 -0.09339157153 0 0.008977246579 0.1036014317 -0.003104335062 0 0.2302483769 -0.02458459482 -0.1546233755 0 3.338288603 -1.356383745 0.898333662 1


mesh: pSphereShape18 tranform: pSphere18 -0.07637646523 0.006894653296 -0.1022884739 0 -0.114448907 0.322112834 0.1071680792 0 0.1074572153 0.06345208991 -0.075958921 0 3.172171037 -0.1705490825 0.6313800685 1


mesh: pSphereShape19 tranform: pSphere19 -0.05407367273 0.0001496900122 -0.06745289737 0 0.21046562 0.3355608179 -0.1679752745 0 0.06122818539 -0.06304301026 -0.04922353075 0 3.13445115 -0.781921817 0.6202873712 1


mesh: pSphereShape20 tranform: pSphere20 -0.08688214888 0.02516684289 -0.07169116053 0 0.0378132692 0.06947327668 -0.02143744129 0 0.1229700486 -0.1266333381 -0.1934808042 0 3.057378422 -1.229219894 0.6397990867 1


mesh: pSphereShape21 tranform: pSphere21 -0.177206316 0.02062179501 -0.1946664566 0 -0.05436665181 0.1199362978 0.06219569636 0 0.1695767623 0.1487476166 -0.1386095526 0 3.119426765 0.2377338929 0.8956082398 1


