mesh: pSphereShape1 tranform: pSphere1 -0.0675350239 0.1300901111 0.008585940821 0 0.07527953497 0.03912358475 -0.0006506325349 0 -0.005125566122 0.007341911023 -0.1515576776 0 4.064535841 -0.05251352094 0.9003261984 1


mesh: pSphereShape2 tranform: pSphere2 -0.09266147888 0.2426935794 0.0022834308 0 0.1296765441 0.0497142736 -0.02159673814 0 -0.01939182715 -0.006174630532 -0.1306508594 0 3.895665522 0.2568393926 0.9189197724 1


mesh: pSphereShape3 tranform: pSphere3 -0.08886459718 0.2733241609 -0.06029415021 0 0.127511914 0.03846100729 -0.01358294828 0 -0.004726449692 -0.03016920533 -0.1297963178 0 3.734065133 0.6969729738 0.8899077544 1


mesh: pSphereShape4 tranform: pSphere4 -0.1510213092 0.005877969537 -0.09912819298 0 0.01404228691 0.1474910734 -0.01264762808 0 0.09329497792 -0.02117837523 -0.1433902417 0 3.556913508 0.9739944892 0.7547159414 1


mesh: pSphereShape5 tranform: pSphere5 -0.1428654085 0.006301259144 -0.1201663784 0 0.01248716791 0.1377657288 -0.007621822326 0 0.1126905492 -0.01767785979 -0.1349044079 0 3.328859229 1.003499034 0.5698585513 1


mesh: pSphereShape6 tranform: pSphere6 -0.06313434896 -0.2504005536 -0.06574631659 0 -0.0441638395 0.03497496409 -0.09079588671 0 0.09225226965 -0.01042375211 -0.04888750963 0 3.213176071 0.7113467251 0.4576366029 1


mesh: pSphereShape7 tranform: pSphere7 -0.02299812326 -0.2187478569 -0.1217558143 0 -0.03483063045 0.04858927543 -0.08071697271 0 0.1186933343 0.01200641047 -0.04399051104 0 3.190104493 0.276561352 0.2775672641 1


mesh: pSphereShape8 tranform: pSphere8 -0.03764701435 -0.1842044568 0.02219185011 0 -0.006091174319 -0.003987857741 -0.04343467043 0 0.111628011 -0.0244298472 -0.0134114732 0 3.175815998 -0.05598965808 0.17119191 1


mesh: pSphereShape10 tranform: pSphere10 -0.167560072 0.004559094138 -0.0746289572 0 0.007171341263 0.1544796701 -0.006664210766 0 0.09036441905 -0.01298177856 -0.2036830512 0 3.479742596 1.414537364 0.6327919951 1


mesh: pSphereShape11 tranform: pSphere11 -0.03784938839 0.00340531498 -0.0222576647 0 0.06667168248 0.1268306382 -0.09397140987 0 0.0380244941 -0.0765778656 -0.07637708723 0 3.529945003 1.221131085 0.6095631796 1


mesh: pSphereShape12 tranform: pSphere12 -0.2359153822 0.01052466785 -0.2106294717 0 0.01069548402 0.165394407 -0.003715092648 0 0.1730602506 -0.0155626231 -0.1946136325 0 3.456204655 0.7976907283 0.6940299878 1


mesh: pSphereShape13 tranform: pSphere13 -0.1637783459 0.01407963562 -0.1448346949 0 0.01480346224 0.2063154975 0.003316611877 0 0.1292295695 -0.00691248486 -0.1468041233 0 3.465089397 0.5733822067 0.6553041303 1


mesh: pSphereShape14 tranform: pSphere14 -0.1635210343 0.007220724723 -0.149324408 0 0.008465612448 0.2414840738 0.002406735264 0 0.1287405583 -0.003106639794 -0.1411304536 0 3.463462335 0.3794244286 0.6449619997 1


mesh: pSphereShape15 tranform: pSphere15 -0.0993341306 0.01671772985 -0.1135099108 0 0.07619569336 0.3721246101 -0.01187345 0 0.1371001377 -0.03205121178 -0.124698772 0 3.52296716 -0.2125054644 0.8002253561 1


mesh: pSphereShape16 tranform: pSphere16 -0.06401731643 0.01395733958 -0.07583030813 0 0.1669839037 0.3109398327 -0.08373918989 0 0.05130624842 -0.04126315895 -0.0509085662 0 3.343230084 -0.8823146896 0.8945061267 1


mesh: pSphereShape17 tranform: pSphere17 -0.0632970787 0.01115762256 -0.0921755409 0 0.02461147163 0.1009746317 -0.004678002683 0 0.220431097 -0.06108300098 -0.1587643036 0 3.309312118 -1.337955851 0.8870549816 1


mesh: pSphereShape18 tranform: pSphere18 -0.1059899583 -0.007396135329 -0.07110034108 0 -0.08099867452 0.3383197764 0.08555215338 0 0.07471214596 0.04729483712 -0.1162939042 0 3.409295943 -0.2270380515 0.4630122566 1


mesh: pSphereShape19 tranform: pSphere19 -0.07233216853 -0.003756669562 -0.04719981654 0 -0.05072979094 0.4249827228 0.04391703783 0 0.05387497584 0.01508687936 -0.08376240719 0 3.526685099 -0.9282377782 0.3176893383 1


mesh: pSphereShape20 tranform: pSphere20 -0.1101535376 1.571956345e-05 -0.03446299727 0 -0.003483409881 0.08111115074 0.01117096549 0 0.07740499497 0.03739600692 -0.2473913139 0 3.671428938 -1.311872486 0.07472052856 1


mesh: pSphereShape21 tranform: pSphere21 -0.1948800518 0.008605469105 -0.1779608874 0 -0.05905332008 0.1131458704 0.07013893643 0 0.1427872304 0.1664627103 -0.148312888 0 3.420471175 0.2068785729 0.6775495407 1


