mesh: pSphereShape1 tranform: pSphere1 0.1381830006 0.04853460474 0.01039159796 0 -0.02697977067 0.07947303298 -0.01241835723 0 -0.01741095269 0.01749713248 0.1498019153 0 -0.5086548941 0.8272668578 0.3471439305 1


mesh: pSphereShape2 tranform: pSphere2 0.2566856318 0.02773005773 -0.02889753535 0 -0.01641027473 0.1390406107 -0.01234283719 0 0.01331074565 0.013190453 0.1308917572 0 -0.1650676119 0.8580378542 0.329827445 1


mesh: pSphereShape3 tranform: pSphere3 0.2876935874 0.05463227957 0.02204794623 0 -0.02345023894 0.1306180227 -0.0176649998 0 -0.01304050246 0.01548292839 0.1317946457 0 0.3010895159 0.9173017587 0.3054416592 1


mesh: pSphereShape4 tranform: pSphere4 0.1792527158 0.007420295745 0.02194967166 0 -0.007015107943 0.1483598672 0.007134642453 0 -0.02054637688 -0.009190097299 0.1708994628 0 0.6780477862 1.020702982 0.3444401131 1


mesh: pSphereShape5 tranform: pSphere5 0.1855337464 0.007650116827 0.02022112725 0 -0.006962850605 0.1378673381 0.01172746268 0 -0.01841983739 -0.01581550398 0.1749898434 0 0.9702041274 1.052193282 0.3877056562 1


mesh: pSphereShape6 tranform: pSphere6 0.2649085642 -0.01363646683 -0.02542559267 0 0.005505840681 0.1067110767 0.0001330270319 0 0.009991318222 -0.0006457126584 0.1044455891 0 1.299216605 0.9914948558 0.3729205522 1


mesh: pSphereShape7 tranform: pSphere7 0.2494476475 0.02383693614 0.02029010856 0 -0.009935684948 0.09983460391 0.004863559908 0 -0.009615844685 -0.007123806526 0.1265867824 0 1.769095132 0.9830578993 0.4216959679 1


mesh: pSphereShape8 tranform: pSphere8 0.1735575598 -0.04211745924 -0.06280884377 0 0.008283851203 0.04285735118 -0.005848185041 0 0.04054435078 0.006826513479 0.1074572111 0 2.115827736 0.990976704 0.4104037378 1


mesh: pSphereShape10 tranform: pSphere10 0.1830371686 0.01258385276 -0.002384507104 0 -0.01027870705 0.1532083404 0.01952846462 0 0.004802369362 -0.02789870309 0.2214037935 0 0.7854690651 1.455366746 0.4604362371 1


mesh: pSphereShape11 tranform: pSphere11 0.04378016484 0.004343399643 0.002002012808 0 -0.01696689117 0.1115994515 0.1289163951 0 0.005112242142 -0.08625861542 0.07534459073 0 0.765648005 1.252696173 0.4934907113 1


mesh: pSphereShape12 tranform: pSphere12 0.3143041125 0.01260952115 0.0344316046 0 -0.007144726864 0.1655639399 0.004586920501 0 -0.0280633313 -0.008393408822 0.2592460446 0 0.796284742 0.8450578627 0.3598829085 1


mesh: pSphereShape13 tranform: pSphere13 0.2170242612 0.01076780256 0.02798563945 0 -0.01293002946 0.2053714286 0.0212512956 0 -0.02382922154 -0.0214771425 0.1930554719 0 0.8105202694 0.6174762567 0.3922152138 1


mesh: pSphereShape14 tranform: pSphere14 0.2186950437 0.01279688425 0.03313252074 0 -0.01793315182 0.2395894517 0.02583241244 0 -0.02714789208 -0.02228031329 0.1877982084 0 0.8216479838 0.4227513423 0.3827228103 1


mesh: pSphereShape15 tranform: pSphere15 0.151124182 -0.007524801892 0.01166665366 0 0.02257377528 0.3760702523 -0.04985055659 0 -0.01308464437 0.02542658883 0.1858918834 0 0.6264798522 -0.1685423693 0.4014446887 1


mesh: pSphereShape16 tranform: pSphere16 0.09984712109 -0.002370058861 0.00825802604 0 0.003492643126 0.3576547717 0.0604178889 0 -0.007089767981 -0.01374517564 0.08177693356 0 0.5605262595 -0.8684040433 0.4264232485 1


mesh: pSphereShape17 tranform: pSphere17 0.1082055813 0.002238864613 0.03023049318 0 -0.003276712451 0.1039061145 0.004033240609 0 -0.07459733453 -0.01275343216 0.2679546478 0 0.4908763116 -1.340442191 0.5490876051 1


mesh: pSphereShape18 tranform: pSphere18 0.1143023346 0.01336626568 0.055679007 0 0.008362921134 0.3439789743 -0.09974344136 0 -0.06534584146 0.03785241002 0.1250603637 0 0.98779047 -0.1702032098 0.5074686427 1


mesh: pSphereShape19 tranform: pSphere19 0.07850341799 0.006499803409 0.03562083339 0 -0.1191348029 0.363929515 0.1961497882 0 -0.0316535503 -0.05319249794 0.07946621121 0 1.082569895 -0.8281831794 0.4843495285 1


mesh: pSphereShape20 tranform: pSphere20 0.1116971555 0.01133922021 0.026770652 0 -0.01472638414 0.07494707153 0.02969871156 0 -0.04623024424 -0.1027678221 0.2364191109 0 1.128019161 -1.279126081 0.4866254492 1


mesh: pSphereShape21 tranform: pSphere21 0.2606349798 0.01525098883 0.03948646355 0 0.004988310638 0.1216478558 -0.07991038063 0 -0.04146208006 0.1447514524 0.2177674282 0 0.8457600841 0.2567125205 0.3154028562 1


