mesh: pSphereShape1 tranform: pSphere1 0.0599109631 0.1281534643 0.03931285959 0 -0.02676849926 0.03478658181 -0.07260459879 0 -0.1300678484 0.0401883949 0.06720976457 0 -5.460512474 0.1680768767 -0.1345655607 1


mesh: pSphereShape2 tranform: pSphere2 0.0759654859 0.2400310077 0.06407727745 0 -0.1045105318 0.05366940534 -0.07714322952 0 -0.07950877444 -0.003029331759 0.1056077366 0 -5.317633946 0.4736837602 -0.0307114848 1


mesh: pSphereShape3 tranform: pSphere3 0.01186093535 0.2743176028 0.104151664 0 -0.0986246607 0.03583078809 -0.08314063203 0 -0.09000897551 -0.03149373171 0.09319942912 0 -5.223687381 0.9114349572 0.1031261424 1


mesh: pSphereShape4 tranform: pSphere4 -0.01259418316 -0.007480551341 0.1801494182 0 -0.01210299547 0.1481085767 0.005303966449 0 -0.1713829747 -0.0135556855 -0.01254421245 0 -5.239471414 1.179021101 0.3237315376 1


mesh: pSphereShape5 tranform: pSphere5 -0.02287051427 -0.007265408845 0.1852413095 0 -0.01110982774 0.1380349574 0.004042256713 0 -0.1747634254 -0.01341866488 -0.02210317728 0 -5.27806006 1.186929365 0.6172744872 1


mesh: pSphereShape6 tranform: pSphere6 -0.08245349806 -0.235660847 0.09313617584 0 -0.06065552725 0.04986386012 0.07247129324 0 -0.08004753871 0.001202357131 -0.06782381842 0 -5.368492319 0.9052467457 0.7732957303 1


mesh: pSphereShape7 tranform: pSphere7 -0.2157411842 -0.128112904 0.01571121122 0 -0.03762698424 0.07078571906 0.06052199784 0 -0.04464101103 0.06276847257 -0.1011668204 0 -5.668177607 0.5766782635 0.8218151212 1


mesh: pSphereShape8 tranform: pSphere8 -0.09920162592 -0.1598588112 -0.02110108271 0 -0.02929883265 0.01427153277 0.02962225121 0 -0.06118960606 0.0490817593 -0.08416834855 0 -5.946069215 0.3662575195 0.8170081105 1


mesh: pSphereShape10 tranform: pSphere10 -0.01451087045 -0.00333192544 0.1828796797 0 0.01229896117 0.1542537134 0.003786262669 0 -0.2217992456 0.01810838476 -0.0172690828 0 -5.259628154 1.615288909 0.4752330023 1


mesh: pSphereShape11 tranform: pSphere11 -0.004146942727 -0.001102045463 0.04383108909 0 -0.1010706543 0.138236839 -0.006086796813 0 -0.09194666594 -0.06768397409 -0.01040102775 0 -5.329831015 1.427939728 0.4392336747 1


mesh: pSphereShape12 tranform: pSphere12 -0.03731453581 -0.01299811433 0.3139590498 0 -6.072834193e-05 0.1656398917 0.006850384469 0 -0.2590752927 0.001176448722 -0.03074280762 0 -5.251671908 0.9946120561 0.427109307 1


mesh: pSphereShape13 tranform: pSphere13 -0.02896947201 -0.01204838795 0.2168277602 0 -0.008419332748 0.2064419858 0.01034641278 0 -0.1938206174 -0.006588418085 -0.02626167776 0 -5.293876377 0.769193381 0.4190240243 1


mesh: pSphereShape14 tranform: pSphere14 -0.02896178274 -0.004536742094 0.2196125667 0 -0.00834927287 0.2414688311 0.003887172744 0 -0.1892995187 -0.006141496658 -0.02509106835 0 -5.297831715 0.5744908239 0.4118001448 1


mesh: pSphereShape15 tranform: pSphere15 -0.003365628299 -0.002600124413 0.1517009023 0 0.1314551132 0.3564569699 0.009026060478 0 -0.176418905 0.06513105695 -0.002797686774 0 -5.424684536 0.008637519788 0.222700693 1


mesh: pSphereShape16 tranform: pSphere16 -0.006073846613 0.01035055568 0.09949489508 0 -0.1996926943 0.2997022176 -0.04336893145 0 -0.06929637081 -0.04609073453 0.0005645434042 0 -5.417941016 -0.6153167151 0.2125414631 1


mesh: pSphereShape17 tranform: pSphere17 -0.04299624735 -0.01516245503 0.1027071844 0 -0.06497368858 0.07977492665 -0.01542288455 0 -0.1895740975 -0.1747308952 -0.105156462 0 -5.292360701 -1.125872216 0.1816440895 1


mesh: pSphereShape18 tranform: pSphere18 -0.00787596096 -0.009728896809 0.1272287326 0 0.05085805251 0.3533322058 0.03016683833 0 -0.1443323677 0.02139809237 -0.007298479219 0 -5.36636073 -0.03375914742 0.555045092 1


mesh: pSphereShape19 tranform: pSphere19 -0.003209695429 -0.008217928097 0.0860002405 0 -0.227683965 0.3641168059 0.02629631656 0 -0.08538654616 -0.05279810007 -0.00823202113 0 -5.258415922 -0.7066526812 0.5195961363 1


mesh: pSphereShape20 tranform: pSphere20 0.02075869884 0.007807238019 0.113267929 0 -0.05480358654 0.0606475733 0.005863628956 0 -0.1889403009 -0.1752498303 0.04670670675 0 -5.200727789 -1.205762122 0.5003900004 1


mesh: pSphereShape21 tranform: pSphere21 -0.03451588811 -0.005406769462 0.2617284594 0 0.08872627732 0.1146231624 0.01406880735 0 -0.207072394 0.1632263038 -0.02393610767 0 -5.24260003 0.4025340498 0.4197114498 1


