mesh: pSphereShape1 tranform: pSphere1 -0.1263271808 0.07399079483 -0.01117767867 0 0.03219443304 0.06220026408 0.04788248344 0 0.05165274933 0.06933561702 -0.1247977181 0 2.108997202 0.09054400756 0.2425711052 1


mesh: pSphereShape2 tranform: pSphere2 -0.1790186673 0.1856597393 -0.031214022 0 0.09175538203 0.09615700177 0.04570246231 0 0.04159646385 0.01925650066 -0.1240271642 0 1.822784051 0.2914562703 0.198641424 1


mesh: pSphereShape3 tranform: pSphere3 -0.05099322704 0.2697389365 -0.1043024213 0 0.110007867 0.04470454042 0.0618288528 0 0.07237829207 -0.02822231844 -0.1083719889 0 1.61477464 0.6715960783 0.09784451152 1


mesh: pSphereShape4 tranform: pSphere4 -0.04513820133 -0.0158392157 -0.1742987292 0 0.0373800369 0.1421368351 -0.02259685793 0 0.161190537 -0.04832905994 -0.03735171528 0 1.560803726 0.9239096627 -0.127515743 1


mesh: pSphereShape5 tranform: pSphere5 -0.0420049772 -0.01740210279 -0.1811710188 0 0.03313677285 0.1329549579 -0.02045363137 0 0.1668740709 -0.0468502954 -0.03419005937 0 1.502092833 0.9148141976 -0.4181255302 1


mesh: pSphereShape6 tranform: pSphere6 -0.09997273583 -0.2239187837 -0.1042822698 0 0.04788119944 0.02192244694 -0.09297517376 0 0.0851410172 -0.05265122068 0.03143215888 0 1.384021327 0.637033805 -0.5799470979 1


mesh: pSphereShape7 tranform: pSphere7 -0.02778514507 -0.2227061186 -0.1132871896 0 0.05268942672 0.03345958447 -0.07869943269 0 0.1073374158 -0.0410656829 0.0544032666 0 1.304757912 0.2027284637 -0.7454225856 1


mesh: pSphereShape8 tranform: pSphere8 -0.1207582325 -0.1439994976 -0.02286157873 0 0.02286269698 -0.01360041333 -0.03509845941 0 0.06545361753 -0.06570023525 0.06809405937 0 1.219934812 -0.1202048561 -0.8493430227 1


mesh: pSphereShape10 tranform: pSphere10 -0.009363254657 -0.02096006344 -0.1820429881 0 0.001819882635 0.1537523547 -0.01779634122 0 0.2229000124 -0.003913198123 -0.01101414957 0 1.580648404 1.346396985 -0.3208389135 1


mesh: pSphereShape11 tranform: pSphere11 -0.003948609162 -0.005835264652 -0.04347337325 0 0.1124195467 0.1264309196 -0.02718120634 0 0.08590979705 -0.07587704272 0.002381651246 0 1.636732832 1.156400111 -0.2810864551 1


mesh: pSphereShape12 tranform: pSphere12 -0.04891037821 -0.03176598494 -0.3110149637 0 0.02735687136 0.1621718963 -0.02086582865 0 0.2541394117 -0.04739038331 -0.03512581006 0 1.507423142 0.737456477 -0.2126203685 1


mesh: pSphereShape13 tranform: pSphere13 -0.02245120404 -0.01699935953 -0.2172685821 0 0.04370810561 0.2011851439 -0.02025749949 0 0.1902305066 -0.04296896455 -0.01629531065 0 1.509292214 0.5083686107 -0.1992294692 1


mesh: pSphereShape14 tranform: pSphere14 -0.01366294192 -0.00238016549 -0.2211259939 0 0.05059733103 0.2362197918 -0.005668942714 0 0.186446868 -0.04020225393 -0.01108745593 0 1.479598335 0.3165439141 -0.1883892178 1


mesh: pSphereShape15 tranform: pSphere15 -0.007569551598 0.004412446676 -0.1515073729 0 0.02229271195 0.3792464806 0.009931259518 0 0.187520097 -0.01076917747 -0.009682442794 0 1.442123837 -0.287309093 -0.01947005948 1


mesh: pSphereShape16 tranform: pSphere16 0.005500267205 0.01320287049 -0.0991901761 0 0.3292023051 0.1475443818 0.03789397453 0 0.03465138109 -0.07523594809 -0.008092924676 0 1.166167725 -0.817850446 -0.02655887145 1


mesh: pSphereShape17 tranform: pSphere17 0.03815063063 -0.02624913416 -0.1023858164 0 0.09759028783 0.0161789415 0.03221586676 0 0.01931215443 -0.2672486948 0.07571183187 0 0.7533617978 -1.188009418 -0.02039969687 1


mesh: pSphereShape18 tranform: pSphere18 0.005862461435 -0.002144920145 -0.1276904987 0 -0.178005223 0.3106043737 -0.01338995737 0 0.1266046585 0.07275414956 0.004590498849 0 1.612631136 -0.2315495921 -0.3519579861 1


mesh: pSphereShape19 tranform: pSphere19 0.002437678545 -0.004245463562 -0.0863128705 0 0.1108086175 0.4153728974 -0.01730141406 0 0.0972892435 -0.02578647659 0.004016034298 0 1.73477284 -0.8918716568 -0.342337111 1


mesh: pSphereShape20 tranform: pSphere20 -0.02160363641 -0.002027182357 -0.113360812 0 0.007105475013 0.08159375819 -0.002813225488 0 0.2562687611 -0.02398587215 -0.04840926334 0 1.853238718 -1.323226808 -0.3348211659 1


mesh: pSphereShape21 tranform: pSphere21 -0.01628313349 -0.002836618397 -0.263532122 0 -0.06780181897 0.1288557842 0.002802358118 0 0.2337409953 0.123333677 -0.01576994248 0 1.393965939 0.1573546835 -0.1855358686 1


