mesh: pSphereShape1 tranform: pSphere1 -0.0110660109 0.143094023 -0.0309802971 0 0.07674534043 -0.001885172165 -0.03612042968 0 -0.06370516862 -0.0338488275 -0.1335882222 0 -7.700509982 -0.06198964496 0.5931622071 1


mesh: pSphereShape2 tranform: pSphere2 0.006760200502 0.2516797896 -0.06405560403 0 0.1347105113 -0.01324790221 -0.03783524036 0 -0.03755657121 -0.03032198067 -0.1231011679 0 -7.736905226 0.2824079725 0.5256430218 1


mesh: pSphereShape3 tranform: pSphere3 -0.01501877187 0.2755103909 -0.100532876 0 0.1298925169 -0.004627549322 -0.03208665791 0 -0.03156031444 -0.04592355419 -0.1211386731 0 -7.747776405 0.7406467999 0.4052763572 1


mesh: pSphereShape4 tranform: pSphere4 -0.1623404632 0.01381888885 -0.07824958336 0 0.02086196394 0.1461866216 -0.0174646836 0 0.07181879093 -0.02865430342 -0.1540591771 0 -7.8714648 1.024118467 0.2505441705 1


mesh: pSphereShape5 tranform: pSphere5 -0.1586270124 0.01435998643 -0.09757792291 0 0.02045380491 0.1363868187 -0.01317934489 0 0.08956301615 -0.02789781603 -0.1497031859 0 -8.121364281 1.065811301 0.09915606479 1


mesh: pSphereShape6 tranform: pSphere6 -0.1114510624 -0.2308840872 -0.07266471206 0 -0.0523501164 0.05000468395 -0.07859123853 0 0.08025487933 -0.01825923338 -0.06507594949 0 -8.293664072 0.7961386115 -0.00948119377 1


mesh: pSphereShape7 tranform: pSphere7 -0.06070026781 -0.1935633137 -0.148501643 0 -0.03946851338 0.06369579397 -0.06689097451 0 0.1128216667 0.009067593599 -0.05793510882 0 -8.39837123 0.3966514237 -0.2303242889 1


mesh: pSphereShape8 tranform: pSphere8 -0.03894197431 -0.1852629073 0.001495199028 0 -0.02559652494 0.005094045529 -0.035474563 0 0.09058599566 -0.01959125581 -0.06817520053 0 -8.471997465 0.0911672155 -0.3846345786 1


mesh: pSphereShape10 tranform: pSphere10 -0.1142767883 0.02389630605 -0.1415500849 0 0.01463003022 0.1534507236 0.01409418151 0 0.1733509609 -0.003617038706 -0.1405610243 0 -7.917560262 1.471934533 0.1841221114 1


mesh: pSphereShape11 tranform: pSphere11 -0.03161481874 0.00403329107 -0.03039427263 0 0.08786859597 0.1268076976 -0.07456988388 0 0.05398375927 -0.07638795336 -0.06628819972 0 -7.884194892 1.276309926 0.1371737504 1


mesh: pSphereShape12 tranform: pSphere12 -0.2753267895 0.02330506406 -0.1542194654 0 0.01645089603 0.1649032134 -0.004450102547 0 0.1259617553 -0.01871096973 -0.2277060547 0 -7.987668679 0.8534968407 0.2037988508 1


mesh: pSphereShape13 tranform: pSphere13 -0.1918783153 0.01264452798 -0.10498333 0 0.01921521297 0.2057183485 -0.01034232082 0 0.0926904376 -0.01727939781 -0.1714917487 0 -7.994797577 0.6274462325 0.1680446045 1


mesh: pSphereShape14 tranform: pSphere14 -0.1953702986 0.01067818435 -0.1039493585 0 0.01819323833 0.2407727638 -0.009460399385 0 0.08895278413 -0.01334428557 -0.1685553907 0 -8.005944235 0.4334782255 0.1663935058 1


mesh: pSphereShape15 tranform: pSphere15 -0.1344662829 0.03304253128 -0.06211490745 0 0.06134348739 0.3695800474 0.06380480477 0 0.08173799091 0.01555290357 -0.1686728185 0 -7.906863989 -0.1581154303 0.1830855682 1


mesh: pSphereShape16 tranform: pSphere16 -0.08810484563 0.0239637429 -0.04131022835 0 0.106826812 0.345569317 -0.0273739835 0 0.0311812705 -0.01562506496 -0.07556617789 0 -8.018683815 -0.8521612294 0.1298715062 1


mesh: pSphereShape17 tranform: pSphere17 -0.0997909884 0.009449569587 -0.0507918037 0 0.009026614164 0.1036321178 0.001545606836 0 0.1257125519 -0.007246096309 -0.2483363728 0 -8.040525888 -1.309607477 -0.01477236061 1


mesh: pSphereShape18 tranform: pSphere18 -0.1128695238 0.04339830132 -0.04148361867 0 0.02635337508 0.2803001182 0.2215345813 0 0.06775890158 0.07627316893 -0.1045663114 0 -8.201173434 -0.08916741515 -0.1313518895 1


mesh: pSphereShape19 tranform: pSphere19 -0.07890924141 0.0240200831 -0.02588909191 0 0.1723819732 0.3234921283 -0.2252772309 0 0.008026058109 -0.0602258229 -0.08034115044 0 -8.374829953 -0.6384522829 -0.2194196387 1


mesh: pSphereShape20 tranform: pSphere20 -0.1040730557 0.04891974369 0.009856877051 0 0.02289633228 0.05916330515 -0.0518787498 0 -0.08641921033 -0.1432491389 -0.2015039976 0 -8.577969118 -1.087705518 -0.1708726145 1


mesh: pSphereShape21 tranform: pSphere21 -0.2328371643 0.01272597822 -0.1238841013 0 -0.03509664513 0.1178242634 0.07806677558 0 0.1073361499 0.1550812591 -0.1858049887 0 -8.046058077 0.2641999698 0.2155667893 1


