mesh: pSphereShape1 tranform: pSphere1 0.004526954707 0.142315393 -0.03583253302 0 0.03453681483 0.01788617889 0.07540145634 0 0.1385943878 -0.01924286411 -0.0589169973 0 -7.56629147 -0.04562525341 0.5929760539 1


mesh: pSphereShape2 tranform: pSphere2 0.02671704288 0.2549366427 -0.04224979321 0 0.07002497599 0.01274652855 0.1211939063 0 0.1138372362 -0.02243943691 -0.06341428409 0 -7.560006594 0.294216506 0.4981505991 1


mesh: pSphereShape3 tranform: pSphere3 0.07445927757 0.2766299941 -0.06457600557 0 0.06093533286 0.01130007885 0.1186685603 0 0.1138119947 -0.04331393713 -0.05431700579 0 -7.494856876 0.7528964679 0.4075615914 1


mesh: pSphereShape4 tranform: pSphere4 0.05577494492 0.007296933556 -0.1717681439 0 0.03351577406 0.1438702101 0.01699472178 0 0.1592929903 -0.04300277914 0.04989731588 0 -7.371892135 1.030551533 0.2344751814 1


mesh: pSphereShape5 tranform: pSphere5 0.07524686453 0.005627353984 -0.1708696333 0 0.03057491434 0.1339367744 0.01787547628 0 0.1569258617 -0.0448487827 0.06762933155 0 -7.252846059 1.058448213 -0.03425133201 1


mesh: pSphereShape6 tranform: pSphere6 0.03135643494 -0.2485996541 -0.09068598213 0 0.07419128328 0.03443875797 -0.06875471847 0 0.07449333342 -0.01684839389 0.07194441855 0 -7.198815615 0.7691311477 -0.191430735 1


mesh: pSphereShape7 tranform: pSphere7 0.1175058975 -0.2150414448 -0.05615654871 0 0.06601814542 0.05074483784 -0.05617727383 0 0.07517609933 0.01457092545 0.1015069888 0 -7.037432611 0.3375517716 -0.2751313424 1


mesh: pSphereShape8 tranform: pSphere8 -0.02551411383 -0.1871802939 -0.01239457033 0 0.03243264741 -0.002454629622 -0.02969299892 0 0.07627627534 -0.0160014592 0.08463675919 0 -6.926864318 0.009624836907 -0.3270631479 1


mesh: pSphereShape10 tranform: pSphere10 0.05889087208 -0.01172224942 -0.1733813669 0 0.001359728914 0.1544614335 -0.009981233039 0 0.2113881084 0.00276675978 0.07161321674 0 -7.280587115 1.473737907 0.09578148197 1


mesh: pSphereShape11 tranform: pSphere11 0.01491394236 -0.0009559759687 -0.04142748414 0 0.1061178612 0.1298509842 0.03520612645 0 0.08121179413 -0.07476307329 0.0309615644 0 -7.237237878 1.282046991 0.1559037915 1


mesh: pSphereShape12 tranform: pSphere12 0.1183879585 0.009668227775 -0.2932958015 0 0.02484973139 0.1631825289 0.0154096813 0 0.23876705 -0.04531995008 0.09488366304 0 -7.360234233 0.8571110747 0.1134709884 1


mesh: pSphereShape13 tranform: pSphere13 0.08070028629 0.01391567283 -0.2032055349 0 0.04132947787 0.2004486535 0.03014031375 0 0.1776916629 -0.04676664741 0.06736518625 0 -7.354216302 0.6278521405 0.09536291787 1


mesh: pSphereShape14 tranform: pSphere14 0.08249830214 0.01266049218 -0.2052383697 0 0.04391815115 0.2354312784 0.03217648226 0 0.1738824056 -0.04163806277 0.06732583623 0 -7.380709608 0.4368954459 0.07271162463 1


mesh: pSphereShape15 tranform: pSphere15 0.05615287396 0.003115478437 -0.1409553135 0 0.02115081604 0.3790695778 0.01680434845 0 0.1744163148 -0.01279951691 0.06919995056 0 -7.499520177 -0.1545836428 0.2155475075 1


mesh: pSphereShape16 tranform: pSphere16 0.03755319424 0.003390825407 -0.09285213874 0 0.09324739886 0.3469093033 0.05038167806 0 0.07413711572 -0.02415415424 0.02910200049 0 -7.590614248 -0.8566426251 0.199117491 1


mesh: pSphereShape17 tranform: pSphere17 0.04123188385 0.01537178541 -0.1033972099 0 -0.005500371723 0.1030576935 0.01312791769 0 0.2585974177 0.0006534033028 0.1032184783 0 -7.510097874 -1.308257349 0.223147144 1


mesh: pSphereShape18 tranform: pSphere18 0.05912659152 0.01164846977 -0.1127483566 0 -0.1659158944 0.312762753 -0.05469555414 0 0.1104526361 0.06998738377 0.06515335607 0 -7.177782642 -0.1241032222 -0.04354261649 1


mesh: pSphereShape19 tranform: pSphere19 0.0381171262 0.003868051617 -0.07749839172 0 0.1763832005 0.37795044 0.105617063 0 0.08042763511 -0.0479201914 0.03716609441 0 -7.111970872 -0.7563138379 -0.07592585849 1


mesh: pSphereShape20 tranform: pSphere20 0.01020887663 0.01205497279 -0.1143326582 0 0.02537414798 0.0772254254 0.01040815429 0 0.2479515396 -0.08327065448 0.0133599728 0 -7.077151117 -1.205244854 -0.1295082484 1


mesh: pSphereShape21 tranform: pSphere21 0.09831929862 0.01508844036 -0.244597671 0 -0.06474404594 0.1291935417 -0.0180552011 0 0.2156909686 0.121253254 0.0941795854 0 -7.456441377 0.278931519 0.02805340147 1


