mesh: pSphereShape1 tranform: pSphere1 -0.07616028611 0.1251609028 -0.009617382921 0 0.05156065599 0.03576233632 0.05710201964 0 0.09129632711 0.04695940223 -0.1118467699 0 0.5111630135 0.1456969352 0.3529355308 1


mesh: pSphereShape2 tranform: pSphere2 -0.1045222955 0.2372009231 -0.0173881864 0 0.1188661619 0.05603258952 0.04985096442 0 0.04634924765 0.01138422943 -0.1233124594 0 0.3265362049 0.4448869163 0.3214009463 1


mesh: pSphereShape3 tranform: pSphere3 -0.05008044059 0.2803791828 -0.07153923031 0 0.1164838178 0.03506877934 0.05589932624 0 0.06166544108 -0.01876810993 -0.1167250437 0 0.1793396998 0.8830549785 0.2599659683 1


mesh: pSphereShape4 tranform: pSphere4 -0.04910093906 0.00639976501 -0.1738290131 0 0.01838801471 0.1475553764 0.000238458151 0 0.1645176184 -0.02042549588 -0.04722277246 0 0.1183015155 1.165028686 0.06856240856 1


mesh: pSphereShape5 tranform: pSphere5 -0.03809837409 0.006854214135 -0.1827340225 0 0.01746019441 0.1374273098 0.001514502813 0 0.1715129965 -0.02138787644 -0.03656113567 0 0.0596306969 1.195022306 -0.2198759115 1


mesh: pSphereShape6 tranform: pSphere6 -0.02022004067 -0.2376008348 -0.1189367673 0 0.02974620699 0.04390390389 -0.09276419713 0 0.1004617089 -0.01994894425 0.02277299131 0 0.02627038928 0.9150992658 -0.4059133611 1


mesh: pSphereShape7 tranform: pSphere7 0.05146705729 -0.2084786716 -0.1307356202 0 0.03073068608 0.05613558584 -0.07741925551 0 0.1182225053 -0.0001664338915 0.04680638957 0 0.1017019567 0.4949479436 -0.6047478345 1


mesh: pSphereShape8 tranform: pSphere8 -0.05780887749 -0.1768101921 -0.03517595017 0 0.02733935735 -0.002082101225 -0.03446448031 0 0.08307813901 -0.04076389072 0.06836538535 0 0.1411994915 0.1710879955 -0.7298552919 1


mesh: pSphereShape10 tranform: pSphere10 -0.02023200379 -0.005316645264 -0.182288353 0 0.01534915807 0.1539021341 -0.006192317051 0 0.2207383154 -0.02297373563 -0.02382947215 0 0.1743326537 1.599965426 -0.08385111903 1


mesh: pSphereShape11 tranform: pSphere11 -0.005585128909 0.0003299823927 -0.0436837894 0 0.1256873415 0.1154707037 -0.0151973241 0 0.07655457208 -0.0847003772 -0.01042759323 0 0.2158184363 1.400736756 -0.05645323185 1


mesh: pSphereShape12 tranform: pSphere12 -0.06384995343 0.01112859085 -0.3097272162 0 0.007620553988 0.1655483982 0.004377233582 0 0.2552476974 -0.01034848672 -0.05299087974 0 0.0842076362 0.9890974988 -0.04432181518 1


mesh: pSphereShape13 tranform: pSphere13 -0.04522401148 0.008768621158 -0.2141881687 0 0.02047209508 0.2058161378 0.004103370804 0 0.1905059371 -0.01813247918 -0.0409660327 0 0.1113957635 0.76206379 -0.06725672035 1


mesh: pSphereShape14 tranform: pSphere14 -0.0450400977 0.01266444565 -0.2165641885 0 0.02350167542 0.2403240943 0.009166121545 0 0.1861394305 -0.016689127 -0.03968844866 0 0.1033365416 0.5676303291 -0.07546943888 1


mesh: pSphereShape15 tranform: pSphere15 -0.03733606928 0.01711560962 -0.1460969736 0 -0.0225261306 0.3760778049 0.04981511862 0 0.18195665 0.01679749571 -0.04453238525 0 0.1659672886 -0.03342676075 0.04333874584 1


mesh: pSphereShape16 tranform: pSphere16 -0.02231710432 0.01702350854 -0.09620502469 0 0.1614610483 0.3242116552 0.0199145193 0 0.07218581787 -0.03454530479 -0.02285806512 0 0.08701564903 -0.7116176089 0.002940904691 1


mesh: pSphereShape17 tranform: pSphere17 -0.001610977107 0.00133783005 -0.1123519382 0 0.06082962406 0.08439919257 0.0001327671289 0 0.2258469561 -0.1627681231 -0.005176504932 0 0.03735150149 -1.244539326 -0.01065486244 1


mesh: pSphereShape18 tranform: pSphere18 -0.02385041518 0.008896727401 -0.1252830336 0 -0.1642923276 0.3138142967 0.05356160592 0 0.1269306041 0.06973156365 -0.01921221752 0 0.2322234173 0.01185267204 -0.3103698787 1


mesh: pSphereShape19 tranform: pSphere19 -0.01812624839 0.002394472489 -0.08449605596 0 0.1773090379 0.3910850552 -0.02695398301 0 0.0893142711 -0.04189539528 -0.02034710395 0 0.2841308638 -0.6319969866 -0.3691890533 1


mesh: pSphereShape20 tranform: pSphere20 -0.05857407833 0.0119026573 -0.09873654019 0 0.03126586265 0.0751556123 -0.009488053656 0 0.2023425169 -0.1008667082 -0.1321963305 0 0.300196066 -1.103449071 -0.4228103203 1


mesh: pSphereShape21 tranform: pSphere21 -0.05367759943 0.015093152 -0.2580954828 0 -0.08017646519 0.1192528156 0.02364853886 0 0.2143658235 0.1512106745 -0.03574025014 0 0.03666551617 0.3995910643 -0.0756688815 1


