mesh: pSphereShape1 tranform: pSphere1 0.1325854523 0.06216951965 -0.01068566813 0 -0.0335625602 0.07512952233 0.0206687208 0 0.02544508118 -0.02902776334 0.1468326991 0 -1.262157048 0.579624436 0.6172804707 1


mesh: pSphereShape2 tranform: pSphere2 0.2343434463 0.1026435505 -0.04515515392 0 -0.0496775253 0.1275128298 0.03203991087 0 0.03276043966 -0.01906677057 0.1266768643 0 -0.9349118506 0.6904176142 0.5567612647 1


mesh: pSphereShape3 tranform: pSphere3 0.2651163368 0.1257009458 0.01228813634 0 -0.05727817729 0.1183337768 0.02528559737 0 0.005848214516 -0.02512318348 0.1308213608 0 -0.5079888841 0.8804605127 0.5077026678 1


mesh: pSphereShape4 tranform: pSphere4 0.1804442121 0.001538624613 -0.01029096415 0 -0.0010935397 0.1486615368 0.003052327206 0 0.009842266217 -0.003460332145 0.1720592741 0 -0.1474911003 1.040228471 0.5133259285 1


mesh: pSphereShape5 tranform: pSphere5 0.1867799645 0.001616885727 -0.0009054740857 0 -0.001196068168 0.1385336073 0.0006531854147 0 0.000863569866 -0.000825504453 0.1766619333 0 0.1480813905 1.063046171 0.5122464512 1


mesh: pSphereShape6 tranform: pSphere6 0.2284368639 -0.1367055939 0.01171072902 0 0.05293809064 0.09029973725 0.02147328314 0 -0.01471401823 -0.01579132392 0.1026803595 0 0.4399447739 0.8795145721 0.5302192484 1


mesh: pSphereShape7 tranform: pSphere7 0.2032119626 -0.08127052791 0.1237094031 0 0.02824581577 0.09504791778 0.01604329781 0 -0.06577069578 0.001178655756 0.1088129262 0 0.8107327504 0.6620348823 0.7030043865 1


mesh: pSphereShape8 tranform: pSphere8 0.1261863474 -0.1349946786 0.04116430839 0 0.03014479543 0.03086971463 0.008827685765 0 -0.03397984995 0.001751915558 0.1099081365 0 1.081568253 0.5082509712 0.8600377745 1


mesh: pSphereShape10 tranform: pSphere10 0.1824299188 0.00345053084 -0.01934070514 0 -0.001458703159 0.1541710829 0.01374618844 0 0.02380641848 -0.01948630831 0.2210759561 0 -0.01047319609 1.475449746 0.5767728481 1


mesh: pSphereShape11 tranform: pSphere11 0.04388364353 0.00195418375 -0.003159589446 0 0.002711848898 0.1262938211 0.1157767962 0 0.009499254763 -0.07731557691 0.08411632915 0 -0.03405599087 1.283727842 0.6158148077 1


mesh: pSphereShape12 tranform: pSphere12 0.3163544147 0.0027188102 -0.006641003913 0 -0.001387231818 0.1657661234 0.00178131463 0 0.005498965975 -0.002756773205 0.2608230686 0 -0.03412726983 0.8608234413 0.5124779822 1


mesh: pSphereShape13 tranform: pSphere13 0.2189859214 0.003701753095 -0.005489517467 0 -0.003538873987 0.2068352647 -0.00169605067 0 0.004875621 0.001687625152 0.1956345954 0 -0.02193871808 0.6376652278 0.5575612341 1


mesh: pSphereShape14 tranform: pSphere14 0.2214765644 0.002745915543 -0.005444051645 0 -0.003092579467 0.2415922081 -0.003956993376 0 0.004654674005 0.003187454874 0.1909705779 0 -0.01884698075 0.443465893 0.5713532609 1


mesh: pSphereShape15 tranform: pSphere15 0.1517517581 0.001626356951 0.0001036089703 0 -0.004077334838 0.379918415 0.008298267344 0 -8.435438213e-05 -0.004107979073 0.1880335849 0 -0.2017844972 -0.1594797442 0.5668376213 1


mesh: pSphereShape16 tranform: pSphere16 0.10021047 0.001057095742 6.333717039e-05 0 -0.003814299072 0.358148509 0.0573981899 0 8.697899651e-05 -0.01316922231 0.08217801132 0 -0.2314859835 -0.8705935572 0.5357797294 1


mesh: pSphereShape17 tranform: pSphere17 0.1104030854 -0.0001895770599 0.02093957632 0 0.0002595109257 0.1040347795 -0.0004263791742 0 -0.0518821031 0.001250574654 0.2735576522 0 -0.2784689291 -1.333559716 0.6695606359 1


mesh: pSphereShape18 tranform: pSphere18 0.1275636039 0.008280381426 -0.001671774516 0 -0.02351376398 0.3562320497 -0.02976670988 0 0.001113446058 0.01223769609 0.145574646 0 0.1777089958 -0.1742131207 0.5803529216 1


mesh: pSphereShape19 tranform: pSphere19 0.08618220375 0.006511451855 -0.002026475907 0 -0.03000056148 0.4217881732 0.07941810738 0 0.003715142266 -0.01837065063 0.09896961514 0 0.2456621176 -0.8923662415 0.5600815939 1


mesh: pSphereShape20 tranform: pSphere20 0.1146393522 0.00209549016 -0.01322603935 0 -0.001363956479 0.08193131725 0.001158561644 0 0.03007182243 -0.003178066788 0.2601500378 0 0.271052556 -1.312884608 0.7102629337 1


mesh: pSphereShape21 tranform: pSphere21 0.2639499227 0.003272509655 -0.006488077033 0 -0.003706135145 0.1101174356 -0.09523217909 0 0.002773261994 0.1732286012 0.2001971543 0 -0.01370748965 0.269103695 0.5238804323 1


