mesh: pSphereShape1 tranform: pSphere1 -0.06639863768 0.07945041063 -0.1041008549 0 -0.02099441784 0.05833739662 0.0579143261 0 0.130094649 0.07350342103 -0.02687999517 0 0.1514645856 0.2025024999 1.517774606 1


mesh: pSphereShape2 tranform: pSphere2 -0.1050357751 0.1742263475 -0.1615679517 0 0.000252888599 0.09565040919 0.1029799468 0 0.1209370287 0.03902230736 -0.03654190333 0 0.0001021539175 0.3971397472 1.265180099 1


mesh: pSphereShape3 tranform: pSphere3 -0.03273324399 0.2512284189 -0.1484965132 0 0.002071612428 0.06831363387 0.1151172864 0 0.1324931894 0.01173675911 -0.009349205807 0 -0.1355301672 0.749513117 0.9982582139 1


mesh: pSphereShape4 tranform: pSphere4 0.1312730668 0.009905971241 -0.1238452205 0 0.01479486174 0.1454161139 0.0273135669 0 0.1172404134 -0.03474824953 0.1214927262 0 -0.05131687844 1.007840704 0.8017913447 1


mesh: pSphereShape5 tranform: pSphere5 0.1522198582 0.007712719418 -0.1079806374 0 0.009146975689 0.1363722943 0.02263510055 0 0.1017221655 -0.03026517601 0.1412355693 0 0.1837729597 1.040697485 0.6269461439 1


mesh: pSphereShape6 tranform: pSphere6 0.09557358503 -0.2467740162 -0.0312607768 0 0.09832825268 0.03973480333 -0.01304936804 0 0.0164437089 -0.006731103469 0.1034089993 0 0.334188707 0.7538576867 0.5530072639 1


mesh: pSphereShape7 tranform: pSphere7 0.1388272702 -0.2059167931 0.03910601288 0 0.0837337246 0.05475344435 -0.008946724793 0 -0.001505063162 0.02274171225 0.1250918697 0 0.5384526278 0.3361632303 0.61609537 1


mesh: pSphereShape8 tranform: pSphere8 0.0006903075575 -0.1880837422 -0.02156588018 0 0.04402343452 2.054697252e-05 0.001229959447 0 -0.003186166883 -0.01311289142 0.1142602219 0 0.6731000895 0.01661024694 0.6626752626 1


mesh: pSphereShape10 tranform: pSphere10 0.1380132997 0.009612734712 -0.120526216 0 0.01226184227 0.152067827 0.02616928579 0 0.1460171718 -0.039998804 0.1640125647 0 0.1091692736 1.439623556 0.8115618215 1


mesh: pSphereShape11 tranform: pSphere11 0.03433438648 0.003213723743 -0.02739339143 0 0.07507547874 0.1107148839 0.1070870528 0 0.05130298319 -0.08710011194 0.05408387487 0 0.1059499346 1.241077779 0.8407799216 1


mesh: pSphereShape12 tranform: pSphere12 0.2580652101 0.01293137921 -0.1826656434 0 0.009371532853 0.1636441752 0.02482465446 0 0.1502593839 -0.0403744666 0.2094242859 0 0.02250398378 0.8352491507 0.7034578074 1


mesh: pSphereShape13 tranform: pSphere13 0.1785235769 0.02286769136 -0.1249202655 0 0.0008370373001 0.2032742234 0.03840724383 0 0.1134388351 -0.03005806321 0.1566130844 0 0.04848065146 0.6085124736 0.6981905408 1


mesh: pSphereShape14 tranform: pSphere14 0.1836060455 0.02320424254 -0.1218171972 0 -0.004573783798 0.2385076616 0.03853819806 0 0.1068718044 -0.02326197285 0.1566489245 0 0.05588253544 0.4165121384 0.6750651046 1


mesh: pSphereShape15 tranform: pSphere15 0.1445151891 1.499227068e-05 -0.04633154169 0 0.01493184259 0.3768553443 0.04669665403 0 0.05694167581 -0.02426305541 0.1776019745 0 -0.1370719357 -0.1828321358 0.7005238501 1


mesh: pSphereShape16 tranform: pSphere16 0.09551149176 0.0006264639623 -0.03033846154 0 0.0313324818 0.3455562224 0.1057763128 0 0.02415345791 -0.02530624829 0.07551732115 0 -0.2071037628 -0.882335076 0.5971963429 1


mesh: pSphereShape17 tranform: pSphere17 0.1102373642 -0.01091792324 0.01886439853 0 0.01025576829 0.1035292401 -1.296454062e-05 0 -0.04651165125 0.004641889525 0.2744853818 0 -0.2936506712 -1.328706938 0.6796658151 1


mesh: pSphereShape18 tranform: pSphere18 0.09172803671 0.01105509616 -0.0883605382 0 -0.1063820861 0.335157157 -0.06850371692 0 0.09205038938 0.05002849108 0.101817751 0 0.2969733267 -0.1697445869 0.614089279 1


mesh: pSphereShape19 tranform: pSphere19 0.06116545632 0.008665354665 -0.06047790038 0 -0.08104692724 0.4219970439 -0.02150402422 0 0.06860974738 0.01683576059 0.07180200232 0 0.4957425376 -0.8622839162 0.6991408092 1


mesh: pSphereShape20 tranform: pSphere20 0.0488391843 0.004143748179 -0.1044943238 0 -0.01489239146 0.08049819771 -0.003768319433 0 0.2324770025 0.04818482226 0.110567278 0 0.7554550018 -1.235112071 0.8458878751 1


mesh: pSphereShape21 tranform: pSphere21 0.218816838 0.02765420369 -0.1451785197 0 -0.05438487092 0.1216279228 -0.05880210208 0 0.1103765829 0.1429475607 0.1935916958 0 0.03450099144 0.2517032748 0.6039094445 1


