mesh: pSphereShape1 tranform: pSphere1 -0.02066044526 0.1422597439 0.02989056868 0 -0.04306567585 0.008987989868 -0.07254412584 0 -0.1290522996 -0.03395545696 0.07240466596 0 4.74350191 -0.09174995234 -0.4246657006 1


mesh: pSphereShape2 tranform: pSphere2 -0.05194048748 0.2527590268 0.03010975493 0 -0.06500099604 0.001486259527 -0.1246057612 0 -0.1142163014 -0.03052498698 0.0592172082 0 4.701168462 0.2491318249 -0.343996131 1


mesh: pSphereShape3 tranform: pSphere3 -0.09708293547 0.272135614 0.05249294589 0 -0.05654854158 0.003225436602 -0.1213049577 0 -0.1125357847 -0.05000931742 0.05113090785 0 4.594684817 0.7041497585 -0.2733045209 1


mesh: pSphereShape4 tranform: pSphere4 -0.04321808004 0.02069810813 0.174276134 0 -0.0239323386 0.1449214971 -0.02314666071 0 -0.1650596974 -0.03316650744 -0.03699347186 0 4.466570096 0.9906149734 -0.1086833238 1


mesh: pSphereShape5 tranform: pSphere5 -0.06685901719 0.01967395032 0.1733003082 0 -0.02059453091 0.1350099246 -0.02327236857 0 -0.1628571059 -0.03498802985 -0.05885802158 0 4.365050932 1.041213366 0.1635591381 1


mesh: pSphereShape6 tranform: pSphere6 -0.05810011548 -0.2381582755 0.1044699659 0 -0.0701441719 0.04611315801 0.06611321867 0 -0.07577326111 -0.01284861799 -0.0714314383 0 4.284735083 0.7675688238 0.3368435557 1


mesh: pSphereShape7 tranform: pSphere7 -0.1411093429 -0.1971093073 0.06663400941 0 -0.06010459856 0.06083822549 0.05268270817 0 -0.0726990298 0.01726577806 -0.102879398 0 4.076720384 0.3618809429 0.4430148968 1


mesh: pSphereShape8 tranform: pSphere8 0.006952446161 -0.1874351246 0.02570594033 0 -0.03525273119 0.002298919233 0.02629707062 0 -0.06883248879 -0.01502797309 -0.09096013629 0 3.931268537 0.05043644124 0.5076571539 1


mesh: pSphereShape10 tranform: pSphere10 -0.02047812567 0.01546289859 0.1816815606 0 -0.01670306841 0.1531609075 -0.0149181849 0 -0.2205002062 -0.02624997901 -0.02261941253 0 4.346054632 1.434679618 -0.02672717184 1


mesh: pSphereShape11 tranform: pSphere11 -0.008690565545 0.005456854383 0.04282841137 0 -0.1220765527 0.1136586415 -0.03925275033 0 -0.07720527812 -0.08461066992 -0.004885762005 0 4.31569619 1.233200843 -0.05123135983 1


mesh: pSphereShape12 tranform: pSphere12 -0.1025390274 0.03364661722 0.2974647266 0 -0.01620263271 0.1632258518 -0.02404789313 0 -0.2454975663 -0.03623330768 -0.0805270383 0 4.452534051 0.8253605887 0.02319086262 1


mesh: pSphereShape13 tranform: pSphere13 -0.06921642727 0.02598209056 0.2062345478 0 -0.02547112854 0.2024542966 -0.03405446109 0 -0.1841089292 -0.03286039481 -0.05765077035 0 4.431274631 0.5989069739 0.05196245024 1


mesh: pSphereShape14 tranform: pSphere14 -0.07039938491 0.02398171388 0.2087051756 0 -0.02848010699 0.2371134163 -0.03685279053 0 -0.1797479231 -0.03046921591 -0.05713053916 0 4.444040656 0.4065454459 0.07909447262 1


mesh: pSphereShape15 tranform: pSphere15 -0.08943564485 0.002281757107 0.1225859326 0 0.02980184249 0.3785754404 0.01469605657 0 -0.1512309057 0.01619986283 -0.1106358408 0 4.50203848 -0.190581482 -0.1005638075 1


mesh: pSphereShape16 tranform: pSphere16 -0.05932978713 0.003083559148 0.08070766869 0 -0.037627193 0.358404113 -0.04135386 0 -0.06651639663 -0.01256979372 -0.04841725716 0 4.502915068 -0.8975786669 -0.1267317437 1


mesh: pSphereShape17 tranform: pSphere17 -0.0982873927 -0.01331588364 0.05281684137 0 -0.007301067907 0.1030371491 0.012390513 0 -0.1335440585 0.01982079878 -0.2435163773 0 4.460408098 -1.346797561 -0.2730631731 1


mesh: pSphereShape18 tranform: pSphere18 -0.01902349418 0.01002282934 0.1260217527 0 0.06810765058 0.3512688921 -0.01765617933 0 -0.1417708849 0.026307147 -0.02349316357 0 4.350556192 -0.1905663748 0.2877415703 1


mesh: pSphereShape19 tranform: pSphere19 -0.01088951283 0.005121316986 0.08560997883 0 -0.2039282233 0.3757414216 -0.04841690169 0 -0.08778303687 -0.04870633234 -0.008252238215 0 4.41961433 -0.8668560785 0.3616831847 1


mesh: pSphereShape20 tranform: pSphere20 0.02589384576 0.0331282041 0.1074873533 0 -0.01617226082 0.0777896141 -0.02007927556 0 -0.2499377276 -0.0337358945 0.07060792115 0 4.395094314 -1.282970788 0.4385741439 1


mesh: pSphereShape21 tranform: pSphere21 -0.08390012847 0.02858077351 0.2487293187 0 0.07474911249 0.1245084683 0.01090708495 0 -0.2110722798 0.1343069586 -0.08663067252 0 4.510449266 0.2446479157 0.1244965235 1


