mesh: pSphereShape1 tranform: pSphere1 -0.01583684275 0.1408437463 -0.03834538277 0 0.05059753567 0.02312860183 0.06405500568 0 0.1207629478 -0.01128276352 -0.09131765664 0 -1.958567966 0.1440375284 0.5405030132 1


mesh: pSphereShape2 tranform: pSphere2 -0.003108853679 0.2527694529 -0.0599122352 0 0.1159837716 0.01965624316 0.07691118914 0 0.07466595761 -0.02429810665 -0.1063880298 0 -2.004185907 0.4794005648 0.4406919711 1


mesh: pSphereShape3 tranform: pSphere3 0.04275807061 0.2722356344 -0.1014785931 0 0.1064378409 0.01315236043 0.08013136221 0 0.07851320734 -0.04825376928 -0.09636832686 0 -1.989091277 0.9320585437 0.3127375893 1


mesh: pSphereShape4 tranform: pSphere4 -0.008311968649 -0.01504757892 -0.1799246135 0 0.02896590873 0.1452237378 -0.01348358813 0 0.1688872063 -0.03414501763 -0.004946434504 0 -1.939649498 1.189414218 0.09050854962 1


mesh: pSphereShape5 tranform: pSphere5 0.009873669663 -0.01644960308 -0.1858012662 0 0.02687993651 0.1354961791 -0.0105674993 0 0.1730570214 -0.03338356608 0.01215198539 0 -1.924408888 1.182505838 -0.2043271885 1


mesh: pSphereShape6 tranform: pSphere6 0.05455701022 -0.2496620494 -0.07550731839 0 0.04566168413 0.03697104728 -0.08925098398 0 0.0923972833 0.005238079109 0.04944116734 0 -1.87158795 0.8850015363 -0.3432729859 1


mesh: pSphereShape7 tranform: pSphere7 0.1943949883 -0.1524069789 -0.04676235869 0 0.02843134977 0.05950934863 -0.07576025319 0 0.07215040301 0.06746115557 0.08006708683 0 -1.60642818 0.5253277387 -0.4118280338 1


mesh: pSphereShape8 tranform: pSphere8 0.08568897833 -0.167681934 0.01952500512 0 0.02169339267 0.006691475801 -0.03773853303 0 0.08552045585 0.05046897326 0.05810879669 0 -1.355516861 0.2850434332 -0.4436606022 1


mesh: pSphereShape10 tranform: pSphere10 0.00821762092 -0.01974241297 -0.1822343331 0 -0.01559756791 0.1530289641 -0.01728179236 0 0.2218450653 0.02345448268 0.00746286687 0 -1.940379428 1.616701502 -0.1006576913 1


mesh: pSphereShape11 tranform: pSphere11 0.001008577301 -0.005405591149 -0.04369597654 0 0.09900881854 0.1390556793 -0.01491716523 0 0.09353340297 -0.0654957907 0.01026133684 0 -1.864391593 1.433908355 -0.05465420825 1


mesh: pSphereShape12 tranform: pSphere12 -0.0008429704198 -0.02809646645 -0.3151848482 0 0.01972916927 0.1639485483 -0.01466760227 0 0.2590405841 -0.03098716873 0.002069472567 0 -1.961556485 1.00155456 -0.004790573158 1


mesh: pSphereShape13 tranform: pSphere13 0.0007209402567 -0.02061617843 -0.2181126429 0 0.03996570949 0.2020869467 -0.01896931607 0 0.1920147654 -0.03758077858 0.004186842169 0 -1.950812385 0.7718720126 0.008078355105 1


mesh: pSphereShape14 tranform: pSphere14 -0.0005502930104 -0.01335617001 -0.2211568589 0 0.04558903145 0.236866562 -0.01441835181 0 0.187622369 -0.03600719199 0.001707706021 0 -1.976827041 0.5793541966 0.02188929326 1


mesh: pSphereShape15 tranform: pSphere15 -0.01814587288 0.001594074109 -0.1506633269 0 -0.1286433724 0.3570755788 0.01927178484 0 0.1755403782 0.06434612876 -0.02046125593 0 -1.856246471 0.02479714629 0.1902649806 1


mesh: pSphereShape16 tranform: pSphere16 -0.009979659172 0.0102866037 -0.09918594633 0 0.1378300974 0.3348836431 0.0208630154 0 0.07653703858 -0.03082191563 -0.01089737438 0 -1.807989786 -0.6313875671 0.1860482069 1


mesh: pSphereShape17 tranform: pSphere17 0.02107165808 -0.0101880353 -0.1099069252 0 0.0493275614 0.09159334853 0.0009667929415 0 0.239525139 -0.1296077056 0.05793665591 0 -1.81659841 -1.155565469 0.2166303581 1


mesh: pSphereShape18 tranform: pSphere18 -0.009185146339 -0.007858329712 -0.1272702335 0 -0.03680162138 0.3558269427 -0.01931462756 0 0.144939905 0.01437452258 -0.01134793216 0 -1.979187798 -0.03232920578 -0.1245548916 1


mesh: pSphereShape19 tranform: pSphere19 -0.007885231231 -0.006161163535 -0.08587048995 0 0.1911272669 0.3828266661 -0.04501826403 0 0.08977538789 -0.04540692135 -0.004985883096 0 -2.077598226 -0.722418148 -0.08793156486 1


mesh: pSphereShape20 tranform: pSphere20 -0.03241888158 0.005880455356 -0.1106161681 0 0.0490205826 0.06475792665 -0.01092413873 0 0.1965655478 -0.1599490622 -0.06611156999 0 -2.090595636 -1.22606803 -0.0686207124 1


mesh: pSphereShape21 tranform: pSphere21 -0.0006558246827 -0.01591753083 -0.2635689061 0 -0.07069184746 0.1271029645 -0.007500140767 0 0.2314695491 0.1282472106 -0.008321096767 0 -2.058925039 0.4183919858 0.0276638332 1


