mesh: pSphereShape1 tranform: pSphere1 0.04349757718 0.1357776631 0.03507879425 0 -0.0632229131 0.03226163983 -0.04647726807 0 -0.09070393182 -0.002390427377 0.1217250481 0 1.994128713 -0.05621941565 -0.4390036239 1


mesh: pSphereShape2 tranform: pSphere2 0.04773447053 0.2487454002 0.05778134141 0 -0.1233813999 0.0367735115 -0.05637972324 0 -0.05848073421 -0.0160709981 0.1174969908 0 2.104070003 0.2668149655 -0.3489100415 1


mesh: pSphereShape3 tranform: pSphere3 0.01154678399 0.2734142755 0.106534989 0 -0.1155232868 0.02874351618 -0.06124715715 0 -0.06718098845 -0.03934280722 0.1082518485 0 2.171948481 0.7146389875 -0.2214865098 1


mesh: pSphereShape4 tranform: pSphere4 0.06050877452 0.01121983177 0.1699446633 0 -0.02394882651 0.1467510458 -0.001161601072 0 -0.1600386591 -0.02565283746 0.05867535624 0 2.210407449 0.9958858905 -0.003833837983 1


mesh: pSphereShape5 tranform: pSphere5 0.0412536574 0.01128638559 0.1818266828 0 -0.02197067415 0.1367422226 -0.003503087533 0 -0.1700103638 -0.0262859773 0.0402043466 0 2.278663341 1.032969533 0.2807304818 1


mesh: pSphereShape6 tranform: pSphere6 0.01302854846 -0.2410063501 0.1129387335 0 -0.02091015111 0.04353560775 0.0953152785 0 -0.1027677736 -0.01327832881 -0.01648014447 0 2.308325996 0.7524034003 0.4620914716 1


mesh: pSphereShape7 tranform: pSphere7 -0.0685749906 -0.204028738 0.1298990439 0 -0.02107773096 0.05768743551 0.07948087336 0 -0.1193843327 0.01365760604 -0.04157255667 0 2.207978112 0.3375259435 0.6572846986 1


mesh: pSphereShape8 tranform: pSphere8 0.02963802645 -0.1860960875 0.01819042144 0 -0.01479639771 0.001694737868 0.04144599483 0 -0.1068590557 -0.02066496767 -0.0373041446 0 2.139393958 0.02022587117 0.7877603047 1


mesh: pSphereShape10 tranform: pSphere10 0.115384476 0.003752185256 0.1426148244 0 -0.006076694424 0.1546679167 0.0008471316052 0 -0.1733273632 -0.007578960572 0.1404322779 0 2.208795479 1.441054592 0.145408449 1


mesh: pSphereShape11 tranform: pSphere11 0.02168496996 0.003696129035 0.03815333167 0 -0.1061910754 0.1255495608 0.04819245985 0 -0.07006499507 -0.07742677199 0.04732317139 0 2.145006776 1.245039643 0.1414259044 1


mesh: pSphereShape12 tranform: pSphere12 0.07273493441 0.01869289482 0.3073952107 0 -0.01587627738 0.1649003406 -0.006271095526 0 -0.2526777068 -0.02200271605 0.06112584139 0 2.259953001 0.823314036 0.1086719607 1


mesh: pSphereShape13 tranform: pSphere13 0.0510911265 0.02106240227 0.2120017537 0 -0.0311972968 0.2041081642 -0.01275981532 0 -0.1880044464 -0.02574358037 0.04786555027 0 2.244928944 0.5961934323 0.1387974965 1


mesh: pSphereShape14 tranform: pSphere14 0.05000662685 0.01633190916 0.2152246555 0 -0.03137410967 0.2393521616 -0.010873124 0 -0.1844636195 -0.0221559957 0.04454068273 0 2.260815469 0.4028660019 0.1510976229 1


mesh: pSphereShape15 tranform: pSphere15 0.03488289646 0.01229200741 0.1471847205 0 -0.01639371377 0.3786625379 -0.02773835822 0 -0.1828627561 -0.004713270647 0.04373224424 0 2.250671839 -0.1891108193 -0.00692794016 1


mesh: pSphereShape16 tranform: pSphere16 0.02201281768 0.01065655007 0.09718607699 0 -0.1236752637 0.3408756187 -0.009364685706 0 -0.07607410951 -0.02704608574 0.02019655007 0 2.339157044 -0.8865420971 0.0006429246894 1


mesh: pSphereShape17 tranform: pSphere17 0.01197757444 0.003156078875 0.1116867044 0 -0.007775136567 0.1037238321 -0.002097235475 0 -0.2760675405 -0.02008392229 0.03017374342 0 2.279902346 -1.346935609 0.02095308767 1


mesh: pSphereShape18 tranform: pSphere18 0.02337675386 0.007273611344 0.1254769084 0 0.1708578278 0.3109058084 -0.04985386937 0 -0.1255972094 0.07210361271 0.01921948368 0 2.139523595 -0.1644674317 0.3639797172 1


mesh: pSphereShape19 tranform: pSphere19 0.01699816093 0.003423134958 0.08469487897 0 -0.02606372334 0.4292858374 -0.01211959927 0 -0.09857374074 -0.005420104333 0.02000269766 0 1.965299582 -0.8345356916 0.4483934829 1


mesh: pSphereShape20 tranform: pSphere20 0.04742876954 0.009452844293 0.1047981671 0 -0.003919026183 0.08166582431 -0.005592652504 0 -0.2384386053 -0.004027487174 0.1082740394 0 1.775508977 -1.260717538 0.5235990205 1


mesh: pSphereShape21 tranform: pSphere21 0.05959657776 0.0194639382 0.2564990627 0 0.07571778571 0.1214773647 -0.02681081463 0 -0.2181190031 0.1447167709 0.03969756356 0 2.332794791 0.2370310795 0.1512225867 1


