mesh: pSphereShape1 tranform: pSphere1 0.1261767235 0.07453683154 0.009045994874 0 -0.02429208538 0.0489941685 -0.06486565064 0 -0.06432747412 0.09707216757 0.09741085715 0 -4.659639363 0.127102326 -0.1134672551 1


mesh: pSphereShape2 tranform: pSphere2 0.1858114206 0.1796792695 0.02609623132 0 -0.08820147975 0.09821859032 -0.04824460246 0 -0.04067352018 0.02412765315 0.1234801085 0 -4.36931361 0.32400221 -0.07544967873 1


mesh: pSphereShape3 tranform: pSphere3 0.06100890003 0.2704065853 0.09693601444 0 -0.1083769342 0.04702745987 -0.0629753279 0 -0.07321655069 -0.02260018929 0.1091245735 0 -4.147305455 0.6987796766 0.01492228498 1


mesh: pSphereShape4 tranform: pSphere4 0.05143114118 0.006304819235 0.1731573618 0 -0.03981236202 0.1431153194 0.006614093569 0 -0.1586736963 -0.04639660614 0.04881855096 0 -4.080441306 0.9700280166 0.2290040718 1


mesh: pSphereShape5 tranform: pSphere5 0.04111999741 0.004748460139 0.1821449622 0 -0.03414675414 0.1342001893 0.004210219063 0 -0.1667400925 -0.04364304885 0.0387800429 0 -4.018628266 0.9968963495 0.5171766542 1


mesh: pSphereShape6 tranform: pSphere6 0.09450695556 -0.2025533313 0.1450846122 0 -0.05699750383 0.03352613411 0.0839337165 0 -0.08057229333 -0.05970289878 -0.03086735956 0 -3.905734192 0.747404446 0.7245905382 1


mesh: pSphereShape7 tranform: pSphere7 0.02764178646 -0.2011790971 0.1482124131 0 -0.06080755772 0.04183651476 0.06812831382 0 -0.1002342319 -0.05486169613 -0.05577382545 0 -3.827419788 0.3461305764 0.9604631129 1


mesh: pSphereShape8 tranform: pSphere8 0.1289783514 -0.1287401023 0.051299403 0 -0.02494303965 -0.01123664966 0.03451316396 0 -0.05335931808 -0.07908436146 -0.06431131183 0 -3.733655019 0.04767949451 1.116403849 1


mesh: pSphereShape10 tranform: pSphere10 0.01652485198 -0.01686815096 0.1819588939 0 0.00916654397 0.153932502 0.01343754541 0 -0.2219058846 0.01136311199 0.02120608948 0 -4.065014059 1.410832921 0.4102268163 1


mesh: pSphereShape11 tranform: pSphere11 0.005473970657 -0.005123509229 0.04339771086 0 -0.1013141213 0.1351715678 0.02873753655 0 -0.09135434086 -0.06918539979 0.003354991404 0 -4.134711434 1.224920217 0.3785165497 1


mesh: pSphereShape12 tranform: pSphere12 0.04334133041 0.004243952149 0.3134248371 0 -0.03398308009 0.1622417741 0.002502435941 0 -0.2528427286 -0.05351077261 0.03568842056 0 -4.017095338 0.7966578116 0.333118105 1


mesh: pSphereShape13 tranform: pSphere13 0.02450070866 0.005626663025 0.2176389843 0 -0.04277773023 0.2024008864 -0.0004170065342 0 -0.1902179595 -0.04015659262 0.02245196299 0 -4.014546114 0.5685200609 0.3449220202 1


mesh: pSphereShape14 tranform: pSphere14 0.02082413272 0.006769801285 0.2204757846 0 -0.03300886485 0.2393418625 -0.004231375646 0 -0.1884091958 -0.02565594315 0.01858319154 0 -3.994001761 0.3778202942 0.3475224142 1


mesh: pSphereShape15 tranform: pSphere15 0.02069706669 0.03196712904 0.1469046832 0 -0.08793789856 0.3636427631 -0.06674095317 0 -0.1811671306 -0.0376235554 0.03371128222 0 -3.91106069 -0.2164047342 0.2351770645 1


mesh: pSphereShape16 tranform: pSphere16 0.01075395977 0.02494900963 0.09646325223 0 -0.2263620438 0.279509211 -0.04705615436 0 -0.06441673218 -0.04883294034 0.01981136237 0 -3.655110681 -0.8547323392 0.3150192667 1


mesh: pSphereShape17 tranform: pSphere17 0.01308336305 0.01137988137 0.1110255239 0 -0.0469850485 0.09273694054 -0.003968573339 0 -0.2462995474 -0.1230057448 0.04163202313 0 -3.553355732 -1.315789866 0.3871074064 1


mesh: pSphereShape18 tranform: pSphere18 0.009910419549 0.001970108533 0.1274430651 0 0.1874629623 0.3046733529 -0.01928764172 0 -0.1239780053 0.07681778275 0.008453458632 0 -4.142828763 -0.1741185349 0.540825188 1


mesh: pSphereShape19 tranform: pSphere19 0.00794705199 0.001916817591 0.08606420875 0 0.1312355248 0.4091930928 -0.02123163721 0 -0.09548050639 0.03104388722 0.008125132263 0 -4.457229401 -0.8227545114 0.5977113277 1


mesh: pSphereShape20 tranform: pSphere20 0.01717022376 -0.01265035795 0.1134312661 0 0.03759034332 0.07278063263 0.002426724643 0 -0.2294397482 0.1169101809 0.04776890566 0 -4.789926742 -1.122617654 0.6283857772 1


mesh: pSphereShape21 tranform: pSphere21 0.02481765164 0.008068070456 0.2627572198 0 0.07689188513 0.1231844162 -0.01104493559 0 -0.2234619224 0.1409895039 0.01677703431 0 -3.920356168 0.2127342449 0.3497989981 1


