mesh: pSphereShape1 tranform: pSphere1 -0.04724760547 0.1362043537 -0.02782395786 0 0.04016887135 -0.001329383293 -0.07471801059 0 -0.1244836585 -0.05664708911 -0.06591533057 0 4.598107497 -0.03593788991 0.430833358 1


mesh: pSphereShape2 tranform: pSphere2 -0.06547212722 0.2419401085 -0.068336825 0 0.09524425438 -0.003403108511 -0.103299976 0 -0.09134761789 -0.04806198337 -0.08264063499 0 4.480445585 0.2924249593 0.3779287549 1


mesh: pSphereShape3 tranform: pSphere3 -0.1071565296 0.2600987622 -0.08428825667 0 0.09242873615 0.006770422578 -0.09661326968 0 -0.0832920752 -0.06153519962 -0.08399674883 0 4.339147623 0.731085145 0.2663771551 1


mesh: pSphereShape4 tranform: pSphere4 -0.1786935514 -0.00737628551 0.02612642538 0 -0.008702794962 0.147356346 -0.01792020346 0 -0.02384431152 -0.02199644284 -0.1692951364 0 4.112758125 0.9875904346 0.2027051592 1


mesh: pSphereShape5 tranform: pSphere5 -0.1866237947 -0.007758452681 0.001246994199 0 -0.005821625545 0.1375561271 -0.01542200242 0 -0.0003541864085 -0.01969821733 -0.1755640073 0 3.818263961 0.9948679097 0.2112434636 1


mesh: pSphereShape6 tranform: pSphere6 -0.08946573025 -0.2348227035 -0.08867436178 0 -0.09201240055 0.04598123095 -0.02893147806 0 0.04005964761 0.02052804126 -0.09477841852 0 3.66294993 0.7156290077 0.1259413866 1


mesh: pSphereShape7 tranform: pSphere7 -0.08178958325 -0.1456675528 -0.18787082 0 -0.07682283356 0.06287523382 -0.01530612312 0 0.07070448557 0.06636846951 -0.08224067444 0 3.545074494 0.3791248418 -0.1678775237 1


mesh: pSphereShape8 tranform: pSphere8 0.003037214322 -0.1717585986 -0.07956643107 0 -0.04030640393 0.006868078939 -0.01636457465 0 0.04632757639 0.04494094009 -0.09524476601 0 3.468146311 0.1390963805 -0.4102484676 1


mesh: pSphereShape10 tranform: pSphere10 -0.1644857872 -0.01634731868 0.07964819699 0 -0.02277042592 0.1522915022 -0.01576750963 0 -0.09330141387 -0.03463563036 -0.1997905389 0 3.904468341 1.407016057 0.1458566947 1


mesh: pSphereShape11 tranform: pSphere11 -0.04194516651 -0.00169077641 0.01331616653 0 -0.04282810083 0.1141407394 -0.1204134349 0 -0.01999742581 -0.08539448313 -0.0738334363 0 3.950297552 1.213287934 0.09793401914 1


mesh: pSphereShape12 tranform: pSphere12 -0.3152299859 -0.01371698697 0.02394808508 0 -0.007963478069 0.1652784124 -0.01015551972 0 -0.01899204855 -0.01686962125 -0.259655983 0 4.010709559 0.8031572456 0.2244478574 1


mesh: pSphereShape13 tranform: pSphere13 -0.21855339 -0.01172129283 0.009782565692 0 -0.01160262857 0.2061883391 -0.0121644883 0 -0.008093887939 -0.01196980791 -0.195168459 0 4.012163737 0.5769310156 0.1927135501 1


mesh: pSphereShape14 tranform: pSphere14 -0.2213141896 0.007217200006 0.007549028849 0 0.007610684122 0.2414027114 -0.007669762917 0 -0.006700626597 -0.005852262901 -0.1908466403 0 4.012904281 0.3835923953 0.1897263409 1


mesh: pSphereShape15 tranform: pSphere15 -0.1305899572 -0.01712393531 0.07539420254 0 -0.01724730692 0.3755712713 0.0554277775 0 -0.09543561931 0.01936417378 -0.1609055096 0 4.159270669 -0.2362653435 0.1295824036 1


mesh: pSphereShape16 tranform: pSphere16 -0.08713000838 -0.007366258776 0.04896283933 0 -0.0727701264 0.3468525469 -0.07731283882 0 -0.03757756151 -0.02357970209 -0.07041722833 0 4.258245772 -0.9247169878 0.0953263152 1


mesh: pSphereShape17 tranform: pSphere17 -0.09703207379 0.01118376208 0.05556116607 0 0.00180522003 0.1025398394 -0.0174873386 0 -0.1403490522 -0.03802463349 -0.2374518403 0 4.249956555 -1.402117691 0.01268044247 1


mesh: pSphereShape18 tranform: pSphere18 -0.1250345602 0.0007987194859 -0.0266374431 0 0.000580025787 0.358155866 0.008016640304 0 0.03045265367 0.003148076319 -0.1428485352 0 3.811425522 -0.2022072034 0.2029966451 1


mesh: pSphereShape19 tranform: pSphere19 -0.084729808 0.001309327307 -0.01711791899 0 0.02969641239 0.4134257594 -0.1153680938 0 0.01875601641 -0.02784847367 -0.09496811133 0 3.771297563 -0.9176653283 0.2709486992 1


mesh: pSphereShape20 tranform: pSphere20 -0.1099042622 -0.007085705065 -0.03453036632 0 -0.004702568335 0.08179564254 -0.001817168534 0 0.07856240987 -0.001033719827 -0.2498386198 0 3.833535471 -1.32950957 0.1737926862 1


mesh: pSphereShape21 tranform: pSphere21 -0.2637564087 0.008601268441 0.008996733296 0 0.00679530507 0.1144511353 0.08979707377 0 -0.001771611885 0.1634872423 -0.2082391002 0 4.005059693 0.2118268665 0.2455593551 1


