mesh: pSphereShape1 tranform: pSphere1 0.03063464692 0.1418478197 -0.0223349345 0 0.02100050038 0.008340933988 0.0817771019 0 0.1436462087 -0.03624924781 -0.03319131656 0 -8.051751 -0.03295953847 0.1641885773 1


mesh: pSphereShape2 tranform: pSphere2 0.06832484558 0.250535489 -0.007431113177 0 0.02607142398 -0.003014597746 0.1380765267 0 0.1251913807 -0.03486531405 -0.02439967561 0 -7.977378991 0.3069232881 0.1050001281 1


mesh: pSphereShape3 tranform: pSphere3 0.112997313 0.2702014966 -0.02147455754 0 0.01999273579 0.002158411888 0.1323580959 0 0.1214522897 -0.05218131124 -0.01749447029 0 -7.842124858 0.7594556393 0.07425214471 1


mesh: pSphereShape4 tranform: pSphere4 0.1045372759 -0.002365946006 -0.1474270845 0 0.02781544338 0.145032591 0.01739579541 0 0.1368722417 -0.0379644052 0.09766233304 0 -7.654308423 1.025057485 -0.04250157362 1


mesh: pSphereShape5 tranform: pSphere5 0.12467291 -0.004019943189 -0.1390348694 0 0.02399230093 0.1353069243 0.01760179901 0 0.1279476374 -0.0377544886 0.1158225649 0 -7.458869506 1.038045845 -0.2631062611 1


mesh: pSphereShape6 tranform: pSphere6 0.07408976631 -0.2524693064 -0.04217721213 0 0.08854562036 0.03418369437 -0.04907885524 0 0.05097285017 -0.0003624765148 0.09171020454 0 -7.343335083 0.742122792 -0.3596199266 1


mesh: pSphereShape7 tranform: pSphere7 0.1489852547 -0.2018045426 0.01680289667 0 0.07497240332 0.05183506766 -0.04220882241 0 0.03850397496 0.03800696441 0.1150666812 0 -7.129747763 0.3283043968 -0.3264757434 1


mesh: pSphereShape8 tranform: pSphere8 0.001713467886 -0.1889391454 0.0118372791 0 0.04088765618 -0.0006535924679 -0.01635079197 0 0.04273720872 0.007065484637 0.1065884975 0 -6.97586836 0.01680959732 -0.286281156 1


mesh: pSphereShape10 tranform: pSphere10 0.1000630081 -0.01097807084 -0.1534063907 0 0.003259714507 0.1544973759 -0.008929916754 0 0.1870346296 0.003092446157 0.1217765341 0 -7.531996174 1.462441387 -0.1551779594 1


mesh: pSphereShape11 tranform: pSphere11 0.02492460944 -0.0009827236838 -0.0362956486 0 0.09034549494 0.1333616595 0.05843037931 0 0.07266308492 -0.07194110246 0.05184635928 0 -7.506128452 1.273884217 -0.08772477821 1


mesh: pSphereShape12 tranform: pSphere12 0.1901952388 -0.005988458187 -0.2528270556 0 0.0210034892 0.164013347 0.01191556246 0 0.2058732176 -0.03768041158 0.1557655816 0 -7.608714239 0.8448471385 -0.1439484138 1


mesh: pSphereShape13 tranform: pSphere13 0.1291796937 -0.01605538081 -0.1762200415 0 0.03378368295 0.2040017434 0.006178866654 0 0.154799069 -0.02915295109 0.1161329771 0 -7.59964847 0.6165640045 -0.135252327 1


mesh: pSphereShape14 tranform: pSphere14 0.1261821059 -0.01828312997 -0.1811983709 0 0.03542827607 0.2390325263 0.0005527187651 0 0.1545243024 -0.02315708903 0.1099435158 0 -7.619790622 0.4238628305 -0.132141719 1


mesh: pSphereShape15 tranform: pSphere15 0.05324781466 -0.002986545155 -0.1420809721 0 -0.07694726128 0.3703530815 -0.03662242475 0 0.1719550985 0.04201185522 0.06356067797 0 -7.655868567 -0.1459630783 0.05441480003 1


mesh: pSphereShape16 tranform: pSphere16 0.0356971225 0.001740852442 -0.09362662357 0 0.04664726302 0.3588945195 0.02445837921 0 0.0770276668 -0.01199789159 0.02914533703 0 -7.602547509 -0.8394445686 0.1163678424 1


mesh: pSphereShape17 tranform: pSphere17 0.04204542906 0.01225933608 -0.1034854271 0 -0.006115487558 0.1033960746 0.009764069765 0 0.2576926204 0.005295220185 0.1053260636 0 -7.469428571 -1.300464144 0.1731252392 1


mesh: pSphereShape18 tranform: pSphere18 0.05266760543 0.004715828431 -0.11639466 0 -0.004225350318 0.3579997164 0.01259272683 0 0.1331077659 -0.0005468044662 0.0602079911 0 -7.562695732 -0.1965958431 -0.3045275267 1


mesh: pSphereShape19 tranform: pSphere19 0.03433695557 0.003022737408 -0.07928249739 0 0.1745051002 0.382791761 0.09017189271 0 0.08292494758 -0.04585174311 0.03416633621 0 -7.676475645 -0.8880480079 -0.4013775037 1


mesh: pSphereShape20 tranform: pSphere20 -0.009942876982 0.02152060616 -0.11295797 0 0.003416766503 0.08048763006 0.01503364569 0 0.2606994211 -0.00654772216 -0.02419495697 0 -7.617312936 -1.287839208 -0.4714134899 1


mesh: pSphereShape21 tranform: pSphere21 0.1503805028 -0.02178935164 -0.215947435 0 -0.05920052349 0.121819244 -0.05351749989 0 0.1891471829 0.1434280226 0.1172454067 0 -7.683515816 0.2578735015 -0.1648357889 1


