mesh: pSphereShape1 tranform: pSphere1 0.08680313656 0.07472005462 0.09187090809 0 -0.05863562468 0.06104827268 0.005749653271 0 -0.06311924734 -0.07173653678 0.1179819251 0 0.2767772653 0.4423874348 -0.3630590332 1


mesh: pSphereShape2 tranform: pSphere2 0.1588574192 0.1400646173 0.1504585011 0 -0.09187472355 0.1063437506 -0.001994006681 0 -0.05895364739 -0.04891158555 0.107777272 0 0.5137101648 0.6023462202 -0.157884297 1


mesh: pSphereShape3 tranform: pSphere3 0.1570288967 0.1408425404 0.2043127567 0 -0.08435261788 0.1037447699 -0.006685233165 0 -0.07508310979 -0.05489152983 0.09554606729 0 0.79996458 0.8434311192 0.1307918981 1


mesh: pSphereShape4 tranform: pSphere4 0.162947936 -0.009500770726 0.07762789763 0 0.0005810143881 0.1477366279 0.01686167955 0 -0.07458299106 -0.01733287597 0.1544350567 0 1.058341943 1.006892946 0.3690905598 1


mesh: pSphereShape5 tranform: pSphere5 0.1665899516 -0.01014295756 0.08387548965 0 0.0009097893379 0.1377391668 0.01484963924 0 -0.07989931397 -0.01636749413 0.1567133391 0 1.320689625 1.010576736 0.5076554893 1


mesh: pSphereShape6 tranform: pSphere6 0.2227372548 -0.145847916 0.01120098854 0 0.05042378899 0.08073504859 0.04854770138 0 -0.02942400536 -0.03776561779 0.09336546729 0 1.598350074 0.8119672732 0.5525249346 1


mesh: pSphereShape7 tranform: pSphere7 0.2092967996 -0.1220318481 0.06713489876 0 0.03284922451 0.08233039266 0.04724357185 0 -0.05685986582 -0.03868346094 0.1069484552 0 1.966160823 0.5370449034 0.6633641905 1


mesh: pSphereShape8 tranform: pSphere8 0.1359232444 -0.1261805778 -0.03800514749 0 0.03065422583 0.03014777335 0.009539717515 0 -0.0007997629003 -0.0339697305 0.1099223165 0 2.257018799 0.3517897484 0.7118889683 1


mesh: pSphereShape10 tranform: pSphere10 0.1806359716 -0.003985950956 0.03195938477 0 0.002165119968 0.154613954 0.007045976964 0 -0.03905469854 -0.00945873186 0.2195593384 0 1.182260518 1.437547681 0.4850960289 1


mesh: pSphereShape11 tranform: pSphere11 0.04206133346 0.0005788938223 0.01304166857 0 -0.03602050675 0.1258373616 0.1105858554 0 -0.02395926278 -0.0777998945 0.08072559227 0 1.129099157 1.243438451 0.5230543458 1


mesh: pSphereShape12 tranform: pSphere12 0.2751404451 -0.01699972566 0.1553716684 0 0.004205877269 0.1653857565 0.010647408 0 -0.1286955236 -0.01131953244 0.2266623964 0 1.151553742 0.8210995575 0.4104195121 1


mesh: pSphereShape13 tranform: pSphere13 0.1857783874 -0.01321320735 0.1153710253 0 0.003262468588 0.2060318405 0.01834295285 0 -0.103685062 -0.01308918128 0.1654617658 0 1.129640037 0.5945039305 0.4364931519 1


mesh: pSphereShape14 tranform: pSphere14 0.1850178561 0.0007574497597 0.1218887424 0 -0.008223252196 0.24125457 0.01098305101 0 -0.1049066709 -0.01082822209 0.1593076505 0 1.125318678 0.4001800469 0.4331756677 1


mesh: pSphereShape15 tranform: pSphere15 0.1474058613 -0.02552703888 0.02551733098 0 0.0690304171 0.3728165318 -0.02580936022 0 -0.02887505427 0.01815091793 0.1849602311 0 0.9298442244 -0.2023247983 0.3773971189 1


mesh: pSphereShape16 tranform: pSphere16 0.09751586884 -0.01544186066 0.01718906709 0 0.0464326421 0.3553930692 0.05585008254 0 -0.01596043212 -0.01064165989 0.0809856852 0 0.7764506297 -0.8935337182 0.3772154504 1


mesh: pSphereShape17 tranform: pSphere17 0.1096185038 -0.002274909398 0.02461608149 0 -0.0004207266709 0.1034053521 0.0114298141 0 -0.06124392657 -0.03008745195 0.2699463509 0 0.665884231 -1.373332793 0.5014747656 1


mesh: pSphereShape18 tranform: pSphere18 0.07938462817 3.561819143e-05 0.1002093415 0 0.02555499626 0.3567522743 -0.02037116217 0 -0.1140388771 0.01332718015 0.09033548198 0 1.259307244 -0.1991276466 0.5468870984 1


mesh: pSphereShape19 tranform: pSphere19 0.05478406989 -0.0003421422682 0.06687650168 0 -0.1254875141 0.3979640918 0.1048331911 0 -0.07217130925 -0.0382797388 0.05892564404 0 1.332232903 -0.9007254088 0.5090843515 1


mesh: pSphereShape20 tranform: pSphere20 0.07648199901 -0.001388901405 0.08642959593 0 -0.003460491326 0.08176073817 0.004376080835 0 -0.1958342999 -0.01754877545 0.1730127863 0 1.265861037 -1.315090827 0.5369514542 1


mesh: pSphereShape21 tranform: pSphere21 0.2204993966 0.0009027086278 0.1452637854 0 0.04750827924 0.1168163812 -0.07283988939 0 -0.1172842706 0.158094247 0.177046177 0 1.162270783 0.2297085422 0.3856754791 1


