mesh: pSphereShape1 tranform: pSphere1 -0.100719784 0.1068108787 -0.002257460621 0 0.04373503573 0.04248777639 0.0589925597 0 0.07796401336 0.07121236641 -0.1090885705 0 -3.221527722 0.1872466971 0.5688196799 1


mesh: pSphereShape2 tranform: pSphere2 -0.1473310331 0.2137875754 -0.00894295837 0 0.1094807923 0.07722513749 0.042475504 0 0.03538518731 0.01911649448 -0.1259613601 0 -3.461451393 0.4457224627 0.5527632399 1


mesh: pSphereShape3 tranform: pSphere3 -0.05998911903 0.2767201524 -0.07788235342 0 0.1170590407 0.03982246759 0.05132626834 0 0.05868991836 -0.02047787162 -0.1179650569 0 -3.650976675 0.8576310979 0.4940088429 1


mesh: pSphereShape4 tranform: pSphere4 -0.06326102644 0.00861090644 -0.1690925185 0 0.0300915956 0.1455694949 -0.003844876932 0 0.1576592666 -0.03419465623 -0.06072494578 0 -3.728196384 1.137109339 0.2988179463 1


mesh: pSphereShape5 tranform: pSphere5 -0.0540908701 0.008028418038 -0.1786054635 0 0.02832922171 0.1355901882 -0.002484680646 0 0.165192456 -0.03546008483 -0.0516226765 0 -3.810073424 1.16882307 0.01614639824 1


mesh: pSphereShape6 tranform: pSphere6 -0.01928543989 -0.2256906646 -0.1403593856 0 0.04952446345 0.04691560722 -0.08224256316 0 0.09266354492 -0.03145962777 0.03785345063 0 -3.85273244 0.9008345452 -0.1851878119 1


mesh: pSphereShape7 tranform: pSphere7 0.08871638404 -0.1976684051 -0.1275171429 0 0.04606753642 0.06206094152 -0.06415248875 0 0.1036988085 -0.0009215623188 0.07357400629 0 -3.749091559 0.496696362 -0.3930568088 1


mesh: pSphereShape8 tranform: pSphere8 -0.034904976 -0.182031155 -0.0385662944 0 0.02556742968 0.002673591259 -0.03575939679 0 0.09124740953 -0.03083084631 0.0629354197 0 -3.667354343 0.1851410618 -0.5290937182 1


mesh: pSphereShape10 tranform: pSphere10 -0.02315097135 -0.009769142568 -0.1817559922 0 -0.01328608675 0.1540774844 -0.006589158814 0 0.2205920413 0.0177791606 -0.02905327698 0 -3.758908262 1.582905799 0.142553524 1


mesh: pSphereShape11 tranform: pSphere11 -0.007703594959 -0.002208890538 -0.04330532804 0 0.1013648162 0.1358815078 -0.02496276815 0 0.09023256837 -0.06960819383 -0.01250096241 0 -3.68127459 1.394506685 0.1641650541 1


mesh: pSphereShape12 tranform: pSphere12 -0.07976960987 0.01290773384 -0.3059441294 0 0.02150326726 0.1643756371 0.001328378924 0 0.2501915898 -0.03219137761 -0.06659125407 0 -3.78596099 0.9634059057 0.1921896816 1


mesh: pSphereShape13 tranform: pSphere13 -0.05318625641 0.01093861485 -0.2122504191 0 0.03976651622 0.2030138008 0.0004977971232 0 0.1860836783 -0.03633130147 -0.04850171032 0 -3.779857203 0.7344118093 0.1716108611 1


mesh: pSphereShape14 tranform: pSphere14 -0.05011970085 0.01156371411 -0.2155071749 0 0.04471407921 0.237459849 0.00234266693 0 0.1827126438 -0.03396789527 -0.04431545299 0 -3.805445639 0.5414682355 0.1682912087 1


mesh: pSphereShape15 tranform: pSphere15 -0.03095114474 0.01516944141 -0.1477943387 0 0.01541332761 0.3780481028 0.03557455893 0 0.1839673347 -0.003838059943 -0.03892044094 0 -3.797536811 -0.05524088678 0.3144969723 1


mesh: pSphereShape16 tranform: pSphere16 -0.01869919621 0.01383287587 -0.09747949204 0 0.1537974765 0.3280776877 0.0170535228 0 0.07375853134 -0.03359354272 -0.01891598446 0 -3.911528992 -0.7415070824 0.2928712178 1


mesh: pSphereShape17 tranform: pSphere17 -0.001901275924 0.007058481609 -0.1121334296 0 0.04876975677 0.09176327978 0.004949323856 0 0.245902677 -0.1300244443 -0.01235406776 0 -3.931748647 -1.259549497 0.2750380438 1


mesh: pSphereShape18 tranform: pSphere18 -0.01370745739 -0.003528641777 -0.1270570222 0 -0.1591772331 0.320834174 0.008262481308 0 0.1299384633 0.06487450337 -0.01582002157 0 -3.699508642 -0.02776380416 -0.006401958359 1


mesh: pSphereShape19 tranform: pSphere19 -0.01069998736 -0.004443931193 -0.0856716966 0 0.08807647381 0.4198578348 -0.03277904601 0 0.09780410792 -0.02138411045 -0.01110603899 0 -3.583885158 -0.703632256 -0.01016226941 1


mesh: pSphereShape20 tranform: pSphere20 -0.03627191071 -0.006988761131 -0.1093480955 0 0.01277263308 0.08040459716 -0.009375712724 0 0.2452589453 -0.04808863311 -0.0782814786 0 -3.451431916 -1.153923925 -0.01355169323 1


mesh: pSphereShape21 tranform: pSphere21 -0.05973133637 0.0137813292 -0.2568357619 0 -0.06869496592 0.1263797994 0.02275743726 0 0.2256360004 0.130831824 -0.04545513178 0 -3.886550967 0.3800095422 0.1742305708 1


