mesh: pSphereShape1 tranform: pSphere1 0.06468192305 0.124206379 -0.04412662545 0 0.06360713864 -0.01378862969 0.05442510631 0 0.07497240596 -0.07711242843 -0.1071574377 0 2.140002877 0.03489018375 0.3248598048 1


mesh: pSphereShape2 tranform: pSphere2 0.1265726308 0.2188494154 -0.05979832524 0 0.08745815543 -0.02107601599 0.1079852156 0 0.08101681559 -0.06843502886 -0.07897302393 0 2.279299089 0.3382694575 0.2110279902 1


mesh: pSphereShape3 tranform: pSphere3 0.1445826127 0.2345437245 -0.101604663 0 0.08477389864 -0.007488684232 0.1033457279 0 0.0796287442 -0.0798906168 -0.07110806453 0 2.494017686 0.7395301551 0.07658916542 1


mesh: pSphereShape4 tranform: pSphere4 0.02092640684 -0.002999581996 -0.1795034066 0 0.02871611267 0.1458949015 0.0009097394846 0 0.1679487699 -0.03318246439 0.02013386753 0 2.648552083 0.978558992 -0.1397743575 1


mesh: pSphereShape5 tranform: pSphere5 0.04288788417 -0.003881898062 -0.1817573921 0 0.02756595955 0.1357222659 0.003605826819 0 0.1683145949 -0.03526081298 0.04046897705 0 2.714638334 0.9913021484 -0.4269027993 1


mesh: pSphereShape6 tranform: pSphere6 0.1078586284 -0.2330392627 -0.07119114897 0 0.03169337268 0.04294709744 -0.09256707204 0 0.09075765053 0.02847688388 0.04428589409 0 2.830180346 0.7168008364 -0.5669204993 1


mesh: pSphereShape7 tranform: pSphere7 0.2504683621 -0.0002627029165 -0.02166904424 0 -0.006805583139 0.06113713875 -0.07940563262 0 0.006775590641 0.1008857157 0.07709468398 0 3.189138328 0.5266489152 -0.6095968567 1


mesh: pSphereShape8 tranform: pSphere8 0.1691302332 -0.06091958555 0.05937024622 0 0.01856919765 0.01581773935 -0.03666824279 0 0.01786619225 0.1007928656 0.05252709116 0 3.535226121 0.504046958 -0.5939195971 1


mesh: pSphereShape10 tranform: pSphere10 0.01728543247 -0.0001655543672 -0.1826686364 0 0.001172264113 0.1547851196 -2.935512334e-05 0 0.2222071754 -0.001678896573 0.02102837766 0 2.71512773 1.416060708 -0.2755160494 1


mesh: pSphereShape11 tranform: pSphere11 0.004276579152 0.0004997478828 -0.0438296376 0 0.113747286 0.1275371768 0.01255282352 0 0.08501641522 -0.07655460872 0.007422407374 0 2.768982848 1.221218097 -0.2430845498 1


mesh: pSphereShape12 tranform: pSphere12 0.02729391703 -0.006182903345 -0.3151958508 0 0.02064890794 0.1644842198 -0.001438472149 0 0.2578839497 -0.0321732472 0.02296219061 0 2.643807787 0.7974741112 -0.2494837832 1


mesh: pSphereShape13 tranform: pSphere13 0.01428916661 -0.01446717751 -0.2181403036 0 0.0262183917 0.2048608027 -0.01186905211 0 0.1937044571 -0.0239633724 0.01427777247 0 2.661632059 0.5696803555 -0.247529154 1


mesh: pSphereShape14 tranform: pSphere14 0.01138943969 -0.003745914444 -0.221235836 0 0.022492419 0.2405776547 -0.002915473703 0 0.1899707368 -0.01763886884 0.01007853874 0 2.652150833 0.3764566246 -0.2417231675 1


mesh: pSphereShape15 tranform: pSphere15 -0.01492817034 0.01025790691 -0.1506757344 0 -0.1857410396 0.3290272524 0.04080222227 0 0.1630375717 0.09325308274 -0.00980430728 0 2.817768686 -0.1706027051 -0.120041865 1


mesh: pSphereShape16 tranform: pSphere16 -0.00979234443 0.006526649647 -0.09952272403 0 -0.137718949 0.3337024633 0.03543462543 0 0.07656425306 0.03217394888 -0.005423439221 0 3.159966661 -0.7949400296 -0.1580982704 1


mesh: pSphereShape17 tranform: pSphere17 -0.002454674599 0.02249974615 -0.1100685198 0 -0.04551299163 0.09145267985 0.01970937439 0 0.250305276 0.120464717 0.01904275222 0 3.524411153 -1.137265664 -0.1818110319 1


mesh: pSphereShape18 tranform: pSphere18 -0.01304163147 -0.01925315631 -0.1257102398 0 0.04127797736 0.3510927165 -0.05805394316 0 0.1443520569 -0.01896738232 -0.01207065036 0 2.59250048 -0.2150590853 -0.3722562894 1


mesh: pSphereShape19 tranform: pSphere19 -0.01034943045 -0.01315363009 -0.0848159723 0 0.2470157154 0.3422996951 -0.08322672422 0 0.08158705149 -0.05906936003 -0.0007946970576 0 2.363517278 -0.8723723488 -0.2629862539 1


mesh: pSphereShape20 tranform: pSphere20 -0.02013603029 -0.000152784897 -0.1136486569 0 0.02585666042 0.07762359057 -0.004685582957 0 0.2442875722 -0.08397878587 -0.04316946101 0 2.337247924 -1.290209857 -0.1921270654 1


mesh: pSphereShape21 tranform: pSphere21 0.01357363356 -0.004464281946 -0.2636630289 0 -0.08251687443 0.1198345398 -0.006277061275 0 0.2177285321 0.1503794666 0.008662689574 0 2.586252716 0.2081780472 -0.2464155491 1


