mesh: pSphereShape1 tranform: pSphere1 -0.03065470121 0.1350489296 0.04878740359 0 0.05484411586 0.03264282414 -0.05589861877 0 -0.1114148299 0.01172631815 -0.1024652813 0 -7.576107612 0.03225774439 0.1315820688 1


mesh: pSphereShape2 tranform: pSphere2 -0.04532699679 0.2495987456 0.05601309479 0 0.07472598968 0.03882307457 -0.1125287942 0 -0.1095870425 -0.003313355072 -0.07391561329 0 -7.656316555 0.3544779125 0.2512206845 1


mesh: pSphereShape3 tranform: pSphere3 -0.08694119087 0.2799986301 0.01674498775 0 0.07781900437 0.03041894803 -0.1046036516 0 -0.1010637986 -0.02642495094 -0.0828699884 0 -7.758665381 0.806671879 0.3322160888 1


mesh: pSphereShape4 tranform: pSphere4 -0.1793750336 -0.01074037237 0.0194326199 0 -0.0112219981 0.1465414588 -0.02259275647 0 -0.01670790423 -0.02739070303 -0.169363022 0 -7.968603871 1.073721814 0.3426392954 1


mesh: pSphereShape5 tranform: pSphere5 -0.1864304291 -0.01134175523 0.00229107739 0 -0.008562306492 0.1370835043 -0.01811676955 0 -0.0007413558624 -0.02319197697 -0.1751355146 0 -8.263971137 1.075300703 0.3483234676 1


mesh: pSphereShape6 tranform: pSphere6 -0.0965557986 -0.2350473309 -0.08024145661 0 -0.08076575084 0.04991329475 -0.04902185608 0 0.05721846676 0.006439160212 -0.08771378876 0 -8.42286616 0.7936486756 0.2723018699 1


mesh: pSphereShape7 tranform: pSphere7 -0.0662139286 -0.1624575979 -0.1800757102 0 -0.06649040535 0.06641181703 -0.03546571221 0 0.08922800927 0.04846376157 -0.07653138398 0 -8.525876143 0.4333174222 -0.0001990184884 1


mesh: pSphereShape8 tranform: pSphere8 0.006404432687 -0.1835609635 -0.04588478745 0 -0.04256317802 0.001323122199 -0.01123393227 0 0.02929360665 0.02794301751 -0.1076966586 0 -8.601968038 0.1604949469 -0.2057586399 1


mesh: pSphereShape10 tranform: pSphere10 -0.1764930598 0.01587336697 -0.04759075944 0 0.01302656211 0.1542087941 0.003124870778 0 0.05806601463 -0.000537756697 -0.215520507 0 -8.073856086 1.507371543 0.3138296941 1


mesh: pSphereShape11 tranform: pSphere11 -0.04350397164 0.0009545032343 -0.006787443141 0 0.01973204522 0.1315883454 -0.1079671416 0 0.01200299007 -0.07339081441 -0.08725369731 0 -8.065497975 1.315433891 0.258041889 1


mesh: pSphereShape12 tranform: pSphere12 -0.3150868419 -0.01996873024 0.02128714251 0 -0.01120822037 0.1650298096 -0.0110924709 0 -0.01636968538 -0.01856874202 -0.2597185915 0 -8.067652281 0.8876563206 0.3624208256 1


mesh: pSphereShape13 tranform: pSphere13 -0.2177927976 -0.02122882886 0.01069138444 0 -0.02060559301 0.2055115162 -0.01168987426 0 -0.008415890993 -0.01194467347 -0.195156379 0 -8.059458815 0.6616717629 0.3311439836 1


mesh: pSphereShape14 tranform: pSphere14 -0.2210098905 -0.008569728135 0.01304739078 0 -0.01025482469 0.2409312521 -0.01545920975 0 -0.01074493505 -0.01266976754 -0.1903302678 0 -8.047750323 0.4669925257 0.3318373182 1


mesh: pSphereShape15 tranform: pSphere15 -0.1494725473 0.0179683003 -0.01914026241 0 0.03866912938 0.3747597005 0.04983325459 0 0.02631175308 0.02187716851 -0.1849394301 0 -7.903044488 -0.1372680761 0.2760148953 1


mesh: pSphereShape16 tranform: pSphere16 -0.09844776419 0.01355027825 -0.01294941887 0 0.05426267598 0.3564735903 -0.03951704675 0 0.00934245215 -0.01051551021 -0.08202928842 0 -7.950059968 -0.8415906323 0.2351420111 1


mesh: pSphereShape17 tranform: pSphere17 -0.09970360708 -0.008086225156 -0.05119713617 0 -0.006896664098 0.1037649765 -0.002958069284 0 0.127096838 0.001385180014 -0.2477328817 0 -7.902841482 -1.303274896 0.1038610928 1


mesh: pSphereShape18 tranform: pSphere18 -0.1116715391 0.009293993704 0.06153796899 0 0.03484304545 0.3564237 0.009398699623 0 -0.06968604909 0.01018751772 -0.1279962795 0 -8.266819308 -0.1325578459 0.3767908986 1


mesh: pSphereShape19 tranform: pSphere19 -0.07480787351 0.005803865481 0.04294153069 0 -0.06785990405 0.3890193544 -0.1707966857 0 -0.04792326305 -0.0424924089 -0.07774332031 0 -8.274027376 -0.8257565298 0.4989636865 1


mesh: pSphereShape20 tranform: pSphere20 -0.03316736008 0.0101345195 0.110085049 0 -0.02449556569 0.07685663854 -0.01445571732 0 -0.2383271124 -0.08794191337 -0.06370921556 0 -8.387334519 -1.285989358 0.564501057 1


mesh: pSphereShape21 tranform: pSphere21 -0.263393753 -0.01021317576 0.01554953589 0 0.0005150005977 0.1175676205 0.08594383274 0 -0.01862978514 0.1559096095 -0.2131662839 0 -8.041690072 0.2970631182 0.3932338145 1


