mesh: pSphereShape1 tranform: pSphere1 0.0371866276 0.129080016 -0.05927595664 0 -0.06900921385 0.03558522904 0.03419804776 0 0.07950784199 0.03435552454 0.1246920436 0 4.204381599 -0.07610428637 -0.03842292719 1


mesh: pSphereShape2 tranform: pSphere2 0.04802608225 0.243200873 -0.07770693662 0 -0.1039407598 0.04679678616 0.08222112526 0 0.08558146328 0.014949378 0.09968021535 0 4.300309633 0.232998286 -0.1792712375 1


mesh: pSphereShape3 tranform: pSphere3 0.0744039472 0.2827115626 -0.02786795932 0 -0.1048710191 0.03504030886 0.07548032773 0 0.0756858591 -0.009135257638 0.1093974506 0 4.399722096 0.6787168174 -0.290107052 1


mesh: pSphereShape4 tranform: pSphere4 0.1780609412 0.01592366358 0.02662936653 0 -0.01506668511 0.1473933355 0.01260811973 0 -0.02388608823 -0.01697214965 0.1698665324 0 4.587466167 0.9697745034 -0.2787150385 1


mesh: pSphereShape5 tranform: pSphere5 0.1763507624 0.01745387721 0.05904201965 0 -0.01642982995 0.1373006903 0.008485205128 0 -0.05433146515 -0.0168380814 0.1672585926 0 4.865866367 1.016304325 -0.1971095974 1


mesh: pSphereShape6 tranform: pSphere6 0.1706553949 -0.1883658447 0.08002503442 0 0.05093289455 0.07184964809 0.06050664591 0 -0.06318656795 -0.02303054791 0.08053679876 0 5.100965675 0.788585468 -0.09396999436 1


mesh: pSphereShape7 tranform: pSphere7 0.1202922894 -0.1480326983 0.1637684408 0 0.03340096195 0.08117035279 0.04883717597 0 -0.1033357046 -0.002037809114 0.07406082664 0 5.321387795 0.4627973582 0.1581794373 1


mesh: pSphereShape8 tranform: pSphere8 0.07021334061 -0.1746223107 0.02044977324 0 0.02935255391 0.01520984369 0.02909749548 0 -0.07440769715 -0.0199094398 0.08546699184 0 5.475545772 0.2083839403 0.3424859276 1


mesh: pSphereShape10 tranform: pSphere10 0.1656855299 0.02473371139 0.07485447905 0 -0.01525777422 0.1531145815 -0.01682062954 0 -0.09334355172 0.01292658371 0.2023386393 0 4.670496863 1.421287618 -0.2560586503 1


mesh: pSphereShape11 tranform: pSphere11 0.04087136394 0.00398043748 0.01591426205 0 -0.04845948523 0.1374814431 0.09006820197 0 -0.02779206572 -0.06764035459 0.0882942502 0 4.650017879 1.232791068 -0.1909238204 1


mesh: pSphereShape12 tranform: pSphere12 0.3041047424 0.02863651683 0.0826551034 0 -0.01619575547 0.1649705661 0.002432077912 0 -0.06746791872 -0.01033586177 0.2518089781 0 4.713168504 0.8002264727 -0.2600023315 1


mesh: pSphereShape13 tranform: pSphere13 0.2108898746 0.01329155163 0.05785729864 0 -0.0164412138 0.2058301995 0.0126428784 0 -0.05069610609 -0.01562024122 0.1883757617 0 4.729287462 0.5744917635 -0.221765783 1


mesh: pSphereShape14 tranform: pSphere14 0.2134563506 0.01194138444 0.05816215305 0 -0.01535907396 0.241057742 0.006876098758 0 -0.04973905095 -0.008425478132 0.1842732363 0 4.739961277 0.3812990799 -0.2189909687 1


mesh: pSphereShape15 tranform: pSphere15 0.1418343058 0.01693051636 0.05126050285 0 -0.0169255967 0.371964618 -0.07602193843 0 -0.06637661454 0.03233329215 0.1729803888 0 4.581114981 -0.2128738051 -0.1820883566 1


mesh: pSphereShape16 tranform: pSphere16 0.09264851668 0.01591888452 0.03472896826 0 -0.08599867092 0.3451235861 0.07122776488 0 -0.02484489447 -0.02194616237 0.07633975833 0 4.628304203 -0.9024440458 -0.1501426725 1


mesh: pSphereShape17 tranform: pSphere17 0.08944519181 -0.009005358334 0.06742257958 0 0.006153938864 0.1036980107 0.005686485226 0 -0.1677383505 -0.002231995144 0.2222295426 0 4.588501517 -1.354754251 -0.07744961154 1


mesh: pSphereShape18 tranform: pSphere18 0.1189606362 0.04202944708 -0.02063310901 0 -0.1293634296 0.2686996541 -0.1985090081 0 -0.008928733031 0.08384157382 0.1193056861 0 5.05828209 -0.1249729178 0.01983924106 1


mesh: pSphereShape19 tranform: pSphere19 0.08141641788 0.02449247165 -0.01566408579 0 -0.08925022184 0.3930124989 0.1506257155 0 0.02666211684 -0.02942437817 0.09257216268 0 5.287966455 -0.7141869828 0.1304359443 1


mesh: pSphereShape20 tranform: pSphere20 0.05421381585 0.02169713883 -0.09955700181 0 0.01594920607 0.07629444662 0.02531251921 0 0.2255233355 -0.08196356621 0.1049459658 0 5.526874237 -1.17195807 0.1124835323 1


mesh: pSphereShape21 tranform: pSphere21 0.2543916437 0.01423142673 0.06931611858 0 0.01722744053 0.1155502233 -0.08694891712 0 -0.06366419545 0.160509706 0.2006944054 0 4.768066174 0.2105463427 -0.2712965842 1


