mesh: pSphereShape1 tranform: pSphere1 0.09808513625 0.1071412432 -0.02140548737 0 0.04840619241 -0.03194303702 0.06192390099 0 0.07252692422 -0.08665394862 -0.1013944929 0 2.472187519 -0.01968976687 0.2374332317 1


mesh: pSphereShape2 tranform: pSphere2 0.1676616576 0.1968354297 -0.02523726164 0 0.06196041681 -0.03732639377 0.1205055238 0 0.08248544016 -0.07882836725 -0.06682856253 0 2.68177497 0.2548552791 0.1691438016 1


mesh: pSphereShape3 tranform: pSphere3 0.1817307244 0.2198356519 -0.06989011446 0 0.06615766582 -0.0181404224 0.1149657431 0 0.08141790334 -0.08654207787 -0.06050783562 0 2.965335375 0.6275192436 0.08885725306 1


mesh: pSphereShape4 tranform: pSphere4 0.02828900378 0.01061683118 -0.1782004494 0 0.01335807878 0.1476925344 0.010919801 0 0.1695451851 -0.01724855478 0.02588736114 0 3.149961252 0.8678810569 -0.0974276409 1


mesh: pSphereShape5 tranform: pSphere5 0.04782807302 0.01203118094 -0.1801608044 0 0.01306471357 0.137342486 0.01264010994 0 0.1699617989 -0.02019609987 0.04377179833 0 3.223318205 0.9055390532 -0.3808566391 1


mesh: pSphereShape6 tranform: pSphere6 0.1450209699 -0.2161606354 -0.05703033735 0 0.03215532803 0.04561355235 -0.09112093391 0 0.0821676418 0.04193710775 0.0499888197 0 3.381439858 0.6537252084 -0.509813044 1


mesh: pSphereShape7 tranform: pSphere7 0.2465627097 -0.04234608194 -0.02485269427 0 0.002434134872 0.06099057365 -0.0797718315 0 0.0246413093 0.09873162932 0.07623842735 0 3.768370503 0.4427014906 -0.5413832858 1


mesh: pSphereShape8 tranform: pSphere8 0.1499989366 -0.1109058847 0.03226858458 0 0.02143719349 0.01931287205 -0.03327214628 0 0.04232096957 0.07841537397 0.07278366948 0 4.104760276 0.350057632 -0.5348330275 1


mesh: pSphereShape10 tranform: pSphere10 0.01881772812 0.007952815258 -0.1823438789 0 -0.005965319071 0.1545532468 0.006125128376 0 0.2218626303 0.007642664266 0.02322935863 0 3.197892915 1.316045745 -0.2135058877 1


mesh: pSphereShape11 tranform: pSphere11 0.004683000595 0.002705350194 -0.04370728309 0 0.1062167798 0.1330226534 0.01961426205 0 0.08913250936 -0.07192283793 0.005098260863 0 3.259631695 1.123673784 -0.1877468474 1


mesh: pSphereShape12 tranform: pSphere12 0.03132576898 0.01614233394 -0.3144673779 0 0.003205521532 0.1655159039 0.008815631175 0 0.2595650244 -0.006386660347 0.02552881141 0 3.168626891 0.694637156 -0.2177173882 1


mesh: pSphereShape13 tranform: pSphere13 0.01560048245 -0.00216172536 -0.2185191604 0 0.01081973733 0.2065854404 -0.00127122886 0 0.1949373042 -0.01012342162 0.0140170777 0 3.207222128 0.4689419452 -0.2286007381 1


mesh: pSphereShape14 tranform: pSphere14 0.004480111274 -0.00551443095 -0.2214465308 0 0.008022291871 0.2414403384 -0.005850014043 0 0.1909094873 -0.006245961906 0.004017848773 0 3.210491517 0.2747502939 -0.2270314594 1


mesh: pSphereShape15 tranform: pSphere15 -0.02015263484 0.00645635433 -0.1502778715 0 -0.2004135052 0.3203224576 0.0406378891 0 0.157835437 0.1008869617 -0.0168317393 0 3.4277141 -0.2492187172 -0.08923924392 1


mesh: pSphereShape16 tranform: pSphere16 -0.01383728846 0.01125664472 -0.09861580584 0 0.008613345951 0.3604311214 0.03993335238 0 0.08240571637 -0.0006796057089 -0.01164034242 0 3.660570731 -0.8844671659 -0.1320169993 1


mesh: pSphereShape17 tranform: pSphere17 0.01025217476 -0.00124384084 -0.1118958839 0 0.0002702506184 0.1040294711 -0.001131636337 0 0.27727471 -0.0004439061628 0.02540952207 0 3.853453195 -1.351478624 -0.1448652861 1


mesh: pSphereShape18 tranform: pSphere18 -0.02779370159 0.005295428679 -0.1246727764 0 -0.04478094153 0.3545529014 0.02504265822 0 0.1414238935 0.02002899333 -0.03067735795 0 3.231722169 -0.3330128363 -0.4315766017 1


mesh: pSphereShape19 tranform: pSphere19 -0.02395860146 -0.0002588962225 -0.08306501214 0 0.3809880638 0.1666450922 -0.1104085189 0 0.03756373782 -0.0928656743 -0.01054513843 0 2.995372406 -0.8545993706 -0.3955604078 1


mesh: pSphereShape20 tranform: pSphere20 -0.05116565232 0.03274975663 -0.09813780992 0 0.07316062221 0.018445671 -0.03198787221 0 0.02111630074 -0.2441206317 -0.09247527112 0 2.66109473 -1.227246899 -0.3334110177 1


mesh: pSphereShape21 tranform: pSphere21 0.005339278346 -0.006571953232 -0.2639141294 0 -0.08966485492 0.1146610853 -0.004669294936 0 0.2085537289 0.1630952392 0.0001579003156 0 3.154613636 0.1028231767 -0.2280258141 1


