mesh: pSphereShape1 tranform: pSphere1 -0.0590159051 0.1311747739 0.02946924617 0 -0.06401614015 -0.01688147094 -0.05305691596 0 -0.07875966192 -0.0611541508 0.1144857643 0 3.574815707 -0.04042020409 -0.3356454887 1


mesh: pSphereShape2 tranform: pSphere2 -0.1204348091 0.2282758121 0.029616677 0 -0.07790566391 -0.02631352378 -0.1139835084 0 -0.09140336364 -0.0580674307 0.07587762977 0 3.444199661 0.2781710159 -0.2587013508 1


mesh: pSphereShape3 tranform: pSphere3 -0.1391126978 0.2492391109 0.0690356505 0 -0.07540064387 -0.01161273962 -0.1100132762 0 -0.09027739725 -0.06956032944 0.06921673577 0 3.240338055 0.6990143883 -0.1772796181 1


mesh: pSphereShape4 tranform: pSphere4 -0.02287540545 0.0002366774239 0.1792903924 0 -0.01996343618 0.1473251844 -0.002741587184 0 -0.1694158161 -0.0233585191 -0.02158468727 0 3.0928585 0.9526782283 0.01167248142 1


mesh: pSphereShape5 tranform: pSphere5 -0.04996856518 -0.0001350522821 0.1799814257 0 -0.01769695169 0.1373211473 -0.004810194978 0 -0.1687247468 -0.02338550054 -0.04686090103 0 3.020463959 0.971912374 0.2965520261 1


mesh: pSphereShape6 tranform: pSphere6 -0.1293613729 -0.2235315571 0.06563718126 0 -0.04443805859 0.05015636942 0.08322970282 0 -0.08068802952 0.02892663276 -0.060512943 0 2.877956375 0.7074929707 0.4292911369 1


mesh: pSphereShape7 tranform: pSphere7 -0.227761313 -0.1033266841 0.02554207339 0 -0.02208200716 0.06647183562 0.07199444574 0 -0.04600553937 0.07972506545 -0.08772018493 0 2.522590033 0.424764372 0.4653134943 1


mesh: pSphereShape8 tranform: pSphere8 -0.1096110687 -0.151856849 -0.02767614184 0 -0.02619671861 0.01290046929 0.03296795164 0 -0.06415841504 0.05987098612 -0.07440874064 0 2.224919101 0.2417323913 0.4656742489 1


mesh: pSphereShape10 tranform: pSphere10 0.01141190143 0.001412297911 0.1831240515 0 -0.0002883095422 0.1547848273 -0.001175771977 0 -0.222773756 -0.0003094747891 0.01388517343 0 3.038384665 1.392758104 0.147244249 1


mesh: pSphereShape11 tranform: pSphere11 -0.000210899684 0.001916609873 0.04399838789 0 -0.1091154307 0.1319705928 -0.006271787767 0 -0.08839405854 -0.07295474972 0.0027542717 0 2.981801406 1.201422953 0.1168503631 1


mesh: pSphereShape12 tranform: pSphere12 -0.03877878097 -0.0006459983225 0.314049995 0 -0.01268225159 0.1652911449 -0.001225997327 0 -0.2581587433 -0.02004442663 -0.03191858044 0 3.087209182 0.7728523417 0.1236440319 1


mesh: pSphereShape13 tranform: pSphere13 -0.02522985504 -0.01554136348 0.2170727804 0 -0.02601297492 0.2048997639 0.0116464078 0 -0.1928367752 -0.02311352121 -0.02406777815 0 3.063252058 0.5446100639 0.1214130618 1


mesh: pSphereShape14 tranform: pSphere14 -0.020853116 -0.009962701457 0.2203518515 0 -0.02435243549 0.2402617981 0.008558278003 0 -0.1892287579 -0.01851213295 -0.01874474875 0 3.07357291 0.3510794211 0.1126898176 1


mesh: pSphereShape15 tranform: pSphere15 0.009643682505 0.004225651298 0.1513948318 0 0.1425809215 0.351762621 -0.01890045571 0 -0.1739293862 0.07098810917 0.009097726564 0 2.949591348 -0.2156132746 -0.03869932285 1


mesh: pSphereShape16 tranform: pSphere16 0.006150299047 0.001480206305 0.1000162116 0 0.1173448713 0.3430138979 -0.01229238106 0 -0.07858560189 0.02704292794 0.004432239865 0 2.670381391 -0.8738764261 -0.04399506381 1


mesh: pSphereShape17 tranform: pSphere17 0.01127043916 0.0150791417 0.1107833008 0 0.03227119872 0.09750883789 -0.01655538471 0 -0.2632254061 0.08959236153 0.01458423786 0 2.327203261 -1.251564613 -0.02444932469 1


mesh: pSphereShape18 tranform: pSphere18 0.003877807495 -0.01545651673 0.1268459352 0 -0.06414321756 0.3496282588 0.04456406168 0 -0.1436632341 -0.02650477046 0.001162251969 0 3.164401821 -0.2464022367 0.2508211666 1


mesh: pSphereShape19 tranform: pSphere19 0.004279613641 -0.01061612126 0.08569049381 0 -0.2784254241 0.3235383893 0.05398820581 0 -0.07663151282 -0.06523630126 -0.004254885236 0 3.441557908 -0.8875998205 0.1785350904 1


mesh: pSphereShape20 tranform: pSphere20 0.02041062889 -0.0001241140915 0.1135996967 0 -0.02845602173 0.07667590566 0.005196509115 0 -0.2411994645 -0.09244431743 0.04323567102 0 3.500728007 -1.295909754 0.132803135 1


mesh: pSphereShape21 tranform: pSphere21 -0.02485219315 -0.01187328459 0.2626095196 0 0.08129417931 0.120115645 0.01312407063 0 -0.2182474993 0.149229242 -0.01390691302 0 3.140435321 0.1831411419 0.1155902161 1


