mesh: pSphereShape1 tranform: pSphere1 0.06503546834 0.1106304214 0.07134025898 0 -0.07498214931 0.03886299412 0.008088977947 0 -0.02288366632 -0.07160637736 0.1319043944 0 0.6979677269 0.1769497508 -0.2873985765 1


mesh: pSphereShape2 tranform: pSphere2 0.09491352472 0.2064343389 0.1259675505 0 -0.1276121574 0.0588976731 -0.0003682103568 0 -0.02714252695 -0.05808609416 0.1156421419 0 0.8686563249 0.4373098632 -0.1215484905 1


mesh: pSphereShape3 tranform: pSphere3 0.0916288171 0.2116897361 0.1817416123 0 -0.1205878137 0.05778594949 -0.006511297315 0 -0.04029388732 -0.07230625581 0.1045361775 0 1.041556082 0.8007674038 0.1254276854 1


mesh: pSphereShape4 tranform: pSphere4 0.1458749015 -0.013190457 0.1059004719 0 -0.002898656417 0.1469865269 0.02230075693 0 -0.1017220693 -0.02283338113 0.1372752534 0 1.224262014 1.016922953 0.3683700513 1


mesh: pSphereShape5 tranform: pSphere5 0.14756141 -0.01401856289 0.1136630964 0 -0.002180920969 0.1371091888 0.01974161913 0 -0.1082818747 -0.02157984902 0.1379137832 0 1.455778286 1.014240519 0.5537649907 1


mesh: pSphereShape6 tranform: pSphere6 0.1756130242 -0.2001120205 0.01114478995 0 0.05228575501 0.05025504782 0.07847430069 0 -0.0599311896 -0.04863554711 0.07107714493 0 1.680063926 0.7601401836 0.6076563502 1


mesh: pSphereShape7 tranform: pSphere7 0.153079929 -0.1871903829 0.06877726921 0 0.03635187388 0.05701786751 0.07427532725 0 -0.08975333541 -0.04466166003 0.07821190103 0 1.938354383 0.3765431169 0.7036830488 1


mesh: pSphereShape8 tranform: pSphere8 0.1055917822 -0.1462898489 -0.05736474041 0 0.03175058217 0.01189623223 0.02810615947 0 -0.047321084 -0.06608714329 0.0814291249 0 2.15144111 0.1026700294 0.7464743534 1


mesh: pSphereShape10 tranform: pSphere10 0.1758312764 -0.008144368872 0.05180420656 0 0.006703676505 0.1546364844 0.001557799619 0 -0.06305638693 0.0005766016921 0.2141135207 0 1.343383075 1.447306733 0.4913612483 1


mesh: pSphereShape11 tranform: pSphere11 0.03977270386 -2.274653796e-05 0.01891315731 0 -0.04816167925 0.1294335919 0.1014354368 0 -0.03722469759 -0.07512756937 0.07818990545 0 1.276015833 1.25486645 0.529520986 1


mesh: pSphereShape12 tranform: pSphere12 0.2372996255 -0.02340822786 0.2080205594 0 0.003321091933 0.1650871796 0.01478846347 0 -0.1725125043 -0.01401696863 0.1952164747 0 1.307200028 0.8292843328 0.4212673793 1


mesh: pSphereShape13 tranform: pSphere13 0.1582656501 -0.01600940476 0.1506464554 0 -0.001779671553 0.2055017287 0.02370863105 0 -0.1353150063 -0.01735979395 0.1403139385 0 1.280002199 0.6020257448 0.437112109 1


mesh: pSphereShape14 tranform: pSphere14 0.1557983228 -0.002502591521 0.157510844 0 -0.01192477025 0.2408438872 0.01562173761 0 -0.1355127827 -0.01538784469 0.1337949455 0 1.277626329 0.4077511138 0.4278185199 1


mesh: pSphereShape15 tranform: pSphere15 0.1159074582 -0.02548728558 0.09458917098 0 0.1255639528 0.3538841029 -0.05850831927 0 -0.1042971058 0.06084698687 0.1441987156 0 1.036489321 -0.1611405624 0.3643783425 1


mesh: pSphereShape16 tranform: pSphere16 0.07662963026 -0.01004464766 0.06379862524 0 -0.02615325371 0.3512491947 0.08671485542 0 -0.05329886607 -0.01903324646 0.06102153661 0 0.8822093915 -0.8220547344 0.3497383902 1


mesh: pSphereShape17 tranform: pSphere17 0.05955431874 -0.02417025466 0.09217605417 0 0.00195221537 0.1009185957 0.02520139664 0 -0.2360599671 -0.03145999614 0.1442673428 0 0.7298361623 -1.297026575 0.3337595124 1


mesh: pSphereShape18 tranform: pSphere18 0.07013361443 -0.007906109258 0.1065955072 0 0.05564745413 0.3537455759 -0.01037572735 0 -0.1200198988 0.02124261135 0.08054162825 0 1.355885752 -0.1927102969 0.5577946236 1


mesh: pSphereShape19 tranform: pSphere19 0.04855728978 -0.005755512866 0.07129475109 0 -0.100117632 0.406071624 0.1009694432 0 -0.07997490505 -0.032607139 0.05183682915 0 1.374162832 -0.8978922899 0.5121953231 1


mesh: pSphereShape20 tranform: pSphere20 0.0733099711 0.001329646651 0.08913686359 0 -0.004199769312 0.08181268858 0.002233677421 0 -0.2018409124 -0.0148996202 0.1662248602 0 1.27885488 -1.316993522 0.5367991855 1


mesh: pSphereShape21 tranform: pSphere21 0.1856763282 -0.002982522509 0.1877172657 0 0.06076659018 0.1188566381 -0.05821747245 0 -0.1524171051 0.1529591997 0.1531902384 0 1.324739055 0.2387126208 0.3843600479 1


