mesh: pSphereShape1 tranform: pSphere1 -0.1140853163 0.09241831526 -0.001237112029 0 0.03604511396 0.04532568396 0.06200337672 0 0.07052172587 0.08566809577 -0.1036222383 0 0.953937493 0.2339219112 0.3077256167 1


mesh: pSphereShape2 tranform: pSphere2 -0.1733100476 0.1934001525 -0.007179529853 0 0.09829945561 0.08976243157 0.0450983047 0 0.0339189695 0.02574845928 -0.1251812144 0 0.682758919 0.4595247908 0.2934921104 1


mesh: pSphereShape3 tranform: pSphere3 -0.0901137306 0.2692822659 -0.07486638067 0 0.1110400687 0.05208096903 0.05367224223 0 0.06224301663 -0.01179111656 -0.1173302214 0 0.4462273837 0.8458215256 0.2385454306 1


mesh: pSphereShape4 tranform: pSphere4 -0.0544194549 0.006253205107 -0.1722434479 0 0.02069778894 0.1472444959 -0.001193731084 0 0.162615976 -0.02328189774 -0.05222294006 0 0.3486574021 1.118624286 0.04481980325 1


mesh: pSphereShape5 tranform: pSphere5 -0.04231121264 0.006525239265 -0.1818168635 0 0.01989382698 0.1371042252 0.0002909847231 0 0.170193578 -0.02460915963 -0.04048951886 0 0.2829617486 1.14801772 -0.2420169254 1


mesh: pSphereShape6 tranform: pSphere6 -0.04759334933 -0.2247245807 -0.1350655297 0 0.04536534595 0.04259846694 -0.08686162489 0 0.0931319113 -0.03781258146 0.03009618319 0 0.2208519024 0.8788450862 -0.4416915072 1


mesh: pSphereShape7 tranform: pSphere7 0.0272463422 -0.2077273047 -0.1389640982 0 0.04695448075 0.05354511246 -0.07083443977 0 0.1115554475 -0.02313680563 0.05645792167 0 0.2433474494 0.4618908398 -0.6597248494 1


mesh: pSphereShape8 tranform: pSphere8 -0.08722973808 -0.1640559325 -0.03629988452 0 0.02588166854 -0.005989282729 -0.03512611187 0 0.07652075293 -0.05524635767 0.06580206849 0 0.2346510075 0.1411896436 -0.79764645 1


mesh: pSphereShape10 tranform: pSphere10 -0.02577908331 -0.009457179293 -0.181418425 0 0.01778282177 0.1534041428 -0.01052371239 0 0.2194995376 -0.02748609188 -0.02975748448 0 0.4080136149 1.550586771 -0.1185427792 1


mesh: pSphereShape11 tranform: pSphere11 -0.006343583204 -0.0004661866002 -0.0435788668 0 0.1276247724 0.1126158097 -0.0197824865 0 0.07469673876 -0.08639968469 -0.009949010472 0 0.4471210773 1.351187837 -0.08574832738 1


mesh: pSphereShape12 tranform: pSphere12 -0.06222408 0.01105128536 -0.3100607094 0 0.01035934515 0.1654134861 0.003816771622 0 0.2552817452 -0.01479324862 -0.0517581095 0 0.3084704607 0.9426707436 -0.06610973175 1


mesh: pSphereShape13 tranform: pSphere13 -0.04133936931 0.01076769871 -0.2148808618 0 0.02842380292 0.2048543457 0.004797019985 0 0.1902968121 -0.02551670229 -0.0378884666 0 0.3297949142 0.7144998903 -0.0882567922 1


mesh: pSphereShape14 tranform: pSphere14 -0.03821771967 0.01332488466 -0.2178322742 0 0.03003786558 0.2395864235 0.009385582286 0 0.1866855586 -0.02206952118 -0.03410316584 0 0.3157644139 0.5208228474 -0.09600439707 1


mesh: pSphereShape15 tranform: pSphere15 -0.02782909113 0.02111095058 -0.1476858873 0 -0.009775307082 0.3758199329 0.0555635619 0 0.1848259259 0.009750492138 -0.03343376586 0 0.3564434814 -0.07619072841 0.02489110087 1


mesh: pSphereShape16 tranform: pSphere16 -0.01702154293 0.01759553788 -0.09717985329 0 0.1259655554 0.337908071 0.03911866528 0 0.07675639072 -0.0265013887 -0.01824265347 0 0.2923519779 -0.7680433751 -0.03607473503 1


mesh: pSphereShape17 tranform: pSphere17 0.004060889251 0.004484061685 -0.1122084909 0 0.04375733779 0.09423462134 0.005349395157 0 0.2524105721 -0.1174575912 0.004441056919 0 0.3107773885 -1.289531701 -0.06709259267 1


mesh: pSphereShape18 tranform: pSphere18 -0.01923710701 0.008018492738 -0.1261327478 0 -0.1820686307 0.304906486 0.04715162619 0 0.1238831815 0.07614751537 -0.01405317613 0 0.4743612651 -0.02845070317 -0.3210005872 1


mesh: pSphereShape19 tranform: pSphere19 -0.01417848666 0.003726623093 -0.08519953432 0 0.0230943385 0.429367049 0.01493724584 0 0.09921755822 -0.004754961753 -0.0167192789 0 0.6639226052 -0.6915327211 -0.4043736551 1


mesh: pSphereShape20 tranform: pSphere20 -0.0418163614 0.002129384072 -0.1075563011 0 -0.001822183811 0.08189746584 0.002329833338 0 0.244038839 0.008124314255 -0.09471798856 0 0.8614056515 -1.106872188 -0.469425295 1


mesh: pSphereShape21 tranform: pSphere21 -0.0455468694 0.01588024578 -0.2596067538 0 -0.07742220959 0.1215433583 0.02101824236 0 0.2195412721 0.1449733704 -0.0296494786 0 0.2443813428 0.3547406488 -0.09785382657 1


