mesh: pSphereShape1 tranform: pSphere1 0.01743746422 0.141926894 0.03332906299 0 -0.06755168064 0.01945443037 -0.04750139128 0 -0.09006832796 -0.01734463402 0.1209824975 0 2.347623556 -0.07794231046 -0.442158409 1


mesh: pSphereShape2 tranform: pSphere2 0.002300686425 0.2548324832 0.05046433935 0 -0.1216438252 0.01473165077 -0.0688454242 0 -0.06622475523 -0.02165650795 0.1123792399 0 2.396329079 0.2609762059 -0.3567040727 1


mesh: pSphereShape3 tranform: pSphere3 -0.03161089265 0.2763477677 0.09418630931 0 -0.11247199 0.0115678664 -0.07168869987 0 -0.07088634655 -0.04361419494 0.1041754879 0 2.389306061 0.7190091771 -0.2445168719 1


mesh: pSphereShape4 tranform: pSphere4 0.04060148365 0.01275287076 0.1756623716 0 -0.02446049738 0.1465863756 -0.004988345602 0 -0.1655591701 -0.02625935982 0.04017269092 0 2.376285984 1.003265294 -0.03507669225 1


mesh: pSphereShape5 tranform: pSphere5 0.02064089646 0.0128842349 0.185197568 0 -0.02353217614 0.1363544904 -0.006863470648 0 -0.1730007522 -0.0287852732 0.02128411769 0 2.411263414 1.042623433 0.2551764742 1


mesh: pSphereShape6 tranform: pSphere6 -0.01420264572 -0.2409966003 0.112817928 0 -0.02631083464 0.04517590342 0.09319046951 0 -0.1015399245 -0.006060956636 -0.02573000204 0 2.407491131 0.7635863367 0.4384388655 1


mesh: pSphereShape7 tranform: pSphere7 -0.1009541114 -0.1954629332 0.1216820695 0 -0.02334583203 0.0600367893 0.07707059261 0 -0.1126367544 0.02487302662 -0.05349505263 0 2.254770363 0.3604188901 0.6214327221 1


mesh: pSphereShape8 tranform: pSphere8 0.009710429947 -0.1880199918 0.01988084591 0 -0.01871714046 0.003234718121 0.03973388052 0 -0.1039792294 -0.01045916958 -0.0481292376 0 2.142927203 0.05197152308 0.7429002496 1


mesh: pSphereShape10 tranform: pSphere10 0.09477441076 0.007033129749 0.1569553773 0 -0.003702106989 0.1546740294 -0.004695458811 0 -0.1910507629 -0.001069260023 0.1154101505 0 2.360834278 1.451136086 0.1011709888 1


mesh: pSphereShape11 tranform: pSphere11 0.01717501931 0.004443139117 0.04030946832 0 -0.1106120763 0.1265942394 0.03317554868 0 -0.07528392251 -0.07639234759 0.04049730047 0 2.294970301 1.254312262 0.09746903917 1


mesh: pSphereShape12 tranform: pSphere12 0.04997390489 0.02116457448 0.3117471414 0 -0.01589265764 0.1647916178 -0.008640099458 0 -0.2564046016 -0.02249282118 0.04262938901 0 2.413710653 0.8317686393 0.08352487316 1


mesh: pSphereShape13 tranform: pSphere13 0.03681613846 0.01959550832 0.2150796586 0 -0.03126295303 0.2040674794 -0.01324079088 0 -0.190639195 -0.02692921709 0.03508602694 0 2.397555727 0.6044526237 0.1127663624 1


mesh: pSphereShape14 tranform: pSphere14 0.03720765549 0.01695741641 0.2177546388 0 -0.03360763728 0.2389498355 -0.01286544566 0 -0.1864567549 -0.02440691204 0.03376046044 0 2.414539398 0.4110015202 0.1258931888 1


mesh: pSphereShape15 tranform: pSphere15 0.03390457999 0.009815958675 0.1475987068 0 0.03215352148 0.3772730234 -0.03247621981 0 -0.182632836 0.01906724154 0.04068413925 0 2.363652921 -0.1798209673 -0.02060677397 1


mesh: pSphereShape16 tranform: pSphere16 0.02153205159 0.009574717854 0.09740613582 0 -0.08973795215 0.3511567092 -0.01468063778 0 -0.07863192939 -0.0192884144 0.01927792198 0 2.371821518 -0.8805139692 -0.003996228101 1


mesh: pSphereShape17 tranform: pSphere17 0.01114052015 0.003147599893 0.1117735411 0 -0.005950875526 0.1038394809 -0.00233104622 0 -0.2766070356 -0.01522338914 0.02799824862 0 2.272798744 -1.348542142 0.02081761914 1


mesh: pSphereShape18 tranform: pSphere18 0.01926893588 0.01046357716 0.1259486175 0 0.1669096732 0.3127731722 -0.0515202004 0 -0.127378152 0.07022367422 0.01365358862 0 2.287276705 -0.1516519213 0.3504332081 1


mesh: pSphereShape19 tranform: pSphere19 0.01558132622 0.002627032341 0.08499528709 0 -0.2333831159 0.360059455 0.03165505666 0 -0.08265128246 -0.05505453076 0.0168532477 0 2.274330556 -0.7703664588 0.4032158425 1


mesh: pSphereShape20 tranform: pSphere20 0.04918995025 0.02123165855 0.1022304541 0 -0.03926350467 0.07182279034 0.003975849314 0 -0.2009688772 -0.1165570045 0.1209067073 0 2.31729805 -1.230026911 0.4442926626 1


mesh: pSphereShape21 tranform: pSphere21 0.04434310157 0.02020940123 0.2595142301 0 0.07566016943 0.1223923042 -0.02245919909 0 -0.2218076511 0.1420414777 0.02683885961 0 2.488408174 0.2460592096 0.1303314363 1


