mesh: pSphereShape1 tranform: pSphere1 0.01199623212 0.1427555975 -0.03217242051 0 0.0292696706 0.01515881172 0.07817661672 0 0.1419600147 -0.02290672496 -0.04870873541 0 -7.769861929 -0.04359495006 0.4677425255 1


mesh: pSphereShape2 tranform: pSphere2 0.03863881458 0.2549736375 -0.03141692879 0 0.05324365687 0.007928783426 0.1298313582 0 0.1207806276 -0.0242240166 -0.04805260761 0 -7.743290554 0.2978507675 0.3825893497 1


mesh: pSphereShape3 tranform: pSphere3 0.08555615209 0.276564172 -0.04930316172 0 0.04492586333 0.008532842773 0.1258248432 0 0.11945 -0.0440232598 -0.03966427214 0 -7.658280043 0.7571714662 0.3115048091 1


mesh: pSphereShape4 tranform: pSphere4 0.07792546759 0.006212648725 -0.1629644424 0 0.02965383575 0.1443744044 0.01968365877 0 0.1516853924 -0.04083210507 0.07097548049 0 -7.511303976 1.034136893 0.1596723264 1


mesh: pSphereShape5 tranform: pSphere5 0.09874823096 0.004960262098 -0.1584751463 0 0.02571938072 0.134619039 0.02023969776 0 0.1463294303 -0.04147026775 0.0898820371 0 -7.356887936 1.061020094 -0.09018415714 1


mesh: pSphereShape6 tranform: pSphere6 0.0526724327 -0.2478012501 -0.08263846972 0 0.08074793162 0.03697750092 -0.05941398692 0 0.06551350276 -0.01305730705 0.08091113737 0 -7.271828093 0.7723371554 -0.2349922483 1


mesh: pSphereShape7 tranform: pSphere7 0.134877093 -0.2091169247 -0.03580919549 0 0.07004493227 0.05343887362 -0.04824224743 0 0.06043189329 0.020133375 0.110045718 0 -7.08133226 0.3486316152 -0.2897820605 1


mesh: pSphereShape8 tranform: pSphere8 -0.01482409826 -0.1884309985 -0.01072672859 0 0.03603786772 -0.001396242352 -0.02527644372 0 0.06551785104 -0.0105050285 0.09399230529 0 -6.948608068 0.02620980328 -0.3194889842 1


mesh: pSphereShape10 tranform: pSphere10 0.07405462409 -0.007289615021 -0.1677182712 0 -0.002112058164 0.1545859101 -0.007651399201 0 0.2041965387 0.007236936417 0.08984676107 0 -7.415703204 1.478729208 0.03858301705 1


mesh: pSphereShape11 tranform: pSphere11 0.01912724219 0.0004629025915 -0.03966749723 0 0.09843163059 0.1314242082 0.04899634159 0 0.07954382756 -0.07355445698 0.03749683266 0 -7.373110116 1.286653653 0.1016655655 1


mesh: pSphereShape12 tranform: pSphere12 0.1531709553 0.008471841243 -0.2767643346 0 0.01951773562 0.1638668977 0.01581780601 0 0.2262183271 -0.03891432827 0.124005867 0 -7.480801978 0.8595420396 0.04387344929 1


mesh: pSphereShape13 tranform: pSphere13 0.1038593431 0.008306271194 -0.1927249705 0 0.03424180136 0.2022019962 0.02716760365 0 0.1692428558 -0.04067895787 0.08945162283 0 -7.46845598 0.6302039995 0.03250162709 1


mesh: pSphereShape14 tranform: pSphere14 0.1041017491 0.005857616124 -0.1954931213 0 0.03743300021 0.2371910692 0.02704041448 0 0.1660342293 -0.03615916476 0.08733119134 0 -7.489528294 0.4379529133 0.0142974594 1


mesh: pSphereShape15 tranform: pSphere15 0.06316098265 0.0008665767898 -0.1379898227 0 -0.01830030433 0.379542714 -0.005992922387 0 0.1707756903 0.009469440196 0.07822726487 0 -7.576955125 -0.1466990365 0.1770275209 1


mesh: pSphereShape16 tranform: pSphere16 0.04230519346 0.00287438169 -0.09080345973 0 0.07253155152 0.352559065 0.04495258939 0 0.0735892225 -0.01943246848 0.03366997218 0 -7.610657788 -0.8502589821 0.1900203225 1


mesh: pSphereShape17 tranform: pSphere17 0.0416458261 0.01640527195 -0.1030719907 0 -0.007330489777 0.1029064178 0.01341706371 0 0.2578639114 0.004687270339 0.1049349244 0 -7.506799661 -1.304997879 0.2212769593 1


mesh: pSphereShape18 tranform: pSphere18 0.05958940881 0.01753754843 -0.1117379494 0 -0.1404754047 0.3287294664 -0.02332007521 0 0.1158632863 0.05450184026 0.07034363382 0 -7.293553191 -0.1449031242 -0.1242920891 1


mesh: pSphereShape19 tranform: pSphere19 0.03755866587 0.007496324475 -0.07750502945 0 0.2527247027 0.3129135372 0.1527346568 0 0.06877809893 -0.06857939052 0.02669659361 0 -7.313868566 -0.7453399708 -0.2271699629 1


mesh: pSphereShape20 tranform: pSphere20 0.008942353309 0.04165926677 -0.1072662113 0 0.03970755826 0.0656466922 0.02880564197 0 0.2282046955 -0.125067839 -0.02954842366 0 -7.37112262 -1.174972938 -0.3664080537 1


mesh: pSphereShape21 tranform: pSphere21 0.1240657164 0.006980952262 -0.2329835412 0 -0.06390330197 0.1273272979 -0.03021390746 0 0.2027901948 0.1283138122 0.1118322061 0 -7.558133132 0.2771568025 -0.03174867788 1


