mesh: pSphereShape1 tranform: pSphere1 0.05811937383 0.133868421 -0.01610959594 0 0.01389833725 0.004026160497 0.08359852179 0 0.137185091 -0.0619448989 -0.01982385 0 -0.1527192907 0.02326948739 1.097813308 1


mesh: pSphereShape2 tranform: pSphere2 0.1006286819 0.2394781419 -0.003952865144 0 -0.007363332169 0.00540908369 0.1402514076 0 0.1217071642 -0.05100339492 0.008356792484 0 -0.01905129938 0.3453409459 1.044429689 1


mesh: pSphereShape3 tranform: pSphere3 0.1430090963 0.2557082822 -0.02000177285 0 -0.009072399251 0.01545166709 0.1326724211 0 0.1161098072 -0.06373465129 0.01536265883 0 0.1725757724 0.7779499644 1.01280672 1


mesh: pSphereShape4 tranform: pSphere4 0.1251454519 -0.01868911601 -0.1290647814 0 0.02204078243 0.1470542858 7.73957899e-05 0 0.1217199063 -0.0183071283 0.1206745679 0 0.3975092017 1.02243206 0.9056136384 1


mesh: pSphereShape5 tranform: pSphere5 0.1416754755 -0.01930019842 -0.1201904792 0 0.01822922052 0.137334604 -0.0005653660943 0 0.1127618354 -0.01441081968 0.1352329938 0 0.620885522 1.011532896 0.7123464483 1


mesh: pSphereShape6 tranform: pSphere6 0.1108400947 -0.2422165263 0.007388448674 0 0.09347462621 0.04184491563 -0.03048086559 0 0.02606666476 0.01499459406 0.1005227119 0 0.7787070632 0.7201271668 0.6791792651 1


mesh: pSphereShape7 tranform: pSphere7 0.1618721281 -0.1771057654 0.07506649655 0 0.07678633383 0.0578460729 -0.02910345298 0 0.004089025942 0.05274437111 0.1156232578 0 1.023035856 0.3445463061 0.8109757906 1


mesh: pSphereShape8 tranform: pSphere8 0.01892026158 -0.18579847 0.03101628694 0 0.04338698821 0.003281338892 -0.006810145293 0 0.01605610943 0.02034789694 0.1120966651 0 1.196117637 0.06058151461 0.9198503833 1


mesh: pSphereShape10 tranform: pSphere10 0.1128420512 -0.01373071528 -0.1440304942 0 0.01599668772 0.1539458377 -0.002143208721 0 0.1744870597 -0.01620647615 0.1382485309 0 0.5681963476 1.44292552 0.8263195911 1


mesh: pSphereShape11 tranform: pSphere11 0.02932587999 -0.001796667846 -0.0328076326 0 0.09191658748 0.1233990399 0.0754040304 0 0.05944506163 -0.07940566104 0.05748492627 0 0.5702541963 1.250565883 0.8908813382 1


mesh: pSphereShape12 tranform: pSphere12 0.2311484616 -0.03326912595 -0.2135302426 0 0.0178873978 0.1646933404 -0.006296808296 0 0.1759381121 -0.01175690691 0.1922864202 0 0.4591867476 0.8317109494 0.8368097088 1


mesh: pSphereShape13 tranform: pSphere13 0.1639022851 -0.02554613094 -0.1431157143 0 0.02519055313 0.2051857497 -0.007776314526 0 0.1276561935 -0.0100634889 0.1479937065 0 0.4696119083 0.6063210373 0.8744329806 1


mesh: pSphereShape14 tranform: pSphere14 0.1673859714 -0.01148535734 -0.1447033845 0 0.01398338077 0.2412211766 -0.002970833335 0 0.1246824388 -0.005446140167 0.1446589662 0 0.4605936804 0.413145052 0.8874253538 1


mesh: pSphereShape15 tranform: pSphere15 0.1033809479 -0.02491116966 -0.1082731042 0 -0.02488051593 0.36367991 -0.1074307729 0 0.1371381124 0.04500350462 0.1205874553 0 0.3578375591 -0.1706386783 1.109806922 1


mesh: pSphereShape16 tranform: pSphere16 0.07335342447 -0.004176002097 -0.06815494031 0 0.178159386 0.2626478047 0.1756553997 0 0.03930341303 -0.05729883105 0.04581208586 0 0.2263509387 -0.7678903168 1.117536514 1


mesh: pSphereShape17 tranform: pSphere17 0.098293824 -0.03699118598 -0.03996647815 0 0.04958072577 0.07464737206 0.05284889757 0 0.02449458446 -0.1709177074 0.2184359363 0 0.005909542988 -1.229426496 1.055672443 1


mesh: pSphereShape18 tranform: pSphere18 0.07869030454 -0.02095911322 -0.09855142884 0 0.042417365 0.3533235543 -0.04127299886 0 0.1138313795 -0.002974550155 0.09152348125 0 0.5370132821 -0.191582746 0.7950426626 1


mesh: pSphereShape19 tranform: pSphere19 0.05277252183 -0.01297112762 -0.06723606651 0 0.1239955175 0.4116025488 0.01791608319 0 0.07431565314 -0.02513765519 0.06317871317 0 0.4122171402 -0.9037875554 0.8176033954 1


mesh: pSphereShape20 tranform: pSphere20 0.04482459008 0.007885728993 -0.1060663551 0 -0.002472004715 0.08175874918 0.005033836983 0 0.2412145109 0.001012224558 0.1020146652 0 0.4895443083 -1.315997265 0.916778841 1


mesh: pSphereShape21 tranform: pSphere21 0.1994861819 -0.01368794568 -0.1724536736 0 -0.05451791004 0.1141685873 -0.07212547508 0 0.1423529565 0.1637912823 0.1516667117 0 0.4208930203 0.2410534359 0.8488171528 1


