mesh: pSphereShape1 tranform: pSphere1 0.0554908858 0.1285951775 -0.04407013439 0 0.06583624618 -0.01042126001 0.05248878566 0 0.07666696275 -0.07085982216 -0.1102314255 0 2.019265255 0.09788413468 0.3171564878 1


mesh: pSphereShape2 tranform: pSphere2 0.1160052121 0.2250832998 -0.05806751358 0 0.08924726026 -0.01839087757 0.1070076462 0 0.08335448758 -0.06372002636 -0.08047113602 0 2.140941944 0.4095439639 0.2051725159 1


mesh: pSphereShape3 tranform: pSphere3 0.1349097084 0.2412484359 -0.09918145437 0 0.0855856554 -0.005600032014 0.1027947907 0 0.08222486822 -0.07582444579 -0.07259014303 0 2.337796538 0.8209953032 0.07460843416 1


mesh: pSphereShape4 tranform: pSphere4 0.01842741034 -0.004076518978 -0.1797559388 0 0.0244332834 0.1466734632 -0.0008215306702 0 0.1691216581 -0.02807209447 0.01797387413 0 2.480943796 1.064947748 -0.1406354203 1


mesh: pSphereShape5 tranform: pSphere5 0.03988373903 -0.004494946791 -0.1824260731 0 0.02351450578 0.1365185967 0.001777172408 0 0.1699669533 -0.0297690714 0.03789331143 0 2.54197157 1.076774413 -0.4290205621 1


mesh: pSphereShape6 tranform: pSphere6 0.1080759815 -0.2319873166 -0.07423226077 0 0.03962449409 0.04650977347 -0.08766028928 0 0.08766002046 0.02407220151 0.05239632038 0 2.658263771 0.8024114825 -0.5704909359 1


mesh: pSphereShape7 tranform: pSphere7 0.2508779059 -0.01512699655 -0.00595543505 0 0.002125418441 0.06528957695 -0.07630251585 0 0.007769601903 0.09632325793 0.08263709716 0 3.015492483 0.596444351 -0.598292046 1


mesh: pSphereShape8 tranform: pSphere8 0.1639618442 -0.07619752667 0.05613829694 0 0.02020618915 0.01780778877 -0.03484492199 0 0.02284344241 0.09449224645 0.06153771512 0 3.358659817 0.550880749 -0.5683210087 1


mesh: pSphereShape10 tranform: pSphere10 0.01735419939 -0.002254786504 -0.1826482741 0 0.002156325231 0.1547651421 -0.001705688473 0 0.2221839164 -0.002862610454 0.02114598992 0 2.549087764 1.500895724 -0.2808363659 1


mesh: pSphereShape11 tranform: pSphere11 0.00453400064 3.56700806e-05 -0.04380659283 0 0.1149236367 0.1265320648 0.01199767472 0 0.08421405883 -0.07730850422 0.008653240792 0 2.601807859 1.305691987 -0.2456218081 1


mesh: pSphereShape12 tranform: pSphere12 0.03207208965 -0.008375557752 -0.3146948389 0 0.01608490353 0.1649763926 -0.002751531735 0 0.258314774 -0.02473517331 0.02698444465 0 2.479757612 0.8827801597 -0.2487096702 1


mesh: pSphereShape13 tranform: pSphere13 0.01883842679 -0.01654733827 -0.2176464354 0 0.03225093162 0.2039471756 -0.01271431846 0 0.1925759761 -0.02927487507 0.01889417431 0 2.497862998 0.6536800985 -0.2442645257 1


mesh: pSphereShape14 tranform: pSphere14 0.01613018639 -0.006124628433 -0.2208876464 0 0.03296197533 0.2393483583 -0.004229466746 0 0.188756301 -0.02573848425 0.01449747427 0 2.480989783 0.4603318148 -0.2372666145 1


mesh: pSphereShape15 tranform: pSphere15 -0.01716533922 0.00449436927 -0.1507196192 0 -0.1755347357 0.3357244221 0.03000261567 0 0.1654511998 0.08795631832 -0.01622030236 0 2.642775171 -0.09296933281 -0.1072305057 1


mesh: pSphereShape16 tranform: pSphere16 -0.01160786127 0.004549581869 -0.09943751115 0 -0.08723953952 0.3511121453 0.02624842367 0 0.08020651063 0.02055825123 -0.008422320623 0 2.931746756 -0.73849317 -0.126850784 1


mesh: pSphereShape17 tranform: pSphere17 0.002790426377 0.01508135494 -0.1113198514 0 -0.02407579292 0.1003741591 0.0129949562 0 0.2707903102 0.06296865578 0.01531867903 0 3.241851153 -1.146538601 -0.1391802623 1


mesh: pSphereShape18 tranform: pSphere18 -0.01234553815 -0.01910565919 -0.125802997 0 0.01214835045 0.3538022053 -0.05492398783 0 0.1453251677 -0.007037955797 -0.0131924728 0 2.449041726 -0.1305117796 -0.3726427211 1


mesh: pSphereShape19 tranform: pSphere19 -0.009509715335 -0.01265251961 -0.08499033424 0 0.1801757892 0.3830048949 -0.0771781576 0 0.0907972401 -0.04345702283 -0.003690008702 0 2.303630445 -0.8212916206 -0.2715315979 1


mesh: pSphereShape20 tranform: pSphere20 -0.0318008051 -0.003225206372 -0.1109044955 0 0.03006809619 0.07546429871 -0.01081631181 0 0.2327047462 -0.101858457 -0.06376372488 0 2.333861476 -1.283419788 -0.2207509066 1


mesh: pSphereShape21 tranform: pSphere21 0.01922353032 -0.007299170483 -0.2632480658 0 -0.07708332783 0.1232277895 -0.009045742943 0 0.2237978902 0.1409063392 0.01243574621 0 2.407977635 0.2950216833 -0.2421703469 1


