mesh: pSphereShape1 tranform: pSphere1 -0.02616376049 0.1406231609 0.03314693162 0 -0.07206555255 -0.00287631168 -0.04468075155 0 -0.07541491471 -0.04336088309 0.1244280081 0 2.76850853 -0.07736150418 -0.430072908 1


mesh: pSphereShape2 tranform: pSphere2 -0.07017461049 0.2463706352 0.04322697471 0 -0.108839822 -0.0156419878 -0.08753945131 0 -0.07565293244 -0.03928356115 0.1010804221 0 2.715710688 0.2612368697 -0.346000528 1


mesh: pSphereShape3 tranform: pSphere3 -0.09223874231 0.2661941355 0.08289206689 0 -0.1014780663 -0.008087983645 -0.0869472274 0 -0.07622427279 -0.05572955565 0.09414712562 0 2.595065268 0.7083551701 -0.2466752813 1


mesh: pSphereShape4 tranform: pSphere4 0.02014355009 0.01451305283 0.179030706 0 -0.02490225237 0.1463166875 -0.009059239532 0 -0.1688515258 -0.02742362653 0.02122133009 0 2.516777734 0.9857558894 -0.04635182896 1


mesh: pSphereShape5 tranform: pSphere5 -0.0009755736704 0.01465444577 0.1862108611 0 -0.02420812405 0.1359784434 -0.01082807695 0 -0.1739455434 -0.03084663301 0.001516257519 0 2.517589007 1.027765323 0.2455717984 1


mesh: pSphereShape6 tranform: pSphere6 -0.05033000744 -0.2401052205 0.1040448693 0 -0.03212991144 0.04611483109 0.0908772635 0 -0.09808667125 0.004535819462 -0.03698047762 0 2.471262701 0.7514247715 0.4216131023 1


mesh: pSphereShape7 tranform: pSphere7 -0.1397150576 -0.1820298817 0.1027075543 0 -0.02496497878 0.06163679296 0.07527931838 0 -0.1008735328 0.04004781703 -0.0662429565 0 2.253776619 0.3671229376 0.5738689935 1


mesh: pSphereShape8 tranform: pSphere8 -0.01687062155 -0.1875084969 0.01992494695 0 -0.02456956177 0.00604104487 0.0360474468 0 -0.09493370678 0.001636544365 -0.06498008096 0 2.088061257 0.07505016449 0.6718980525 1


mesh: pSphereShape10 tranform: pSphere10 0.07447043305 0.008177053379 0.1674930886 0 -9.455078502e-08 0.1546054285 -0.007547832639 0 -0.2039953685 0.00441731851 0.09048434721 0 2.493509042 1.435973313 0.07985319747 1


mesh: pSphereShape11 tranform: pSphere11 0.01266884385 0.00490658474 0.04189274199 0 -0.1112946912 0.1289614147 0.01855249663 0 -0.08069184502 -0.07440181559 0.03311626624 0 2.424830277 1.240165513 0.07246856368 1


mesh: pSphereShape12 tranform: pSphere12 0.02481085992 0.02410929868 0.3145389856 0 -0.01609439499 0.1646077388 -0.01134759608 0 -0.2588562121 -0.02377623213 0.0222410379 0 2.541876457 0.8155452451 0.07719690072 1


mesh: pSphereShape13 tranform: pSphere13 0.02297988088 0.01638949584 0.2172601691 0 -0.03155763412 0.2040954076 -0.01205849269 0 -0.1923197975 -0.02840839583 0.02248495591 0 2.525050846 0.5879513621 0.1050038956 1


mesh: pSphereShape14 tranform: pSphere14 0.02714894782 0.01225751329 0.2195489338 0 -0.03372166548 0.2391037562 -0.009179319151 0 -0.1877303221 -0.02553035372 0.02463969775 0 2.542239611 0.3943998612 0.1160184322 1


mesh: pSphereShape15 tranform: pSphere15 0.03832562759 0.008305953546 0.146606307 0 0.07507643823 0.3703216131 -0.0406068869 0 -0.1781487452 0.04096882502 0.04425032892 0 2.452414881 -0.1826808117 -0.02264794584 1


mesh: pSphereShape16 tranform: pSphere16 0.02458895585 0.00944654136 0.0966923258 0 -0.06688694804 0.3560751797 -0.01777802618 0 -0.07920955015 -0.01380607846 0.02149187958 0 2.395016669 -0.8766123261 0.005995521896 1


mesh: pSphereShape17 tranform: pSphere17 0.01025481236 0.002711730272 0.1118696938 0 -0.004061947438 0.1039344762 -0.0021470315 0 -0.2770618574 -0.01029827072 0.02564719178 0 2.268506519 -1.346389516 0.03273368725 1


mesh: pSphereShape18 tranform: pSphere18 0.02215612168 0.01094071301 0.1254322114 0 0.135656939 0.3273824951 -0.05251784606 0 -0.1328214858 0.05798922575 0.01840329129 0 2.444128242 -0.1853350308 0.3410906447 1


mesh: pSphereShape19 tranform: pSphere19 0.01906406401 0.002259753454 0.08429313632 0 -0.3313500726 0.2659350365 0.06781016373 0 -0.06029080579 -0.07913910303 0.01575718617 0 2.540672398 -0.7492202739 0.3676819099 1


mesh: pSphereShape20 tranform: pSphere20 0.04876873001 0.03546333076 0.09841475203 0 -0.06504493489 0.04750418857 0.01511462545 0 -0.1146077017 -0.1976583638 0.1280183685 0 2.752020627 -1.184868419 0.3778219963 1


mesh: pSphereShape21 tranform: pSphere21 0.03235539931 0.01460818075 0.2616526234 0 0.07623035702 0.1230129258 -0.01629434722 0 -0.2232414635 0.1409556004 0.01973594509 0 2.616337093 0.2295544773 0.1202401029 1


