mesh: pSphereShape1 tranform: pSphere1 0.07555605655 0.1197145474 -0.03895952109 0 0.06344323227 -0.02336012375 0.05125765786 0 0.0636950198 -0.07732517043 -0.1140774614 0 -0.9887711606 0.008471868825 0.5413470668 1


mesh: pSphereShape2 tranform: pSphere2 0.1436799779 0.2097320489 -0.05347961124 0 0.09374467346 -0.03949056213 0.09698642112 0 0.06601380434 -0.06861830914 -0.09174705107 0 -0.8260422749 0.304640383 0.4407093601 1


mesh: pSphereShape3 tranform: pSphere3 0.1578563974 0.2283700456 -0.09574381548 0 0.09250905586 -0.02471883154 0.0935632819 0 0.06444172147 -0.08013248494 -0.08488612248 0 -0.5834158939 0.6941126601 0.3194074381 1


mesh: pSphereShape4 tranform: pSphere4 -0.007489297525 0.01465129387 -0.1799934304 0 0.03304267063 0.144605919 0.01039592066 0 0.167913662 -0.03764594343 -0.01005101769 0 -0.4383952616 0.9410529048 0.1087350813 1


mesh: pSphereShape5 tranform: pSphere5 0.01154023028 0.01387965797 -0.185914947 0 0.0322237009 0.1342035284 0.01201930258 0 0.1714736724 -0.04184613221 0.007519759367 0 -0.4198084858 0.9816362595 -0.1830154155 1


mesh: pSphereShape6 tranform: pSphere6 0.1004158357 -0.2250682511 -0.1013405332 0 0.03337299724 0.05368094914 -0.08615210172 0 0.09149811888 0.01941604176 0.04754193964 0 -0.3251645173 0.7219562688 -0.3558208593 1


mesh: pSphereShape7 tranform: pSphere7 0.2272901866 -0.08949684674 -0.05944327024 0 0.009820388767 0.07140582437 -0.06995776153 0 0.05289782323 0.07712401653 0.08614599776 0 0.0108198877 0.4466800482 -0.4595224504 1


mesh: pSphereShape8 tranform: pSphere8 0.1224583344 -0.1440555612 -0.009644139499 0 0.02336723716 0.0218884275 -0.03023979131 0 0.0630259165 0.0479908505 0.08343925934 0 0.3164843027 0.2850988366 -0.5064500734 1


mesh: pSphereShape10 tranform: pSphere10 0.001348104378 0.004684328083 -0.1834199662 0 -0.01137201376 0.1543230514 0.003857645144 0 0.2225970405 0.01635176545 0.002053653628 0 -0.4246981413 1.393547819 -0.01668464684 1


mesh: pSphereShape11 tranform: pSphere11 -0.0005393061471 0.002095130827 -0.04398744804 0 0.104770522 0.1354923214 0.005168991677 0 0.09070743361 -0.06997068003 -0.00444483174 0 -0.3518901841 1.202458432 0.004519544878 1


mesh: pSphereShape12 tranform: pSphere12 -0.01527743799 0.02444173701 -0.3151203134 0 0.02482562468 0.1635097295 0.01147875815 0 0.257646029 -0.03803430716 -0.01544107301 0 -0.4653947545 0.7719165531 -0.01579189354 1


mesh: pSphereShape13 tranform: pSphere13 -0.01853125557 0.01158999032 -0.2179929729 0 0.04934018719 0.2007978181 0.006481443549 0 0.1893326187 -0.04592461886 -0.0185365472 0 -0.4642502007 0.5424913491 -0.04006503084 1


mesh: pSphereShape14 tranform: pSphere14 -0.02828881985 0.006975869922 -0.21963635 0 0.05580902795 0.2351112317 0.0002792517355 0 0.1842811095 -0.04371349567 -0.02512350423 0 -0.499165403 0.350817983 -0.04558724253 1


mesh: pSphereShape15 tranform: pSphere15 -0.03738872018 0.002237832045 -0.1470657253 0 -0.1424349926 0.3498722347 0.04153528884 0 0.1680994021 0.07337512864 -0.0416196247 0 -0.347826512 -0.195133541 0.09376153739 1


mesh: pSphereShape16 tranform: pSphere16 -0.02377999631 0.009292555583 -0.09690933881 0 0.08733682277 0.3518526014 0.01230779765 0 0.07832695852 -0.01870724163 -0.02101400022 0 -0.2381128248 -0.8572194525 0.06931886956 1


mesh: pSphereShape17 tranform: pSphere17 -0.005428446199 0.0004458454843 -0.1122393703 0 0.01342877664 0.103165377 -0.0002396803723 0 0.2757797852 -0.03592887774 -0.01348078175 0 -0.141199548 -1.34018103 0.05880121647 1


mesh: pSphereShape18 tranform: pSphere18 -0.02950201694 0.008596522282 -0.1240949773 0 -0.04588834209 0.3535270314 0.03539951209 0 0.1409120369 0.0214959292 -0.03201095767 0 -0.5233380079 -0.2526888003 -0.2496298785 1


mesh: pSphereShape19 tranform: pSphere19 -0.02537041812 0.001828329187 -0.08262491724 0 0.3857618778 0.1518371302 -0.1150903649 0 0.03340451581 -0.09422356774 -0.0123420182 0 -0.7623202058 -0.7612862926 -0.2216354509 1


mesh: pSphereShape20 tranform: pSphere20 -0.04529254836 0.05512933367 -0.09072398748 0 0.07518454398 0.02166280371 -0.02437110319 0 0.01721631231 -0.2194321701 -0.1419351193 0 -1.107234433 -1.109315956 -0.1966474307 1


mesh: pSphereShape21 tranform: pSphere21 -0.0337138687 0.008313657618 -0.2617568038 0 -0.06433343819 0.1300606867 0.01241690401 0 0.2351029054 0.1188223218 -0.02650697244 0 -0.5882462471 0.1935234154 -0.04328895257 1


