mesh: pSphereShape1 tranform: pSphere1 -0.02355789747 0.139678641 0.03863984391 0 -0.007299468715 0.02139077245 -0.08177554159 0 -0.1492846459 -0.02691657782 0.006284668998 0 4.773732288 -0.09188314481 -0.4541480604 1


mesh: pSphereShape2 tranform: pSphere2 -0.0445367019 0.2515613872 0.04716871679 0 -0.01604023033 0.02298431144 -0.1377256934 0 -0.1293918873 -0.02495249279 0.0109054438 0 4.723307847 0.2402602716 -0.3466365678 1


mesh: pSphereShape3 tranform: pSphere3 -0.1001768321 0.2720611016 0.04675208481 0 -0.008296408748 0.01965705345 -0.1321658186 0 -0.1250693656 -0.04622017338 0.0009766077299 0 4.61939202 0.6917319039 -0.2582373324 1


mesh: pSphereShape4 tranform: pSphere4 -0.1026270267 0.0283872819 0.1460487611 0 -0.01581731157 0.1426596721 -0.03884321883 0 -0.1407034532 -0.04038368219 -0.09102161482 0 4.448084734 0.9836993474 -0.1270228577 1


mesh: pSphereShape5 tranform: pSphere5 -0.127939901 0.02641422494 0.133506029 0 -0.01222264933 0.1326756756 -0.03796300228 0 -0.1277711175 -0.04429841098 -0.1136796296 0 4.252492776 1.044898193 0.08412481069 1


mesh: pSphereShape6 tranform: pSphere6 -0.08726374383 -0.2286429768 0.1054342902 0 -0.09047122867 0.04833466908 0.02993831032 0 -0.04400326027 -0.02552291355 -0.09176828662 0 4.118870465 0.7830085536 0.2464511288 1


mesh: pSphereShape7 tranform: pSphere7 -0.1497884422 -0.1982803453 0.03810963305 0 -0.07685010881 0.06175254398 0.01923549518 0 -0.03105405989 -0.0002390442863 -0.123300506 0 3.896622604 0.3776414769 0.3229746984 1


mesh: pSphereShape8 tranform: pSphere8 -0.0003865415721 -0.1811056031 0.0551513276 0 -0.04277343054 0.003138936562 0.01000783325 0 -0.02739990005 -0.03249948127 -0.1069136431 0 3.745623337 0.06619290133 0.3735739443 1


mesh: pSphereShape10 tranform: pSphere10 -0.07522168006 0.01952685861 0.1662138531 0 -0.01976819848 0.1511812061 -0.02670710688 0 -0.2015815448 -0.04161082466 -0.08633921608 0 4.279077312 1.423148859 -0.1148262896 1


mesh: pSphereShape11 tranform: pSphere11 -0.02297828394 0.006524142227 0.03700013574 0 -0.1089784431 0.1008974843 -0.08547014983 0 -0.06518584834 -0.09109305465 -0.02442031277 0 4.27065861 1.216772593 -0.1416174744 1


mesh: pSphereShape12 tranform: pSphere12 -0.2128545833 0.04483443688 0.2298138599 0 -0.006990935986 0.1612326013 -0.03792993885 0 -0.1927357262 -0.04814246331 -0.1691205328 0 4.388929848 0.8251245308 0.0004816624303 1


mesh: pSphereShape13 tranform: pSphere13 -0.1474084729 0.03693169469 0.1578146495 0 -0.01095919654 0.1986420483 -0.05672265493 0 -0.1444078709 -0.04357226359 -0.1246889705 0 4.360111849 0.5998636203 0.03311799008 1


mesh: pSphereShape14 tranform: pSphere14 -0.1515842171 0.03694225359 0.1573103346 0 -0.009765110671 0.2327891387 -0.06407711277 0 -0.1391265103 -0.04014298903 -0.1246352359 0 4.361129207 0.4106337484 0.07752497662 1


mesh: pSphereShape15 tranform: pSphere15 -0.1127767994 0.001642446864 0.1015379128 0 0.03351629578 0.3772684355 0.03112351949 0 -0.1247556358 0.02254444871 -0.1389290856 0 4.466564472 -0.1889893051 -0.04496576745 1


mesh: pSphereShape16 tranform: pSphere16 -0.07477253522 0.003408002757 0.06663867688 0 -0.0304961072 0.3576204496 -0.0525076861 0 -0.05497030894 -0.01364133345 -0.06098229811 0 4.466916052 -0.8927862413 -0.07791342931 1


mesh: pSphereShape17 tranform: pSphere17 -0.09905404267 -0.005060748452 0.05282072045 0 -0.005052064079 0.1039121219 0.0004817378276 0 -0.1307828026 -0.005219154504 -0.2457554162 0 4.419371745 -1.359776462 -0.2057919148 1


mesh: pSphereShape18 tranform: pSphere18 -0.1075383873 0.01343642771 0.06781438084 0 0.08671946409 0.3404576812 0.07006089616 0 -0.07064402096 0.04279192868 -0.1205041562 0 4.160554296 -0.1618618178 0.170402985 1


mesh: pSphereShape19 tranform: pSphere19 -0.07192752911 0.00737178649 0.047391615 0 -0.05466283211 0.4012361054 -0.145375703 0 -0.05439704293 -0.03533258485 -0.07706385648 0 4.085760607 -0.8441456994 0.2065524184 1


mesh: pSphereShape20 tranform: pSphere20 -0.0872575681 0.01434382937 0.07417460239 0 -0.005905305855 0.07867623662 -0.02216123967 0 -0.170388894 -0.06567177622 -0.1877426413 0 4.015941627 -1.298707102 0.169646895 1


mesh: pSphereShape21 tranform: pSphere21 -0.1806540683 0.04402680259 0.1874783039 0 0.06353235822 0.1272409727 0.03133891052 0 -0.1547398133 0.1209848996 -0.1775189683 0 4.401892612 0.2546290443 0.1592754328 1


