mesh: pSphereShape1 tranform: pSphere1 -0.01795627432 0.1425953283 0.03003796601 0 -0.04469553657 0.00943212617 -0.07149426969 0 -0.1277031965 -0.03200887076 0.07561237014 0 4.725790515 -0.09145284647 -0.42057503 1


mesh: pSphereShape2 tranform: pSphere2 -0.04921565293 0.2532894515 0.03022929824 0 -0.06859982684 0.001310120727 -0.1226632851 0 -0.1126552903 -0.02937134464 0.06268912 0 4.688934138 0.2501790195 -0.3402999604 1


mesh: pSphereShape3 tranform: pSphere3 -0.09325681018 0.2731830513 0.05396837926 0 -0.0600710157 0.003121434526 -0.1196025229 0 -0.1113864693 -0.04882444147 0.05467021838 0 4.588091059 0.7063970687 -0.2688868515 1


mesh: pSphereShape4 tranform: pSphere4 -0.03968155259 0.01963557723 0.175237563 0 -0.02357733861 0.1452165768 -0.0216106447 0 -0.1659337974 -0.0319991457 -0.03398922532 0 4.465739033 0.9929044688 -0.1017724369 1


mesh: pSphereShape5 tranform: pSphere5 -0.06256064015 0.01856443311 0.1750191917 0 -0.02044742356 0.1353002216 -0.02166034356 0 -0.164407681 -0.03368251887 -0.05519482068 0 4.370556416 1.041848196 0.173208352 1


mesh: pSphereShape6 tranform: pSphere6 -0.05953276689 -0.2386550487 0.1025113594 0 -0.06865468706 0.04617099721 0.06761921944 0 -0.07690774798 -0.01110029824 -0.07050607165 0 4.290441567 0.7673241497 0.344716776 1


mesh: pSphereShape7 tranform: pSphere7 -0.1424451592 -0.1962253769 0.06640026341 0 -0.05863991107 0.06091599345 0.05422105457 0 -0.073938888 0.01928393485 -0.1016297066 0 4.079107868 0.3628830171 0.4491694178 1


mesh: pSphereShape8 tranform: pSphere8 0.003117192779 -0.1878080523 0.02365325354 0 -0.03485543983 0.002793551072 0.0267744355 0 -0.07030130113 -0.01252852232 -0.09021231108 0 3.929659926 0.05306675851 0.5123758174 1


mesh: pSphereShape10 tranform: pSphere10 -0.01761530726 0.01483768321 0.1820334816 0 -0.0166757452 0.1532409581 -0.0141044886 0 -0.2208701429 -0.02580879973 -0.01926982116 0 4.348545442 1.436665749 -0.01589235985 1


mesh: pSphereShape11 tranform: pSphere11 -0.00785496338 0.00529669542 0.04300954054 0 -0.1219303474 0.1147592506 -0.03640130054 0 -0.07791221086 -0.08401250081 -0.003883067172 0 4.317667638 1.236002461 -0.04024796261 1


mesh: pSphereShape12 tranform: pSphere12 -0.09550103802 0.03182303762 0.2999974276 0 -0.01677199753 0.163365657 -0.02266864312 0 -0.2473257447 -0.03579006577 -0.07493703171 0 4.454218721 0.826791012 0.02929907867 1


mesh: pSphereShape13 tranform: pSphere13 -0.06440669277 0.02433913115 0.2079857115 0 -0.02605046707 0.2027480969 -0.03179322706 0 -0.1854243991 -0.03223716856 -0.0536476643 0 4.433538756 0.6001810399 0.05694532684 1


mesh: pSphereShape14 tranform: pSphere14 -0.06563128509 0.02215454312 0.2104536932 0 -0.02934277291 0.2374136681 -0.03414335541 0 -0.1809984124 -0.03003317155 -0.05328386993 0 4.446870191 0.4075530219 0.08213105125 1


mesh: pSphereShape15 tranform: pSphere15 -0.08775742041 0.002486816348 0.1237889444 0 0.02732658497 0.3788646365 0.01176150133 0 -0.1528468168 0.01439730165 -0.1086465828 0 4.504267741 -0.1894706641 -0.09822160225 1


mesh: pSphereShape16 tranform: pSphere16 -0.05818086905 0.002956923801 0.08154448382 0 -0.0364363528 0.3587900421 -0.03900709572 0 -0.06724721628 -0.01199819109 -0.04754489288 0 4.506111059 -0.8974405668 -0.1232920115 1


mesh: pSphereShape17 tranform: pSphere17 -0.09825975501 -0.0134693411 0.05282935215 0 -0.007249421265 0.1029937477 0.01277569256 0 -0.1336890026 0.02077686885 -0.2433570996 0 4.461964811 -1.346338854 -0.2724107095 1


mesh: pSphereShape18 tranform: pSphere18 -0.01426113518 0.00937577863 0.1266986479 0 0.06072615587 0.352536379 -0.01925260585 0 -0.1430528964 0.0236665785 -0.01785330255 0 4.366784666 -0.1921196556 0.2919117177 1


mesh: pSphereShape19 tranform: pSphere19 -0.007752919105 0.004909196772 0.08596318913 0 -0.1992410453 0.3792691749 -0.03962866839 0 -0.08881903987 -0.04721446515 -0.005314155232 0 4.441192661 -0.872763987 0.3613374099 1


mesh: pSphereShape20 tranform: pSphere20 0.03053931212 0.03171037621 0.1066925617 0 -0.01553565589 0.07823632771 -0.01880595149 0 -0.2476392025 -0.02999328305 0.07979777642 0 4.41252875 -1.288718608 0.4375959776 1


mesh: pSphereShape21 tranform: pSphere21 -0.07821763298 0.02640319964 0.2508131558 0 0.07496195372 0.1244339924 0.01027813327 0 -0.2130078599 0.1349815005 -0.08063737347 0 4.514316561 0.2452909505 0.1246077185 1


