mesh: pSphereShape1 tranform: pSphere1 0.01684225964 0.1377753901 -0.04787917084 0 0.078207378 0.001850968325 0.03283696901 0 0.0562186315 -0.05237713037 -0.1309427601 0 2.434365746 -0.0349968161 1.643907119 1


mesh: pSphereShape2 tranform: pSphere2 0.05396281134 0.2440915522 -0.07070266159 0 0.117128458 -0.003414283842 0.07760928536 0 0.06772723475 -0.04515533195 -0.1042009298 0 2.462960664 0.2963783848 1.526161055 1


mesh: pSphereShape3 tranform: pSphere3 0.06649375513 0.2623599228 -0.1139484515 0 0.1097173739 0.005427971259 0.07652234151 0 0.07018888962 -0.05965958567 -0.09640465761 0 2.548157109 0.7383418947 1.377703286 1


mesh: pSphereShape4 tranform: pSphere4 -0.04696009083 -0.007221066064 -0.1743874739 0 0.017385577 0.1472830251 -0.0107804115 0 0.1652310104 -0.02269219073 -0.04355474209 0 2.581713219 0.996471348 1.147456592 1


mesh: pSphereShape5 tranform: pSphere5 -0.02218458402 -0.007390813158 -0.1853197492 0 0.01553434198 0.1374707053 -0.007342138213 0 0.1742934332 -0.02076547379 -0.0200364699 0 2.539837921 1.004147733 0.8560408865 1


mesh: pSphereShape6 tranform: pSphere6 0.07650072137 -0.2290760638 -0.1126088718 0 0.01441079672 0.05054539614 -0.0930326703 0 0.09950648962 0.02024620728 0.02641352069 0 2.605209574 0.7307884129 0.6787048627 1


mesh: pSphereShape7 tranform: pSphere7 0.1827333183 -0.1301391438 -0.1134740257 0 0.001458901717 0.06716172041 -0.07467593391 0 0.08730729686 0.06787574023 0.06275146501 0 2.888188137 0.4133165252 0.5049646571 1


mesh: pSphereShape8 tranform: pSphere8 0.08820242843 -0.1668788473 -0.01458902856 0 0.01066037259 0.009280935563 -0.04171087029 0 0.09792115534 0.04862172978 0.03584511978 0 3.130710683 0.1915630165 0.385396644 1


mesh: pSphereShape10 tranform: pSphere10 -0.07635164852 0.001017341747 -0.1668413471 0 0.008539540198 0.1545253673 -0.00296570888 0 0.2025897435 -0.01297659005 -0.0927903232 0 2.604835756 1.42859736 0.992384674 1


mesh: pSphereShape11 tranform: pSphere11 -0.01508501706 0.002121916976 -0.04132209745 0 0.1124794976 0.1245324085 -0.03466686826 0 0.07705889708 -0.07855467192 -0.03216490331 0 2.659795989 1.233473806 1.006825005 1


mesh: pSphereShape12 tranform: pSphere12 -0.07099890096 -0.0136145175 -0.3080672191 0 0.008661842223 0.1652935771 -0.009301131043 0 0.2538780794 -0.016555136 -0.05777854092 0 2.548183922 0.8121647406 1.048525027 1


mesh: pSphereShape13 tranform: pSphere13 -0.04501707007 -0.02289485382 -0.213185273 0 0.006990862315 0.2054103387 -0.0235360902 0 0.1914125024 -0.01101027402 -0.03923700404 0 2.581388407 0.5862694042 1.049722856 1


mesh: pSphereShape14 tranform: pSphere14 -0.04894528014 -0.01328027568 -0.2156780938 0 0.008267132112 0.24092409 -0.01671090172 0 0.1862189995 -0.00928154677 -0.04168842296 0 2.585579648 0.392296477 1.063637467 1


mesh: pSphereShape15 tranform: pSphere15 -0.06091618086 -0.000671009476 -0.1389964766 0 -0.1168491826 0.3582197943 0.0494806576 0 0.1622650838 0.06279468819 -0.07141695435 0 2.739129163 -0.1860780823 1.178087915 1


mesh: pSphereShape16 tranform: pSphere16 -0.04011782923 -0.00147433645 -0.09182399399 0 -0.08949617555 0.3499268823 0.03348234156 0 0.07345077034 0.0218897121 -0.03244204627 0 2.97807949 -0.8570616745 1.120788705 1


mesh: pSphereShape17 tranform: pSphere17 -0.04710569971 0.02207929136 -0.09960371982 0 -0.01535386327 0.09868524666 0.02913701207 0 0.2494294105 0.06911270649 -0.1026426257 0 3.274955261 -1.257997167 1.004796964 1


mesh: pSphereShape18 tranform: pSphere18 -0.04034608255 -0.01910175724 -0.1197962816 0 0.02791382217 0.3511203033 -0.06538790745 0 0.1381582114 -0.01908201072 -0.04348751562 0 2.478381296 -0.2064044173 0.9626497811 1


mesh: pSphereShape19 tranform: pSphere19 -0.02827271938 -0.01239485717 -0.08075208175 0 0.1785059659 0.3727174156 -0.11970748 0 0.08552528192 -0.04820169967 -0.02254529015 0 2.312109364 -0.8869615181 1.107249214 1


mesh: pSphereShape20 tranform: pSphere20 -0.03408046084 -0.009197820643 -0.1098882276 0 0.01272223662 0.08025204879 -0.01066286775 0 0.2468985903 -0.04877203667 -0.07249021545 0 2.358685645 -1.302101937 1.184857958 1


mesh: pSphereShape21 tranform: pSphere21 -0.05833169277 -0.01582708196 -0.2570394586 0 -0.08725757566 0.1159071427 0.01266502142 0 0.203740424 0.159505849 -0.05605768098 0 2.529760155 0.2213932286 1.082572192 1


