mesh: pSphereShape1 tranform: pSphere1 -0.04730036122 0.1386044356 -0.01047000871 0 0.03392165932 0.005717778722 -0.07755459127 0 -0.1302805755 -0.04903730944 -0.06059883376 0 4.686459123 -0.04792159037 0.2527801651 1


mesh: pSphereShape2 tranform: pSphere2 -0.06887339317 0.2467508362 -0.04315110371 0 0.08073106015 0.002418627188 -0.1150242598 0 -0.1024035045 -0.04130383028 -0.07274154218 0 4.569936873 0.2848295505 0.2387175074 1


mesh: pSphereShape3 tranform: pSphere3 -0.1114391594 0.2645125696 -0.06207102698 0 0.080175 0.008701509569 -0.1068610634 0 -0.0940355123 -0.0572673832 -0.07521551467 0 4.424748563 0.729855933 0.1671759576 1


mesh: pSphereShape4 tranform: pSphere4 -0.1738653671 -0.001896993588 0.04935200621 0 -0.007473909137 0.1470623865 -0.02067752925 0 -0.04629799352 -0.02542367835 -0.1640834247 0 4.197783539 0.9937842671 0.138833939 1


mesh: pSphereShape5 tranform: pSphere5 -0.1852147818 -0.002178783963 0.0241024235 0 -0.004003378879 0.1372605115 -0.01835599413 0 -0.02231255446 -0.02386892492 -0.1736182312 0 3.907277258 1.009739351 0.1837514392 1


mesh: pSphereShape6 tranform: pSphere6 -0.1009889755 -0.2433407666 -0.03994320388 0 -0.09590196998 0.04297340285 -0.01933092542 0 0.0236592708 0.006921906641 -0.1019875021 0 3.739433249 0.7233102322 0.1548324606 1


mesh: pSphereShape7 tranform: pSphere7 -0.1136483676 -0.1860286701 -0.1252253941 0 -0.08022734765 0.05870055476 -0.01439228083 0 0.05049392669 0.04235031361 -0.1087393253 0 3.573789276 0.3340336488 -0.04429699713 1


mesh: pSphereShape8 tranform: pSphere8 -0.008279676264 -0.1874439017 -0.02524457355 0 -0.04280516477 0.003216822792 -0.009846112389 0 0.02658863322 0.01378660881 -0.1110876766 0 3.457330346 0.04023832389 -0.1946255804 1


mesh: pSphereShape10 tranform: pSphere10 -0.1532323457 -0.0159053112 0.09966701369 0 -0.02542572234 0.1519642439 -0.01483945822 0 -0.1171754194 -0.03778578412 -0.1861805461 0 3.9828157 1.415093541 0.1020736178 1


mesh: pSphereShape11 tranform: pSphere11 -0.04011988327 -0.001504233404 0.0181027141 0 -0.05695186351 0.1115383502 -0.1169505518 0 -0.02800203356 -0.08694341637 -0.06928361691 0 4.02444337 1.220213884 0.05069112161 1


mesh: pSphereShape12 tranform: pSphere12 -0.3112674934 -0.00421614542 0.05680125155 0 -0.004444623309 0.1652804521 -0.01208811983 0 -0.04643659961 -0.01996831118 -0.2559519883 0 4.094651981 0.8127573571 0.1773491066 1


mesh: pSphereShape13 tranform: pSphere13 -0.2164213472 -0.001488292647 0.03403317531 0 -0.004177625092 0.206084051 -0.01755386816 0 -0.03017209154 -0.01701801188 -0.1926124265 0 4.084781719 0.5857176348 0.1511780324 1


mesh: pSphereShape14 tranform: pSphere14 -0.2190133395 0.01067933545 0.03175146065 0 0.009239270972 0.2408488019 -0.01727736446 0 -0.02794789457 -0.01245628496 -0.1885877611 0 4.080678717 0.3918906364 0.1549152028 1


mesh: pSphereShape15 tranform: pSphere15 -0.1326183622 -0.014449971 0.07235205724 0 -0.006200618601 0.3746440802 0.06345749361 0 -0.09138598031 0.0259810257 -0.1623178997 0 4.229738912 -0.2168746892 0.07363518635 1


mesh: pSphereShape16 tranform: pSphere16 -0.08832403304 -0.00555500015 0.04702411003 0 -0.05985932241 0.3506478866 -0.07100969493 0 -0.03684738083 -0.02080350426 -0.07166691191 0 4.30701993 -0.9072982098 0.02600757822 1


mesh: pSphereShape17 tranform: pSphere17 -0.09809646721 0.007576907217 0.05428643157 0 0.001017226265 0.1032681565 -0.01257527742 0 -0.1357889078 -0.02806521968 -0.2414556307 0 4.288057303 -1.382219031 -0.06920317621 1


mesh: pSphereShape18 tranform: pSphere18 -0.1253844331 0.006226542662 -0.02416209198 0 0.01411191647 0.3574693126 0.01888840086 0 0.02792647845 0.006466887739 -0.1432524683 0 3.876547371 -0.2010534678 0.1812620103 1


mesh: pSphereShape19 tranform: pSphere19 -0.08498695181 0.004443014507 -0.01521037462 0 0.04602538483 0.4045698362 -0.1389872086 0 0.01499232706 -0.03388399658 -0.09366628376 0 3.80867336 -0.9079775102 0.2553212209 1


mesh: pSphereShape20 tranform: pSphere20 -0.1104915507 -0.009607748798 -0.03195009646 0 -0.005126869952 0.08150878694 -0.006780578546 0 0.07391204123 -0.01620896786 -0.2507323998 0 3.851824427 -1.32378797 0.1805375687 1


mesh: pSphereShape21 tranform: pSphere21 -0.2610143163 0.01272735006 0.03784055259 0 0.01794008772 0.1174250941 0.0842511336 0 -0.0232100172 0.1560785531 -0.2125923804 0 4.077293848 0.2223242797 0.217509558 1


