mesh: pSphereShape1 tranform: pSphere1 -0.03170983891 0.1403644085 0.02916254048 0 -0.02944869735 0.009753570119 -0.07896663021 0 -0.1385559752 -0.04098489239 0.04660885172 0 4.814787007 -0.09106538491 -0.438345891 1


mesh: pSphereShape2 tranform: pSphere2 -0.06230971108 0.2503858747 0.03026468036 0 -0.04162062022 0.005853533448 -0.1341170918 0 -0.1222491045 -0.03482415754 0.03641772361 0 4.748489319 0.2452033696 -0.354980046 1


mesh: pSphereShape3 tranform: pSphere3 -0.1100747903 0.2683644128 0.04585281475 0 -0.03409643553 0.008091399766 -0.1292091177 0 -0.1188625838 -0.05354012201 0.0280133164 0 4.621537569 0.6953060405 -0.2858038962 1


mesh: pSphereShape4 tranform: pSphere4 -0.06762342644 0.02550326344 0.1656654482 0 -0.02280102949 0.1435430694 -0.03140486149 0 -0.1576557311 -0.03784760082 -0.05852749322 0 4.465524618 0.9824619553 -0.1363800297 1


mesh: pSphereShape5 tranform: pSphere5 -0.09236106307 0.02437780655 0.1605158743 0 -0.01873321361 0.1337020128 -0.03108465969 0 -0.1516879186 -0.04012859554 -0.08118704978 0 4.324731827 1.040274286 0.1158464259 1


mesh: pSphereShape6 tranform: pSphere6 -0.06796726529 -0.2336011163 0.1087195048 0 -0.0799412412 0.04768095453 0.05247390216 0 -0.06427236271 -0.01888417896 -0.08075627306 0 4.224869172 0.7729363812 0.2903662432 1


mesh: pSphereShape7 tranform: pSphere7 -0.1461470268 -0.1967032346 0.05615069857 0 -0.06822354616 0.06205165947 0.03980526967 0 -0.05696865829 0.01000304919 -0.1132339946 0 4.011004384 0.3683764438 0.388128735 1


mesh: pSphereShape8 tranform: pSphere8 0.00669386384 -0.1855963895 0.03674547864 0 -0.0387554762 0.002708935829 0.02074248637 0 -0.05449744681 -0.0215675249 -0.09900690907 0 3.863074492 0.05716043367 0.4480860004 1


mesh: pSphereShape10 tranform: pSphere10 -0.04018509708 0.02017735858 0.1778895064 0 -0.01716457565 0.1523726267 -0.02116053579 0 -0.2163763296 -0.03067928673 -0.04539939991 0 4.32568268 1.426433935 -0.08449979593 1


mesh: pSphereShape11 tranform: pSphere11 -0.01409822181 0.006729292881 0.04117684748 0 -0.1193194949 0.1081616887 -0.05852911368 0 -0.07364432564 -0.08717632704 -0.01096778964 0 4.301165864 1.221901952 -0.1082993027 1


mesh: pSphereShape12 tranform: pSphere12 -0.1479150812 0.0415041212 0.2766408271 0 -0.01299715858 0.1622810122 -0.03129619969 0 -0.2297292608 -0.04090406325 -0.1166954835 0 4.433859931 0.8212444058 -0.002634653051 1


mesh: pSphereShape13 tranform: pSphere13 -0.1023536012 0.03279289775 0.1909110728 0 -0.02174921407 0.2004944753 -0.04609950109 0 -0.171804776 -0.03830302312 -0.08553076663 0 4.410062692 0.5954011451 0.03029811887 1


mesh: pSphereShape14 tranform: pSphere14 -0.1054331921 0.03289402376 0.1920699652 0 -0.02269430023 0.2347422829 -0.05265972085 0 -0.1670745118 -0.0353674104 -0.0856553634 0 4.419508571 0.4047369116 0.06763658323 1


mesh: pSphereShape15 tranform: pSphere15 -0.09854208819 0.001263539435 0.115408458 0 0.04090766261 0.3765647557 0.03080642563 0 -0.141595531 0.0252956068 -0.121178998 0 4.488488163 -0.1941799535 -0.09687686055 1


mesh: pSphereShape16 tranform: pSphere16 -0.06549433743 0.003622795367 0.07576692472 0 -0.04054137314 0.3566812333 -0.0520994287 0 -0.06230360408 -0.0148445745 -0.05314659963 0 4.483678591 -0.8958911032 -0.1307039299 1


mesh: pSphereShape17 tranform: pSphere17 -0.09828212304 -0.01143207732 0.05326607694 0 -0.007236618697 0.1034067366 0.008840965694 0 -0.1335929882 0.01151415718 -0.2440234483 0 4.445279266 -1.349529875 -0.2630490398 1


mesh: pSphereShape18 tranform: pSphere18 -0.05137254434 0.01393938243 0.1162341941 0 0.1011186992 0.3436613703 0.003478301646 0 -0.1272642199 0.03806163928 -0.06081207496 0 4.252408514 -0.1740571829 0.2546006837 1


mesh: pSphereShape19 tranform: pSphere19 -0.0329225913 0.007283078875 0.07960488425 0 -0.1718516685 0.3799710705 -0.1058372436 0 -0.0840003858 -0.04648337699 -0.03048768041 0 4.2560572 -0.8438441996 0.3452606259 1


mesh: pSphereShape20 tranform: pSphere20 -0.01289517948 0.0326801813 0.1099418954 0 -0.01166393573 0.07737037738 -0.02436638457 0 -0.257578625 -0.04420734751 -0.01707100337 0 4.205133855 -1.270555175 0.4042214488 1


mesh: pSphereShape21 tranform: pSphere21 -0.1256524951 0.03920222916 0.2289039141 0 0.07122508966 0.1258080979 0.01755169788 0 -0.1935344998 0.1274338417 -0.1280615212 0 4.477772812 0.2459975478 0.1315846286 1


