mesh: pSphereShape1 tranform: pSphere1 0.0450032653 0.1342386352 0.03889511231 0 -0.05245680533 0.03417604955 -0.05725703279 0 -0.1098765025 0.006537951258 0.1045672708 0 4.359074318 -0.02461648271 -0.3078257095 1


mesh: pSphereShape2 tranform: pSphere2 0.04506115505 0.249232367 0.05782954921 0 -0.1075143006 0.03845364836 -0.08195075518 0 -0.08201755592 -0.009142769785 0.1033118888 0 4.465075095 0.296864728 -0.2077994006 1


mesh: pSphereShape3 tranform: pSphere3 -0.006843532994 0.2772777436 0.09648117487 0 -0.09930655645 0.02730995422 -0.0855301585 0 -0.08937044104 -0.03448086809 0.09275558421 0 4.517219449 0.7471836581 -0.08515887128 1


mesh: pSphereShape4 tranform: pSphere4 0.02049495555 -0.009224714995 0.1793411454 0 -0.02386386978 0.146410566 0.01025801798 0 -0.1690144904 -0.02879762769 0.01783357943 0 4.509968562 1.013724995 0.1326165213 1


mesh: pSphereShape5 tranform: pSphere5 -0.01010843973 -0.01115382027 0.1861816346 0 -0.0171967438 0.1372754226 0.007290263329 0 -0.1750387685 -0.02135478784 -0.01078278377 0 4.504634412 1.016648859 0.426783759 1


mesh: pSphereShape6 tranform: pSphere6 -0.06707559477 -0.2475430398 0.07233442748 0 -0.04745058287 0.03847493622 0.08766816608 0 -0.09022514219 0.009021087974 -0.0527936374 0 4.435967132 0.7227007657 0.5637648484 1


mesh: pSphereShape7 tranform: pSphere7 -0.148055756 -0.1930627022 0.06332695334 0 -0.03878643446 0.05435692753 0.07503503928 0 -0.09027481086 0.04357034751 -0.07822729639 0 4.202499576 0.3247286433 0.6444793438 1


mesh: pSphereShape8 tranform: pSphere8 -0.01324374069 -0.1887930486 -0.004779743067 0 -0.02959000733 0.001250501275 0.03259514875 0 -0.08483519757 0.00790861453 -0.07731714526 0 4.033640774 0.02149276947 0.687324488 1


mesh: pSphereShape10 tranform: pSphere10 0.01585444893 -0.01245568949 0.1823736181 0 -0.01271273701 0.1538290339 0.01161132922 0 -0.2216145551 -0.01966749949 0.01792257242 0 4.451518269 1.439414555 0.305629224 1


mesh: pSphereShape11 tranform: pSphere11 0.002343959393 -0.002156818144 0.04392527745 0 -0.1175760766 0.1240352158 0.01236451958 0 -0.08317467247 -0.07889959795 0.0005642757836 0 4.410388872 1.248538738 0.2652747629 1


mesh: pSphereShape12 tranform: pSphere12 -0.0005239711731 -0.01816010915 0.3159138275 0 -0.01691264282 0.1646463464 0.009436541309 0 -0.2595340353 -0.026547468 -0.001956524899 0 4.535393555 0.8286472216 0.232642994 1


mesh: pSphereShape13 tranform: pSphere13 -0.005044308507 -0.0189133737 0.2182097862 0 -0.02598992032 0.2045176226 0.0171257995 0 -0.194099741 -0.02411527017 -0.006577157313 0 4.515093997 0.6006148325 0.2239655774 1


mesh: pSphereShape14 tranform: pSphere14 -0.007055666746 -0.00947893765 0.2212451438 0 -0.02105533948 0.2405324911 0.009633807059 0 -0.1902299682 -0.01638095204 -0.006768389391 0 4.523766695 0.4078880279 0.2122937247 1


mesh: pSphereShape15 tranform: pSphere15 -0.03742515658 -0.01829602475 0.1459310282 0 0.08678471845 0.3637132543 0.0678569767 0 -0.1771371553 0.04958191477 -0.0392119065 0 4.457439478 -0.1705415729 -0.04147972233 1


mesh: pSphereShape16 tranform: pSphere16 -0.02543378136 -0.00751519604 0.0966431806 0 -0.06100638092 0.3573792887 0.01173546291 0 -0.07927545716 -0.0128148899 -0.02185959776 0 4.401332643 -0.8507449513 -0.1650053951 1


mesh: pSphereShape17 tranform: pSphere17 -0.08330486752 -0.02638734166 0.07064948904 0 -0.009948089973 0.1003105241 0.02573555421 0 -0.1849624295 0.0343219663 -0.2052754441 0 4.345396527 -1.285421406 -0.3523471343 1


mesh: pSphereShape18 tranform: pSphere18 0.02276565498 -0.01074947612 0.125339564 0 -0.01687741622 0.3562654745 0.03361981254 0 -0.1435925025 -0.009189248848 0.02529287367 0 4.571905904 -0.1996671973 0.357050617 1


mesh: pSphereShape19 tranform: pSphere19 0.01596688978 -0.005769492319 0.08476820891 0 -0.10108284 0.4155183794 0.04732090857 0 -0.09612554368 -0.02525066704 0.0163875402 0 4.664130791 -0.9169828272 0.3030094365 1


mesh: pSphereShape20 tranform: pSphere20 0.04692829538 0.007368181946 0.1051900435 0 -0.002482931684 0.08178279702 -0.004620881983 0 -0.2391443523 -0.001227443999 0.1067751325 0 4.542462397 -1.334046839 0.3214908972 1


mesh: pSphereShape21 tranform: pSphere21 -0.008408757366 -0.01129674766 0.2636741217 0 0.08330795606 0.1191984201 0.007763639636 0 -0.2169937889 0.1516847318 -0.0004213685481 0 4.588781523 0.2392039368 0.2112890223 1


