mesh: pSphereShape1 tranform: pSphere1 0.09656004782 0.1088904663 -0.01942056479 0 0.04854820199 -0.03203499071 0.06176502284 0 0.0743872134 -0.08417856909 -0.1021294067 0 2.560421288 -0.02974017821 0.2237862548 1


mesh: pSphereShape2 tranform: pSphere2 0.1646986219 0.1997428915 -0.021648983 0 0.0613133719 -0.03746402695 0.120793424 0 0.08443671171 -0.07685118379 -0.06669447772 0 2.766198308 0.2487926306 0.1602071941 1


mesh: pSphereShape3 tranform: pSphere3 0.1789133807 0.2233498122 -0.06590342734 0 0.06523984431 -0.01818501098 0.1154820413 0 0.08341455595 -0.08465715117 -0.06045480137 0 3.044542485 0.6266884593 0.08639205109 1


mesh: pSphereShape4 tranform: pSphere4 0.02817303529 0.01037627636 -0.1782329879 0 0.0145455529 0.1475824395 0.0108910734 0 0.1694313947 -0.01859547233 0.02569919832 0 3.226930991 0.8693638729 -0.09669786644 1


mesh: pSphereShape5 tranform: pSphere5 0.04872411813 0.0123720691 -0.1798974195 0 0.01530739033 0.1370218064 0.01356930165 0 0.1694288996 -0.02331334773 0.04428545664 0 3.301761204 0.9069619585 -0.3794271591 1


mesh: pSphereShape6 tranform: pSphere6 0.1403547553 -0.218906063 -0.05822061189 0 0.03417089047 0.04590822572 -0.09023508704 0 0.08263820144 0.03933868244 0.05130809085 0 3.454990616 0.6526072729 -0.5096489277 1


mesh: pSphereShape7 tranform: pSphere7 0.2415807179 -0.06381300658 -0.02776101221 0 0.007293721393 0.06188478053 -0.07878068135 0 0.03396354669 0.09480995161 0.07762072617 0 3.834051184 0.4174574892 -0.5445303877 1


mesh: pSphereShape8 tranform: pSphere8 0.1376846359 -0.1275359799 0.02487112147 0 0.02378422117 0.01953373344 -0.03150111253 0 0.04873521335 0.06801375685 0.0789715502 0 4.160316377 0.2932401557 -0.5415804003 1


mesh: pSphereShape10 tranform: pSphere10 0.02034621702 0.009339069154 -0.1821138588 0 -0.009401882335 0.1543511753 0.006864955638 0 0.2214150621 0.01235849928 0.02537080821 0 3.268469496 1.318276784 -0.2091713206 1


mesh: pSphereShape11 tranform: pSphere11 0.005087669223 0.003244479039 -0.04362527922 0 0.1054214915 0.1332479901 0.02220432754 0 0.08940444415 -0.07158420851 0.005102701434 0 3.335382202 1.125262432 -0.183346177 1


mesh: pSphereShape12 tranform: pSphere12 0.0335535243 0.01542546942 -0.3142734899 0 0.002719345521 0.1655454162 0.008415789008 0 0.2593894469 -0.005654635677 0.02741626315 0 3.245614983 0.6960259151 -0.2165838026 1


mesh: pSphereShape13 tranform: pSphere13 0.01403940728 0.001684497716 -0.2186292045 0 0.0118987542 0.2065165837 0.00235525794 0 0.1949757289 -0.0113756037 0.01243283803 0 3.284031976 0.4701232311 -0.2293464389 1


mesh: pSphereShape14 tranform: pSphere14 0.002351537939 0.001095521036 -0.2215452921 0 0.008858161616 0.241478551 0.001288111938 0 0.190914706 -0.007013951714 0.001991733783 0 3.286475212 0.2760122342 -0.2327799195 1


mesh: pSphereShape15 tranform: pSphere15 -0.01545023623 0.006569421073 -0.1508289918 0 -0.1988849353 0.3220016501 0.03439778784 0 0.159118372 0.09955772191 -0.01196308361 0 3.504951336 -0.2510218993 -0.0907987311 1


mesh: pSphereShape16 tranform: pSphere16 -0.01042967325 0.01266636541 -0.09886376923 0 0.0411111768 0.3580008405 0.04152980768 0 0.08223543454 -0.008313585461 -0.00974059183 0 3.707397086 -0.8860546839 -0.1274764744 1


mesh: pSphereShape17 tranform: pSphere17 0.008557904006 -0.001364342133 -0.1120367971 0 0.005774019753 0.1038723564 -0.000823871513 0 0.2771978517 -0.0152393633 0.021359271 0 3.860146236 -1.361333817 -0.1450290423 1


mesh: pSphereShape18 tranform: pSphere18 -0.02605391895 0.005203941132 -0.1250517688 0 -0.06778663388 0.3506005745 0.02871300622 0 0.1403295755 0.02942605172 -0.02801243019 0 3.340444625 -0.3248973808 -0.4443944902 1


mesh: pSphereShape19 tranform: pSphere19 -0.02306032637 -0.0008372064699 -0.08331505437 0 0.3853944096 0.1576844003 -0.1082557688 0 0.0358228614 -0.09371481516 -0.008973507025 0 3.126746743 -0.8347363063 -0.4140558714 1


mesh: pSphereShape20 tranform: pSphere20 -0.06197978568 0.03656683965 -0.0902378672 0 0.0690259987 0.01229107163 -0.04242975902 0 -0.01224969518 -0.245284754 -0.0909823674 0 2.767574485 -1.199171442 -0.3507098981 1


mesh: pSphereShape21 tranform: pSphere21 0.002802500838 0.00130561305 -0.2640318305 0 -0.08928102516 0.1150543703 -0.0003787182035 0 0.2091468971 0.1623058213 0.003022525546 0 3.229955613 0.1043832009 -0.2383718627 1


