mesh: pSphereShape1 tranform: pSphere1 -0.01747868453 0.1390578099 0.04376706445 0 -0.0543816691 0.01323306023 -0.06376211081 0 -0.1151221271 -0.04259105436 0.08934653139 0 3.55188703 -0.05063363464 -0.4242983616 1


mesh: pSphereShape2 tranform: pSphere2 -0.05525441392 0.2468995388 0.05898393604 0 -0.09246478246 0.004570813479 -0.1057511506 0 -0.09552860992 -0.04091058861 0.08175832997 0 3.515123585 0.2820418058 -0.3124323692 1


mesh: pSphereShape3 tranform: pSphere3 -0.0871257127 0.2638904176 0.09491762636 0 -0.08428701734 0.009429885426 -0.1035847949 0 -0.09574526758 -0.05774278762 0.07265134969 0 3.413486958 0.7264007844 -0.1851343443 1


mesh: pSphereShape4 tranform: pSphere4 -0.01613865412 -0.005235139258 0.1799458867 0 -0.02028518007 0.1472861058 0.002465673309 0 -0.1700687193 -0.02315632591 -0.01592649257 0 3.313499124 0.9874091514 0.02747413061 1


mesh: pSphereShape5 tranform: pSphere5 -0.05158345261 -0.005780477715 0.1794322235 0 -0.01877336433 0.1372589795 -0.0009751452308 0 -0.1680996794 -0.02334021568 -0.04907746932 0 3.243195695 0.9976707208 0.3122412013 1


mesh: pSphereShape6 tranform: pSphere6 -0.1238672459 -0.2248172748 0.07157555267 0 -0.04888450129 0.05220822351 0.07938635153 0 -0.07953709842 0.02334212823 -0.06432821687 0 3.105661868 0.7294829241 0.4484384085 1


mesh: pSphereShape7 tranform: pSphere7 -0.2190001913 -0.120128536 0.0284968054 0 -0.02860257594 0.06825473945 0.06791541342 0 -0.05087380393 0.07078695851 -0.09256613385 0 2.763973524 0.426371325 0.4911897293 1


mesh: pSphereShape8 tranform: pSphere8 -0.09531069142 -0.1625812005 -0.01800786396 0 -0.02745789321 0.01254499814 0.03206654224 0 -0.06882445374 0.04899799361 -0.07810178662 0 2.482785645 0.2188595313 0.5000429569 1


mesh: pSphereShape10 tranform: pSphere10 0.007000400239 -0.001651312648 0.1833436988 0 0.001599478705 0.1547755577 0.001332938337 0 -0.223031837 0.002231340009 0.008535863384 0 3.264356288 1.424088919 0.1714612195 1


mesh: pSphereShape11 tranform: pSphere11 -0.001157067389 0.0007140751798 0.04401962404 0 -0.1094145509 0.131776589 -0.005013636644 0 -0.08817867012 -0.07325802097 -0.001129426481 0 3.205121016 1.232514969 0.1376321587 1


mesh: pSphereShape12 tranform: pSphere12 -0.04299162534 -0.01025523066 0.3133339447 0 -0.01380995891 0.1651679839 0.003511024615 0 -0.257561206 -0.02076943758 -0.03601898368 0 3.312933288 0.8042729995 0.1341525484 1


mesh: pSphereShape13 tranform: pSphere13 -0.02951018599 -0.01638962768 0.2164698607 0 -0.0326424208 0.2039848595 0.01099438039 0 -0.1914446861 -0.02911023759 -0.02830266638 0 3.293251444 0.5750175323 0.1277313815 1


mesh: pSphereShape14 tranform: pSphere14 -0.02800602164 -0.007428847851 0.2196577367 0 -0.03139366043 0.2395613706 0.004099347708 0 -0.1878890192 -0.02419825463 -0.02477394682 0 3.309527154 0.3819051873 0.1206386315 1


mesh: pSphereShape15 tranform: pSphere15 0.01403986 -0.004733257839 0.1510355271 0 0.1549279849 0.346999087 -0.003527190451 0 -0.1708560969 0.07646954861 0.01827878397 0 3.180059149 -0.1772865711 -0.04063555701 1


mesh: pSphereShape16 tranform: pSphere16 0.00942175355 0.000735550426 0.09976948075 0 0.01500621496 0.3624052285 -0.004088947604 0 -0.08278637826 0.003515874741 0.007792029629 0 2.974836022 -0.8436052569 -0.06787353928 1


mesh: pSphereShape17 tranform: pSphere17 -0.005295130574 -0.0002705682357 0.1122462981 0 0.002149756138 0.1040131677 0.0003521354324 0 -0.2780680809 0.005791505518 -0.01310368203 0 2.753636844 -1.307101108 -0.08664222701 1


mesh: pSphereShape18 tranform: pSphere18 -0.001248012732 -0.01806881289 0.1265535185 0 -0.04325928381 0.3521138393 0.04984682384 0 -0.1450163318 -0.0172647166 -0.003895072759 0 3.368851775 -0.2166642512 0.2544079878 1


mesh: pSphereShape19 tranform: pSphere19 0.0001685225278 -0.01168217304 0.08565848636 0 -0.2008214783 0.3769608413 0.05180531329 0 -0.08908270164 -0.04660828937 -0.006181216621 0 3.562849486 -0.901326777 0.1775602681 1


mesh: pSphereShape20 tranform: pSphere20 0.01857215201 0.002834908458 0.1138794922 0 -0.01208873098 0.08105432643 -4.625807602e-05 0 -0.2555853694 -0.03809458291 0.04263072213 0 3.531822169 -1.315300472 0.1345678002 1


mesh: pSphereShape21 tranform: pSphere21 -0.03337683726 -0.008853504755 0.2617822919 0 0.07738409951 0.1225729338 0.01401178254 0 -0.2217735386 0.1426931684 -0.02344988509 0 3.380962408 0.2160126364 0.1283149567 1


