mesh: pSphereShape1 tranform: pSphere1 0.01988067704 0.1427434864 0.02805691701 0 -0.05710985318 0.01966485362 -0.05958057396 0 -0.1103772546 -0.005092301354 0.10411933 0 3.775378742 -0.1412152026 -0.5295706866 1


mesh: pSphereShape2 tranform: pSphere2 0.01081290293 0.2570311082 0.03618877929 0 -0.1066926746 0.0171417898 -0.0898708318 0 -0.08589744356 -0.01046312121 0.09997983985 0 3.830515324 0.199353342 -0.4554465708 1


mesh: pSphereShape3 tranform: pSphere3 -0.03228599266 0.2829780637 0.07155018025 0 -0.09734911837 0.01193378054 -0.09112501195 0 -0.09035311633 -0.03360199106 0.0921239652 0 3.832083945 0.6630863073 -0.3716732965 1


mesh: pSphereShape4 tranform: pSphere4 0.001630390412 0.006211685086 0.1806298474 0 -0.03924926978 0.1433503592 -0.00457541025 0 -0.1662547267 -0.04542272255 0.003062681879 0 3.784076859 0.9437184488 -0.1792816301 1


mesh: pSphereShape5 tranform: pSphere5 -0.02394080168 0.002024491232 0.1852374929 0 -0.03514159015 0.1338746673 -0.006004971851 0 -0.1693812136 -0.04542160229 -0.02139505532 0 3.750055224 0.967477624 0.1126070051 1


mesh: pSphereShape6 tranform: pSphere6 -0.01152825259 -0.2494305106 0.09306170631 0 -0.05981871279 0.03336360343 0.08201327602 0 -0.08682311561 -0.01702952874 -0.0563991685 0 3.736222994 0.6759565451 0.2740370512 1


mesh: pSphereShape7 tranform: pSphere7 -0.1065685716 -0.2151881005 0.07443949094 0 -0.05395801647 0.05030422958 0.0681713806 0 -0.09271973062 0.01635595394 -0.08545736295 0 3.59374043 0.2438380149 0.3822758603 1


mesh: pSphereShape8 tranform: pSphere8 0.02616486518 -0.1874891279 0.002069917395 0 -0.02656758588 -0.003321568829 0.03496722137 0 -0.09037340815 -0.013384079 -0.06993576632 0 3.49235654 -0.08459333831 0.4473859369 1


mesh: pSphereShape10 tranform: pSphere10 -0.007438049386 -0.005905908092 0.1832387513 0 -0.01333901672 0.1541501912 0.004426905285 0 -0.2221917864 -0.01895027676 -0.009630015817 0 3.700174054 1.38053367 -0.02976704057 1


mesh: pSphereShape11 tranform: pSphere11 -0.00266202852 -0.0009603491936 0.04394960003 0 -0.1217592753 0.1204738052 -0.004742471872 0 -0.08036830771 -0.08148756696 -0.006648507524 0 3.66137242 1.184816999 -0.06642041096 1


mesh: pSphereShape12 tranform: pSphere12 -0.03380867977 0.004295571899 0.3145951871 0 -0.03621522115 0.1616624911 -0.006099335741 0 -0.2530638437 -0.05768707816 -0.02640839975 0 3.818477999 0.7705250996 -0.06208987974 1


mesh: pSphereShape13 tranform: pSphere13 -0.02638790553 0.01151255991 0.2171861206 0 -0.05624815315 0.1983216189 -0.01734669076 0 -0.1868488148 -0.05472617301 -0.01980103755 0 3.828140907 0.5414695735 -0.04548677136 1


mesh: pSphereShape14 tranform: pSphere14 -0.03029918846 0.009219134284 0.2192852322 0 -0.05911686436 0.2336098974 -0.0179896931 0 -0.1833965802 -0.04820531022 -0.02331372828 0 3.8669195 0.3520435676 -0.03240737194 1


mesh: pSphereShape15 tranform: pSphere15 -0.01878071427 0.01586582175 0.1497558424 0 -0.1147295232 0.3584942827 -0.05236863321 0 -0.1777858577 -0.0592373048 -0.0160200553 0 4.051461278 -0.2185829054 -0.1635138221 1


mesh: pSphereShape16 tranform: pSphere16 -0.01412249279 0.01268510461 0.09840174328 0 -0.2085222427 0.2891066073 -0.06719597851 0 -0.06708304549 -0.0491496807 -0.003291719989 0 4.330863575 -0.8589764061 -0.08949319153 1


mesh: pSphereShape17 tranform: pSphere17 -0.02702602612 0.008219586421 0.1087629319 0 -0.04917934854 0.08968799999 -0.01899839025 0 -0.2360477402 -0.1396234395 -0.048102652 0 4.424866568 -1.339553702 -0.05134032789 1


mesh: pSphereShape18 tranform: pSphere18 -0.02580233157 0.01147962672 0.1246847643 0 0.1992388394 0.2974093735 0.01384834799 0 -0.1177799482 0.08038199807 -0.03177415165 0 3.6868214 -0.1975163597 0.1212574177 1


mesh: pSphereShape19 tranform: pSphere19 -0.01639929839 0.006146729785 0.08465907262 0 0.008588032105 0.4291489477 -0.02949506581 0 -0.09887935099 0.0006590298867 -0.01920175605 0 3.44762081 -0.8513365391 0.1449375785 1


mesh: pSphereShape20 tranform: pSphere20 -0.004980775675 0.003551086349 0.1152565917 0 0.0165436624 0.08024438978 -0.001757422139 0 -0.2562603997 0.05255417679 -0.01269341704 0 3.217902386 -1.231910578 0.1317900098 1


mesh: pSphereShape21 tranform: pSphere21 -0.03610977295 0.01098712086 0.2613383509 0 0.06237176495 0.1315636234 0.003086898025 0 -0.2364881843 0.112992612 -0.03742657016 0 3.957048766 0.1970506853 -0.009251771178 1


