mesh: pSphereShape1 tranform: pSphere1 -0.05654531601 0.1272863823 -0.04646438372 0 0.03349992356 0.0394273601 0.06724079854 0 0.126639643 0.02736860293 -0.07914079308 0 -6.330764333 -0.09237876565 0.7706001214 1


mesh: pSphereShape2 tranform: pSphere2 -0.06334332994 0.2402810195 -0.07579044415 0 0.1052939744 0.05209501747 0.0771571273 0 0.08143510273 -0.0112003297 -0.1035697482 0 -6.460555926 0.2130218289 0.6501322127 1


mesh: pSphereShape3 tranform: pSphere3 0.03680311663 0.2689424081 -0.1120442318 0 0.09841161755 0.02310113738 0.08777542225 0 0.08884262899 -0.04835361262 -0.08688221808 0 -6.502010827 0.6472415694 0.4993708538 1


mesh: pSphereShape4 tranform: pSphere4 -0.003469835406 -0.02012502481 -0.1795865491 0 0.07438431589 0.1277867122 -0.01575737215 0 0.1492206693 -0.0860277121 0.006757402962 0 -6.441665926 0.8883132567 0.2686233589 1


mesh: pSphereShape5 tranform: pSphere5 0.03340303562 -0.03470212605 -0.180472128 0 0.06747232469 0.1205267003 -0.01068725849 0 0.1510291844 -0.08069347519 0.04346969508 0 -6.395363071 0.8565774525 -0.01860510962 1


mesh: pSphereShape6 tranform: pSphere6 -0.04998097521 -0.2532497067 -0.06614718113 0 0.06589478124 0.008843831519 -0.0836495686 0 0.08021869638 -0.03146822763 0.0598651473 0 -6.449919154 0.5508935493 -0.1458000367 1


mesh: pSphereShape7 tranform: pSphere7 0.05869254758 -0.2401263093 -0.04581001347 0 0.063819243 0.02930012169 -0.07181871121 0 0.09359338847 0.00650378669 0.08582193748 0 -6.409958703 0.08969688327 -0.2018015852 1


mesh: pSphereShape8 tranform: pSphere8 -0.03842217634 -0.1853574124 0.002724674414 0 0.02567892332 -0.005841791138 -0.03529932553 0 0.09050878203 -0.01775026559 0.06877925799 0 -6.361149084 -0.2534253627 -0.2394010496 1


mesh: pSphereShape10 tranform: pSphere10 0.03219358742 -0.03588595424 -0.1770378929 0 0.00684594163 0.1517935339 -0.02952396408 0 0.2195218603 -0.002055185639 0.04033570655 0 -6.362134304 1.301507953 0.05420827364 1


mesh: pSphereShape11 tranform: pSphere11 0.006277700283 -0.008975487287 -0.0426568531 0 0.1210091961 0.1210773911 -0.00766744605 0 0.0795081206 -0.07768719404 0.02804727697 0 -6.315716708 1.112132888 0.123660903 1


mesh: pSphereShape12 tranform: pSphere12 0.03763518862 -0.0524627788 -0.3097787274 0 0.0719927576 0.1484313809 -0.01639125363 0 0.2329536547 -0.107845803 0.04656596457 0 -6.517448809 0.712754624 0.1772734054 1


mesh: pSphereShape13 tranform: pSphere13 0.0350671007 -0.03323240102 -0.2136927175 0 0.109659085 0.1751730767 -0.009246902648 0 0.1629622538 -0.09978426231 0.04226014105 0 -6.585102887 0.4926031449 0.1957354282 1


mesh: pSphereShape14 tranform: pSphere14 0.04601421844 -0.02303730178 -0.2155017883 0 0.1201511542 0.2096310718 0.003245110857 0 0.1609437415 -0.09293151286 0.04429936224 0 -6.674597788 0.3208596994 0.2010126531 1


mesh: pSphereShape15 tranform: pSphere15 0.03856764186 -0.006736659529 -0.1466233483 0 0.1052313072 0.3650080034 0.01090950892 0 0.1742890584 -0.05168850528 0.0482196453 0 -6.896323473 -0.2362646456 0.3668398976 1


mesh: pSphereShape16 tranform: pSphere16 0.03083182159 0.001121531678 -0.09534883695 0 0.270862053 0.2237722016 0.09021754622 0 0.04908025113 -0.06549639197 0.0151001031 0 -7.224061972 -0.8206139881 0.3210403564 1


mesh: pSphereShape17 tranform: pSphere17 0.04411838714 0.007203099603 -0.1030971693 0 0.07053982446 0.06802141965 0.03493857657 0 0.17301824 -0.2099205066 0.05937318567 0 -7.44863769 -1.26483472 0.256066185 1


mesh: pSphereShape18 tranform: pSphere18 0.04551984735 -0.01282240948 -0.118774416 0 -0.1578932813 0.3076139713 -0.09372077537 0 0.1203795168 0.07342964281 0.03820782652 0 -6.564039574 -0.218814283 0.123105111 1


mesh: pSphereShape19 tranform: pSphere19 0.02925275735 -0.01147538099 -0.08053862223 0 0.1209481286 0.4126295978 -0.01486262802 0 0.09045862507 -0.02520204001 0.0364467027 0 -6.466607589 -0.8752347542 0.223776916 1


mesh: pSphereShape20 tranform: pSphere20 -0.003762895594 0.006557171123 -0.1151709356 0 -0.002353312944 0.08178021871 0.00473298369 0 0.2616543283 0.007997788388 -0.008093492058 0 -6.355557172 -1.282869083 0.2660295864 1


mesh: pSphereShape21 tranform: pSphere21 0.05483853081 -0.0274552481 -0.2568293423 0 -0.02317695459 0.1423548022 -0.02016660755 0 0.2555309532 0.04859674118 0.04936626926 0 -6.802380393 0.1942519263 0.1830032772 1


