mesh: pSphereShape1 tranform: pSphere1 0.01136538726 0.1427085123 -0.03260741227 0 0.02998011262 0.01540237226 0.07785914441 0 0.141540136 -0.02269919621 -0.05001041018 0 -7.757457295 -0.04315311652 0.4777844585 1


mesh: pSphereShape2 tranform: pSphere2 0.0378116843 0.2549849158 -0.03231882529 0 0.05443944687 0.008316978997 0.1293101259 0 0.120375963 -0.02407760917 -0.04912954671 0 -7.732423357 0.2981614899 0.3916426987 1


mesh: pSphereShape3 tranform: pSphere3 0.08470514425 0.2765996868 -0.05055739233 0 0.04606598521 0.008812361143 0.1253925878 0 0.1191438767 -0.04392251834 -0.04068357677 0 -7.64887472 0.7574705613 0.318904575 1


mesh: pSphereShape4 tranform: pSphere4 0.07643350779 0.006359145392 -0.1636638786 0 0.02979321965 0.1443674861 0.01952327018 0 0.1523377439 -0.04084446291 0.06955702355 0 -7.503630974 1.034588284 0.1653826827 1


mesh: pSphereShape5 tranform: pSphere5 0.0973643752 0.005116285107 -0.1593241708 0 0.02615463219 0.1345255749 0.02030326347 0 0.1470318309 -0.0419438015 0.08850550319 0 -7.351318059 1.061651161 -0.08572255667 1


mesh: pSphereShape6 tranform: pSphere6 0.05116194718 -0.2477247999 -0.08380835314 0 0.08030738023 0.0369027255 -0.0600541373 0 0.06621744593 -0.01347936902 0.08026631253 0 -7.268378333 0.7731052537 -0.2320668252 1


mesh: pSphereShape7 tranform: pSphere7 0.1338290272 -0.2094566037 -0.03770596156 0 0.06976900602 0.05335126834 -0.04873651765 0 0.06152943122 0.01959527206 0.1095334696 0 -7.07974658 0.3489453771 -0.2898578681 1


mesh: pSphereShape8 tranform: pSphere8 -0.01558048682 -0.1883451156 -0.01115453567 0 0.03579325341 -0.001443668431 -0.0256190328 0 0.06636275624 -0.0110176089 0.09333860274 0 -6.948409155 0.02616777072 -0.3217847441 1


mesh: pSphereShape10 tranform: pSphere10 0.07312739407 -0.007669571227 -0.1681077221 0 -0.001859555475 0.1545786246 -0.007861246353 0 0.204695547 0.006974650543 0.08872501017 0 -7.408224168 1.479136173 0.04314225952 1


mesh: pSphereShape11 tranform: pSphere11 0.01888819134 0.0003867634252 -0.03978269286 0 0.09898354769 0.1312776177 0.04827208595 0 0.07962429994 -0.07367452048 0.03708809777 0 -7.365618253 1.28704016 0.1062439255 1


mesh: pSphereShape12 tranform: pSphere12 0.1512780944 0.008683321202 -0.2777969558 0 0.01970581279 0.1638410456 0.01585237758 0 0.2270422851 -0.03915150869 0.1224151611 0 -7.474220049 0.8600979045 0.04912721193 1


mesh: pSphereShape13 tranform: pSphere13 0.1026338885 0.008900739772 -0.1933539069 0 0.03447769415 0.2021027104 0.02760452859 0 0.1697956165 -0.0410187704 0.08824071494 0 -7.462047142 0.6307633986 0.03720705792 1


mesh: pSphereShape14 tranform: pSphere14 0.103037016 0.006641114665 -0.1960314139 0 0.03753602457 0.23709145 0.02776162943 0 0.1665128574 -0.03646558171 0.08628625131 0 -7.483242017 0.4385867915 0.01845846178 1


mesh: pSphereShape15 tranform: pSphere15 0.062941787 0.0009729448283 -0.1380892345 0 -0.01594663112 0.3796683983 -0.00459350113 0 0.1709576937 0.008123940392 0.07798064005 0 -7.572515393 -0.146901542 0.179609751 1


mesh: pSphereShape16 tranform: pSphere16 0.04215559531 0.002880785398 -0.09087280464 0 0.07364754172 0.352278945 0.0453325505 0 0.07359008179 -0.0196974388 0.03351376273 0 -7.609592952 -0.8505802915 0.1907803837 1


mesh: pSphereShape17 tranform: pSphere17 0.04158004737 0.01647879304 -0.1030868182 0 -0.00729141479 0.1028973603 0.01350751683 0 0.257937009 0.004525364428 0.1047622361 0 -7.506945895 -1.305132169 0.2214329872 1


mesh: pSphereShape18 tranform: pSphere18 0.05968592406 0.01734920296 -0.1117158369 0 -0.143048836 0.3274495871 -0.02557392662 0 0.1152732864 0.05584527633 0.070259185 0 -7.284940319 -0.1423958592 -0.1184673558 1


mesh: pSphereShape19 tranform: pSphere19 0.03765428791 0.007326642128 -0.0774748525 0 0.2505418921 0.3152226767 0.1515782206 0 0.06914387532 -0.06802239333 0.02717252874 0 -7.300731151 -0.7431141072 -0.2179442238 1


mesh: pSphereShape20 tranform: pSphere20 0.00908859271 0.04001942857 -0.1078765178 0 0.03978995913 0.06601195705 0.02784105006 0 0.2280282912 -0.1258588775 -0.02747904876 0 -7.356084137 -1.174995342 -0.3539805846 1


mesh: pSphereShape21 tranform: pSphere21 0.1227967956 0.00791470514 -0.2336250641 0 -0.06408977412 0.1274311162 -0.02936944806 0 0.2033713461 0.1279180946 0.1112285778 0 -7.552066636 0.2779574741 -0.02784115109 1


