mesh: pSphereShape1 tranform: pSphere1 -0.04562531926 0.1391778641 -0.01029501005 0 0.07945861145 0.02483839478 -0.01635450406 0 -0.02462484942 -0.01906402401 -0.1485936893 0 4.005758446 -0.06694916432 0.8861667053 1


mesh: pSphereShape2 tranform: pSphere2 -0.05502339285 0.2528569879 -0.02296316883 0 0.1368328421 0.02841947344 -0.01493455798 0 -0.01131193317 -0.01435441791 -0.1309572715 0 3.885148433 0.2640138027 0.8660295735 1


mesh: pSphereShape3 tranform: pSphere3 -0.06243692723 0.277965698 -0.07123972889 0 0.1308128893 0.02734236267 -0.007963476762 0 -0.0009011856569 -0.03329295284 -0.129113793 0 3.776594126 0.7198357546 0.8056396755 1


mesh: pSphereShape4 tranform: pSphere4 -0.1493680087 -0.00639112664 -0.1015713369 0 0.0009389380631 0.1483075261 -0.01071266288 0 0.09705391483 -0.01087443334 -0.1420405654 0 3.618050419 0.9912700036 0.6605564097 1


mesh: pSphereShape5 tranform: pSphere5 -0.1456401388 -0.005808481972 -0.1168135302 0 -0.0011547556 0.1384285081 -0.005443553728 0 0.1106094286 -0.004491493888 -0.137681686 0 3.38561133 1.00184648 0.477850287 1


mesh: pSphereShape6 tranform: pSphere6 -0.05040365723 -0.2537719253 -0.06378277707 0 -0.04639657472 0.03202907775 -0.09076938861 0 0.09241002524 -0.005954181787 -0.04933618769 0 3.286510526 0.7016284143 0.3679179813 1


mesh: pSphereShape7 tranform: pSphere7 -0.01117347063 -0.2200071499 -0.1211446426 0 -0.03778063261 0.04635701443 -0.08070298136 0 0.1176784649 0.01850532919 -0.04446074948 0 3.286104926 0.2655377538 0.1899323199 1


mesh: pSphereShape8 tranform: pSphere8 -0.02848306906 -0.1859183401 0.02154398754 0 -0.009119602826 -0.003578369251 -0.04293721145 0 0.1112216143 -0.01958759551 -0.02199037307 0 3.285126849 -0.06700862818 0.081453856 1


mesh: pSphereShape10 tranform: pSphere10 -0.1703769619 -0.006484028511 -0.06779596273 0 -0.001905968199 0.1544555884 -0.009982325499 0 0.08280345246 -0.01235067292 -0.2069108245 0 3.513034991 1.422753385 0.5288281625 1


mesh: pSphereShape11 tranform: pSphere11 -0.03858048308 0.0007034851547 -0.02122798727 0 0.0560731623 0.1291751655 -0.09762851522 0 0.04061466078 -0.07530416946 -0.07631004192 0 3.573940601 1.232855154 0.5084848524 1


mesh: pSphereShape12 tranform: pSphere12 -0.2355109406 -0.009129432623 -0.2111465388 0 -0.003319968687 0.1657120944 -0.003461901181 0 0.174170809 -0.0005685268622 -0.1942439642 0 3.533720359 0.807324897 0.5976299935 1


mesh: pSphereShape13 tranform: pSphere13 -0.1599028708 0.002857105584 -0.1497383732 0 -0.00169231526 0.2067855612 0.005752795571 0 0.133771341 0.005066240332 -0.1427553019 0 3.56221817 0.5849016933 0.5583720493 1


mesh: pSphereShape14 tranform: pSphere14 -0.1572569335 0.01191402043 -0.1556192768 0 0.003834248342 0.2411731062 0.0145893184 0 0.1345506521 0.006057860531 -0.1355028112 0 3.569826707 0.3911025611 0.5419679137 1


mesh: pSphereShape15 tranform: pSphere15 -0.09665058017 0.00565558142 -0.1168671536 0 0.03783976942 0.3779186466 -0.01300524523 0 0.1437898842 -0.01852029281 -0.1198122682 0 3.653313203 -0.2244753532 0.6833817767 1


mesh: pSphereShape16 tranform: pSphere16 -0.0602837088 0.009913765872 -0.07944086771 0 0.2036666394 0.2750348758 -0.1202296663 0 0.04729329064 -0.05363566397 -0.04258194143 0 3.483347967 -0.8646824411 0.8115183966 1


mesh: pSphereShape17 tranform: pSphere17 -0.05874590599 0.01834836587 -0.09401914195 0 0.05174635247 0.08900513914 -0.01496277748 0 0.1927664102 -0.1368084701 -0.147145028 0 3.372244158 -1.327346411 0.8602420684 1


mesh: pSphereShape18 tranform: pSphere18 -0.09636994103 -0.01193907125 -0.08315122143 0 -0.0715186227 0.3495078079 0.03270483325 0 0.09145766636 0.02902317111 -0.1101641018 0 3.507346759 -0.2114341829 0.3835048039 1


mesh: pSphereShape19 tranform: pSphere19 -0.06585955915 -0.006791275685 -0.055590241 0 -0.02769053538 0.4289078056 -0.01959237232 0 0.06492943394 0.0006742549646 -0.07700637503 0 3.598806645 -0.9296924641 0.3442369764 1


mesh: pSphereShape20 tranform: pSphere20 -0.1090787374 0.005455606771 -0.03733049259 0 0.001738440745 0.08164537817 0.006852257732 0 0.08542752249 0.01889885199 -0.246855076 0 3.729769915 -1.336287625 0.1633481339 1


mesh: pSphereShape21 tranform: pSphere21 -0.1874146619 0.01419881503 -0.1854629459 0 -0.06403587289 0.1085197995 0.07301789566 0 0.1457067914 0.175984869 -0.1337669491 0 3.528752441 0.216458164 0.5642052526 1


