mesh: pSphereShape1 tranform: pSphere1 -0.0660512013 0.128524689 0.02601495637 0 -0.05955267689 -0.01899373809 -0.05736552258 0 -0.08383606675 -0.0650616699 0.1085743881 0 -1.858293817 -0.09963301912 -0.2292714604 1


mesh: pSphereShape2 tranform: pSphere2 -0.1250388333 0.2257113908 0.03018601381 0 -0.08812848261 -0.03494451399 -0.1037602317 0 -0.08099088616 -0.05661679211 0.08785687965 0 -1.997765913 0.2162444746 -0.1580075653 1


mesh: pSphereShape3 tranform: pSphere3 -0.1530326143 0.2415929913 0.066725135 0 -0.08339298752 -0.02471516173 -0.101773298 0 -0.07779858898 -0.07169522809 0.08115896882 0 -2.218379618 0.6284821179 -0.08065158348 1


mesh: pSphereShape4 tranform: pSphere4 -0.03623098625 0.01384778575 0.1765331115 0 -0.03541813933 0.1432267928 -0.01850422299 0 -0.1638094319 -0.04440147198 -0.03013664212 0 -2.394345616 0.8836400073 0.09763144527 1


mesh: pSphereShape5 tranform: pSphere5 -0.05276623164 0.01220235548 0.1787652557 0 -0.03358225023 0.1330595337 -0.01899501394 0 -0.1639704715 -0.04782693909 -0.04513462382 0 -2.480199489 0.9217254064 0.3779401911 1


mesh: pSphereShape6 tranform: pSphere6 -0.08379618827 -0.2239255774 0.1176626364 0 -0.04842279814 0.05787317595 0.07565390936 0 -0.08751908876 0.002365578412 -0.05782678966 0 -2.57456662 0.6617289398 0.5656591672 1


mesh: pSphereShape7 tranform: pSphere7 -0.2418576725 0.04927519222 -0.04775812543 0 0.00218861172 0.07522278016 0.06652866684 0 0.03459544241 0.08049250762 -0.09214954226 0 -2.895377375 0.5122297597 0.5798381501 1


mesh: pSphereShape8 tranform: pSphere8 -0.1693530151 -0.02701101167 -0.0801936365 0 -0.01578672051 0.03501745593 0.02154375187 0 0.03072095771 0.0678169006 -0.08771880433 0 -3.218317873 0.5610403177 0.470497395 1


mesh: pSphereShape10 tranform: pSphere10 -0.02097890004 0.008184344209 0.1820976293 0 0.01366648828 0.1540921814 -0.005351171047 0 -0.2208650636 0.01867581224 -0.02628455617 0 -2.429802323 1.336358884 0.2099756964 1


mesh: pSphereShape11 tranform: pSphere11 -0.00568321438 0.003455904939 0.0435354316 0 -0.09920415096 0.137659472 -0.0238779419 0 -0.09229943837 -0.06767365185 -0.006676947422 0 -2.500401435 1.14679753 0.1801635903 1


mesh: pSphereShape12 tranform: pSphere12 -0.05073775068 0.02484803844 0.311351676 0 -0.03044918232 0.1619763629 -0.01788883228 0 -0.2530224294 -0.05166290548 -0.03710937814 0 -2.388851869 0.7152505244 0.2261991826 1


mesh: pSphereShape13 tranform: pSphere13 -0.02090916492 0.004226360991 0.2180449868 0 -0.05125163578 0.2002301954 -0.008795772014 0 -0.1886794451 -0.04904810507 -0.0171424929 0 -2.38635911 0.486380157 0.2479791259 1


mesh: pSphereShape14 tranform: pSphere14 -0.007606091143 0.0005611249527 0.2214291734 0 -0.0549276482 0.2353057686 -0.002483054189 0 -0.1859370205 -0.04346969005 -0.00627677905 0 -2.351635048 0.2955159296 0.254292486 1


mesh: pSphereShape15 tranform: pSphere15 0.03206811798 0.007580092215 0.1481398996 0 0.1968842843 0.3196589665 -0.05897636573 0 -0.1558838236 0.1012815643 0.0285620367 0 -2.520498562 -0.221447776 0.1414792492 1


mesh: pSphereShape16 tranform: pSphere16 0.02177074521 0.01112552541 0.09718805019 0 0.008435941394 0.3600693815 -0.04310836336 0 -0.08121594405 0.004025703815 0.01773205195 0 -2.766860218 -0.8559889688 0.2086467657 1


mesh: pSphereShape17 tranform: pSphere17 0.003955891323 0.01536357668 0.111245919 0 0.006399713019 0.1028315594 -0.01442908765 0 -0.2777366771 0.01831580159 0.007346785361 0 -2.984341488 -1.30889794 0.257682006 1


mesh: pSphereShape18 tranform: pSphere18 0.02211496428 -0.007818411525 0.1256727233 0 -0.06077757946 0.3515476907 0.0325658457 0 -0.1417392497 -0.02666158044 0.0232835508 0 -2.229080532 -0.3025244 0.4018669816 1


mesh: pSphereShape19 tranform: pSphere19 0.01869233869 -0.006819573441 0.08413065877 0 -0.3737787033 0.1890124558 0.09836821157 0 -0.04487992858 -0.090138548 0.002664954497 0 -1.88066059 -0.842225121 0.3102388746 1


mesh: pSphereShape20 tranform: pSphere20 0.02409323435 0.01547320359 0.1118105375 0 -0.07389266587 0.03359659996 0.01127323338 0 -0.09918276424 -0.2362869491 0.05407137632 0 -1.605651544 -1.229847744 0.2323008909 1


mesh: pSphereShape21 tranform: pSphere21 -0.009064738632 0.0006687339055 0.2638934434 0 0.06555075783 0.1300313672 0.001922155004 0 -0.2362433261 0.1192182187 -0.008417068803 0 -2.263423252 0.1378975355 0.2618674954 1


