mesh: pSphereShape1 tranform: pSphere1 -0.02478963254 0.1398913772 0.03706766162 0 -0.01104661076 0.01971136883 -0.08177726409 0 -0.1483310322 -0.02969768312 0.01287855742 0 4.780610928 -0.09303458523 -0.4581277218 1


mesh: pSphereShape2 tranform: pSphere2 -0.04700309605 0.251569129 0.04466788008 0 -0.02057940106 0.02056973324 -0.1375038491 0 -0.1285949183 -0.02673381767 0.01524683792 0 4.728142583 0.2399422873 -0.3542671491 1


mesh: pSphereShape3 tranform: pSphere3 -0.1013261344 0.2714924447 0.04757378578 0 -0.01285765677 0.01833020378 -0.131991356 0 -0.1244945116 -0.04743448191 0.005539938381 0 4.621319915 0.6913967025 -0.2679469974 1


mesh: pSphereShape4 tranform: pSphere4 -0.09695050239 0.02859655844 0.1498373182 0 -0.01726142876 0.1426156988 -0.03838711493 0 -0.1440961222 -0.04045803926 -0.08551428251 0 4.45272742 0.9831003039 -0.1327521989 1


mesh: pSphereShape5 tranform: pSphere5 -0.1226684562 0.02670961285 0.1383084805 0 -0.01333328226 0.1327131974 -0.0374546178 0 -0.1321403023 -0.04395587703 -0.1087091867 0 4.265570276 1.044769945 0.08576558791 1


mesh: pSphereShape6 tranform: pSphere6 -0.08382255118 -0.2292088057 0.1069862826 0 -0.08920344303 0.04829685661 0.0335819188 0 -0.04740468655 -0.02479469903 -0.09026152588 0 4.13753083 0.7824934452 0.2514314714 1


mesh: pSphereShape7 tranform: pSphere7 -0.149277628 -0.1980129602 0.04136513316 0 -0.07585258098 0.06188340831 0.02249777595 0 -0.03532028445 0.001111584525 -0.1221420011 0 3.916866966 0.3773060842 0.3324533021 1


mesh: pSphereShape8 tranform: pSphere8 0.002346371172 -0.1821174483 0.05166030743 0 -0.04232314353 0.002815855909 0.01184898673 0 -0.03178511806 -0.0305549531 -0.1062713461 0 3.767240558 0.06549227682 0.3845107245 1


mesh: pSphereShape10 tranform: pSphere10 -0.0693937244 0.0207247798 0.1685871847 0 -0.01922655703 0.1512853906 -0.02651185389 0 -0.2047590283 -0.03993219518 -0.07937380089 0 4.288201624 1.423487911 -0.1156525426 1


mesh: pSphereShape11 tranform: pSphere11 -0.02154351606 0.006794060423 0.03780600043 0 -0.1112723153 0.1015496299 -0.08165717609 0 -0.06675257153 -0.09063379447 -0.02175087583 0 4.27663475 1.217009358 -0.1411503138 1


mesh: pSphereShape12 tranform: pSphere12 -0.2028397516 0.04544372236 0.2385843956 0 -0.008110445584 0.1612551251 -0.03760997814 0 -0.1998378049 -0.04756381466 -0.1608385738 0 4.398200559 0.8246758294 -0.003028365336 1


mesh: pSphereShape13 tranform: pSphere13 -0.1407365862 0.03696148425 0.1637856329 0 -0.01285562292 0.1987612801 -0.05590092515 0 -0.1494898336 -0.04306252763 -0.1187346751 0 4.370207621 0.5994660109 0.03058675646 1


mesh: pSphereShape14 tranform: pSphere14 -0.1450583926 0.03692763745 0.1633507229 0 -0.01176416442 0.2329606447 -0.06311069107 0 -0.1441136028 -0.03952630909 -0.1190400264 0 4.372606252 0.4101683048 0.07450376144 1


mesh: pSphereShape15 tranform: pSphere15 -0.110419713 0.001936778066 0.1040912471 0 0.03547933153 0.3771301686 0.0306192908 0 -0.1278233857 0.02306907664 -0.136023937 0 4.472169026 -0.1898455199 -0.05349119533 1


mesh: pSphereShape16 tranform: pSphere16 -0.073232324 0.003687367118 0.06831317449 0 -0.03158625093 0.3574303117 -0.05315389553 0 -0.05635061025 -0.01385193356 -0.05966065862 0 4.470350667 -0.8933213608 -0.08556193825 1


mesh: pSphereShape17 tranform: pSphere17 -0.09894497038 -0.005988780314 0.05292797371 0 -0.005413795166 0.1038821779 0.001633535794 0 -0.1311854285 -0.002975007952 -0.2455781715 0 4.423708934 -1.358496395 -0.2133375116 1


mesh: pSphereShape18 tranform: pSphere18 -0.09989282537 0.01395821415 0.07855204822 0 0.0950490001 0.3400774699 0.06044195058 0 -0.08252159325 0.0430756597 -0.112595083 0 4.169733111 -0.1615389026 0.1828821151 1


mesh: pSphereShape19 tranform: pSphere19 -0.06659766543 0.007667108701 0.05458794973 0 -0.07030305653 0.4000234221 -0.1419551849 0 -0.06208242121 -0.03599473492 -0.07068535805 0 4.098045452 -0.842376483 0.229163783 1


mesh: pSphereShape20 tranform: pSphere20 -0.07532106086 0.01800314346 0.08558110124 0 -0.005634793845 0.07886571931 -0.02154972865 0 -0.1976272341 -0.05829598553 -0.1616709967 0 4.017335293 -1.291564647 0.2073409745 1


mesh: pSphereShape21 tranform: pSphere21 -0.1728767629 0.04400938346 0.1946770792 0 0.06504746196 0.1270186356 0.02904904284 0 -0.161445844 0.1217609265 -0.1708925279 0 4.416239246 0.253877956 0.1542016199 1


