mesh: pSphereShape1 tranform: pSphere1 -0.043084581 0.1385653147 -0.02239435781 0 0.07057624152 0.02805595039 0.03781460528 0 0.07151827585 0.0005937441793 -0.1339204556 0 -7.615496485 -0.02907605847 0.3817148776 1


mesh: pSphereShape2 tranform: pSphere2 -0.0434061403 0.2529718865 -0.04015804823 0 0.131691721 0.02889850564 0.03970014087 0 0.04057153349 -0.01291091312 -0.1251841647 0 -7.722842732 0.3018082241 0.3219654486 1


mesh: pSphereShape3 tranform: pSphere3 -0.009629478461 0.2782120928 -0.09350776797 0 0.1243218943 0.01963712644 0.04562327957 0 0.04927717571 -0.03793756477 -0.1179495889 0 -7.783246978 0.7573896552 0.2231090219 1


mesh: pSphereShape4 tranform: pSphere4 -0.07805813474 0.004230513022 -0.1629644604 0 0.03647632898 0.1434965958 -0.01374661678 0 0.1496106093 -0.04500743889 -0.07283017184 0 -7.829291605 1.033441133 0.01582042795 1


mesh: pSphereShape5 tranform: pSphere5 -0.05465511521 0.001307084767 -0.1786093481 0 0.03291105917 0.1342672044 -0.009088321131 0 0.1636379537 -0.04352127442 -0.05039230757 0 -7.920343037 1.055516977 -0.2630734335 1


mesh: pSphereShape6 tranform: pSphere6 -0.03403789825 -0.2441912686 -0.101098997 0 0.01377155044 0.03888892523 -0.09856765072 0 0.1031825055 -0.01749370049 0.007514350429 0 -7.979857826 0.7687634191 -0.42756966 1


mesh: pSphereShape7 tranform: pSphere7 0.05248638194 -0.2102690112 -0.1274211111 0 0.01564622198 0.05424872849 -0.08307581707 0 0.1227618382 0.01191676968 0.03090223683 0 -7.91142423 0.3442759899 -0.6139105988 1


mesh: pSphereShape8 tranform: pSphere8 -0.03525046106 -0.1858761079 -0.006966730259 0 0.01026695723 -0.0003419439882 -0.04282579448 0 0.1098141112 -0.02181895239 0.02650079597 0 -7.862456255 0.0206791674 -0.7376920683 1


mesh: pSphereShape10 tranform: pSphere10 -0.01288951662 0.006026597108 -0.1829321864 0 0.02350681466 0.1529568398 0.00338277141 0 0.2200595125 -0.03345204114 -0.01660758983 0 -7.769344911 1.464157108 -0.1138374148 1


mesh: pSphereShape11 tranform: pSphere11 -0.007125787532 0.0007895678209 -0.04345314424 0 0.1292572253 0.1108438114 -0.01918252021 0 0.07294169171 -0.08740369372 -0.01354972469 0 -7.740479312 1.263509684 -0.1077978998 1


mesh: pSphereShape12 tranform: pSphere12 -0.109587252 0.003490804103 -0.296833386 0 0.0290564542 0.1629772993 -0.00881065024 0 0.2404411261 -0.04769628487 -0.08932883535 0 -7.904635435 0.8583052477 -0.07649389259 1


mesh: pSphereShape13 tranform: pSphere13 -0.0772886366 0.001381905986 -0.2049956793 0 0.04126597935 0.2022173172 -0.01419515753 0 0.1789108898 -0.04126452689 -0.06773217118 0 -7.907374113 0.6293070443 -0.08663999831 1


mesh: pSphereShape14 tranform: pSphere14 -0.08073086229 0.0001840800586 -0.2063287191 0 0.04142944211 0.2375282558 -0.01599830787 0 0.1748782123 -0.03511285075 -0.06845645391 0 -7.932678226 0.4372876212 -0.07804703099 1


mesh: pSphereShape15 tranform: pSphere15 -0.09635469034 0.01253186213 -0.1165760607 0 0.01712622943 0.3787148687 0.02655613827 0 0.1450589695 0.001833705448 -0.1196998102 0 -7.902040953 -0.1513559488 0.06661343936 1


mesh: pSphereShape16 tranform: pSphere16 -0.06238883449 0.01169942685 -0.0775500903 0 0.1236764894 0.3375260458 -0.048577258 0 0.058625524 -0.02889694531 -0.05152354815 0 -7.981599498 -0.8450040628 0.09147739742 1


mesh: pSphereShape17 tranform: pSphere17 -0.09392395762 0.02519523361 -0.05631015399 0 0.02542682565 0.1008445127 0.002710220975 0 0.1368728978 -0.02803818934 -0.2408459579 0 -8.02506169 -1.306634538 -0.01919910932 1


mesh: pSphereShape18 tranform: pSphere18 -0.01051230392 0.01514798882 -0.1265063733 0 -0.06792391906 0.3485423837 0.0473790597 0 0.1429385075 0.02899844361 -0.008405465322 0 -7.962471012 -0.1656474931 -0.2659152815 1


mesh: pSphereShape19 tranform: pSphere19 -0.008109580356 0.01096800342 -0.08536870304 0 0.03807817001 0.4255071921 0.05105110192 0 0.099887505 -0.007681972487 -0.01047575537 0 -7.909970057 -0.8761863763 -0.3768153138 1


mesh: pSphereShape20 tranform: pSphere20 -0.01174102342 -0.02483735343 -0.1121015366 0 -0.002858781746 0.08002458071 -0.01743092762 0 0.2603827721 0.003206860165 -0.02798186571 0 -7.720902973 -1.284741425 -0.4158704457 1


mesh: pSphereShape21 tranform: pSphere21 -0.09621291048 0.0002193817543 -0.2458971205 0 -0.06638150151 0.1269714144 0.02608657092 0 0.2149998154 0.1296629633 -0.08400794713 0 -8.009936077 0.275868043 -0.05241103915 1


