mesh: pSphereShape1 tranform: pSphere1 0.02887501617 0.1358551596 -0.04762083458 0 -0.06265463336 0.03032055948 0.04850924843 0 0.09791717297 0.01929259054 0.1144112229 0 4.28855924 -0.07927052336 -0.05472937813 1


mesh: pSphereShape2 tranform: pSphere2 0.03654932275 0.2506542815 -0.05768982027 0 -0.09368224544 0.03628271237 0.09829107719 0 0.09679863369 0.006561971468 0.08983752634 0 4.364694279 0.2447476502 -0.1720941135 1


mesh: pSphereShape3 tranform: pSphere3 0.06991430463 0.2847447316 -0.01645679014 0 -0.09475922637 0.02847856944 0.09018144969 0 0.08868144617 -0.01609498744 0.09826574623 0 4.448094954 0.7006675068 -0.2556939238 1


mesh: pSphereShape4 tranform: pSphere4 0.1802550623 0.01226721712 -0.005100283748 0 -0.009654912791 0.1477154682 0.01406016173 0 0.005938260137 -0.01593917423 0.1715340132 0 4.637570926 0.990838614 -0.2588639566 1


mesh: pSphereShape5 tranform: pSphere5 0.1839234719 0.01369824114 0.02957539512 0 -0.01191386623 0.1376392069 0.01034050746 0 -0.02682358078 -0.01538938484 0.1739382886 0 4.926361702 1.031522716 -0.2251565256 1


mesh: pSphereShape6 tranform: pSphere6 0.1860568872 -0.1820553872 0.05698799977 0 0.05837201927 0.07496150377 0.04889852958 0 -0.04854619196 -0.02126738591 0.09055434834 0 5.17850678 0.808554205 -0.1558422228 1


mesh: pSphereShape7 tranform: pSphere7 0.1489728363 -0.1395698414 0.1467357158 0 0.03892466353 0.08353950618 0.03994172836 0 -0.08979225633 -0.001201370678 0.09001852014 0 5.445093259 0.4965063169 0.06736024642 1


mesh: pSphereShape8 tranform: pSphere8 0.07566397172 -0.1728755956 0.01516738736 0 0.03404091595 0.01685437683 0.02228726166 0 -0.05669553092 -0.01614568595 0.09880501749 0 5.634232982 0.2524156117 0.2320852128 1


mesh: pSphereShape10 tranform: pSphere10 0.1745644007 0.02195811885 0.05207451712 0 -0.01346694275 0.1529820307 -0.01936357508 0 -0.06594962502 0.02105340477 0.2121990605 0 4.737440357 1.440645256 -0.2660616862 1


mesh: pSphereShape11 tranform: pSphere11 0.04287473844 0.002348155836 0.009788716833 0 -0.0286001995 0.1422547771 0.09114470292 0 -0.01790314971 -0.06361993995 0.09367748703 0 4.723786857 1.255789185 -0.1929866079 1


mesh: pSphereShape12 tranform: pSphere12 0.3141586526 0.02232204915 0.03062152275 0 -0.01223758123 0.1652508961 0.005088035842 0 -0.0246012419 -0.009813244944 0.2595476655 0 4.761115677 0.818704871 -0.2621213849 1


mesh: pSphereShape13 tranform: pSphere13 0.2175292006 0.008213630542 0.02474378114 0 -0.009163410518 0.2063165801 0.01207176864 0 -0.02161530614 -0.01231786182 0.1941148204 0 4.777779818 0.5931358555 -0.2255113636 1


mesh: pSphereShape14 tranform: pSphere14 0.2197448239 0.01133461625 0.02593810234 0 -0.01334616374 0.2411530942 0.007686476767 0 -0.0220103173 -0.007262764597 0.1896427844 0 4.78617499 0.3994114277 -0.2226160535 1


mesh: pSphereShape15 tranform: pSphere15 0.1462031156 0.0070820775 0.04007174835 0 0.002667482493 0.3724350452 -0.07555467954 0 -0.05041370639 0.0363715391 0.1775079745 0 4.609466866 -0.2004522708 -0.1647179759 1


mesh: pSphereShape16 tranform: pSphere16 0.09598300711 0.00920143712 0.02731035817 0 -0.05387589603 0.351644758 0.07087176851 0 -0.02049380656 -0.01894255354 0.07840819526 0 4.60959531 -0.8931324684 -0.1295679411 1


mesh: pSphereShape17 tranform: pSphere17 0.08994627088 -0.01708356708 0.0651549165 0 0.01505526699 0.1027564671 0.006158888643 0 -0.1619629305 0.0101688059 0.2262558512 0 4.532507924 -1.342299766 -0.05290994625 1


mesh: pSphereShape18 tranform: pSphere18 0.1182019163 0.02617576969 -0.04107272399 0 -0.1131588711 0.316498829 -0.1239507501 0 0.03111678899 0.06156062898 0.128782813 0 5.098116436 -0.1542147065 -0.09520098215 1


mesh: pSphereShape19 tranform: pSphere19 0.07982121135 0.01535219415 -0.0294408255 0 -0.02720973232 0.4065317409 0.138217606 0 0.0381584674 -0.02770809343 0.08900820598 0 5.264396871 -0.8108466262 -0.06121583208 1


mesh: pSphereShape20 tranform: pSphere20 0.03535621084 0.01699011388 -0.1085484899 0 0.01005676649 0.0797890393 0.01576432821 0 0.2472304965 -0.0456596279 0.0733807655 0 5.472754457 -1.254079447 -0.08707542433 1


mesh: pSphereShape21 tranform: pSphere21 0.2618860802 0.01350829642 0.03091234563 0 0.004595883544 0.1150256208 -0.08920054599 0 -0.03277677184 0.1618125649 0.2069712949 0 4.805660254 0.2282731121 -0.2775183426 1


