mesh: pSphereShape1 tranform: pSphere1 0.004528813399 0.1394483988 -0.0457358586 0 0.08443187713 -1.088684712e-05 0.008327340399 0 0.01414666382 -0.047523079 -0.1434968069 0 3.065316404 -0.08233811154 1.553859618 1


mesh: pSphereShape2 tranform: pSphere2 0.03318307679 0.2468628973 -0.0738182265 0 0.1346321233 -0.006173500937 0.03987497259 0 0.03399669497 -0.04078139516 -0.121098797 0 3.062245163 0.2534067928 1.445529356 1


mesh: pSphereShape3 tranform: pSphere3 0.03245109006 0.2669427901 -0.1180121676 0 0.1273141674 0.002784889033 0.04130836389 0 0.03851375139 -0.05550398947 -0.1149591341 0 3.104165811 0.7012306654 1.296054269 1


mesh: pSphereShape4 tranform: pSphere4 -0.0983777849 0.0139921207 -0.1509782004 0 0.0232280748 0.1468635316 -0.001524685578 0 0.1420755787 -0.02345447395 -0.09475049061 0 3.071589672 0.9798822126 1.080504551 1


mesh: pSphereShape5 tranform: pSphere5 -0.08365175052 0.01467213736 -0.1663649673 0 0.02104297896 0.136924709 0.001494882712 0 0.1556634863 -0.02304609189 -0.08030331603 0 2.937340817 1.022216223 0.821174106 1


mesh: pSphereShape6 tranform: pSphere6 0.04208142897 -0.2215631037 -0.141943319 0 -0.006396700361 0.05667331942 -0.09035929928 0 0.1034172184 0.01735769495 0.003565645539 0 2.943708835 0.7647648369 0.6184301359 1


mesh: pSphereShape7 tranform: pSphere7 0.1257761022 -0.1445636629 -0.1627443897 0 -0.01076630365 0.070387498 -0.07084495055 0 0.1092477145 0.05368916854 0.0367401227 0 3.150118599 0.4365329078 0.3607536671 1


mesh: pSphereShape8 tranform: pSphere8 0.04079495052 -0.1795447695 -0.04405116987 0 0.009244293814 0.01222995412 -0.0412861631 0 0.1097250868 0.01762241196 0.02978848453 0 3.319150344 0.1883112173 0.1813771183 1


mesh: pSphereShape10 tranform: pSphere10 -0.1252769516 0.01762508734 -0.1328972762 0 0.01477096803 0.1539463293 0.006492651141 0 0.1616860674 -0.00903498394 -0.1536132313 0 3.070846643 1.425960005 0.9581743501 1


mesh: pSphereShape11 tranform: pSphere11 -0.02698898085 0.006392314174 -0.03420978284 0 0.1049641933 0.121360688 -0.06013195015 0 0.05723291536 -0.07920584447 -0.05995263719 0 3.119593218 1.22615089 0.9387040838 1


mesh: pSphereShape12 tranform: pSphere12 -0.1617163122 0.02356226668 -0.2709691209 0 0.01421424164 0.1650666535 0.005870299044 0 0.2231337078 -0.01443401012 -0.1344229122 0 2.999036345 0.8091288879 0.9784948584 1


mesh: pSphereShape13 tranform: pSphere13 -0.117502536 0.01095281556 -0.1845856479 0 0.01828510651 0.2060619733 0.0005873284449 0 0.1642663151 -0.01427586991 -0.1054148564 0 3.013615199 0.5834516149 0.9421695641 1


mesh: pSphereShape14 tranform: pSphere14 -0.1236385957 0.007057875245 -0.1837191617 0 0.01860214446 0.2409052162 -0.003264025649 0 0.1578561067 -0.01363573796 -0.1067572185 0 3.006471315 0.388608976 0.9364537176 1


mesh: pSphereShape15 tranform: pSphere15 -0.09615628383 0.00469239569 -0.1173166755 0 -0.06551089339 0.3680368919 0.06841532756 0 0.1418501031 0.0465163131 -0.1144040757 0 3.172907967 -0.1895967218 1.017458705 1


mesh: pSphereShape16 tranform: pSphere16 -0.06287300658 0.00736180674 -0.07769201122 0 0.06009667612 0.3574210581 -0.01476591918 0 0.06332623433 -0.01281497204 -0.0524616628 0 3.234967398 -0.8805429208 0.9698985266 1


mesh: pSphereShape17 tranform: pSphere17 -0.05981548679 0.004806728855 -0.09500708369 0 0.007163634413 0.1037864063 0.0007407535454 0 0.2349310948 -0.01515446552 -0.1486769266 0 3.342268207 -1.354998615 0.8889391613 1


mesh: pSphereShape18 tranform: pSphere18 -0.06675204431 0.006350975953 -0.1088469672 0 -0.05177723605 0.3506185381 0.05221097479 0 0.122794097 0.0290944983 -0.07360773345 0 2.945136446 -0.2179571225 0.7488015151 1


mesh: pSphereShape19 tranform: pSphere19 -0.04896154491 0.0003776601143 -0.07124957786 0 0.3015062059 0.2275458698 -0.2059840224 0 0.04369428455 -0.08548742702 -0.03047912608 0 2.770301651 -0.7808730009 0.8272335342 1


mesh: pSphereShape20 tranform: pSphere20 -0.08276056105 -0.01000092794 -0.07982588082 0 0.04818437102 0.03751019784 -0.05465523613 0 0.09804382478 -0.2317478971 -0.07261389248 0 2.582505495 -1.193605196 0.9891227998 1


mesh: pSphereShape21 tranform: pSphere21 -0.1473492144 0.008411389397 -0.2189516469 0 -0.06860800543 0.1180280381 0.05070578663 0 0.1808596258 0.1548645948 -0.1157648171 0 2.949287525 0.2192444949 0.9634342052 1


