mesh: pSphereShape1 tranform: pSphere1 -0.04585754878 0.1295316332 -0.05173756911 0 0.02269788615 0.03712630322 0.07283220555 0 0.1383896866 0.0263932738 -0.05658263409 0 -5.661948203 0.18111216 0.8260936908 1


mesh: pSphereShape2 tranform: pSphere2 -0.04685056613 0.2394349662 -0.08926062183 0 0.1118855019 0.04805776824 0.07018560798 0 0.07639008985 -0.02425824548 -0.1051660962 0 -5.768560968 0.4896415831 0.6917025586 1


mesh: pSphereShape3 tranform: pSphere3 0.05234458298 0.2577401035 -0.1306464 0 0.1031915623 0.0209513534 0.0826775425 0 0.08155629551 -0.06040215976 -0.08648557196 0 -5.782295703 0.9157328606 0.514159402 1


mesh: pSphereShape4 tranform: pSphere4 0.03574835133 -0.01546931152 -0.1764968577 0 0.04228405541 0.1425040821 -0.003925592669 0 0.1617040357 -0.04696547321 0.0368685103 0 -5.685374116 1.16064925 0.2769536714 1


mesh: pSphereShape5 tranform: pSphere5 0.05686041957 -0.01810405341 -0.1770009188 0 0.03855136646 0.133062796 -0.001225581737 0 0.1609408168 -0.04610863867 0.05641730954 0 -5.595539491 1.151035156 -0.00382521071 1


mesh: pSphereShape6 tranform: pSphere6 0.08945140807 -0.2446021099 -0.05636678843 0 0.07955116514 0.04232542512 -0.05742609503 0 0.06055232434 0.002405546308 0.0856548529 0 -5.497131625 0.8589143792 -0.1208612776 1


mesh: pSphereShape7 tranform: pSphere7 0.1885141937 -0.1648401819 0.02222903674 0 0.06043984269 0.06230437544 -0.05054216462 0 0.03497661519 0.05473990323 0.1093051048 0 -5.228228212 0.4885296093 -0.09648408671 1


mesh: pSphereShape8 tranform: pSphere8 0.04383677836 -0.1827072455 0.02318312151 0 0.04086320055 0.007982888895 -0.01435438384 0 0.03363708186 0.0217558943 0.1078551142 0 -5.011587856 0.2207551871 -0.03795965325 1


mesh: pSphereShape10 tranform: pSphere10 0.03206127221 -0.01452398555 -0.1800771307 0 0.00128932144 0.1543014169 -0.01221551152 0 0.2197644763 0.001253248202 0.03902620234 0 -5.608875601 1.588497851 0.1143317618 1


mesh: pSphereShape11 tranform: pSphere11 0.008831307406 -0.002621802103 -0.04306634617 0 0.1104631578 0.1301642612 0.01472772189 0 0.08457440001 -0.07424733204 0.02186311169 0 -5.559395744 1.398361689 0.1690242977 1


mesh: pSphereShape12 tranform: pSphere12 0.07615261763 -0.02980932499 -0.3056857758 0 0.03320461502 0.1622466036 -0.007549724476 0 0.2477776646 -0.04762062393 0.06637029922 0 -5.695320083 0.9742409114 0.1771010194 1


mesh: pSphereShape13 tranform: pSphere13 0.0519008212 -0.02885554672 -0.2108846456 0 0.05720055113 0.1983773914 -0.0130665393 0 0.1822690937 -0.049158124 0.05158460047 0 -5.703291493 0.7447167731 0.1931718975 1


mesh: pSphereShape14 tranform: pSphere14 0.05009585904 -0.02362171032 -0.214526143 0 0.06278570312 0.2330855882 -0.01100367758 0 0.1793635506 -0.04609777576 0.04696061426 0 -5.744386675 0.555056692 0.2055337378 1


mesh: pSphereShape15 tranform: pSphere15 0.01494458579 -0.01185318197 -0.1505570101 0 -0.1151579213 0.3599727833 -0.03977104977 0 0.1782761766 0.05847831285 0.01309211395 0 -5.687247937 0.006788837067 0.4303187945 1


mesh: pSphereShape16 tranform: pSphere16 0.01150837682 0.0001851186497 -0.09955291436 0 0.1166926905 0.3431656671 0.01412786183 0 0.07822069097 -0.02696896709 0.008992210162 0 -5.64296586 -0.6572273749 0.4992793625 1


mesh: pSphereShape17 tranform: pSphere17 0.03741521877 -0.003923251236 -0.1058869801 0 0.0356220208 0.09733397667 0.008980708072 0 0.2446284977 -0.09783845342 0.09006464799 0 -5.619049108 -1.170405349 0.5567955994 1


mesh: pSphereShape18 tranform: pSphere18 0.01985104631 -0.02161637454 -0.124428698 0 0.02174924218 0.3528773856 -0.05783380068 0 0.1440476168 -0.004970310959 0.02384446725 0 -5.784712177 -0.05833433348 0.1007108033 1


mesh: pSphereShape19 tranform: pSphere19 0.01206893819 -0.01468281985 -0.08433642976 0 0.2120647336 0.3727565728 -0.03454878815 0 0.08650768791 -0.04730432429 0.02061525269 0 -5.96044292 -0.7405067082 0.1746525392 1


mesh: pSphereShape20 tranform: pSphere20 -0.009267875934 -0.003012186935 -0.1150066671 0 0.03662135816 0.0731514247 -0.004867091481 0 0.2333512116 -0.1178669793 -0.01571763402 0 -5.967137452 -1.205509649 0.227873043 1


mesh: pSphereShape21 tranform: pSphere21 0.05970292233 -0.02815173078 -0.255666594 0 -0.05870329708 0.1302904727 -0.02805474342 0 0.2347807697 0.1148640774 0.04217788217 0 -5.835721236 0.3992722449 0.1970801029 1


