mesh: pSphereShape1 tranform: pSphere1 -0.03893240159 0.1368445854 -0.03627619579 0 0.07194093855 0.02947240016 0.0339700689 0 0.06968621267 -0.01568804784 -0.1339687339 0 1.749551556 -0.05719777025 1.910480507 1


mesh: pSphereShape2 tranform: pSphere2 -0.04435063209 0.2497617304 -0.05606814291 0 0.1229038029 0.03496409501 0.0585329094 0 0.06004019312 -0.01555362004 -0.1167778926 0 1.645338124 0.2676416146 1.820389697 1


mesh: pSphereShape3 tranform: pSphere3 -0.01830855403 0.2744985668 -0.1027313575 0 0.1145177074 0.03087605718 0.06209184777 0 0.06856484777 -0.03604509512 -0.108532102 0 1.574259929 0.7174583409 1.697415805 1


mesh: pSphereShape4 tranform: pSphere4 -0.06114353261 0.00954891201 -0.1698195268 0 0.02271818492 0.1469511557 8.334480681e-05 0 0.1600603474 -0.02471135122 -0.05901925283 0 1.529223475 0.998144961 1.482636086 1


mesh: pSphereShape5 tranform: pSphere5 -0.04423377181 0.009340953262 -0.181235508 0 0.01845602535 0.1372813993 0.002571016714 0 0.1700196344 -0.02205889415 -0.04263326153 0 1.456368357 1.032667039 1.198501822 1


mesh: pSphereShape6 tranform: pSphere6 0.01641985651 -0.2441763513 -0.1054384141 0 0.0204950997 0.04273203608 -0.09576800017 0 0.1027730622 -0.00216850255 0.02102664379 0 1.455186591 0.748986402 1.025350642 1


mesh: pSphereShape7 tranform: pSphere7 0.09876337316 -0.1975977743 -0.1200205508 0 0.01810899722 0.05774508123 -0.08016788635 0 0.1146596355 0.02892321973 0.04673373421 0 1.609435024 0.3432777578 0.8483775349 1


mesh: pSphereShape8 tranform: pSphere8 -0.003856292417 -0.1889785386 -0.01064418856 0 0.01469205865 0.002035859368 -0.04146775492 0 0.1084379837 -0.004364695812 0.03820537939 0 1.721742003 0.03344759341 0.7308863883 1


mesh: pSphereShape10 tranform: pSphere10 -0.0536011328 0.002042196525 -0.1754690637 0 0.004989229763 0.1547088861 0.0002765022017 0 0.2133485334 -0.006763689065 -0.06525102268 0 1.541551889 1.442131788 1.340909481 1


mesh: pSphereShape11 tranform: pSphere11 -0.01182839463 0.001499552019 -0.04239594831 0 0.112868315 0.1260627129 -0.02703120041 0 0.08057784064 -0.07755285818 -0.02522413309 0 1.59874001 1.24676658 1.352535993 1


mesh: pSphereShape12 tranform: pSphere12 -0.07520597494 0.01558786123 -0.3069734361 0 0.01569151172 0.1649749482 0.004533001875 0 0.2522141283 -0.0222603558 -0.06292075626 0 1.479752943 0.8243913242 1.371897876 1


mesh: pSphereShape13 tranform: pSphere13 -0.05144128624 0.0200999662 -0.2120105115 0 0.025250104 0.2048946123 0.01329876021 0 0.188725871 -0.02016137283 -0.04770303316 0 1.497978167 0.5981245488 1.34284098 1


mesh: pSphereShape14 tranform: pSphere14 -0.04780351509 0.01616362588 -0.2157373576 0 0.02572279532 0.239957479 0.01227855441 0 0.1854420799 -0.01770840597 -0.04241738851 0 1.487213567 0.4042756898 1.330178023 1


mesh: pSphereShape15 tranform: pSphere15 -0.01896831498 0.01280893188 -0.1500246184 0 0.04170406781 0.3767769455 0.026895948 0 0.1854586601 -0.01873968326 -0.0250483797 0 1.465704352 -0.1902927797 1.493362464 1


mesh: pSphereShape16 tranform: pSphere16 -0.01141124005 0.01076688864 -0.09898038933 0 0.1436195017 0.3325180032 0.01961305383 0 0.07583548874 -0.03203326675 -0.01222742798 0 1.329737128 -0.8807221397 1.481288605 1


mesh: pSphereShape17 tranform: pSphere17 0.01756158435 -0.005792533064 -0.1108394351 0 0.01007213644 0.1034770785 -0.003811926006 0 0.2736913084 -0.02499467707 0.04467034218 0 1.361341711 -1.335025586 1.506510614 1


mesh: pSphereShape18 tranform: pSphere18 -0.02062072363 0.00312199166 -0.126130375 0 -0.1652438195 0.315944916 0.03483557807 0 0.1274629154 0.06877490459 -0.01913625384 0 1.60328929 -0.1697373296 1.132159703 1


mesh: pSphereShape19 tranform: pSphere19 -0.01516998828 0.0006321102435 -0.08510787122 0 0.03631142359 0.4286994288 -0.003288280696 0 0.09880072742 -0.00850412039 -0.01767382261 0 1.763928814 -0.8457719001 1.076190814 1


mesh: pSphereShape20 tranform: pSphere20 -0.04296212026 0.009631010789 -0.1066911436 0 0.002222120052 0.08166427346 0.006477037235 0 0.2429779477 0.001140421342 -0.0977388005 0 1.947320429 -1.268638115 1.023600834 1


mesh: pSphereShape21 tranform: pSphere21 -0.05697096732 0.01926338262 -0.2571100876 0 -0.07880867698 0.1195818729 0.02642198133 0 0.2151860832 0.1498695698 -0.03645272939 0 1.419078434 0.2368332679 1.328475419 1


