mesh: pSphereShape1 tranform: pSphere1 0.03276187467 0.138806544 0.03489323357 0 -0.05597316286 0.02765270762 -0.0574492767 0 -0.1089482988 -0.0008645762748 0.105732802 0 4.36985316 -0.0559374343 -0.4178255482 1


mesh: pSphereShape2 tranform: pSphere2 0.02572980895 0.2539828316 0.04818957753 0 -0.106106431 0.02744392408 -0.08798971827 0 -0.08571800351 -0.010318096 0.1001487736 0 4.448784216 0.2761256334 -0.3279289927 1


mesh: pSphereShape3 tranform: pSphere3 -0.01947335396 0.280524163 0.08464857125 0 -0.09709247136 0.02038504064 -0.08989180102 0 -0.09137786603 -0.03381167826 0.09102999731 0 4.47404852 0.7343606158 -0.2227884052 1


mesh: pSphereShape4 tranform: pSphere4 0.009563619761 -0.00342237463 0.1804583318 0 -0.02476870038 0.1465623775 0.004092190078 0 -0.1697221873 -0.02891848211 0.008446207884 0 4.44749707 1.00792798 -0.01651235219 1


mesh: pSphereShape5 tranform: pSphere5 -0.02034437712 -0.005443308749 0.1855981305 0 -0.01994257744 0.1370851773 0.001834488462 0 -0.1737639186 -0.02501373857 -0.01978078218 0 4.424420596 1.019750255 0.2767071631 1


mesh: pSphereShape6 tranform: pSphere6 -0.05091614086 -0.2479439042 0.08330863305 0 -0.05352095481 0.03914411381 0.08379040295 0 -0.08857301086 -0.0007092574304 -0.05624449451 0 4.368287157 0.7269005034 0.4258382553 1


mesh: pSphereShape7 tranform: pSphere7 -0.1314959645 -0.2024236978 0.07026716719 0 -0.04611175478 0.05448623074 0.07067019823 0 -0.09130798397 0.03047660283 -0.08307499805 0 4.166141188 0.3146248326 0.5216057942 1


mesh: pSphereShape8 tranform: pSphere8 0.004369760299 -0.1891299203 0.007199740149 0 -0.031811831 0.0004242890839 0.03045329862 0 -0.07952139675 -0.004996895845 -0.08299925526 0 4.024413798 -0.0003506069907 0.5757608627 1


mesh: pSphereShape10 tranform: pSphere10 -2.347843286e-05 -0.009266738961 0.1832505698 0 -0.007399964681 0.1544153158 0.007807630204 0 -0.2229510591 -0.01065567777 -0.000567408472 0 4.393487577 1.44068776 0.1459764714 1


mesh: pSphereShape11 tranform: pSphere11 -0.0007862478214 -0.001978019767 0.04398914936 0 -0.1134743329 0.1283406301 0.003742771993 0 -0.08587957029 -0.07578758934 -0.004942854727 0 4.3478479 1.250530849 0.1081402209 1


mesh: pSphereShape12 tranform: pSphere12 -0.01779810715 -0.008429197296 0.3158223972 0 -0.0190877946 0.1646455218 0.003318646755 0 -0.2587447262 -0.02968708637 -0.01537384527 0 4.468280559 0.8262746687 0.09064129724 1


mesh: pSphereShape13 tranform: pSphere13 -0.01564566978 -0.01028838875 0.2182842954 0 -0.02979507349 0.2045779282 0.007506785451 0 -0.193157251 -0.02757603753 -0.01514441317 0 4.451255612 0.5976963251 0.08920259874 1


mesh: pSphereShape14 tranform: pSphere14 -0.0170268006 -0.005948552206 0.2208251551 0 -0.02842270012 0.2399289899 0.004271626002 0 -0.1891587108 -0.02213801521 -0.01518149864 0 4.464994696 0.4043672527 0.08329253011 1


mesh: pSphereShape15 tranform: pSphere15 -0.008967443188 0.01095188181 0.1510989513 0 0.001007200921 0.3790395346 -0.02741358647 0 -0.1877491795 -0.0003053765485 -0.01112043226 0 4.492409095 -0.1936980577 -0.07398411065 1


mesh: pSphereShape16 tranform: pSphere16 -0.006609736732 0.009267372381 0.09956749948 0 -0.09558782226 0.347769465 -0.03871463575 0 -0.08009703329 -0.02237553011 -0.00323456886 0 4.548464572 -0.8965258288 -0.05045474062 1


mesh: pSphereShape17 tranform: pSphere17 -0.02475743934 0.0006967416639 0.1096080599 0 -0.004804830763 0.1039102992 -0.001745801732 0 -0.2712905784 -0.01357259396 -0.06119078699 0 4.463272632 -1.359668498 -0.06364632784 1


mesh: pSphereShape18 tranform: pSphere18 0.01928629723 0.005878999241 0.126243054 0 0.01387721435 0.3574848573 -0.01876771205 0 -0.1443094542 0.006742884293 0.02173231341 0 4.48072397 -0.2079941908 0.279016958 1


mesh: pSphereShape19 tranform: pSphere19 0.01406098668 0.004457328668 0.0851839112 0 -0.1284985351 0.4106100139 -0.0002747889272 0 -0.09472499097 -0.02963225329 0.01718643237 0 4.558760136 -0.919602506 0.3198429988 1


mesh: pSphereShape20 tranform: pSphere20 0.04892015349 0.01317199995 0.1037054351 0 -0.002236248009 0.08139267083 -0.00928308781 0 -0.2371052113 0.006153033799 0.1110662672 0 4.463312467 -1.328940329 0.3870842825 1


mesh: pSphereShape21 tranform: pSphere21 -0.02029209147 -0.007089327484 0.2631735903 0 0.07937843277 0.1217352104 0.009399785095 0 -0.2210344671 0.1451413956 -0.01313314431 0 4.53483458 0.2376965397 0.08834466208 1


