mesh: pSphereShape1 tranform: pSphere1 -0.02275087336 0.1433842418 -0.02194292148 0 0.08281499703 0.01086116693 -0.01489288125 0 -0.02312095679 -0.02627695556 -0.1477323516 0 -7.659989432 -0.05354932105 0.5032607511 1


mesh: pSphereShape2 tranform: pSphere2 -0.009276891105 0.2551092434 -0.04821566566 0 0.1397094145 0.002212124593 -0.01517630386 0 -0.01363410385 -0.02490369953 -0.1291422977 0 -7.72198756 0.2899407383 0.4511897558 1


mesh: pSphereShape3 tranform: pSphere3 -0.01492100804 0.2769322869 -0.09656226034 0 0.1335360136 0.004205994151 -0.008571841108 0 -0.006673585864 -0.04416693924 -0.1256357796 0 -7.750363674 0.7502321432 0.3471385911 1


mesh: pSphereShape4 tranform: pSphere4 -0.1427252601 0.01027089373 -0.1104191734 0 0.02918668148 0.1437559525 -0.0243542359 0 0.1002031359 -0.04296373199 -0.1335166177 0 -7.85484876 1.030254198 0.1701664948 1


mesh: pSphereShape5 tranform: pSphere5 -0.1354593134 0.009431639027 -0.1282653808 0 0.02756058656 0.1344034733 -0.01922337168 0 0.116453708 -0.04191085621 -0.126066966 0 -8.067899792 1.064152724 -0.03120704412 1


mesh: pSphereShape6 tranform: pSphere6 -0.09413101243 -0.2364645236 -0.07894835638 0 -0.03219040612 0.04356547402 -0.09210544557 0 0.09293132476 -0.0225836371 -0.04316100873 0 -8.215989544 0.7875890942 -0.1541889333 1


mesh: pSphereShape7 tranform: pSphere7 -0.01859028861 -0.2019731643 -0.1485437947 0 -0.02251584338 0.05933396805 -0.07785780128 0 0.1235582873 0.009552739649 -0.02845208905 0 -8.263321847 0.374862921 -0.3670746342 1


mesh: pSphereShape8 tranform: pSphere8 -0.03111278722 -0.1867432781 -1.93067782e-05 0 -0.01541987169 0.002573319381 -0.04117258303 0 0.1060999157 -0.0176727946 -0.0408408875 0 -8.287609688 0.06072541112 -0.5192980719 1


mesh: pSphereShape10 tranform: pSphere10 -0.08719313428 0.01161995145 -0.1610247757 0 0.01333404575 0.1541647335 0.003904675374 0 0.195449965 -0.01419838793 -0.1068585847 0 -7.878941509 1.473170403 0.05909643734 1


mesh: pSphereShape11 tranform: pSphere11 -0.02516775012 0.001906675518 -0.03609051055 0 0.1038263754 0.1192137659 -0.06610530761 0 0.06344796432 -0.08220116992 -0.04858821454 0 -7.837870541 1.273083007 0.03643143673 1


mesh: pSphereShape12 tranform: pSphere12 -0.2345181768 0.01557583954 -0.2118731425 0 0.02221135053 0.1638073067 -0.01254302019 0 0.1716337292 -0.03803362207 -0.1927740079 0 -7.964599562 0.8584688326 0.1132503282 1


mesh: pSphereShape13 tranform: pSphere13 -0.1631307517 0.008775742684 -0.1459795046 0 0.03046917945 0.2034497826 -0.02181838618 0 0.1274146725 -0.03457450085 -0.1444632127 0 -7.97229288 0.6301075365 0.09388592541 1


mesh: pSphereShape14 tranform: pSphere14 -0.1655292912 0.008893376642 -0.1470034283 0 0.03290497524 0.2383211849 -0.02263387466 0 0.1243009576 -0.03063106165 -0.1418188897 0 -7.992393306 0.4371021759 0.1045581478 1


mesh: pSphereShape15 tranform: pSphere15 -0.1227610869 0.02553833564 -0.08549129075 0 0.04108745315 0.3741020321 0.05275394501 0 0.1086908493 0.009664249297 -0.15318751 0 -7.909947971 -0.1556590027 0.1787164202 1


mesh: pSphereShape16 tranform: pSphere16 -0.08006087642 0.01983274226 -0.05692256288 0 0.1149112715 0.341399995 -0.04267198942 0 0.04255408887 -0.02279694166 -0.06779461997 0 -8.006176673 -0.8498494656 0.1582862853 1


mesh: pSphereShape17 tranform: pSphere17 -0.09832863959 0.01339075219 -0.05272105316 0 0.0157428706 0.1027864483 -0.003254623761 0 0.1280266231 -0.02738964397 -0.2457358273 0 -8.039509579 -1.316548145 0.03761957392 1


mesh: pSphereShape18 tranform: pSphere18 -0.09043077607 0.03247659516 -0.08432898724 0 -0.0466567642 0.3118078071 0.1701154465 0 0.1014982401 0.06162197045 -0.08511062528 0 -8.098658534 -0.1174822251 -0.1666562198 1


mesh: pSphereShape19 tranform: pSphere19 -0.06366671523 0.01785053384 -0.05569367707 0 0.216031909 0.3463537077 -0.13594799 0 0.04566634473 -0.05602207702 -0.07015967256 0 -8.218867787 -0.7219110277 -0.2703549587 1


mesh: pSphereShape20 tranform: pSphere20 -0.103044109 0.03734502704 -0.03617679947 0 0.03502584489 0.06787620656 -0.02969771308 0 0.03728281139 -0.1198187641 -0.2298823884 0 -8.363867095 -1.173877316 -0.3184237614 1


mesh: pSphereShape21 tranform: pSphere21 -0.1972734395 0.01059889151 -0.1751948051 0 -0.04558478971 0.1251459196 0.05890058367 0 0.1552494777 0.1349840042 -0.1666483068 0 -8.051813482 0.2740973193 0.1553608979 1


