mesh: pSphereShape1 tranform: pSphere1 0.1213934973 0.08176786523 -0.0116520324 0 -0.04058427091 0.06535072218 0.03578109357 0 0.04493850228 -0.04717482241 0.1371312214 0 -1.198327906 0.419991934 0.6341419538 1


mesh: pSphereShape2 tranform: pSphere2 0.211054782 0.1461812793 -0.03972970893 0 -0.06695531448 0.1112762705 0.05374487573 0 0.04446061678 -0.03144389581 0.1204921203 0 -0.8968428765 0.5895587378 0.5721269774 1


mesh: pSphereShape3 tranform: pSphere3 0.246565397 0.1593555636 0.007050355 0 -0.06920831623 0.1050581019 0.04578250708 0 0.02223195532 -0.03994061392 0.1252600971 0 -0.5061672611 0.8487993728 0.5225661984 1


mesh: pSphereShape4 tranform: pSphere4 0.1798633756 0.003161663982 -0.01753724574 0 -0.002054841316 0.1485729868 0.005710541273 0 0.01682710904 -0.006356505265 0.1714341889 0 -0.1630900516 1.037542671 0.5204123381 1


mesh: pSphereShape5 tranform: pSphere5 0.1867586561 0.003368093284 -0.0002228383449 0 -0.002492970807 0.138471303 0.003591787077 0 0.0002932450044 -0.004575690042 0.1766064635 0 0.131656222 1.062938087 0.5162285072 1


mesh: pSphereShape6 tranform: pSphere6 0.1967100039 -0.1754028688 0.03934424203 0 0.06371406037 0.07896784412 0.03349901466 0 -0.03310107795 -0.01504498729 0.098423023 0 0.3924920974 0.8426278633 0.5599265138 1


mesh: pSphereShape7 tranform: pSphere7 0.1680227501 -0.1220975144 0.1416494592 0 0.04197087669 0.08756501651 0.02569306484 0 -0.07825008947 0.008197981248 0.09988565042 0 0.6923698876 0.5555773382 0.7693561946 1


mesh: pSphereShape8 tranform: pSphere8 0.09343220922 -0.159202076 0.04202593334 0 0.0335666205 0.02383095572 0.01565067241 0 -0.04820308632 -0.0007121624321 0.1044674743 0 0.9084872438 0.3453259404 0.9454081557 1


mesh: pSphereShape10 tranform: pSphere10 0.1812779821 0.006126095267 -0.02770213882 0 -0.002223053045 0.1535517543 0.01940940765 0 0.03436419219 -0.02716773937 0.2188653842 0 -0.02797991288 1.471143279 0.5945674347 1


mesh: pSphereShape11 tranform: pSphere11 0.04373148991 0.002724223978 -0.00443975262 0 0.004719461258 0.1213130189 0.1209240589 0 0.01318690079 -0.0806557587 0.08040053073 0 -0.04984563752 1.277187876 0.628037234 1


mesh: pSphereShape12 tranform: pSphere12 0.3162700346 0.005591409344 -0.008579738611 0 -0.002834440283 0.1657199875 0.00351523068 0 0.007168965648 -0.005408187451 0.2607409998 0 -0.04864372253 0.8591470479 0.5129901304 1


mesh: pSphereShape13 tranform: pSphere13 0.218836288 0.007311505314 -0.007476129396 0 -0.006941022045 0.2067537289 -0.0009719616878 0 0.006643671567 0.001142501453 0.1955864796 0 -0.0333054675 0.6360603009 0.5563628029 1


mesh: pSphereShape14 tranform: pSphere14 0.2213811068 0.005507483538 -0.007008532041 0 -0.006146769478 0.2415268184 -0.00436234775 0 0.00595485325 0.003599987914 0.1909271256 0 -0.02745462195 0.4421274872 0.5700682589 1


mesh: pSphereShape15 tranform: pSphere15 0.1517368985 0.002575542538 0.0007294368503 0 -0.006495819601 0.3798414805 0.01008672474 0 -0.0008188296466 -0.005006626663 0.1880100393 0 -0.208472559 -0.1601680312 0.564008652 1


mesh: pSphereShape16 tranform: pSphere16 0.1002028254 0.001567675046 0.0004426476088 0 -0.005854465964 0.3582772546 0.05641444543 0 -0.0001606071143 -0.01294791776 0.08221305953 0 -0.2339604094 -0.8716842136 0.5317350113 1


mesh: pSphereShape17 tranform: pSphere17 0.1104229303 5.81799625e-05 0.02083545377 0 9.76242339e-05 0.1040327943 -0.0008078815193 0 -0.051626168 0.002173128092 0.2736002959 0 -0.2783836568 -1.334188394 0.666838583 1


mesh: pSphereShape18 tranform: pSphere18 0.1274912043 0.009416266353 -0.001076729125 0 -0.02655727886 0.3553258936 -0.03712745045 0 0.0001052257902 0.01519008573 0.1453004774 0 0.1719304469 -0.1753428855 0.5862236703 1


mesh: pSphereShape19 tranform: pSphere19 0.08614797433 0.007034779437 -0.001707702781 0 -0.03261265653 0.4202783705 0.08611061744 0 0.003584095309 -0.01993844332 0.09867056576 0 0.2452185104 -0.8909920158 0.5691893832 1


mesh: pSphereShape20 tranform: pSphere20 0.1146296935 0.00331045675 -0.01306041767 0 -0.002116739278 0.08189451721 0.002179645647 0 0.02981535652 -0.006152690613 0.2601262111 0 0.2730246422 -1.313044 0.7127871416 1


mesh: pSphereShape21 tranform: pSphere21 0.2638361588 0.006563673489 -0.008352583468 0 -0.005753852862 0.1098854406 -0.09539830248 0 0.002008084226 0.1736211053 0.1998660032 0 -0.02046445904 0.2677554373 0.5228688335 1


