mesh: pSphereShape1 tranform: pSphere1 0.03074158523 0.1396972902 -0.03313241453 0 0.03145435298 0.01156397677 0.07794218826 0 0.1373726962 -0.04190392914 -0.0492210098 0 0.4423382843 -0.06452876606 1.490889375 1


mesh: pSphereShape2 tranform: pSphere2 0.06579966357 0.2492116425 -0.03248843958 0 0.04040460532 0.006858294585 0.1344409381 0 0.1221364151 -0.03678842945 -0.03482992477 0 0.5109836478 0.2699675595 1.40195952 1


mesh: pSphereShape3 tranform: pSphere3 0.1105482354 0.2672724217 -0.05082261687 0 0.03345748964 0.01072619777 0.1291842825 0 0.1189520781 -0.05420286676 -0.02630697161 0 0.6414319161 0.7184134068 1.326317884 1


mesh: pSphereShape4 tranform: pSphere4 0.08125682085 -0.005984155913 -0.1613378565 0 0.02262561232 0.1468450214 0.005948646177 0 0.1517231139 -0.02651258024 0.07739778856 0 0.8085173863 0.9808491439 1.169584749 1


mesh: pSphereShape5 tranform: pSphere5 0.1041209149 -0.007583997204 -0.1548919216 0 0.01711429346 0.1373961326 0.004777163329 0 0.1450401991 -0.02149299029 0.09855078846 0 0.9683764158 0.9891904572 0.9215898543 1


mesh: pSphereShape6 tranform: pSphere6 0.1201458397 -0.2360979895 -0.02883882743 0 0.07905681074 0.04688647461 -0.05449096303 0 0.0523903813 0.01572356106 0.08953849472 0 1.122400052 0.7085027542 0.836795199 1


mesh: pSphereShape7 tranform: pSphere7 0.1910532255 -0.1602705364 0.03187533618 0 0.06102773671 0.06301894526 -0.04892390089 0 0.02936687525 0.05685929048 0.1098728096 0 1.417200782 0.3541027094 0.8954196859 1


mesh: pSphereShape8 tranform: pSphere8 0.04302776551 -0.181827786 0.03046843369 0 0.03880359393 0.005831779028 -0.01999618615 0 0.04772065202 0.02818763333 0.1008250692 0 1.638131004 0.08980931142 0.9571174785 1


mesh: pSphereShape10 tranform: pSphere10 0.07353761116 0.006319558479 -0.1679849018 0 0.008683897725 0.1542470645 0.009604234792 0 0.2041117812 -0.01701492232 0.08871253214 0 0.9316338856 1.412939529 1.088806694 1


mesh: pSphereShape11 tranform: pSphere11 0.01941233729 0.002638100226 -0.03944334668 0 0.1035035243 0.1230751014 0.05917169749 0 0.07612026266 -0.07947145948 0.03214784355 0 0.9585724058 1.2172378 1.128549953 1


mesh: pSphereShape12 tranform: pSphere12 0.1560923173 -0.01188148344 -0.2750011443 0 0.01734209414 0.1648494842 0.002721120477 0 0.2252980021 -0.02583055855 0.1289965272 0 0.8448141974 0.7974855161 1.069686668 1


mesh: pSphereShape13 tranform: pSphere13 0.1080306284 -0.02101247475 -0.189437406 0 0.02528770597 0.205151875 -0.008334688798 0 0.1685672505 -0.01679704473 0.0979921224 0 0.863130566 0.5707611748 1.087525664 1


mesh: pSphereShape14 tranform: pSphere14 0.1058667269 -0.01759908285 -0.1938338328 0 0.02091073035 0.2405124883 -0.01041638913 0 0.1670161458 -0.01052873697 0.09217559462 0 0.8537187387 0.3778262963 1.100411568 1


mesh: pSphereShape15 tranform: pSphere15 0.04065676184 -0.0006762418477 -0.1462115668 0 -0.1198195537 0.3589474773 -0.03497815169 0 0.1712260071 0.06176844498 0.0473267932 0 0.8842715553 -0.1884846569 1.292570626 1


mesh: pSphereShape16 tranform: pSphere16 0.02687364445 -0.0007775270044 -0.09654254217 0 -0.07447707713 0.3542264812 -0.02358432971 0 0.07833631915 0.01791264071 0.02166148497 0 1.089824681 -0.8640006451 1.392614777 1


mesh: pSphereShape17 tranform: pSphere17 0.02587697603 0.01322777941 -0.108548381 0 -0.02279137065 0.101273479 0.006907993299 0 0.2639984511 0.05466500246 0.06959641511 0 1.37505968 -1.281500494 1.479860498 1


mesh: pSphereShape18 tranform: pSphere18 0.0519265708 -0.01672482989 -0.1156189599 0 0.06159712843 0.3521424571 -0.02327468647 0 0.131114017 -0.01886224099 0.06161419427 0 0.8373999404 -0.2343387833 0.9590147043 1


mesh: pSphereShape19 tranform: pSphere19 0.03371599687 -0.011424273 -0.0787819484 0 0.2510053218 0.344687865 0.05743811202 0 0.0717615186 -0.05879596329 0.03923757073 0 0.5915190394 -0.8942703892 0.9274198172 1


mesh: pSphereShape20 tranform: pSphere20 0.04104322599 -0.004761652302 -0.1077695715 0 0.01942469824 0.07952067149 0.003884236389 0 0.2367805332 -0.06237825767 0.0929321734 0 0.5417767824 -1.297725545 0.9774901865 1


mesh: pSphereShape21 tranform: pSphere21 0.1261691703 -0.02097412234 -0.231006045 0 -0.07202100124 0.1163268755 -0.04989775956 0 0.1922186038 0.1578908763 0.09064887979 0 0.7967593828 0.2074659473 1.080034051 1


