mesh: pSphereShape1 tranform: pSphere1 -0.04132833319 0.1402601572 -0.01331134882 0 0.07961673791 0.02157631087 -0.0198424909 0 -0.03041920176 -0.02291113999 -0.1469682162 0 4.003487883 -0.06930856257 0.8694137951 1


mesh: pSphereShape2 tranform: pSphere2 -0.04741236578 0.2539472676 -0.02746616207 0 0.1376658732 0.02409239937 -0.01488616226 0 -0.01129334967 -0.01624864113 -0.1307373627 0 3.89274356 0.2646332217 0.8429711139 1


mesh: pSphereShape3 tranform: pSphere3 -0.05676268231 0.2784926414 -0.07387993429 0 0.1313433216 0.02461123238 -0.008139586632 0 -0.001521265141 -0.03447788023 -0.1287966068 0 3.795502115 0.7224710008 0.7764229989 1


mesh: pSphereShape4 tranform: pSphere4 -0.1486840378 -0.008392752699 -0.1024256002 0 -0.001262794026 0.1483328739 -0.01032128502 0 0.09799960317 -0.009012979791 -0.1415206058 0 3.641563511 0.9928017287 0.6286284185 1


mesh: pSphereShape5 tranform: pSphere5 -0.1455068418 -0.007841982668 -0.1168608216 0 -0.003414324519 0.1384066226 -0.005036544756 0 0.1106904413 -0.002279175192 -0.1376709753 0 3.409265702 1.000204576 0.4454247061 1


mesh: pSphereShape6 tranform: pSphere6 -0.04563376084 -0.2536599808 -0.06769885815 0 -0.04648886815 0.03252860062 -0.09054424972 0 0.09274895204 -0.003628326201 -0.04892434573 0 3.315722258 0.699520223 0.3316038476 1


mesh: pSphereShape7 tranform: pSphere7 -0.004928975869 -0.2175780758 -0.1258550874 0 -0.03826872779 0.04714850957 -0.08001151609 0 0.1175349346 0.02226537056 -0.04309546361 0 3.325525005 0.2670079298 0.1459975552 1


mesh: pSphereShape8 tranform: pSphere8 -0.02281465983 -0.1871008973 0.0177144954 0 -0.008550254005 -0.003037654853 -0.04309572854 0 0.1120102836 -0.01565783481 -0.02111933848 0 3.334496067 -0.06308893926 0.03082580966 1


mesh: pSphereShape10 tranform: pSphere10 -0.1712720519 -0.0115763868 -0.06479595522 0 -0.006718813954 0.1543319963 -0.00981329515 0 0.07948304886 -0.009787473806 -0.2083451234 0 3.522427865 1.422428051 0.4959252533 1


mesh: pSphereShape11 tranform: pSphere11 -0.03883085082 -0.0006076413882 -0.02076949219 0 0.05077635519 0.1305064075 -0.09875013549 0 0.04208991091 -0.07427530423 -0.07651868847 0 3.58903408 1.234174559 0.4743839575 1


mesh: pSphereShape12 tranform: pSphere12 -0.2363354319 -0.01250997722 -0.2100492196 0 -0.005830205364 0.1656459681 -0.003305621351 0 0.1732458698 0.002205136722 -0.1950577286 0 3.560300861 0.8077474678 0.5649160877 1


mesh: pSphereShape13 tranform: pSphere13 -0.1599579671 0.001096190056 -0.1497027678 0 -0.003376313379 0.2067815154 0.005121749427 0 0.1336902052 0.005720045355 -0.1428065993 0 3.591451408 0.5854430679 0.5258561206 1


mesh: pSphereShape14 tranform: pSphere14 -0.1570225256 0.01264430175 -0.1557982491 0 0.004620449395 0.2411394832 0.01491368337 0 0.1347386432 0.005787859206 -0.1353276994 0 3.599408434 0.3914891246 0.5095964075 1


mesh: pSphereShape15 tranform: pSphere15 -0.0967283774 0.0002985565789 -0.1169392309 0 0.01186422034 0.3797426874 -0.008844184259 0 0.1448055573 -0.007314198479 -0.1197971817 0 3.707493409 -0.2271323361 0.6415348625 1


mesh: pSphereShape16 tranform: pSphere16 -0.05944674287 0.008053980735 -0.08027750569 0 0.2164061871 0.2582638402 -0.1343413808 0 0.04498945124 -0.05805741418 -0.03914010043 0 3.55443448 -0.851813289 0.7772883236 1


mesh: pSphereShape17 tranform: pSphere17 -0.05521944354 0.0200924444 -0.09578334817 0 0.06382118592 0.07966863291 -0.02008107706 0 0.1721362631 -0.1720034188 -0.1353182786 0 3.407123734 -1.315371873 0.8535792874 1


mesh: pSphereShape18 tranform: pSphere18 -0.09841193626 -0.01338088206 -0.08049767313 0 -0.06575831926 0.3514732897 0.02196809945 0 0.08931183944 0.02378127586 -0.11314073 0 3.529666421 -0.2087729411 0.3574269576 1


mesh: pSphereShape19 tranform: pSphere19 -0.06720901619 -0.007850085121 -0.05380708279 0 -0.01755646298 0.4279758051 -0.04050942334 0 0.06322330403 -0.004814802538 -0.07826812449 0 3.606559122 -0.9289735627 0.3463458428 1


mesh: pSphereShape20 tranform: pSphere20 -0.1086110934 0.006202522628 -0.03855722213 0 0.002805981547 0.08173474457 0.005244176516 0 0.08816171723 0.01277531054 -0.246285931 0 3.729279623 -1.341046327 0.1855112578 1


mesh: pSphereShape21 tranform: pSphere21 -0.1871353008 0.01506914504 -0.1856762403 0 -0.06376439591 0.1086363139 0.07308218733 0 0.1464593073 0.1756742526 -0.1333527957 0 3.557724264 0.2169535348 0.5315513109 1


