mesh: pSphereShape1 tranform: pSphere1 -0.04925049567 0.1372951213 -0.01680991276 0 0.05590358927 0.02712651305 0.05776701124 0 0.1022194315 0.02322139197 -0.1098264973 0 -3.798550135 0.07127813111 0.6452979217 1


mesh: pSphereShape2 tranform: pSphere2 -0.05764677004 0.2517916415 -0.02773727431 0 0.1244932373 0.03459458691 0.05530445374 0 0.05390244353 -0.0009595766254 -0.1207369947 0 -3.92119461 0.3987222724 0.5972807751 1


mesh: pSphereShape3 tranform: pSphere3 -0.001625093222 0.2830046846 -0.07838434593 0 0.117844404 0.0175844993 0.06104519315 0 0.06326839456 -0.03099230205 -0.113208621 0 -3.988252487 0.8549951154 0.5203596873 1


mesh: pSphereShape4 tranform: pSphere4 -0.0539546726 0.01072964737 -0.1721689663 0 0.02904846969 0.145831928 -1.495919643e-05 0 0.1610326671 -0.03208170826 -0.05246410221 0 -4.011026869 1.141359523 0.324223092 1


mesh: pSphereShape5 tranform: pSphere5 -0.04302746826 0.01043960625 -0.181465812 0 0.02814396304 0.1356468099 0.001130437774 0 0.1681270741 -0.03453418266 -0.04185144039 0 -4.075896574 1.176732697 0.03775903703 1


mesh: pSphereShape6 tranform: pSphere6 0.02417742071 -0.2275489435 -0.1365499617 0 0.04379685779 0.05353023711 -0.08144897077 0 0.09523105685 -0.0147812302 0.04149319831 0 -4.072675324 0.9096257982 -0.1622660246 1


mesh: pSphereShape7 tranform: pSphere7 0.1482279701 -0.1700238374 -0.1110152264 0 0.03409986944 0.0706716678 -0.06270593642 0 0.09318721916 0.02773979494 0.08193944422 0 -3.874007086 0.5381634826 -0.3490508777 1


mesh: pSphereShape8 tranform: pSphere8 0.02848142789 -0.1825104474 -0.04147050346 0 0.0273108758 0.01165250319 -0.03252554753 0 0.08858485766 -0.002845729213 0.07336295182 0 -3.695244161 0.2623452498 -0.4675325444 1


mesh: pSphereShape10 tranform: pSphere10 -0.01693870907 -0.001389974367 -0.1826959015 0 -0.01358030296 0.1541926597 8.598417488e-05 0 0.2213887112 0.01951003025 -0.02067456019 0 -4.037483879 1.59050889 0.187199119 1


mesh: pSphereShape11 tranform: pSphere11 -0.006267959664 -2.644527564e-05 -0.0435922928 0 0.1005861983 0.1379585581 -0.01454657566 0 0.09136863489 -0.06799817075 -0.01309627576 0 -3.960579738 1.402281032 0.2030176706 1


mesh: pSphereShape12 tranform: pSphere12 -0.07298470775 0.01711909976 -0.3074276816 0 0.01983790523 0.1645300587 0.004452243096 0 0.2519342625 -0.02871474624 -0.06140930129 0 -4.061417978 0.9688777077 0.2121147438 1


mesh: pSphereShape13 tranform: pSphere13 -0.05003220665 0.01414526008 -0.2128270694 0 0.04052945268 0.202824966 0.003952664225 0 0.1866335501 -0.03639184091 -0.04629326724 0 -4.054198424 0.739946385 0.1880143289 1


mesh: pSphereShape14 tranform: pSphere14 -0.04831512097 0.01368990683 -0.2157945362 0 0.04586665387 0.2372033515 0.004778799643 0 0.1828954137 -0.03449636972 -0.04313763585 0 -4.080702184 0.5470618664 0.1820775046 1


mesh: pSphereShape15 tranform: pSphere15 -0.03760082622 0.01135264704 -0.1465897238 0 -0.004485682792 0.3787796447 0.03048519961 0 0.1822007286 0.00588241267 -0.0462796218 0 -4.051402581 -0.04776341544 0.330320869 1


mesh: pSphereShape16 tranform: pSphere16 -0.02233416148 0.01295420446 -0.09683301906 0 0.1729110162 0.3188628715 0.002775832837 0 0.07077233147 -0.0381914096 -0.02143256534 0 -4.159197068 -0.7244139247 0.3249652128 1


mesh: pSphereShape17 tranform: pSphere17 -0.007631534714 0.007939364892 -0.1118305379 0 0.06771622029 0.07897484664 0.0009857006944 0 0.2105334504 -0.1801808978 -0.02715908629 0 -4.236415961 -1.260612469 0.3147503068 1


mesh: pSphereShape18 tranform: pSphere18 -0.02160607789 -0.0001867068119 -0.1260038695 0 -0.1295488149 0.3332950199 0.02172007372 0 0.1339491392 0.05356681595 -0.02304783842 0 -4.002476427 -0.03523353738 -0.008655776159 1


mesh: pSphereShape19 tranform: pSphere19 -0.01762280913 -0.004203366715 -0.0845319239 0 0.2701642413 0.326888928 -0.07257715918 0 0.07565743834 -0.06530957056 -0.01252516767 0 -4.059320405 -0.6541016468 0.00254391594 1


mesh: pSphereShape20 tranform: pSphere20 -0.05100209937 0.01770872557 -0.1020131716 0 0.0504637941 0.06296734888 -0.01429901568 0 0.1708492525 -0.1627355262 -0.1136667859 0 -4.163468325 -1.116766535 0.008850818921 1


mesh: pSphereShape21 tranform: pSphere21 -0.0575806857 0.01631526956 -0.2571782315 0 -0.06825157844 0.1265197081 0.02330747744 0 0.2266405296 0.1300897995 -0.0424906373 0 -4.162649909 0.3859661736 0.1859515218 1


