mesh: pSphereShape1 tranform: pSphere1 -0.03123378012 0.1384195937 0.03771739504 0 0.03540298741 0.02760501746 -0.07199081945 0 -0.1341389967 -0.01113022448 -0.07023355606 0 4.718669671 -0.06964225807 -0.1641667104 1


mesh: pSphereShape2 tranform: pSphere2 -0.05158789117 0.2517202578 0.03830324374 0 0.04720870559 0.02931896451 -0.1290955871 0 -0.1217450362 -0.01756890552 -0.04851078047 0 4.639615068 0.2598925735 -0.06571676305 1


mesh: pSphereShape3 tranform: pSphere3 -0.102412403 0.275163406 0.005932778521 0 0.05245009382 0.02213380665 -0.1211697818 0 -0.1135264481 -0.04103199261 -0.05663678633 0 4.522289999 0.7125140284 -0.01181862412 1


mesh: pSphereShape4 tranform: pSphere4 -0.1611567701 0.009303436312 0.08130391453 0 -0.006322005743 0.1456646803 -0.02919928414 0 -0.07770056444 -0.03347742131 -0.1501836291 0 4.311256386 0.9923887656 0.03711088842 1


mesh: pSphereShape5 tranform: pSphere5 -0.1763752912 0.008619664303 0.06089045376 0 -0.002654518299 0.1358731277 -0.02692330382 0 -0.05806603793 -0.03352183953 -0.1634487302 0 4.036156098 1.02530381 0.1370225476 1


mesh: pSphereShape6 tranform: pSphere6 -0.1011580178 -0.2410385384 0.05173431972 0 -0.09863487594 0.04106579279 -0.001532249159 0 -0.006467765542 -0.01937480536 -0.1029170024 0 3.868739316 0.7434968999 0.2140399889 1


mesh: pSphereShape7 tranform: pSphere7 -0.1338626588 -0.2123814216 -0.01337674271 0 -0.08458641384 0.05374243285 -0.006797771126 0 0.01088922994 0.001115413604 -0.1266791501 0 3.668951874 0.317471415 0.1956778727 1


mesh: pSphereShape8 tranform: pSphere8 -0.01122524294 -0.1782516931 0.06278045571 0 -0.04349614967 0.0003100970212 -0.00689672483 0 0.01669564407 -0.0387503523 -0.1070381406 0 3.535994413 -0.00637698182 0.1988423693 1


mesh: pSphereShape10 tranform: pSphere10 -0.1336380488 -0.008519160455 0.1254389897 0 -0.02281981469 0.1524607002 -0.01395705073 0 -0.1493642668 -0.03715468422 -0.1616505039 0 4.106222371 1.422447466 0.02635001294 1


mesh: pSphereShape11 tranform: pSphere11 -0.03634625754 0.0003342618125 0.02486792797 0 -0.07399173777 0.1089627184 -0.1096088438 0 -0.04172163897 -0.08847576901 -0.05978991759 0 4.131602695 1.223268349 -0.02742656008 1


mesh: pSphereShape12 tranform: pSphere12 -0.2963396332 0.01429584954 0.1100457225 0 0.0001444650629 0.1644492727 -0.02097429399 0 -0.09149281789 -0.03083258474 -0.2423735289 0 4.210457941 0.8190713307 0.1055464512 1


mesh: pSphereShape13 tranform: pSphere13 -0.2055762893 0.01310000771 0.07460194799 0 0.0008058081841 0.20412028 -0.03362274382 0 -0.06765488936 -0.02958637967 -0.1812373493 0 4.186368923 0.5911641967 0.09796606325 1


mesh: pSphereShape14 tranform: pSphere14 -0.2085003336 0.01691101711 0.07301146974 0 0.005901485546 0.2385025194 -0.03838928992 0 -0.06445663368 -0.0270254049 -0.1778104534 0 4.179771525 0.3978092191 0.1185101402 1


mesh: pSphereShape15 tranform: pSphere15 -0.1293599145 -0.006664130356 0.07907498805 0 0.01366019832 0.3759226517 0.0540282047 0 -0.09811326572 0.02631451217 -0.1582872238 0 4.323757897 -0.1986595986 0.02777156477 1


mesh: pSphereShape16 tranform: pSphere16 -0.0859161983 -0.0009816779808 0.05158200211 0 -0.04266645573 0.3544317259 -0.06432092036 0 -0.041711791 -0.01769062595 -0.06981281953 0 4.36348759 -0.8956045667 -0.01664194773 1


mesh: pSphereShape17 tranform: pSphere17 -0.099419771 0.00526001484 0.0521093507 0 0.0006889126655 0.1036308588 -0.009146310774 0 -0.1297609433 -0.02080238017 -0.2454719214 0 4.329102593 -1.370050789 -0.1244757931 1


mesh: pSphereShape18 tranform: pSphere18 -0.1262841167 0.01240912044 -0.01556175355 0 0.0303567951 0.3550575695 0.03678062911 0 0.01908078466 0.01330931007 -0.144228168 0 3.982606767 -0.2007457643 0.1619967851 1


mesh: pSphereShape19 tranform: pSphere19 -0.08563222701 0.007765910636 -0.008982771393 0 0.05377582099 0.3885863434 -0.1766956348 0 0.005736751974 -0.04228375531 -0.09124385744 0 3.89009525 -0.8914589428 0.2458684 1


mesh: pSphereShape20 tranform: pSphere20 -0.1113907482 -0.01312142753 -0.02722920561 0 -0.005048770738 0.07983134883 -0.01781597728 0 0.06666181692 -0.05114336983 -0.2480584904 0 3.91839341 -1.319227156 0.2109666421 1


mesh: pSphereShape21 tranform: pSphere21 -0.2484851934 0.02015410375 0.08701314222 0 0.03425348935 0.1234662274 0.0692209661 0 -0.06436093418 0.1389438663 -0.2159791935 0 4.188580968 0.2338759306 0.1942104082 1


