mesh: pSphereShape1 tranform: pSphere1 -0.02242692763 0.1388595946 0.04210915259 0 -0.05637150679 0.009888204698 -0.0626303698 0 -0.1110687541 -0.04604941732 0.09269890917 0 3.565350053 -0.05279082798 -0.4100677712 1


mesh: pSphereShape2 tranform: pSphere2 -0.06394123336 0.2457583652 0.05482592277 0 -0.09019268863 0.0005806648691 -0.1077908898 0 -0.09604585536 -0.0428661914 0.08013425857 0 3.516587875 0.2797824995 -0.3025691807 1


mesh: pSphereShape3 tranform: pSphere3 -0.0928155054 0.2632396937 0.09126085564 0 -0.08264406577 0.007286929088 -0.1050708943 0 -0.09606321089 -0.05865564967 0.07149110904 0 3.402541781 0.7232367043 -0.1815719295 1


mesh: pSphereShape4 tranform: pSphere4 -0.01699751989 -0.00463403145 0.1798832818 0 -0.01770031687 0.1476242696 0.002130459353 0 -0.1703802565 -0.02018893668 -0.01661965435 0 3.298175944 0.9845425469 0.02789076187 1


mesh: pSphereShape5 tranform: pSphere5 -0.05209678359 -0.004550914401 0.1793192785 0 -0.01643237793 0.1375563464 -0.001283001363 0 -0.1683565007 -0.02057281633 -0.0494339336 0 3.227153854 0.9965356464 0.3124555864 1


mesh: pSphereShape6 tranform: pSphere6 -0.1286616643 -0.2225492253 0.07019244866 0 -0.04709265083 0.05253606719 0.08024854989 0 -0.07939939942 0.02586606717 -0.06352799699 0 3.083982767 0.7310676776 0.4475235427 1


mesh: pSphereShape7 tranform: pSphere7 -0.2229231731 -0.1129055883 0.02759717182 0 -0.02608724194 0.06833406194 0.06884207997 0 -0.04863243869 0.07364773198 -0.09153318545 0 2.734390345 0.43794962 0.4884707831 1


mesh: pSphereShape8 tranform: pSphere8 -0.09910518696 -0.1601068672 -0.01962169233 0 -0.02767559732 0.0132597741 0.03158822111 0 -0.06619986398 0.05069333263 -0.07927964378 0 2.44690447 0.2390621195 0.4941294197 1


mesh: pSphereShape10 tranform: pSphere10 0.00685315931 -0.001547544616 0.1833501667 0 0.003532364779 0.1547447972 0.001174073757 0 -0.2229923613 0.005026694253 0.008377310137 0 3.254513708 1.42204806 0.1713468866 1


mesh: pSphereShape11 tranform: pSphere11 -0.001156916115 0.0007890749153 0.04401834748 0 -0.1074109924 0.1334070373 -0.005214499585 0 -0.08927454929 -0.07191959695 -0.001057132253 0 3.193089635 1.231458399 0.1377010001 1


mesh: pSphereShape12 tranform: pSphere12 -0.04307633353 -0.008962542016 0.3133619519 0 -0.01093949241 0.1653887004 0.0032265243 0 -0.2578929329 -0.0163573682 -0.03591912013 0 3.293958349 0.8016321517 0.1348790868 1


mesh: pSphereShape13 tranform: pSphere13 -0.02959211356 -0.01615827362 0.2164760693 0 -0.028440581 0.2045917364 0.01138339385 0 -0.1920335833 -0.02512990321 -0.02812659837 0 3.269955381 0.572869697 0.1285188394 1


mesh: pSphereShape14 tranform: pSphere14 -0.02776491626 -0.007224902506 0.2196951445 0 -0.02626366424 0.2401692513 0.0045790315 0 -0.1884069509 -0.02013660977 -0.02447294986 0 3.282154926 0.3795082349 0.1210917416 1


mesh: pSphereShape15 tranform: pSphere15 0.009429767597 -0.004382258962 0.1514038544 0 0.1587569792 0.3452820561 0.0001061661606 0 -0.1704810874 0.07838140979 0.01288662483 0 3.144711576 -0.1793725015 -0.04459761338 1


mesh: pSphereShape16 tranform: pSphere16 0.006454456217 -0.0005487800068 0.1000064928 0 0.05304636987 0.3588362058 -0.001454538924 0 -0.08215715376 0.01216696764 0.005369218793 0 2.904022128 -0.8407745033 -0.07881351901 1


mesh: pSphereShape17 tranform: pSphere17 -0.004239867645 0.0004786913128 0.1122904156 0 0.01095773484 0.1034572946 -2.729318213e-05 0 -0.2766887751 0.02930285095 -0.01057214723 0 2.636208852 -1.282621954 -0.09871348862 1


mesh: pSphereShape18 tranform: pSphere18 -0.0008732971572 -0.01839929651 0.1265090345 0 -0.04290062554 0.3520071405 0.05089927989 0 -0.1450376279 -0.0171704932 -0.003498453256 0 3.337807045 -0.2188508394 0.2542519591 1


mesh: pSphereShape19 tranform: pSphere19 0.0004427696979 -0.01193687765 0.08562238469 0 -0.2026146678 0.3757718746 0.05343526163 0 -0.0888585818 -0.04704487682 -0.006099164993 0 3.532818559 -0.902529142 0.1749987443 1


mesh: pSphereShape20 tranform: pSphere20 0.01889684816 0.001162143655 0.1138554295 0 -0.01217089132 0.0810332633 0.001192909228 0 -0.2554229453 -0.03899350385 0.04279114917 0 3.503565416 -1.315786189 0.1302383999 1


mesh: pSphereShape21 tranform: pSphere21 -0.03308949423 -0.008610448077 0.2618268736 0 0.08000876762 0.1208673911 0.01408630061 0 -0.2187176214 0.147437556 -0.02279274075 0 3.350045154 0.2121147841 0.1283449862 1


