mesh: pSphereShape1 tranform: pSphere1 0.03672033601 0.1381121478 0.03368659065 0 -0.06397450337 0.02866491343 -0.04778778346 0 -0.09220816177 -0.00487871475 0.1205145542 0 2.118433983 -0.06259630443 -0.4416414417 1


mesh: pSphereShape2 tranform: pSphere2 0.03527638018 0.2515969688 0.0542777994 0 -0.1233129032 0.03028835123 -0.06025344693 0 -0.06085106791 -0.01654083864 0.1162211869 0 2.211932463 0.2664517802 -0.3547973332 1


mesh: pSphereShape3 tranform: pSphere3 -0.00199211167 0.2755680877 0.1014724527 0 -0.1149661371 0.02297081318 -0.06463871 0 -0.06831796615 -0.04000280982 0.1072941522 0 2.257865414 0.7190966313 -0.2342671776 1


mesh: pSphereShape4 tranform: pSphere4 0.05250141366 0.01192759186 0.1725390365 0 -0.0246204826 0.1466206169 -0.002644159519 0 -0.1624548855 -0.02635503621 0.05125485479 0 2.278469639 1.002319182 -0.01975196561 1


mesh: pSphereShape5 tranform: pSphere5 0.0337279195 0.01207523552 0.1833215903 0 -0.02349459946 0.1364538545 -0.004665508687 0 -0.1711596956 -0.02832975233 0.03335640311 0 2.333842454 1.040429997 0.2675264734 1


mesh: pSphereShape6 tranform: pSphere6 0.001641428896 -0.2404252685 0.1148997709 0 -0.02296903549 0.04486944429 0.09421646488 0 -0.1024695276 -0.01029498903 -0.02007818676 0 2.350281159 0.7611947408 0.4515432193 1


mesh: pSphereShape7 tranform: pSphere7 -0.08236680554 -0.1997723884 0.1284940429 0 -0.02185839551 0.05925132618 0.07810768899 0 -0.1169033715 0.0182516474 -0.04656077386 0 2.227644705 0.3522257519 0.6454516505 1


mesh: pSphereShape8 tranform: pSphere8 0.02043466723 -0.1870759947 0.02064108466 0 -0.01622133181 0.00273563145 0.04085291574 0 -0.1062422347 -0.01614031308 -0.04110444905 0 2.140236562 0.03941347641 0.775488092 1


mesh: pSphereShape10 tranform: pSphere10 0.10744044 0.004945329196 0.1486564492 0 -0.005105622907 0.1546984816 -0.001456274161 0 -0.1807884159 -0.004735185796 0.1308211255 0 2.271281354 1.448738294 0.1246535609 1


mesh: pSphereShape11 tranform: pSphere11 0.01994073908 0.003947019392 0.03906870835 0 -0.1081590467 0.1259311164 0.04248204868 0 -0.07219611102 -0.07706463343 0.04463468307 0 2.2065138 1.252280144 0.1210231459 1


mesh: pSphereShape12 tranform: pSphere12 0.06431403612 0.01985981033 0.3091939573 0 -0.01590652964 0.1648559557 -0.007280203367 0 -0.2542206692 -0.02213112517 0.05430079358 0 2.323299485 0.8302652886 0.09543916631 1


mesh: pSphereShape13 tranform: pSphere13 0.04484998441 0.02049290268 0.213464731 0 -0.03195603255 0.2039839153 -0.01286861277 0 -0.1891575409 -0.02696280368 0.04233139043 0 2.308170152 0.6029422831 0.1251165461 1


mesh: pSphereShape14 tranform: pSphere14 0.04391032111 0.01736713925 0.2164701192 0 -0.03404848584 0.2389191735 -0.0122615658 0 -0.1853191514 -0.02438030755 0.03954744273 0 2.325623139 0.4095466499 0.137901254 1


mesh: pSphereShape15 tranform: pSphere15 0.03263031535 0.01086203132 0.1478124847 0 0.004988696635 0.3788942104 -0.02894439893 0 -0.1836629916 0.005484667973 0.04014144482 0 2.298450603 -0.1842200296 -0.01482909783 1


mesh: pSphereShape16 tranform: pSphere16 0.02057326404 0.009974238046 0.09757312717 0 -0.1095037197 0.3455988832 -0.0122394006 0 -0.07748230968 -0.02388537909 0.01877876138 0 2.352541498 -0.8841048115 -0.00418669447 1


mesh: pSphereShape17 tranform: pSphere17 0.01171348135 0.002525273284 0.1117307496 0 -0.007121796118 0.1037796122 -0.001598940818 0 -0.276263307 -0.018505685 0.02938078388 0 2.27686799 -1.348454489 0.01839367156 1


mesh: pSphereShape18 tranform: pSphere18 0.02008801092 0.008798894848 0.125947941 0 0.1731953788 0.309704745 -0.04926011568 0 -0.1258077141 0.07273840864 0.01498404111 0 2.197701785 -0.151723914 0.3564788227 1


mesh: pSphereShape19 tranform: pSphere19 0.01514596888 0.003049504131 0.08505984954 0 -0.1170411593 0.4139781536 0.005998995638 0 -0.09531002856 -0.02720640513 0.01794652565 0 2.089532282 -0.8083571514 0.4263041003 1


mesh: pSphereShape20 tranform: pSphere20 0.04792221151 0.01304548804 0.1041862618 0 -0.01851760647 0.07981767275 -0.001476738279 0 -0.2307929532 -0.0514604264 0.1126005952 0 1.994054736 -1.261988238 0.4863472521 1


mesh: pSphereShape21 tranform: pSphere21 0.05233116151 0.02069769809 0.2579833735 0 0.07489998847 0.1223651185 -0.02501044771 0 -0.2209084333 0.1420481996 0.03341426248 0 2.399634863 0.244627035 0.1403599807 1


