mesh: pSphereShape1 tranform: pSphere1 0.03559622632 0.1370807323 0.03872875325 0 -0.07064648928 0.0288259867 -0.03709747477 0 -0.07558476108 -0.01725188511 0.1305343674 0 4.338582557 -0.009763182942 -0.3088532933 1


mesh: pSphereShape2 tranform: pSphere2 0.03374646548 0.2499393631 0.0623139476 0 -0.1246017453 0.03106573259 -0.05712494644 0 -0.05871460442 -0.02113640722 0.1165747126 0 4.430784306 0.3166932712 -0.2115513289 1


mesh: pSphereShape3 tranform: pSphere3 0.001288823037 0.2721187629 0.1103998004 0 -0.1161900266 0.0254738804 -0.06143283247 0 -0.06623575023 -0.04323675792 0.1073452959 0 4.478028019 0.7656397167 -0.07672016974 1


mesh: pSphereShape4 tranform: pSphere4 0.05406482551 -0.01764113695 0.1715638946 0 -0.01993478334 0.1458106318 0.02127508189 0 -0.1628514969 -0.02931272099 0.04830519883 0 4.50380461 1.021539149 0.1519054927 1


mesh: pSphereShape5 tranform: pSphere5 0.02107928217 -0.02086667071 0.1844191835 0 -0.01755003996 0.1363144137 0.01742969558 0 -0.1741049528 -0.02460402716 0.01711645846 0 4.548637142 1.00923096 0.442053184 1


mesh: pSphereShape6 tranform: pSphere6 -0.04112144775 -0.2494588973 0.0841917244 0 -0.03041805422 0.0372215624 0.09542999081 0 -0.09927135184 0.005023597612 -0.03360188435 0 4.516857068 0.7097605713 0.5872618358 1


mesh: pSphereShape7 tranform: pSphere7 -0.1246840302 -0.1981552139 0.09161015612 0 -0.02507837849 0.05337216086 0.08131302211 0 -0.1057495327 0.03948104803 -0.05852956301 0 4.320378702 0.3036053402 0.7129370983 1


mesh: pSphereShape8 tranform: pSphere8 -0.008680121892 -0.189094788 -0.002979003345 0 -0.01921431015 0.0002577162981 0.03962726179 0 -0.1033923162 0.005536429326 -0.05016846405 0 4.176461423 -0.00514824657 0.7929138403 1


mesh: pSphereShape10 tranform: pSphere10 0.03705308706 -0.02758908605 0.1775740842 0 -0.003732464328 0.152789985 0.02451729028 0 -0.2185414419 -0.01234822787 0.04368294386 0 4.49390216 1.437743678 0.36215363 1


mesh: pSphereShape11 tranform: pSphere11 0.008554537021 -0.006238567139 0.04274899046 0 -0.1084207685 0.1264692387 0.04015244094 0 -0.08593923717 -0.07563061655 0.006160232183 0 4.439336783 1.251988721 0.3163990862 1


mesh: pSphereShape12 tranform: pSphere12 0.05518951289 -0.03428503618 0.3096938238 0 -0.01635613257 0.1636268658 0.02102928604 0 -0.2556040975 -0.03096374305 0.0421224822 0 4.548491319 0.8320813064 0.2356906256 1


mesh: pSphereShape13 tranform: pSphere13 0.03125935227 -0.02902108751 0.2148936968 0 -0.02316491644 0.2032482741 0.03081805716 0 -0.1924567252 -0.02565453847 0.02453096596 0 4.528173324 0.6046795034 0.2188716487 1


mesh: pSphereShape14 tranform: pSphere14 0.02892205912 -0.01710470566 0.2189976938 0 -0.02011441436 0.2398538955 0.02139009085 0 -0.188750312 -0.01792696287 0.02352724437 0 4.535359239 0.4126924152 0.1981011308 1


mesh: pSphereShape15 tranform: pSphere15 0.01495152161 -0.006987006804 0.1508604839 0 0.04637663175 0.3769711429 0.01286286958 0 -0.1857508402 0.02218865188 0.01943709769 0 4.476812626 -0.1819085063 -0.001237536435 1


mesh: pSphereShape16 tranform: pSphere16 0.008396137558 0.0002181718358 0.09986349202 0 -0.1179965948 0.3428879425 0.009171591447 0 -0.07839063371 -0.02715411871 0.006650106004 0 4.498247991 -0.8704451549 -0.05700396627 1


mesh: pSphereShape17 tranform: pSphere17 -0.02329871189 -0.005800685695 0.1097764325 0 -0.01220271251 0.1032780527 0.002867428215 0 -0.2704214135 -0.03031340628 -0.0589954419 0 4.441636975 -1.33871796 -0.1247078509 1


mesh: pSphereShape18 tranform: pSphere18 0.0329129321 -0.00681314032 0.1233456631 0 -0.001834211037 0.3576688068 0.02024568169 0 -0.1411659202 -0.002847210533 0.03751073029 0 4.597643436 -0.1981684328 0.3439610099 1


mesh: pSphereShape19 tranform: pSphere19 0.02287476416 -0.003118344408 0.08331205762 0 -0.08170613512 0.4206886282 0.03818007493 0 -0.09523655379 -0.02079935405 0.02537032716 0 4.659879734 -0.9201073064 0.3121556216 1


mesh: pSphereShape20 tranform: pSphere20 0.04858145841 0.004732427623 0.1045894177 0 -0.001090283988 0.08188115948 -0.003198498299 0 -0.237545475 0.001145095851 0.1102873195 0 4.521348796 -1.338141287 0.343705256 1


mesh: pSphereShape21 tranform: pSphere21 0.03446854655 -0.02038493665 0.2609956701 0 0.08301920552 0.1196408867 -0.001619488373 0 -0.214759615 0.1495644501 0.04004401155 0 4.599981747 0.2447597829 0.1806419663 1


