mesh: pSphereShape1 tranform: pSphere1 -0.01033985747 0.1387605877 0.04686919545 0 -0.08215463647 -0.01201447823 0.017445762 0 0.03636668414 -0.04473036931 0.1404512837 0 4.332964825 -0.1127117975 -0.7237695452 1


mesh: pSphereShape2 tranform: pSphere2 -0.03818809608 0.2459931211 0.07430067886 0 -0.1383353934 -0.01564610572 -0.01929902845 0 -0.01298210595 -0.03989029 0.1253955573 0 4.327680134 0.2243382592 -0.6201465452 1


mesh: pSphereShape3 tranform: pSphere3 -0.02326062773 0.2699404386 0.113267387 0 -0.132228806 -0.002678893172 -0.02077017487 0 -0.01798661384 -0.05243532295 0.1212708664 0 4.286527997 0.6746724497 -0.4763929892 1


mesh: pSphereShape4 tranform: pSphere4 0.1308616346 0.02793690854 0.1215036901 0 -0.02883353984 0.1458534711 -0.002481331439 0 -0.1141066595 -0.02038706797 0.1275824267 0 4.351696745 0.9666250935 -0.2871333908 1


mesh: pSphereShape5 tranform: pSphere5 0.1148427984 0.02877156688 0.1444767038 0 -0.02831836007 0.1355411307 -0.004482182748 0 -0.1345688863 -0.02441715648 0.1118297062 0 4.535759913 1.031032835 -0.0665667694 1


mesh: pSphereShape6 tranform: pSphere6 0.07203971289 -0.2150298754 0.1399335337 0 0.007349933601 0.05986262189 0.08820448318 0 -0.1007592625 -0.01962507292 0.0217152478 0 4.653567722 0.7826730284 0.1287494391 1


mesh: pSphereShape7 tranform: pSphere7 -0.01616910378 -0.1741174695 0.1806258115 0 0.001398302465 0.07224710338 0.06976905468 0 -0.1268755995 0.006951969581 -0.004656064253 0 4.6496572 0.4130975461 0.4146659492 1


mesh: pSphereShape8 tranform: pSphere8 0.02777658369 -0.1851328883 0.02820164648 0 0.005891679502 0.007435264675 0.04300675483 0 -0.1127636109 -0.01419162235 0.01790150237 0 4.637976019 0.1254166017 0.6131652519 1


mesh: pSphereShape10 tranform: pSphere10 0.1308163796 0.02552009306 0.1261048928 0 -0.008511959557 0.1529634458 -0.0221255304 0 -0.1560323599 0.01431101614 0.1589658379 0 4.395532468 1.425254317 -0.2234778856 1


mesh: pSphereShape11 tranform: pSphere11 0.03003106458 0.006977222923 0.03144883988 0 -0.08990385655 0.1347111408 0.05596387238 0 -0.05842845746 -0.06848531752 0.07098850433 0 4.344072355 1.233884777 -0.1771723033 1


mesh: pSphereShape12 tranform: pSphere12 0.1986761644 0.04834972872 0.241498853 0 -0.02615871278 0.1633226182 -0.011178072 0 -0.1988460669 -0.0203730573 0.1676654161 0 4.456266159 0.805968126 -0.1967981535 1


mesh: pSphereShape13 tranform: pSphere13 0.1366382388 0.03633801142 0.1673565421 0 -0.04471548415 0.2018493939 -0.007319466341 0 -0.1470129106 -0.02799471569 0.1261071556 0 4.468306012 0.5812166312 -0.1491422124 1


mesh: pSphereShape14 tranform: pSphere14 0.136816553 0.03440449014 0.1708408856 0 -0.04612625805 0.2369561041 -0.01077914288 0 -0.1457830341 -0.02285803537 0.1213523987 0 4.49844268 0.3901830617 -0.134375282 1


mesh: pSphereShape15 tranform: pSphere15 0.1005072976 0.03124999597 0.1093296516 0 -0.05770827493 0.371832964 -0.05323053515 0 -0.1379952657 -0.00312792436 0.1277538039 0 4.462574139 -0.2152199855 -0.2122039503 1


mesh: pSphereShape16 tranform: pSphere16 0.06531909868 0.02304583641 0.07242626965 0 -0.1377306759 0.3351127352 0.01758326567 0 -0.0546393564 -0.02546744693 0.05738128097 0 4.597258811 -0.9049081452 -0.1792970137 1


mesh: pSphereShape17 tranform: pSphere17 0.08494578791 0.0260882878 0.06878195556 0 -0.02142080422 0.1011095464 -0.01189509439 0 -0.1730266499 -0.01102552854 0.2178699653 0 4.628902101 -1.352899319 -0.04431667227 1


mesh: pSphereShape18 tranform: pSphere18 0.06799143497 0.02406573481 0.105554904 0 0.07882711027 0.326282397 -0.1251651366 0 -0.1194688238 0.05368741667 0.06471352225 0 4.550055153 -0.172391823 0.1377159523 1


mesh: pSphereShape19 tranform: pSphere19 0.04757913328 0.01419081201 0.07077234476 0 -0.1482086592 0.4034795116 0.01873525113 0 -0.07660988329 -0.03081930795 0.05768330649 0 4.578609621 -0.8383789834 0.2822982 1


mesh: pSphereShape20 tranform: pSphere20 0.09303745375 0.02331097892 0.0642038218 0 -0.0194052092 0.0796163425 -0.0007869255533 0 -0.1420453237 -0.03247026101 0.2176264343 0 4.572372395 -1.271575842 0.4286623203 1


mesh: pSphereShape21 tranform: pSphere21 0.1630543561 0.04100236311 0.2036036575 0 0.0499800389 0.1207131482 -0.06433571753 0 -0.1873770005 0.1422861441 0.1214053241 0 4.572473483 0.2265921637 -0.1553447383 1


