mesh: pSphereShape1 tranform: pSphere1 -0.009823120396 0.1411454695 0.03923770615 0 -0.06778366141 0.009232836422 -0.05018183506 0 -0.09073976012 -0.03842304126 0.1154983574 0 -1.597280602 -0.04742306937 -0.3101881437 1


mesh: pSphereShape2 tranform: pSphere2 -0.03982646566 0.250390714 0.0566558043 0 -0.1134358414 0.0007330901096 -0.08298015812 0 -0.07539219912 -0.03524123647 0.1027515823 0 -1.609534831 0.290808438 -0.2105165833 1


mesh: pSphereShape3 tranform: pSphere3 -0.08144558479 0.2651825305 0.09634957385 0 -0.1036314492 -0.001036051363 -0.08474953163 0 -0.07588463701 -0.0572750803 0.09349166508 0 -1.694677495 0.738416681 -0.08876739055 1


mesh: pSphereShape4 tranform: pSphere4 -0.03853659824 -0.001350911378 0.1765828152 0 -0.03203862807 0.1450851242 -0.005882014011 0 -0.1642653164 -0.03773918886 -0.03613720166 0 -1.814884487 1.001146123 0.1168702704 1


mesh: pSphereShape5 tranform: pSphere5 -0.06125800836 -0.003206853769 0.1764294812 0 -0.03042877316 0.1349136313 -0.008112917091 0 -0.1623219029 -0.04004341894 -0.05708756724 0 -1.910081421 1.015244293 0.3956548467 1


mesh: pSphereShape6 tranform: pSphere6 -0.0797269374 -0.2284669971 0.1116037996 0 -0.04271888309 0.05462041518 0.08129755931 0 -0.09090666911 0.006316077881 -0.05201162497 0 -2.005133636 0.7443428955 0.5732440567 1


mesh: pSphereShape7 tranform: pSphere7 -0.2397473566 0.06678281909 -0.03557073153 0 0.0092597258 0.07084608231 0.07060035614 0 0.03642939483 0.08356866045 -0.08863749061 0 -2.322309304 0.6097069024 0.5951366861 1


mesh: pSphereShape8 tranform: pSphere8 -0.1777028734 0.009966071701 -0.06452459994 0 -0.007387009435 0.03496083007 0.02574390145 0 0.03466951585 0.06970624395 -0.08471459206 0 -2.640688488 0.6985904746 0.5098691631 1


mesh: pSphereShape10 tranform: pSphere10 -0.03054944146 0.005918790036 0.1808268339 0 0.005754651274 0.1546284963 -0.004089062474 0 -0.2199343037 0.007196262866 -0.03739192441 0 -1.873075854 1.442570537 0.2365163725 1


mesh: pSphereShape11 tranform: pSphere11 -0.007937133912 0.001807304053 0.04328176945 0 -0.1043968358 0.1336105832 -0.02472372613 0 -0.0885318768 -0.07162530288 -0.01324439062 0 -1.931678275 1.251034777 0.2044828279 1


mesh: pSphereShape12 tranform: pSphere12 -0.06278606961 -0.003065788412 0.3101292004 0 -0.02621031086 0.16365488 -0.003688498747 0 -0.2523596592 -0.0415776699 -0.05150156596 0 -1.815356553 0.8216991872 0.2295566244 1


mesh: pSphereShape13 tranform: pSphere13 -0.03695020948 -0.01855507436 0.2151489317 0 -0.04375172375 0.2019503625 0.009902761861 0 -0.1884064927 -0.03906562679 -0.03572653103 0 -1.82010935 0.592285247 0.2272076425 1


mesh: pSphereShape14 tranform: pSphere14 -0.02814470405 -0.009349874115 0.2195666227 0 -0.0379790861 0.2385824959 0.005291360546 0 -0.1871120281 -0.02922614842 -0.0252291236 0 -1.796721281 0.4010673098 0.2213134449 1


mesh: pSphereShape15 tranform: pSphere15 0.02474584601 0.007291488839 0.1495517608 0 0.1916233185 0.3247214316 -0.04753928532 0 -0.1594971015 0.09729106384 0.02164798321 0 -1.970576444 -0.1370796025 0.1098366122 1


mesh: pSphereShape16 tranform: pSphere16 0.01659888112 0.005879490286 0.09865682187 0 0.1155090375 0.3415464342 -0.03978883213 0 -0.07768053297 0.02760204143 0.01142469397 0 -2.301858028 -0.7621291104 0.1607363974 1


mesh: pSphereShape17 tranform: pSphere17 0.005725437386 0.01607690699 0.1110679769 0 0.03789922962 0.09559181666 -0.01579042368 0 -0.258915931 0.1024083298 -0.001476593408 0 -2.643932847 -1.128439738 0.2000150097 1


mesh: pSphereShape18 tranform: pSphere18 0.007409653223 -0.01821653149 0.1263213664 0 -0.04151766967 0.3518368218 0.05317293718 0 -0.1448607196 -0.01798612067 0.005903379499 0 -1.726724473 -0.1891238989 0.358901502 1


mesh: pSphereShape19 tranform: pSphere19 0.00648830792 -0.01239747236 0.08531167793 0 -0.2435558695 0.3478812667 0.06907745821 0 -0.08269061082 -0.0574827702 -0.00206441737 0 -1.500949842 -0.8513249808 0.2656470685 1


mesh: pSphereShape20 tranform: pSphere20 0.02337260373 0.002509030477 0.1129996745 0 -0.0286628867 0.07665845945 0.004226453605 0 -0.2395594994 -0.09241719974 0.05160197891 0 -1.474654899 -1.28032195 0.2134219712 1


mesh: pSphereShape21 tranform: pSphere21 -0.0335421153 -0.01114293314 0.2616737046 0 0.07395995165 0.1245795728 0.0147854179 0 -0.2255772821 0.1366609625 -0.0230956918 0 -1.720761529 0.2371641627 0.2282513321 1


