mesh: pSphereShape1 tranform: pSphere1 0.001043043299 0.1385667997 0.04854162053 0 -0.0505898589 0.02285637491 -0.06415870085 0 -0.1218736006 -0.02911380964 0.08572698696 0 3.518616855 -0.04255009329 -0.464368264 1


mesh: pSphereShape2 tranform: pSphere2 -0.02573967719 0.2490077916 0.06945592811 0 -0.09708705801 0.01786944484 -0.1000435919 0 -0.09470750467 -0.03374474942 0.08588129329 0 3.523829729 0.28809598 -0.3410508391 1


mesh: pSphereShape3 tranform: pSphere3 -0.06360013127 0.2667214153 0.1051337628 0 -0.08784822331 0.01821992912 -0.09936678324 0 -0.09638520067 -0.05275825806 0.07553849148 0 3.467879262 0.734567818 -0.1970593811 1


mesh: pSphereShape4 tranform: pSphere4 -0.01138596877 -0.006345574289 0.1802733435 0 -0.02124367864 0.1471215462 0.003836900264 0 -0.1702611519 -0.02428218899 -0.01160833073 0 3.390387995 0.9968038187 0.02483995836 1


mesh: pSphereShape5 tranform: pSphere5 -0.04686071401 -0.006898707845 0.180683897 0 -0.01889123653 0.1372458476 0.0003407175416 0 -0.1693108988 -0.02319362867 -0.04479666316 0 3.327837245 1.005342226 0.3114201844 1


mesh: pSphereShape6 tranform: pSphere6 -0.1068915061 -0.2308886016 0.07920619266 0 -0.04983723249 0.0504845774 0.07990709342 0 -0.08272117045 0.01692859922 -0.06228767895 0 3.20811796 0.730264845 0.4550170639 1


mesh: pSphereShape7 tranform: pSphere7 -0.2070314976 -0.1370710453 0.03941452026 0 -0.03170319683 0.06729305928 0.06749719751 0 -0.05994026379 0.06407036312 -0.09203032057 0 2.890608605 0.4030367201 0.5154846204 1


mesh: pSphereShape8 tranform: pSphere8 -0.07832100017 -0.1716147186 -0.01597708061 0 -0.02627210066 0.008802990352 0.03423244217 0 -0.07912756467 0.04279004873 -0.07173101228 0 2.630473132 0.1704003922 0.5394408917 1


mesh: pSphereShape10 tranform: pSphere10 0.008805630378 -0.002951564565 0.1832495388 0 0.004456729307 0.1547086227 0.002277703838 0 -0.2228564426 0.006260734231 0.01080968845 0 3.351033639 1.433374606 0.1724015951 1


mesh: pSphereShape11 tranform: pSphere11 -0.0007475564532 0.0003647571433 0.0440327619 0 -0.1080178053 0.1329860392 -0.002935473716 0 -0.08897589828 -0.07229072818 -0.0009117290331 0 3.287435129 1.242386361 0.1380210223 1


mesh: pSphereShape12 tranform: pSphere12 -0.03993536702 -0.01221751285 0.3136678329 0 -0.01376847794 0.1651424757 0.004679412246 0 -0.2579009371 -0.0205489727 -0.03363566426 0 3.392940229 0.8130742203 0.1303832123 1


mesh: pSphereShape13 tranform: pSphere13 -0.02788192326 -0.01675174831 0.2166579074 0 -0.0355811387 0.2034841356 0.01115419453 0 -0.1911706306 -0.03194403528 -0.02707181732 0 3.374807 0.5833716142 0.1233142932 1


mesh: pSphereShape14 tranform: pSphere14 -0.02734241075 -0.00781848363 0.2197278094 0 -0.03501990882 0.2390573423 0.004148483473 0 -0.1875607844 -0.02705436225 -0.02430228615 0 3.393962313 0.3905057659 0.1160173764 1


mesh: pSphereShape15 tranform: pSphere15 0.02007146164 -0.006005125224 0.1503074408 0 0.1567900469 0.3461066685 -0.007109372103 0 -0.1695099885 0.07731826105 0.02572473493 0 3.261057274 -0.1650772877 -0.04230314851 1


mesh: pSphereShape16 tranform: pSphere16 0.01247563941 0.004257835042 0.09934530198 0 -0.08355203689 0.3529547141 -0.004634923405 0 -0.08032324994 -0.01887117596 0.01089567635 0 3.136930393 -0.8214794897 -0.06401918871 1


mesh: pSphereShape17 tranform: pSphere17 -0.002920790755 -0.002025465636 0.1123152239 0 -0.02009222774 0.1020688458 0.001318180576 0 -0.2730990642 -0.05365526889 -0.008069628441 0 3.042781167 -1.317039008 -0.07892053916 1


mesh: pSphereShape18 tranform: pSphere18 -0.002219482093 -0.01677232805 0.1267185681 0 -0.02286239656 0.354476576 0.04651768741 0 -0.1457725024 -0.008911923795 -0.003732784984 0 3.43052589 -0.2112298339 0.2512188842 1


mesh: pSphereShape19 tranform: pSphere19 -0.0004749932856 -0.01083662777 0.08576840754 0 -0.1767932961 0.3892723827 0.04820451261 0 -0.09183019716 -0.04100143937 -0.005688995253 0 3.58322057 -0.907312208 0.1808710575 1


mesh: pSphereShape20 tranform: pSphere20 0.01992043712 0.00424628287 0.1136074185 0 -0.008879504662 0.08145480333 -0.001487548296 0 -0.2564057909 -0.02711159716 0.04597269274 0 3.527440293 -1.323286231 0.1443323274 1


mesh: pSphereShape21 tranform: pSphere21 -0.03258596333 -0.00931786239 0.2618658026 0 0.07554732156 0.1237368582 0.01380380802 0 -0.2239739378 0.1393031319 -0.02291402333 0 3.467929001 0.2257190431 0.1235356908 1


