mesh: pSphereShape1 tranform: pSphere1 -0.03901200806 0.1358782247 -0.03966492301 0 0.05984813223 -0.0003711543669 -0.06013443194 0 -0.09976433068 -0.05752377735 -0.09893431203 0 4.358456597 -0.02926979097 0.6778335251 1


mesh: pSphereShape2 tranform: pSphere2 -0.04649178933 0.242163823 -0.08177244982 0 0.121648036 -0.0004161306156 -0.07039542849 0 -0.06185665158 -0.04787479106 -0.1066094514 0 4.256218133 0.2982541034 0.595820067 1


mesh: pSphereShape3 tranform: pSphere3 -0.08338217254 0.2607487236 -0.1062822402 0 0.1165032765 0.01073015658 -0.06507598691 0 -0.05368247218 -0.06039903533 -0.1060648533 0 4.145377767 0.7374750586 0.4551228324 1


mesh: pSphereShape4 tranform: pSphere4 -0.1777083539 -0.0128849841 -0.03036615091 0 -0.007800026061 0.1475216804 -0.01694929054 0 0.03013197161 -0.01779915775 -0.1687853434 0 3.942292939 0.9904564694 0.3310862759 1


mesh: pSphereShape5 tranform: pSphere5 -0.1777164103 -0.01256569817 -0.05611746675 0 -0.005761036347 0.1378438667 -0.01262127044 0 0.0538920389 -0.01310572932 -0.1677341762 0 3.659099575 0.9899618275 0.2494861377 1


mesh: pSphereShape6 tranform: pSphere6 -0.05056833629 -0.2257134128 -0.1323074452 0 -0.0796290203 0.04845895596 -0.05223537681 0 0.06707254078 0.02908927367 -0.07526096526 0 3.546563323 0.7182694 0.09987425168 1


mesh: pSphereShape7 tranform: pSphere7 -0.005048366155 -0.1089429643 -0.2265170223 0 -0.07056088694 0.06502548507 -0.02970130826 0 0.09045810122 0.07972390573 -0.04035910476 0 3.545181111 0.4286600957 -0.2530051911 1


mesh: pSphereShape8 tranform: pSphere8 0.04085191267 -0.1534940297 -0.1030134064 0 -0.03135701009 0.01104069063 -0.02888627837 0 0.07687917288 0.06085868446 -0.06019394641 0 3.572143392 0.2386176029 -0.5450135162 1


mesh: pSphereShape10 tranform: pSphere10 -0.1813562141 -0.01931252389 0.02008965759 0 -0.01772036673 0.1532511072 -0.01264496184 0 -0.02227664957 -0.02082024661 -0.2211137906 0 3.756843427 1.411143105 0.2366629689 1


mesh: pSphereShape11 tranform: pSphere11 -0.04395649254 -0.002627175046 -0.0007076185302 0 -0.005263162986 0.1207706938 -0.1214433552 0 0.006145298465 -0.08104098063 -0.08085843104 0 3.815346212 1.219288508 0.1935099296 1


mesh: pSphereShape12 tranform: pSphere12 -0.3076524724 -0.02282765377 -0.07043056874 0 -0.0105508659 0.165276205 -0.007480672284 0 0.05874101372 -0.007750119041 -0.2540786109 0 3.845089262 0.8028709004 0.3155730832 1


mesh: pSphereShape13 tranform: pSphere13 -0.210955013 -0.02139970653 -0.05512446478 0 -0.01770749194 0.2057570795 -0.01211180788 0 0.05009462268 -0.006817769588 -0.1890596771 0 3.865312126 0.5777306711 0.2808241399 1


mesh: pSphereShape14 tranform: pSphere14 -0.2143816059 -0.001085740975 -0.05593205292 0 -0.000560442777 0.2416303772 -0.002542359369 0 0.04823783702 -0.001833101757 -0.1848549115 0 3.875151781 0.3845018039 0.2757685402 1


mesh: pSphereShape15 tranform: pSphere15 -0.1488979028 -0.01776699761 0.0233452388 0 -0.02646156305 0.3634497906 0.1078309944 0 -0.03391736453 0.0503447343 -0.1780127293 0 4.035484785 -0.216638795 0.1914337623 1


mesh: pSphereShape16 tranform: pSphere16 -0.09929101846 -0.003186648986 0.01320600943 0 -0.02986277857 0.3313398728 -0.1445737139 0 -0.008963120427 -0.03376760184 -0.0755385535 0 4.120783626 -0.8738714093 0.1693922477 1


mesh: pSphereShape17 tranform: pSphere17 -0.1113880831 -0.01324426569 -0.006680375302 0 -0.01012923835 0.09955044971 -0.0284708797 0 0.02481995089 -0.07391965477 -0.2672956422 0 4.191554363 -1.357723479 0.1532832056 1


mesh: pSphereShape18 tranform: pSphere18 -0.1192219251 -0.01081510361 -0.04486645386 0 -0.03216936497 0.3567983808 -0.0005241740748 0 0.05108195947 0.004404636692 -0.1367998944 0 3.711697956 -0.2017280278 0.2401906163 1


mesh: pSphereShape19 tranform: pSphere19 -0.08098358642 -0.006285541773 -0.02959777944 0 0.004737645341 0.4180190838 -0.1017356025 0 0.03523732801 -0.02269141513 -0.09159529574 0 3.729095532 -0.9208409983 0.3049677884 1


mesh: pSphereShape20 tranform: pSphere20 -0.1078208306 -0.002793898498 -0.04108969329 0 -0.001713944675 0.08192590689 -0.001073109243 0 0.09329296163 -0.001253706832 -0.2447188352 0 3.828184122 -1.336984885 0.2010396024 1


mesh: pSphereShape21 tranform: pSphere21 -0.2554943385 -0.001293957432 -0.06665834412 0 -0.02385202564 0.1125906163 0.08923669085 0 0.05087707197 0.1679191815 -0.1982660129 0 3.858861921 0.211360643 0.3251551655 1


