mesh: pSphereShape1 tranform: pSphere1 0.05988811327 0.1327283797 -0.01883416986 0 0.01669412802 0.004255677185 0.08307395436 0 0.1353613483 -0.06446740507 -0.02389903344 0 -0.1009658578 0.03673581852 1.140316385 1


mesh: pSphereShape2 tranform: pSphere2 0.1053093935 0.2373833562 -0.00711414566 0 -0.003953066372 0.005960331299 0.1403665982 0 0.1208183805 -0.05342819537 0.005671241107 0 0.03738991728 0.3559776914 1.081917114 1


mesh: pSphereShape3 tranform: pSphere3 0.1490203652 0.2521075846 -0.02175073948 0 -0.006082392381 0.01506028885 0.1328880204 0 0.1147367259 -0.06671527911 0.01281248043 0 0.2380890473 0.7839780414 1.046489583 1


mesh: pSphereShape4 tranform: pSphere4 0.1213396547 -0.01848405779 -0.1326778534 0 0.02264363216 0.1469624986 0.0002344565493 0 0.1250309988 -0.01945122429 0.117056128 0 0.465497637 1.025855427 0.9348973638 1


mesh: pSphereShape5 tranform: pSphere5 0.1395779951 -0.01909289168 -0.1226524932 0 0.01847463891 0.1373025246 -0.0003493542462 0 0.1150143354 -0.01513664543 0.1332420748 0 0.6844851172 1.015279076 0.7369915925 1


mesh: pSphereShape6 tranform: pSphere6 0.1153667442 -0.2401601358 0.004752357528 0 0.0914097905 0.0432273588 -0.03454318352 0 0.0298130278 0.01628584837 0.09927275043 0 0.8459487888 0.7261243505 0.7000065555 1


mesh: pSphereShape7 tranform: pSphere7 0.1695957616 -0.170355517 0.07362263483 0 0.07397859627 0.05936744998 -0.03304532288 0 0.006337636149 0.05564327429 0.1141537864 0 1.103489326 0.3592962116 0.828187796 1


mesh: pSphereShape8 tranform: pSphere8 0.02406858887 -0.1841893591 0.03655189216 0 0.04265948609 0.003518176099 -0.01036179002 0 0.0245619814 0.02495861837 0.1095959594 0 1.289057657 0.08286552189 0.9361224546 1


mesh: pSphereShape10 tranform: pSphere10 0.1088801513 -0.0125920651 -0.1471502527 0 0.0142852012 0.154106751 -0.002617374854 0 0.1784753428 -0.01428043507 0.1332803862 0 0.6298853003 1.447497251 0.851340847 1


mesh: pSphereShape11 tranform: pSphere11 0.02830292215 -0.00145483679 -0.03371059266 0 0.09331128632 0.1237971557 0.07300012315 0 0.06178639879 -0.0791753583 0.05529190417 0 0.6362419783 1.254630571 0.9158702843 1


mesh: pSphereShape12 tranform: pSphere12 0.2226903798 -0.03306040366 -0.2223681968 0 0.01804262214 0.1646718966 -0.00641369141 0 0.1831659837 -0.01285021407 0.1853418624 0 0.5247381474 0.8352780162 0.863660248 1


mesh: pSphereShape13 tranform: pSphere13 0.1558374165 -0.02716351039 -0.1515767623 0 0.02741475184 0.2048704933 -0.008528732597 0 0.1350887807 -0.01220405776 0.1410730201 0 0.535434838 0.6095112576 0.8998198175 1


mesh: pSphereShape14 tranform: pSphere14 0.1574087049 -0.01698483162 -0.1549937465 0 0.01999346446 0.2407391915 -0.006076176012 0 0.1335203172 -0.007645242142 0.136438494 0 0.5235258743 0.4164964204 0.9137810784 1


mesh: pSphereShape15 tranform: pSphere15 0.09028052985 -0.02000929406 -0.1203341428 0 -0.06048963345 0.3601169423 -0.1052629092 0 0.1481854144 0.05472795788 0.1020756839 0 0.459699619 -0.1534993638 1.148735013 1


mesh: pSphereShape16 tranform: pSphere16 0.06339995795 -0.001801571037 -0.07759161963 0 0.1635439671 0.2979539373 0.126713368 0 0.05240646146 -0.04744481327 0.04392281887 0 0.3832029076 -0.77711979 1.196263951 1


mesh: pSphereShape17 tranform: pSphere17 0.09772056434 -0.02827008236 -0.04773716373 0 0.04299766149 0.08756004061 0.03616524426 0 0.07520158058 -0.1330578842 0.2327389683 0 0.2207978945 -1.258904687 1.210355463 1


mesh: pSphereShape18 tranform: pSphere18 0.07391610928 -0.02172061126 -0.1020218428 0 0.04171142968 0.3529618497 -0.0449256787 0 0.1179783174 -0.002981690515 0.08611158258 0 0.5833910562 -0.1952719741 0.8227716926 1


mesh: pSphereShape19 tranform: pSphere19 0.04939708316 -0.01378322047 -0.06959762109 0 0.1434174144 0.405066258 0.02157091548 0 0.07554021308 -0.02991635079 0.05953953284 0 0.4441257535 -0.9021710192 0.8458767375 1


mesh: pSphereShape20 tranform: pSphere20 0.04530086935 0.006904292944 -0.1059323475 0 -0.0008109837198 0.08179512448 0.004984305981 0 0.2408715727 -0.003873255018 0.102753784 0 0.50302749 -1.313174963 0.9411276679 1


mesh: pSphereShape21 tranform: pSphere21 0.187595539 -0.02024207394 -0.1847174554 0 -0.05606231453 0.115021362 -0.06954032039 0 0.1559716905 0.1611150609 0.1407462566 0 0.4769967727 0.2452264905 0.8793730309 1


