mesh: pSphereShape1 tranform: pSphere1 0.06760574185 0.1284249739 -0.02224015716 0 0.05784378628 -0.02029261664 0.05865486075 0 0.08630618059 -0.06400790385 -0.1072573362 0 2.876668261 -0.07718155191 0.2078157003 1


mesh: pSphereShape2 tranform: pSphere2 0.1270726181 0.2256481888 -0.02066353809 0 0.07469824667 -0.03155344375 0.1147975884 0 0.09144502082 -0.05841605943 -0.07555917058 0 3.021616812 0.2380209769 0.1446267669 1


mesh: pSphereShape3 tranform: pSphere3 0.1448404488 0.2483056296 -0.06003296441 0 0.07310287327 -0.0157962616 0.1110381998 0 0.09029501856 -0.06943086767 -0.06932365135 0 3.236323364 0.6562655527 0.07851662348 1


mesh: pSphereShape4 tranform: pSphere4 0.02555329674 0.007370112775 -0.1787766636 0 0.01114228484 0.1480789235 0.007697204148 0 0.1701543302 -0.01403748964 0.02374217151 0 3.387718513 0.9158558368 -0.1008750407 1


mesh: pSphereShape5 tranform: pSphere5 0.04978024911 0.01003848419 -0.1797535673 0 0.01139641194 0.1376443608 0.010842939 0 0.1696552928 -0.01767019588 0.04599686604 0 3.461233992 0.9496692896 -0.3839878765 1


mesh: pSphereShape6 tranform: pSphere6 0.1305777246 -0.224461823 -0.05979388968 0 0.04211925936 0.04741125439 -0.08599841175 0 0.08157859499 0.03209968785 0.05765125619 0 3.607334187 0.6881861854 -0.5138363186 1


mesh: pSphereShape7 tranform: pSphere7 0.2181107887 -0.1202920742 -0.03408104446 0 0.02312967945 0.06309045462 -0.07465877478 0 0.05604710573 0.07802352555 0.08329752672 0 3.956549465 0.389993265 -0.5538640758 1


mesh: pSphereShape8 tranform: pSphere8 0.09616448769 -0.1627898382 0.009639382819 0 0.02875600549 0.01522968836 -0.02967700709 0 0.0646405145 0.04320670333 0.08480732607 0 4.239128728 0.1845166019 -0.5641071104 1


mesh: pSphereShape10 tranform: pSphere10 0.0259594574 0.01263796671 -0.1811988761 0 -0.01150769659 0.1540928087 0.009098766295 0 0.2203370745 0.01453107174 0.03258008123 0 3.422169181 1.363102356 -0.2075677827 1


mesh: pSphereShape11 tranform: pSphere11 0.005947891224 0.003620621891 -0.04348666113 0 0.1033262373 0.1343298644 0.02531651866 0 0.09013664001 -0.07054937977 0.006454629856 0 3.490917213 1.170745994 -0.1845602285 1


mesh: pSphereShape12 tranform: pSphere12 0.03376625659 0.01022417878 -0.3144629018 0 -0.001188349586 0.1656937819 0.005259624334 0 0.2593992424 0.0009752354226 0.02788536361 0 3.409037022 0.7405860057 -0.2175041544 1


mesh: pSphereShape13 tranform: pSphere13 0.01534143722 -0.003384883696 -0.218521977 0 0.004276416001 0.2068079075 -0.002903206146 0 0.1951802968 -0.003842781019 0.01376224798 0 3.454158759 0.5160396618 -0.2250404743 1


mesh: pSphereShape14 tranform: pSphere14 0.004756886314 -0.004759035378 -0.2214582804 0 0.003828485032 0.2415600545 -0.00510877794 0 0.1909858616 -0.002938838165 0.004165498191 0 3.461931489 0.3213565892 -0.2231011612 1


mesh: pSphereShape15 tranform: pSphere15 -0.01422284664 0.01275248682 -0.1505534342 0 -0.1598408816 0.3419541547 0.04406514026 0 0.1697206463 0.0805203778 -0.009213178524 0 3.634093518 -0.2273947882 -0.08412871888 1


mesh: pSphereShape16 tranform: pSphere16 -0.008651588764 0.01666956912 -0.09844051625 0 0.08214448718 0.3494738505 0.05195927836 0 0.08074541858 -0.01748408408 -0.01005712223 0 3.7612539 -0.8805540677 -0.1396531752 1


mesh: pSphereShape17 tranform: pSphere17 0.008418734889 -0.002744243531 -0.1120220384 0 0.01167448623 0.1033656251 -0.001654817624 0 0.2758907523 -0.0308160741 0.02148878871 0 3.863179439 -1.357897003 -0.1684689121 1


mesh: pSphereShape18 tranform: pSphere18 -0.01859623764 0.01324051732 -0.1257883191 0 -0.1274055515 0.3305033984 0.0536242151 0 0.1348776141 0.05430175953 -0.01422415682 0 3.576684686 -0.2616748853 -0.4547163236 1


mesh: pSphereShape19 tranform: pSphere19 -0.01780489202 0.003437357007 -0.08452838724 0 0.3774935284 0.1935938964 -0.07164196992 0 0.04364869555 -0.08986642939 -0.01284850389 0 3.436569868 -0.7738049881 -0.479485171 1


mesh: pSphereShape20 tranform: pSphere20 -0.04654142449 0.04686885734 -0.09465044263 0 0.07363270558 0.0283215434 -0.02218238574 0 0.04543727977 -0.2215613755 -0.1320547889 0 3.124021223 -1.160376884 -0.4867936167 1


mesh: pSphereShape21 tranform: pSphere21 0.005669131533 -0.00567169273 -0.2639281323 0 -0.09164080368 0.1130989214 -0.00439887211 0 0.2056866353 0.1666944784 0.0008359272928 0 3.409051803 0.1484880074 -0.2246671106 1


