mesh: pSphereShape1 tranform: pSphere1 0.0543093318 0.1339979225 -0.02555754435 0 0.01789392198 0.008482538614 0.08249812535 0 0.1373716639 -0.06017954552 -0.02360832454 0 0.01866257849 0.02600040973 1.230230416 1


mesh: pSphereShape2 tranform: pSphere2 0.09954585913 0.23933397 -0.01736116254 0 0.00633826938 0.007534015759 0.1402034205 0 0.1219885864 -0.05094002781 -0.002777489651 0 0.1448840577 0.3474566234 1.157909221 1


mesh: pSphereShape3 tranform: pSphere3 0.1442504597 0.2538332338 -0.03160525958 0 0.002795146377 0.01497259043 0.1330076782 0 0.1161114489 -0.06537232411 0.004918847897 0 0.3356356358 0.7780701485 1.106521479 1


mesh: pSphereShape4 tranform: pSphere4 0.113859738 -0.01788435138 -0.139228212 0 0.02410925346 0.1467268011 0.0008687866778 0 0.1309228717 -0.02216326569 0.1099146451 0 0.554314154 1.02140533 0.9819104943 1


mesh: pSphereShape5 tranform: pSphere5 0.1334603917 -0.01884728955 -0.1293185711 0 0.0196597176 0.1371379656 0.0003024675164 0 0.1210330742 -0.01763212975 0.1274792878 0 0.7630067139 1.011340438 0.7733006151 1


mesh: pSphereShape6 tranform: pSphere6 0.1220605811 -0.236875851 -8.460204812e-05 0 0.08814756858 0.04543607811 -0.03978887831 0 0.034744994 0.01786908926 0.09737867067 0 0.9282675101 0.7257719107 0.7285536136 1


mesh: pSphereShape7 tranform: pSphere7 0.1810721099 -0.1589710481 0.07172944854 0 0.06937649301 0.06179516169 -0.03817827126 0 0.008241154877 0.05986535327 0.1118733632 0 1.205048074 0.373275066 0.8506356875 1


mesh: pSphereShape8 tranform: pSphere8 0.03682682367 -0.1803609856 0.04421264236 0 0.04166185664 0.00525200558 -0.01327712876 0 0.02984072906 0.03216542911 0.1063598324 0 1.410437744 0.1117508533 0.9596534832 1


mesh: pSphereShape10 tranform: pSphere10 0.1038911825 -0.008029067061 -0.1510258276 0 0.01146411253 0.1543641144 -0.0003203400341 0 0.1832357844 -0.01334526484 0.1267580033 0 0.7076114366 1.444942347 0.898544737 1


mesh: pSphereShape11 tranform: pSphere11 0.02679698037 -0.0005491275478 -0.03494561935 0 0.09490635866 0.1238452627 0.07082996469 0 0.06515720703 -0.07921934013 0.05120864798 0 0.7206166605 1.250853373 0.9584263155 1


mesh: pSphereShape12 tranform: pSphere12 0.2082741998 -0.03227052862 -0.2360340679 0 0.01947093276 0.1645482534 -0.005316038445 0 0.1940113345 -0.01734992028 0.17356582 0 0.6076436839 0.8312285368 0.9051359383 1


mesh: pSphereShape13 tranform: pSphere13 0.1445155286 -0.02918777666 -0.1620555684 0 0.03079060509 0.2043545351 -0.009348237604 0 0.1441753725 -0.01571231863 0.1314005315 0 0.6173526216 0.6049431079 0.9382382622 1


mesh: pSphereShape14 tranform: pSphere14 0.1447711374 -0.02110727817 -0.1663876405 0 0.02596133432 0.2401167669 -0.007871735486 0 0.1431636469 -0.01134802058 0.1260038893 0 0.6020183378 0.4121291343 0.9525469744 1


mesh: pSphereShape15 tranform: pSphere15 0.07333305592 -0.01409173316 -0.1321171367 0 -0.09376864349 0.3570809604 -0.09013388484 0 0.1579884044 0.06195476628 0.08108503354 0 0.5764143978 -0.1484851915 1.181635806 1


mesh: pSphereShape16 tranform: pSphere16 0.04986441188 -0.001361247618 -0.08691919924 0 0.0963877865 0.3461231847 0.04987575775 0 0.0687220025 -0.02487478329 0.03981448297 0 0.5981192292 -0.8109247044 1.278680323 1


mesh: pSphereShape17 tranform: pSphere17 0.0868656193 -0.01596826517 -0.06947461223 0 0.02339788788 0.1011932187 0.005996318048 0 0.1651616505 -0.05112161865 0.2182551602 0 0.5891758727 -1.295765118 1.387767664 1


mesh: pSphereShape18 tranform: pSphere18 0.06906350415 -0.02210611235 -0.1052871539 0 0.04755419134 0.3524850995 -0.04281449306 0 0.1214009647 -0.006538941586 0.0810063364 0 0.6372033575 -0.2026243004 0.8525952804 1


mesh: pSphereShape19 tranform: pSphere19 0.04600531582 -0.01423678755 -0.0717962579 0 0.1658446105 0.3960285895 0.02773903334 0 0.07593051517 -0.03570112923 0.05573377832 0 0.4737978086 -0.9023137857 0.8679192359 1


mesh: pSphereShape20 tranform: pSphere20 0.04529628776 0.005507583906 -0.1060160983 0 0.001377663512 0.08179632898 0.004837974572 0 0.2408497135 -0.01011195338 0.1023797864 0 0.5114735132 -1.310984389 0.9561829767 1


mesh: pSphereShape21 tranform: pSphere21 0.1725344198 -0.02515509692 -0.1982963974 0 -0.0580201759 0.1165446614 -0.06526679156 0 0.1704168466 0.1567418811 0.1283932279 0 0.5484295916 0.2422029191 0.9219595983 1


