mesh: pSphereShape1 tranform: pSphere1 0.1065161235 0.09620954632 0.03092205475 0 -0.02956401373 0.05205393573 -0.06012024167 0 -0.09011260535 0.06690533505 0.1022413773 0 -5.488172817 0.1747175675 -0.1098422542 1


mesh: pSphereShape2 tranform: pSphere2 0.1505591239 0.204291185 0.0555751665 0 -0.09369598155 0.08551503192 -0.06051591971 0 -0.06198023624 0.01413782099 0.1159413146 0 -5.243055235 0.4138700379 -0.02430102144 1


mesh: pSphereShape3 tranform: pSphere3 0.05971937996 0.2667774069 0.1072464869 0 -0.1000290028 0.05154799516 -0.07252610954 0 -0.0843717718 -0.02169453738 0.100947291 0 -5.04806125 0.8094112834 0.1021066676 1


mesh: pSphereShape4 tranform: pSphere4 0.005785243113 -0.01325129561 0.1801647 0 -0.02189708623 0.1466264518 0.01148765782 0 -0.1704067218 -0.02572885701 0.003579522646 0 -5.013649534 1.064556569 0.3284148013 1


mesh: pSphereShape5 tranform: pSphere5 -0.00108093894 -0.01390668337 0.1862676168 0 -0.01691274721 0.1371297148 0.01013991541 0 -0.175341617 -0.02143201267 -0.002617641242 0 -5.019216153 1.062115294 0.6247625018 1


mesh: pSphereShape6 tranform: pSphere6 -0.02210668193 -0.2453786785 0.1015360041 0 -0.06357990257 0.03766416937 0.07717896224 0 -0.08387829475 -0.01750163374 -0.06055781492 0 -5.041611173 0.7668596374 0.7873260527 1


mesh: pSphereShape7 tranform: pSphere7 -0.1259941444 -0.2058015796 0.07053511378 0 -0.05529436539 0.05542067593 0.06293172509 0 -0.08489633611 0.0202860076 -0.09245818822 0 -5.209138118 0.3467466319 0.8978311976 1


mesh: pSphereShape8 tranform: pSphere8 0.00520050714 -0.1878475692 0.0229630852 0 -0.03150899706 0.002872610234 0.03063506527 0 -0.08032178518 -0.01218293136 -0.08147076096 0 -5.342939217 0.0310848206 0.9670217825 1


mesh: pSphereShape10 tranform: pSphere10 -0.006694159274 -0.01045670035 0.183064169 0 0.01781318802 0.1534724857 0.009417791157 0 -0.2215737473 0.02612317207 -0.00661018363 0 -5.008126393 1.496196898 0.4988589502 1


mesh: pSphereShape11 tranform: pSphere11 -0.001805443599 -0.003189320863 0.0438878641 0 -0.09794888804 0.1404620876 0.006177960105 0 -0.093950795 -0.06513683178 -0.008598393332 0 -5.087283272 1.311869088 0.4601977566 1


mesh: pSphereShape12 tranform: pSphere12 -0.01590879675 -0.02332977888 0.3151733525 0 -0.008730842905 0.1651316021 0.01178267937 0 -0.260203153 -0.01275295016 -0.01407810193 0 -5.004628548 0.8770447856 0.4263655444 1


mesh: pSphereShape13 tranform: pSphere13 -0.0158097778 -0.01479667793 0.2180132583 0 -0.02437178134 0.2050721749 0.01215097879 0 -0.1938259551 -0.02211346102 -0.01555662747 0 -5.032086728 0.648841307 0.4162912057 1


mesh: pSphereShape14 tranform: pSphere14 -0.01900298879 -0.005757119078 0.2206689564 0 -0.02734026931 0.240060928 0.003908626439 0 -0.1891184955 -0.02126429451 -0.01684078171 0 -5.020842403 0.4544672656 0.4084032856 1


mesh: pSphereShape15 tranform: pSphere15 -0.002384190181 -0.001345980413 0.1517358093 0 0.06649604797 0.374142649 0.004363689132 0 -0.1851533749 0.03293767211 -0.002617097431 0 -5.072324238 -0.1319754157 0.2218285906 1


mesh: pSphereShape16 tranform: pSphere16 -0.01053291725 0.01222937921 0.09890783438 0 -0.3003492629 0.195489831 -0.05615604913 0 -0.04583983298 -0.06936653992 0.003695183053 0 -4.912388825 -0.6902194239 0.22753126 1


mesh: pSphereShape17 tranform: pSphere17 -0.0407374462 -0.03406634449 0.09903175099 0 -0.09156643373 0.04393698963 -0.02255246445 0 -0.08533341853 -0.2378536727 -0.116922811 0 -4.582443876 -1.108612725 0.2071315138 1


mesh: pSphereShape18 tranform: pSphere18 -0.0114913233 -0.005044081838 0.127225545 0 0.08598606844 0.3471068462 0.02152813768 0 -0.1412125383 0.03568479716 -0.01133987592 0 -5.106375263 -0.1458582966 0.5594570158 1


mesh: pSphereShape19 tranform: pSphere19 -0.005821164537 -0.005274227782 0.08609398595 0 -0.1911407356 0.3853098401 0.0106807715 0 -0.08998747021 -0.04439605236 -0.008804177838 0 -5.065931034 -0.8265045728 0.5453565163 1


mesh: pSphereShape20 tranform: pSphere20 0.0138317707 0.0110969105 0.114048415 0 -0.02487688465 0.07795012571 -0.004567483066 0 -0.2475615407 -0.07680923502 0.03749775629 0 -5.094733509 -1.276738919 0.5368504423 1


mesh: pSphereShape21 tranform: pSphere21 -0.02264726038 -0.006861182535 0.2629874368 0 0.07985911909 0.1213688652 0.01004353757 0 -0.220230768 0.1461628097 -0.01515195508 0 -4.951827735 0.2874756025 0.4141495925 1


