mesh: pSphereShape1 tranform: pSphere1 0.07058611727 0.128346742 0.01014143433 0 -0.06267148544 0.03785411887 -0.04286533786 0 -0.07173075369 0.02912996537 0.1305988087 0 3.676272498 -0.1261404899 -0.4573505096 1


mesh: pSphereShape2 tranform: pSphere2 0.09445499026 0.241365397 0.01767872066 0 -0.1232823255 0.05144488925 -0.0436901107 0 -0.04148133033 0.007051702525 0.1253530567 0 3.84918809 0.1800166911 -0.4265710893 1


mesh: pSphereShape3 tranform: pSphere3 0.04288024834 0.2808464364 0.07433008543 0 -0.1200639942 0.03159053138 -0.05009699977 0 -0.05568228077 -0.02298216033 0.1189575904 0 3.981193224 0.6231253633 -0.3632039754 1


mesh: pSphereShape4 tranform: pSphere4 0.07957337294 0.02301912489 0.1606442753 0 -0.03887295531 0.1435198321 -0.001310029694 0 -0.1480655795 -0.03938321691 0.0789859753 0 4.055569279 0.9165574942 -0.178065099 1


mesh: pSphereShape5 tranform: pSphere5 0.0498234005 0.01955147434 0.1789568606 0 -0.03493900843 0.1339723135 -0.004909429211 0 -0.1643326106 -0.04101596208 0.05023295546 0 4.142393883 0.9681413711 0.09763387344 1


mesh: pSphereShape6 tranform: pSphere6 0.05759862843 -0.2221119963 0.1354902967 0 -0.03500810385 0.04580256405 0.08996745894 0 -0.09650412112 -0.03657417902 -0.01893167971 0 4.223103866 0.7082201278 0.2994640438 1


mesh: pSphereShape7 tranform: pSphere7 -0.02053229649 -0.2031908658 0.1466148483 0 -0.03786831497 0.05692386205 0.07358658056 0 -0.117310228 -0.02034804767 -0.04462839803 0 4.2121286 0.2980782197 0.5299304664 1


mesh: pSphereShape8 tranform: pSphere8 0.07574193313 -0.1698737975 0.03531444877 0 -0.02118026516 -0.001421987687 0.03858691913 0 -0.08976059637 -0.05065219152 -0.05113598259 0 4.217408691 -0.01736092536 0.6800092155 1


mesh: pSphereShape10 tranform: pSphere10 0.07362160315 0.01158627582 0.1676671169 0 -0.00343237904 0.1544796996 -0.009167851095 0 -0.2043908888 0.000781610793 0.08969277472 0 4.062850766 1.371758384 -0.0617371946 1


mesh: pSphereShape11 tranform: pSphere11 0.01581265079 0.003403076732 0.04096285089 0 -0.1072202977 0.1301169805 0.03057987978 0 -0.0793911014 -0.07406941098 0.03680035979 0 4.002758215 1.177801644 -0.05654504837 1


mesh: pSphereShape12 tranform: pSphere12 0.0830491156 0.0327032982 0.3035868067 0 -0.03585998084 0.1616777873 -0.007606579546 0 -0.2453430942 -0.05100073134 0.07260993769 0 4.137695216 0.7538824831 -0.0699079979 1


mesh: pSphereShape13 tranform: pSphere13 0.05451186056 0.03127140722 0.2098790788 0 -0.05885757075 0.1978149326 -0.01418681481 0 -0.1811855841 -0.05000042642 0.05450923007 0 4.152761236 0.5269138016 -0.03664542702 1


mesh: pSphereShape14 tranform: pSphere14 0.05118819713 0.02881804811 0.213631306 0 -0.05727835817 0.2340780234 -0.01785176489 0 -0.1802841152 -0.04040498543 0.04864835513 0 4.191380674 0.3385542725 -0.02071306698 1


mesh: pSphereShape15 tranform: pSphere15 0.06407913866 0.02629712418 0.1350317633 0 -0.0863860498 0.3687961284 -0.03082781282 0 -0.1650428293 -0.03159803828 0.08447449402 0 4.271128048 -0.256356754 -0.1562066891 1


mesh: pSphereShape16 tranform: pSphere16 0.04037481087 0.02038822369 0.08942848956 0 -0.194771086 0.3054652698 0.01829340421 0 -0.06168760994 -0.041568749 0.03732746191 0 4.490111131 -0.9202205205 -0.1602027157 1


mesh: pSphereShape17 tranform: pSphere17 0.07798231239 0.03804668926 0.07140414165 0 -0.03728452134 0.09653240283 -0.01071653725 0 -0.1738770876 -0.04350341015 0.2130758488 0 4.59689757 -1.356337209 -0.03315391877 1


mesh: pSphereShape18 tranform: pSphere18 0.02054404886 -0.0002068912203 0.126181345 0 0.1555223055 0.3217737075 -0.02479356743 0 -0.1294970856 0.0642222799 0.02118919781 0 4.109369119 -0.2265432755 0.1753497825 1


mesh: pSphereShape19 tranform: pSphere19 0.01504892794 0.0004032446566 0.08513075246 0 0.07970624482 0.4224932168 -0.01609126699 0 -0.09741970424 0.01903136053 0.01713115147 0 3.871252187 -0.9053636313 0.2349235827 1


mesh: pSphereShape20 tranform: pSphere20 0.03525300572 -0.02075850219 0.1079250223 0 0.0226573785 0.07838161872 0.007675183119 0 -0.2386426205 0.06021606962 0.08953313021 0 3.579059257 -1.262464242 0.2937669729 1


mesh: pSphereShape21 tranform: pSphere21 0.06100474203 0.03434458897 0.2546001509 0 0.06169932163 0.1279649034 -0.03204575167 0 -0.2318875248 0.1216125221 0.03915750448 0 4.280894411 0.181540522 -0.01668406735 1


