mesh: pSphereShape1 tranform: pSphere1 -0.02951044636 0.1376750066 0.04162764634 0 0.03411493292 0.02909088173 -0.07202762348 0 -0.1356168624 -0.008597701118 -0.0677056195 0 4.725545761 -0.06691668278 -0.2018010261 1


mesh: pSphereShape2 tranform: pSphere2 -0.05016939553 0.251028969 0.04426088194 0 0.04233679698 0.03143235268 -0.1302825276 0 -0.123472138 -0.01688378528 -0.04419711558 0 4.650414918 0.2608863281 -0.09481358809 1


mesh: pSphereShape3 tranform: pSphere3 -0.1031677773 0.2747592143 0.01010851217 0 0.04828212775 0.02264692014 -0.1227965265 0 -0.1152073228 -0.0413116997 -0.05291711113 0 4.53425257 0.7122663775 -0.03281646215 1


mesh: pSphereShape4 tranform: pSphere4 -0.1582731277 0.01023203542 0.08667933713 0 -0.007492015513 0.1452729093 -0.03082882692 0 -0.08278560159 -0.03545997367 -0.1469774552 0 4.324125621 0.9923454414 0.02323237136 1


mesh: pSphereShape5 tranform: pSphere5 -0.1745457845 0.009419359465 0.06584249457 0 -0.003323619723 0.1355972459 -0.02820918354 0 -0.06276519515 -0.03510834239 -0.1613654252 0 4.05245858 1.026555962 0.1312866774 1


mesh: pSphereShape6 tranform: pSphere6 -0.1022299223 -0.2392166945 0.05773540885 0 -0.09828336026 0.04192697454 -0.0003094811722 0 -0.008647264786 -0.02102662779 -0.1024315879 0 3.884878218 0.7468285658 0.2165322971 1


mesh: pSphereShape7 tranform: pSphere7 -0.1359594923 -0.2113447209 -0.007241703323 0 -0.08422711026 0.05439141575 -0.006057060073 0 0.008429004484 -0.001075353967 -0.1268669463 0 3.681046264 0.3223944214 0.2091828578 1


mesh: pSphereShape8 tranform: pSphere8 -0.01134354704 -0.1769543498 0.06632902708 0 -0.04351390905 0.0002456336584 -0.006786412368 0 0.01634662637 -0.04089051988 -0.1062932315 0 3.54628201 -0.0005281856756 0.2198456207 1


mesh: pSphereShape10 tranform: pSphere10 -0.1305860832 -0.006693043458 0.1287211031 0 -0.02188742573 0.1525682546 -0.0142715312 0 -0.1535893998 -0.03678805939 -0.1577275344 0 4.122468389 1.423466984 0.0156180799 1


mesh: pSphereShape11 tranform: pSphere11 -0.03568210073 0.0007489089059 0.02580315547 0 -0.07619184717 0.1085426888 -0.1085128427 0 -0.04378309902 -0.0886894242 -0.05797169464 0 4.144590703 1.223415525 -0.03762822461 1


mesh: pSphereShape12 tranform: pSphere12 -0.2929774059 0.01570009141 0.1185299849 0 -0.0002878036117 0.1642517222 -0.02246762296 0 -0.0985783526 -0.03290646493 -0.2393031226 0 4.225583963 0.8198249186 0.09676843418 1


mesh: pSphereShape13 tranform: pSphere13 -0.2030867733 0.0150107837 0.08080291099 0 0.0008244100658 0.20375326 -0.03577927205 0 -0.07340945535 -0.03108798768 -0.1787291347 0 4.200547086 0.591952225 0.0921654567 1


mesh: pSphereShape14 tranform: pSphere14 -0.2061649751 0.01859774991 0.07898843623 0 0.005720017265 0.238051457 -0.0411193638 0 -0.06982873391 -0.02863927673 -0.1755144645 0 4.193758792 0.3988262209 0.1149414549 1


mesh: pSphereShape15 tranform: pSphere15 -0.1294652656 -0.005936133772 0.07896049125 0 0.01511392247 0.3760065036 0.05304871873 0 -0.09784726709 0.02628876674 -0.1584560656 0 4.337437934 -0.1966842796 0.02247604005 1


mesh: pSphereShape16 tranform: pSphere16 -0.08595359922 -0.0005976698843 0.0515255406 0 -0.04034484941 0.3549075094 -0.06318550856 0 -0.04178020335 -0.01719331662 -0.0698961086 0 4.373702578 -0.8943181909 -0.02186498978 1


mesh: pSphereShape17 tranform: pSphere17 -0.09953653439 0.004782833777 0.0519321276 0 0.0003915715867 0.1036626797 -0.008796591016 0 -0.1292190979 -0.02036942759 -0.2457938502 0 4.3372562 -1.369004901 -0.1313990624 1


mesh: pSphereShape18 tranform: pSphere18 -0.1264593936 0.01292391591 -0.01359510026 0 0.03191110554 0.3545487636 0.04021296946 0 0.01703322953 0.01483746366 -0.1443353639 0 3.997966052 -0.1993807942 0.159842533 1


mesh: pSphereShape19 tranform: pSphere19 -0.08574315889 0.008009113696 -0.007605435758 0 0.05211991896 0.3875231728 -0.179504421 0 0.00408815528 -0.0427543505 -0.09111322795 0 3.904849342 -0.8885527234 0.2422845854 1


mesh: pSphereShape20 tranform: pSphere20 -0.1116953141 -0.01316739837 -0.02592829903 0 -0.00485079602 0.07945984144 -0.01945627829 0 0.06414022558 -0.05669062798 -0.2475169912 0 3.932335434 -1.319422189 0.2106701185 1


mesh: pSphereShape21 tranform: pSphere21 -0.2457019748 0.02216430738 0.09413633309 0 0.03679708105 0.1240470622 0.0668360245 0 -0.07019840914 0.1369114137 -0.2154580888 0 4.204154828 0.2356728987 0.1921112406 1


