mesh: pSphereShape1 tranform: pSphere1 0.105474124 0.1020847482 0.003471051604 0 -0.04421763432 0.04754266391 -0.05461302514 0 -0.06995937968 0.06833353732 0.1161297447 0 -0.3250165821 -0.006841286673 -0.3594976884 1


mesh: pSphereShape2 tranform: pSphere2 0.1454953278 0.214747602 0.01435667941 0 -0.1093617743 0.07698358024 -0.04321417459 0 -0.03760872266 0.01708316374 0.1256087799 0 -0.08216967816 0.2483158881 -0.3374573811 1


mesh: pSphereShape3 tranform: pSphere3 0.05225399952 0.2766129729 0.0836252408 0 -0.1168683307 0.03810994028 -0.05303262674 0 -0.06056203268 -0.02374791732 0.1163953651 0 0.09942400872 0.6612116555 -0.2690625422 1


mesh: pSphereShape4 tranform: pSphere4 0.04846222632 0.005055504446 0.1740524044 0 -0.04633201716 0.1410198278 0.008804396242 0 -0.1571379911 -0.05445803378 0.04533444825 0 0.1530959604 0.9347196798 -0.06473140463 1


mesh: pSphereShape5 tranform: pSphere5 0.0417308663 0.003452338121 0.1820351765 0 -0.04075601341 0.1322332911 0.006835325669 0 -0.1641705492 -0.05259648309 0.03863297313 0 0.2127166594 0.9588994469 0.2244796534 1


mesh: pSphereShape6 tranform: pSphere6 0.03473421945 -0.2394329795 0.1116886016 0 -0.06034644928 0.02993657489 0.08294391731 0 -0.08550241252 -0.03545300127 -0.04941200881 0 0.2705958335 0.6764880779 0.3971009307 1


mesh: pSphereShape7 tranform: pSphere7 -0.05026591767 -0.2241841253 0.1020726818 0 -0.05918415278 0.04424694554 0.06803502082 0 -0.09953983965 -0.01319849301 -0.07800670908 0 0.2216944369 0.2352043898 0.5510103626 1


mesh: pSphereShape8 tranform: pSphere8 0.08134857701 -0.1703024002 0.01485123999 0 -0.02956812852 -0.01145873754 0.03056139916 0 -0.06947295296 -0.04036659198 -0.08235013625 0 0.2087032272 -0.1022948419 0.6373189076 1


mesh: pSphereShape10 tranform: pSphere10 0.008954429731 -0.01917406792 0.1822603018 0 0.01601299804 0.1531939873 0.01532952938 0 -0.2217412981 0.02185784995 0.01319360688 0 0.1826526379 1.374838016 0.1229860733 1


mesh: pSphereShape11 tranform: pSphere11 0.00473698721 -0.006353045872 0.04332177016 0 -0.09639325092 0.138276329 0.03081798027 0 -0.09397933869 -0.06565786876 0.0006475144752 0 0.1048950867 1.191638712 0.09039889315 1


mesh: pSphereShape12 tranform: pSphere12 0.04702196231 0.001565954334 0.312918669 0 -0.04028514758 0.1607266536 0.005249274826 0 -0.2500883581 -0.06392092289 0.0379003996 0 0.2218758528 0.7621354523 0.03715231802 1


mesh: pSphereShape13 tranform: pSphere13 0.02659997502 0.006214295906 0.2173763911 0 -0.0573678625 0.1987545342 0.001338067211 0 -0.1865198737 -0.05400054071 0.02436786853 0 0.2371948689 0.5336116975 0.04650949763 1


mesh: pSphereShape14 tranform: pSphere14 0.02393592441 0.006846902834 0.2201573023 0 -0.04584124715 0.2372443128 -0.002394361327 0 -0.186445557 -0.03580989891 0.02138440836 0 0.2692761005 0.3453865711 0.04790900695 1


mesh: pSphereShape15 tranform: pSphere15 0.02623779097 0.02431349445 0.1474845218 0 -0.07863545005 0.3688470543 -0.0468167115 0 -0.1811122391 -0.03381460621 0.03779472073 0 0.3419917516 -0.2463454795 -0.08760918479 1


mesh: pSphereShape16 tranform: pSphere16 0.0143297847 0.0201914738 0.09710932715 0 -0.2237312871 0.2843278547 -0.02610436431 0 -0.06442039592 -0.04888501585 0.01967051957 0 0.5844525173 -0.8918694038 -0.04639778572 1


mesh: pSphereShape17 tranform: pSphere17 0.0107410843 0.006168258707 0.1116867259 0 -0.0277817341 0.1002170793 -0.002862998459 0 -0.2670024332 -0.07316821887 0.02971898512 0 0.6573692259 -1.326567316 -0.007119390609 1


mesh: pSphereShape18 tranform: pSphere18 0.002089182553 -0.001629626984 0.1278155398 0 0.2083642121 0.2914180613 0.0003097577952 0 -0.1188160658 0.08495039306 0.003025186961 0 0.1058386877 -0.193685825 0.2150245244 1


mesh: pSphereShape19 tranform: pSphere19 0.002489310398 -0.001620826878 0.08640054459 0 0.09322683591 0.4199932426 0.005192858519 0 -0.09829281092 0.02177820838 0.003240489086 0 -0.2039314738 -0.8356862631 0.2296449505 1


mesh: pSphereShape20 tranform: pSphere20 0.02252950857 -0.002801907121 0.1131639114 0 0.02386180394 0.07834958733 -0.002810670345 0 -0.2452826564 0.07652196666 0.05072734836 0 -0.511269629 -1.182310896 0.2389272856 1


mesh: pSphereShape21 tranform: pSphere21 0.02852620283 0.008159958047 0.262377661 0 0.0699996856 0.1271810851 -0.0115658381 0 -0.2303960474 0.1287224706 0.02104582531 0 0.351683173 0.1844788694 0.04812325119 1


