mesh: pSphereShape1 tranform: pSphere1 -0.1287110316 0.07015723449 -0.00834072113 0 0.03019118081 0.06135898005 0.0502160807 0 0.04917477702 0.07570424642 -0.1220680675 0 2.012040586 0.08091459609 0.2413957328 1


mesh: pSphereShape2 tranform: pSphere2 -0.1875806163 0.1778389695 -0.02604516304 0 0.08839590301 0.09976605548 0.04457390142 0 0.03811581917 0.02194125454 -0.1246979622 0 1.71738499 0.2710279406 0.2046708066 1


mesh: pSphereShape3 tranform: pSphere3 -0.05083983934 0.270264064 -0.1030099246 0 0.1105122127 0.04415998087 0.06131868151 0 0.07163455285 -0.02803642003 -0.1089130588 0 1.503120142 0.644177051 0.1095855153 1


mesh: pSphereShape4 tranform: pSphere4 -0.05342454517 -0.01336100818 -0.1721501857 0 0.0375272381 0.1420857975 -0.02267372013 0 0.1588229415 -0.04920375993 -0.04546978293 0 1.442365736 0.8988296484 -0.1136261331 1


mesh: pSphereShape5 tranform: pSphere5 -0.04782601056 -0.01514369071 -0.1799264591 0 0.03374412434 0.1328483984 -0.02015079895 0 0.1652668628 -0.0480287312 -0.03988697668 0 1.37301262 0.8934088775 -0.4017074976 1


mesh: pSphereShape6 tranform: pSphere6 -0.1347565033 -0.2050344561 -0.103973641 0 0.04313433268 0.02015937582 -0.09565884584 0 0.07999826174 -0.06402795158 0.02257928243 0 1.218490672 0.6335618285 -0.5636984075 1


mesh: pSphereShape7 tranform: pSphere7 -0.07423773994 -0.2086941519 -0.1189097381 0 0.05036835835 0.02880072884 -0.08199308924 0 0.1034038022 -0.06080649463 0.04216219235 0 1.063291995 0.223013587 -0.7383487488 1


mesh: pSphereShape8 tranform: pSphere8 -0.1478007825 -0.1158598891 -0.02392639976 0 0.01935614138 -0.01735066901 -0.03555095055 0 0.0511099566 -0.07889899531 0.06633414473 0 0.9150102513 -0.0748661356 -0.8460588483 1


mesh: pSphereShape10 tranform: pSphere10 -0.01312436962 -0.01997621635 -0.1819212632 0 0.00420447224 0.1537747505 -0.01718885785 0 0.2225519762 -0.007784105082 -0.01520084776 0 1.463827593 1.321912727 -0.3057013155 1


mesh: pSphereShape11 tranform: pSphere11 -0.00515762546 -0.005813258178 -0.04334952062 0 0.1145378323 0.1238101118 -0.03023063153 0 0.08420617213 -0.07779871482 0.0004143094925 0 1.517511516 1.130180277 -0.2688476173 1


mesh: pSphereShape12 tranform: pSphere12 -0.06041373717 -0.02795372804 -0.3093547801 0 0.02809880593 0.1621370101 -0.02013832713 0 0.2522500054 -0.04928113242 -0.0448086632 0 1.383180487 0.713888271 -0.1982659296 1


mesh: pSphereShape13 tranform: pSphere13 -0.03000938784 -0.01090268386 -0.2167469485 0 0.04546863451 0.2011453138 -0.01641319372 0 0.189025817 -0.04468118641 -0.02392377028 0 1.383066818 0.4846266063 -0.1890573882 1


mesh: pSphereShape14 tranform: pSphere14 -0.01971415867 0.001856846888 -0.2206738553 0 0.05052343428 0.2362901229 -0.002525321451 0 0.1860562376 -0.03996368504 -0.01695782506 0 1.352873808 0.2931599416 -0.1812304799 1


mesh: pSphereShape15 tranform: pSphere15 -0.007749623652 0.01106212584 -0.1511582765 0 0.05899050152 0.3746313323 0.02439207989 0 0.1855503907 -0.02846228901 -0.01159578662 0 1.283190988 -0.3074045841 -0.02306940782 1


mesh: pSphereShape16 tranform: pSphere16 0.004527326778 0.01601689146 -0.09882419877 0 0.3265465799 0.152865589 0.03973535502 0 0.03604335059 -0.07429392641 -0.01038994236 0 0.9702376761 -0.841936029 -0.04743061773 1


mesh: pSphereShape17 tranform: pSphere17 0.02559235637 -0.01436442581 -0.1084713677 0 0.1003546115 0.01715307476 0.02140580468 0 0.03699104162 -0.2723100483 0.044788459 0 0.5720345558 -1.2228993 -0.05911611004 1


mesh: pSphereShape18 tranform: pSphere18 0.005784490358 0.0005705939212 -0.1277107931 0 -0.1966881237 0.2993270512 -0.007571375416 0 0.1219252472 0.08026596895 0.005881058854 0 1.510057083 -0.2465248455 -0.3470460924 1


mesh: pSphereShape19 tranform: pSphere19 0.002630772671 -0.002242790387 -0.08638244485 0 0.06773070767 0.4247878179 -0.008966242405 0 0.09942548916 -0.01578043223 0.00343771309 0 1.685627197 -0.9006462286 -0.3502165976 1


mesh: pSphereShape20 tranform: pSphere20 -0.01806081794 0.0005341419744 -0.1139957097 0 0.0005597247807 0.08194841606 0.0002953005994 0 0.2586690689 -0.00161905791 -0.04098961076 0 1.847099177 -1.321959525 -0.3459129947 1


mesh: pSphereShape21 tranform: pSphere21 -0.02349481387 0.002212941102 -0.2629932752 0 -0.06764492186 0.1287716117 0.00712667972 0 0.2332738519 0.1236366905 -0.0197994607 0 1.267284063 0.1339366809 -0.1790836958 1


