mesh: pSphereShape1 tranform: pSphere1 0.1364282355 0.05419018887 0.00298241784 0 -0.03072391216 0.07805086883 -0.01273537153 0 -0.01124814656 0.02005885481 0.1500700712 0 -0.5347340666 0.8323535428 0.4271448749 1


mesh: pSphereShape2 tranform: pSphere2 0.2541512879 0.02506197757 -0.04765036562 0 -0.01654216035 0.1387348604 -0.01526203184 0 0.02255454621 0.0169010711 0.1291877019 0 -0.1951311695 0.8655980503 0.3880619638 1


mesh: pSphereShape3 tranform: pSphere3 0.2891456834 0.05130688055 -0.0008808650709 0 -0.02318902434 0.1303426585 -0.01990211808 0 -0.003073813741 0.01958663301 0.1318579534 0 0.2687723974 0.9191821157 0.3283572736 1


mesh: pSphereShape4 tranform: pSphere4 0.1797104827 0.00994393289 0.01654223621 0 -0.008880435914 0.148248953 0.007358726126 0 -0.01525946205 -0.009423935633 0.1714397158 0 0.6461829234 1.021522213 0.3443296793 1


mesh: pSphereShape5 tranform: pSphere5 0.1859151892 0.01028329886 0.01483190837 0 -0.008610830697 0.1377101292 0.01245758807 0 -0.01306945656 -0.01668343217 0.1753901887 0 0.9389821426 1.057090453 0.3792128824 1


mesh: pSphereShape6 tranform: pSphere6 0.2648475851 -0.004863441764 -0.02900112088 0 0.002012142529 0.1068331679 0.0004597821986 0 0.01140880088 -0.0006637591232 0.1043001589 0 1.268631825 1.005886736 0.3586428399 1


mesh: pSphereShape7 tranform: pSphere7 0.2490510112 0.0311107762 0.0144820679 0 -0.01274752825 0.09948070044 0.005514612525 0 -0.00639029135 -0.00784500242 0.1267479652 0 1.739552574 1.011917152 0.3987027645 1


mesh: pSphereShape8 tranform: pSphere8 0.1702935932 -0.04245548835 -0.0709836703 0 0.008801361914 0.04291158661 -0.004550579303 0 0.04469916902 0.002072409906 0.1059961664 0 2.086521305 1.024402179 0.3781006565 1


mesh: pSphereShape10 tranform: pSphere10 0.1826931849 0.01554832659 -0.006934987248 0 -0.01217511779 0.1527669422 0.02176777844 0 0.0109859495 -0.03059012223 0.2208270669 0 0.7494398235 1.456258442 0.4627829475 1


mesh: pSphereShape11 tranform: pSphere11 0.04373472028 0.005093283153 0.0009532670717 0 -0.01561181601 0.1095714449 0.1308133004 0 0.008535066352 -0.08713999208 0.07400855037 0 0.7335381578 1.252790614 0.4937373902 1


mesh: pSphereShape12 tranform: pSphere12 0.3149200994 0.01708294708 0.02578981252 0 -0.009394706304 0.1654353819 0.005136057922 0 -0.02078248868 -0.009249032103 0.2599020106 0 0.7673149416 0.8475494125 0.3559255008 1


mesh: pSphereShape13 tranform: pSphere13 0.2176095059 0.0128612294 0.02189436672 0 -0.01445936969 0.2050514165 0.02326091426 0 -0.01809360578 -0.02322364313 0.193475576 0 0.7853226569 0.6198959839 0.386735249 1


mesh: pSphereShape14 tranform: pSphere14 0.2194861132 0.01404148784 0.02679046599 0 -0.01878435874 0.2392198055 0.02851402063 0 -0.02144114155 -0.02412909444 0.1883073332 0 0.7978069449 0.4253240613 0.3752409511 1


mesh: pSphereShape15 tranform: pSphere15 0.1513162481 -0.005607704575 0.01015866927 0 0.01724303534 0.376460197 -0.04902943793 0 -0.01157484998 0.02476501974 0.1860812412 0 0.6072202616 -0.1668798804 0.3976135001 1


mesh: pSphereShape16 tranform: pSphere16 0.09994721854 -0.001228333491 0.007232182711 0 0.0001607527582 0.357977666 0.05857832716 0 -0.006092020656 -0.01340145717 0.08191428298 0 0.5499461478 -0.8680104386 0.42369154 1


mesh: pSphereShape17 tranform: pSphere17 0.1083634957 0.001499533066 0.02970601373 0 -0.002423784255 0.1039456057 0.003594553711 0 -0.07341401577 -0.01099201172 0.2683592063 0 0.4844537097 -1.339256881 0.5490999455 1


mesh: pSphereShape18 tranform: pSphere18 0.1202250984 0.01238379164 0.04167013311 0 0.003039592401 0.3409006124 -0.1100807006 0 -0.04966134192 0.04261987097 0.1306149924 0 0.9723534728 -0.1632584166 0.5035023309 1


mesh: pSphereShape19 tranform: pSphere19 0.08222341335 0.005734700538 0.02608258728 0 -0.08909602588 0.3707152703 0.1993605253 0 -0.0230889694 -0.05068439976 0.08393008353 0 1.051896718 -0.8228570497 0.4877332646 1


mesh: pSphereShape20 tranform: pSphere20 0.1140920905 0.0162891322 0.00625774182 0 -0.01238694778 0.07624218946 0.02737947151 0 -0.0008615755125 -0.08864083852 0.2464437384 0 1.104549036 -1.270591043 0.5013440734 1


mesh: pSphereShape21 tranform: pSphere21 0.2615777555 0.01673427452 0.03192817013 0 0.001803686757 0.1223812187 -0.07891981386 0 -0.03599488838 0.1425265552 0.2201937532 0 0.8210448614 0.2600602109 0.305741894 1


