mesh: pSphereShape1 tranform: pSphere1 -0.0143696795 0.1406905521 -0.03946917409 0 0.08441787038 0.008444426072 -0.0006335773666 0 0.002975693193 -0.04071907915 -0.1462292945 0 3.284732129 -0.08989449257 1.486717567 1


mesh: pSphereShape2 tranform: pSphere2 0.001570582481 0.2510535003 -0.06679229331 0 0.1386414833 0.005118865723 0.02250045578 0 0.02169429794 -0.03366203835 -0.1260160335 0 3.237753571 0.2473721441 1.39436222 1


mesh: pSphereShape3 tranform: pSphere3 0.0008107532787 0.2711094477 -0.1128601266 0 0.1308940419 0.01046603466 0.02608152 0 0.02798799372 -0.05017490529 -0.1203277004 0 3.226957402 0.7004103783 1.257300881 1


mesh: pSphereShape4 tranform: pSphere4 -0.1134164225 0.01641374375 -0.1397701295 0 0.0246193788 0.1466186789 -0.00275939104 0 0.1311450896 -0.02407715471 -0.1092451097 0 3.157091307 0.9842150933 1.053271394 1


mesh: pSphereShape5 tranform: pSphere5 -0.098645372 0.01714521805 -0.1576874168 0 0.02344126702 0.1365426362 0.0001818836601 0 0.1470121767 -0.02511250571 -0.09469766547 0 2.99915627 1.030284573 0.8086197772 1


mesh: pSphereShape6 tranform: pSphere6 0.003107509101 -0.2281451504 -0.1376557122 0 -0.01426117158 0.05456560254 -0.09075681727 0 0.1039784699 0.008273320347 -0.01136461283 0 2.961304535 0.7667552181 0.6127095988 1


mesh: pSphereShape7 tranform: pSphere7 0.08246281706 -0.1640894345 -0.1716932095 0 -0.0139389316 0.06848382278 -0.07214563321 0 0.1188134335 0.04200645972 0.01691898134 0 3.095207087 0.4100480301 0.3427795645 1


mesh: pSphereShape8 tranform: pSphere8 0.01316238097 -0.1838833555 -0.04306647292 0 0.005295081917 0.01032889851 -0.04248354943 0 0.1139392536 0.004569579544 0.01531219527 0 3.207356541 0.1383635049 0.1532352342 1


mesh: pSphereShape10 tranform: pSphere10 -0.1358961165 0.01996875549 -0.1216558205 0 0.01656570108 0.1537532421 0.006732488838 0 0.1480581273 -0.008647953928 -0.1668084051 0 3.148836056 1.431552377 0.936957887 1


mesh: pSphereShape11 tranform: pSphere11 -0.0295898296 0.006949030054 -0.03187050321 0 0.1010159205 0.1208737936 -0.06743188954 0 0.05140504274 -0.07922140143 -0.06499986339 0 3.19442033 1.231310477 0.9117224647 1


mesh: pSphereShape12 tranform: pSphere12 -0.1814001136 0.02806340207 -0.2577558046 0 0.01734823054 0.1647716749 0.005730550961 0 0.2120203152 -0.01706880279 -0.1510713522 0 3.07200251 0.8151838693 0.9581704973 1


mesh: pSphereShape13 tranform: pSphere13 -0.130161474 0.01493041531 -0.1755954013 0 0.02257288994 0.2056359053 0.0007523479636 0 0.1559647496 -0.01669226147 -0.1170293979 0 3.079733447 0.5895034892 0.9194990282 1


mesh: pSphereShape14 tranform: pSphere14 -0.1350716927 0.00916596975 -0.1753871978 0 0.02120358698 0.2406830973 -0.003751188251 0 0.1505138396 -0.01507879717 -0.1167039051 0 3.069425818 0.3950100695 0.9136332448 1


mesh: pSphereShape15 tranform: pSphere15 -0.1001858152 0.00709115473 -0.1137706896 0 -0.04306732417 0.3725984098 0.06114833253 0 0.139653746 0.03595664654 -0.1207371627 0 3.223447066 -0.1873166253 0.9985746875 1


mesh: pSphereShape16 tranform: pSphere16 -0.06539116045 0.008660512493 -0.07544701069 0 0.07380991026 0.3543853945 -0.02329259346 0 0.06075183323 -0.01623645312 -0.05451838107 0 3.250624613 -0.8826349074 0.9642448811 1


mesh: pSphereShape17 tranform: pSphere17 -0.06058771345 0.003564934875 -0.09457147177 0 0.007002017961 0.103798496 -0.0005731261079 0 0.2337480798 -0.01659844475 -0.1503776328 0 3.341845409 -1.354993946 0.8920692568 1


mesh: pSphereShape18 tranform: pSphere18 -0.07379432862 0.009483534702 -0.1039629367 0 -0.07902877407 0.3384249241 0.08696695304 0 0.1148611131 0.04667928949 -0.07727190399 0 3.031442915 -0.1996701944 0.6977023316 1


mesh: pSphereShape19 tranform: pSphere19 -0.05365832507 0.001630347947 -0.06776432666 0 0.2847116797 0.2361258426 -0.2197643703 0 0.04236153075 -0.08418212323 -0.03556878756 0 2.898482395 -0.7540433896 0.7482141534 1


mesh: pSphereShape20 tranform: pSphere20 -0.08524718094 0.01835236769 -0.07561487297 0 0.05109341794 0.04349997629 -0.04704421426 0 0.06717011032 -0.2180183105 -0.1286415537 0 2.702312765 -1.173281954 0.8763857617 1


mesh: pSphereShape21 tranform: pSphere21 -0.1609748776 0.01092376078 -0.2090218323 0 -0.06381440662 0.1186311586 0.05534548505 0 0.1748845007 0.1531746441 -0.1266794365 0 3.012089774 0.2262240325 0.9437349357 1


