mesh: pSphereShape1 tranform: pSphere1 -0.1170595676 0.0884994659 0.004799686639 0 0.03882061492 0.0482013118 0.05803171538 0 0.05977347521 0.0850637254 -0.1106399522 0 -2.98254742 0.2137878313 0.53566534 1


mesh: pSphereShape2 tranform: pSphere2 -0.1780215179 0.189208519 0.0001126447788 0 0.09884070548 0.0929749298 0.03660753408 0 0.0250449774 0.02364019034 -0.1276624714 0 -3.260301292 0.4317070261 0.5349125957 1


mesh: pSphereShape3 tranform: pSphere3 -0.07455574878 0.2718921703 -0.08218568109 0 0.1165416214 0.04616624653 0.04700810485 0 0.05621696456 -0.0205983146 -0.1191426319 0 -3.485891441 0.8164599045 0.4808345063 1


mesh: pSphereShape4 tranform: pSphere4 -0.0684100998 0.006891074587 -0.1671554855 0 0.03132622042 0.1451988987 -0.00683467504 0 0.1553637327 -0.03658322315 -0.06509236685 0 -3.578733586 1.090648601 0.2823099983 1


mesh: pSphereShape5 tranform: pSphere5 -0.05796115222 0.005876086355 -0.1774715914 0 0.02951885516 0.1352605132 -0.005162203109 0 0.1636725412 -0.03780727105 -0.05470626473 0 -3.667449391 1.119039534 0.001490232155 1


mesh: pSphereShape6 tranform: pSphere6 -0.04441132833 -0.2226117674 -0.1395729069 0 0.05230529402 0.04178164044 -0.08328287109 0 0.08980736114 -0.04053125111 0.03606910076 0 -3.736251111 0.8523116385 -0.1977357407 1


mesh: pSphereShape7 tranform: pSphere7 0.05560328591 -0.2066286784 -0.1319730303 0 0.05151859631 0.05583261917 -0.06571052472 0 0.1054678006 -0.0158374527 0.06923254069 0 -3.687234434 0.4382953786 -0.4100954137 1


mesh: pSphereShape8 tranform: pSphere8 -0.06872300272 -0.1732723463 -0.0330892842 0 0.02382127855 -0.002388853372 -0.03696506563 0 0.08729448994 -0.04593228561 0.05922326441 0 -3.660308776 0.1181359789 -0.5478688448 1


mesh: pSphereShape10 tranform: pSphere10 -0.02679446388 -0.01548850597 -0.1808557635 0 -0.01290471708 0.1538389536 -0.01126290109 0 0.2200280076 0.01597025399 -0.03396567384 0 -3.614351204 1.533233829 0.1126434728 1


mesh: pSphereShape11 tranform: pSphere11 -0.008806629726 -0.003838221176 -0.04298008074 0 0.0993238485 0.1358000526 -0.03247874295 0 0.09056412364 -0.06919855471 -0.01237702062 0 -3.537995859 1.346551103 0.1378128828 1


mesh: pSphereShape12 tranform: pSphere12 -0.08803789334 0.009027613268 -0.3038082324 0 0.02429939146 0.1639766457 -0.002168965226 0 0.2476600123 -0.03766436133 -0.0728863891 0 -3.642429771 0.9161254423 0.1804485819 1


mesh: pSphereShape13 tranform: pSphere13 -0.05676818356 0.01117791518 -0.2113080668 0 0.04419942628 0.2020921478 -0.001183827298 0 0.1843360195 -0.04061867655 -0.05167078225 0 -3.641135107 0.6868430043 0.1625851954 1


mesh: pSphereShape14 tranform: pSphere14 -0.05212278859 0.01132666007 -0.2150441071 0 0.04833617114 0.2367595023 0.0007546283159 0 0.1817166445 -0.03695218366 -0.04599113736 0 -3.670060582 0.4946475488 0.1608492892 1


mesh: pSphereShape15 tranform: pSphere15 -0.0267445474 0.01854122807 -0.1482302395 0 0.02532433602 0.3767900046 0.04256123129 0 0.184710191 -0.00852952175 -0.03439337536 0 -3.673339517 -0.09709883893 0.3061292693 1


mesh: pSphereShape16 tranform: pSphere16 -0.01640800898 0.01504433569 -0.09771235832 0 0.1394158939 0.333707101 0.02796846229 0 0.07561602641 -0.03013770556 -0.01733772706 0 -3.786502948 -0.788456397 0.2684968892 1


mesh: pSphereShape17 tranform: pSphere17 0.003739257394 0.001167337967 -0.1123031537 0 0.04739509555 0.09257826899 0.002540379147 0 0.2476920743 -0.1269951057 0.006927127032 0 -3.788779908 -1.310869457 0.2535253345 1


mesh: pSphereShape18 tranform: pSphere18 -0.01603996992 -0.003940026503 -0.1267715589 0 -0.1732881422 0.3133095919 0.01218797424 0 0.1265433392 0.07069806955 -0.01820837136 0 -3.551208675 -0.06969968743 -0.01282057731 1


mesh: pSphereShape19 tranform: pSphere19 -0.01198350678 -0.003613999883 -0.08554070623 0 -0.009363453233 0.4298151009 -0.01684747277 0 0.09973219163 0.001622317702 -0.01404015122 0 -3.346194706 -0.744649387 -0.0331611912 1


mesh: pSphereShape20 tranform: pSphere20 -0.02892645761 -0.01634031046 -0.1105339521 0 -0.007822099958 0.08097093855 -0.009922965842 0 0.2523076922 0.0159924041 -0.06839245739 0 -3.113988793 -1.14809571 -0.04412272749 1


mesh: pSphereShape21 tranform: pSphere21 -0.06211856346 0.01349881446 -0.2562838899 0 -0.06653350795 0.1275156682 0.02284293517 0 0.2271237235 0.1271675337 -0.04835258468 0 -3.753543822 0.3344722886 0.1683788659 1


