mesh: pSphereShape1 tranform: pSphere1 -0.01923978363 0.1390092078 0.04317876449 0 -0.05427344326 0.01237580698 -0.06402592717 0 -0.1149853058 -0.04357461552 0.08904794811 0 3.54991848 -0.05163476441 -0.4200627861 1


mesh: pSphereShape2 tranform: pSphere2 -0.05818826205 0.2464973325 0.0578336272 0 -0.09198888127 0.003205498963 -0.1062153693 0 -0.09548398068 -0.04164710582 0.08143797703 0 3.508999113 0.2810123264 -0.3095676229 1


mesh: pSphereShape3 tranform: pSphere3 -0.08960224869 0.2634583751 0.09380575537 0 -0.083950075 0.008457575834 -0.1039417533 0 -0.09556753946 -0.05829627113 0.07244304364 0 3.402680422 0.7248715748 -0.1841271739 1


mesh: pSphereShape4 tranform: pSphere4 -0.01672083898 -0.004999946106 0.1798994138 0 -0.02113818833 0.1471714093 0.002125637117 0 -0.1698778554 -0.02416175942 -0.01646090835 0 3.299948212 0.9856042888 0.02738929798 1


mesh: pSphereShape5 tranform: pSphere5 -0.05250871661 -0.005684174828 0.1791667217 0 -0.01825173359 0.1373291932 -0.0009922153044 0 -0.1679367503 -0.02268043005 -0.04993707913 0 3.228846552 0.9962193376 0.311913385 1


mesh: pSphereShape6 tranform: pSphere6 -0.1258817251 -0.2240690892 0.07039741438 0 -0.0490028086 0.0524069622 0.0791822009 0 -0.0789745622 0.02401827211 -0.06477086992 0 3.088860365 0.728815879 0.446851669 1


mesh: pSphereShape7 tranform: pSphere7 -0.2203694599 -0.1180419848 0.02659713968 0 -0.02842728892 0.06836451163 0.06787859002 0 -0.04950021384 0.07151140947 -0.09275383391 0 2.744490438 0.4286246077 0.4866286745 1


mesh: pSphereShape8 tranform: pSphere8 -0.09675202739 -0.1615948302 -0.01916282463 0 -0.02759043673 0.01273929406 0.03187560505 0 -0.06771089753 0.04985352389 -0.0785325308 0 2.461225508 0.2238631326 0.4928328908 1


mesh: pSphereShape10 tranform: pSphere10 0.006724286243 -0.001498699157 0.1833553441 0 0.001176304122 0.154780268 0.001221994661 0 -0.223049884 0.001630455026 0.008193351745 0 3.249764147 1.422385976 0.1709145075 1


mesh: pSphereShape11 tranform: pSphere11 -0.001207954985 0.0007700338241 0.04401731366 0 -0.1095668013 0.1316384187 -0.005309678836 0 -0.08808937506 -0.07336529985 -0.001133968278 0 3.191201392 1.230777778 0.1371368761 1


mesh: pSphereShape12 tranform: pSphere12 -0.04331192136 -0.00986555426 0.3133023441 0 -0.01381988447 0.1651716927 0.003290574 0 -0.2575234066 -0.0208246257 -0.03625660714 0 3.299275556 0.8026570328 0.1343183702 1


mesh: pSphereShape13 tranform: pSphere13 -0.02972821956 -0.01658040317 0.2164254947 0 -0.03223564501 0.2040381615 0.01120351671 0 -0.1914794498 -0.02868664826 -0.02849931949 0 3.279384398 0.5734741562 0.1279094283 1


mesh: pSphereShape14 tranform: pSphere14 -0.02822081501 -0.007518145644 0.2196272055 0 -0.03075749243 0.2396412354 0.004251095413 0 -0.1879308896 -0.02367781879 -0.02495854804 0 3.295196973 0.3803563243 0.1206543724 1


mesh: pSphereShape15 tranform: pSphere15 0.0119469631 -0.004319313784 0.1512278594 0 0.1537190696 0.347547147 -0.002217255942 0 -0.1713672357 0.07589541663 0.01570566541 0 3.16682342 -0.1800290704 -0.0420907818 1


mesh: pSphereShape16 tranform: pSphere16 0.008072477105 0.0002449966428 0.09989011389 0 0.03100858045 0.3613950966 -0.003392294072 0 -0.08265047525 0.007154143747 0.0066617336 0 2.949615163 -0.8463243912 -0.07173284863 1


mesh: pSphereShape17 tranform: pSphere17 -0.005132668403 -0.0003016210425 0.1122537652 0 0.005686842539 0.1038790337 0.0005391425344 0 -0.2777295691 0.01526996007 -0.01265782079 0 2.708743489 -1.301609291 -0.09115758046 1


mesh: pSphereShape18 tranform: pSphere18 -0.0003378817844 -0.01812758347 0.1265508164 0 -0.04656267233 0.3516355577 0.05024519339 0 -0.1448526056 -0.01874213067 -0.003071434907 0 3.357965412 -0.2174753487 0.2544141779 1


mesh: pSphereShape19 tranform: pSphere19 0.0007888381114 -0.01172626425 0.08564899482 0 -0.2054016122 0.3742982067 0.05313720624 0 -0.08850390911 -0.0477553367 -0.005723084576 0 3.559287856 -0.8996549952 0.1761469274 1


mesh: pSphereShape20 tranform: pSphere20 0.01856196438 0.002052115614 0.1138979481 0 -0.01301187012 0.08090856144 0.000662805158 0 -0.255125795 -0.04137653419 0.0423233731 0 3.533282215 -1.313699181 0.1315940414 1


mesh: pSphereShape21 tranform: pSphere21 -0.03363282232 -0.008959927508 0.2617459056 0 0.07769864794 0.122355308 0.014172216 0 -0.2213708121 0.143302475 -0.02353941465 0 3.366182156 0.2142678796 0.1282696407 1


