mesh: pSphereShape1 tranform: pSphere1 0.06190166183 0.1166590076 0.06416381413 0 -0.07610077967 0.03699958834 0.006147226062 0 -0.02019380508 -0.06414903112 0.1361139845 0 0.7735422225 0.1335376216 -0.2543619006 1


mesh: pSphereShape2 tranform: pSphere2 0.08629794823 0.2164351967 0.1148912833 0 -0.1302598041 0.05276269906 -0.001554089298 0 -0.02317040094 -0.05370994371 0.1185841075 0 0.9345303605 0.4090999547 -0.1039656887 1


mesh: pSphereShape3 tranform: pSphere3 0.08061967305 0.2241604047 0.1717293784 0 -0.1235896744 0.0507940483 -0.008281956745 0 -0.03588083822 -0.06971876192 0.1078492656 0 1.09014504 0.7915832708 0.1245442194 1


mesh: pSphereShape4 tranform: pSphere4 0.1413609476 -0.01380068459 0.1117810744 0 -0.003609299239 0.1469093372 0.02270208441 0 -0.1073333475 -0.02317041968 0.1328755886 0 1.258934188 1.016639156 0.3636109889 1


mesh: pSphereShape5 tranform: pSphere5 0.1428712051 -0.01464892434 0.1194295487 0 -0.002765992586 0.137043857 0.02011835273 0 -0.1137488358 -0.02187807064 0.1333919722 0 1.482768486 1.012939357 0.5582153656 1


mesh: pSphereShape6 tranform: pSphere6 0.1645225813 -0.2093181959 0.01127716642 0 0.05062009928 0.04426103487 0.08304307448 0 -0.06589283712 -0.04824204572 0.06587839936 0 1.694348782 0.7495707253 0.6141002352 1


mesh: pSphereShape7 tranform: pSphere7 0.1397858341 -0.1975413107 0.06812758644 0 0.0352900673 0.05199680852 0.07835983181 0 -0.09577826421 -0.04304781707 0.07169962418 0 1.927791491 0.3494425459 0.7062512455 1


mesh: pSphereShape8 tranform: pSphere8 0.09877124937 -0.1494303313 -0.06128518732 0 0.03094512974 0.008031690708 0.03028971606 0 -0.05566634855 -0.06745449211 0.07475725394 0 2.122862792 0.06171588571 0.7455473217 1


mesh: pSphereShape10 tranform: pSphere10 0.1742629013 -0.008643376361 0.05678360332 0 0.007524724699 0.1546059262 0.000440916907 0 -0.06902435899 0.002754135647 0.2122477156 0 1.375785645 1.447023666 0.4884193994 1


mesh: pSphereShape11 tranform: pSphere11 0.03914496128 -9.416790994e-05 0.0201801672 0 -0.05095828599 0.1298998163 0.09945371146 0 -0.03996622354 -0.07476611566 0.07717655104 0 1.305779041 1.254667773 0.5264386876 1


mesh: pSphereShape12 tranform: pSphere12 0.228372197 -0.02431681152 0.2176842734 0 0.003461087468 0.1650823909 0.01480980314 0 -0.180510913 -0.01307344083 0.1879132964 0 1.338915193 0.828693388 0.419791445 1


mesh: pSphereShape13 tranform: pSphere13 0.1517626523 -0.01688217814 0.1571042997 0 -0.002015569774 0.2054627178 0.02402573593 0 -0.1411313725 -0.01711151504 0.1344940387 0 1.310129381 0.6014825313 0.4343484173 1


mesh: pSphereShape14 tranform: pSphere14 0.1491275058 -0.003440869653 0.1638236667 0 -0.01172958055 0.2408460365 0.01573596148 0 -0.1409933259 -0.01523128147 0.1280253006 0 1.307467902 0.4072136031 0.4245177235 1


mesh: pSphereShape15 tranform: pSphere15 0.107858943 -0.02456619912 0.1038951497 0 0.1348279288 0.3506998959 -0.05704823022 0 -0.1142504893 0.06574704886 0.1341553686 0 1.060173045 -0.1568282643 0.3532824754 1


mesh: pSphereShape16 tranform: pSphere16 0.07090503011 -0.007623579684 0.07041035081 0 -0.06256386907 0.3429829681 0.1001394103 0 -0.05703692853 -0.02634130533 0.05458558366 0 0.9277704466 -0.8066216948 0.3219096052 1


mesh: pSphereShape17 tranform: pSphere17 0.04503614408 -0.02851415536 0.09892437376 0 -0.004673897387 0.09927952362 0.03074435511 0 -0.2547899475 -0.04398929362 0.1033156829 0 0.8078196836 -1.280765356 0.2572759586 1


mesh: pSphereShape18 tranform: pSphere18 0.06806248602 -0.009024964495 0.1078419241 0 0.06225685774 0.3526594341 -0.009779291749 0 -0.1210328545 0.02353944547 0.07835764894 0 1.373140151 -0.1928080889 0.5589622116 1


mesh: pSphereShape19 tranform: pSphere19 0.0471779669 -0.006579424708 0.0721444971 0 -0.09705897352 0.4069100539 0.1005798002 0 -0.08129150041 -0.03181301252 0.05025825309 0 1.38133323 -0.8974573657 0.5130694271 1


mesh: pSphereShape20 tranform: pSphere20 0.07305243664 0.001873039309 0.08933830924 0 -0.004382026933 0.08181229716 0.001867956733 0 -0.2022816415 -0.01461820463 0.1657133138 0 1.282615729 -1.31705812 0.537311785 1


mesh: pSphereShape21 tranform: pSphere21 0.1777262246 -0.004100737617 0.1952407212 0 0.06353733175 0.1187810571 -0.05534275883 0 -0.1581050492 0.1531271187 0.1471380942 0 1.35575671 0.2381148537 0.3826123079 1


