mesh: pSphereShape1 tranform: pSphere1 -0.01046331669 0.1428932865 -0.03209614495 0 0.05902408702 0.01743878373 0.05839634034 0 0.1085209358 -0.0156419668 -0.1050163802 0 1.105435735 -0.1085367003 1.772590691 1


mesh: pSphereShape2 tranform: pSphere2 0.002145854095 0.2567177129 -0.03978628396 0 0.09726611108 0.01474371226 0.1003785872 0 0.09544185755 -0.01479400684 -0.09030949719 0 1.070830212 0.2324684964 1.688837174 1


mesh: pSphereShape3 tranform: pSphere3 0.03376765315 0.2820778231 -0.07436562022 0 0.08808779244 0.01570860341 0.09958320325 0 0.09923283916 -0.03362229303 -0.0824741744 0 1.080773014 0.6961930749 1.597342474 1


mesh: pSphereShape4 tranform: pSphere4 0.01057242655 0.01137272027 -0.1800757341 0 0.01917621838 0.1470869204 0.01041515988 0 0.1706382362 -0.02285387493 0.008575000406 0 1.132568908 0.983661245 1.405538343 1


mesh: pSphereShape5 tranform: pSphere5 0.02961812928 0.01173440832 -0.1840523279 0 0.01589699728 0.1371602945 0.01130294979 0 0.1732489406 -0.02226022166 0.0264604042 0 1.176789209 1.021547501 1.115982572 1


mesh: pSphereShape6 tranform: pSphere6 0.07993572935 -0.2350046265 -0.09691267237 0 0.05335422582 0.05022102752 -0.07777378002 0 0.0852856215 0.003855216049 0.06099692234 0 1.265617153 0.7484955642 0.9497012588 1


mesh: pSphereShape7 tranform: pSphere7 0.1578041592 -0.1809596153 -0.07453510463 0 0.04330423954 0.06413799141 -0.06403421806 0 0.08241693701 0.03462801063 0.09041999741 0 1.515922634 0.3681147099 0.8394924224 1


mesh: pSphereShape8 tranform: pSphere8 0.01403891096 -0.187620234 -0.02103840709 0 0.03265400206 0.005694958809 -0.02899757926 0 0.07672924344 -0.00386235643 0.08564580134 0 1.693511643 0.07434220445 0.7721222796 1


mesh: pSphereShape10 tranform: pSphere10 0.01349004199 0.01458587287 -0.1824059083 0 0.002404036292 0.1542642053 0.01251334816 0 0.2225752024 -0.004772869328 0.0160791522 0 1.195184897 1.429705471 1.309133578 1


mesh: pSphereShape11 tranform: pSphere11 0.004437673441 0.005042516996 -0.04352534993 0 0.1149302603 0.1243790241 0.02612744777 0 0.08424477745 -0.07775688374 -0.0004190568576 0 1.247810377 1.23155157 1.328472437 1


mesh: pSphereShape12 tranform: pSphere12 0.03840593325 0.0192053738 -0.3135087693 0 0.009097343959 0.1651502274 0.0112314684 0 0.2585708206 -0.01632960859 0.0306754974 0 1.134015409 0.811067521 1.282743745 1


mesh: pSphereShape13 tranform: pSphere13 0.0223976956 0.01286876207 -0.2175578308 0 0.01713002455 0.2056908703 0.01393036478 0 0.1940016055 -0.01743931334 0.01894101681 0 1.165182204 0.5847637224 1.263807627 1


mesh: pSphereShape14 tranform: pSphere14 0.01971319569 0.006275336198 -0.2205925121 0 0.01855418451 0.2407807665 0.00850773452 0 0.1897298745 -0.0152040938 0.01652264308 0 1.160974519 0.390307814 1.254948403 1


mesh: pSphereShape15 tranform: pSphere15 -0.004592035584 0.0002314016183 -0.1516908419 0 -0.0814341748 0.3711910202 0.003031447551 0 0.1836215439 0.04032892056 -0.005497131373 0 1.223740703 -0.1819899559 1.438739528 1


mesh: pSphereShape16 tranform: pSphere16 -0.002132770638 0.004779586851 -0.1000793016 0 0.07727997653 0.3540823217 0.01526336336 0 0.08129657772 -0.01763234273 -0.002574580991 0 1.27149528 -0.8731775082 1.458934238 1


mesh: pSphereShape17 tranform: pSphere17 0.02357441207 -0.002361206004 -0.1098454134 0 0.002533116302 0.1039913741 -0.001691725885 0 0.2721562629 -0.005677255153 0.05853070106 0 1.380260127 -1.337025079 1.498351416 1


mesh: pSphereShape18 tranform: pSphere18 0.02423362791 0.005891174216 -0.1253868331 0 -0.09122024324 0.3464350777 -0.001353316222 0 0.1385361885 0.0365894426 0.02849413401 0 1.253766346 -0.2199567488 1.091533668 1


mesh: pSphereShape19 tranform: pSphere19 0.01176597702 -0.0003824395376 -0.08564632728 0 0.3666649755 0.2196129056 0.04939129501 0 0.05088531758 -0.08661713025 0.007377330852 0 1.087749298 -0.7718019949 1.038533353 1


mesh: pSphereShape20 tranform: pSphere20 -0.006444509157 0.008558527787 -0.114920495 0 0.07525903054 0.03238442061 -0.001808594261 0 0.1026199137 -0.2397999479 -0.02361345111 0 0.8196928734 -1.186489782 1.004566732 1


mesh: pSphereShape21 tranform: pSphere21 0.02349366622 0.007478780019 -0.2628963325 0 -0.0842195251 0.1187375885 -0.004148453106 0 0.2147039226 0.1531101308 0.0235425851 0 1.098124865 0.2214304976 1.240366462 1


