mesh: pSphereShape1 tranform: pSphere1 -0.1023929932 0.0982346063 -0.03773290217 0 0.03290577297 0.05547102628 0.05512043125 0 0.0915027405 0.05365393991 -0.1086204767 0 -5.732074501 0.2402964458 0.8286122234 1


mesh: pSphereShape2 tranform: pSphere2 -0.1443261915 0.2003847147 -0.08066879054 0 0.106521267 0.08761022558 0.02704814661 0 0.04522101224 -0.01698103252 -0.1230874513 0 -5.969979481 0.4790472324 0.7235370848 1


mesh: pSphereShape3 tranform: pSphere3 0.004173934079 0.2425380023 -0.1655182583 0 0.115693335 0.03660338245 0.05655332353 0 0.0670684583 -0.06574760184 -0.09465029927 0 -6.102599774 0.8541501204 0.5293051734 1


mesh: pSphereShape4 tranform: pSphere4 0.03021518257 -0.02074480194 -0.1769889288 0 0.04864106496 0.1402803616 -0.008138303731 0 0.1603228403 -0.05363804116 0.033656876 0 -6.045202034 1.08249066 0.2612136431 1


mesh: pSphereShape5 tranform: pSphere5 0.04940095975 -0.02437045358 -0.1784819753 0 0.04668896144 0.1303449026 -0.004874917438 0 0.1596341058 -0.05524560488 0.05172756785 0 -5.964365192 1.062447618 -0.02199339266 1


mesh: pSphereShape6 tranform: pSphere6 0.0278276012 -0.2485307518 -0.09201658217 0 0.08454732413 0.0308016852 -0.0576245785 0 0.06321822023 -0.02275905154 0.0805891225 0 -5.930662979 0.7626502308 -0.1726764122 1


mesh: pSphereShape7 tranform: pSphere7 0.189538511 -0.1604320538 0.0392520807 0 0.06188670475 0.06069924652 -0.05074403842 0 0.02899471724 0.0606597762 0.1079218443 0 -5.715544108 0.3867183265 -0.1654632908 1


mesh: pSphereShape8 tranform: pSphere8 0.05437978411 -0.1779930376 0.03467528592 0 0.03869140899 0.008033173248 -0.01944271091 0 0.04391116465 0.03310365966 0.1010616407 0 -5.490290778 0.1293384094 -0.09328989097 1


mesh: pSphereShape10 tranform: pSphere10 0.03270615057 -0.02738668703 -0.1784570576 0 -0.0005743249598 0.1529815349 -0.02358237569 0 0.219630115 0.006867006257 0.03919817548 0 -5.96909472 1.502552554 0.067687628 1


mesh: pSphereShape11 tranform: pSphere11 0.008605659557 -0.005930543051 -0.04278255827 0 0.113533154 0.1282434031 0.005059880883 0 0.08289550281 -0.07445200833 0.02699491015 0 -5.914867773 1.313887429 0.1360990263 1


mesh: pSphereShape12 tranform: pSphere12 0.07410064975 -0.04079118141 -0.3049209467 0 0.04205717414 0.1599678769 -0.01117933941 0 0.2448535795 -0.05965835835 0.06748419377 0 -6.067780561 0.89494583 0.1653873167 1


mesh: pSphereShape13 tranform: pSphere13 0.05092639881 -0.03573505866 -0.2100670823 0 0.07487079075 0.1922980901 -0.01456146174 0 0.1766732912 -0.0647104551 0.05383883223 0 -6.09232746 0.6661307925 0.1854309922 1


mesh: pSphereShape14 tranform: pSphere14 0.05215138023 -0.03148698324 -0.2130207731 0 0.08822160359 0.2246645893 -0.011609815 0 0.1720870197 -0.06490250076 0.05172340421 0 -6.153086913 0.4809781577 0.1994583537 1


mesh: pSphereShape15 tranform: pSphere15 0.02870202684 -0.02106514823 -0.1475252691 0 -0.01548030696 0.3754696275 -0.05662514358 0 0.1845251729 0.01274753685 0.03408038326 0 -6.223614596 -0.07564505216 0.4458230925 1


mesh: pSphereShape16 tranform: pSphere16 0.02690100242 -0.002883577212 -0.09649497818 0 0.2819690064 0.2164925221 0.07213822059 0 0.04735131587 -0.06673551064 0.01519493437 0 -6.428603019 -0.6515540193 0.4853327715 1


mesh: pSphereShape17 tranform: pSphere17 0.05018863432 -0.02814482254 -0.09652104953 0 0.08669031227 0.04848824445 0.03093807373 0 0.09072827282 -0.2362690203 0.116070824 0 -6.733167844 -1.093578076 0.4831385294 1


mesh: pSphereShape18 tranform: pSphere18 0.02158341608 -0.01780217771 -0.1247440227 0 -0.0009689185858 0.3546280256 -0.05077649067 0 0.1439947542 0.003881389829 0.02436029748 0 -6.18734855 -0.1334555552 0.09223589857 1


mesh: pSphereShape19 tranform: pSphere19 0.01315899283 -0.01232962873 -0.08454997939 0 0.1976196896 0.3813674471 -0.02485681214 0 0.08815109704 -0.04436289672 0.02018874176 0 -6.326385223 -0.8231270325 0.1508790432 1


mesh: pSphereShape20 tranform: pSphere20 -0.002168412466 0.004325832799 -0.1153173249 0 0.02747708332 0.07717057432 0.002378179963 0 0.2466926185 -0.08759229309 -0.007924576504 0 -6.308208137 -1.275993561 0.1984503214 1


mesh: pSphereShape21 tranform: pSphere21 0.06215263821 -0.0375253554 -0.2538725338 0 -0.04338658265 0.1355951779 -0.03066439564 0 0.2449282703 0.08895688711 0.04681404163 0 -6.260744531 0.3360413558 0.190216024 1


