mesh: pSphereShape1 tranform: pSphere1 0.01047147663 0.1367804553 0.0523410933 0 -0.05894464647 0.02569270044 -0.05534889691 0 -0.1086582741 -0.03053792746 0.1015417116 0 3.559116758 -0.02425549328 -0.5154442849 1


mesh: pSphereShape2 tranform: pSphere2 -0.008671378671 0.2477970007 0.077543477 0 -0.1031056756 0.02522082485 -0.09212526167 0 -0.08975101124 -0.03184596253 0.09173007546 0 3.588958129 0.301858463 -0.3838898299 1


mesh: pSphereShape3 tranform: pSphere3 -0.04605290348 0.2659198453 0.1157763538 0 -0.09373797733 0.02404330679 -0.09251024144 0 -0.09287549147 -0.05125731023 0.08078635795 0 3.562379012 0.745773151 -0.2252525313 1


mesh: pSphereShape4 tranform: pSphere4 0.007092273988 -0.008390202336 0.1804097812 0 -0.02415116159 0.146516948 0.007763401104 0 -0.1699519255 -0.02829834981 0.005365101234 0 3.512795367 1.00531336 0.007923480892 1


mesh: pSphereShape5 tranform: pSphere5 -0.02584465916 -0.009424501739 0.1847523253 0 -0.02024592482 0.1369899579 0.004155904772 0 -0.1730514764 -0.02480271956 -0.02547307424 0 3.482448556 1.010123764 0.3000203444 1


mesh: pSphereShape6 tranform: pSphere6 -0.0595733687 -0.2415474289 0.09547153875 0 -0.04653974381 0.04506468214 0.08497536435 0 -0.09149007261 0.002281165636 -0.05131751512 0 3.416083592 0.7224499892 0.4601273097 1


mesh: pSphereShape7 tranform: pSphere7 -0.1635127576 -0.1759174373 0.07430107843 0 -0.03524921969 0.06246452146 0.07032066735 0 -0.08565796516 0.04470895063 -0.08265137202 0 3.174552166 0.3425884089 0.5719861828 1


mesh: pSphereShape8 tranform: pSphere8 -0.03756613921 -0.1855506148 -0.0009013009178 0 -0.02223322891 0.004317818744 0.03777057033 0 -0.09665712103 0.01985636802 -0.05916606702 0 2.980009968 0.06000789533 0.6407322301 1


mesh: pSphereShape10 tranform: pSphere10 0.01744107583 -0.007214239424 0.1825113913 0 0.008708861135 0.1544543937 0.005272980837 0 -0.221840439 0.01176878458 0.02166461349 0 3.49579306 1.440649281 0.167202459 1


mesh: pSphereShape11 tranform: pSphere11 0.001763039814 -0.0009168217613 0.04399576273 0 -0.1061719468 0.1343112635 0.007053516962 0 -0.08986887531 -0.07115186537 0.002118586449 0 3.424540307 1.250838953 0.1334518198 1


mesh: pSphereShape12 tranform: pSphere12 -0.01841856807 -0.01607126654 0.3154902237 0 -0.01546940689 0.1648878619 0.007496373187 0 -0.2593130146 -0.02358527275 -0.01634034663 0 3.528869329 0.8206392284 0.1105327497 1


mesh: pSphereShape13 tranform: pSphere13 -0.01643639278 -0.0157264588 0.2179018014 0 -0.03959041865 0.2027146805 0.01164405427 0 -0.1915234712 -0.03642393707 -0.01707546482 0 3.514360433 0.5904267814 0.103511672 1


mesh: pSphereShape14 tranform: pSphere14 -0.01942104811 -0.005305515571 0.2206438776 0 -0.04098070294 0.2381346442 0.002118974995 0 -0.1875401319 -0.03212011172 -0.01727960784 0 3.537932699 0.3978742878 0.09685107432 1


mesh: pSphereShape15 tranform: pSphere15 0.01757258242 -0.004916152262 0.150659509 0 0.1261744795 0.3584611129 -0.003019802952 0 -0.176068067 0.06216416986 0.02256465035 0 3.431449534 -0.172202443 -0.06740401091 1


mesh: pSphereShape16 tranform: pSphere16 0.006898196774 0.009412870053 0.09953427812 0 -0.2244349704 0.2847438175 -0.01137356884 0 -0.06513208426 -0.05096427059 0.009333608556 0 3.459819427 -0.7852630379 -0.08823011323 1


mesh: pSphereShape17 tranform: pSphere17 -0.002023358211 0.004211203026 0.112274284 0 -0.06559995476 0.08063766733 -0.004206785197 0 -0.2160501027 -0.1756194843 0.002693604835 0 3.592319393 -1.280952642 -0.08487185962 1


mesh: pSphereShape18 tranform: pSphere18 -0.004347492117 -0.01273393656 0.1271329177 0 0.02086676021 0.3557857349 0.03634991738 0 -0.1457596858 0.008966272659 -0.00408637784 0 3.532397994 -0.2028743962 0.2425269925 1


mesh: pSphereShape19 tranform: pSphere19 -0.001782926431 -0.008408990708 0.08602318235 0 -0.1398473614 0.4052250983 0.03671331893 0 -0.09523650131 -0.03240130765 -0.005141195179 0 3.607683559 -0.9110735664 0.1923556816 1


mesh: pSphereShape20 tranform: pSphere20 0.02299276936 0.006710601067 0.1129061587 0 -0.005544763514 0.08167815142 -0.003725394845 0 -0.2560397272 -0.01496263254 0.05303050537 0 3.515563501 -1.33080185 0.1726024437 1


mesh: pSphereShape21 tranform: pSphere21 -0.02314549245 -0.006322973398 0.2629575486 0 0.07278183325 0.1257879801 0.009430896496 0 -0.2281424593 0.1332701824 -0.0168765102 0 3.616324701 0.235129475 0.1039980988 1


