mesh: pSphereShape1 tranform: pSphere1 -0.1333137833 0.06151988008 0.0009350774012 0 0.02822352888 0.06036226022 0.05251586951 0 0.03868762341 0.08564856422 -0.1192371418 0 -2.163962784 0.1229707993 0.4838788056 1


mesh: pSphereShape2 tranform: pSphere2 -0.2066387318 0.1569928582 -0.01205048575 0 0.08128055083 0.1095761127 0.03377101946 0 0.023981288 0.02172403456 -0.128206007 0 -2.47669049 0.2858617146 0.4698918324 1


mesh: pSphereShape3 tranform: pSphere3 -0.07435267178 0.2632795515 -0.1067424756 0 0.1121677224 0.05235284525 0.05099622933 0 0.0644897499 -0.02774790217 -0.1133610625 0 -2.724600031 0.6345576797 0.3847363231 1


mesh: pSphereShape4 tranform: pSphere4 -0.06639026973 -0.01215733065 -0.1676690681 0 0.03962236733 0.1409593158 -0.02590954143 0 0.1536051824 -0.05364161487 -0.05693209101 0 -2.814080177 0.884242174 0.1600739755 1


mesh: pSphereShape5 tranform: pSphere5 -0.06368275436 -0.0137933689 -0.1750555315 0 0.03495445124 0.1320493788 -0.02312067201 0 0.1599881946 -0.05182562747 -0.05411790657 0 -2.907380784 0.8807292569 -0.1214164362 1


mesh: pSphereShape6 tranform: pSphere6 -0.1634401684 -0.1939557137 -0.08171568912 0 0.02903782978 0.0181730465 -0.1012132931 0 0.07781129894 -0.06970160471 0.00980879803 0 -3.096688804 0.6318031479 -0.2601823735 1


mesh: pSphereShape7 tranform: pSphere7 -0.1178122848 -0.1961925066 -0.1040806552 0 0.03853193593 0.02434657717 -0.08950896202 0 0.1011824207 -0.07329085502 0.02362191502 0 -3.316927225 0.2396432284 -0.4070534638 1


mesh: pSphereShape8 tranform: pSphere8 -0.1705715315 -0.0814136017 -0.01087363356 0 0.01095561517 -0.01777434881 -0.03877657837 0 0.04089675597 -0.09291537888 0.05414504225 0 -3.524446736 -0.02776100583 -0.4967866824 1


mesh: pSphereShape10 tranform: pSphere10 -0.02466752168 -0.0345148278 -0.1785129809 0 -0.0245684421 0.1506455244 -0.02573180803 0 0.2183242146 0.02947930152 -0.03586848575 0 -2.881891127 1.304966603 -0.05917116077 1


mesh: pSphereShape11 tranform: pSphere11 -0.008480045547 -0.01043906106 -0.0419367481 0 0.08710755059 0.1380980397 -0.05198996023 0 0.09622690909 -0.06219372926 -0.003976570474 0 -2.792580819 1.127621005 -0.02066770626 1


mesh: pSphereShape12 tranform: pSphere12 -0.07732465882 -0.02826699652 -0.3055380248 0 0.03289502294 0.1608198664 -0.02320330189 0 0.2476331449 -0.05890813877 -0.05722034859 0 -2.885940823 0.701122265 0.08132624139 1


mesh: pSphereShape13 tranform: pSphere13 -0.04163707254 -0.008753579402 -0.2149148683 0 0.05471805945 0.1986272965 -0.01869112014 0 0.185031666 -0.05413852821 -0.03364248855 0 -2.895508961 0.4718883171 0.09171568309 1


mesh: pSphereShape14 tranform: pSphere14 -0.03137252375 -0.0003135136558 -0.219327866 0 0.06109240911 0.2336181137 -0.00907256137 0 0.1828568671 -0.04883111412 -0.02608593376 0 -2.934345038 0.282171481 0.1030555948 1


mesh: pSphereShape15 tranform: pSphere15 -0.0153897135 0.01664761626 -0.1500575404 0 0.1253211766 0.3577677794 0.02683852934 0 0.1765305569 -0.05997891839 -0.02475890716 0 -3.078076912 -0.2946232059 0.2704913471 1


mesh: pSphereShape16 tranform: pSphere16 -0.003817103105 0.01644696248 -0.09878353563 0 0.3053639648 0.1946978673 0.02061662167 0 0.04480911266 -0.06888084325 -0.01319978719 0 -3.443025413 -0.853320186 0.2576899548 1


mesh: pSphereShape17 tranform: pSphere17 -0.0008915302461 0.002374094011 -0.112342832 0 0.09260466018 0.0474108649 0.0002670218861 0 0.1268709461 -0.2477738779 -0.006242924028 0 -3.746832657 -1.281536382 0.2433160397 1


mesh: pSphereShape18 tranform: pSphere18 0.004695734431 6.664785508e-05 -0.127756715 0 -0.2123057235 0.2884578663 -0.007652875216 0 0.1175517966 0.08663424859 0.004365844925 0 -2.783158426 -0.2527523668 -0.04672968763 1


mesh: pSphereShape19 tranform: pSphere19 0.002158090316 -0.001654491731 -0.08640881411 0 -0.02187191866 0.4296012159 -0.008771943502 0 0.1005670147 0.005169347072 0.002412717507 0 -2.52233304 -0.8982594187 -0.05003634448 1


mesh: pSphereShape20 tranform: pSphere20 -0.0198527571 -0.003676820726 -0.1136391187 0 -0.009075439523 0.08144002867 -0.001049531976 0 0.2563627494 0.02797947883 -0.04569186194 0 -2.276822137 -1.294955049 -0.04928955792 1


mesh: pSphereShape21 tranform: pSphere21 -0.0373889456 -0.0003736372985 -0.2613891606 0 -0.06119459421 0.1318734999 0.00856473348 0 0.237303353 0.1123332332 -0.03410429882 0 -3.026904976 0.1271589899 0.1123316614 1


