mesh: pSphereShape1 tranform: pSphere1 0.007870044857 0.1390924636 -0.0463625257 0 0.0161251144 0.02551680723 0.07929035141 0 0.148832256 -0.01671683829 -0.02488798169 0 -0.0338603782 -0.03334837429 1.222682349 1


mesh: pSphereShape2 tranform: pSphere2 0.01792899283 0.2536609293 -0.05316221728 0 0.004986705591 0.02847394609 0.1375438161 0 0.1318276703 -0.009890277037 -0.002732006251 0 -0.01797407335 0.2979467906 1.102249856 1


mesh: pSphereShape3 tranform: pSphere3 0.06478055362 0.2803481017 -0.05870962349 0 -0.001454297439 0.02776105801 0.1309589342 0 0.1300473678 -0.02848339331 0.00748216755 0 0.03310153798 0.7558595546 0.9971554101 1


mesh: pSphereShape4 tranform: pSphere4 0.1269255216 -0.01131393119 -0.1281807003 0 0.02236897047 0.146716583 0.009199917903 0 0.1199501351 -0.02587915467 0.1210597883 0 0.1952982586 1.022950869 0.86304548 1


mesh: pSphereShape5 tranform: pSphere5 0.1445927142 -0.01270844276 -0.1175654362 0 0.01747683297 0.137272272 0.006655918011 0 0.1095986799 -0.02059730003 0.1370209709 0 0.4221015491 1.022963082 0.673699889 1


mesh: pSphereShape6 tranform: pSphere6 0.08869174835 -0.2507581511 -0.01621988942 0 0.09814311219 0.03613001243 -0.02191204256 0 0.02240693925 0.001295436072 0.1024957335 0 0.5600498485 0.7245380301 0.6165350535 1


mesh: pSphereShape7 tranform: pSphere7 0.1365111186 -0.2057759643 0.04716973504 0 0.084189053 0.05168627137 -0.01816735795 0 0.006547669167 0.03248322357 0.1227574632 0 0.7591752647 0.3080758604 0.7013427214 1


mesh: pSphereShape8 tranform: pSphere8 -0.005922189696 -0.1891406297 -0.005639830552 0 0.04398640895 -0.001325485244 -0.001736354308 0 0.004428763556 -0.003565189252 0.1149137649 0 0.8890137648 -0.01043318139 0.765363677 1


mesh: pSphereShape10 tranform: pSphere10 0.1246624214 -0.004991963286 -0.1345399767 0 0.01616182419 0.1536639245 0.009273730371 0 0.1621117501 -0.02617422758 0.151181118 0 0.3660511818 1.44661759 0.8159585984 1


mesh: pSphereShape11 tranform: pSphere11 0.03167499476 -0.0004745758785 -0.03059486059 0 0.08576427965 0.120207502 0.08692752561 0 0.05524487175 -0.08169233883 0.05846244115 0 0.3633010098 1.252836305 0.8655825821 1


mesh: pSphereShape12 tranform: pSphere12 0.2453171214 -0.02168776177 -0.1986976634 0 0.01863521944 0.1646538074 0.005035619558 0 0.1621651273 -0.02455866825 0.2028937033 0 0.2569425924 0.8365201874 0.7833115748 1


mesh: pSphereShape13 tranform: pSphere13 0.1736160126 -0.005638250483 -0.1335079094 0 0.01469913764 0.2060867777 0.01041164375 0 0.1185519831 -0.01627907636 0.1548545565 0 0.2702166046 0.6098789124 0.8056236491 1


mesh: pSphereShape14 tranform: pSphere14 0.1791250952 0.008254384277 -0.1301349751 0 0.0004565942782 0.2411188134 0.01592250534 0 0.1124416649 -0.01038985479 0.154112006 0 0.2703045974 0.4163303829 0.8037642021 1


mesh: pSphereShape15 tranform: pSphere15 0.1319649262 -0.01854540254 -0.07261252051 0 0.03924968272 0.3771710788 -0.02499855375 0 0.09082416824 0.001463943999 0.1646886122 0 0.07946050157 -0.1917926213 0.9167052256 1


mesh: pSphereShape16 tranform: pSphere16 0.08950923323 -0.005180893222 -0.0447718134 0 0.1093420571 0.2923781966 0.1847667727 0 0.0277779637 -0.04907149017 0.06121303057 0 -0.07505694129 -0.8371674621 0.826682737 1


mesh: pSphereShape17 tranform: pSphere17 0.1064883726 -0.03231347903 0.0156015586 0 0.02096448343 0.09111687578 0.04562553978 0 -0.06897132785 -0.1079270412 0.2472282657 0 -0.2706252356 -1.296453045 0.7755872928 1


mesh: pSphereShape18 tranform: pSphere18 0.08573380112 -0.007765795907 -0.09451582059 0 -0.01452154063 0.3554344003 -0.04237616372 0 0.108209832 0.01596702454 0.0968435073 0 0.423712932 -0.1863289464 0.7184955733 1


mesh: pSphereShape19 tranform: pSphere19 0.05741816281 -0.003887723558 -0.06451292922 0 0.03981265997 0.4282929599 0.009624197348 0 0.07472422904 -0.008452027408 0.06701582376 0 0.4275092851 -0.9107771171 0.7494471548 1


mesh: pSphereShape20 tranform: pSphere20 0.03913435542 0.01037340936 -0.1080851279 0 -0.008477327657 0.08137325856 0.004740368802 0 0.2448934128 0.02023410102 0.0906104536 0 0.5880581962 -1.319452522 0.8495805126 1


mesh: pSphereShape21 tranform: pSphere21 0.2134765597 0.009837357274 -0.1550914279 0 -0.05478376971 0.1165392235 -0.06801544641 0 0.1198330651 0.1584647415 0.1749962916 0 0.2437605694 0.2459813382 0.7493686371 1


