mesh: pSphereShape1 tranform: pSphere1 0.08801938121 0.1175127999 0.00121045972 0 -0.04371434439 0.03340815095 -0.06458357482 0 -0.09298987011 0.06863716304 0.09844657759 0 0.4691512031 0.1524843775 -0.4118488261 1


mesh: pSphereShape2 tranform: pSphere2 0.1209933312 0.2297310346 0.008706478159 0 -0.1178966342 0.06369949767 -0.04238740159 0 -0.03727169008 0.01485511126 0.1259919159 0 0.6769069463 0.4375477809 -0.39706129 1


mesh: pSphereShape3 tranform: pSphere3 0.04400648848 0.2808755997 0.07355762765 0 -0.1199715356 0.03191976982 -0.05010980656 0 -0.05569881061 -0.02245127198 0.119051196 0 0.8312574237 0.868359165 -0.3422215522 1


mesh: pSphereShape4 tranform: pSphere4 0.04784999571 0.0154541772 0.1736085577 0 -0.02754959229 0.1460224899 -0.005405318568 0 -0.1631281337 -0.02901690696 0.04754438969 0 0.882729893 1.157195201 -0.1509271149 1


mesh: pSphereShape5 tranform: pSphere5 0.03417639948 0.01553795598 0.1829774166 0 -0.0263498983 0.1358504677 -0.00661444433 0 -0.1704023701 -0.03137230081 0.03449169313 0 0.9353459762 1.200680605 0.1366751116 1


mesh: pSphereShape6 tranform: pSphere6 -0.02691279521 -0.2225507793 0.1440687803 0 -0.05755679531 0.05372442621 0.07223909758 0 -0.0877642278 -0.02339205105 -0.05252976992 0 0.9254741383 0.9394264612 0.3454120989 1


mesh: pSphereShape7 tranform: pSphere7 -0.1702133965 -0.1638342844 0.08596361903 0 -0.04337719434 0.07312721682 0.05348036423 0 -0.07577075867 0.0270602683 -0.09845791268 0 0.7106517846 0.5750458941 0.5108173416 1


mesh: pSphereShape8 tranform: pSphere8 -0.04337776002 -0.1820772577 0.02841302472 0 -0.02644926654 0.01149527848 0.03328469441 0 -0.08813657293 0.009553464378 -0.07333603285 0 0.5066464518 0.307718141 0.6063817766 1


mesh: pSphereShape10 tranform: pSphere10 0.008964456367 0.005408502841 0.1831857826 0 0.02188822533 0.1531320998 -0.005592308658 0 -0.2206941533 0.0319053436 0.009857986472 0 0.9289188683 1.610103454 -0.02892032342 1


mesh: pSphereShape11 tranform: pSphere11 0.004545988109 0.0009583372739 0.04379488088 0 -0.09233312047 0.1442047687 0.006428798461 0 -0.09584955292 -0.06187559066 0.0113033442 0 0.843347107 1.426432466 -0.03947700533 1


mesh: pSphereShape12 tranform: pSphere12 0.06088510612 0.02574694998 0.3094538883 0 -0.01817329162 0.1644720378 -0.01010868068 0 -0.2544182612 -0.02490794049 0.05212920872 0 0.9274448162 0.9877440202 -0.03197690393 1


mesh: pSphereShape13 tranform: pSphere13 0.04201389509 0.02007721257 0.2140803814 0 -0.03332494052 0.2037833044 -0.01257140028 0 -0.1894654956 -0.02852467127 0.03985829662 0 0.9144835824 0.7604862197 -0.0009287431214 1


mesh: pSphereShape14 tranform: pSphere14 0.04051822017 0.01867144957 0.2170223425 0 -0.03818935173 0.238232936 -0.01336631821 0 -0.1853891944 -0.02764296943 0.03699054398 0 0.9344654861 0.5669715266 0.01208387335 1


mesh: pSphereShape15 tranform: pSphere15 0.03656545587 0.01155645824 0.1468355119 0 0.004633014939 0.3787392109 -0.03096180288 0 -0.1825231955 0.005910457509 0.04498734543 0 0.9090554095 -0.03158378397 -0.1312099032 1


mesh: pSphereShape16 tranform: pSphere16 0.02164464613 0.01309394866 0.09697070468 0 -0.1730953588 0.3187445046 -0.004403766991 0 -0.07089625625 -0.03821055194 0.02098418682 0 1.0170591 -0.7081353908 -0.1242015751 1


mesh: pSphereShape17 tranform: pSphere17 0.005010603613 0.005233139267 0.1121376438 0 -0.065838488 0.08054880677 -0.0008171435987 0 -0.2152302651 -0.1757428266 0.01781846098 0 1.090245601 -1.24186358 -0.1189258526 1


mesh: pSphereShape18 tranform: pSphere18 0.01489466938 0.001081036585 0.1269677627 0 0.1302236873 0.3332475091 -0.01811398002 0 -0.135030067 0.05360214154 0.01538408086 0 0.8468959385 -0.01467078867 0.2049790387 1


mesh: pSphereShape19 tranform: pSphere19 0.01281726243 -0.003029783248 0.08544247216 0 -0.2513523367 0.3455987501 0.04996037751 0 -0.08037644471 -0.05989341135 0.009933489854 0 0.8876707805 -0.6475746157 0.2066891739 1


mesh: pSphereShape20 tranform: pSphere20 0.04235899317 0.0234371511 0.1047755502 0 -0.04506409967 0.06838592932 0.002921469091 0 -0.1965009678 -0.1341636032 0.1094529761 0 0.9545720099 -1.107980791 0.2204272031 1


mesh: pSphereShape21 tranform: pSphere21 0.04828854516 0.02225214069 0.2586414986 0 0.07302012396 0.1236436608 -0.02427055102 0 -0.2238939333 0.1380979503 0.0299199368 0 1.011407262 0.4034272263 0.01601896517 1


