mesh: pSphereShape1 tranform: pSphere1 0.04131415084 0.1361501422 0.0362548556 0 -0.06366819658 0.03164669042 -0.0462918386 0 -0.09079792707 -0.004823551307 0.1215827888 0 4.319792154 -0.02191554264 -0.3537168417 1


mesh: pSphereShape2 tranform: pSphere2 0.04111141676 0.2504278779 0.05556317658 0 -0.1168283233 0.03471059311 -0.07000179834 0 -0.07046734353 -0.01308555863 0.1111167753 0 4.421574608 0.3030723504 -0.2610208853 1


mesh: pSphereShape3 tranform: pSphere3 0.000127388877 0.2762806237 0.09953591745 0 -0.1084894507 0.02663165188 -0.07378230121 0 -0.0781270084 -0.03659267063 0.1016698156 0 4.475303281 0.7544984562 -0.1396363681 1


mesh: pSphereShape4 tranform: pSphere4 0.03635435139 -0.01146527675 0.1766785034 0 -0.0216143129 0.146454581 0.01395142353 0 -0.1669830585 -0.02774557442 0.03255885683 0 4.486145176 1.018644747 0.08061877806 1


mesh: pSphereShape5 tranform: pSphere5 0.004824081191 -0.01428088255 0.1861799505 0 -0.01842802726 0.136869835 0.01097604943 0 -0.1750366516 -0.0237841753 0.002710990112 0 4.504112913 1.016743854 0.3742710466 1


mesh: pSphereShape6 tranform: pSphere6 -0.03447162816 -0.251399625 0.08135660265 0 -0.03973217754 0.03543025499 0.09264791944 0 -0.09645062466 -0.0001427934612 -0.04130836566 0 4.472691129 0.7171550993 0.519448642 1


mesh: pSphereShape7 tranform: pSphere7 -0.1135815797 -0.2080753738 0.08371308412 0 -0.03501808883 0.05096200315 0.07915761414 0 -0.1044147267 0.03051019341 -0.06583403003 0 4.295262025 0.2973312361 0.6320467127 1


mesh: pSphereShape8 tranform: pSphere8 0.009831629327 -0.1890615489 -0.0003572132147 0 -0.02515197818 -0.001376215707 0.03612561464 0 -0.09425596741 -0.004777189254 -0.06580645069 0 4.172166003 -0.02299716976 0.699581876 1


mesh: pSphereShape10 tranform: pSphere10 0.02361134249 -0.0208409005 0.1807617374 0 -0.005919249531 0.1535685612 0.01847884725 0 -0.2211858582 -0.01183782013 0.0275267559 0 4.458571348 1.44190745 0.2751401986 1


mesh: pSphereShape11 tranform: pSphere11 0.004997902468 -0.004787467697 0.04349341483 0 -0.1101289018 0.1285110685 0.02680074913 0 -0.08686240035 -0.07480213746 0.001747781559 0 4.408726237 1.255495484 0.2318566329 1


mesh: pSphereShape12 tranform: pSphere12 0.02398387744 -0.02327967018 0.3146656021 0 -0.01831700759 0.1642088136 0.01354466411 0 -0.2585431264 -0.03028039353 0.01746599897 0 4.521912614 0.8323511083 0.175105001 1


mesh: pSphereShape13 tranform: pSphere13 0.01030048209 -0.02148738531 0.2177862803 0 -0.02756834767 0.2039051816 0.02142171889 0 -0.1937387348 -0.02687788273 0.006511277679 0 4.504106927 0.604185361 0.1643199915 1


mesh: pSphereShape14 tranform: pSphere14 0.007670871257 -0.0120057457 0.2211019361 0 -0.0247530386 0.239971656 0.01388914137 0 -0.1899337227 -0.01991045009 0.005508397418 0 4.515141803 0.411588497 0.1495926531 1


mesh: pSphereShape15 tranform: pSphere15 0.002890583178 0.001629806547 0.1517242239 0 0.02174796321 0.379381546 -0.004489611524 0 -0.1877360741 0.01080288201 0.003460621623 0 4.502598992 -0.188880157 -0.03046243174 1


mesh: pSphereShape16 tranform: pSphere16 0.0009697631632 0.0040889152 0.1001279187 0 -0.09885132365 0.3487569163 -0.01328475715 0 -0.0800725486 -0.02263094135 0.001699699848 0 4.536501004 -0.888936058 -0.05110251605 1


mesh: pSphereShape17 tranform: pSphere17 -0.02358549936 -0.003675871365 0.1098068998 0 -0.005596420167 0.1038604356 0.002274749925 0 -0.2718224471 -0.01335835225 -0.05883211119 0 4.454234824 -1.352334385 -0.09335204842 1


mesh: pSphereShape18 tranform: pSphere18 0.02715509779 -0.002112182718 0.1249078538 0 -0.00359101258 0.3581627908 0.006837196614 0 -0.1427511252 -0.002023030964 0.03100003432 0 4.567847343 -0.1981008604 0.3170336828 1


mesh: pSphereShape19 tranform: pSphere19 0.01902471341 -7.915206888e-05 0.08433227061 0 -0.09339627101 0.4194389133 0.02146315679 0 -0.09579561336 -0.02243553434 0.0215896982 0 4.64001792 -0.9188936915 0.3128861669 1


mesh: pSphereShape20 tranform: pSphere20 0.04908603113 0.007762077223 0.1041720307 0 -0.001668741013 0.08176188433 -0.005305936566 0 -0.2369763863 0.002398182836 0.1114849669 0 4.512326461 -1.335937036 0.3603511272 1


mesh: pSphereShape21 tranform: pSphere21 0.009141941861 -0.01430813078 0.2635034506 0 0.08145379571 0.1206654384 0.003726140994 0 -0.2192784191 0.1475390261 0.01561891592 0 4.58301078 0.2441881457 0.1422998959 1


