mesh: pSphereShape1 tranform: pSphere1 0.0457557899 0.1371309696 0.02568345172 0 -0.04939062139 0.02826546718 -0.0629262781 0 -0.1140167622 0.0196309118 0.09830925674 0 1.206206986 -0.1430937695 -0.5529784726 1


mesh: pSphereShape2 tranform: pSphere2 0.04419712477 0.2529516432 0.03941595569 0 -0.1161121535 0.0316031492 -0.07261640962 0 -0.07102892246 -0.004951192538 0.1114190018 0 1.312938596 0.1860081416 -0.4828801514 1


mesh: pSphereShape3 tranform: pSphere3 -0.01850718599 0.2814806086 0.08163669022 0 -0.1081087544 0.01535667347 -0.07745775338 0 -0.07819856259 -0.03479501271 0.1022442971 0 1.353176981 0.6427715981 -0.3906294348 1


mesh: pSphereShape4 tranform: pSphere4 0.02547769787 0.02603932488 0.1770345318 0 -0.04369552803 0.141389471 -0.01450804474 0 -0.1629633648 -0.04724329152 0.03040149701 0 1.333134106 0.9381118157 -0.1942361881 1


mesh: pSphereShape5 tranform: pSphere5 -0.00595736171 0.02270207858 0.1853087014 0 -0.03965845747 0.1315977627 -0.01739693011 0 -0.1691790837 -0.05087899891 0.0007943395786 0 1.330687115 0.9938114826 0.09398137888 1


mesh: pSphereShape6 tranform: pSphere6 -0.06636750429 -0.2202411961 0.1345292953 0 -0.06153376416 0.05828746205 0.06506729988 0 -0.08170243745 -0.01459147841 -0.0641944307 0 1.273366556 0.7405093397 0.2979722436 1


mesh: pSphereShape7 tranform: pSphere7 -0.219414427 -0.1191922393 0.0292324511 0 -0.03658740486 0.07945889129 0.04936564177 0 -0.04132281728 0.04915364331 -0.1097441146 0 0.9843019534 0.4253021601 0.397140534 1


mesh: pSphereShape8 tranform: pSphere8 -0.1061661634 -0.156716881 0.003102059382 0 -0.03174139934 0.0219234274 0.02124671524 0 -0.04688647528 0.02976824861 -0.1007621342 0 0.6999968689 0.2251461331 0.409136966 1


mesh: pSphereShape10 tranform: pSphere10 0.006218552359 0.009745031119 0.1831202018 0 0.02608298102 0.152311012 -0.008991219534 0 -0.219884472 0.03797630332 0.00544605584 0 1.371692649 1.398938824 -0.08632803832 1


mesh: pSphereShape11 tranform: pSphere11 0.001654298575 0.003574697163 0.04386411798 0 -0.0908016653 0.1450733521 -0.008398213656 0 -0.09712971021 -0.06029713424 0.008577068301 0 1.28037455 1.215538753 -0.1014183831 1


mesh: pSphereShape12 tranform: pSphere12 0.005161842993 0.0398622295 0.3138725356 0 -0.03600699958 0.1606074567 -0.01980520152 0 -0.2546319634 -0.0556979161 0.01126130174 0 1.383248876 0.7787588162 -0.06389332928 1


mesh: pSphereShape13 tranform: pSphere13 0.008261355116 0.02133588141 0.2178880486 0 -0.06039117354 0.1971285875 -0.01701332064 0 -0.1870325426 -0.05621112548 0.01259571682 0 1.395963149 0.5512704013 -0.02973814182 1


mesh: pSphereShape14 tranform: pSphere14 0.01262919602 0.0155077608 0.2206559745 0 -0.06806703216 0.2315291072 -0.0123761259 0 -0.1829938982 -0.05303910011 0.01420121751 0 1.440805404 0.3622973397 -0.01605392906 1


mesh: pSphereShape15 tranform: pSphere15 0.03490385416 0.004723610787 0.1476165991 0 0.1091374192 0.3620971257 -0.03739228846 0 -0.174885741 0.05679375473 0.03953427219 0 1.358758177 -0.2014975797 -0.1507503484 1


mesh: pSphereShape16 tranform: pSphere16 0.02160733955 0.01038392033 0.09730650975 0 -0.1100004167 0.3454340743 -0.012436409 0 -0.07725080154 -0.02389046844 0.01970331713 0 1.303389614 -0.8741015487 -0.1310256501 1


mesh: pSphereShape17 tranform: pSphere17 0.00854641031 0.004204389297 0.1119670712 0 -0.009618285229 0.1035423881 -0.003153879907 0 -0.2764344669 -0.02500731014 0.02203918365 0 1.229590521 -1.342846551 -0.1124754279 1


mesh: pSphereShape18 tranform: pSphere18 0.02554500677 0.005663911056 0.1251367465 0 0.03401572207 0.3558816901 -0.02305169481 0 -0.142472501 0.01545629119 0.02838429194 0 1.479437345 -0.2351784763 0.1873233784 1


mesh: pSphereShape19 tranform: pSphere19 0.02258445203 0.0001575770003 0.08344935918 0 -0.3880502212 0.1534960192 0.1047307523 0 -0.03464355676 -0.09410006563 0.009553503584 0 1.732815414 -0.7484355159 0.1533465655 1


mesh: pSphereShape20 tranform: pSphere20 0.04358503477 0.04740677541 0.09578331098 0 -0.07522270544 0.02327669299 0.02270866661 0 -0.03192475957 -0.2269072954 0.1268319588 0 2.06896743 -1.102123129 0.1252142313 1


mesh: pSphereShape21 tranform: pSphere21 0.01505114242 0.01848173994 0.2629719654 0 0.05803758428 0.1329659646 -0.01266665182 0 -0.242352201 0.1063920625 0.006393712198 0 1.538061903 0.2101880265 -0.006770061012 1


