mesh: pSphereShape1 tranform: pSphere1 0.03179826355 0.1390331409 0.03488253146 0 -0.05574192379 0.02726493656 -0.05785799649 0 -0.1096310645 -0.001275263309 0.1050205129 0 4.374020506 -0.05771404294 -0.4217436107 1


mesh: pSphereShape2 tranform: pSphere2 0.02414898924 0.2541831335 0.04795099755 0 -0.1056637355 0.02677646537 -0.08872502507 0 -0.08631904889 -0.01058895757 0.09960277038 0 4.450670817 0.2748874961 -0.3318655551 1


mesh: pSphereShape3 tranform: pSphere3 -0.0209648327 0.280572364 0.08413098402 0 -0.09660360397 0.01992435847 -0.09051959681 0 -0.09182273014 -0.03400110138 0.09051030732 0 4.473361676 0.7334273937 -0.2272410747 1


mesh: pSphereShape4 tranform: pSphere4 0.008467458849 -0.003102060066 0.1805188753 0 -0.02527100634 0.1464869684 0.003702618797 0 -0.1696756325 -0.02945974091 0.007452603212 0 4.444606523 1.007222367 -0.0215272104 1


mesh: pSphereShape5 tranform: pSphere5 -0.02148361832 -0.005100472912 0.1854794561 0 -0.01996541071 0.1370863837 0.001457175522 0 -0.1736369506 -0.02506756581 -0.02080126012 0 4.419865106 1.019608974 0.2715122339 1


mesh: pSphereShape6 tranform: pSphere6 -0.05136166553 -0.2477628613 0.08357335257 0 -0.05404712994 0.03932474373 0.08336700877 0 -0.088224366 -0.0008660811803 -0.05678763605 0 4.362883713 0.7270583366 0.4209521237 1


mesh: pSphereShape7 tranform: pSphere7 -0.1318756081 -0.2022942437 0.06992767575 0 -0.04656068359 0.05463880668 0.0702568412 0 -0.09080145936 0.03025797311 -0.08370768543 0 4.160259326 0.3149522964 0.5164353568 1


mesh: pSphereShape8 tranform: pSphere8 0.004378242282 -0.1891120273 0.007650486353 0 -0.03199753293 0.0004832565355 0.03025723647 0 -0.07901109295 -0.005206089669 -0.08347240085 0 4.018284085 6.360234575e-05 0.570443074 1


mesh: pSphereShape10 tranform: pSphere10 -0.0009708072038 -0.008778117349 0.183272056 0 -0.007407572894 0.1544370399 0.007357778175 0 -0.2229474077 -0.01061318987 -0.001689307047 0 4.389601251 1.440346745 0.1395561278 1


mesh: pSphereShape11 tranform: pSphere11 -0.001026562301 -0.001872845896 0.04398880116 0 -0.1136436032 0.1282146782 0.002806716521 0 -0.08576210844 -0.07590104161 -0.005232947832 0 4.344028955 1.249954129 0.1019706693 1


mesh: pSphereShape12 tranform: pSphere12 -0.01978146333 -0.00783703072 0.3157196307 0 -0.01916237592 0.164645005 0.002886320763 0 -0.2586331424 -0.02980423348 -0.01694452354 0 4.464917597 0.8257936278 0.08608520276 1


mesh: pSphereShape13 tranform: pSphere13 -0.01690267389 -0.009730883346 0.2182161339 0 -0.02987946317 0.2045900396 0.006808841127 0 -0.1930610547 -0.02765697945 -0.0161875056 0 4.447962507 0.5972099148 0.08506213013 1


mesh: pSphereShape14 tranform: pSphere14 -0.01825178069 -0.005586852276 0.2207367344 0 -0.02857058946 0.2399207661 0.003710020208 0 -0.189059818 -0.02226344512 -0.01619603971 0 4.461811657 0.4038614019 0.07962962999 1


mesh: pSphereShape15 tranform: pSphere15 -0.009563429021 0.01136816056 0.1510316444 0 0.0002445105872 0.3789599889 -0.02850885758 0 -0.1877046233 -0.0007686808144 -0.01182772897 0 4.490916641 -0.194039483 -0.07643960177 1


mesh: pSphereShape16 tranform: pSphere16 -0.006999736526 0.009522239524 0.09951678454 0 -0.09582287847 0.3475596997 -0.03999608338 0 -0.08005938807 -0.02247308987 -0.003480824666 0 4.548136197 -0.8967737934 -0.05073519559 1


mesh: pSphereShape17 tranform: pSphere17 -0.02480415232 0.0009020978353 0.1095960004 0 -0.004848091457 0.1039046115 -0.001952488442 0 -0.2712588662 -0.0138081798 -0.06127860399 0 4.463300798 -1.359883419 -0.06243562224 1


mesh: pSphereShape18 tranform: pSphere18 0.01867625112 0.006433254272 0.1263077332 0 0.01609295069 0.3572923273 -0.02057758708 0 -0.1443759602 0.007709772303 0.02095519169 0 4.474141078 -0.2083771178 0.2773115257 1


mesh: pSphereShape19 tranform: pSphere19 0.01368750768 0.00474147777 0.0852293868 0 -0.1316929252 0.4095934885 -0.001637117203 0 -0.09455863992 -0.03033515079 0.01687335328 0 4.552028171 -0.9188567454 0.3211730668 1


mesh: pSphereShape20 tranform: pSphere20 0.04887522884 0.01370172571 0.1036579712 0 -0.002517969972 0.0813516742 -0.009565998214 0 -0.2371240678 0.005718694608 0.1110492224 0 4.459619166 -1.327896158 0.3896659252 1


mesh: pSphereShape21 tranform: pSphere21 -0.0217519904 -0.006658263055 0.2630682128 0 0.07926170257 0.1217927563 0.009636390407 0 -0.221033323 0.1450022972 -0.01460629256 0 4.531708885 0.2372363417 0.0853503668 1


