mesh: pSphereShape1 tranform: pSphere1 0.006710074233 0.1424078537 -0.03511570804 0 0.03427909437 0.01705409899 0.07571121442 0 0.1387046047 -0.02086238519 -0.05810075939 0 -7.657440111 -0.04185231527 0.5446481755 1


mesh: pSphereShape2 tranform: pSphere2 0.02959775341 0.2551272964 -0.03905858199 0 0.06299976998 0.01184020423 0.1250790659 0 0.1172349005 -0.02231724453 -0.05693623452 0 -7.645458875 0.2984045082 0.4518601766 1


mesh: pSphereShape3 tranform: pSphere3 0.0769721206 0.2770919704 -0.05944519083 0 0.05419168004 0.01110087345 0.1219141755 0 0.1168113094 -0.04275259883 -0.04803059112 0 -7.575709996 0.7577155257 0.3671747473 1


mesh: pSphereShape4 tranform: pSphere4 0.06665364884 0.006855087426 -0.1678650764 0 0.03093267734 0.144303827 0.01817525854 0 0.1561620586 -0.04107316063 0.06032946893 0 -7.443461684 1.035615298 0.2022950142 1


mesh: pSphereShape5 tranform: pSphere5 0.08718289617 0.005367944476 -0.1651075925 0 0.0286331361 0.1341419746 0.01948054813 0 0.151915649 -0.04386926126 0.0787907951 0 -7.306257128 1.062976351 -0.05749363319 1


mesh: pSphereShape6 tranform: pSphere6 0.03959127389 -0.2478262471 -0.08957479366 0 0.07759020923 0.03561950321 -0.06425415394 0 0.0704360596 -0.016236752 0.07605428228 0 -7.239119834 0.7743111035 -0.2116567619 1


mesh: pSphereShape7 tranform: pSphere7 0.1250651502 -0.2126119003 -0.04856855902 0 0.06826769122 0.05206653817 -0.05213365638 0 0.06854440908 0.01613501316 0.1058713932 0 -7.066152839 0.3459105054 -0.2859960152 1


mesh: pSphereShape8 tranform: pSphere8 -0.02126793341 -0.1877298688 -0.01209252579 0 0.03405735346 -0.002064662665 -0.02784618202 0 0.07179248763 -0.01385553199 0.08883333178 0 -6.946235271 0.02013324443 -0.3299284367 1


mesh: pSphereShape10 tranform: pSphere10 0.06599028815 -0.009308405774 -0.1709540282 0 -0.0004066681407 0.1545514773 -0.008572269553 0 0.2082701057 0.004992071926 0.08012292077 0 -7.35017098 1.4796399 0.07315293707 1


mesh: pSphereShape11 tranform: pSphere11 0.01703339165 -8.600152472e-05 -0.04061320206 0 0.1022486055 0.1307349846 0.04260676449 0 0.08060653094 -0.07411168925 0.03396374232 0 -7.307153149 1.287745602 0.134795518 1


mesh: pSphereShape12 tranform: pSphere12 0.1367571736 0.009151419326 -0.2852110403 0 0.02227778897 0.1635038017 0.01592834309 0 0.2326455155 -0.04243316518 0.1101907536 0 -7.422389996 0.8615986348 0.08340668062 1


mesh: pSphereShape13 tranform: pSphere13 0.09313364824 0.01196495505 -0.1979435146 0 0.03694107585 0.201390482 0.02955431624 0 0.1736580658 -0.04345924503 0.07908024334 0 -7.412787548 0.6323702825 0.06814961404 1


mesh: pSphereShape14 tranform: pSphere14 0.09422248602 0.01066785626 -0.2002432678 0 0.03940928462 0.2363672465 0.03113599097 0 0.1700862334 -0.03862966489 0.07797441686 0 -7.435646415 0.4407380898 0.04668614997 1


mesh: pSphereShape15 tranform: pSphere15 0.06085308594 0.001674606959 -0.1390156447 0 0.001450198359 0.3799923909 0.005212269086 0 0.1722946269 -0.001691792398 0.0754003384 0 -7.538383888 -0.1494053124 0.1983079941 1


mesh: pSphereShape16 tranform: pSphere16 0.04074233733 0.00293179952 -0.09151353049 0 0.08300580795 0.349814171 0.04816157374 0 0.07361471806 -0.02188338058 0.03207261238 0 -7.601243179 -0.8529369506 0.1965018504 1


mesh: pSphereShape17 tranform: pSphere17 0.0413003401 0.01611378898 -0.1032568195 0 -0.00648243705 0.1029558828 0.01347400124 0 0.2583672671 0.002688345003 0.1037604633 0 -7.509146537 -1.306168943 0.2232580072 1


mesh: pSphereShape18 tranform: pSphere18 0.05968595868 0.01513847049 -0.1120368048 0 -0.1574478629 0.3192022216 -0.04074726368 0 0.1121087346 0.0640264907 0.06837557046 0 -7.229174516 -0.1284562497 -0.08001894065 1


mesh: pSphereShape19 tranform: pSphere19 0.03800263647 0.005792543656 -0.07743464284 0 0.2237859623 0.3416195673 0.1353825942 0 0.07376118423 -0.06086063435 0.03164709617 0 -7.208682259 -0.7399506317 -0.1503536498 1


mesh: pSphereShape20 tranform: pSphere20 0.009106446145 0.0262476183 -0.1120251554 0 0.03567762499 0.07113490886 0.01956719719 0 0.2348721548 -0.1156012163 -0.007992900964 0 -7.231872721 -1.184657697 -0.2521002634 1


mesh: pSphereShape21 tranform: pSphere21 0.1122918715 0.01271366947 -0.2386446404 0 -0.06497158239 0.1281547975 -0.02374435409 0 0.2084863311 0.1251088131 0.104766285 0 -7.506921318 0.2812734108 6.89404644e-05 1


