mesh: pSphereShape1 tranform: pSphere1 0.004453523379 0.1423478532 -0.03571259806 0 0.035026932 0.01777109311 0.07520231962 0 0.1382025017 -0.01932741598 -0.05980321275 0 -7.552955921 -0.04658597866 0.5978678722 1


mesh: pSphereShape2 tranform: pSphere2 0.02683100985 0.2549306473 -0.04221373215 0 0.07111657046 0.01248253422 0.1205842192 0 0.1132297298 -0.02258794239 -0.06444089733 0 -7.546868432 0.2933503415 0.5033663889 1


mesh: pSphereShape3 tranform: pSphere3 0.07407940673 0.2766066899 -0.06511051162 0 0.0620260863 0.01119101204 0.1181124872 0 0.113277341 -0.04337267131 -0.05537743042 0 -7.481933359 0.7520506989 0.4125413945 1


mesh: pSphereShape4 tranform: pSphere4 0.05400002271 0.007156672115 -0.1723402582 0 0.03357509483 0.1439143667 0.01649645793 0 0.1598315528 -0.04282529667 0.0483022421 0 -7.360570534 1.029599572 0.2383256622 1


mesh: pSphereShape5 tranform: pSphere5 0.07353823769 0.005404719401 -0.1716190722 0 0.03075580028 0.1339583033 0.01739745096 0 0.1575915476 -0.04476864723 0.066117609 0 -7.244215217 1.057187192 -0.03162515777 1


mesh: pSphereShape6 tranform: pSphere6 0.02914202776 -0.2488683787 -0.09068756072 0 0.07362481584 0.03397894964 -0.06958737925 0 0.07517156669 -0.0171311448 0.07116799772 0 -7.193008526 0.7674717659 -0.1889830675 1


mesh: pSphereShape7 tranform: pSphere7 0.1148724962 -0.2160384385 -0.05775568869 0 0.06577910941 0.05019926611 -0.05694262582 0 0.07654059994 0.01380665193 0.1005899572 0 -7.035561976 0.3346007508 -0.2744395545 1


mesh: pSphereShape8 tranform: pSphere8 -0.02766772082 -0.1868768972 -0.01235234079 0 0.03206753431 -0.002760744162 -0.03006039827 0 0.07704865511 -0.01694302495 0.08374924796 0 -6.928803833 0.005667794385 -0.3279984905 1


mesh: pSphereShape10 tranform: pSphere10 0.0579170791 -0.01214006668 -0.1736803819 0 0.001729096443 0.154442209 -0.01021873905 0 0.2117802784 0.00229111638 0.07046207925 0 -7.269267914 1.472437095 0.0982118954 1


mesh: pSphereShape11 tranform: pSphere11 0.01459734531 -0.001094819239 -0.04153666922 0 0.1067405755 0.1296368711 0.0340951772 0 0.08123628948 -0.07491634243 0.03052372869 0 -7.226028468 1.280749411 0.1581178639 1


mesh: pSphereShape12 tranform: pSphere12 0.1154005347 0.009360220115 -0.2944939955 0 0.02538407184 0.1631262755 0.01513183079 0 0.2396205238 -0.04586221691 0.09244010589 0 -7.350448539 0.8560812415 0.1172643334 1


mesh: pSphereShape13 tranform: pSphere13 0.07890901398 0.0139453743 -0.2039057763 0 0.04227220049 0.2002647602 0.03005517947 0 0.178134572 -0.0474595076 0.06569006077 0 -7.345256559 0.6267877383 0.09898387178 1


mesh: pSphereShape14 tranform: pSphere14 0.08076653742 0.01288149798 -0.2059123109 0 0.0446894793 0.2352763813 0.03224735182 0 0.1743634254 -0.04213203727 0.06575617703 0 -7.372442177 0.4359848785 0.07625291977 1


mesh: pSphereShape15 tranform: pSphere15 0.05551999008 0.003368130971 -0.1411999938 0 0.02400375435 0.378821855 0.01847457465 0 0.174636906 -0.01439779094 0.06832398066 0 -7.493441575 -0.1555443433 0.2179610363 1


mesh: pSphereShape16 tranform: pSphere16 0.0371222846 0.003494700418 -0.09302141054 0 0.0948269855 0.3464113951 0.05085709154 0 0.07418130356 -0.02451739336 0.02868262804 0 -7.588731331 -0.8572112882 0.1992846967 1


mesh: pSphereShape17 tranform: pSphere17 0.04125435598 0.01524015999 -0.1034077303 0 -0.005279062968 0.1030747232 0.01308500753 0 0.2586084519 0.000144863655 0.1031927966 0 -7.510067673 -1.308662806 0.2227770504 1


mesh: pSphereShape18 tranform: pSphere18 0.05895682733 0.01111722743 -0.1128907983 0 -0.1667385744 0.3120305864 -0.05635058341 0 0.1103650841 0.07064065154 0.06459431152 0 -7.170122897 -0.1240749841 -0.03858000783 1


mesh: pSphereShape19 tranform: pSphere19 0.03807401922 0.003608738124 -0.07753208318 0 0.1681265247 0.3831018416 0.1003941392 0 0.08141851385 -0.04565183137 0.03785767693 0 -7.097146925 -0.7594452145 -0.06519224781 1


mesh: pSphereShape20 tranform: pSphere20 0.01037455799 0.01046557044 -0.1144741921 0 0.023505973 0.07795966545 0.009257601481 0 0.2497900266 -0.07716581204 0.0155832231 0 -7.052565366 -1.207793458 -0.1117492307 1


mesh: pSphereShape21 tranform: pSphere21 0.09625542715 0.01535182924 -0.2454008562 0 -0.06462276328 0.1293635415 -0.01725472661 0 0.2167444833 0.1206193245 0.09256104663 0 -7.448886981 0.2782662586 0.03194390472 1


