mesh: pSphereShape1 tranform: pSphere1 -0.05427369197 0.1356547055 -0.01450179547 0 0.07868166782 0.03168144326 0.001888886918 0 0.008722396174 -0.01265699283 -0.1510417991 0 3.841191336 -0.0549011359 1.187818375 1


mesh: pSphereShape2 tranform: pSphere2 -0.07235509792 0.2476777256 -0.03019968949 0 0.1349642802 0.03853421783 -0.007327435544 0 -0.002357916713 -0.01667999556 -0.1311489004 0 3.699138763 0.26641683 1.155293117 1


mesh: pSphereShape3 tranform: pSphere3 -0.06383531418 0.2722161931 -0.08978749905 0 0.1302953829 0.03075358342 0.0006033880358 0 0.009922266483 -0.03954737073 -0.1269533713 0 3.57348041 0.7122759243 1.072245132 1


mesh: pSphereShape4 tranform: pSphere4 -0.1437299504 0.01521525866 -0.1085291769 0 0.02331989789 0.1464919982 -0.01034610373 0 0.1009597206 -0.02576986264 -0.1373181957 0 3.425012261 0.9958951205 0.9071766799 1


mesh: pSphereShape5 tranform: pSphere5 -0.1336606996 0.0155013246 -0.1295558398 0 0.02185126488 0.136666033 -0.006191545005 0 0.1202214927 -0.0249764748 -0.1270190312 0 3.212438803 1.039720741 0.7075584213 1


mesh: pSphereShape6 tranform: pSphere6 -0.07765017145 -0.238572834 -0.08979095252 0 -0.03415064626 0.04521175721 -0.09059368768 0 0.09460321529 -0.01462264099 -0.04295968444 0 3.083133486 0.7630646491 0.568541769 1


mesh: pSphereShape7 tranform: pSphere7 -0.0242975227 -0.2042891481 -0.1444977205 0 -0.02478305511 0.05815818851 -0.07805604062 0 0.1226058704 0.0084819365 -0.03260803344 0 3.0456966 0.3487100623 0.3492762204 1


mesh: pSphereShape8 tranform: pSphere8 -0.04682241838 -0.1834357887 0.0001742574507 0 -0.009699988435 0.002435200949 -0.04289004582 0 0.1085616154 -0.02773542848 -0.02612698901 0 3.015015738 0.0318510661 0.2039702447 1


mesh: pSphereShape10 tranform: pSphere10 -0.1622278251 0.01452007024 -0.08448635774 0 0.01481713139 0.154066115 -0.001973101851 0 0.1020708153 -0.01235378619 -0.1981160589 0 3.380961805 1.441910551 0.7855328504 1


mesh: pSphereShape11 tranform: pSphere11 -0.03614639493 0.005750845229 -0.02449371189 0 0.08081653894 0.1206724488 -0.09093182637 0 0.03695847759 -0.08000573274 -0.07332560786 0 3.424499424 1.242300422 0.7576796573 1


mesh: pSphereShape12 tranform: pSphere12 -0.2245569215 0.02590288912 -0.2214381175 0 0.01959684825 0.1646180081 -0.000616542014 0 0.1812109758 -0.0222701508 -0.1863682757 0 3.318966868 0.8261013796 0.8377198513 1


mesh: pSphereShape13 tranform: pSphere13 -0.1555309973 0.02240159704 -0.1526661353 0 0.03029840348 0.2046400006 -0.0008389422967 0 0.1348190287 -0.02053634317 -0.1403623981 0 3.315295018 0.6002851312 0.7999687176 1


mesh: pSphereShape14 tranform: pSphere14 -0.1561567707 0.01762021207 -0.1561846261 0 0.03022761466 0.2397252871 -0.003177241609 0 0.1334102238 -0.01861775725 -0.1354868215 0 3.297457441 0.4064745647 0.7940984168 1


mesh: pSphereShape15 tranform: pSphere15 -0.09788160604 0.01452879764 -0.1150624052 0 0.03310743099 0.3780795893 0.0195757539 0 0.1427934116 -0.006174249012 -0.1222515109 0 3.384807813 -0.1909152683 0.9170137749 1


mesh: pSphereShape16 tranform: pSphere16 -0.06369874144 0.01208852051 -0.07641726097 0 0.1190125033 0.3396280034 -0.04547855482 0 0.05816036348 -0.02745398655 -0.05282340644 0 3.292304369 -0.8874220608 0.9459066469 1


mesh: pSphereShape17 tranform: pSphere17 -0.06261786544 0.005342475399 -0.09315473116 0 0.01241130069 0.1032646373 -0.002420492969 0 0.2288018758 -0.03114639718 -0.1555850546 0 3.325705916 -1.354248118 0.8962587677 1


mesh: pSphereShape18 tranform: pSphere18 -0.08682297056 0.002718859026 -0.09379878556 0 -0.10262256 0.3269485944 0.1044674788 0 0.09873011561 0.05963743844 -0.08965890211 0 3.265925629 -0.1754914643 0.5761018448 1


mesh: pSphereShape19 tranform: pSphere19 -0.05964599779 0.0007713639156 -0.06257505731 0 0.03465079268 0.4279504638 -0.02775347931 0 0.0724618939 -0.01035479345 -0.06919768777 0 3.346570085 -0.8638292417 0.4620629738 1


mesh: pSphereShape20 tranform: pSphere20 -0.09617679032 0.004445802197 -0.0636534376 0 0.003556712809 0.08187291751 0.0003443266432 0 0.1443436808 -0.005351761287 -0.2184690304 0 3.462614891 -1.290079921 0.3203549355 1


mesh: pSphereShape21 tranform: pSphere21 -0.1861035169 0.0209993036 -0.1861367142 0 -0.05127771488 0.1199193024 0.0647974526 0 0.163049341 0.1487398057 -0.1462399482 0 3.237740916 0.2394653075 0.8290856229 1


