mesh: pSphereShape1 tranform: pSphere1 0.09567748372 0.109060588 0.02257746854 0 -0.03883765052 0.04638559363 -0.05948193169 0 -0.09182677458 0.05867416133 0.105712303 0 -1.076259485 0.01334221103 -0.3572066032 1


mesh: pSphereShape2 tranform: pSphere2 0.1311068186 0.2183988769 0.05103400702 0 -0.1129423087 0.07597926088 -0.03500172864 0 -0.04172433386 -0.00425480696 0.1253985354 0 -0.8541330051 0.2791548396 -0.2890636355 1


mesh: pSphereShape3 tranform: pSphere3 0.05078162711 0.262406868 0.1216645393 0 -0.1164401723 0.04497258677 -0.04839614125 0 -0.0616289746 -0.03971229085 0.1113750773 0 -0.6850400539 0.686399624 -0.1572068814 1


mesh: pSphereShape4 tranform: pSphere4 0.02601922448 -0.02788236908 0.176674725 0 -0.04230809214 0.1397175506 0.02828067264 0 -0.1633770072 -0.05266047681 0.01575009768 0 -0.65021577 0.922779313 0.08465991878 1


mesh: pSphereShape5 tranform: pSphere5 0.01822900064 -0.0307890913 0.1833300977 0 -0.03704777396 0.1310007171 0.02568447295 0 -0.1693567125 -0.04956466057 0.008515528988 0 -0.6273159738 0.892741993 0.3785963664 1


mesh: pSphereShape6 tranform: pSphere6 0.06038332493 -0.2499469435 0.06992382221 0 -0.04740167609 0.01500776725 0.09458030399 0 -0.09097964319 -0.03325889131 -0.04031966188 0 -0.5551546956 0.5871384873 0.5058868376 1


mesh: pSphereShape7 tranform: pSphere7 -0.004094420574 -0.2386165778 0.0790530291 0 -0.05014602139 0.02814488016 0.08235631395 0 -0.1101527617 -0.01826265577 -0.06082985321 0 -0.5432711904 0.1256605784 0.6046574216 1


mesh: pSphereShape8 tranform: pSphere8 0.1000696705 -0.1604387135 0.009302583677 0 -0.02720210131 -0.01516101052 0.03114105736 0 -0.06699860852 -0.04649455197 -0.08115997151 0 -0.5044151878 -0.2171935441 0.6618531229 1


mesh: pSphereShape10 tranform: pSphere10 -0.01125221861 -0.03284167536 0.1801706309 0 0.02259729455 0.150393747 0.02882518802 0 -0.2203902805 0.03454573594 -0.007467031472 0 -0.6191637906 1.332145649 0.3168185322 1


mesh: pSphereShape11 tranform: pSphere11 0.0001959608175 -0.0115111472 0.0425091884 0 -0.09058478326 0.1402892238 0.0384067783 0 -0.09731431297 -0.05861342075 -0.01542344012 0 -0.7024705715 1.156826609 0.2665879454 1


mesh: pSphereShape12 tranform: pSphere12 0.02488401629 -0.05347563588 0.3108902582 0 -0.03811445549 0.158468248 0.03030854396 0 -0.2530765823 -0.06268160139 0.009474800921 0 -0.5981406259 0.7320814996 0.1610209208 1


mesh: pSphereShape13 tranform: pSphere13 0.008637496904 -0.02885178906 0.2170060817 0 -0.05942073407 0.1961037754 0.02843787198 0 -0.1872969659 -0.05673934591 -8.872874037e-05 0 -0.584227533 0.504488476 0.1328370362 1


mesh: pSphereShape14 tranform: pSphere14 0.0007856856098 -0.008778258477 0.2213851197 0 -0.06331127359 0.2330110158 0.009463931832 0 -0.1843786285 -0.05004338203 -0.001329945336 0 -0.5424403756 0.3163480863 0.1170106385 1


mesh: pSphereShape15 tranform: pSphere15 0.008012394319 0.002430695629 0.1515293539 0 -0.02650935049 0.3790763098 -0.004679065418 0 -0.1873573776 -0.01297731707 0.01011503749 0 -0.4785818432 -0.2806119381 -0.05780605513 1


mesh: pSphereShape16 tranform: pSphere16 -0.005357983496 0.01179766896 0.09937488004 0 -0.3312466315 0.1436528169 -0.03491407852 0 -0.03362599214 -0.07579137188 0.007184854006 0 -0.1964990596 -0.8074773024 -0.05877144819 1


mesh: pSphereShape17 tranform: pSphere17 -0.03324753795 -0.02055324983 0.1053542035 0 -0.09927972749 0.0104290631 -0.02929598692 0 -0.01182795362 -0.2723131231 -0.05685743701 0 0.2247533861 -1.173669116 -0.05674942803 1


mesh: pSphereShape18 tranform: pSphere18 -0.005929265067 0.001834772461 0.1276922473 0 0.1702831662 0.3151705212 0.003378340077 0 -0.1283548798 0.06942330849 -0.006957556927 0 -0.665722207 -0.2360282731 0.2898869069 1


mesh: pSphereShape19 tranform: pSphere19 -0.002354784978 -0.001659007804 0.08640359097 0 -0.1311807994 0.4097385848 0.004292147237 0 -0.09589329667 -0.03066739445 -0.003202245857 0 -0.763827815 -0.8967369661 0.3012505402 1


mesh: pSphereShape20 tranform: pSphere20 0.01989176577 0.01085999689 0.1131718975 0 -0.003753576283 0.08155062517 -0.007165862665 0 -0.2577036809 -0.007815448001 0.04604550346 0 -0.8651167334 -1.315567164 0.3075826643 1


mesh: pSphereShape21 tranform: pSphere21 0.0009363593685 -0.01046169672 0.2638409413 0 0.0609132086 0.1321857839 0.00502519026 0 -0.2404806784 0.1106179438 0.005239625467 0 -0.4484580854 0.1619322425 0.1147006132 1


