mesh: pSphereShape1 tranform: pSphere1 0.0694448891 0.1258861874 0.02980285269 0 -0.05453288936 0.04185474272 -0.04972354655 0 -0.0914915493 0.02227673875 0.119092183 0 2.878011128 -0.123062888 -0.5314414874 1


mesh: pSphereShape2 tranform: pSphere2 0.08388002462 0.2402075532 0.05249771475 0 -0.1181566061 0.05316373436 -0.05446620929 0 -0.05748541421 -0.00591840979 0.1189294567 0 3.039814053 0.1801626732 -0.4509318241 1


mesh: pSphereShape3 tranform: pSphere3 -0.002812918167 0.2730039911 0.1081633323 0 -0.1143783703 0.0246053548 -0.06507840419 0 -0.06928386329 -0.04258023257 0.1056705942 0 3.125330125 0.6169918124 -0.3271461628 1


mesh: pSphereShape4 tranform: pSphere4 0.02366133642 -0.01567163975 0.1785018931 0 -0.06228172715 0.1335386006 0.01997983146 0 -0.1548911423 -0.07433588968 0.01400526404 0 3.109916294 0.8674051537 -0.09789216261 1


mesh: pSphereShape5 tranform: pSphere5 -0.00841233907 -0.0261725347 0.1847550278 0 -0.05610057585 0.1257508983 0.01525957219 0 -0.1613372375 -0.06988377518 -0.01724585856 0 3.102061153 0.8480090181 0.1948938867 1


mesh: pSphereShape6 tranform: pSphere6 0.00468004425 -0.2528032971 0.08412818535 0 -0.05721522084 0.02753978429 0.08593930801 0 -0.08859604271 -0.01921931842 -0.052825027 0 3.117979085 0.5456715763 0.3394398015 1


mesh: pSphereShape7 tranform: pSphere7 -0.1364137041 -0.2041577166 0.05399023025 0 -0.04782997608 0.05102533986 0.07209735271 0 -0.08798567928 0.03651890935 -0.08421588959 0 2.96104282 0.1236084261 0.4212637902 1


mesh: pSphereShape8 tranform: pSphere8 -0.01649170413 -0.1885934271 -0.0012652165 0 -0.02808416171 0.002228746139 0.03385097578 0 -0.08805722895 0.008193964606 -0.07359538883 0 2.803652502 -0.1854384071 0.4630610707 1


mesh: pSphereShape10 tranform: pSphere10 -0.01288713087 -0.02438589129 0.1813998194 0 0.005066980121 0.153279412 0.0209655882 0 -0.2225351344 0.009346934806 -0.01455296964 0 3.078812619 1.291976214 0.1006054996 1


mesh: pSphereShape11 tranform: pSphere11 -0.001160469971 -0.006537796381 0.04353718568 0 -0.1131122721 0.1276957325 0.01616056004 0 -0.08606443772 -0.07452878432 -0.01348569511 0 3.013659181 1.101698295 0.04989932567 1


mesh: pSphereShape12 tranform: pSphere12 0.009838125801 -0.0378168648 0.3140138636 0 -0.05865126134 0.1537186169 0.02034997616 0 -0.2438876352 -0.09259057763 -0.003509679816 0 3.183432178 0.6890665102 -0.01024274031 1


mesh: pSphereShape13 tranform: pSphere13 0.0006364823939 -0.025392106 0.2176086106 0 -0.09493117445 0.1825341897 0.02157703917 0 -0.1738797589 -0.08925916919 -0.009906808716 0 3.232763212 0.4641879226 -0.02997350745 1


mesh: pSphereShape14 tranform: pSphere14 -0.007853617941 -0.01266744371 0.221058596 0 -0.1061307402 0.2169177122 0.008659616315 0 -0.1715069141 -0.08347850751 -0.01087679518 0 3.309318618 0.2865544338 -0.04332080287 1


mesh: pSphereShape15 tranform: pSphere15 -0.01214074093 -0.005444917503 0.1511760799 0 -0.05745558496 0.3755568068 0.008912272757 0 -0.1853067152 -0.02797259032 -0.01588921522 0 3.440745487 -0.2947477864 -0.2331476147 1


mesh: pSphereShape16 tranform: pSphere16 -0.01713319868 0.005120783236 0.0986077626 0 -0.3156729589 0.1670179913 -0.06352187988 0 -0.03845023704 -0.07375713835 -0.002850498027 0 3.747727144 -0.8382621944 -0.2277192382 1


mesh: pSphereShape17 tranform: pSphere17 -0.04196639588 -0.01058108979 0.1037024841 0 -0.09620097279 0.01218755391 -0.03768714452 0 -0.02060429944 -0.2752739926 -0.03642523178 0 4.144683898 -1.23344564 -0.1746373909 1


mesh: pSphereShape18 tranform: pSphere18 -0.01999838357 -0.01240979537 0.1256578458 0 0.1394064857 0.325505741 0.05433297034 0 -0.1326228168 0.05934410673 -0.01524611319 0 3.242330129 -0.2647179616 0.0785076004 1


mesh: pSphereShape19 tranform: pSphere19 -0.01152549465 -0.01131960698 0.08492883682 0 -0.1803728623 0.3896464578 0.02745543671 0 -0.09045816893 -0.04062782454 -0.01769088339 0 3.21391186 -0.9242831104 0.01450554194 1


mesh: pSphereShape20 tranform: pSphere20 -0.002810450084 0.009922293386 0.1149571648 0 -0.00210213789 0.08161600603 -0.007095911872 0 -0.261737758 -0.00724341513 -0.005773712452 0 3.160819479 -1.327362569 -0.04307697088 1


mesh: pSphereShape21 tranform: pSphere21 -0.009359734535 -0.01509672501 0.2634517991 0 0.03482432621 0.1410996318 0.009322725437 0 -0.2569019137 0.06376670855 -0.005472975532 0 3.430519125 0.1524197962 -0.04254880395 1


