mesh: pSphereShape1 tranform: pSphere1 0.09302528603 0.1135921671 -0.001118287152 0 -0.04304927378 0.03462089985 -0.06439130308 0 -0.08867294648 0.07359107027 0.09885022849 0 0.1999447855 0.1483231276 -0.3735139764 1


mesh: pSphereShape2 tranform: pSphere2 0.1308244285 0.2243977359 0.004707677101 0 -0.1155248466 0.06822955893 -0.04186491719 0 -0.03518325959 0.01786432412 0.1262015066 0 0.4199308721 0.4243007542 -0.3643066216 1


mesh: pSphereShape3 tranform: pSphere3 0.04905128924 0.2805003784 0.07177678519 0 -0.119694202 0.03363550722 -0.04964860947 0 -0.05542116659 -0.02087849029 0.1194662602 0 0.5864570189 0.8493956411 -0.3144765689 1


mesh: pSphereShape4 tranform: pSphere4 0.04710845637 0.01093901549 0.1741537145 0 -0.02791691766 0.1460437617 -0.001621855011 0 -0.1632404793 -0.03069236864 0.0460842958 0 0.6412552999 1.134003626 -0.1230769441 1


mesh: pSphereShape5 tranform: pSphere5 0.03808856327 0.01063122524 0.1825552731 0 -0.02688261737 0.1358875672 -0.002304677672 0 -0.1695227272 -0.03290428494 0.03728563887 0 0.6972591659 1.169807369 0.1654701938 1


mesh: pSphereShape6 tranform: pSphere6 -0.008136220025 -0.2311996267 0.1322478579 0 -0.06026990081 0.04539796397 0.07565811127 0 -0.08658146852 -0.02710285265 -0.05270871985 0 0.7070608811 0.8976929819 0.3610759158 1


mesh: pSphereShape7 tranform: pSphere7 -0.130835215 -0.192795703 0.09442446884 0 -0.0514692442 0.06351276045 0.05836408442 0 -0.08685478534 0.01397834075 -0.09180565784 0 0.5454923819 0.4968838902 0.5242413355 1


mesh: pSphereShape8 tranform: pSphere8 0.01033495162 -0.1883079966 0.01656336345 0 -0.02567931385 0.001734034137 0.03573712321 0 -0.0932603604 -0.01096604237 -0.06648119264 0 0.4122061514 0.1885372053 0.6217605614 1


mesh: pSphereShape10 tranform: pSphere10 0.00741077573 -0.003578500721 0.1833000793 0 0.01873024986 0.1536357998 0.002242116538 0 -0.2213826617 0.02685122415 0.009474651556 0 0.6771454365 1.582867596 0.02137545757 1


mesh: pSphereShape11 tranform: pSphere11 0.00426309297 -0.001171128442 0.0438181527 0 -0.09574573911 0.1415025419 0.01309709797 0 -0.09442833395 -0.06458418276 0.00746084381 0 0.5952964938 1.397966727 0.001167758816 1


mesh: pSphereShape12 tranform: pSphere12 0.05934614186 0.01749259974 0.3103283019 0 -0.01937323606 0.1645513649 -0.005570566191 0 -0.2544461615 -0.02825569174 0.05025214719 0 0.686614428 0.9615701351 -0.008697338422 1


mesh: pSphereShape13 tranform: pSphere13 0.04060196411 0.01463156798 0.2147930848 0 -0.03601741388 0.2035905869 -0.007060151723 0 -0.1892700863 -0.03216727739 0.03796861042 0 0.6758579693 0.7332786992 0.01588105685 1


mesh: pSphereShape14 tranform: pSphere14 0.03910779218 0.01371900458 0.217649755 0 -0.03875170415 0.2383806088 -0.008062729372 0 -0.1855414104 -0.02897266819 0.03516471262 0 0.6970740127 0.5401397069 0.02413828374 1


mesh: pSphereShape15 tranform: pSphere15 0.03043421492 0.01736295995 0.1476602114 0 -0.01604963994 0.3774633568 -0.04107689471 0 -0.1840864294 -0.003651594497 0.038371396 0 0.6899501616 -0.05616023243 -0.1148271593 1


mesh: pSphereShape16 tranform: pSphere16 0.01918964704 0.01376442646 0.09739382821 0 -0.118177247 0.3420320105 -0.02505389552 0 -0.07705513757 -0.0252502172 0.01875083549 0 0.7742879808 -0.7544273171 -0.08055146618 1


mesh: pSphereShape17 tranform: pSphere17 0.003856551113 0.01344499788 0.111497543 0 -0.04456601859 0.09350194273 -0.009733508592 0 -0.2514148358 -0.1174527246 0.02285921042 0 0.7477187496 -1.279994475 -0.04350550974 1


mesh: pSphereShape18 tranform: pSphere18 0.007935130339 -0.0007834022655 0.127594093 0 0.155909341 0.3224483888 -0.007716298773 0 -0.1312188191 0.06365119243 0.008551359196 0 0.5789625536 -0.0325698092 0.201629605 1


mesh: pSphereShape19 tranform: pSphere19 0.006975305732 -0.002978201013 0.08611825173 0 -0.1217354466 0.4119610062 0.02410690652 0 -0.09627012952 -0.02884596869 0.006800004429 0 0.4916733257 -0.7038400772 0.2110971986 1


mesh: pSphereShape20 tranform: pSphere20 0.0333854126 0.007676589378 0.1102178954 0 -0.01719320969 0.08012613758 -0.0003728347113 0 -0.2446105277 -0.05212608548 0.07772398408 0 0.3929187252 -1.155570946 0.2239276486 1


mesh: pSphereShape21 tranform: pSphere21 0.04660763431 0.01634994749 0.2593892322 0 0.07283462393 0.1243622739 -0.02092595023 0 -0.2244510578 0.136788454 0.03170774944 0 0.7744334681 0.3767463333 0.0247547532 1


