mesh: pSphereShape1 tranform: pSphere1 -0.009892637046 0.1245035024 0.07719552096 0 0.04160882481 0.04132186775 -0.06131309432 0 -0.13191388 0.0317545507 -0.06811961173 0 -7.662084124 0.09444380088 -0.05119782919 1


mesh: pSphereShape2 tranform: pSphere2 -0.02335284442 0.2365643683 0.1048021064 0 0.028394346 0.05808864967 -0.1247934456 0 -0.1289533041 0.0002227304269 -0.02923716551 0 -7.693860149 0.3921279002 0.1358261079 1


mesh: pSphereShape3 tranform: pSphere3 -0.08655643203 0.2737809314 0.06156609317 0 0.03619085946 0.0390631452 -0.1228304773 0 -0.1222116734 -0.02850179963 -0.04507281546 0 -7.771021379 0.8256415059 0.2910332546 1


mesh: pSphereShape4 tranform: pSphere4 -0.1666964567 -0.01365237973 0.06851488039 0 -0.01970315002 0.1461805472 -0.01880953375 0 -0.0625897717 -0.02876831854 -0.1580131077 0 -7.976971382 1.085689533 0.37590518 1


mesh: pSphereShape5 tranform: pSphere5 -0.177756353 -0.01449281478 0.05552320793 0 -0.0166531442 0.1363903015 -0.01771372437 0 -0.04994649762 -0.0278085412 -0.1671612942 0 -8.259116551 1.081923446 0.4638669789 1


mesh: pSphereShape6 tranform: pSphere6 -0.127633294 -0.2237946716 -0.06807825364 0 -0.08404557905 0.05768049387 -0.0320450799 0 0.04089680111 0.00601258977 -0.09643871051 0 -8.442058046 0.8105140546 0.4195542702 1


mesh: pSphereShape7 tranform: pSphere7 -0.1071564759 -0.1441945649 -0.1758676605 0 -0.06600856224 0.073099248 -0.01971521849 0 0.07904577517 0.04781510252 -0.08736651507 0 -8.617482195 0.4757919724 0.1544960368 1


mesh: pSphereShape8 tranform: pSphere8 -0.01192695406 -0.1762307311 -0.06812881185 0 -0.04384033263 0.003718239323 -0.001943177892 0 0.008221205466 0.04089598913 -0.107226059 0 -8.746833566 0.2274681032 -0.05553717848 1


mesh: pSphereShape10 tranform: pSphere10 -0.1828660868 0.01504313777 -0.0005853454131 0 0.01269534884 0.1542581966 -0.001745053687 0 0.0005033129883 -0.002566281315 -0.223190952 0 -8.088653002 1.516982755 0.3720672724 1


mesh: pSphereShape11 tranform: pSphere11 -0.04373132732 0.0005628330505 0.005179791432 0 -0.01149688193 0.1298813712 -0.1111773404 0 -0.01117107262 -0.07476650605 -0.08618971989 0 -8.095770204 1.323929523 0.3174260428 1


mesh: pSphereShape12 tranform: pSphere12 -0.2946813082 -0.02525853739 0.112501304 0 -0.01761240805 0.1645874483 -0.00918042007 0 -0.09093398852 -0.02330847297 -0.2434219307 0 -8.06271633 0.8981189123 0.423970716 1


mesh: pSphereShape13 tranform: pSphere13 -0.2042210624 -0.02972648179 0.07354430986 0 -0.03363632553 0.2038220335 -0.01101831222 0 -0.06331181982 -0.02039777995 -0.1840517828 0 -8.055717508 0.6710215959 0.3959258461 1


mesh: pSphereShape14 tranform: pSphere14 -0.2070793302 -0.02007876132 0.07618425483 0 -0.0295113771 0.2392202902 -0.01716823373 0 -0.06380531387 -0.02070980348 -0.1788898361 0 -8.032853653 0.4773478384 0.3979578709 1


mesh: pSphereShape15 tranform: pSphere15 -0.1500855678 -0.003273649092 0.02224539064 0 0.005057700374 0.3695464441 0.08850612 0 -0.02775323211 0.04368542832 -0.1808171815 0 -7.852386261 -0.1045956372 0.2505126675 1


mesh: pSphereShape16 tranform: pSphere16 -0.09924966904 0.004014789472 0.01329076465 0 -0.0002986753903 0.3466184405 -0.1069346676 0 -0.0115299854 -0.02430751658 -0.07875827322 0 -7.824615534 -0.7861443364 0.2166780366 1


mesh: pSphereShape17 tranform: pSphere17 -0.1081456238 -0.01836369455 -0.02438527877 0 -0.01456892113 0.1022619523 -0.01239855385 0 0.06481488493 -0.02347362 -0.2697686518 0 -7.75656635 -1.252970738 0.147673735 1


mesh: pSphereShape18 tranform: pSphere18 -0.09265967302 0.01427295856 0.08691547751 0 0.07226548628 0.3503388145 0.0195100458 0 -0.09624199374 0.02580194124 -0.1068396789 0 -8.254907266 -0.1211904177 0.4832738817 1


mesh: pSphereShape19 tranform: pSphere19 -0.06179709502 0.009408114574 0.05972004922 0 -0.04451898888 0.4132457908 -0.1111688289 0 -0.0696653395 -0.02580422084 -0.06802316126 0 -8.320276209 -0.824562781 0.5535452364 1


mesh: pSphereShape20 tranform: pSphere20 -0.02985603055 0.009050030959 0.1111225209 0 -0.006077828824 0.08130720694 -0.008254785579 0 -0.2522408419 -0.0255248428 -0.06569244116 0 -8.477981528 -1.257292675 0.5642759645 1


mesh: pSphereShape21 tranform: pSphere21 -0.246791679 -0.02392933768 0.09079438372 0 0.01756527512 0.1207090793 0.07955835772 0 -0.08856410577 0.1461611943 -0.2022079234 0 -7.998746011 0.3105465387 0.458754706 1


