mesh: pSphereShape1 tranform: pSphere1 -0.01820759239 0.1377734102 0.0473825479 0 0.01430426996 0.02888145651 -0.0784814368 0 -0.1484595357 -0.009155192838 -0.03042783974 0 4.742998353 -0.07740637727 -0.4240815161 1


mesh: pSphereShape2 tranform: pSphere2 -0.03657388668 0.2502553946 0.05938118793 0 0.001839265407 0.03270039116 -0.136679317 0 -0.1308980569 -0.01770707163 -0.005997867523 0 4.699294288 0.2495778103 -0.2989210858 1


mesh: pSphereShape3 tranform: pSphere3 -0.0979864241 0.2736804543 0.04166614673 0 0.009880147799 0.02354518706 -0.1314193312 0 -0.1253127234 -0.04227850454 -0.01699569999 0 4.603079598 0.6993902718 -0.2021027813 1


mesh: pSphereShape4 tranform: pSphere4 -0.1248728913 0.02318014528 0.1285994824 0 -0.01338358125 0.1429313389 -0.03875922045 0 -0.1236520861 -0.04208097242 -0.1124837378 0 4.418350924 0.9881424695 -0.0894445992 1


mesh: pSphereShape5 tranform: pSphere5 -0.1477414125 0.02122588933 0.1123037221 0 -0.009882034852 0.1328296564 -0.03810571274 0 -0.1073608434 -0.04601061036 -0.1325425929 0 4.190682529 1.040933202 0.08919835215 1


mesh: pSphereShape6 tranform: pSphere6 -0.08997184269 -0.2280519375 0.1044334368 0 -0.09459275736 0.04596817372 0.01888711562 0 -0.03356208265 -0.03014052622 -0.09473256963 0 4.046379759 0.7770748846 0.2420482008 1


mesh: pSphereShape7 tranform: pSphere7 -0.1426248637 -0.203596042 0.03756084156 0 -0.08116198077 0.05850197579 0.008920307999 0 -0.02020891025 -0.008943805961 -0.1252159528 0 3.834191185 0.3649355961 0.3177520098 1


mesh: pSphereShape8 tranform: pSphere8 0.001189880184 -0.1754590527 0.07108982222 0 -0.04374396087 0.001658689742 0.004826038276 0 -0.01331208387 -0.04299182622 -0.1058866809 0 3.694045741 0.04974376192 0.376540333 1


mesh: pSphereShape10 tranform: pSphere10 -0.09592437761 0.01241268926 0.1559201181 0 -0.01914330986 0.1517372344 -0.02385694205 0 -0.1882613989 -0.0414425453 -0.1125220035 0 4.239015579 1.425316137 -0.08727318133 1


mesh: pSphereShape11 tranform: pSphere11 -0.02791261371 0.005006148435 0.03369570422 0 -0.09817681588 0.1020449464 -0.09648777972 0 -0.05957501451 -0.09117187787 -0.0358049918 0 4.238896237 1.219714512 -0.1228758753 1


mesh: pSphereShape12 tranform: pSphere12 -0.2468234455 0.03591438603 0.1947304654 0 -0.004400160662 0.1618904269 -0.03543491814 0 -0.1631125718 -0.04775871619 -0.1979391459 0 4.343531866 0.8257598152 0.02427571027 1


mesh: pSphereShape13 tranform: pSphere13 -0.171183776 0.0317241507 0.1329976114 0 -0.005458021306 0.1994616342 -0.0546030531 0 -0.1220264135 -0.04349513997 -0.1466875656 0 4.314444185 0.5994181748 0.04795335416 1


mesh: pSphereShape14 tranform: pSphere14 -0.1752767223 0.03269724198 0.1315218892 0 -0.003151194696 0.2334696125 -0.06224168116 0 -0.1168383344 -0.04040968923 -0.1456621025 0 4.311599613 0.409474097 0.08951121609 1


mesh: pSphereShape15 tranform: pSphere15 -0.1217042203 -0.0002317873342 0.09066024976 0 0.02641938805 0.3773570021 0.03643071363 0 -0.111593245 0.02226978194 -0.1497481758 0 4.436879408 -0.187687008 -0.01703628369 1


mesh: pSphereShape16 tranform: pSphere16 -0.08065182612 0.002160329364 0.05944641019 0 -0.0292554262 0.3576972339 -0.05269026969 0 -0.04894298464 -0.01371080327 -0.06590341155 0 4.447782413 -0.8912236259 -0.05433977485 1


mesh: pSphereShape17 tranform: pSphere17 -0.09951272557 -0.001016833812 0.05218741756 0 -0.003017918142 0.1039252884 -0.00372975943 0 -0.1290834298 -0.0125910026 -0.2463859583 0 4.399878507 -1.363557303 -0.1795969703 1


mesh: pSphereShape18 tranform: pSphere18 -0.1244546737 0.01307154068 0.02615342423 0 0.05277999486 0.3455412422 0.07845858411 0 -0.02555545709 0.03555051715 -0.1393773937 0 4.124477532 -0.1718491695 0.1476565548 1


mesh: pSphereShape19 tranform: pSphere19 -0.08392484111 0.007381048829 0.01939120973 0 -0.002931737956 0.3977218833 -0.1640769362 0 -0.0241652377 -0.0374446357 -0.09033387157 0 4.048075293 -0.8575857092 0.1815887682 1


mesh: pSphereShape20 tranform: pSphere20 -0.1138325251 -0.001952730214 0.01896953751 0 -0.005690036365 0.07745057926 -0.02617202031 0 -0.03926570082 -0.08548066075 -0.2444252813 0 4.042443062 -1.319602706 0.1304479094 1


mesh: pSphereShape21 tranform: pSphere21 -0.2088901705 0.03896770982 0.1567443155 0 0.055688582 0.1276859651 0.04247150996 0 -0.1264005199 0.1211798061 -0.1985777002 0 4.341307642 0.2529712437 0.1749895748 1


