mesh: pSphereShape1 tranform: pSphere1 0.05945185408 0.1330411243 -0.01799086223 0 0.01628179356 0.003971058772 0.08316982916 0 0.1357273054 -0.06383317882 -0.02352293713 0 -0.1128166329 0.03330762194 1.130013922 1


mesh: pSphereShape2 tranform: pSphere2 0.1037634284 0.2380772676 -0.006625917986 0 -0.004608864783 0.005914757987 0.140348524 0 0.1211438897 -0.05262682459 0.006196080396 0 0.02398037712 0.3534021506 1.072733305 1


mesh: pSphereShape3 tranform: pSphere3 0.1470361028 0.2532671278 -0.02178404393 0 -0.006637567072 0.01527903564 0.1328364692 0 0.1152329171 -0.0657535525 0.01332101869 0 0.221646382 0.7828896976 1.03761352 1


mesh: pSphereShape4 tranform: pSphere4 0.1225343106 -0.01859936417 -0.1315590794 0 0.02199888757 0.1470602711 -0.0003010739812 0 0.1241226799 -0.01832564472 0.1181988535 0 0.4480768074 1.025654935 0.926789769 1


mesh: pSphereShape5 tranform: pSphere5 0.1401138195 -0.01918254215 -0.1220259685 0 0.01831693085 0.1373229747 -0.0005551982747 0 0.1144712669 -0.01472806711 0.1337545475 0 0.6684178377 1.014904294 0.7302531298 1


mesh: pSphereShape6 tranform: pSphere6 0.1143646003 -0.2406159616 0.005801603171 0 0.09188605623 0.04286015925 -0.03372751541 0 0.02898854451 0.01617815039 0.09953419612 0 0.8291461401 0.7252378121 0.694648152 1


mesh: pSphereShape7 tranform: pSphere7 0.1677776131 -0.1719622345 0.07405186921 0 0.07465719462 0.05894817391 -0.03226044438 0 0.005953403002 0.05509060661 0.1144421627 0 1.083671556 0.3564491611 0.8241466814 1


mesh: pSphereShape8 tranform: pSphere8 0.02341705577 -0.1846428033 0.03463718391 0 0.0429183208 0.003726784468 -0.009149034204 0 0.02153001962 0.02347014443 0.1105581678 0 1.266397162 0.07836370593 0.9326063835 1


mesh: pSphereShape10 tranform: pSphere10 0.1100631435 -0.01299019704 -0.1462327034 0 0.01489228467 0.1540516073 -0.002475978758 0 0.1772944637 -0.01497307815 0.1347721048 0 0.614849058 1.44682229 0.8446519156 1


mesh: pSphereShape11 tranform: pSphere11 0.0286135133 -0.00158419789 -0.03344148895 0 0.09303215826 0.1235640324 0.07374752427 0 0.06100040721 -0.07932141428 0.05595135978 0 0.6198260849 1.254050997 0.9092130584 1


mesh: pSphereShape12 tranform: pSphere12 0.2254098352 -0.03318473636 -0.2195923268 0 0.01787340764 0.1646853697 -0.006540295497 0 0.1809322217 -0.01218766177 0.1875673308 0 0.5083111952 0.8349765476 0.8565822751 1


mesh: pSphereShape13 tranform: pSphere13 0.1581128199 -0.02672929802 -0.1492801137 0 0.02660282477 0.2049776464 -0.008525321446 0 0.1331097954 -0.01132736555 0.1430139428 0 0.5191468851 0.6093643991 0.893371157 1


mesh: pSphereShape14 tranform: pSphere14 0.1601458671 -0.0156596241 -0.1523060201 0 0.01829879955 0.2408871689 -0.005526540553 0 0.1312323228 -0.006787178856 0.1386852521 0 0.50815395 0.416297645 0.9072770535 1


mesh: pSphereShape15 tranform: pSphere15 0.09356576999 -0.02107157799 -0.1176124447 0 -0.05232669531 0.3610836467 -0.1063202946 0 0.1457972172 0.05251059127 0.106580115 0 0.4353602519 -0.1572737862 1.139714802 1


mesh: pSphereShape16 tranform: pSphere16 0.06597258789 -0.002144183579 -0.07540742594 0 0.1700602806 0.2879091971 0.1405960554 0 0.04901483408 -0.05059516134 0.04432084403 0 0.3435067694 -0.7733338578 1.176485784 1


mesh: pSphereShape17 tranform: pSphere17 0.09804126505 -0.03033959008 -0.04576857738 0 0.04532305952 0.08399124019 0.04140985807 0 0.06163369415 -0.1460994203 0.2288740981 0 0.1623243402 -1.251098274 1.168929146 1


mesh: pSphereShape18 tranform: pSphere18 0.07524450347 -0.02176824402 -0.1010358393 0 0.04299377898 0.3529222695 -0.04401856373 0 0.1167992657 -0.003291143546 0.08769309217 0 0.5716366797 -0.1936906579 0.8164392201 1


mesh: pSphereShape19 tranform: pSphere19 0.05034518467 -0.01372271651 -0.06892697066 0 0.1386391253 0.4067931208 0.02027516485 0 0.07517856436 -0.0286426862 0.06061392411 0 0.4347027756 -0.9018934215 0.83973388 1


mesh: pSphereShape20 tranform: pSphere20 0.04524903553 0.007063897881 -0.1059439777 0 -0.001139760987 0.08179227072 0.004966768041 0 0.2409081384 -0.002879402609 0.1027007042 0 0.4980456631 -1.313414487 0.9364656418 1


mesh: pSphereShape21 tranform: pSphere21 0.1908576167 -0.01866272661 -0.1815142941 0 -0.05572662609 0.114670089 -0.07038513208 0 0.1523484662 0.1621311088 0.1435206893 0 0.4634951959 0.2447205592 0.8719336067 1


