mesh: pSphereShape1 tranform: pSphere1 -0.05792223124 0.131700982 0.02929165905 0 -0.0687423168 -0.02011927495 -0.0454730167 0 -0.06580745792 -0.0566418609 0.1245430962 0 3.058065678 -0.03783380994 -0.4001816438 1


mesh: pSphereShape2 tranform: pSphere2 -0.1197100659 0.2282818722 0.03237937852 0 -0.0911721737 -0.03339686641 -0.1016180016 0 -0.0800897112 -0.05474272419 0.08984814077 0 2.931791569 0.2828438645 -0.3247678705 1


mesh: pSphereShape3 tranform: pSphere3 -0.1350283888 0.2505452726 0.07233808626 0 -0.08821443267 -0.01898820108 -0.09889740066 0 -0.07937945929 -0.06693402089 0.08365609773 0 2.731300689 0.7047914885 -0.2411006763 1


mesh: pSphereShape4 tranform: pSphere4 0.004957033964 0.01526066643 0.1800303443 0 -0.02419502203 0.1462455413 -0.01173062732 0 -0.1700123767 -0.02756412815 0.007017728569 0 2.606998809 0.9705940205 -0.05018310503 1


mesh: pSphereShape5 tranform: pSphere5 -0.01510286838 0.01531804249 0.1855463561 0 -0.02294866866 0.1359973772 -0.01309540309 0 -0.173638818 -0.03041954597 -0.01162230487 0 2.58490242 1.013772501 0.2409447095 1


mesh: pSphereShape6 tranform: pSphere6 -0.07887278529 -0.2357105134 0.09606559727 0 -0.03719528569 0.04822812033 0.0877960421 0 -0.09333084976 0.01235025468 -0.04632437969 0 2.50550364 0.7426716632 0.4092329409 1


mesh: pSphereShape7 tranform: pSphere7 -0.1697863639 -0.165315698 0.08394836202 0 -0.02617588089 0.06391768735 0.07292923071 0 -0.08772400515 0.05128339454 -0.07643257764 0 2.238624282 0.381764499 0.5327586572 1


mesh: pSphereShape8 tranform: pSphere8 -0.04221661059 -0.1841561493 0.01205521728 0 -0.02644860019 0.008303367656 0.03422136237 0 -0.08834593288 0.01553624149 -0.0720494221 0 2.030546461 0.1107866777 0.6077590012 1


mesh: pSphereShape10 tranform: pSphere10 0.06276072177 0.01006369662 0.1721233806 0 0.001425790915 0.1544879469 -0.009552470392 0 -0.2097328857 0.006640281816 0.07608589526 0 2.576920838 1.421693637 0.06793077921 1


mesh: pSphereShape11 tranform: pSphere11 0.009917239543 0.005505938037 0.04255477665 0 -0.1107630139 0.1304355881 0.00893655438 0 -0.08357731628 -0.07295316222 0.02891642146 0 2.508185114 1.22679417 0.05841218824 1


mesh: pSphereShape12 tranform: pSphere12 0.00679053835 0.02545449466 0.3153372287 0 -0.01553794924 0.1645431181 -0.01294757012 0 -0.2596868085 -0.02393041365 0.007523849399 0 2.622091992 0.8009171174 0.07569946286 1


mesh: pSphereShape13 tranform: pSphere13 0.01039762483 0.01139301432 0.2185423533 0 -0.02864676626 0.2046679591 -0.00930678484 0 -0.1935945233 -0.02661492429 0.01059816279 0 2.602649744 0.5734146891 0.100586214 1


mesh: pSphereShape14 tranform: pSphere14 0.01648185277 0.006611069553 0.2208476593 0 -0.03144496742 0.2395411461 -0.004823921871 0 -0.1888954487 -0.02449796054 0.01483060634 0 2.617597909 0.3793456734 0.1082496554 1


mesh: pSphereShape15 tranform: pSphere15 0.03974072265 0.007933784079 0.1462497244 0 0.1020277141 0.3629952531 -0.04741602814 0 -0.1743508307 0.05480528745 0.04440360293 0 2.506628585 -0.1893169939 -0.02179868422 1


mesh: pSphereShape16 tranform: pSphere16 0.02567406773 0.009805966103 0.09637398528 0 -0.05348481039 0.3580873933 -0.02218669478 0 -0.07950762013 -0.01049693502 0.02224891507 0 2.409353271 -0.8750610341 0.01795074161 1


mesh: pSphereShape17 tranform: pSphere17 0.008961161822 0.004853008051 0.1119083953 0 -0.00293874033 0.1039067348 -0.004270686676 0 -0.2774386767 -0.006921208931 0.02251628712 0 2.2667384 -1.344610917 0.04872157702 1


mesh: pSphereShape18 tranform: pSphere18 0.02171881101 0.009658344031 0.1256138616 0 0.0998052373 0.3413019036 -0.04349887999 0 -0.138095839 0.04300438065 0.02057039162 0 2.558431381 -0.2145844446 0.3260698187 1


mesh: pSphereShape19 tranform: pSphere19 0.0192914376 0.001869935472 0.08425094438 0 -0.3574059223 0.2268810889 0.07680176286 0 -0.05137597395 -0.08555761256 0.01366279771 0 2.71456186 -0.7653124277 0.3358724494 1


mesh: pSphereShape20 tranform: pSphere20 0.04980946076 0.03363564642 0.09853507589 0 -0.07113034365 0.03212262625 0.02499108809 0 -0.06436635974 -0.2285350966 0.1105492565 0 2.991039048 -1.18416947 0.3209086209 1


mesh: pSphereShape21 tranform: pSphere21 0.01964263703 0.007878898168 0.2632004102 0 0.07785262398 0.1227101701 -0.009483464585 0 -0.2228793223 0.1423603988 0.01237192048 0 2.690166555 0.2138089966 0.111945625 1


