mesh: pSphereShape1 tranform: pSphere1 -0.0470059035 0.1373826472 0.02178504365 0 -0.05040126602 -0.006471480381 -0.06794055429 0 -0.1120396238 -0.05230458633 0.08809800049 0 -6.231667793 -0.1157147725 -0.03983643597 1


mesh: pSphereShape2 tranform: pSphere2 -0.0937897058 0.2414759378 0.0196061151 0 -0.07361270679 -0.01899324875 -0.1182131976 0 -0.1020243274 -0.04537670773 0.07082236304 0 -6.330847661 0.2169113872 0.02287174193 1


mesh: pSphereShape3 tranform: pSphere3 -0.1176012056 0.26338574 0.05510269091 0 -0.06887516694 -0.006777120262 -0.1146006797 0 -0.1011062045 -0.05858106432 0.0642292668 0 -6.492051963 0.6587452196 0.08474480552 1


mesh: pSphereShape4 tranform: pSphere4 -0.03839344969 0.0164864963 0.1758480124 0 -0.006567035946 0.1477631212 -0.01528722036 0 -0.1682693327 -0.01117094572 -0.03569144922 0 -6.629145165 0.9376682006 0.2545589543 1


mesh: pSphereShape5 tranform: pSphere5 -0.05405557149 0.0186146712 0.1778248535 0 -0.007005302871 0.1373745569 -0.01650982863 0 -0.16887036 -0.0145970919 -0.04980554502 0 -6.713988994 0.9856542621 0.5335628193 1


mesh: pSphereShape6 tranform: pSphere6 -0.1418116202 -0.2140005677 0.07142956524 0 -0.04977024704 0.05792592405 0.07473349791 0 -0.07418056416 0.02595320833 -0.06951833815 0 -6.873959621 0.7374650873 0.6746063549 1


mesh: pSphereShape7 tranform: pSphere7 -0.2364337333 -0.08512636585 0.007523859825 0 -0.02422740135 0.07300003031 0.06460146118 0 -0.03045558649 0.07598970783 -0.09729053456 0 -7.243413668 0.4775061405 0.69580097 1


mesh: pSphereShape8 tranform: pSphere8 -0.1245912375 -0.1418216383 -0.0143074896 0 -0.02957513764 0.02372118324 0.02240965659 0 -0.03917341492 0.0443676232 -0.09866334404 0 -7.554585616 0.3214559772 0.6733843124 1


mesh: pSphereShape10 tranform: pSphere10 -0.03292796221 0.02385092682 0.1789232431 0 0.02263042898 0.1522740103 -0.01613374716 0 -0.2171442241 0.02764669083 -0.04364729743 0 -6.638731142 1.390226389 0.3385765784 1


mesh: pSphereShape11 tranform: pSphere11 -0.008115403204 0.006060601832 0.04286006703 0 -0.09048713689 0.1407212051 -0.03703201848 0 -0.09503658919 -0.0634839722 -0.009017931817 0 -6.718360455 1.203244871 0.321126119 1


mesh: pSphereShape12 tranform: pSphere12 -0.05880717486 0.02625854356 0.3098125492 0 0.006177509197 0.1651690766 -0.01282652217 0 -0.2561662743 0.00576693664 -0.04911307267 0 -6.663801623 0.7687235426 0.3771694006 1


mesh: pSphereShape13 tranform: pSphere13 -0.03139108641 0.004472787768 0.2167793012 0 0.004794499531 0.2067860687 -0.003572322843 0 -0.1936302241 0.004003658261 -0.02812155301 0 -6.717321704 0.5467819033 0.3900272394 1


mesh: pSphereShape14 tranform: pSphere14 -0.02088610044 -0.001898840658 0.2205656627 0 0.00753029055 0.2415109005 0.002792225746 0 -0.1901098877 0.006135132009 -0.01794932413 0 -6.734068433 0.35289758 0.3909406257 1


mesh: pSphereShape15 tranform: pSphere15 0.009469830884 0.009933171479 0.1511386987 0 0.1728341761 0.3368456375 -0.03296743944 0 -0.1670908141 0.08620379765 0.004803830213 0 -6.917416071 -0.1862700198 0.2384781876 1


mesh: pSphereShape16 tranform: pSphere16 0.005979419355 0.01435271868 0.09900255438 0 -0.05689194878 0.3550151083 -0.04803160067 0 -0.08204642332 -0.01223766005 0.006729459334 0 -7.07841412 -0.8372936279 0.2781000581 1


mesh: pSphereShape17 tranform: pSphere17 -0.01064354151 0.0007764239832 0.1118635564 0 -0.00826052291 0.1036965819 -0.001505706927 0 -0.2763020307 -0.02238983615 -0.02613405315 0 -7.210771137 -1.314665695 0.3007305714 1


mesh: pSphereShape18 tranform: pSphere18 0.01762460813 0.007608800678 0.1263934805 0 0.1349739535 0.329586877 -0.03866199324 0 -0.1338196221 0.05659171967 0.01525334438 0 -6.884877814 -0.2337289304 0.603753819 1


mesh: pSphereShape19 tranform: pSphere19 0.01704128371 -0.0004596816736 0.08475412199 0 -0.3742421149 0.1980664212 0.07632211165 0 -0.04555548156 -0.08941876115 0.008674737025 0 -6.755790381 -0.7489410963 0.6083689859 1


mesh: pSphereShape20 tranform: pSphere20 0.0486749391 0.04147502523 0.09608367634 0 -0.07125183159 0.03448599629 0.02120933623 0 -0.06739192972 -0.2181482309 0.1283048477 0 -6.464306863 -1.137869017 0.6074508797 1


mesh: pSphereShape21 tranform: pSphere21 -0.02489150314 -0.002262988169 0.2628643341 0 0.09646298117 0.1086381523 0.01006966373 0 -0.1967702947 0.1763044707 -0.01711503956 0 -6.689881561 0.1777318792 0.3977785767 1


