mesh: pSphereShape1 tranform: pSphere1 -0.04022434622 0.1372138853 0.03335395755 0 -0.06020096249 -0.003136063582 -0.05970004868 0 -0.09856255198 -0.05373949909 0.1022124959 0 3.599248004 -0.05923747703 -0.3641387437 1


mesh: pSphereShape2 tranform: pSphere2 -0.09176768814 0.2401285145 0.03753032321 0 -0.08378078745 -0.01452713578 -0.1119092318 0 -0.09533984732 -0.04857625542 0.07768189631 0 3.510280162 0.2711290494 -0.2777806963 1


mesh: pSphereShape3 tranform: pSphere3 -0.1155902361 0.2594232274 0.0746785413 0 -0.07832785369 -0.00366424083 -0.1085096975 0 -0.09454531396 -0.0623785951 0.07035409639 0 3.352246377 0.7085146053 -0.1851759401 1


mesh: pSphereShape4 tranform: pSphere4 -0.01998732301 0.001151889737 0.1796317485 0 -0.01783625402 0.1475941801 -0.002931058659 0 -0.1700657679 -0.02092499288 -0.01878875077 0 3.22706201 0.9712099295 0.008765674231 1


mesh: pSphereShape5 tranform: pSphere5 -0.05265849411 0.001042849514 0.1792098903 0 -0.01563378132 0.1375496456 -0.005394205425 0 -0.1683238426 -0.02106637955 -0.04933718219 0 3.154069036 0.9922864806 0.2926916889 1


mesh: pSphereShape6 tranform: pSphere6 -0.1325285787 -0.219775391 0.07172108982 0 -0.04576952088 0.05377092368 0.08019616326 0 -0.07915900957 0.02706839599 -0.06332675267 0 3.006736096 0.7317874592 0.4308534335 1


mesh: pSphereShape7 tranform: pSphere7 -0.2270772436 -0.1044964411 0.02684094096 0 -0.02376855664 0.06930073364 0.06871524009 0 -0.04552124872 0.07535535163 -0.09174319296 0 2.650054552 0.4494715741 0.4724843746 1


mesh: pSphereShape8 tranform: pSphere8 -0.10807998 -0.1543560354 -0.01827539538 0 -0.02717266153 0.01534700008 0.03107558629 0 -0.0623211366 0.05319986692 -0.08076724568 0 2.353988262 0.2639465667 0.4773616478 1


mesh: pSphereShape10 tranform: pSphere10 0.006746816573 0.004070064 0.1833154641 0 0.002128591857 0.1547350325 -0.003513848149 0 -0.2230342069 0.003252908715 0.008136418519 0 3.179285597 1.412727121 0.1380062878 1


mesh: pSphereShape11 tranform: pSphere11 -0.001168552992 0.002286925802 0.0439656737 0 -0.1076167316 0.1329841593 -0.009777645213 0 -0.08916253893 -0.07205299176 0.001378090887 0 3.120131564 1.221375616 0.1098839031 1


mesh: pSphereShape12 tranform: pSphere12 -0.04296566224 0.001075268786 0.3135034389 0 -0.01083209451 0.1654145116 -0.002051885547 0 -0.257916709 -0.01732729019 -0.03528806813 0 3.220987035 0.7918440709 0.1214984273 1


mesh: pSphereShape13 tranform: pSphere13 -0.02978783845 -0.01176363544 0.2167324921 0 -0.02626929349 0.205060007 0.007519618679 0 -0.1922860699 -0.0236167571 -0.02770975985 0 3.1957743 0.5634037899 0.1210290417 1


mesh: pSphereShape14 tranform: pSphere14 -0.02735874516 -0.00320374813 0.2198414915 0 -0.02318912485 0.2405283719 0.0006193870106 0 -0.1887031335 -0.01813154664 -0.02374788223 0 3.20565372 0.3699098289 0.1170817342 1


mesh: pSphereShape15 tranform: pSphere15 0.001171768299 0.00319851114 0.1517222737 0 0.1513136591 0.3485041605 -0.00851555251 0 -0.1725211579 0.07489927201 -0.0002465777186 0 3.074746919 -0.1988619546 -0.03661217875 1


mesh: pSphereShape16 tranform: pSphere16 0.000639864205 0.001341385695 0.1002050449 0 0.1140144324 0.3443133449 -0.005337163913 0 -0.07900674004 0.02616434139 0.0001542548249 0 2.791414203 -0.8539130648 -0.06031282209 1


mesh: pSphereShape17 tranform: pSphere17 0.002176329106 0.01338814943 0.1115498279 0 0.02664779332 0.09978590055 -0.01249614582 0 -0.2690941172 0.07144513603 -0.003324799372 0 2.451888839 -1.247212807 -0.06392503863 1


mesh: pSphereShape18 tranform: pSphere18 0.002047312927 -0.01492348864 0.1269524737 0 -0.05537526711 0.3514153595 0.04220251459 0 -0.1443175641 -0.0227002831 -0.0003411056203 0 3.276155646 -0.2226847615 0.2658038212 1


mesh: pSphereShape19 tranform: pSphere19 0.002526037995 -0.009716102698 0.08586672425 0 -0.2280019865 0.361743106 0.0476398149 0 -0.08537120418 -0.05334418833 -0.003524609905 0 3.504900377 -0.8947629294 0.2009221455 1


mesh: pSphereShape20 tranform: pSphere20 0.01908347862 0.002450134655 0.1138038574 0 -0.01690624274 0.08018037836 0.001108725144 0 -0.2525828557 -0.05385947065 0.04351453981 0 3.503532035 -1.30791878 0.1627571829 1


mesh: pSphereShape21 tranform: pSphere21 -0.03260543024 -0.003818142446 0.262001286 0 0.08157484055 0.1200527258 0.01190132014 0 -0.2168710092 0.1498211628 -0.02480573329 0 3.271420474 0.2018063428 0.1269919295 1


