mesh: pSphereShape1 tranform: pSphere1 0.01501797609 0.1366678173 0.05152186849 0 -0.05356941983 0.0282803795 -0.05940222207 0 -0.1167021156 -0.02276528056 0.09440478245 0 3.50626951 -0.02660900766 -0.5056806755 1


mesh: pSphereShape2 tranform: pSphere2 -0.001343639458 0.2480896224 0.07707964116 0 -0.1028332975 0.0279182149 -0.09165053396 0 -0.09013269223 -0.02914979478 0.09225076339 0 3.545807053 0.2990242667 -0.3754595079 1


mesh: pSphereShape3 tranform: pSphere3 -0.04008971527 0.2671849174 0.1150801146 0 -0.09345331126 0.02574942819 -0.09233893724 0 -0.09372631898 -0.04903056388 0.08118488366 0 3.530659389 0.7436625908 -0.2179402836 1


mesh: pSphereShape4 tranform: pSphere4 0.001013572409 -0.007946649394 0.1805663546 0 -0.02307153566 0.1467483208 0.006587839296 0 -0.1702850122 -0.02676197395 -0.0002219230387 0 3.48128718 1.004676572 0.01392833803 1


mesh: pSphereShape5 tranform: pSphere5 -0.03271352553 -0.008700901856 0.1836962408 0 -0.02007652087 0.137046882 0.002915997026 0 -0.1720410113 -0.02452633238 -0.03179961223 0 3.440224622 1.010429493 0.3045904675 1


mesh: pSphereShape6 tranform: pSphere6 -0.07431339942 -0.2391126173 0.09116817587 0 -0.04795406158 0.04666692583 0.08330781409 0 -0.08908199846 0.006702949902 -0.05503264917 0 3.357174165 0.7258030645 0.4603618161 1


mesh: pSphereShape7 tranform: pSphere7 -0.1782905863 -0.1652834679 0.06401452142 0 -0.03454565479 0.06407146014 0.06921535898 0 -0.07825543603 0.05100170902 -0.08626899193 0 3.090699338 0.3601689941 0.5572582926 1


mesh: pSphereShape8 tranform: pSphere8 -0.05112250613 -0.1821736917 -0.006347696062 0 -0.02267667103 0.005060012718 0.03741311096 0 -0.09360889933 0.02837972979 -0.06057609087 0 2.874527793 0.09093338318 0.6139110172 1


mesh: pSphereShape10 tranform: pSphere10 0.01483802853 -0.005691724625 0.18279519 0 0.007951703542 0.1545290331 0.004166133138 0 -0.22217955 0.01093743329 0.01837553471 0 3.458429133 1.440504524 0.1692068344 1


mesh: pSphereShape11 tranform: pSphere11 0.0009037357031 -0.0004523945388 0.04402902009 0 -0.1064751772 0.1342090942 0.003564487243 0 -0.08979465034 -0.07126835138 0.001110840496 0 3.388744157 1.250405577 0.1352399446 1


mesh: pSphereShape12 tranform: pSphere12 -0.02706089143 -0.01513746664 0.3149129654 0 -0.01465316087 0.1649977986 0.006672069132 0 -0.2589149493 -0.02205122714 -0.02330888167 0 3.492649474 0.8201590315 0.1174544005 1


mesh: pSphereShape13 tranform: pSphere13 -0.0208965845 -0.01637559444 0.2174714791 0 -0.03817628469 0.2029873205 0.0116166225 0 -0.1914335199 -0.03480067554 -0.02101511653 0 3.476674913 0.5901078853 0.1101261142 1


mesh: pSphereShape14 tranform: pSphere14 -0.02237104051 -0.006497589806 0.2203323948 0 -0.03871217909 0.2385031576 0.003102875362 0 -0.1875970123 -0.03019006233 -0.01993761747 0 3.498607189 0.3974524626 0.1030915209 1


mesh: pSphereShape15 tranform: pSphere15 0.01888679025 -0.00533528412 0.1504861314 0 0.1383835658 0.353907105 -0.004820553353 0 -0.1735950685 0.06820825932 0.02420531417 0 3.380944651 -0.1666338484 -0.05928334851 1


mesh: pSphereShape16 tranform: pSphere16 0.008938661117 0.008455986095 0.09945781216 0 -0.1938724996 0.3064611014 -0.00863150134 0 -0.06994933319 -0.04396878502 0.01002488188 0 3.370316571 -0.7925691426 -0.08026626098 1


mesh: pSphereShape17 tranform: pSphere17 -0.00160787318 0.001453041218 0.1123505517 0 -0.05365289722 0.08911320541 -0.001920348514 0 -0.2385204076 -0.1436408726 -0.001555795279 0 3.445109783 -1.294253767 -0.08426618619 1


mesh: pSphereShape18 tranform: pSphere18 -0.003704868588 -0.01393783292 0.1270269394 0 0.007934598839 0.3559962981 0.03929255944 0 -0.1459951511 0.003679423866 -0.00385437653 0 3.504985601 -0.2048923982 0.2451483337 1


mesh: pSphereShape19 tranform: pSphere19 -0.001395264011 -0.009102529021 0.08595972927 0 -0.1489411087 0.4016465449 0.0401139835 0 -0.09448661228 -0.03451986906 -0.005189079623 0 3.601761546 -0.9110498576 0.1890888048 1


mesh: pSphereShape20 tranform: pSphere20 0.02214601675 0.00586782722 0.1131221588 0 -0.006206816936 0.08165962389 -0.003020701652 0 -0.2562687693 -0.01758897289 0.05108231289 0 3.518428969 -1.32986031 0.1644876313 1


mesh: pSphereShape21 tranform: pSphere21 -0.0266612155 -0.007743656001 0.2625863316 0 0.07385828229 0.1250143455 0.01118572947 0 -0.2266081311 0.1355806617 -0.01900996972 0 3.57532913 0.2339131058 0.1102247229 1


