mesh: pSphereShape1 tranform: pSphere1 -0.02031724142 0.1364802069 0.05018463566 0 0.02589960101 0.0312507656 -0.07450293221 0 -0.1430403121 -0.002607331389 -0.05081904834 0 4.738510794 -0.06757432469 -0.3574801407 1


mesh: pSphereShape2 tranform: pSphere2 -0.03994040247 0.2495004427 0.06038071351 0 0.01769775673 0.0354661724 -0.1348438883 0 -0.1295891609 -0.01563364949 -0.02112000172 0 4.686152709 0.2570089176 -0.2292212662 1


mesh: pSphereShape3 tranform: pSphere3 -0.1012718086 0.2739590382 0.03047727505 0 0.02557035299 0.02382928397 -0.1292337264 0 -0.1225419861 -0.04174526284 -0.0319436859 0 4.582965566 0.7058331248 -0.1390942161 1


mesh: pSphereShape4 tranform: pSphere4 -0.1401462521 0.01730625777 0.1128180236 0 -0.01166653862 0.1436667759 -0.03653100623 0 -0.1080095376 -0.0412778599 -0.1278409792 0 4.38538605 0.9902202135 -0.04755334148 1


mesh: pSphereShape5 tranform: pSphere5 -0.16072575 0.01566906643 0.09387173676 0 -0.007040112 0.1340108486 -0.03442305727 0 -0.08956384223 -0.04228282376 -0.1462919918 0 4.136985297 1.034410575 0.1036508179 1


mesh: pSphereShape6 tranform: pSphere6 -0.09670209874 -0.2310741323 0.09089780467 0 -0.09662117764 0.04446386051 0.0102420221 0 -0.02361444724 -0.02871404079 -0.09811720646 0 3.980641815 0.7650574315 0.2345213546 1


mesh: pSphereShape7 tranform: pSphere7 -0.1404843667 -0.2069185409 0.02555145804 0 -0.08299410013 0.05655508548 0.001679832735 0 -0.009026377505 -0.009489498524 -0.1264749006 0 3.769747781 0.347815856 0.2870909942 1


mesh: pSphereShape8 tranform: pSphere8 -0.005549635403 -0.1734615398 0.07563962953 0 -0.04395746805 0.0002311240637 -0.002695105544 0 0.006209922055 -0.04608827488 -0.1052369026 0 3.632643017 0.02925719718 0.3331626922 1


mesh: pSphereShape10 tranform: pSphere10 -0.1111631159 0.004530221495 0.1459071042 0 -0.01907453952 0.1523970552 -0.01926415905 0 -0.1754361153 -0.03870201226 -0.1324589138 0 4.198688709 1.425518744 -0.0479217689 1


mesh: pSphereShape11 tranform: pSphere11 -0.03149136929 0.003345602512 0.03060517299 0 -0.08866920802 0.1046734501 -0.1026790645 0 -0.05388663315 -0.09034965961 -0.04557039479 0 4.206251352 1.22138132 -0.09279810234 1


mesh: pSphereShape12 tranform: pSphere12 -0.2696396109 0.02642184461 0.1634869319 0 -0.002668889675 0.162887231 -0.03072673406 0 -0.1364763918 -0.04337454541 -0.218081074 0 4.300035143 0.8233300241 0.05122543688 1


mesh: pSphereShape13 tranform: pSphere13 -0.1866233213 0.02562428564 0.1118651129 0 -0.001660378757 0.2010232574 -0.04881721052 0 -0.1025016007 -0.04014054541 -0.1618075189 0 4.271781826 0.5960351314 0.06425051824 1


mesh: pSphereShape14 tranform: pSphere14 -0.1901453894 0.02733427856 0.1103929999 0 0.001389265101 0.2351044496 -0.05582100468 0 -0.09806161097 -0.03732925412 -0.1596622521 0 4.26637113 0.4048615836 0.09985059152 1


mesh: pSphereShape15 tranform: pSphere15 -0.1273447119 -0.002792057492 0.08250321583 0 0.02080028495 0.3768005792 0.04485710208 0 -0.1017864575 0.02422462054 -0.1562888239 0 4.404040074 -0.1895863985 -0.001695886218 1


mesh: pSphereShape16 tranform: pSphere16 -0.08442653486 0.0008505326485 0.05398792985 0 -0.03226245869 0.3569231913 -0.05607517141 0 -0.04422579239 -0.01482649483 -0.06892688782 0 4.42627058 -0.8909216916 -0.04398300279 1


mesh: pSphereShape17 tranform: pSphere17 -0.09972737805 0.001427829 0.05176634452 0 -0.0017133279 0.1038390294 -0.006164817696 0 -0.1282348155 -0.01675511979 -0.2465810287 0 4.382302495 -1.365306135 -0.1637795235 1


mesh: pSphereShape18 tranform: pSphere18 -0.1270610327 0.01364244983 0.003634572626 0 0.03943550256 0.3503393641 0.06361916718 0 -0.001293201993 0.02624234538 -0.1437102831 0 4.079946241 -0.1858795886 0.1511699392 1


mesh: pSphereShape19 tranform: pSphere19 -0.08597649394 0.008025351769 0.004184981695 0 0.02782997162 0.3908297273 -0.1777361794 0 -0.008292184253 -0.04106719972 -0.0916023613 0 3.995897531 -0.8721405867 0.2085959644 1


mesh: pSphereShape20 tranform: pSphere20 -0.1144135829 -0.01085579892 -0.01063879476 0 -0.004961378024 0.07761235553 -0.02583893159 0 0.0306297454 -0.08039631778 -0.2473675556 0 4.018036657 -1.322947759 0.1741443022 1


mesh: pSphereShape21 tranform: pSphere21 -0.2266102555 0.0325762716 0.131563463 0 0.04860378647 0.1269350411 0.0522869035 0 -0.1032511333 0.1256032411 -0.2089444164 0 4.287601795 0.2462739009 0.1840020364 1


