mesh: pSphereShape1 tranform: pSphere1 -0.05309424215 0.1332912472 -0.03118621031 0 0.03418380279 0.0303401381 0.07147748064 0 0.1276476906 0.03325988167 -0.07516483284 0 3.858850629 -0.02951028672 0.2690085323 1


mesh: pSphereShape2 tranform: pSphere2 -0.06584455517 0.2473777484 -0.04427506486 0 0.0992732235 0.04252221501 0.08994788773 0 0.08739608913 0.005530658687 -0.0990714465 0 3.73076068 0.2886487808 0.1856562912 1


mesh: pSphereShape3 tranform: pSphere3 0.0003194082884 0.2836895833 -0.07588488942 0 0.09254005724 0.0249020936 0.09348399492 0 0.09635586135 -0.02391843396 -0.08901157733 0 3.655106467 0.7402390925 0.0912003256 1


mesh: pSphereShape4 tranform: pSphere4 0.01932372611 0.003367511299 -0.1796764828 0 0.004650183615 0.1485878524 0.003284960486 0 0.1713025104 -0.005765965162 0.01831506154 0 3.682946179 1.023868566 -0.102721722 1


mesh: pSphereShape5 tranform: pSphere5 0.03224160018 0.00478708368 -0.1839232241 0 0.005078185466 0.1383743247 0.00449175628 0 0.1738937397 -0.007365006495 0.03029174566 0 3.734330914 1.050604648 -0.3929088129 1


mesh: pSphereShape6 tranform: pSphere6 0.03479481448 -0.2464180507 -0.09527028156 0 0.04868662589 0.04020251574 -0.08620299336 0 0.09238958312 -0.006039542492 0.04936408936 0 3.785669665 0.7619110828 -0.5562934392 1


mesh: pSphereShape7 tranform: pSphere7 0.1077645306 -0.2084494037 -0.09022011371 0 0.04400327788 0.05405334701 -0.072327501 0 0.1004690744 0.01925642881 0.07551543951 0 3.954482956 0.3418865675 -0.6843466627 1


mesh: pSphereShape8 tranform: pSphere8 -0.02701373549 -0.1852510452 -0.02816675612 0 0.03182292886 -1.149242264e-05 -0.03044465595 0 0.07782263847 -0.023717972 0.08135473329 0 4.061128862 0.01917592913 -0.7675530856 1


mesh: pSphereShape10 tranform: pSphere10 0.03533728196 0.01111989899 -0.1797060619 0 -0.01906829397 0.1535029589 0.00574891969 0 0.2172949201 0.02533363128 0.04429633146 0 3.693906932 1.469034532 -0.2182934462 1


mesh: pSphereShape11 tranform: pSphere11 0.007619660695 0.002635044519 -0.04329634304 0 0.09616994159 0.1395245518 0.02541636665 0 0.09279000924 -0.06619809488 0.0123011188 0 3.770634188 1.28066816 -0.1904453905 1


mesh: pSphereShape12 tranform: pSphere12 0.03968568612 0.005318695217 -0.3138922878 0 -0.007069057409 0.1656196718 0.001912567419 0 0.2585964875 0.0106578971 0.03287517898 0 3.707259251 0.8463150249 -0.2155586959 1


mesh: pSphereShape13 tranform: pSphere13 0.02296105224 0.002470205021 -0.2178654624 0 0.0003256384474 0.2068585454 0.002379725602 0 0.1946246231 -0.0005422777806 0.02050552919 0 3.758764345 0.6226372753 -0.2216028741 1


mesh: pSphereShape14 tranform: pSphere14 0.01869334143 0.00264046747 -0.2207546902 0 -0.003207573429 0.2416089255 0.002618292016 0 0.1903557695 0.0023521553 0.016147318 0 3.771409012 0.4286503663 -0.2235900073 1


mesh: pSphereShape15 tranform: pSphere15 -0.01225473158 0.02055689669 -0.1498615608 0 -0.05674342741 0.3716319789 0.05561783573 0 0.1853489334 0.02995379968 -0.01104782476 0 3.839754157 -0.1571210073 -0.0953880725 1


mesh: pSphereShape16 tranform: pSphere16 -0.006667181766 0.01857826739 -0.0982530225 0 0.1125908867 0.3401334528 0.05667435145 0 0.07892193358 -0.02446168045 -0.009980787276 0 3.833228353 -0.8432678076 -0.1676743539 1


mesh: pSphereShape17 tranform: pSphere17 0.004655174836 0.005211238686 -0.1121539807 0 0.02850670608 0.09988457809 0.005824368195 0 0.2675318385 -0.07679209138 0.007536295721 0 3.885153594 -1.341623019 -0.2159609112 1


mesh: pSphereShape18 tranform: pSphere18 0.006808130886 0.01306257501 -0.1269915394 0 -0.173731038 0.3124686744 0.02282720459 0 0.127526881 0.06987974334 0.01402478539 0 3.972306429 -0.138003601 -0.4176400907 1


mesh: pSphereShape19 tranform: pSphere19 0.002031283852 0.00434871073 -0.08631825099 0 0.2384565394 0.3573420956 0.02361436081 0 0.08380936466 -0.05587081843 -0.0008425265537 0 3.992871209 -0.753939542 -0.4790896122 1


mesh: pSphereShape20 tranform: pSphere20 -0.02622030609 0.02406717864 -0.1097942017 0 0.04346637347 0.06930702003 0.004811937306 0 0.2139067559 -0.1286484695 -0.07928384355 0 3.948563914 -1.220040337 -0.5365131553 1


mesh: pSphereShape21 tranform: pSphere21 0.02227823084 0.003146839425 -0.2630896121 0 -0.09458505776 0.1105337054 -0.006687287706 0 0.2000705328 0.1723525298 0.01900334722 0 3.724010766 0.2544938201 -0.2338449368 1


