mesh: pSphereShape1 tranform: pSphere1 0.03829632719 0.1266662026 0.06361760192 0 -0.0411444737 0.04285902084 -0.06056668398 0 -0.126731465 -0.003632303898 0.0835215354 0 -1.106253596 0.1830896328 -0.4403845504 1


mesh: pSphereShape2 tranform: pSphere2 0.04392150226 0.2327332264 0.1067599371 0 -0.1106381145 0.05251323054 -0.06896015089 0 -0.07842191229 -0.03180561786 0.1015983388 0 -1.007608195 0.4816376095 -0.2802420448 1


mesh: pSphereShape3 tranform: pSphere3 -0.02025349349 0.2510317213 0.1510339996 0 -0.1024904913 0.03818244971 -0.07720643435 0 -0.08529239984 -0.05780392507 0.08463756361 0 -0.9683744561 0.8975270099 -0.06956175656 1


mesh: pSphereShape4 tranform: pSphere4 -0.02375099965 -0.0407853182 0.1744730146 0 -0.0299225217 0.1426817069 0.02928033901 0 -0.167322872 -0.02902354344 -0.02956227895 0 -1.025473068 1.11830462 0.1917745764 1


mesh: pSphereShape5 tranform: pSphere5 -0.03575895777 -0.0426659102 0.1783006068 0 -0.02766450785 0.1331742727 0.02631930242 0 -0.1697718904 -0.02724931152 -0.04056902928 0 -1.08590715 1.069531897 0.4774737884 1


mesh: pSphereShape6 tranform: pSphere6 -0.04856045696 -0.2589811993 0.03974395339 0 -0.06290987877 0.02450596373 0.08282143908 0 -0.08262842473 0.005606884974 -0.0644222844 0 -1.142520573 0.7533881575 0.5717498175 1


mesh: pSphereShape7 tranform: pSphere7 -0.1796483189 -0.1758692514 0.000710494309 0 -0.04698265023 0.04829316874 0.07449644702 0 -0.0661421828 0.0672188817 -0.08528927339 0 -1.381418857 0.3655542833 0.5605386857 1


mesh: pSphereShape8 tranform: pSphere8 -0.05716658135 -0.1770306454 -0.03511681058 0 -0.03069058857 0.003687888693 0.03136978258 0 -0.07484646479 0.03961879201 -0.07788360489 0 -1.602402455 0.09695125341 0.5312110043 1


mesh: pSphereShape10 tranform: pSphere10 -0.02284003592 -0.04242742003 0.1770448844 0 0.01103594244 0.1498158622 0.03732591232 0 -0.2208977365 0.02205523288 -0.02321199858 0 -1.062235268 1.516645201 0.4309445077 1


mesh: pSphereShape11 tranform: pSphere11 -0.006126456284 -0.01023292943 0.04239492538 0 -0.1034598022 0.1354367838 0.01773969617 0 -0.08998688726 -0.06498302321 -0.02868898603 0 -1.130384696 1.340278864 0.3515835243 1


mesh: pSphereShape12 tranform: pSphere12 -0.05419869436 -0.07276674949 0.3031486636 0 -0.0218427974 0.1606407944 0.03465447356 0 -0.2547313618 -0.0235903129 -0.051204902 0 -1.021242766 0.9181923587 0.2611015823 1


mesh: pSphereShape13 tranform: pSphere13 -0.03737369876 -0.05375585518 0.2090745949 0 -0.04384149784 0.1975570792 0.04295754254 0 -0.188321146 -0.03264668284 -0.04205775521 0 -1.029065232 0.6930975249 0.2125303035 1


mesh: pSphereShape14 tranform: pSphere14 -0.03489273145 -0.04507734328 0.2141017906 0 -0.04957561046 0.2329300114 0.04096200036 0 -0.1845532793 -0.03277658328 -0.03697796869 0 -0.9995684882 0.5040939538 0.1751186923 1


mesh: pSphereShape15 tranform: pSphere15 0.004836981616 -0.02312905555 0.149909647 0 0.09719770318 0.3635544236 0.05295541092 0 -0.1817240655 0.04668147094 0.01306583224 0 -1.062007408 -0.03607152471 -0.08261608825 1


mesh: pSphereShape16 tranform: pSphere16 -0.003486476945 -0.002283175956 0.1001293731 0 -0.2645765807 0.2481250751 -0.003554670645 0 -0.05686183252 -0.0606801451 -0.003363557626 0 -0.9663651875 -0.6208710476 -0.1706199141 1


mesh: pSphereShape17 tranform: pSphere17 -0.03077995901 -0.03877170738 0.100879591 0 -0.08230685376 0.06362886969 -0.0006582269766 0 -0.1522700967 -0.1982371215 -0.1226497736 0 -0.7312609372 -1.079496838 -0.267446706 1


mesh: pSphereShape18 tranform: pSphere18 -0.002927009997 -0.02596598522 0.1251440482 0 0.02806417907 0.3495657844 0.07318737291 0 -0.1456049897 0.01188626052 -0.0009393079189 0 -1.007644909 -0.1199015903 0.2393186801 1


mesh: pSphereShape19 tranform: pSphere19 -0.0002300331031 -0.01843409602 0.08446306318 0 -0.2071629409 0.368533695 0.0798684174 0 -0.08828298558 -0.04733527461 -0.01057137845 0 -0.8890707178 -0.7948783153 0.1149489274 1


mesh: pSphereShape20 tranform: pSphere20 0.02182333344 -0.009265293652 0.1129574996 0 -0.039397751 0.07059840941 0.01340243239 0 -0.224248024 -0.1313224536 0.03255293645 0 -0.8823955305 -1.263635868 0.03325026777 1


mesh: pSphereShape21 tranform: pSphere21 -0.04158423622 -0.05372198773 0.255160862 0 0.06734796334 0.1237032077 0.03702055146 0 -0.2310100609 0.1289135445 -0.01050664692 0 -0.9160760282 0.3445173876 0.1594155533 1


