mesh: pSphereShape1 tranform: pSphere1 0.1411891287 0.03821962535 -0.01276812507 0 -0.02166093009 0.08184705501 0.00547268549 0 0.01528573572 -0.006046473128 0.1509294245 0 -1.294367927 0.7929447521 0.6411923777 1


mesh: pSphereShape2 tranform: pSphere2 0.2496377629 0.04170834793 -0.05859128143 0 -0.02082669287 0.138640061 0.009955728442 0 0.0309200285 -0.004581195866 0.1284787164 0 -0.9536951441 0.8274681946 0.5728448555 1


mesh: pSphereShape3 tranform: pSphere3 0.2824275347 0.08023216681 0.00599042285 0 -0.0366598519 0.1286494657 0.005329541563 0 -0.00116353682 -0.005849894639 0.1332067165 0 -0.5007500344 0.9234035497 0.5082046548 1


mesh: pSphereShape4 tranform: pSphere4 0.1807121913 -0.001081593001 -0.003212327816 0 0.0009077293884 0.1486907512 0.001000797962 0 0.003056523595 -0.001178662222 0.1723441508 0 -0.1241569902 1.04316288 0.5126383688 1


mesh: pSphereShape5 tranform: pSphere5 0.1867842278 -0.001128458461 -0.0007537654665 0 0.00083589452 0.1385375295 -0.00026790156 0 0.0007149641336 0.0003373164034 0.1766642039 0 0.1720314125 1.061668636 0.5161353676 1


mesh: pSphereShape6 tranform: pSphere6 0.2560772136 -0.07366220536 -0.002702143616 0 0.02955529319 0.1026546745 0.002467454445 0 0.0003523909295 -0.00262266461 0.1048910001 0 0.4898510247 0.9392119202 0.5200633355 1


mesh: pSphereShape7 tranform: pSphere7 0.2335072991 -0.0143255498 0.0920496429 0 0.00565347194 0.1002784072 0.001264712698 0 -0.04656914708 0.001133326089 0.1183108476 0 0.9250747993 0.8429444411 0.6553745122 1


mesh: pSphereShape8 tranform: pSphere8 0.1714547392 -0.07914937285 0.01340548313 0 0.01844557981 0.03999120075 0.0002011402962 0 -0.007617546775 0.002936304377 0.1147643193 0 1.251519515 0.7896434662 0.7643573977 1


mesh: pSphereShape10 tranform: pSphere10 0.1834157155 0.000782287794 -0.004970681031 0 -0.0005706866833 0.1547533904 0.003297089865 0 0.006065612433 -0.004730316067 0.2230736932 0 0.01572956476 1.480317886 0.5534506808 1


mesh: pSphereShape11 tranform: pSphere11 0.04402782502 0.0006964418785 -0.0008010005847 0 -0.000182546943 0.1341519921 0.1066065645 0 0.002760377986 -0.07130313888 0.08973145382 0 -0.009797496284 1.292309097 0.6031599117 1


mesh: pSphereShape12 tranform: pSphere12 0.3164266909 -0.001893328582 -0.001474838657 0 0.0009935196978 0.1657781695 0.0003414635624 0 0.001212738163 -0.0005446438589 0.2608922079 0 -0.01324600351 0.8621678965 0.5178842336 1


mesh: pSphereShape13 tranform: pSphere13 0.2190795998 -0.001652188252 -0.0002660406844 0 0.001560033529 0.2068666031 -4.153531069e-05 0 0.0002379353218 3.749941115e-05 0.1957024698 0 -0.006407379434 0.638402371 0.5634070433 1


mesh: pSphereShape14 tranform: pSphere14 0.2215551416 -0.001473007598 -0.0004425239129 0 0.001606167609 0.2416389937 -0.0001839034491 0 0.0003825510704 0.000142861658 0.1910534499 0 -0.007720945917 0.4437151305 0.5747755904 1


mesh: pSphereShape15 tranform: pSphere15 0.1517586391 0.0006595968746 -0.0003636542322 0 -0.001634600819 0.3799623257 0.007031863117 0 0.0004657248976 -0.003478109505 0.1880457325 0 -0.193139741 -0.1587293138 0.569490284 1


mesh: pSphereShape16 tranform: pSphere16 0.1002145159 0.0005130421635 -0.0002176283441 0 -0.001706035467 0.3580073715 0.05837179946 0 0.0002469391705 -0.01339173175 0.08214171941 0 -0.2271632591 -0.8694315002 0.5390614891 1


mesh: pSphereShape17 tranform: pSphere17 0.1103341603 -0.000144935988 0.02130011997 0 0.0001300662431 0.10403589 3.416857676e-05 0 -0.05277806368 -2.3805927e-05 0.2733890654 0 -0.2770746945 -1.333101815 0.6713775445 1


mesh: pSphereShape18 tranform: pSphere18 0.1276383937 0.007152225314 -0.001057695984 0 -0.02019964589 0.3568157956 -0.02479293523 0 0.0006382171087 0.01016250301 0.145737074 0 0.1850279448 -0.1738800074 0.5794011259 1


mesh: pSphereShape19 tranform: pSphere19 0.08623691998 0.005884794348 -0.001562267694 0 -0.02743410741 0.422433413 0.07687596434 0 0.003012347047 -0.01783730652 0.09909098884 0 0.2473048995 -0.8934607097 0.555585191 1


mesh: pSphereShape20 tranform: pSphere20 0.1146224857 0.001093684391 -0.01349036317 0 -0.0007405828276 0.08194676111 0.0003510986957 0 0.03062064655 -0.000837678956 0.2601040774 0 0.2703522753 -1.312468526 0.7084471685 1


mesh: pSphereShape21 tranform: pSphere21 0.2640435689 -0.001755491569 -0.0005273883173 0 0.0005553492955 0.1116281624 -0.09352859428 0 0.001535751254 0.1700254523 0.2029377414 0 -0.00483255248 0.2700409755 0.5246636657 1


