mesh: pSphereShape1 tranform: pSphere1 -0.03269563493 0.1390483802 -0.03398055696 0 0.07241869692 0.02579899484 0.0358891459 0 0.07150491991 -0.01569051018 -0.1330066128 0 1.602974874 -0.06644830997 1.888379912 1


mesh: pSphereShape2 tranform: pSphere2 -0.03620487139 0.2523747299 -0.04987725157 0 0.1207505473 0.03022149727 0.06526791414 0 0.06510889679 -0.01325289731 -0.1143197637 0 1.511298082 0.2635802127 1.803874477 1


mesh: pSphereShape3 tranform: pSphere3 -0.01180677025 0.2779210399 -0.09412169709 0 0.1119850578 0.02775650653 0.06791139036 0 0.07287364554 -0.03302881388 -0.1066683347 0 1.452147326 0.7186169272 1.692764978 1


mesh: pSphereShape4 tranform: pSphere4 -0.04957927371 0.01128466609 -0.1734443338 0 0.02089820236 0.147176957 0.00360187679 0 0.1639835085 -0.02210226026 -0.04831290648 0 1.421124867 1.003340999 1.48411843 1


mesh: pSphereShape5 tranform: pSphere5 -0.03437700012 0.0114906774 -0.1832385754 0 0.01680085693 0.1374091874 0.005464796816 0 0.1723215237 -0.01973460226 -0.03356640912 0 1.364944654 1.041138276 1.1964075 1


mesh: pSphereShape6 tranform: pSphere6 0.02839559555 -0.2393786189 -0.1135804928 0 0.02524543724 0.04693759826 -0.09261271859 0 0.1013389544 -0.0008755311773 0.02718040157 0 1.379725801 0.76309437 1.0140704 1


mesh: pSphereShape7 tranform: pSphere7 0.1158144003 -0.1878084391 -0.120494945 0 0.02093701085 0.06186982163 -0.07630915368 0 0.1096995126 0.0317967903 0.05587850768 0 1.55871117 0.3709421509 0.8322281349 1


mesh: pSphereShape8 tranform: pSphere8 0.006548955344 -0.1885974735 -0.01513809737 0 0.01625773473 0.003835399501 -0.04074986849 0 0.1068537763 0.0002864458321 0.04265778145 0 1.692689212 0.07123704164 0.7112346258 1


mesh: pSphereShape10 tranform: pSphere10 -0.0424708751 0.006952548333 -0.1783662837 0 0.004438729682 0.1546460303 0.004971047485 0 0.2170501884 -0.004562869914 -0.05185977319 0 1.442156031 1.449352338 1.356010247 1


mesh: pSphereShape11 tranform: pSphere11 -0.009211788449 0.002856640071 -0.04297160191 0 0.1146592828 0.1263056248 -0.01618295147 0 0.0817523628 -0.07711642681 -0.02265168863 0 1.499528127 1.253199934 1.365633826 1


mesh: pSphereShape12 tranform: pSphere12 -0.05949059149 0.01918103936 -0.3102008507 0 0.01272338947 0.1651098358 0.007769341343 0 0.255459951 -0.01732999579 -0.05006392112 0 1.381835185 0.8306495873 1.367817424 1


mesh: pSphereShape13 tranform: pSphere13 -0.04165135473 0.02191542707 -0.2139709099 0 0.02161443927 0.2050536092 0.01679465093 0 0.1910422575 -0.01694949279 -0.03892409587 0 1.404958524 0.6050308902 1.336628703 1


mesh: pSphereShape14 tranform: pSphere14 -0.03827180264 0.01809239555 -0.2174786902 0 0.02166101534 0.2401281291 0.01616474233 0 0.1874010183 -0.01460289493 -0.03419358529 0 1.397580099 0.4112175688 1.321186857 1


mesh: pSphereShape15 tranform: pSphere15 -0.01416998947 0.009075955818 -0.1508247005 0 0.01237166307 0.3792115597 0.02165693693 0 0.187156709 -0.005084263807 -0.01788933206 0 1.400988901 -0.1843773173 1.487821073 1


mesh: pSphereShape16 tranform: pSphere16 -0.008296398846 0.008633425973 -0.09949820845 0 0.123537517 0.3405107367 0.01924514778 0 0.07794733607 -0.02777579114 -0.008909531533 0 1.312420981 -0.8813313275 1.482846978 1


mesh: pSphereShape17 tranform: pSphere17 0.01865843319 -0.007662589243 -0.1105463281 0 0.007650641484 0.1035870314 -0.005888896548 0 0.2738072619 -0.0175262887 0.04742908558 0 1.367895689 -1.338869398 1.511861916 1


mesh: pSphereShape18 tranform: pSphere18 -0.004539802783 0.004120070749 -0.1276959192 0 -0.1721033543 0.3137783344 0.0162425255 0 0.1280247297 0.07033803603 -0.002282056791 0 1.535951886 -0.1598662378 1.138341346 1


mesh: pSphereShape19 tranform: pSphere19 -0.005195367384 -0.001069521261 -0.08628871383 0 0.1932537747 0.3840529743 -0.0163958543 0 0.08979189267 -0.0453896727 -0.004843700086 0 1.587381344 -0.7989659712 1.113756528 1


mesh: pSphereShape20 tranform: pSphere20 -0.03659779044 0.01456304043 -0.1084897224 0 0.0291438881 0.07659226283 0.0004499441063 0 0.2302628784 -0.08709163346 -0.08936728141 0 1.605304544 -1.256154636 1.085409999 1


mesh: pSphereShape21 tranform: pSphere21 -0.04561132405 0.02156203939 -0.2591853617 0 -0.08164435172 0.1181418614 0.02419614446 0 0.2144127463 0.1532903256 -0.02497979504 0 1.332026363 0.2428720419 1.314497229 1


