mesh: pSphereShape1 tranform: pSphere1 -0.06394921837 0.1320275773 0.006111556405 0 0.07634220899 0.03700723835 -0.0006465505811 0 -0.003796875488 0.005182478486 -0.1516859598 0 4.060823338 -0.0589651592 0.8870798787 1


mesh: pSphereShape2 tranform: pSphere2 -0.08596537298 0.2451494879 -0.001794557192 0 0.1312076619 0.04585716768 -0.0208711236 0 -0.01823062681 -0.007350020873 -0.1307571701 0 3.900390663 0.255133974 0.8998670965 1


mesh: pSphereShape3 tranform: pSphere3 -0.08496868984 0.2744241573 -0.06091060476 0 0.1280710517 0.03677067216 -0.01299065657 0 -0.004494640143 -0.03020114933 -0.1297971232 0 3.747543096 0.6988228042 0.8668172045 1


mesh: pSphereShape4 tranform: pSphere4 -0.1511791093 0.003270319192 -0.09900791334 0 0.01109221163 0.1477917254 -0.01205544607 0 0.09359606294 -0.01873283075 -0.1435343023 0 3.572485883 0.9747876096 0.7314392133 1


mesh: pSphereShape5 tranform: pSphere5 -0.1434670111 0.003710085171 -0.1195560175 0 0.009276199949 0.1380597209 -0.006847128025 0 0.1125109011 -0.01427757366 -0.1354559482 0 3.343109884 1.000312284 0.5474197497 1


mesh: pSphereShape6 tranform: pSphere6 -0.06007279463 -0.2514902337 -0.06444286667 0 -0.04436124043 0.03393837126 -0.09109255282 0 0.0924776343 -0.009630340974 -0.04862374058 0 3.231438567 0.7059781438 0.4363865955 1


mesh: pSphereShape7 tranform: pSphere7 -0.01916009311 -0.2193210666 -0.1213885392 0 -0.03525108789 0.04788579295 -0.08095450465 0 0.1186687785 0.01373594967 -0.04354849323 0 3.214792607 0.2703537241 0.2580050103 1


mesh: pSphereShape8 tranform: pSphere8 -0.03523244257 -0.1847541171 0.02157890234 0 -0.005786204763 -0.003974665465 -0.04347755603 0 0.112029139 -0.02286114015 -0.01281944534 0 3.205894476 -0.06243166455 0.1517276247 1


mesh: pSphereShape10 tranform: pSphere10 -0.1680314264 0.001822781999 -0.07368012968 0 0.005003587865 0.1545224634 -0.007588195676 0 0.08936735022 -0.01291792448 -0.2041265394 0 3.488776305 1.413513181 0.6083366573 1


mesh: pSphereShape11 tranform: pSphere11 -0.03795855467 0.002895118121 -0.02214367693 0 0.06453861181 0.1279824341 -0.09389895664 0 0.03892387561 -0.07585890323 -0.07664104523 0 3.541695133 1.221408477 0.5866087035 1


mesh: pSphereShape12 tranform: pSphere12 -0.2352678 0.006221603472 -0.2115229644 0 0.007991181258 0.165540003 -0.004019154039 0 0.1740184578 -0.01310911389 -0.1939387506 0 3.474811649 0.7967236446 0.6709335764 1


mesh: pSphereShape13 tranform: pSphere13 -0.1625017728 0.01193722306 -0.1464559596 0 0.009566664466 0.206557506 0.006221140401 0 0.1309459702 -0.001684649 -0.1454298097 0 3.488706014 0.5733439344 0.6312855677 1


mesh: pSphereShape14 tranform: pSphere14 -0.1612965153 0.00769638246 -0.151701174 0 0.004671703755 0.2414893958 0.007284486897 0 0.1309296401 0.001663851065 -0.1391267352 0 3.491148714 0.3795305894 0.6177491384 1


mesh: pSphereShape15 tranform: pSphere15 -0.09870470256 0.01472078682 -0.1143325499 0 0.07128737287 0.3730402157 -0.01351280492 0 0.1384384385 -0.0309288764 -0.1234978341 0 3.551263837 -0.2167761356 0.7742748815 1


mesh: pSphereShape16 tranform: pSphere16 -0.06322970631 0.01323967368 -0.07661576237 0 0.1754630351 0.303759932 -0.09231512658 0 0.05048362632 -0.04414120777 -0.04929116327 0 3.369544919 -0.8806929141 0.8779943539 1


mesh: pSphereShape17 tranform: pSphere17 -0.06260418016 0.01192683808 -0.09255166241 0 0.02859165783 0.09982011528 -0.006476587562 0 0.2181941198 -0.07268158264 -0.1569580176 0 3.32206276 -1.335936392 0.8827095594 1


mesh: pSphereShape18 tranform: pSphere18 -0.101852182 -0.008354721004 -0.07681252664 0 -0.08305078646 0.340741376 0.07306236272 0 0.08154125992 0.04408649175 -0.1129175925 0 3.440508621 -0.2280550124 0.4425321813 1


mesh: pSphereShape19 tranform: pSphere19 -0.069569159 -0.004449219294 -0.05112938896 0 -0.0473886072 0.4267542374 0.0273436157 0 0.05876009236 0.01171307012 -0.08097112659 0 3.55859182 -0.9336021185 0.323136379 1


mesh: pSphereShape20 tranform: pSphere20 -0.1103884472 0.005613370256 -0.03323222952 0 0.0007348093858 0.0811689446 0.01126968842 0 0.07644077802 0.03377023453 -0.2482112719 0 3.699671183 -1.323935812 0.09496361703 1


mesh: pSphereShape21 tranform: pSphere21 -0.1922289289 0.00917234544 -0.1807934544 0 -0.06187773319 0.1108150998 0.07141367363 0 0.1424468235 0.1715369145 -0.1427540868 0 3.450349341 0.2057354472 0.646260884 1


