mesh: pSphereShape1 tranform: pSphere1 0.06313165986 0.1146937003 0.06646716083 0 -0.07573244005 0.03758452047 0.007077283163 0 -0.02055347711 -0.06679474263 0.1347810138 0 0.7480687513 0.147691525 -0.2651705671 1


mesh: pSphereShape2 tranform: pSphere2 0.08924792558 0.2132294246 0.1185730048 0 -0.1294431643 0.05474809277 -0.001023592417 0 -0.02429870243 -0.05525085104 0.117646643 0 0.9125359778 0.4183502641 -0.1097506989 1


mesh: pSphereShape3 tranform: pSphere3 0.08434367223 0.2201298895 0.1751210291 0 -0.1226831518 0.05304892631 -0.007595357048 0 -0.03717856897 -0.07069381432 0.1067695791 0 1.073999908 0.7947254524 0.124935834 1


mesh: pSphereShape4 tranform: pSphere4 0.1428529481 -0.01363706684 0.1098883553 0 -0.003582187827 0.1468816661 0.02288469222 0 -0.1055226094 -0.02349204775 0.134262208 0 1.247366705 1.016837057 0.3654932588 1


mesh: pSphereShape5 tranform: pSphere5 0.1444024975 -0.01447609215 0.1175948587 0 -0.002682901815 0.1370387739 0.02016417782 0 -0.1120090319 -0.02203221271 0.1348310953 0 1.473727332 1.013411612 0.557141561 1


mesh: pSphereShape6 tranform: pSphere6 0.1683194369 -0.2062882132 0.01107707687 0 0.05122190077 0.04617683821 0.08161863985 0 -0.06392839346 -0.04853317548 0.06757822022 0 1.689672801 0.7530778577 0.6121793748 1


mesh: pSphereShape7 tranform: pSphere7 0.1443429848 -0.1942187389 0.06817771681 0 0.03568364366 0.05358532539 0.07710130132 0 -0.09379500625 -0.04378716277 0.07384177501 0 1.931585968 0.3582386317 0.7052964183 1


mesh: pSphereShape8 tranform: pSphere8 0.100738773 -0.1485113434 -0.06030869173 0 0.03125329809 0.0091609762 0.02964597583 0 -0.05313138526 -0.06722147018 0.07678429351 0 2.132524477 0.07474018075 0.7454047151 1


mesh: pSphereShape10 tranform: pSphere10 0.1747877467 -0.00838201844 0.05518722405 0 0.00717658925 0.1546212633 0.0007548561709 0 -0.06711111933 0.002075679174 0.2128681032 0 1.365043327 1.44722896 0.4896667701 1


mesh: pSphereShape11 tranform: pSphere11 0.03937622936 -0.0001041463662 0.01972505321 0 -0.04985742582 0.1297432522 0.1002131503 0 -0.03903745432 -0.07488761947 0.07753330069 0 1.29617559 1.25482216 0.5279059645 1


mesh: pSphereShape12 tranform: pSphere12 0.2314062223 -0.02407753105 0.2144832006 0 0.003400670438 0.1650789106 0.01486249873 0 -0.1778677899 -0.0134770993 0.1903888879 0 1.328396965 0.8289918102 0.4204840733 1


mesh: pSphereShape13 tranform: pSphere13 0.154005496 -0.01660304652 0.1549364954 0 -0.001977715778 0.2054679794 0.02398384906 0 -0.1391796967 -0.01727214701 0.1364924894 0 1.300176238 0.6017534066 0.4354085985 1


mesh: pSphereShape14 tranform: pSphere14 0.1513544401 -0.003083924183 0.1617756756 0 -0.01184824854 0.2408441242 0.01567621358 0 -0.1392113514 -0.01530684594 0.1299518665 0 1.29763636 0.4074958157 0.4257326235 1


mesh: pSphereShape15 tranform: pSphere15 0.1105155271 -0.02482341685 0.1010018223 0 0.132049655 0.3515869212 -0.05807765032 0 -0.1111024843 0.06442503412 0.1374014724 0 1.052313459 -0.1579564882 0.3574011338 1


mesh: pSphereShape16 tranform: pSphere16 0.07282109927 -0.008378165662 0.06833852211 0 -0.05020080523 0.3462013549 0.09593725358 0 -0.05600597972 -0.02384895206 0.05675578602 0 0.9120805191 -0.8116341258 0.3318818191 1


mesh: pSphereShape17 tranform: pSphere17 0.04924753141 -0.02684629315 0.09737196849 0 -0.002428153401 0.09994536867 0.02878388176 0 -0.2501885916 -0.03939260154 0.1156762605 0 0.7798897559 -1.286355512 0.2822705374 1


mesh: pSphereShape18 tranform: pSphere18 0.06899896625 -0.008593404659 0.107280607 0 0.0596591684 0.3530995213 -0.01008657488 0 -0.1205570539 0.02263586789 0.07935107289 0 1.367784046 -0.1927142677 0.5590407989 1


mesh: pSphereShape19 tranform: pSphere19 0.04780179582 -0.006259806337 0.07176127781 0 -0.09806782501 0.4066149092 0.1007945922 0 -0.08072843993 -0.03210606421 0.05097438019 0 1.379815213 -0.897615282 0.5132941323 1


mesh: pSphereShape20 tranform: pSphere20 0.07325004333 0.001171234245 0.089188338 0 -0.004128415637 0.08181402398 0.002316258406 0 -0.2019679355 -0.01489318156 0.1660710779 0 1.282293887 -1.317044352 0.5376755545 1


mesh: pSphereShape21 tranform: pSphere21 0.1803802261 -0.003675339429 0.1927999795 0 0.06261091966 0.1188171314 -0.05631265411 0 -0.1562944472 0.1530454584 0.1491438008 0 1.345583516 0.2384249838 0.3833252653 1


