mesh: pSphereShape1 tranform: pSphere1 0.1059254545 0.0997663417 0.01961147561 0 -0.03619539961 0.04989028691 -0.05830041947 0 -0.08281324191 0.06661354048 0.1084182084 0 2.397838333 0.2600944729 -0.5778534086 1


mesh: pSphereShape2 tranform: pSphere2 0.1519909428 0.2043808689 0.05117373292 0 -0.1087119963 0.08633844592 -0.02193875081 0 -0.0322374122 -0.008070857488 0.1279821339 0 2.645363333 0.5039207066 -0.5152008351 1


mesh: pSphereShape3 tranform: pSphere3 0.002862220981 0.2526024871 0.1497404065 0 -0.1211687755 0.03004054445 -0.0483603898 0 -0.0566880514 -0.06106730719 0.1041002076 0 2.788677721 0.8896917814 -0.3606616494 1


mesh: pSphereShape4 tranform: pSphere4 -0.007423361332 -0.01032050438 0.180296328 0 -0.03913531429 0.1433029758 0.006591611845 0 -0.1661473263 -0.04494099935 -0.00941331106 0 2.757152503 1.135699247 -0.1015367132 1


mesh: pSphereShape5 tranform: pSphere5 -0.0284805983 -0.01322719992 0.1841306222 0 -0.03824407746 0.1331071434 0.003646436321 0 -0.1676510562 -0.04736556349 -0.02933415474 0 2.711792972 1.133770005 0.1900055259 1


mesh: pSphereShape6 tranform: pSphere6 -0.01059181819 -0.2334717993 0.1280144277 0 -0.08779069537 0.03229963287 0.05164410323 0 -0.05966781784 -0.03939763173 -0.07678999016 0 2.699493803 0.850020612 0.3775638646 1


mesh: pSphereShape7 tranform: pSphere7 -0.2139704025 -0.08532578932 -0.1006985274 0 -0.05157723102 0.07001746535 0.05026593254 0 0.01390560115 0.08030735559 -0.09759502781 0 2.483336525 0.5544766665 0.347504541 1


mesh: pSphereShape8 tranform: pSphere8 -0.1029669758 -0.1453026015 -0.064234054 0 -0.03654293909 0.02432068197 0.003562869692 0 0.01441373834 0.03745367458 -0.1078284021 0 2.219425409 0.3950750737 0.1835586112 1


mesh: pSphereShape10 tranform: pSphere10 -0.009596557251 -0.01516220024 0.1826051973 0 0.004545700404 0.1541722973 0.01304023298 0 -0.2228043758 0.007506951459 -0.01108584573 0 2.713539159 1.567418273 0.07141637655 1


mesh: pSphereShape11 tranform: pSphere11 -0.003433337244 -0.002857401185 0.04381350777 0 -0.1094523817 0.1318405309 2.132562975e-05 0 -0.08775513683 -0.07285135078 -0.01162788696 0 2.65144251 1.377870197 0.02245304327 1


mesh: pSphereShape12 tranform: pSphere12 -0.04088271588 -0.02233209428 0.3129880056 0 -0.03282336059 0.1623357893 0.007295455376 0 -0.253499684 -0.04960901547 -0.03665197567 0 2.783145874 0.9520535638 0.0008951239424 1


mesh: pSphereShape13 tranform: pSphere13 -0.02933601599 -0.0209249137 0.2161023316 0 -0.05709470862 0.1985065462 0.01147049661 0 -0.1862673521 -0.05182337662 -0.03030389193 0 2.79073002 0.7220308808 -0.00903938992 1


mesh: pSphereShape14 tranform: pSphere14 -0.0303899253 -0.01772582734 0.2187493859 0 -0.06760255032 0.2318053095 0.009392046656 0 -0.1815434565 -0.05175263812 -0.02941471302 0 2.834249543 0.5319640327 -0.01963790147 1


mesh: pSphereShape15 tranform: pSphere15 -0.005605363492 -0.007488303264 0.1514719679 0 0.06838827337 0.3732375486 0.02098247701 0 -0.1848776116 0.03416476824 -0.005152571 0 2.816968566 -0.02830169724 -0.2331224577 1


mesh: pSphereShape16 tranform: pSphere16 -0.00835538869 0.005214253014 0.09973093205 0 -0.2201719741 0.2863339092 -0.0334163113 0 -0.06577715998 -0.05091080471 -0.002848984922 0 2.907453856 -0.6620406914 -0.2647426245 1


mesh: pSphereShape17 tranform: pSphere17 -0.03704326874 -0.01300718875 0.1052898492 0 -0.06950898512 0.0759257909 -0.01507513721 0 -0.1857281411 -0.1876071366 -0.0885196337 0 3.061669437 -1.164304153 -0.2955792661 1


mesh: pSphereShape18 tranform: pSphere18 -0.01209139989 -0.01322703348 0.1265807103 0 0.01157148811 0.3560041881 0.03830595353 0 -0.145360895 0.006149695528 -0.01324273246 0 2.851754937 -0.08645036823 0.09963331843 1


mesh: pSphereShape19 tranform: pSphere19 -0.006327973484 -0.009850461924 0.08565513997 0 -0.2301426776 0.3626795796 0.02470633553 0 -0.08478671855 -0.05296082792 -0.01235438674 0 3.004934178 -0.7625819759 0.05588819041 1


mesh: pSphereShape20 tranform: pSphere20 0.001023923669 0.005471426957 0.1152844974 0 -0.05299907686 0.06245657531 -0.00249347993 0 -0.1997465493 -0.1691086407 0.0098000236 0 3.06130449 -1.256003866 0.01214794988 1


mesh: pSphereShape21 tranform: pSphere21 -0.03621791071 -0.02112517308 0.2606997433 0 0.05754288576 0.1324644354 0.0187281244 0 -0.2404840211 0.1079535899 -0.02466166805 0 2.929986514 0.378696565 -0.01456093077 1


