mesh: pSphereShape1 tranform: pSphere1 -0.04360846763 0.1334189018 -0.0430793804 0 0.06692832132 0.034499343 0.03909580194 0 0.08168573154 -0.01436099893 -0.1271656703 0 2.007629867 -0.04712905281 1.89699705 1


mesh: pSphereShape2 tranform: pSphere2 -0.05018229757 0.2451791439 -0.06971701097 0 0.1210486776 0.04133751737 0.05824398237 0 0.06214955746 -0.01997640326 -0.1149877903 0 1.895254178 0.2695550117 1.789232285 1


mesh: pSphereShape3 tranform: pSphere3 -0.01575738851 0.2683892447 -0.1181410858 0 0.1130861235 0.03432651868 0.06289874848 0 0.07100903086 -0.0419507223 -0.1047733689 0 1.821253529 0.7103098642 1.641106156 1


mesh: pSphereShape4 tranform: pSphere4 -0.06313213179 -0.004385954327 -0.1693029307 0 0.02372567445 0.146247027 -0.01263584262 0 0.1591592142 -0.03087914918 -0.05854964183 0 1.776577035 0.9745333157 1.409884883 1


mesh: pSphereShape5 tranform: pSphere5 -0.0469639516 -0.005708949183 -0.1806986012 0 0.01836672586 0.1370154282 -0.009102384468 0 0.1693791418 -0.02557588151 -0.04321396158 0 1.699444103 0.9855684696 1.124908649 1


mesh: pSphereShape6 tranform: pSphere6 0.005853349057 -0.2535603713 -0.08174250916 0 0.02220964627 0.03253366933 -0.09932712545 0 0.1026069722 -0.004547519084 0.02145352607 0 1.687200824 0.6866326512 0.9792618559 1


mesh: pSphereShape7 tranform: pSphere7 0.08040411305 -0.2159534595 -0.1005151671 0 0.0214212442 0.04785362051 -0.08567660993 0 0.1173815797 0.02384467591 0.04266641221 0 1.814798547 0.2556046228 0.8418000017 1


mesh: pSphereShape8 tranform: pSphere8 -0.02314468039 -0.1878856207 0.00209167635 0 0.02067235982 -0.002978174257 -0.03877318696 0 0.1006132997 -0.0117867719 0.05454845374 0 1.902247614 -0.07274724858 0.7597738416 1


mesh: pSphereShape10 tranform: pSphere10 -0.05599093591 -0.005047437571 -0.1746601923 0 -0.0009782415136 0.1547306149 -0.004157904851 0 0.2125553892 -0.0004868240229 -0.06812495626 0 1.765546322 1.410518677 1.253267829 1


mesh: pSphereShape11 tranform: pSphere11 -0.01232872615 -0.0008380024457 -0.04227145932 0 0.1037439356 0.132354676 -0.03288138468 0 0.08541441918 -0.07278106689 -0.02346879638 0 1.82841454 1.220772635 1.269332268 1


mesh: pSphereShape12 tranform: pSphere12 -0.07320506591 -0.01023090522 -0.3076815845 0 0.01746316847 0.1645778119 -0.009627395795 0 0.2523258904 -0.03022709811 -0.0590294765 0 1.724184419 0.7924371254 1.315008681 1


mesh: pSphereShape13 tranform: pSphere13 -0.04900563366 0.005171308641 -0.2134721926 0 0.02106171249 0.2057974941 0.0001503699034 0 0.189700452 -0.01938214755 -0.04401801384 0 1.743473242 0.5656461088 1.303666495 1


mesh: pSphereShape14 tranform: pSphere14 -0.04443133492 0.004367028557 -0.2170157411 0 0.01940714163 0.2408622359 0.0008735175226 0 0.1865427968 -0.01489083173 -0.03849201966 0 1.73742866 0.3716269709 1.301806445 1


mesh: pSphereShape15 tranform: pSphere15 -0.01503125614 0.01273456561 -0.1504763903 0 0.08939052806 0.3686960043 0.02227280656 0 0.1818497945 -0.04277354545 -0.02178503455 0 1.661184018 -0.2144252164 1.478894948 1


mesh: pSphereShape16 tranform: pSphere16 -0.007886575114 0.01133144794 -0.09926056611 0 0.2040164418 0.2993892032 0.01796808387 0 0.06850287818 -0.04603867471 -0.01069848764 0 1.421458529 -0.8712559792 1.473718142 1


mesh: pSphereShape17 tranform: pSphere17 0.01811518701 -0.002572888089 -0.1108718328 0 0.03112557785 0.0992317437 0.00278279419 0 0.2618643488 -0.0833919441 0.04472082462 0 1.363783241 -1.328234772 1.497212097 1


mesh: pSphereShape18 tranform: pSphere18 -0.02018410966 -0.003905162236 -0.1261791742 0 -0.1472739148 0.3262965737 0.01345984232 0 0.1311639685 0.06014311628 -0.02284288645 0 1.828124515 -0.2198497167 1.13585357 1


mesh: pSphereShape19 tranform: pSphere19 -0.01479990487 -0.001897942132 -0.08515420415 0 -0.07890703131 0.4229276862 0.004287801016 0 0.09750711677 0.01836819278 -0.01735625193 0 2.05652852 -0.9048287412 1.097876799 1


mesh: pSphereShape20 tranform: pSphere20 -0.03909444164 -0.002735713963 -0.1085616911 0 -0.017678879 0.07990277318 0.004352868552 0 0.2398556425 0.05785411481 -0.08783296049 0 2.348166353 -1.269409254 1.04697456 1


mesh: pSphereShape21 tranform: pSphere21 -0.05295209202 0.005204509349 -0.2586336312 0 -0.08226645548 0.1186220324 0.01923009925 0 0.211916073 0.1535003644 -0.04029833733 0 1.673604734 0.2025730679 1.30724191 1


