mesh: pSphereShape1 tranform: pSphere1 0.1378319305 0.04558635063 0.02196311468 0 -0.02476868419 0.08034999266 -0.01133479401 0 -0.02780551966 0.01241068626 0.1487371261 0 -0.4578894205 0.7981806689 0.2345924684 1


mesh: pSphereShape2 tranform: pSphere2 0.2570411134 0.03765637881 -0.001844002775 0 -0.02039659402 0.1388672444 -0.007334954253 0 -7.291969682e-05 0.006963780541 0.1320428587 0 -0.1128609036 0.8353048912 0.2493022747 1


mesh: pSphereShape3 tranform: pSphere3 0.282055029 0.06240607494 0.05280947423 0 -0.0263186595 0.130547298 -0.01370273423 0 -0.0262824367 0.008394387529 0.1304544832 0 0.3510233987 0.9106829376 0.2740024218 1


mesh: pSphereShape4 tranform: pSphere4 0.1782626253 0.004296081118 0.02953582714 0 -0.00473456181 0.1484574175 0.006981700858 0 -0.02793054106 -0.008879238737 0.1698654817 0 0.7238340987 1.018512378 0.3443610591 1


mesh: pSphereShape5 tranform: pSphere5 0.1843856632 0.004316384727 0.02955478555 0 -0.004898334334 0.1380628407 0.01039595728 0 -0.02755035831 -0.0140746241 0.1739360474 0 1.014161424 1.044926881 0.400958531 1


mesh: pSphereShape6 tranform: pSphere6 0.2645024501 -0.02721040736 -0.01752167249 0 0.01108144972 0.1062525432 0.002276929777 0 0.006632064311 -0.002934771548 0.1046734317 0 1.341608032 0.9696162865 0.3979852375 1


mesh: pSphereShape7 tranform: pSphere7 0.2495737868 0.01028371631 0.02848134452 0 -0.004855581986 0.1001240701 0.006396413305 0 -0.01402752337 -0.008734422029 0.126072856 0 1.808601739 0.935525222 0.4611034791 1


mesh: pSphereShape8 tranform: pSphere8 0.1728874455 -0.0465291687 -0.06153068711 0 0.009380315612 0.0426267555 -0.005877533812 0 0.03996752275 0.006057570463 0.107719083 0 2.154687632 0.9288821278 0.4569919303 1


mesh: pSphereShape10 tranform: pSphere10 0.1832584331 0.008044370841 0.004275408196 0 -0.007134086191 0.1537397422 0.01652285692 0 -0.004121111637 -0.0240362528 0.2218700411 0 0.8377726963 1.453094038 0.4566022132 1


mesh: pSphereShape11 tranform: pSphere11 0.04375500932 0.003258632542 0.003802168116 0 -0.01947319134 0.1148901452 0.1256296113 0 -0.0004170303885 -0.08463333234 0.07733379757 0 0.8110854946 1.252146046 0.4919605498 1


mesh: pSphereShape12 tranform: pSphere12 0.3121615014 0.007045410265 0.05135338155 0 -0.004312678709 0.165688771 0.003483838596 0 -0.04219418323 -0.006510010967 0.2573786747 0 0.8379938164 0.8408696003 0.3654468511 1


mesh: pSphereShape13 tranform: pSphere13 0.2152613427 0.006735994259 0.04019766507 0 -0.009900771557 0.2058026821 0.0185326111 0 -0.03518258398 -0.01894439932 0.1915797751 0 0.8459314377 0.6134347335 0.4000362721 1


mesh: pSphereShape14 tranform: pSphere14 0.2166556833 0.01045757859 0.0451663622 0 -0.01633530602 0.2400123847 0.02278661513 0 -0.03783402673 -0.02025006315 0.1861722559 0 0.8545732862 0.4183907933 0.3929054686 1


mesh: pSphereShape15 tranform: pSphere15 0.1508788201 -0.01016651288 0.01278575461 0 0.02973718432 0.3751997224 -0.05257714481 0 -0.01390095631 0.02710932191 0.1855946113 0 0.6558369228 -0.1724952083 0.4076841216 1


mesh: pSphereShape16 tranform: pSphere16 0.09973240697 -0.0037884459 0.009074934772 0 0.007639743008 0.3567883337 0.06498595922 0 -0.007976494325 -0.01467965014 0.0815324778 0 0.5786747816 -0.8697675006 0.4313323804 1


mesh: pSphereShape17 tranform: pSphere17 0.1081308257 0.00312880709 0.03041838524 0 -0.004350717862 0.1038347463 0.004785521098 0 -0.07486906606 -0.01547639241 0.2677353355 0 0.5047253123 -1.342660573 0.5481560869 1


mesh: pSphereShape18 tranform: pSphere18 0.1067457678 0.01447138463 0.06884586159 0 0.004757222038 0.3489977113 -0.08073533115 0 -0.08036934323 0.02853527292 0.1186148616 0 1.02243017 -0.1799547089 0.5079080612 1


mesh: pSphereShape19 tranform: pSphere19 0.07357660113 0.007687699011 0.04473545465 0 -0.147614889 0.3615032699 0.1806592454 0 -0.04003404807 -0.05387981698 0.07510331634 0 1.141064649 -0.8420504376 0.4768853291 1


mesh: pSphereShape20 tranform: pSphere20 0.1047667346 0.005967516243 0.04806059039 0 -0.01655042661 0.07569851308 0.02667886589 0 -0.09632768511 -0.09941701559 0.2223278904 0 1.175378728 -1.287370504 0.4776846953 1


mesh: pSphereShape21 tranform: pSphere21 0.2582045239 0.01246306609 0.05382807813 0 0.01095346925 0.1208503689 -0.08052305781 0 -0.05169687163 0.1472066904 0.2138980215 0 0.8803090787 0.2514705296 0.3284263675 1


