mesh: pSphereShape1 tranform: pSphere1 0.01321524996 0.142845777 -0.0312821992 0 0.02863354577 0.01454794545 0.07852747246 0 0.1422593956 -0.02356460853 -0.0475066134 0 -7.78333688 -0.04384726946 0.4559972716 1


mesh: pSphereShape2 tranform: pSphere2 0.03960518355 0.2549703179 -0.03021760492 0 0.05187329111 0.007398550435 0.130416093 0 0.1212265113 -0.02438102957 -0.04683497026 0 -7.754575308 0.2978051385 0.3724501693 1


mesh: pSphereShape3 tranform: pSphere3 0.08665539894 0.2765178853 -0.04761406394 0 0.04361066642 0.008083854225 0.1263162493 0 0.1197697182 -0.04416702817 -0.03852392261 0 -7.66776407 0.7571449936 0.3036231576 1


mesh: pSphereShape4 tranform: pSphere4 0.07948210479 0.005981483408 -0.16221961 0 0.02953487248 0.1443835797 0.01979490529 0 0.1509803263 -0.04081990048 0.07247009508 0 -7.518809968 1.033874947 0.1538513609 1


mesh: pSphereShape5 tranform: pSphere5 0.09971152046 0.004754523211 -0.1578771564 0 0.02557871999 0.1346503033 0.02020996024 0 0.1457841612 -0.04132652323 0.09082930537 0 -7.362537782 1.060431562 -0.09497569236 1


mesh: pSphereShape6 tranform: pSphere6 0.05408517916 -0.2479189865 -0.08136295801 0 0.08088344842 0.03706534556 -0.05917443542 0 0.0651729679 -0.01245684445 0.08127998365 0 -7.275714877 0.7715995775 -0.2382919023 1


mesh: pSphereShape7 tranform: pSphere7 0.1360028405 -0.2086559028 -0.03420465596 0 0.07004480461 0.05354458639 -0.04812507458 0 0.05978326596 0.02089251766 0.1102582894 0 -7.083134468 0.3485138758 -0.2903297241 1


mesh: pSphereShape8 tranform: pSphere8 -0.01300704274 -0.1885788083 -0.01048368849 0 0.03624189901 -0.001110067933 -0.02499737015 0 0.06488926575 -0.009729803982 0.09451038031 0 -6.94820522 0.02683959025 -0.318118822 1


mesh: pSphereShape10 tranform: pSphere10 0.07511598994 -0.006949950183 -0.1672600687 0 -0.002342679198 0.1545911873 -0.007475625997 0 0.2036167874 0.007492537107 0.09113235403 0 -7.422940226 1.478450711 0.03393082924 1


mesh: pSphereShape11 tranform: pSphere11 0.0193917733 0.000542728336 -0.03953783737 0 0.09782495304 0.1315805095 0.04978551975 0 0.07944475913 -0.07342555814 0.03795666955 0 -7.380441071 1.286413153 0.09706827631 1


mesh: pSphereShape12 tranform: pSphere12 0.1550831194 0.008107276307 -0.2757083762 0 0.01941948702 0.163885834 0.01574236671 0 0.2253520074 -0.03876935145 0.1256181583 0 -7.487259365 0.8591245036 0.03858426084 1


mesh: pSphereShape13 tranform: pSphere13 0.1051717733 0.007512840722 -0.1920445961 0 0.03398776479 0.2023296962 0.02652833966 0 0.1686408999 -0.04023135511 0.09078105338 0 -7.474806894 0.6297943064 0.02792016617 1


mesh: pSphereShape14 tranform: pSphere14 0.1053646883 0.005040254606 -0.1948382011 0 0.03718797144 0.2373184041 0.02624969934 0 0.1654753339 -0.03572587761 0.08856163405 0 -7.495692434 0.4374580282 0.01039735878 1


mesh: pSphereShape15 tranform: pSphere15 0.06298195568 0.0008284505101 -0.1380718609 0 -0.02093253369 0.3793842824 -0.007272088607 0 0.1708031839 0.01091876059 0.07797797568 0 -7.581067893 -0.1466542432 0.1740100425 1


mesh: pSphereShape16 tranform: pSphere16 0.04219268719 0.002920152465 -0.09085433187 0 0.071429635 0.3528397646 0.04451250778 0 0.07369044037 -0.01915762099 0.03360604236 0 -7.610984108 -0.8500622945 0.188722337 1


mesh: pSphereShape17 tranform: pSphere17 0.04165216473 0.01638084404 -0.1030733146 0 -0.007370846718 0.1029088635 0.01337613259 0 0.257849385 0.004825153011 0.1049643662 0 -7.505853063 -1.305008729 0.2205209266 1


mesh: pSphereShape18 tranform: pSphere18 0.05944876172 0.01771665618 -0.1117846027 0 -0.1375318174 0.3301391165 -0.02081802831 0 0.1165429287 0.05298820418 0.0703773722 0 -7.302264194 -0.1471595264 -0.1304531802 1


mesh: pSphereShape19 tranform: pSphere19 0.03744306938 0.007679489383 -0.07754301936 0 0.254208313 0.3112946795 0.1535782819 0 0.06856364754 -0.06895466859 0.02627827473 0 -7.326990229 -0.7479975936 -0.2367792258 1


mesh: pSphereShape20 tranform: pSphere20 0.00843710467 0.0430876348 -0.1067416098 0 0.03945197167 0.06547120861 0.02954667769 0 0.2287558401 -0.1235057837 -0.03177331825 0 -7.385039636 -1.175403689 -0.3789335547 1


mesh: pSphereShape21 tranform: pSphere21 0.1255708541 0.006006842383 -0.2322030246 0 -0.06374321311 0.1271742394 -0.03118122218 0 0.202023899 0.1288638619 0.1125841427 0 -7.563950656 0.2764412187 -0.03539196486 1


