mesh: pSphereShape1 tranform: pSphere1 0.03811861407 0.1408252516 0.01653343896 0 -0.04400834673 0.003405666563 0.07245518232 0 0.1236708004 -0.04252885597 0.07711507156 0 4.299003604 -0.05142652106 -0.350902533 1


mesh: pSphereShape2 tranform: pSphere2 0.05404663467 0.2501223437 0.04482534649 0 -0.08129394531 -0.002974346924 0.1146140563 0 0.1042970795 -0.03562845692 0.0730516828 0 4.395001223 0.287252349 -0.3293395391 1


mesh: pSphereShape3 tranform: pSphere3 0.09543610791 0.2703109664 0.06373640162 0 -0.08103276371 0.0034954167 0.1065105959 0 0.09689196732 -0.05199222655 0.07542121349 0 4.513473651 0.7396880867 -0.2549485211 1


mesh: pSphereShape4 tranform: pSphere4 0.170843963 0.004135813011 -0.05885253059 0 0.0005076578723 0.1482199106 0.01188972012 0 0.05626292115 -0.01321970581 0.1623975399 0 4.723241931 1.013901459 -0.236156059 1


mesh: pSphereShape5 tranform: pSphere5 0.1851884069 0.006129863126 -0.02361923068 0 -0.003088275382 0.1380187751 0.01160594118 0 0.02274075884 -0.01417503703 0.1746218546 0 5.010543832 1.042149629 -0.2867833395 1


mesh: pSphereShape6 tranform: pSphere6 0.1893864625 -0.1859124741 0.02404747743 0 0.0713568278 0.0758040747 0.02407345555 0 -0.02320953944 -0.01047720414 0.1017873761 0 5.264877688 0.8134156144 -0.2700127736 1


mesh: pSphereShape7 tranform: pSphere7 0.1774558384 -0.1318085991 0.1197494698 0 0.05009314747 0.08491269351 0.019230997 0 -0.06396251511 0.013020915 0.10911773 0 5.571146365 0.5106743261 -0.09084199184 1


mesh: pSphereShape8 tranform: pSphere8 0.07031290451 -0.1749504556 0.01701444569 0 0.0394823889 0.01682844058 0.009875250054 0 -0.02779200753 -0.0003116801072 0.111646787 0 5.789182258 0.2747253089 0.0480056356 1


mesh: pSphereShape10 tranform: pSphere10 0.1819635473 0.02313932814 0.004525842294 0 -0.01895020921 0.1525574846 -0.01808070197 0 -0.008714217038 0.02518215928 0.2216099308 0 4.817616941 1.458505392 -0.2813753622 1


mesh: pSphereShape11 tranform: pSphere11 0.04392423 0.001776247058 -0.002661385831 0 -0.0001817315406 0.1438945918 0.09303796711 0 0.008328443585 -0.06207603443 0.09602444523 0 4.828021839 1.275097079 -0.203500101 1


mesh: pSphereShape12 tranform: pSphere12 0.3078057517 0.008041949703 -0.07295585509 0 -0.003324664789 0.1656939806 0.004237517515 0 0.06028851041 -0.005280548226 0.2537792798 0 4.833368253 0.8363550628 -0.2715836057 1


mesh: pSphereShape13 tranform: pSphere13 0.2139540288 -0.001515812299 -0.0471173792 0 0.004080690282 0.2064903788 0.01188689778 0 0.04193292798 -0.01181188894 0.190792095 0 4.851678688 0.6101015017 -0.2377419248 1


mesh: pSphereShape14 tranform: pSphere14 0.2165421715 0.003662854897 -0.04674524326 0 -0.0014934353 0.2413419937 0.0119928562 0 0.0404152181 -0.009018151764 0.1865123872 0 4.853083236 0.415689563 -0.2369762756 1


mesh: pSphereShape15 tranform: pSphere15 0.1514412281 -0.007828835703 0.005959498599 0 0.02269184209 0.3675856255 -0.09375167303 0 -0.004750282841 0.04674138179 0.1821158689 0 4.652753794 -0.1728710478 -0.1025474146 1


mesh: pSphereShape16 tranform: pSphere16 0.1000889862 0.0004930873058 0.005021102213 0 -0.006112121581 0.3520322082 0.08726638515 0 -0.003948288139 -0.02006721719 0.08067452721 0 4.596025535 -0.8554719021 -0.05306676437 1


mesh: pSphereShape17 tranform: pSphere17 0.09564571383 -0.03027744842 0.05062130575 0 0.02694475978 0.1000865026 0.008953011586 0 -0.1271252887 0.01209098491 0.2474269078 0 4.483404357 -1.300891568 0.02150328999 1


mesh: pSphereShape18 tranform: pSphere18 0.1035857671 0.01140062568 -0.07405300239 0 -0.08781857058 0.3400884712 -0.07048374105 0 0.07777157893 0.04403366604 0.115566415 0 5.122913408 -0.1678252852 -0.2251859859 1


mesh: pSphereShape19 tranform: pSphere19 0.06928303828 0.006673668641 -0.05127573116 0 0.03334447909 0.4172855152 0.09936537155 0 0.0597396765 -0.02327354407 0.07769028901 0 5.214912122 -0.8622383652 -0.2270544915 1


mesh: pSphereShape20 tranform: pSphere20 0.03061992934 0.01648653342 -0.1100550518 0 -0.0002015753321 0.08105448288 0.01208608961 0 0.252516214 -0.009632767401 0.06881299465 0 5.382451405 -1.288116526 -0.2232633415 1


mesh: pSphereShape21 tranform: pSphere21 0.2580692436 0.004365293771 -0.05570974689 0 -0.02045728704 0.1159714937 -0.08567884828 0 0.04190666208 0.1600795952 0.2066714657 0 4.847578617 0.2447336353 -0.2955085735 1


