mesh: pSphereShape1 tranform: pSphere1 0.09523655001 0.09877337646 0.05226810191 0 -0.001327569474 0.04067388771 -0.07444433497 0 -0.1155276539 0.08556266145 0.0488087787 0 -7.701586195 0.1322954385 -0.1881650626 1


mesh: pSphereShape2 tranform: pSphere2 0.1335999459 0.2051173138 0.08700275407 0 -0.07790568193 0.08488484112 -0.08049349448 0 -0.08653437683 0.01439806174 0.09893590621 0 -7.484560466 0.3756045885 -0.05270757554 1


mesh: pSphereShape3 tranform: pSphere3 0.02445337014 0.2692212779 0.1147185004 0 -0.08185402337 0.04773428336 -0.09457478954 0 -0.1049278752 -0.02400406144 0.07869911332 0 -7.331823998 0.7738490834 0.1106863751 1


mesh: pSphereShape4 tranform: pSphere4 -0.05391241361 0.002026911744 0.1725042848 0 -0.004962189533 0.1485775022 -0.003296596948 0 -0.1644278659 -0.00663002099 -0.0513104046 0 -7.366389863 1.045843762 0.3282565768 1


mesh: pSphereShape5 tranform: pSphere5 -0.0518814572 0.001222521252 0.1794352506 0 -0.004347555586 0.1384545947 -0.002200354736 0 -0.16962398 -0.006105061307 -0.0490030563 0 -7.45776546 1.068319362 0.610197965 1


mesh: pSphereShape6 tranform: pSphere6 -0.008450015408 -0.2324242354 0.1300635746 0 -0.0766689015 0.03844882267 0.06372717987 0 -0.07300837065 -0.03476145599 -0.06686212272 0 -7.491265972 0.7889955559 0.8020100507 1


mesh: pSphereShape7 tranform: pSphere7 -0.06228570198 -0.2148248426 0.1147815107 0 -0.07314664249 0.04771840726 0.04961695767 0 -0.08124880281 -0.02671405393 -0.09408728885 0 -7.580137707 0.3599216 0.9792135468 1


mesh: pSphereShape8 tranform: pSphere8 0.0766931982 -0.1576444491 0.07146634761 0 -0.03790899385 -0.009169512226 0.02045493193 0 -0.03545464163 -0.05903329514 -0.09217123377 0 -7.601449376 0.03509177784 1.106206628 1


mesh: pSphereShape10 tranform: pSphere10 -0.08247914859 0.01282724151 0.1633991929 0 0.01850919262 0.1536548829 -0.002719388239 0 -0.1975895839 0.02200581559 -0.1014649722 0 -7.39884735 1.489028584 0.4433589718 1


mesh: pSphereShape11 tranform: pSphere11 -0.01803232112 0.001153911479 0.04016316587 0 -0.08425583042 0.1431904432 -0.04194284116 0 -0.08810337662 -0.06289898161 -0.03774922841 0 -7.462596658 1.304820941 0.4053312497 1


mesh: pSphereShape12 tranform: pSphere12 -0.1022659238 0.003290814331 0.2994369081 0 0.003600715007 0.1657413341 -0.0005917557474 0 -0.246830195 0.005061185787 -0.08435490964 0 -7.408810651 0.8671512244 0.4339819136 1


mesh: pSphereShape13 tranform: pSphere13 -0.06453472558 0.004638437051 0.2093141793 0 0.006893945169 0.2067430017 -0.00245595182 0 -0.1869059228 0.005546455384 -0.05774883172 0 -7.461104344 0.6449726857 0.4300459838 1


mesh: pSphereShape14 tranform: pSphere14 -0.06268741231 -0.003962863217 0.2124703047 0 0.008638916437 0.2413869693 0.00705103172 0 -0.1831198608 0.008127366225 -0.05387624682 0 -7.478775262 0.451356224 0.4249891627 1


mesh: pSphereShape15 tranform: pSphere15 -0.00851176908 0.008492095536 0.1512834623 0 -0.01047630155 0.3792559399 -0.02187846236 0 -0.1877108263 -0.005775748935 -0.01023709381 0 -7.43022342 -0.1342676403 0.2561039502 1


mesh: pSphereShape16 tranform: pSphere16 -0.008063635596 0.01053376539 0.09933417001 0 -0.1747919963 0.3142760521 -0.04751606786 0 -0.07261868044 -0.04062845795 -0.001586563137 0 -7.294392099 -0.8085150631 0.281346312 1


mesh: pSphereShape17 tranform: pSphere17 -0.01220895715 0.001240399076 0.1116993546 0 -0.04136625927 0.09529524975 -0.005579647514 0 -0.2536830488 -0.1116709629 -0.02648796783 0 -7.256865999 -1.299844669 0.3049279747 1


mesh: pSphereShape18 tranform: pSphere18 -0.04917977339 0.02002442697 0.1162936146 0 0.1427136126 0.32857083 0.003776480232 0 -0.1216448367 0.05353322926 -0.06066057684 0 -7.672971835 -0.1484717853 0.565026974 1


mesh: pSphereShape19 tranform: pSphere19 -0.03216379041 0.01430833907 0.07895973576 0 0.08206160058 0.4201831899 -0.04271432013 0 -0.09150272986 0.01382668958 -0.03977864868 0 -7.908392982 -0.8307146307 0.6074377627 1


mesh: pSphereShape20 tranform: pSphere20 -0.02766574917 0.003362218043 0.1120035807 0 0.02676766054 0.077337116 0.004290247978 0 -0.2394441052 0.0863003186 -0.06173517848 0 -8.189000711 -1.17316416 0.5628869789 1


mesh: pSphereShape21 tranform: pSphere21 -0.07470920311 -0.004722835766 0.2532165002 0 0.0935566473 0.10760647 0.02961003823 0 -0.1885613596 0.1783348536 -0.05230710748 0 -7.438004524 0.2757171273 0.4380625935 1


