mesh: pSphereShape1 tranform: pSphere1 -0.01876308022 0.140036171 -0.03994937375 0 0.04089823488 0.02540825556 0.0698558625 0 0.1315949692 -0.003938415537 -0.07561188857 0 -7.090177122 -0.08585031792 0.7039958265 1


mesh: pSphereShape2 tranform: pSphere2 -0.009527961998 0.2537415934 -0.0549177467 0 0.09193737412 0.02577425652 0.1031365169 0 0.09989582287 -0.01472541072 -0.08536862975 0 -7.13957044 0.2477432741 0.6000061437 1


mesh: pSphereShape3 tranform: pSphere3 0.04968543684 0.2776129811 -0.08185834224 0 0.0822624648 0.01605919232 0.1043935965 0 0.10275062 -0.04043031116 -0.07474827367 0 -7.126091855 0.7039241969 0.488315172 1


mesh: pSphereShape4 tranform: pSphere4 0.0176836991 0.001017352441 -0.1798739469 0 0.04938627048 0.1401422949 0.005647877696 0 0.1617133014 -0.0576154973 0.01557242805 0 -7.047112542 0.9747389371 0.2891772876 1


mesh: pSphereShape5 tranform: pSphere5 0.04435601171 -0.004442445662 -0.1813918362 0 0.04397206839 0.1311602771 0.007540323781 0 0.1621934268 -0.0567360621 0.0410509126 0 -6.980196549 0.9881700339 0.002727215101 1


mesh: pSphereShape6 tranform: pSphere6 -0.01753833331 -0.2521284975 -0.08445465663 0 0.06665797292 0.02231947114 -0.08047447875 0 0.08171357168 -0.02594566572 0.0604883385 0 -6.990010083 0.6915703256 -0.1494733862 1


mesh: pSphereShape7 tranform: pSphere7 0.07007622287 -0.2317739755 -0.06763256728 0 0.06339978997 0.03887108623 -0.0675190749 0 0.09203405968 0.002233572521 0.08770501451 0 -6.910574756 0.2384337371 -0.2422646392 1


mesh: pSphereShape8 tranform: pSphere8 -0.05936379906 -0.1797044765 -0.004826832515 0 0.0281254897 -0.008409196867 -0.03283014235 0 0.08085233246 -0.028767249 0.07663448051 0 -6.865654426 -0.1038301915 -0.2992896909 1


mesh: pSphereShape10 tranform: pSphere10 0.04044007364 -0.0232184554 -0.1774602719 0 0.01005934656 0.1534353023 -0.01778274074 0 0.2172337664 -0.008377638573 0.05059986239 0 -6.956358453 1.407046829 0.1148582605 1


mesh: pSphereShape11 tranform: pSphere11 0.009157144562 -0.004636715971 -0.04282783648 0 0.1167835998 0.1248687889 0.01145103835 0 0.08043733555 -0.07757644773 0.02559728331 0 -6.918828853 1.216911128 0.1750126638 1


mesh: pSphereShape12 tranform: pSphere12 0.06843040475 -0.006561453701 -0.308878354 0 0.04417359418 0.1596599677 0.00639480047 0 0.2450523818 -0.07003341242 0.05577779875 0 -7.079287892 0.8005833136 0.172835025 1


mesh: pSphereShape13 tranform: pSphere13 0.05138494666 0.006776498224 -0.2128669488 0 0.06496526447 0.1951827739 0.0218958011 0 0.1800433995 -0.06457118533 0.04140592988 0 -7.099760801 0.5720205718 0.1589891282 1


mesh: pSphereShape14 tranform: pSphere14 0.05617001792 0.007481272009 -0.2141915171 0 0.06722568734 0.2306792679 0.02568655607 0 0.1770041683 -0.05653227639 0.04444337526 0 -7.14608374 0.3849955344 0.1417600217 1


mesh: pSphereShape15 tranform: pSphere15 0.0495700772 0.006634245681 -0.1432830977 0 0.08590890715 0.3672328597 0.04672445167 0 0.1726032147 -0.04769468835 0.05750529219 0 -7.332793438 -0.1903018445 0.2685589566 1


mesh: pSphereShape16 tranform: pSphere16 0.03313110645 0.005095003465 -0.09444379539 0 0.1422616671 0.3267723915 0.06753427133 0 0.07144382401 -0.03588299931 0.02312686528 0 -7.53326889 -0.86847242 0.2045649184 1


mesh: pSphereShape17 tranform: pSphere17 0.04201303229 0.01000632413 -0.1037406461 0 0.002521723771 0.1034224059 0.01099687944 0 0.2581560421 -0.01723440561 0.1028860479 0 -7.51262853 -1.310963639 0.2100407874 1


mesh: pSphereShape18 tranform: pSphere18 0.05202593706 0.002244849056 -0.1167565634 0 -0.1791986406 0.3012366201 -0.07405790476 0 0.1116607467 0.07903008551 0.05127476708 0 -6.972501391 -0.1643846541 0.04554831359 1


mesh: pSphereShape19 tranform: pSphere19 0.03418844119 0.0003292487278 -0.07940352597 0 -0.02335922068 0.4295327427 -0.008276612722 0 0.09235568069 0.005789259554 0.03978920111 0 -6.740953905 -0.8242616717 0.1201397164 1


mesh: pSphereShape20 tranform: pSphere20 0.01795480161 -0.01038896642 -0.1135393973 0 -0.01457102954 0.08006798086 -0.009630520636 0 0.2544879077 0.05059620587 0.03561440087 0 -6.504209334 -1.201818654 0.194135125 1


mesh: pSphereShape21 tranform: pSphere21 0.06694194453 0.008915982483 -0.2552677956 0 -0.05549694111 0.1342816254 -0.009863447629 0 0.2353943624 0.1020817909 0.06529580346 0 -7.23987431 0.2342652089 0.1076138978 1


