mesh: pSphereShape1 tranform: pSphere1 0.05247233878 0.133140416 0.0328392772 0 -0.03014172636 0.02998802757 -0.07341853394 0 -0.1311363218 0.03488852247 0.06808789052 0 -7.169101491 0.02499430841 -0.1079359478 1


mesh: pSphereShape2 tranform: pSphere2 0.06589422486 0.2467954319 0.04734451557 0 -0.09752578793 0.04356368136 -0.09135020819 0 -0.08911091246 0.005077594615 0.09755654466 0 -7.042053423 0.3423927703 -0.02025527866 1


mesh: pSphereShape3 tranform: pSphere3 0.002065441301 0.28296173 0.07852892099 0 -0.09071669569 0.02694304414 -0.0946973456 0 -0.0980564269 -0.02349801379 0.08724898216 0 -6.964150063 0.7928920068 0.07942649143 1


mesh: pSphereShape4 tranform: pSphere4 -0.03168923262 0.007407435676 0.1777900656 0 -0.00329319569 0.1485059879 -0.006774323376 0 -0.1696622995 -0.005132061547 -0.0300267208 0 -6.999456216 1.079372984 0.2719218578 1


mesh: pSphereShape5 tranform: pSphere5 -0.0433316133 0.008613687692 0.1814892972 0 -0.003074264667 0.1383137665 -0.007298526447 0 -0.1718018413 -0.005968118142 -0.04073542386 0 -7.068804647 1.112438113 0.5578922805 1


mesh: pSphereShape6 tranform: pSphere6 -0.04047257016 -0.2415209913 0.1050644718 0 -0.05860167504 0.04371800189 0.07792410327 0 -0.08627784583 -0.01106654117 -0.0586752882 0 -7.130568114 0.8296157401 0.7298251859 1


mesh: pSphereShape7 tranform: pSphere7 -0.1079126109 -0.2074497937 0.09232263201 0 -0.05326432983 0.05618707118 0.06399409651 0 -0.09296448827 0.01001133149 -0.08616730076 0 -7.299793319 0.4113736925 0.8653010373 1


mesh: pSphereShape8 tranform: pSphere8 0.0293318335 -0.1809896431 0.04715347748 0 -0.03772233837 -0.0001920479716 0.02272805128 0 -0.05663930768 -0.03374489907 -0.09429087174 0 -7.402315413 0.08898682035 0.9535987862 1


mesh: pSphereShape10 tranform: pSphere10 -0.05137203126 0.01344434395 0.1756325947 0 0.0226065848 0.1530447998 -0.005102929491 0 -0.2117851733 0.02914340498 -0.0641774297 0 -7.00677134 1.526619249 0.3859710359 1


mesh: pSphereShape11 tranform: pSphere11 -0.01126118562 0.002598018637 0.04249719999 0 -0.08846302692 0.1431766733 -0.03219445592 0 -0.09370719363 -0.06262053023 -0.02100290835 0 -7.08331451 1.341654999 0.3543876322 1


mesh: pSphereShape12 tranform: pSphere12 -0.06347747069 0.01273448681 0.3097419153 0 0.007663377282 0.1655215292 -0.005234615797 0 -0.2553076687 0.01015244985 -0.05273929839 0 -7.032226162 0.9044008112 0.3867244213 1


mesh: pSphereShape13 tranform: pSphere13 -0.04026484833 0.007721735006 0.2152156787 0 0.00188973919 0.2067432053 -0.007064198076 0 -0.1923607824 0.0005279259973 -0.03600785166 0 -7.085372076 0.6813098551 0.39378286 1


mesh: pSphereShape14 tranform: pSphere14 -0.03753501333 0.004913350824 0.2183026067 0 0.004798590805 0.241552735 -0.004611571868 0 -0.1882540351 0.003120481122 -0.03243868611 0 -7.099540853 0.4873546752 0.3973428554 1


mesh: pSphereShape15 tranform: pSphere15 0.004658054508 0.014183966 0.1510244003 0 0.0591796841 0.3735757457 -0.03691090883 0 -0.1856943389 0.02970683513 0.002937363844 0 -7.153261838 -0.09852218514 0.2514234597 1


mesh: pSphereShape16 tranform: pSphere16 0.002025822796 0.01360506041 0.0992676087 0 -0.09116529627 0.3480896734 -0.04584674052 0 -0.08053765612 -0.02050631018 0.004454067286 0 -7.165826766 -0.7920957473 0.293153102 1


mesh: pSphereShape17 tranform: pSphere17 -0.008621988949 0.002611658097 0.1120097478 0 -0.02961139906 0.09962664598 -0.004602277054 0 -0.2660639924 -0.07994051213 -0.01861644685 0 -7.239723016 -1.300666225 0.3202408719 1


mesh: pSphereShape18 tranform: pSphere18 -0.007677762393 0.01515544238 0.1267091043 0 0.1904667329 0.3024169164 -0.02463046243 0 -0.1234221992 0.07638000615 -0.01661426867 0 -7.33305882 -0.06970896672 0.5901678091 1


mesh: pSphereShape19 tranform: pSphere19 -0.003372420572 0.006448475102 0.08614477233 0 -0.1614147214 0.3971877873 -0.03605110096 0 -0.09328844504 -0.0379852592 -0.000808648872 0 -7.430809362 -0.7041776341 0.662931302 1


mesh: pSphereShape20 tranform: pSphere20 0.02580170741 0.01527133436 0.111456532 0 -0.02711925411 0.07721389827 -0.004301553168 0 -0.2401107085 -0.0806202928 0.06663087001 0 -7.484294596 -1.166575987 0.7212969647 1


mesh: pSphereShape21 tranform: pSphere21 -0.044733238 0.005855601805 0.2601672837 0 0.0942925572 0.1101319457 0.01373394276 0 -0.1967181455 0.1731296663 -0.03772041537 0 -7.054190657 0.3130789771 0.4132677012 1


