mesh: pSphereShape1 tranform: pSphere1 -0.03938099009 0.1406273918 -0.01520556194 0 0.07986075087 0.0201646923 -0.02034040923 0 -0.03112489338 -0.02456244405 -0.1465531715 0 4.012902177 -0.07209932965 0.8517728664 1


mesh: pSphereShape2 tranform: pSphere2 -0.04278519378 0.2542381933 -0.03199852326 0 0.1380422337 0.02125472991 -0.01570071176 0 -0.01199235867 -0.01842854512 -0.1303855366 0 3.907761845 0.2632065955 0.819977951 1


mesh: pSphereShape3 tranform: pSphere3 -0.05335857816 0.2781620663 -0.07757013043 0 0.1316228638 0.02271808135 -0.009074374511 0 -0.002584069499 -0.03627046998 -0.1282863204 0 3.817476717 0.7215566378 0.7463795148 1


mesh: pSphereShape4 tranform: pSphere4 -0.1490061895 -0.009983925597 -0.1018128759 0 -0.001801200951 0.1482092102 -0.01189750929 0 0.09754219115 -0.0101940591 -0.1417562697 0 3.665927532 0.9902326322 0.5954767993 1


mesh: pSphereShape5 tranform: pSphere5 -0.1451335069 -0.009348290052 -0.1172137533 0 -0.00504867366 0.1383656094 -0.004783996077 0 0.1110267797 -0.0007000610752 -0.137416993 0 3.433253756 0.9952867948 0.4128631813 1


mesh: pSphereShape6 tranform: pSphere6 -0.03858174416 -0.2523976124 -0.07626175768 0 -0.04596831361 0.03427055676 -0.09016667322 0 0.09349251843 9.889278608e-05 -0.04762629188 0 3.347354181 0.6956379895 0.2907276376 1


mesh: pSphereShape7 tranform: pSphere7 0.005240133034 -0.2118918303 -0.1351976706 0 -0.03844012757 0.04923800662 -0.07865936361 0 0.1174418277 0.02824347803 -0.03971334293 0 3.373124204 0.2713424617 0.08956931756 1


mesh: pSphereShape8 tranform: pSphere8 -0.01498706446 -0.1884505113 0.01014152344 0 -0.008948955257 -0.001607311009 -0.0430918642 0 0.112285228 -0.01016429006 -0.02293932566 0 3.395281138 -0.05290165996 -0.03973497421 1


mesh: pSphereShape10 tranform: pSphere10 -0.1720255487 -0.01653391634 -0.06164806998 0 -0.01149195379 0.1540845249 -0.009257564563 0 0.07585524315 -0.006947951764 -0.2098064542 0 3.533378361 1.418217983 0.4642606459 1


mesh: pSphereShape11 tranform: pSphere11 -0.03911015782 -0.001609655011 -0.02018367101 0 0.04595998063 0.1316723323 -0.09955815889 0 0.04280892416 -0.07324568405 -0.07711003103 0 3.605772961 1.231572359 0.4409379515 1


mesh: pSphereShape12 tranform: pSphere12 -0.2379016672 -0.0153110163 -0.2080864726 0 -0.006963816977 0.1655813582 -0.004221875619 0 0.1716778981 0.002211553403 -0.1964390996 0 3.585497496 0.8043003711 0.5333101127 1


mesh: pSphereShape13 tranform: pSphere13 -0.1597981758 -0.001799565361 -0.1498665277 0 -0.005334987103 0.206778841 0.003205580158 0 0.1337855401 0.005664230324 -0.1427195167 0 3.618465671 0.5819348819 0.4959091556 1


mesh: pSphereShape14 tranform: pSphere14 -0.156912419 0.01328532117 -0.1558558286 0 0.005357629529 0.2411089677 0.01515844151 0 0.1348169375 0.005508101037 -0.1352613828 0 3.626834974 0.3879700961 0.4802784903 1


mesh: pSphereShape15 tranform: pSphere15 -0.09887613261 -0.005607305352 -0.1149926971 0 -0.02050145978 0.3794764956 -0.0008760167529 0 0.1423198335 0.007405588965 -0.1227344039 0 3.762531525 -0.2318380994 0.5985061587 1


mesh: pSphereShape16 tranform: pSphere16 -0.06011013363 0.006038352059 -0.07995980179 0 0.2248531825 0.2414098895 -0.1508037373 0 0.04210860998 -0.06191591595 -0.03633105894 0 3.63683257 -0.8380440695 0.7389128817 1


mesh: pSphereShape17 tranform: pSphere17 -0.05181283957 0.0197226268 -0.09774349442 0 0.0748746263 0.06735015651 -0.02610040713 0 0.1445280747 -0.2065135774 -0.1182830656 0 3.453909871 -1.300100963 0.8494783419 1


mesh: pSphereShape18 tranform: pSphere18 -0.1003201478 -0.01463687842 -0.0778810781 0 -0.05918367964 0.3531859754 0.009858303505 0 0.08728112326 0.01785761296 -0.1157846695 0 3.545046477 -0.2083528294 0.3378554374 1


mesh: pSphereShape19 tranform: pSphere19 -0.06846621758 -0.008698477582 -0.05206334018 0 -0.009741411302 0.4261552784 -0.0583893492 0 0.06145989044 -0.009452644226 -0.0792439095 0 3.608249261 -0.9295533688 0.3542004024 1


mesh: pSphereShape20 tranform: pSphere20 -0.1081795419 0.006869949298 -0.03964203297 0 0.003830405489 0.08177676957 0.003719051178 0 0.09046974549 0.006935559222 -0.2456818673 0 3.724537459 -1.345799208 0.2106935129 1


mesh: pSphereShape21 tranform: pSphere21 -0.1870040787 0.01583309505 -0.1857448621 0 -0.06346192662 0.1087590369 0.073162892 0 0.1470607668 0.1753554505 -0.1331102427 0 3.584602638 0.2135419771 0.5020390296 1


