mesh: pSphereShape1 tranform: pSphere1 0.02432601939 0.1379490349 -0.04400503824 0 0.06695511704 0.0047457521 0.05189004462 0 0.08978674076 -0.05129349534 -0.1111630481 0 -1.969879926 0.1318729932 0.555505589 1


mesh: pSphereShape2 tranform: pSphere2 0.06974315669 0.2418735354 -0.06422322145 0 0.1104838371 -0.008911833807 0.08641663695 0 0.07361976668 -0.04752109562 -0.0990236917 0 -1.918528654 0.4628050454 0.4442393898 1


mesh: pSphereShape3 tranform: pSphere3 0.09443216458 0.2573100447 -0.1054158685 0 0.102787382 -0.002597122786 0.08573822259 0 0.07389463387 -0.06420936749 -0.09053366561 0 -1.796169466 0.8991398427 0.3073283215 1


mesh: pSphereShape4 tranform: pSphere4 -0.002201448641 -0.01243596151 -0.180302206 0 0.02955457586 0.145359582 -0.01038672288 0 0.1689231354 -0.03432374184 0.0003048943598 0 -1.699450286 1.147276731 0.08279518661 1


mesh: pSphereShape5 tranform: pSphere5 0.02201383779 -0.01366971401 -0.1849830241 0 0.02835897801 0.1354443601 -0.006634099158 0 0.1716670646 -0.03481654629 0.0230020196 0 -1.667937025 1.144593141 -0.2100643888 1


mesh: pSphereShape6 tranform: pSphere6 0.08283796828 -0.240657514 -0.07893537453 0 0.04000186066 0.04304181133 -0.08924594948 0 0.09166420353 0.01560724346 0.04861288104 0 -1.584267777 0.8580175744 -0.3538079614 1


mesh: pSphereShape7 tranform: pSphere7 0.2358317102 -0.08095187285 -0.03215922335 0 0.01202145802 0.06504927501 -0.07558701314 0 0.04134328488 0.08781001643 0.08214353516 0 -1.258085601 0.5788247296 -0.4116264093 1


mesh: pSphereShape8 tranform: pSphere8 0.1380676094 -0.1246607743 0.03518642362 0 0.02117439114 0.01320940268 -0.03628681372 0 0.0560081867 0.07941652167 0.06159218287 0 -0.9396516825 0.4382082581 -0.4187571758 1


mesh: pSphereShape10 tranform: pSphere10 0.01410402092 -0.01303619676 -0.1824767889 0 -0.01026604636 0.1539977 -0.01179512673 0 0.2220529653 0.01602970561 0.01601778116 0 -1.6775955 1.57871735 -0.08929012905 1


mesh: pSphereShape11 tranform: pSphere11 0.002507117029 -0.003231392657 -0.04385029618 0 0.1057732145 0.1347542265 -0.003882710168 0 0.08995951007 -0.07031480839 0.01032498785 0 -1.607864814 1.390326555 -0.04657677197 1


mesh: pSphereShape12 tranform: pSphere12 0.0048337439 -0.02341222452 -0.3155314774 0 0.02031741593 0.164103403 -0.01186511267 0 0.2588982072 -0.03159755126 0.006310674962 0 -1.718283483 0.9608473383 -0.01586120354 1


mesh: pSphereShape13 tranform: pSphere13 0.002503166354 -0.02354531228 -0.217802718 0 0.04448562419 0.2009165301 -0.02120858531 0 0.1911111716 -0.04160793221 0.006694382995 0 -1.710312735 0.7306307851 -0.003371631045 1


mesh: pSphereShape14 tranform: pSphere14 -0.0005556860942 -0.01499197345 -0.2210519809 0 0.04807718198 0.2362624791 -0.01614442278 0 0.187233712 -0.03795654816 0.002103579395 0 -1.739202261 0.539146486 0.01173804293 1


mesh: pSphereShape15 tranform: pSphere15 -0.0232416187 -0.001348129897 -0.1499642009 0 -0.1566855371 0.3455787604 0.02117665704 0 0.1689105331 0.07823134697 -0.02688121697 0 -1.583489595 -0.00615136472 0.1711659417 1


mesh: pSphereShape16 tranform: pSphere16 -0.01548826322 0.003385010357 -0.09895410638 0 -0.007646032307 0.3624033695 0.01359380595 0 0.08220789833 0.00221424035 -0.01279140794 0 -1.380725138 -0.6714985657 0.1700411403 1


mesh: pSphereShape17 tranform: pSphere17 0.008790585279 0.005114448239 -0.1119102814 0 0.001506002745 0.1039111499 0.004867174278 0 0.2775543631 -0.005033070212 0.02157195828 0 -1.169795405 -1.143159713 0.1807408942 1


mesh: pSphereShape18 tranform: pSphere18 -0.01747602276 -0.01339478572 -0.1259325253 0 -0.01167065072 0.3562142293 -0.03626907904 0 0.1446426602 0.002666309951 -0.02035608407 0 -1.77271547 -0.06779081679 -0.1226854566 1


mesh: pSphereShape19 tranform: pSphere19 -0.01303472236 -0.008960274485 -0.08499227816 0 0.1594381854 0.3941264403 -0.06600262621 0 0.09231618724 -0.03902713145 -0.01004352487 0 -1.876453742 -0.7684088916 -0.05133982619 1


mesh: pSphereShape20 tranform: pSphere20 -0.03667152 -0.006035220411 -0.10927157 0 0.03218989221 0.07387989105 -0.01488341114 0 0.2260200978 -0.1125071934 -0.06963837737 0 -1.831459786 -1.245861146 -0.01587592462 1


mesh: pSphereShape21 tranform: pSphere21 -0.0006622520175 -0.01786703819 -0.2634439153 0 -0.06935160482 0.1277771496 -0.008491640309 0 0.2328056372 0.1257506038 -0.009113768448 0 -1.822985814 0.3791002644 0.01865057347 1


