mesh: pSphereShape1 tranform: pSphere1 0.04021508697 0.1406657678 0.01241061622 0 -0.03696425917 0.003838693909 0.07626922423 0 0.1301743389 -0.04297275837 0.06525249623 0 4.298879333 -0.04905038894 -0.3025746584 1


mesh: pSphereShape2 tranform: pSphere2 0.05891646254 0.2502162108 0.037579722 0 -0.07134011182 -0.001388365511 0.1210892029 0 0.1099093741 -0.03554355789 0.06434594829 0 4.398177428 0.2891781274 -0.2921868165 1


mesh: pSphereShape3 tranform: pSphere3 0.1018755297 0.2702417905 0.05318974728 0 -0.07177814132 0.004836585816 0.1129050027 0 0.1026108755 -0.05195975081 0.06745959468 0 4.524833225 0.7415055392 -0.2322248629 1


mesh: pSphereShape4 tranform: pSphere4 0.165920029 0.002201043489 -0.07165252517 0 0.00290489795 0.1482399441 0.01128031865 0 0.06828416422 -0.01333906633 0.1577104312 0 4.737469651 1.014128344 -0.2320356523 1


mesh: pSphereShape5 tranform: pSphere5 0.1831775591 0.004395186744 -0.0362884764 0 -0.0008648988176 0.1379863279 0.01234677423 0 0.03455502357 -0.01522585795 0.1725832827 0 5.020544422 1.039398147 -0.3026005104 1


mesh: pSphereShape6 tranform: pSphere6 0.1868537206 -0.1890079776 0.01925182837 0 0.07409011489 0.07501346333 0.01735572158 0 -0.01740964861 -0.006694137069 0.10325317 0 5.271242553 0.8073637335 -0.2957082731 1


mesh: pSphereShape7 tranform: pSphere7 0.1813766573 -0.1311989162 0.114426262 0 0.05268024864 0.08447376573 0.01335269617 0 -0.0574913488 0.01815763668 0.1119485221 0 5.581350862 0.5045590715 -0.1237985374 1


mesh: pSphereShape8 tranform: pSphere8 0.06866284816 -0.1752796017 0.0200881142 0 0.04028616167 0.01653473097 0.006572964255 0 -0.02048182137 0.004939546197 0.1131087696 0 5.803201904 0.2698601703 0.01112211197 1


mesh: pSphereShape10 tranform: pSphere10 0.1819950173 0.0226547843 -0.005587373955 0 -0.01951994885 0.1526024566 -0.01706663845 0 0.003662320085 0.02526739282 0.2217412601 0 4.829635354 1.457660183 -0.2837999336 1


mesh: pSphereShape11 tranform: pSphere11 0.04367694343 0.00161999245 -0.005410752817 0 0.006258122979 0.1434754156 0.09347401195 0 0.01409405529 -0.06253760695 0.09504681177 0 4.844682974 1.273797223 -0.2061692183 1


mesh: pSphereShape12 tranform: pSphere12 0.3012662948 0.004607997943 -0.0966902091 0 -0.001287260896 0.1657309138 0.003887460713 0 0.07978409525 -0.005205535163 0.2483423284 0 4.842782335 0.8353509082 -0.2750890763 1


mesh: pSphereShape13 tranform: pSphere13 0.2095512329 -0.004062887849 -0.06380004139 0 0.007349303719 0.2064494998 0.01099175605 0 0.05668120733 -0.01197036183 0.1869317144 0 4.861268927 0.6089575592 -0.2420788468 1


mesh: pSphereShape14 tranform: pSphere14 0.2121567836 0.0009737328206 -0.06385606742 0 0.002312335644 0.2413660076 0.01136311279 0 0.05503979165 -0.009129739027 0.1827261795 0 4.860510911 0.4145510167 -0.2408966905 1


mesh: pSphereShape15 tranform: pSphere15 0.1512222681 -0.009685345609 -0.008322953785 0 0.01820420069 0.3671316098 -0.09647007882 0 0.01301159506 0.04707991741 0.1816251399 0 4.666403357 -0.1709516054 -0.08787579733 1


mesh: pSphereShape16 tranform: pSphere16 0.1001275464 -0.0001615627439 -0.004208101778 0 0.004760509748 0.348683077 0.09988445814 0 0.003322345355 -0.02294304837 0.0799327222 0 4.607740103 -0.8496387829 -0.04286328806 1


mesh: pSphereShape17 tranform: pSphere17 0.09884792548 -0.03226925236 0.04260429596 0 0.02808796799 0.09964143506 0.01030218284 0 -0.1090246735 0.004247018304 0.2561692586 0 4.495368662 -1.296627816 0.02411165759 1


mesh: pSphereShape18 tranform: pSphere18 0.09992829967 0.01055471038 -0.07903648269 0 -0.09080695875 0.3395115791 -0.06947093812 0 0.08325664539 0.04503793718 0.1112784513 0 5.125274335 -0.1707512728 -0.2421681803 1


mesh: pSphereShape19 tranform: pSphere19 0.0667476647 0.006062499727 -0.05460653081 0 0.03981821567 0.4177235785 0.09504764196 0 0.06333306205 -0.02306893573 0.0748532916 0 5.215427177 -0.8649226337 -0.2428274664 1


mesh: pSphereShape20 tranform: pSphere20 0.03065351827 0.01673216625 -0.110008621 0 -0.001109758283 0.08105704716 0.01201943976 0 0.2524711423 -0.006821340375 0.06931268567 0 5.378263293 -1.289157127 -0.2356538173 1


mesh: pSphereShape21 tranform: pSphere21 0.252842854 0.00116046907 -0.07610197542 0 -0.02585089152 0.1160371712 -0.08411812712 0 0.06012631815 0.1599778732 0.2022044654 0 4.848344577 0.2435568916 -0.2983009537 1


