mesh: pSphereShape1 tranform: pSphere1 0.03724673477 0.1187364559 0.07792605232 0 0.01600307022 0.04214865618 -0.07187126768 0 -0.1440364598 0.04782470865 -0.004024951651 0 -7.842161688 0.08770261674 -0.149045333 1


mesh: pSphereShape2 tranform: pSphere2 0.04423430232 0.2297075441 0.1130013624 0 -0.03118409896 0.06528223067 -0.1204977863 0 -0.1269497596 0.006541149778 0.03639763723 0 -7.761277655 0.3729662514 0.04253341025 1


mesh: pSphereShape3 tranform: pSphere3 -0.04071991688 0.2741693259 0.09701271697 0 -0.02444057754 0.04066669998 -0.1251875052 0 -0.1297890331 -0.02533076528 0.01711033616 0 -7.737638978 0.7993532041 0.2250672213 1


mesh: pSphereShape4 tranform: pSphere4 -0.1169375824 -0.01472097606 0.1370302145 0 -0.02624227377 0.1462100853 -0.006687232371 0 -0.1278685625 -0.02807904742 -0.1121357914 0 -7.875461654 1.058683581 0.397007117 1


mesh: pSphereShape5 tranform: pSphere5 -0.1290715182 -0.01540056493 0.1341400578 0 -0.02235799025 0.136599951 -0.005830199738 0 -0.1244803426 -0.02561199063 -0.1227173016 0 -8.08245158 1.05355523 0.6085748945 1


mesh: pSphereShape6 tranform: pSphere6 -0.08492771526 -0.2456262862 0.05885551896 0 -0.09536521531 0.03956800988 0.02752152213 0 -0.03349187442 -0.01206982266 -0.09870024412 0 -8.209522513 0.7583368794 0.7129716438 1


mesh: pSphereShape7 tranform: pSphere7 -0.147245478 -0.2028725329 -0.01911861617 0 -0.0804058515 0.05636619571 0.02114405861 0 -0.01617260041 0.02341680301 -0.1239254893 0 -8.421010997 0.34274621 0.6923862316 1


mesh: pSphereShape8 tranform: pSphere8 -0.001765387621 -0.1891766378 0.007081025888 0 -0.04142869886 0.0009447514037 0.01491128315 0 -0.03901848379 -0.003684892983 -0.1081733672 0 -8.57344166 0.02851911309 0.6691642357 1


mesh: pSphereShape10 tranform: pSphere10 -0.1635365806 0.01316267004 0.08215336411 0 0.01112273047 0.1543676658 -0.002591705699 0 -0.09993397715 0.003850346056 -0.1995480273 0 -7.974532188 1.490469378 0.4575301953 1


mesh: pSphereShape11 tranform: pSphere11 -0.03665517695 -0.000119972762 0.02441228418 0 -0.06060440604 0.1323866783 -0.09034723729 0 -0.04893332085 -0.07278703441 -0.07383135402 0 -8.006729652 1.298532703 0.4060511771 1


mesh: pSphereShape12 tranform: pSphere12 -0.2108939379 -0.02714452853 0.2343470334 0 -0.01742247569 0.1648281292 0.003413259972 0 -0.1925645477 -0.01672557081 -0.1752303107 0 -7.931771812 0.8704967002 0.4756378892 1


mesh: pSphereShape13 tranform: pSphere13 -0.1464945141 -0.02600205879 0.1608164228 0 -0.03114322213 0.2044610921 0.004689186162 0 -0.142504256 -0.01865966777 -0.1328302244 0 -7.942494325 0.6433640392 0.4458436341 1


mesh: pSphereShape14 tranform: pSphere14 -0.1473006512 -0.01714326039 0.1646137087 0 -0.02975913614 0.2397992251 -0.001655995586 0 -0.1407628874 -0.01835174099 -0.1278695062 0 -7.924934968 0.4494307992 0.4376462981 1


mesh: pSphereShape15 tranform: pSphere15 -0.08747973079 -0.004339190171 0.1239343374 0 0.04754309482 0.3741472363 0.04665820038 0 -0.1518754843 0.03252558006 -0.1060633565 0 -7.850036511 -0.1357186813 0.2519479262 1


mesh: pSphereShape16 tranform: pSphere16 -0.06240276965 0.008371641585 0.07796838924 0 -0.1846582993 0.2582134425 -0.1755180509 0 -0.04945631433 -0.05803821995 -0.03335115476 0 -7.74300872 -0.747227533 0.3067830841 1


mesh: pSphereShape17 tranform: pSphere17 -0.08633547149 -0.03842677254 0.06080224147 0 -0.05921626025 0.07820237265 -0.03465988936 0 -0.08152590902 -0.1570221971 -0.2149992126 0 -7.55240843 -1.197214781 0.3595992745 1


mesh: pSphereShape18 tranform: pSphere18 -0.074303858 0.01575632211 0.1028324248 0 0.1071881067 0.3409032833 0.0252168314 0 -0.1105554122 0.04113658645 -0.08618735754 0 -8.125864721 -0.1434147274 0.5590096539 1


mesh: pSphereShape19 tranform: pSphere19 -0.0492186964 0.01001837455 0.07036355554 0 -0.03958522678 0.4194113055 -0.08740537288 0 -0.08229038294 -0.01919310604 -0.05482869107 0 -8.23210526 -0.8399094002 0.6081489382 1


mesh: pSphereShape20 tranform: pSphere20 -0.0274839552 0.007461970788 0.1118501295 0 -0.002702371277 0.08167784735 -0.006113086905 0 -0.2542213184 -0.01302139679 -0.06159887407 0 -8.400634762 -1.266877195 0.6034640546 1


mesh: pSphereShape21 tranform: pSphere21 -0.1755490275 -0.02043088517 0.1961822725 0 0.05509043235 0.1198233727 0.06177504849 0 -0.1705350022 0.149074528 -0.137074206 0 -7.869296194 0.2816484163 0.4755363866 1


