mesh: pSphereShape1 tranform: pSphere1 -0.1236516534 0.05427096672 -0.05764603722 0 -0.01069748119 0.04860833005 0.06870866567 0 0.07959718081 0.1110613907 -0.066178252 0 4.822234726 0.2303445739 0.4018019785 1


mesh: pSphereShape2 tranform: pSphere2 -0.1951349515 0.1428797114 -0.09486451365 0 0.03965380553 0.107871468 0.08090275814 0 0.07891770507 0.04354713313 -0.09674429758 0 4.53599932 0.3749497689 0.2543050929 1


mesh: pSphereShape3 tranform: pSphere3 -0.09208495177 0.2544491235 -0.1140806878 0 0.06045520865 0.06639724336 0.09929555674 0 0.1113812789 0.007620438228 -0.07290914909 0 4.276726752 0.7014456189 0.08458681488 1


mesh: pSphereShape4 tranform: pSphere4 0.03001911279 -0.001531548968 -0.1782270805 0 0.001922652692 0.1486813999 -0.0009538197907 0 0.1699665848 -0.002014135311 0.02864509037 0 4.234525348 0.9569757224 -0.1407580013 1


mesh: pSphereShape5 tranform: pSphere5 0.04102924992 -0.0005716839549 -0.1822264063 0 -0.0004333068744 0.1385386105 -0.0005321871774 0 0.1723504658 0.0006881211715 0.03880347032 0 4.299396882 0.9758038903 -0.4291460584 1


mesh: pSphereShape6 tranform: pSphere6 -0.01780726596 -0.2250336152 -0.1416041479 0 0.0778928165 0.03444188369 -0.06452946352 0 0.07148235423 -0.04487926095 0.06233176903 0 4.305390125 0.7016604135 -0.6322649607 1


mesh: pSphereShape7 tranform: pSphere7 0.03225963207 -0.2124181894 -0.1305444209 0 0.07603133967 0.0423613089 -0.05014055328 0 0.08147363523 -0.04183223838 0.08820168453 0 4.342108539 0.2766507317 -0.8366663194 1


mesh: pSphereShape8 tranform: pSphere8 -0.1015747953 -0.1362325695 -0.08345241614 0 0.03620579287 -0.01443637078 -0.020501409 0 0.02191628598 -0.07043041023 0.08829910309 0 4.314937271 -0.03854316602 -0.9849018759 1


mesh: pSphereShape10 tranform: pSphere10 0.07744959601 0.01117139835 -0.1659620567 0 -0.02753191902 0.1522992426 -0.002596620613 0 0.1984141577 0.0374900541 0.09511760099 0 4.226370784 1.397047166 -0.2737556674 1


mesh: pSphereShape11 tranform: pSphere11 0.01634738211 0.0006892128027 -0.04088843471 0 0.07794006951 0.148840354 0.03366963752 0 0.0928079133 -0.05677590479 0.03614801474 0 4.302972624 1.217901626 -0.2313231055 1


mesh: pSphereShape12 tranform: pSphere12 0.08234573554 0.0005829081591 -0.3055330597 0 -0.009462004647 0.1654961723 -0.002234411765 0 0.2514664562 0.01529266148 0.06780315209 0 4.268203854 0.7766275155 -0.2467351448 1


mesh: pSphereShape13 tranform: pSphere13 0.05734007239 0.004870428287 -0.2113931564 0 -0.01124004989 0.2065598299 0.001710223597 0 0.1885814253 0.009836350871 0.05137905127 0 4.326967048 0.5556785254 -0.2419046182 1


mesh: pSphereShape14 tranform: pSphere14 0.05949246383 0.003926231204 -0.2133876233 0 -0.014613225 0.2412018618 0.0003638332689 0 0.1836744619 0.01105037462 0.05141175687 0 4.349011247 0.3622162453 -0.2394550901 1


mesh: pSphereShape15 tranform: pSphere15 0.01564449287 0.008188845969 -0.1507297067 0 0.02743090082 0.3783166135 0.02340029105 0 0.186583236 -0.01467726271 0.01856840514 0 4.290338271 -0.2346452327 -0.07823046362 1


mesh: pSphereShape16 tranform: pSphere16 0.01522434333 0.01250219267 -0.09826074654 0 0.2431391069 0.2597338829 0.07071874104 0 0.06045464405 -0.05716217199 0.00209371266 0 4.07627685 -0.862143168 -0.1238410241 1


mesh: pSphereShape17 tranform: pSphere17 0.01110020366 0.00764393116 -0.1115602924 0 0.06893486965 0.07696923687 0.01213279932 0 0.2067186188 -0.1863697915 0.007798661095 0 3.911268962 -1.335986261 -0.1906563621 1


mesh: pSphereShape18 tranform: pSphere18 0.04109368201 0.01323196618 -0.1203331083 0 -0.1648949089 0.3173186599 -0.02141878667 0 0.1208966924 0.0661014789 0.04855473985 0 4.572735241 -0.2184080651 -0.3720414775 1


mesh: pSphereShape19 tranform: pSphere19 0.02664625438 0.009495049885 -0.08169271086 0 -0.1007432122 0.4179905995 0.01572248395 0 0.09287666672 0.02115296045 0.03275278387 0 4.845992863 -0.886751074 -0.37533 1


mesh: pSphereShape20 tranform: pSphere20 0.03198581773 -0.01117866602 -0.1103333366 0 -0.02536219461 0.07645091706 -0.01509833613 0 0.2382328437 0.09085409983 0.05985901345 0 5.14133625 -1.217981507 -0.306343898 1


mesh: pSphereShape21 tranform: pSphere21 0.07090154786 0.004679178701 -0.2543097363 0 -0.09658953506 0.1060912704 -0.02497713074 0 0.184950861 0.1813115312 0.05490034154 0 4.312327267 0.1860890848 -0.2572249765 1


