mesh: pSphereShape1 tranform: pSphere1 -0.04176629548 0.135092901 -0.03954262892 0 0.06963475953 0.0321460848 0.03627280096 0 0.07521419609 -0.01509516343 -0.1310147529 0 1.860831057 -0.05266060017 1.920354975 1


mesh: pSphereShape2 tranform: pSphere2 -0.05001007257 0.2471409614 -0.06254498413 0 0.122182672 0.03923177263 0.05732535972 0 0.0601906317 -0.01729203888 -0.1164555252 0 1.749734308 0.2674962704 1.822119435 1


mesh: pSphereShape3 tranform: pSphere3 -0.0191577794 0.2713799925 -0.1105634537 0 0.1141425497 0.03315635803 0.06160493526 0 0.06913519944 -0.03879918879 -0.1072126464 0 1.673149087 0.7122838749 1.686918002 1


mesh: pSphereShape4 tranform: pSphere4 -0.06502128501 0.005410537662 -0.1685566479 0 0.02502189597 0.1464928925 -0.004949970988 0 0.158197789 -0.02911477935 -0.06195988271 0 1.624736613 0.9868956771 1.46481843 1


mesh: pSphereShape5 tranform: pSphere5 -0.04744826343 0.004894969199 -0.1805959327 0 0.01660755636 0.1375398231 -0.0006353770504 0 0.1695536464 -0.02068151645 -0.0451076685 0 1.54485079 1.014858434 1.181982099 1


mesh: pSphereShape6 tranform: pSphere6 0.01068325384 -0.2482224286 -0.09633512047 0 0.02035419055 0.03871255114 -0.09749169804 0 0.1029172375 -0.003387563854 0.02014177478 0 1.537701171 0.7251861367 1.01897341 1


mesh: pSphereShape7 tranform: pSphere7 0.08881551845 -0.205967345 -0.1135485506 0 0.01891379815 0.05375636398 -0.08271542637 0 0.1165178356 0.02617691851 0.04365534873 0 1.677807049 0.3079327551 0.855723333 1


mesh: pSphereShape8 tranform: pSphere8 -0.01475714532 -0.1885276138 -0.008979047577 0 0.01914471753 0.0003903209258 -0.03965984682 0 0.1032258968 -0.01044843096 0.04972667705 0 1.777770484 -0.01066673422 0.7519051913 1


mesh: pSphereShape10 tranform: pSphere10 -0.05814596569 -0.0003280549955 -0.1740275362 0 0.00397873456 0.1547299266 -0.001621049718 0 0.2116243701 -0.00618237968 -0.07069614078 0 1.628287176 1.428453525 1.317571876 1


mesh: pSphereShape11 tranform: pSphere11 -0.01283909246 0.0007677630022 -0.04212059181 0 0.1098740128 0.1277431622 -0.03116305065 0 0.08137812034 -0.07638564888 -0.0261978106 0 1.686335527 1.234830518 1.330177771 1


mesh: pSphereShape12 tranform: pSphere12 -0.07927356505 0.00811558909 -0.3062375706 0 0.01655561292 0.1649527493 8.577090784e-05 0 0.2512286121 -0.02518059525 -0.06570109295 0 1.5715096 0.8106760794 1.359915185 1


mesh: pSphereShape13 tranform: pSphere13 -0.0556540772 0.01818190497 -0.2111177718 0 0.02466834328 0.2050930343 0.01116006558 0 0.187838872 -0.01980574675 -0.05122309312 0 1.589034975 0.5843130345 1.334379874 1


mesh: pSphereShape14 tranform: pSphere14 -0.05270123709 0.0135340756 -0.2147753588 0 0.02426097979 0.2402478661 0.00918610564 0 0.1845763191 -0.01686670763 -0.04635390068 0 1.579131133 0.3903910858 1.323680183 1


mesh: pSphereShape15 tranform: pSphere15 -0.01739405214 0.01480412324 -0.1500317858 0 0.0713472033 0.3721874222 0.02845324723 0 0.183472151 -0.03329376745 -0.02455619106 0 1.530363792 -0.1981543199 1.491247274 1


mesh: pSphereShape16 tranform: pSphere16 -0.0103556371 0.01175022987 -0.0989846081 0 0.1636546661 0.323026518 0.02122438579 0 0.07377524221 -0.03658422039 -0.01206109371 0 1.34509671 -0.8781897714 1.476212208 1


mesh: pSphereShape17 tranform: pSphere17 0.01625705076 -0.004557388047 -0.1110958216 0 0.01515071835 0.1029073493 -0.002004420356 0 0.2725073599 -0.03931225109 0.04148965371 0 1.350196637 -1.33204279 1.496354204 1


mesh: pSphereShape18 tranform: pSphere18 -0.03724334574 -0.0002152740983 -0.1222976673 0 -0.1494710076 0.3224563016 0.04495084856 0 0.1257626328 0.06365034638 -0.03841057305 0 1.669944205 -0.1955077365 1.122331406 1


mesh: pSphereShape19 tranform: pSphere19 -0.02631131898 0.0005443405082 -0.082348625 0 -0.08328342217 0.4210848243 0.02939345027 0 0.09394821626 0.02066717054 -0.02988090581 0 1.901372298 -0.8740679213 1.029791932 1


mesh: pSphereShape20 tranform: pSphere20 -0.04312291178 -0.004109582596 -0.1069814287 0 -0.02009677707 0.07928751315 0.005055017187 0 0.2342914012 0.06556681781 -0.09695869467 0 2.193304932 -1.22998429 0.9452040551 1


mesh: pSphereShape21 tranform: pSphere21 -0.06280794311 0.01612955401 -0.2559636027 0 -0.07906096304 0.1193044331 0.02691782618 0 0.2132382179 0.1509683386 -0.04281078158 0 1.512182321 0.222469543 1.325252453 1


