mesh: pSphereShape1 tranform: pSphere1 0.09541293567 0.09764404168 0.05403839064 0 0.0006236899233 0.04061316274 -0.07448670093 0 -0.1153909967 0.08702842185 0.04648522776 0 -7.738914073 0.1235429648 -0.1911608216 1


mesh: pSphereShape2 tranform: pSphere2 0.132333482 0.2046461778 0.08999627025 0 -0.07683819219 0.0853291169 -0.08104793774 0 -0.08787291956 0.013797964 0.09783548584 0 -7.523047726 0.3654770425 -0.0514713776 1


mesh: pSphereShape3 tranform: pSphere3 0.02533675843 0.2680778892 0.1171780361 0 -0.0804299465 0.04915590362 -0.09506710584 0 -0.1059719129 -0.0237952486 0.0773520796 0 -7.370481224 0.7624272098 0.1168006877 1


mesh: pSphereShape4 tranform: pSphere4 -0.05613825351 0.001366693853 0.1717993412 0 -0.004390463307 0.1486090202 -0.002616866708 0 -0.1637709132 -0.005779938822 -0.05346885251 0 -7.405757743 1.033089126 0.335919588 1


mesh: pSphereShape5 tranform: pSphere5 -0.05392318358 0.0005971385146 0.1788354636 0 -0.004200000242 0.1384658406 -0.001728743642 0 -0.1690594631 -0.005764165768 -0.0509562381 0 -7.500596243 1.054540624 0.6167864356 1


mesh: pSphereShape6 tranform: pSphere6 -0.006782975606 -0.2321204742 0.1307020968 0 -0.07799287648 0.03755336361 0.06264536676 0 -0.07167088982 -0.03599803523 -0.06765019936 0 -7.533288709 0.7751090289 0.8087025208 1


mesh: pSphereShape7 tranform: pSphere7 -0.05893010839 -0.2152507998 0.1157512522 0 -0.07455339854 0.04655522245 0.04861812641 0 -0.07982771638 -0.02902583077 -0.09461745824 0 -7.616661932 0.3453378757 0.9872229769 1


mesh: pSphereShape8 tranform: pSphere8 0.07708022648 -0.1545518109 0.07754633608 0 -0.03856653723 -0.00975317735 0.01889639507 0 -0.02986388335 -0.061368984 -0.09262555887 0 -7.633483056 0.02139496552 1.117394765 1


mesh: pSphereShape10 tranform: pSphere10 -0.0856878997 0.01348207324 0.161686307 0 0.01790058631 0.1537149427 -0.003330724054 0 -0.1956762456 0.02050304689 -0.1054109677 0 -7.441069625 1.475605332 0.4496581555 1


mesh: pSphereShape11 tranform: pSphere11 -0.01874363731 0.001000200382 0.03984032717 0 -0.08351096411 0.1433467209 -0.04288806816 0 -0.08741210247 -0.06275731527 -0.03954914445 0 -7.503028846 1.291737695 0.4125042103 1


mesh: pSphereShape12 tranform: pSphere12 -0.1058279678 0.00216397887 0.2982069231 0 0.00297816797 0.1657546814 -0.0001459260691 0 -0.2458280208 0.004340040299 -0.08727118522 0 -7.449166033 0.8539246267 0.4405612874 1


mesh: pSphereShape13 tranform: pSphere13 -0.0674518001 0.003027212625 0.2084220771 0 0.006722828137 0.2067615679 -0.0008273805323 0 -0.1860878692 0.005809295194 -0.06030813964 0 -7.5008294 0.6317448073 0.4348626935 1


mesh: pSphereShape14 tranform: pSphere14 -0.06556875935 -0.005663377365 0.2115601812 0 0.008455928966 0.2413256117 0.009080928022 0 -0.1823733775 0.00850862187 -0.05629513312 0 -7.518312945 0.4381968304 0.4280856653 1


mesh: pSphereShape15 tranform: pSphere15 -0.009408901107 0.007614660007 0.1512770352 0 -0.01566751146 0.3791775121 -0.02006069129 0 -0.1875564453 -0.008344723602 -0.01124531433 0 -7.462055236 -0.1477705971 0.2576788482 1


mesh: pSphereShape16 tranform: pSphere16 -0.008989759296 0.01026851017 0.09928243394 0 -0.187255067 0.3068294025 -0.0486899709 0 -0.07088755962 -0.04356554325 -0.001912814448 0 -7.309825481 -0.815675028 0.2818501038 1


mesh: pSphereShape17 tranform: pSphere17 -0.01310745326 0.00112908611 0.1115986688 0 -0.04204756373 0.09497727639 -0.005899478968 0 -0.2526031796 -0.1136018827 -0.02851931921 0 -7.256858086 -1.299940194 0.3054852703 1


mesh: pSphereShape18 tranform: pSphere18 -0.05362788459 0.0201698968 0.1142849852 0 0.1403834447 0.3295043267 0.007721039672 0 -0.119624381 0.05249772563 -0.06539858402 0 -7.710169162 -0.162959576 0.5631286935 1


mesh: pSphereShape19 tranform: pSphere19 -0.03519955932 0.01430846535 0.07765395479 0 0.07424449609 0.4215012228 -0.04401143646 0 -0.09034434225 0.01141781494 -0.04305579095 0 -7.937586738 -0.8472653148 0.6015810199 1


mesh: pSphereShape20 tranform: pSphere20 -0.03089397508 0.00298757815 0.1111671577 0 0.02425679294 0.0781409732 0.00464108738 0 -0.2401428417 0.07863525822 -0.06885033409 0 -8.209690322 -1.197428697 0.5520816145 1


mesh: pSphereShape21 tranform: pSphere21 -0.07814311645 -0.006749463636 0.252131839 0 0.0931069586 0.1073916365 0.03173143021 0 -0.1878965782 0.1786969482 -0.05345106625 0 -7.477660897 0.2624697707 0.4403196931 1


