mesh: pSphereShape1 tranform: pSphere1 -0.00845452919 0.1416089628 -0.03786234841 0 0.04140230858 0.02142497872 0.07088656941 0 0.1322285104 -0.01180102247 -0.07366316329 0 -7.264220304 -0.07110248055 0.6748342551 1


mesh: pSphereShape2 tranform: pSphere2 0.005770382461 0.2548672569 -0.05000921167 0 0.08744256842 0.01927705868 0.108333404 0 0.1034779573 -0.01809956093 -0.08030276668 0 -7.290809352 0.2664049868 0.5753629679 1


mesh: pSphereShape3 tranform: pSphere3 0.05718560569 0.2775906133 -0.0768872943 0 0.0777990236 0.01390350782 0.108060345 0 0.1053619645 -0.04124613489 -0.07054939538 0 -7.258064709 0.7246250707 0.470986573 1


mesh: pSphereShape4 tranform: pSphere4 0.02832240074 0.00405519375 -0.1784650722 0 0.04223164691 0.1422271774 0.009933934781 0 0.1630548822 -0.05014383403 0.0247374049 0 -7.166921421 0.9991931491 0.278987643 1


mesh: pSphereShape5 tranform: pSphere5 0.05204759017 0.0001668220077 -0.1793912201 0 0.03838622454 0.1326390446 0.01126051539 0 0.1624545739 -0.05101237851 0.04708624585 0 -7.086385007 1.019332962 -0.00397546913 1


mesh: pSphereShape6 tranform: pSphere6 -8.643509939e-05 -0.251290955 -0.08866684753 0 0.06837713683 0.02730055059 -0.07743922115 0 0.08062848726 -0.02236578027 0.06330831996 0 -7.07430556 0.7251559291 -0.1606530501 1


mesh: pSphereShape7 tranform: pSphere7 0.08703069544 -0.2260407441 -0.06734431635 0 0.06355769889 0.04365083536 -0.06437657705 0 0.08807260852 0.006659000645 0.09146748 0 -6.9646623 0.2791274054 -0.2559380425 1


mesh: pSphereShape8 tranform: pSphere8 -0.04623901966 -0.1833107383 -0.0100092 0 0.02983146227 -0.005784194192 -0.03187793854 0 0.07983862462 -0.02446066962 0.07915154795 0 -6.895171285 -0.05852903692 -0.3157323227 1


mesh: pSphereShape10 tranform: pSphere10 0.04605983954 -0.01795978709 -0.1766991272 0 0.007191117978 0.1540072681 -0.01377887963 0 0.2158101745 -0.004998384165 0.05676288323 0 -7.077566008 1.43638314 0.119348805 1


mesh: pSphereShape11 tranform: pSphere11 0.01086704186 -0.003082767207 -0.04256735788 0 0.1132276551 0.1270948236 0.0197016201 0 0.08126666644 -0.07647431946 0.02628494804 0 -7.037992883 1.245661332 0.177298622 1


mesh: pSphereShape12 tranform: pSphere12 0.08084514364 0.00105789099 -0.3059322705 0 0.03711996775 0.1612393945 0.01036681361 0 0.2453793876 -0.06064598465 0.06463383205 0 -7.184667874 0.8252954066 0.1592085085 1


mesh: pSphereShape13 tranform: pSphere13 0.05836371886 0.01066752611 -0.2108993878 0 0.05620893807 0.1974446365 0.02554207735 0 0.1809807667 -0.05762396148 0.04716943743 0 -7.195133995 0.5962485775 0.1420627855 1


mesh: pSphereShape14 tranform: pSphere14 0.06180201281 0.01000377491 -0.2125311319 0 0.05843146141 0.2328016812 0.02794921144 0 0.1775590429 -0.05047949885 0.0492564106 0 -7.233946952 0.407538257 0.1224654177 1


mesh: pSphereShape15 tranform: pSphere15 0.05032235169 0.006552492277 -0.1430243952 0 0.06845296372 0.3715479892 0.04110682962 0 0.1741735401 -0.03867326074 0.0595102387 0 -7.399014392 -0.174393011 0.2521765736 1


mesh: pSphereShape16 tranform: pSphere16 0.03344877651 0.004779766209 -0.09434825355 0 0.1204962331 0.3368765738 0.05978534443 0 0.07342136622 -0.03060614192 0.02447914593 0 -7.562289805 -0.864514326 0.2010012137 1


mesh: pSphereShape17 tranform: pSphere17 0.04142972664 0.01199704516 -0.1037641157 0 -0.0008691200347 0.1033829328 0.01160596126 0 0.2588117313 -0.009304075345 0.1022596087 0 -7.514605728 -1.312474111 0.2144988494 1


mesh: pSphereShape18 tranform: pSphere18 0.05470456649 0.004253321171 -0.1154692697 0 -0.1766457184 0.3031122526 -0.07252227113 0 0.1106610063 0.07771874838 0.05528938732 0 -7.052029772 -0.1444940584 0.02397404101 1


mesh: pSphereShape19 tranform: pSphere19 0.03591913438 0.0008260585748 -0.07863212616 0 0.03322102902 0.4285110392 0.01967701879 0 0.09129221376 -0.008988191853 0.04160783487 0 -6.866030774 -0.8053455574 0.07597243929 1


mesh: pSphereShape20 tranform: pSphere20 0.01586655769 -0.007607885214 -0.1140695959 0 -0.0029425955 0.08168827388 -0.005857510647 0 0.2592446158 0.01186750609 0.03526823251 0 -6.681072135 -1.215932368 0.1236147026 1


mesh: pSphereShape21 tranform: pSphere21 0.07365400736 0.01192223485 -0.2532889924 0 -0.05983347421 0.1323023219 -0.01117157035 0 0.2298017363 0.1100072401 0.07200214566 0 -7.321459767 0.253738699 0.08545916033 1


