mesh: pSphereShape1 tranform: pSphere1 -0.1207395255 0.08276022321 -0.01143884931 0 0.03633178876 0.05966031092 0.04815324515 0 0.05688736344 0.06579395519 -0.1244382902 0 -1.796013334 0.1748799237 0.4792974959 1


mesh: pSphereShape2 tranform: pSphere2 -0.1780522137 0.1867777112 -0.03005050789 0 0.09462721339 0.09643689061 0.03872403384 0 0.03668671703 0.01467106022 -0.1261850264 0 -2.076868669 0.3845259942 0.4378768214 1


mesh: pSphereShape3 tranform: pSphere3 -0.07055068701 0.2639346364 -0.1077010046 0 0.1111823586 0.05166479598 0.05377978948 0 0.06701365471 -0.02774415835 -0.1118884988 0 -2.300515092 0.7615049491 0.3358765105 1


mesh: pSphereShape4 tranform: pSphere4 -0.03800894549 -0.02161077608 -0.1753758233 0 0.03350894606 0.1427249384 -0.02484969882 0 0.1639826723 -0.04374900061 -0.03014873144 0 -2.364854274 1.00525271 0.1066385309 1


mesh: pSphereShape5 tranform: pSphere5 -0.03591678468 -0.02322441053 -0.1818262925 0 0.03040818992 0.1331874956 -0.02301848334 0 0.1689771588 -0.04339028133 -0.02783647211 0 -2.413235025 0.9868926286 -0.1855720614 1


mesh: pSphereShape6 tranform: pSphere6 -0.05532142841 -0.2476339364 -0.08139984344 0 0.04346616554 0.02158194879 -0.09519715235 0 0.09334300818 -0.03244452243 0.03526414962 0 -2.484592146 0.6857896833 -0.3245391163 1


mesh: pSphereShape7 tranform: pSphere7 0.02588669886 -0.2333039085 -0.09001767595 0 0.04538278089 0.03659539739 -0.08179547833 0 0.1126749845 -0.009908465438 0.05808267157 0 -2.469645214 0.2315396127 -0.4457617697 1


mesh: pSphereShape8 tranform: pSphere8 -0.08023998124 -0.1714073272 -0.004704402442 0 0.02098491297 -0.008788601154 -0.03770901652 0 0.08862307101 -0.04311601286 0.05936715087 0 -2.47623176 -0.109577512 -0.5238339315 1


mesh: pSphereShape10 tranform: pSphere10 -0.004251386833 -0.03888639055 -0.1792663344 0 -0.03221647775 0.1481152868 -0.03136508703 0 0.2182570128 0.04434010514 -0.01479430951 0 -2.428669325 1.417074548 -0.1263799662 1


mesh: pSphereShape11 tranform: pSphere11 -0.003205612812 -0.01068622463 -0.0426040451 0 0.0856821876 0.1422845747 -0.04213564324 0 0.09893197675 -0.05750846349 0.006980810064 0 -2.329602977 1.245647385 -0.07243400951 1


mesh: pSphereShape12 tranform: pSphere12 -0.04082481904 -0.04118530631 -0.3110767031 0 0.02462883727 0.1620720036 -0.02468990078 0 0.255795401 -0.04311566018 -0.0278615184 0 -2.410469808 0.8152456958 0.02488936917 1


mesh: pSphereShape13 tranform: pSphere13 -0.0171759587 -0.02608986959 -0.2168478192 0 0.04562297721 0.1998740106 -0.02766135839 0 0.1902665576 -0.04477020468 -0.009684034367 0 -2.407327482 0.5861087733 0.04629769907 1


mesh: pSphereShape14 tranform: pSphere14 -0.009209714311 -0.01035302288 -0.2211267564 0 0.05933309994 0.2338621209 -0.01342045095 0 0.1850347562 -0.04726039045 -0.005493814308 0 -2.442281868 0.3944487648 0.06383645658 1


mesh: pSphereShape15 tranform: pSphere15 -0.01670271995 0.001638751778 -0.1508296572 0 -0.02735465516 0.378977749 0.007146788133 0 0.1864450386 0.01384414407 -0.02049631489 0 -2.44813463 -0.1976719164 0.2360239608 1


mesh: pSphereShape16 tranform: pSphere16 -0.0008814544248 0.01311186671 -0.09935070082 0 0.3213249724 0.1672136773 0.01921727893 0 0.03861099793 -0.0730492067 -0.00998327428 0 -2.662592735 -0.7403978176 0.2461166129 1


mesh: pSphereShape17 tranform: pSphere17 0.02762554802 -0.03934310723 -0.1015691492 0 0.09896015755 0.02772533828 0.01617644374 0 0.05191173345 -0.2500353127 0.1109712575 0 -3.042885954 -1.126470587 0.3073316251 1


mesh: pSphereShape18 tranform: pSphere18 -0.001156306651 -0.0001211895178 -0.1278377129 0 -0.1192449654 0.3378169482 0.0007583354813 0 0.1377554093 0.04862875873 -0.001292113165 0 -2.384642879 -0.1818570089 -0.1120360188 1


mesh: pSphereShape19 tranform: pSphere19 -0.002420995311 -0.0018454698 -0.08639797958 0 0.1336866741 0.4087599834 -0.01247724798 0 0.09570117779 -0.03136088309 -0.002011812556 0 -2.346194753 -0.8686144653 -0.1222336048 1


mesh: pSphereShape20 tranform: pSphere20 -0.02585291908 0.003238642214 -0.1124394861 0 0.01317314888 0.08088215302 -0.0006991849544 0 0.2517511734 -0.04151303543 -0.05908021116 0 -2.253566481 -1.309424899 -0.1296501804 1


mesh: pSphereShape21 tranform: pSphere21 -0.01097589439 -0.01233845936 -0.2635330308 0 -0.0630730359 0.1312180571 -0.003516620596 0 0.2383813848 0.1141742636 -0.01527392374 0 -2.533736029 0.2386602224 0.07078817772 1


