mesh: pSphereShape1 tranform: pSphere1 0.03916752306 0.1327854463 -0.0489087437 0 -0.07383184695 0.03177805313 0.02714959127 0 0.06287975256 0.03104978589 0.1346549377 0 4.176953594 -0.1013181724 -0.1221838557 1


mesh: pSphereShape2 tranform: pSphere2 0.04937882408 0.2470555096 -0.06337857767 0 -0.1134146198 0.04116145828 0.07208878235 0 0.07394255184 0.01313958266 0.1088286106 0 4.278350115 0.2157291619 -0.2395304246 1


mesh: pSphereShape3 tranform: pSphere3 0.071045767 0.2845917161 -0.0140873086 0 -0.1129475767 0.03139672001 0.06465388358 0 0.06390543875 -0.01018246359 0.1165848049 0 4.37843026 0.6670748871 -0.3269660441 1


mesh: pSphereShape4 tranform: pSphere4 0.1740766196 0.01725782256 0.04547398203 0 -0.01705357504 0.1474205208 0.009334381714 0 -0.04196302088 -0.01539541384 0.1664791999 0 4.558697327 0.9607980443 -0.291452528 1


mesh: pSphereShape5 tranform: pSphere5 0.1694692156 0.01861559478 0.07631404797 0 -0.01828673868 0.1371415735 0.007155527905 0 -0.07054004371 -0.01780582536 0.1609904367 0 4.82695885 1.009139811 -0.1811350831 1


mesh: pSphereShape6 tranform: pSphere6 0.1556996248 -0.1956588817 0.09210966408 0 0.04602238818 0.06855249671 0.06782389592 0 -0.07216879954 -0.02329280469 0.07251368205 0 5.045074372 0.7747826438 -0.05956207509 1


mesh: pSphereShape7 tranform: pSphere7 0.0986916239 -0.1565257718 0.1701871412 0 0.03015108849 0.0785945012 0.05480087984 0 -0.110540491 -0.001395055246 0.06281942564 0 5.228741589 0.4350999109 0.2038694037 1


mesh: pSphereShape8 tranform: pSphere8 0.06326744616 -0.1771737201 0.02116036339 0 0.02603992713 0.01323511791 0.03295951847 0 -0.0844468831 -0.02117168093 0.07521955693 0 5.355382147 0.1701704261 0.3941443845 1


mesh: pSphereShape10 tranform: pSphere10 0.1596814332 0.02671796448 0.0863402258 0 -0.01724653242 0.1530465255 -0.01546371468 0 -0.1070957937 0.007703336988 0.1956839026 0 4.628224813 1.412183578 -0.2517356064 1


mesh: pSphereShape11 tranform: pSphere11 0.03932573471 0.004922939212 0.01920487617 0 -0.05982733984 0.134244112 0.08809629789 0 -0.03257817003 -0.07008656462 0.08467601432 0 4.605481629 1.221530449 -0.1916858826 1


mesh: pSphereShape12 tranform: pSphere12 0.2937549869 0.03062481018 0.1135858232 0 -0.01749934944 0.164853338 0.00080924696 0 -0.09300189115 -0.01106758448 0.2435049658 0 4.682805198 0.7921083283 -0.2590850454 1


mesh: pSphereShape13 tranform: pSphere13 0.2041969115 0.01553324968 0.07785249541 0 -0.01954413752 0.2056934018 0.01022145209 0 -0.06846124173 -0.01558245715 0.1826739174 0 4.697003535 0.5666132678 -0.2190180997 1


mesh: pSphereShape14 tranform: pSphere14 0.2073229406 0.0129553114 0.07706104431 0 -0.01638623988 0.2410619133 0.003558364489 0 -0.0661258455 -0.007138700739 0.1791033193 0 4.708598573 0.3737844267 -0.2139711925 1


mesh: pSphereShape15 tranform: pSphere15 0.1386498327 0.02143851407 0.0578607453 0 -0.0251557648 0.3712408007 -0.07727187964 0 -0.07545115444 0.0301917334 0.1696145459 0 4.561540335 -0.2196570448 -0.1877218181 1


mesh: pSphereShape16 tranform: pSphere16 0.09033184203 0.01892709295 0.03905359435 0 -0.100983722 0.3417037052 0.06797294539 0 -0.02760667299 -0.0230865515 0.0750436158 0 4.629765256 -0.906940095 -0.1537681142 1


mesh: pSphereShape17 tranform: pSphere17 0.08910960261 -0.004644747745 0.06830262144 0 0.002210439817 0.103928322 0.00418357919 0 -0.1695296824 -0.005283047444 0.2208141341 0 4.607916419 -1.358224504 -0.07811357111 1


mesh: pSphereShape18 tranform: pSphere18 0.117706715 0.04939313838 -0.007019950966 0 -0.1182479759 0.2493213473 -0.2284655538 0 -0.03041325125 0.08842887646 0.112242356 0 5.010269478 -0.1119800087 0.0732951178 1


mesh: pSphereShape19 tranform: pSphere19 0.08122881335 0.02890085569 -0.006363825515 0 -0.1232866505 0.3810994203 0.1570864926 0 0.0188623093 -0.03243032948 0.09348130736 0 5.252103483 -0.6690522883 0.2141735638 1


mesh: pSphereShape20 tranform: pSphere20 0.07000588874 0.03406731216 -0.08520618556 0 0.006331244325 0.07394088622 0.03476498353 0 0.2072406642 -0.08232549963 0.137354563 0 5.50568725 -1.119223439 0.2079280853 1


mesh: pSphereShape21 tranform: pSphere21 0.2470820075 0.01543979812 0.09183931829 0 0.02476735614 0.1149227931 -0.08595395683 0 -0.08180350686 0.1618803293 0.192867014 0 4.74163552 0.2027093059 -0.262180352 1


