mesh: pSphereShape1 tranform: pSphere1 0.04325595656 0.1342316892 0.04085230298 0 -0.07520179396 0.03141082007 -0.02358256048 0 -0.0542196381 -0.02501006294 0.1395873645 0 1.318192636 -0.01651605582 -0.2126657356 1


mesh: pSphereShape2 tranform: pSphere2 0.04738946865 0.2453211368 0.07115697656 0 -0.1316659765 0.03534917953 -0.03418245628 0 -0.03947605824 -0.02806182564 0.1230365428 0 1.429844872 0.3026825883 -0.1117507226 1


mesh: pSphereShape3 tranform: pSphere3 0.02833671375 0.2648131203 0.1237313221 0 -0.1239246379 0.03171464666 -0.03949555753 0 -0.048781544 -0.04820886513 0.1143497734 0 1.509682891 0.7421981278 0.03959957302 1


mesh: pSphereShape4 tranform: pSphere4 0.09957354372 -0.01421446797 0.1501713797 0 -0.00979579002 0.1469639333 0.02040612302 0 -0.1434095064 -0.02246694977 0.09296336658 0 1.597819183 0.9967798638 0.2652509522 1


mesh: pSphereShape5 tranform: pSphere5 0.09599166109 -0.01459584953 0.159570522 0 -0.004765758966 0.1375933324 0.01545250755 0 -0.1514306191 -0.01531816076 0.08969385393 0 1.748921145 0.9934525402 0.5200958889 1


mesh: pSphereShape6 tranform: pSphere6 0.06997614117 -0.2529071547 0.0463710269 0 0.01100768198 0.02210696998 0.1039600822 0 -0.1006633956 -0.02492612387 0.0159591228 0 1.848488826 0.6890771353 0.6240228777 1


mesh: pSphereShape7 tranform: pSphere7 0.01568982273 -0.2344408258 0.08941669604 0 0.003377831855 0.03597221352 0.09372251754 0 -0.1268312794 -0.005883411059 0.006829245218 0 1.872287098 0.2321669536 0.7382541383 1


mesh: pSphereShape8 tranform: pSphere8 0.06614223085 -0.1718445453 -0.04399676534 0 0.003681199555 -0.00954997583 0.04283483093 0 -0.1073742497 -0.04133120139 1.293494116e-05 0 1.910145473 -0.1107083545 0.7980683866 1


mesh: pSphereShape10 tranform: pSphere10 0.1557522768 -0.01427117933 0.0959385534 0 0.01138919517 0.1543054476 0.00446356153 0 -0.1168433435 0.003123565596 0.1901549804 0 1.687837246 1.425647714 0.4220486032 1


mesh: pSphereShape11 tranform: pSphere11 0.0324364801 -0.001000829707 0.02977329522 0 -0.07109086935 0.132660151 0.08190923347 0 -0.06124913571 -0.07251769348 0.06429011287 0 1.603925427 1.237057659 0.4362144877 1


mesh: pSphereShape12 tranform: pSphere12 0.145309193 -0.02431702025 0.2800455883 0 0.0003522133179 0.1651753038 0.01415980662 0 -0.2317606804 -0.009742278023 0.1194093236 0 1.654654497 0.8086153593 0.3442401485 1


mesh: pSphereShape13 tranform: pSphere13 0.09214767889 -0.007829160571 0.1986106268 0 -0.009110917133 0.2063018706 0.01235946121 0 -0.1773410849 -0.01273118199 0.08177757221 0 1.620964057 0.5821814238 0.3542572553 1


mesh: pSphereShape14 tranform: pSphere14 0.08482563199 0.004522983742 0.2046294238 0 -0.01521301048 0.2411630755 0.0009757959286 0 -0.1760868374 -0.01140424964 0.07324586182 0 1.620648058 0.3875611014 0.3520413751 1


mesh: pSphereShape15 tranform: pSphere15 0.05033456151 -0.003839112065 0.1431186395 0 0.03862151039 0.3780476409 -0.00344210602 0 -0.1763997839 0.0185904852 0.06253816245 0 1.519561079 -0.213634328 0.1874205296 1


mesh: pSphereShape16 tranform: pSphere16 0.02484498847 0.009272784485 0.09664368463 0 -0.29649083 0.2010766011 0.05692840963 0 -0.04328176358 -0.06883989793 0.01773186175 0 1.694133398 -0.782386011 0.1163080295 1


mesh: pSphereShape17 tranform: pSphere17 0.002169668612 -0.009701967526 0.1119308153 0 -0.09558318691 0.04072304776 0.005382588572 0 -0.1098056026 -0.2550892905 -0.0199822206 0 1.999595449 -1.218016155 0.02191754104 1


mesh: pSphereShape18 tranform: pSphere18 0.04937104608 -0.007800467713 0.1176668394 0 0.1153761781 0.3381611555 -0.02599226297 0 -0.1262781936 0.04739854807 0.05612641075 0 1.576970267 -0.2001115504 0.5422865627 1


mesh: pSphereShape19 tranform: pSphere19 0.03456199775 -0.006009509732 0.07901412504 0 -0.05030549476 0.423839489 0.05423999732 0 -0.0915745958 -0.0158409074 0.03885134316 0 1.487108485 -0.9000526103 0.5501581809 1


mesh: pSphereShape20 tranform: pSphere20 0.07434937534 0.0101963727 0.08769096101 0 -0.003578437199 0.08161774111 -0.006456199479 0 -0.1999971403 0.004602413453 0.169033779 0 1.343470881 -1.318400271 0.619391751 1


mesh: pSphereShape21 tranform: pSphere21 0.1010929489 0.005390372622 0.2438719453 0 0.07909122599 0.1170558208 -0.03537323552 0 -0.197854137 0.1574176773 0.0785376038 0 1.6794647 0.2173772068 0.3359074179 1


