mesh: pSphereShape1 tranform: pSphere1 -0.04380558152 0.1326093435 -0.04532072246 0 0.06574321631 0.03546506622 0.04022617529 0 0.08460272484 -0.01483724964 -0.1251884168 0 2.2707312 -0.005030942399 1.792632231 1


mesh: pSphereShape2 tranform: pSphere2 -0.04857122413 0.244471464 -0.07325350983 0 0.1191811382 0.0420956388 0.0614633849 0 0.06558097018 -0.02080477865 -0.1129164011 0 2.159894666 0.3101832368 1.679036096 1


mesh: pSphereShape3 tranform: pSphere3 -0.01188579542 0.2673642435 -0.1208862576 0 0.1111278053 0.03480334073 0.06604825615 0 0.07416141639 -0.04289966229 -0.1021729303 0 2.090225457 0.749511093 1.52499894 1


mesh: pSphereShape4 tranform: pSphere4 -0.0476739828 -0.01798916609 -0.173412705 0 0.01934491568 0.1460059943 -0.02046433253 0 0.1647517135 -0.02777309555 -0.04241186093 0 2.060105676 1.001944104 1.286875075 1


mesh: pSphereShape5 tranform: pSphere5 -0.03658922703 -0.01896699883 -0.1821858138 0 0.01717355576 0.1363349737 -0.01764260537 0 0.171853657 -0.0257669119 -0.03183163038 0 2.003423227 0.9911976583 0.9966497909 1


mesh: pSphereShape6 tranform: pSphere6 0.01439443514 -0.25526714 -0.07510292177 0 0.02598390373 0.03059985073 -0.09902561163 0 0.1016168838 -0.001938470299 0.02606483697 0 2.003855743 0.6859802232 0.8604864707 1


mesh: pSphereShape7 tranform: pSphere7 0.0901113667 -0.2161496383 -0.09145103783 0 0.02417813641 0.04636469757 -0.08576160404 0 0.1146890765 0.02777912362 0.04735147911 0 2.146825268 0.2549814554 0.7395575687 1


mesh: pSphereShape8 tranform: pSphere8 -0.02076465865 -0.1879468194 0.009267138261 0 0.02103826404 -0.004220684892 -0.03845976176 0 0.1002869432 -0.008329840085 0.05577311775 0 2.243480008 -0.07377221933 0.669922628 1


mesh: pSphereShape10 tranform: pSphere10 -0.05114639742 -0.0143438341 -0.1756272894 0 -0.00995237475 0.1541648851 -0.009692613414 0 0.2138782432 0.009840719124 -0.06308959903 0 2.038772866 1.429030053 1.112593897 1


mesh: pSphereShape11 tranform: pSphere11 -0.0106189752 -0.002562727109 -0.0426643388 0 0.1007190608 0.1346040256 -0.0331538384 0 0.08853446308 -0.07062957686 -0.01779333649 0 2.114511137 1.241482289 1.138631632 1


mesh: pSphereShape12 tranform: pSphere12 -0.05571962959 -0.03244084618 -0.3097975547 0 0.009389709272 0.1644318843 -0.01890751072 0 0.2563936182 -0.01970636491 -0.04405091672 0 2.025247743 0.8119986215 1.199801007 1


mesh: pSphereShape13 tranform: pSphere13 -0.0308838199 -0.01716527282 -0.2162179794 0 0.01309367513 0.2056542147 -0.01819688361 0 0.1933520413 -0.0146511945 -0.02645458942 0 2.055859462 0.5857189944 1.208372806 1


mesh: pSphereShape14 tranform: pSphere14 -0.02336845917 -0.002663227252 -0.220308576 0 0.01651105789 0.241034517 -0.004665127864 0 0.1895392178 -0.01336957915 -0.01994308767 0 2.054369196 0.3912990538 1.21762503 1


mesh: pSphereShape15 tranform: pSphere15 -0.01754756911 -0.01030068907 -0.1503902606 0 -0.01111523324 0.3790666209 -0.02466650475 0 0.1867359729 0.004039778548 -0.02206509171 0 2.069435962 -0.2133387039 1.420265642 1


mesh: pSphereShape16 tranform: pSphere16 -0.003621490604 0.003600570762 -0.1000858654 0 0.2950177324 0.2110319598 -0.003083037155 0 0.04833071969 -0.06762630399 -0.004181634822 0 1.86031555 -0.7923419359 1.482796855 1


mesh: pSphereShape17 tranform: pSphere17 0.02378285083 -0.01527958852 -0.1087577732 0 0.09247158443 0.04562606155 0.01381133879 0 0.1131583623 -0.2473510044 0.0594959774 0 1.557835256 -1.235631158 1.534661999 1


mesh: pSphereShape18 tranform: pSphere18 -0.009836174021 -0.009847437332 -0.127083084 0 -0.1029616077 0.3426279355 -0.01858043382 0 0.1394764254 0.0411550795 -0.01398444547 0 2.126395277 -0.2011570395 1.061361347 1


mesh: pSphereShape19 tranform: pSphere19 -0.007899771004 -0.007079754347 -0.08579830155 0 0.06631442399 0.4231220482 -0.04102026334 0 0.0990984793 -0.0162856516 -0.007780537244 0 2.196620019 -0.9061938239 1.09402981 1


mesh: pSphereShape20 tranform: pSphere20 -0.03774130404 0.01206988442 -0.1084039304 0 -0.0003505168044 0.08143330713 0.009188961709 0 0.2475013732 0.01065476952 -0.08498236829 0 2.355939501 -1.320004991 1.087490668 1


mesh: pSphereShape21 tranform: pSphere21 -0.02784991273 -0.003173963932 -0.262557945 0 -0.08507071432 0.1179576303 0.007597632233 0 0.2130649475 0.1552383891 -0.024476735 0 1.992231985 0.2215899116 1.222100967 1


