mesh: pSphereShape1 tranform: pSphere1 0.02596014418 0.1360565246 -0.04871168082 0 0.08059128176 -0.006141678933 0.02579557473 0 0.03912830659 -0.0560071096 -0.1355805444 0 2.527112264 -0.04312161601 1.629773899 1


mesh: pSphereShape2 tranform: pSphere2 0.06892942503 0.2397007718 -0.0726898313 0 0.1200897008 -0.01272802844 0.07190546041 0 0.059065854 -0.04956027838 -0.1074188987 0 2.575746045 0.2855977203 1.51123883 1


mesh: pSphereShape3 tranform: pSphere3 0.07619595303 0.2586621481 -0.1163033448 0 0.113716614 -0.001740848291 0.07062956127 0 0.06127515808 -0.06310859644 -0.1002110995 0 2.683198735 0.7219898825 1.359909096 1


mesh: pSphereShape4 tranform: pSphere4 -0.05827972716 -0.002519657826 -0.1710716508 0 0.01656398131 0.1475645763 -0.007816353818 0 0.1620347348 -0.02109573277 -0.05489036941 0 2.715765723 0.981181638 1.130566677 1


mesh: pSphereShape5 tranform: pSphere5 -0.03621422046 -0.002981260743 -0.1832207184 0 0.01376783654 0.1377651405 -0.004962895466 0 0.1724223282 -0.01844826309 -0.03377970121 0 2.652400666 0.9962599803 0.8429381172 1


mesh: pSphereShape6 tranform: pSphere6 0.08181773297 -0.2236141571 -0.1196308016 0 0.01044476999 0.05310975985 -0.09212950703 0 0.09932816432 0.02317216932 0.02461891147 0 2.718051608 0.7300414137 0.658809175 1


mesh: pSphereShape7 tranform: pSphere7 0.1897661275 -0.1142972488 -0.1188653551 0 -0.003844285041 0.06921374617 -0.07269112052 0 0.08325969053 0.07175803936 0.06392209538 0 3.012466949 0.4333997282 0.4731592111 1


mesh: pSphereShape8 tranform: pSphere8 0.1006797018 -0.1593053409 -0.01806831023 0 0.0100970357 0.01107809713 -0.04141137094 0 0.09379725989 0.05501597704 0.03758742064 0 3.269296209 0.2326502826 0.3469046466 1


mesh: pSphereShape10 tranform: pSphere10 -0.09118159104 0.004961755009 -0.1591475503 0 0.01121034128 0.1543746899 -0.00160987312 0 0.1930188142 -0.01517477119 -0.1110608115 0 2.734949605 1.415828081 0.980227859 1


mesh: pSphereShape11 tranform: pSphere11 -0.01845850814 0.003190399512 -0.03985825934 0 0.1108937802 0.1238834478 -0.04143924196 0 0.07300556784 -0.07876888591 -0.04011409704 0 2.787160523 1.220329085 0.9880782166 1


mesh: pSphereShape12 tranform: pSphere12 -0.09267631782 -0.005343762762 -0.3025130656 0 0.009479092938 0.1654077138 -0.005825821135 0 0.2490090316 -0.01694636295 -0.07598575209 0 2.674606507 0.7995726514 1.029397521 1


mesh: pSphereShape13 tranform: pSphere13 -0.06127962487 -0.01766312263 -0.2095984094 0 0.002979711116 0.2060457149 -0.0182349013 0 0.1878701502 -0.007521771085 -0.05429313321 0 2.707752736 0.5743291907 1.022039212 1


mesh: pSphereShape14 tranform: pSphere14 -0.06669293638 -0.01062906097 -0.2110168752 0 0.002840350307 0.2412749957 -0.0130508896 0 0.1821788777 -0.005244866586 -0.05731435592 0 2.715703626 0.3802813993 1.031066863 1


mesh: pSphereShape15 tranform: pSphere15 -0.08189185174 0.005592037626 -0.1276468001 0 -0.09963281355 0.3579946841 0.07960274232 0 0.1504727922 0.06273216821 -0.09378766199 0 2.865057694 -0.1985779095 1.109630024 1


mesh: pSphereShape16 tranform: pSphere16 -0.05407004791 0.003535303336 -0.08430415952 0 -0.05745264468 0.3544075048 0.05171044121 0 0.06882269724 0.01749019127 -0.04340726989 0 3.061730197 -0.8746223049 0.9987475266 1


mesh: pSphereShape17 tranform: pSphere17 -0.0612498073 0.01277373882 -0.09334150072 0 -0.008754363976 0.1017830982 0.01967349791 0 0.2322608954 0.048161411 -0.1458165307 0 3.308213592 -1.29768662 0.83527092 1


mesh: pSphereShape18 tranform: pSphere18 -0.04460439654 -0.01490707311 -0.1188783393 0 0.03140882411 0.35244833 -0.05598113758 0 0.1363114729 -0.01987537447 -0.04865316393 0 2.592133851 -0.2209195588 0.9268073679 1


mesh: pSphereShape19 tranform: pSphere19 -0.03156309882 -0.01016674908 -0.07983912486 0 0.2214906445 0.3446382994 -0.1314491138 0 0.07813374346 -0.05912442437 -0.02335997397 0 2.388587332 -0.8809411259 1.06965459 1


mesh: pSphereShape20 tranform: pSphere20 -0.03545432544 -0.01292080005 -0.1090758635 0 0.02184137112 0.07729587798 -0.01625561885 0 0.2392652637 -0.08192355616 -0.06806703516 0 2.385342495 -1.295966575 1.162754382 1


mesh: pSphereShape21 tranform: pSphere21 -0.07948288095 -0.01266743427 -0.2514843413 0 -0.0877901051 0.114095023 0.02199945825 0 0.1956311975 0.1640430472 -0.07009317405 0 2.664513525 0.2081142053 1.051567859 1


