mesh: pSphereShape1 tranform: pSphere1 -0.004037599143 0.1430102746 0.03301354245 0 -0.05819909709 0.01232102334 -0.06049085942 0 -0.1103906735 -0.02639355703 0.1008324555 0 4.616900287 -0.07086856193 -0.3708747955 1


mesh: pSphereShape2 tranform: pSphere2 -0.03236282982 0.2547770777 0.0391513106 0 -0.09340905878 0.004259446098 -0.1049311157 0 -0.0974163705 -0.02554099201 0.08568269707 0 4.612128042 0.2715388169 -0.2855819009 1


mesh: pSphereShape3 tranform: pSphere3 -0.07047254302 0.2759717975 0.07149535493 0 -0.08429714426 0.005381972738 -0.1038655843 0 -0.09852184002 -0.04526611111 0.07761462892 0 4.544750577 0.7306406813 -0.1961058895 1


mesh: pSphereShape4 tranform: pSphere4 -0.003983545802 0.008623640338 0.1804941805 0 -0.0251732337 0.1463560674 -0.007548170322 0 -0.1698447147 -0.02933432244 -0.002346976246 0 4.466981194 1.010666611 -0.00459922271 1


mesh: pSphereShape5 tranform: pSphere5 -0.03307128551 0.006315709136 0.1837296689 0 -0.02117342467 0.136648122 -0.008508490627 0 -0.171765767 -0.02847901342 -0.02993882039 0 4.422657428 1.041216389 0.285044568 1


mesh: pSphereShape6 tranform: pSphere6 -0.05712797502 -0.245763033 0.08570815281 0 -0.05650864463 0.04129357577 0.08074156029 0 -0.08616350675 -0.000849934738 -0.05986862431 0 4.356250762 0.7552649612 0.4396261207 1


mesh: pSphereShape7 tranform: pSphere7 -0.1411441414 -0.1972195228 0.06623298319 0 -0.04776579594 0.05689053876 0.06761076487 0 -0.08611304691 0.03212054036 -0.08786489968 0 4.141502801 0.3496067163 0.532351999 1


mesh: pSphereShape8 tranform: pSphere8 -0.003371460961 -0.1892118573 0.005344541791 0 -0.03056857465 0.00143928063 0.03167122865 0 -0.08279984437 -0.0007809987798 -0.07988162302 0 3.987159334 0.04038005921 0.5861136867 1


mesh: pSphereShape10 tranform: pSphere10 0.001765165655 0.009381467543 0.1832362316 0 -0.01898972375 0.1534285915 -0.00767242008 0 -0.2215098022 -0.02723962837 0.003528500771 0 4.375863803 1.448212207 0.11210791 1


mesh: pSphereShape11 tranform: pSphere11 -0.00180555762 0.003138363297 0.04389153275 0 -0.1204918502 0.1210707872 -0.013613539 0 -0.08137834665 -0.08071667067 0.002423814712 0 4.345919444 1.253899715 0.08963397279 1


mesh: pSphereShape12 tranform: pSphere12 -0.04109857716 0.0118593421 0.3135312959 0 -0.02146969508 0.1641375826 -0.009022823876 0 -0.2564697217 -0.03532163754 -0.03228273987 0 4.481569997 0.8367316669 0.1156291118 1


mesh: pSphereShape13 tranform: pSphere13 -0.03026612875 0.002966990277 0.2169650432 0 -0.02866697474 0.2047637749 -0.006799115911 0 -0.1919196031 -0.02774515672 -0.02639293281 0 4.465458577 0.6089382537 0.127633849 1


mesh: pSphereShape14 tranform: pSphere14 -0.03180990058 0.001450245185 0.2192602867 0 -0.02717999349 0.2400472313 -0.005530961626 0 -0.187849352 -0.02189434836 -0.02710804189 0 4.478268728 0.4155178946 0.1310242469 1


mesh: pSphereShape15 tranform: pSphere15 -0.0686223379 -0.001436758299 0.1353519941 0 0.01937072161 0.3792842296 0.01384688848 0 -0.1674785202 0.01164881005 -0.0847865682 0 4.51560919 -0.1801064928 -0.07248680638 1


mesh: pSphereShape16 tranform: pSphere16 -0.04534141799 -0.0008099112588 0.08936867248 0 -0.02875286052 0.3614204719 -0.01131243119 0 -0.07392740118 -0.007057281357 -0.03757120786 0 4.512533511 -0.8903235756 -0.1229032439 1


mesh: pSphereShape17 tranform: pSphere17 -0.09659697137 -0.01694582166 0.05485624216 0 -0.007018086041 0.1020160895 0.01915589843 0 -0.1410165112 0.03490182676 -0.2375359166 0 4.452598831 -1.33080076 -0.303032587 1


mesh: pSphereShape18 tranform: pSphere18 0.01444692308 0.0001008965987 0.1270240482 0 -0.005455151535 0.3582043492 0.0003359092606 0 -0.1451395057 -0.002225834317 0.01650903024 0 4.507427797 -0.197304525 0.3126021372 1


mesh: pSphereShape19 tranform: pSphere19 0.01055211628 0.001098703516 0.08579815584 0 -0.1181035183 0.4136168805 0.009228633524 0 -0.0960758764 -0.02770491394 0.0121709295 0 4.598486765 -0.9133562098 0.324658501 1


mesh: pSphereShape20 tranform: pSphere20 0.04827245113 0.01614280372 0.1035889986 0 -0.003146235658 0.08112425461 -0.01117586257 0 -0.2376825523 0.005913575304 0.1098384757 0 4.493103615 -1.325846906 0.3816207766 1


mesh: pSphereShape21 tranform: pSphere21 -0.03791019976 0.001728363926 0.2613086215 0 0.07931247316 0.1216706911 0.01070175355 0 -0.218769145 0.1454835088 -0.03270091277 0 4.546595052 0.2488365127 0.146225905 1


