mesh: pSphereShape1 tranform: pSphere1 0.04078073093 0.1360650675 0.03716670856 0 -0.06722437233 0.03138956949 -0.04115416485 0 -0.08246527784 -0.009996464281 0.1270804996 0 4.324072706 -0.009918907396 -0.2790742978 1


mesh: pSphereShape2 tranform: pSphere2 0.0423459981 0.2494113592 0.05909591843 0 -0.121615062 0.03511977279 -0.06107628368 0 -0.06267977731 -0.01666029893 0.1152280176 0 4.427397854 0.3141197134 -0.1848639038 1


mesh: pSphereShape3 tranform: pSphere3 0.008136796176 0.2737384677 0.1060162344 0 -0.1133691912 0.02862181819 -0.06520162397 0 -0.0708253764 -0.0389642299 0.1060431952 0 4.488266473 0.7630456219 -0.05609085787 1


mesh: pSphereShape4 tranform: pSphere4 0.04642113703 -0.01742664451 0.1738095943 0 -0.01776033498 0.1463499894 0.01941690386 0 -0.1653159472 -0.02557961325 0.0415879655 0 4.51434717 1.020682267 0.1696063307 1


mesh: pSphereShape5 tranform: pSphere5 0.01389529491 -0.02000927412 0.1851937878 0 -0.01531901953 0.1367665763 0.01592635609 0 -0.1750900953 -0.02087870533 0.01088136269 0 4.547750278 1.009550907 0.4615101588 1


mesh: pSphereShape6 tranform: pSphere6 -0.05843661429 -0.246711382 0.08202205503 0 -0.03517658685 0.03923612857 0.09295547229 0 -0.09636684176 0.009384658939 -0.04042875767 0 4.495789536 0.7132795538 0.6049200101 1


mesh: pSphereShape7 tranform: pSphere7 -0.1433812595 -0.189274897 0.08258840528 0 -0.02762554885 0.05543234217 0.07907847166 0 -0.09841629556 0.04560294947 -0.0663477982 0 4.269130867 0.3198588234 0.7172386776 1


mesh: pSphereShape8 tranform: pSphere8 -0.02101186151 -0.1881151232 -0.003501417602 0 -0.02380775465 0.001970592764 0.03699842689 0 -0.09594787321 0.01187803511 -0.06237319769 0 4.098978287 0.02171029843 0.7840585853 1


mesh: pSphereShape10 tranform: pSphere10 0.03201876887 -0.02376408389 0.1790997238 0 -0.004403345334 0.1532780109 0.02112510911 0 -0.2196897689 -0.0115136673 0.03774759688 0 4.495162513 1.439096681 0.3708081687 1


mesh: pSphereShape11 tranform: pSphere11 0.007101848262 -0.005174078773 0.04315516967 0 -0.1108029226 0.1263719116 0.03338565876 0 -0.08547459916 -0.07624520128 0.004924762377 0 4.441214371 1.251514731 0.3266981067 1


mesh: pSphereShape12 tranform: pSphere12 0.04442624413 -0.03305127788 0.3115534182 0 -0.01417219635 0.1640287824 0.01942196095 0 -0.2573468871 -0.0262503018 0.03391183982 0 4.55185591 0.8310084534 0.2564051376 1


mesh: pSphereShape13 tranform: pSphere13 0.0235836208 -0.03046991042 0.2156712057 0 -0.02292150289 0.2032150513 0.03121657534 0 -0.1933533718 -0.02452479001 0.01767831935 0 4.529315323 0.6035501833 0.2390031996 1


mesh: pSphereShape14 tranform: pSphere14 0.02115881079 -0.01863717495 0.2197589743 0 -0.02019312108 0.2397664221 0.02227818545 0 -0.1895093491 -0.01751781064 0.01676068052 0 4.536422451 0.4115025889 0.2172428644 1


mesh: pSphereShape15 tranform: pSphere15 0.008052222301 -0.01506450528 0.1507961347 0 0.07806065343 0.3704745901 0.03284205322 0 -0.1837973345 0.03752456901 0.01356311995 0 4.448740181 -0.1740130615 -0.0007591293691 1


mesh: pSphereShape16 tranform: pSphere16 0.003688599 -0.003736642665 0.1000784268 0 -0.1185905691 0.3423762027 0.01715425228 0 -0.07859344369 -0.02731684069 0.001876792347 0 4.439016799 -0.8508944531 -0.08537139151 1


mesh: pSphereShape17 tranform: pSphere17 -0.03680832008 -0.01998580857 0.1042739569 0 -0.01665561196 0.1017856159 0.01362950808 0 -0.2592716334 -0.02941560992 -0.09715990764 0 4.394470535 -1.316200496 -0.1953755793 1


mesh: pSphereShape18 tranform: pSphere18 0.03085169531 -0.009723075006 0.1236829305 0 -0.005349241151 0.3569976398 0.02939894756 0 -0.1417577304 -0.005003640857 0.03496695552 0 4.594758697 -0.1979453411 0.3563642393 1


mesh: pSphereShape19 tranform: pSphere19 0.02146468513 -0.005063908783 0.08359127928 0 -0.08508708421 0.4190958758 0.04723735289 0 -0.09551947334 -0.02200717794 0.02319444198 0 4.663174878 -0.918453946 0.3073389836 1


mesh: pSphereShape20 tranform: pSphere20 0.04801660975 0.004902643232 0.1048421173 0 -0.001813903853 0.08187591507 -0.002997944869 0 -0.2380910237 -0.001279853679 0.1091030851 0 4.52758181 -1.337280308 0.3290236214 1


mesh: pSphereShape21 tranform: pSphere21 0.02521651213 -0.0222112931 0.2619029441 0 0.08335406565 0.119400337 0.002100537953 0 -0.2156217122 0.1499378358 0.03347629699 0 4.60115592 0.243496564 0.2009390778 1


