mesh: pSphereShape1 tranform: pSphere1 -0.00404105937 0.1216813665 0.08206978564 0 0.04226448828 0.04209475144 -0.06033101626 0 -0.1315763992 0.0393032182 -0.06475193395 0 -7.680778746 0.1025292078 -0.07792155199 1


mesh: pSphereShape2 tranform: pSphere2 -0.01700084783 0.2338976818 0.1117782753 0 0.0212304157 0.06116046934 -0.1247501528 0 -0.1304224287 0.0009134444463 -0.02174791475 0 -7.700349339 0.3949846227 0.1188217972 1


mesh: pSphereShape3 tranform: pSphere3 -0.08489453391 0.2728627539 0.06765525683 0 0.02953645443 0.04000868983 -0.124297773 0 -0.1242107623 -0.02901144577 -0.03885391782 0 -7.769953172 0.8250478913 0.2840539125 1


mesh: pSphereShape4 tranform: pSphere4 -0.1636198449 -0.01361099857 0.07557560495 0 -0.02100953688 0.14594762 -0.01920043272 0 -0.06906758478 -0.03033287037 -0.1549929792 0 -7.973146857 1.08428207 0.3791453324 1


mesh: pSphereShape5 tranform: pSphere5 -0.1752592278 -0.01432077741 0.0630024422 0 -0.01780734036 0.1361270979 -0.01859380066 0 -0.05673216409 -0.02990630518 -0.1646145205 0 -8.251340829 1.080574816 0.4786588166 1


mesh: pSphereShape6 tranform: pSphere6 -0.1231479372 -0.2314379605 -0.04774952762 0 -0.08939148049 0.05278610816 -0.02530564911 0 0.03086963737 0.004245303068 -0.100190655 0 -8.429590543 0.8016669501 0.4569734668 1


mesh: pSphereShape7 tranform: pSphere7 -0.1178888538 -0.1569454261 -0.1570807698 0 -0.07110837998 0.06917333353 -0.0157470128 0 0.06715564733 0.04689468569 -0.09725448084 0 -8.615273637 0.4482703383 0.2238927423 1


mesh: pSphereShape8 tranform: pSphere8 -0.008174940217 -0.1808098329 -0.05551605628 0 -0.04394700993 0.002447254866 -0.001499089991 0 0.005615129771 0.03349809543 -0.1099265473 0 -8.748835474 0.1840727839 0.03686973069 1


mesh: pSphereShape10 tranform: pSphere10 -0.182757815 0.01473937219 0.006998306281 0 0.01237323682 0.1542835029 -0.001819904021 0 -0.008696306781 -0.001933381409 -0.2230284207 0 -8.085674771 1.515775204 0.3810829905 1


mesh: pSphereShape11 tranform: pSphere11 -0.04348669041 0.0003929580464 0.006951931441 0 -0.01650113172 0.1298681362 -0.1105609775 0 -0.01437575801 -0.07478415328 -0.08569806943 0 -8.094827013 1.32259019 0.3260532352 1


mesh: pSphereShape12 tranform: pSphere12 -0.2897841401 -0.02527955296 0.1245700883 0 -0.01798595636 0.1645866871 -0.008439963706 0 -0.1009044754 -0.02330629827 -0.2394610925 0 -8.05660835 0.8968279945 0.4311869887 1


mesh: pSphereShape13 tranform: pSphere13 -0.2008218532 -0.02992124305 0.08230415565 0 -0.03465746968 0.2036773242 -0.01051828503 0 -0.07102524077 -0.02143764779 -0.1810948843 0 -8.050510292 0.6695466108 0.4033683624 1


mesh: pSphereShape14 tranform: pSphere14 -0.2034432513 -0.02063141417 0.08528912333 0 -0.03125153297 0.2390306831 -0.01672396665 0 -0.07151891683 -0.02165297972 -0.1758345259 0 -8.026915558 0.4759740405 0.4052121494 1


mesh: pSphereShape15 tranform: pSphere15 -0.1478921537 -0.005310035229 0.03362984144 0 0.007957129827 0.3683510618 0.093153998 0 -0.04201000634 0.04579971867 -0.1775135398 0 -7.85295829 -0.1032449505 0.2446410989 1


mesh: pSphereShape16 tranform: pSphere16 -0.09802161644 0.003421178543 0.02057469347 0 -0.0130359111 0.3424016929 -0.119040335 0 -0.01706111493 -0.02732852417 -0.07673807171 0 -7.819955436 -0.7790328855 0.2138998896 1


mesh: pSphereShape17 tranform: pSphere17 -0.1088875114 -0.021690432 -0.0173314187 0 -0.01783359544 0.1014110496 -0.0148743535 0 0.04954482411 -0.03121337883 -0.2722097372 0 -7.746955824 -1.24611342 0.1573357152 1


mesh: pSphereShape18 tranform: pSphere18 -0.09002848693 0.01491667927 0.0895332162 0 0.07797055411 0.3490715801 0.0202448017 0 -0.09873044287 0.02808197526 -0.1039551867 0 -8.2492471 -0.1214951624 0.4960394206 1


mesh: pSphereShape19 tranform: pSphere19 -0.05999338465 0.009808126782 0.06146927932 0 -0.04220913855 0.4145001211 -0.1073339219 0 -0.07185027747 -0.02446454133 -0.06622153466 0 -8.322497845 -0.8241947048 0.5630950884 1


mesh: pSphereShape20 tranform: pSphere20 -0.02950125829 0.0094195091 0.1111865499 0 -0.004625831218 0.08141580463 -0.008124766484 0 -0.2527698653 -0.02087812848 -0.06529897159 0 -8.483840763 -1.25438044 0.5711376137 1


mesh: pSphereShape21 tranform: pSphere21 -0.2424582963 -0.02458797476 0.1016453256 0 0.02053358176 0.1210827374 0.07826937924 0 -0.09798608519 0.1450254156 -0.1986481708 0 -7.989461461 0.3095466322 0.465056684 1


