mesh: pSphereShape1 tranform: pSphere1 -0.00164913635 0.1387700169 0.04794056312 0 -0.05131946316 0.02151491678 -0.06404301405 0 -0.1208856204 -0.03127232028 0.08636326471 0 3.522371103 -0.04462410048 -0.4584980879 1


mesh: pSphereShape2 tranform: pSphere2 -0.0302350734 0.2488957468 0.06803149819 0 -0.09655282938 0.01584966957 -0.1008973404 0 -0.09484664615 -0.03483444253 0.08529062914 0 3.521344786 0.286611674 -0.3366747844 1


mesh: pSphereShape3 tranform: pSphere3 -0.06699805561 0.2664252738 0.1037652742 0 -0.08742879368 0.01694604204 -0.09996034945 0 -0.09628886361 -0.05348293185 0.07515074946 0 3.45861151 0.7330579213 -0.1949239094 1


mesh: pSphereShape4 tranform: pSphere4 -0.01225338355 -0.006154494822 0.1802230889 0 -0.02101766 0.1471600787 0.003596423171 0 -0.1702440769 -0.02401164014 -0.01239489069 0 3.377743238 0.9952471519 0.02568842123 1


mesh: pSphereShape5 tranform: pSphere5 -0.04820363183 -0.006747919872 0.1803359775 0 -0.01875736843 0.1372645756 0.0001224219155 0 -0.1689975594 -0.02305266104 -0.04603548199 0 3.313336657 1.004052441 0.3118063918 1


mesh: pSphereShape6 tranform: pSphere6 -0.1091385078 -0.2303383326 0.0777303031 0 -0.04988899113 0.05057390003 0.0798182628 0 -0.08223476294 0.01781073259 -0.06268449592 0 3.190932726 0.7296326177 0.4539236848 1


mesh: pSphereShape7 tranform: pSphere7 -0.2086437892 -0.1351564686 0.03747686092 0 -0.03146973502 0.06731942103 0.06758011185 0 -0.05869442708 0.06505879469 -0.09213980693 0 2.87025464 0.4051110117 0.5111255705 1


mesh: pSphereShape8 tranform: pSphere8 -0.08091830696 -0.1703800914 -0.01624530258 0 -0.02646964777 0.009335283092 0.03393797646 0 -0.07770010564 0.04382969925 -0.07265775203 0 2.607122096 0.1756926651 0.5326299512 1


mesh: pSphereShape10 tranform: pSphere10 0.008452941424 -0.002773816605 0.1832689227 0 0.003959328784 0.1547238509 0.00215916374 0 -0.2228961779 0.005559194104 0.01036481522 0 3.336487819 1.431826421 0.1727825831 1


mesh: pSphereShape11 tranform: pSphere11 -0.0008135104187 0.0004029794605 0.04403125955 0 -0.1083515282 0.1327077646 -0.003216433096 0 -0.08879014507 -0.07251790923 -0.0009767715162 0 3.273605267 1.240673519 0.1384787157 1


mesh: pSphereShape12 tranform: pSphere12 -0.04058472626 -0.01189048417 0.3135970455 0 -0.01382136927 0.1651437788 0.004472947111 0 -0.2578250114 -0.02065317657 -0.03414998303 0 3.379749791 0.8116153297 0.1314328292 1


mesh: pSphereShape13 tranform: pSphere13 -0.02808606237 -0.01630101879 0.2166659213 0 -0.03523959273 0.2035654506 0.01074734237 0 -0.1912034007 -0.03166523988 -0.02716775335 0 3.361468444 0.5819536275 0.1246949965 1


mesh: pSphereShape14 tranform: pSphere14 -0.02732748478 -0.007446681683 0.2197425808 0 -0.03472337861 0.2391066295 0.003784648176 0 -0.1875968618 -0.02685938462 -0.02424001599 0 3.380350005 0.389028164 0.1177631038 1


mesh: pSphereShape15 tranform: pSphere15 0.01917203044 -0.006015995379 0.150424376 0 0.1579258351 0.3456054848 -0.006306144943 0 -0.1694116237 0.07786413524 0.02470606947 0 3.247353142 -0.1660445968 -0.04133490259 1


mesh: pSphereShape16 tranform: pSphere16 0.01213137365 0.003599207561 0.09941395899 0 -0.06710620777 0.3564463102 -0.004715975288 0 -0.08116710631 -0.01514259135 0.01045295686 0 3.108188478 -0.8248911402 -0.0640096368 1


mesh: pSphereShape17 tranform: pSphere17 -0.003922398497 -0.001379625315 0.1122944989 0 -0.01658443344 0.1027033361 0.000682503297 0 -0.2747044751 -0.04429162708 -0.01013946615 0 2.992382343 -1.317835799 -0.07996052909 1


mesh: pSphereShape18 tranform: pSphere18 -0.002379693708 -0.01704370591 0.1266794448 0 -0.02595334216 0.3541781754 0.04716430252 0 -0.1456831073 -0.0101294016 -0.004099510514 0 3.420446727 -0.212511935 0.2524223101 1


mesh: pSphereShape19 tranform: pSphere19 -0.000581898767 -0.01102171453 0.08574416047 0 -0.1808849017 0.3873433754 0.04856227392 0 -0.09139155602 -0.041925392 -0.006009392748 0 3.579696301 -0.9068902217 0.1810546499 1


mesh: pSphereShape20 tranform: pSphere20 0.01976303673 0.003915133818 0.1136467966 0 -0.009159657965 0.08142833814 -0.001212354309 0 -0.2563678521 -0.02815993219 0.04555216105 0 3.527929231 -1.322055202 0.143683218 1


mesh: pSphereShape21 tranform: pSphere21 -0.03256817494 -0.008874758645 0.2618834069 0 0.07570203848 0.1236642784 0.01360516842 0 -0.2238038214 0.139545019 -0.0231036159 0 3.454113412 0.224161715 0.1255267238 1


