mesh: pSphereShape1 tranform: pSphere1 0.03989878169 0.1298956925 -0.05561772319 0 -0.0713749406 0.03474408289 0.0299424974 0 0.07095399368 0.03382128345 0.1298905551 0 4.179282784 -0.08617620184 -0.07682150959 1


mesh: pSphereShape2 tranform: pSphere2 0.05112107943 0.2441426269 -0.0726123279 0 -0.1093290559 0.0454216351 0.07574936823 0 0.07891510974 0.01472517597 0.105068505 0 4.281710658 0.2247800403 -0.2087238559 1


mesh: pSphereShape3 tranform: pSphere3 0.07447357354 0.2831902323 -0.02225707306 0 -0.1096303948 0.0342371466 0.06878973833 0 0.06865485467 -0.009099553919 0.1139443436 0 4.385194636 0.6718606428 -0.3107490786 1


mesh: pSphereShape4 tranform: pSphere4 0.1759070775 0.01645707789 0.03813462556 0 -0.01637145927 0.1473092714 0.01194650252 0 -0.03476858597 -0.01748244917 0.1679248263 0 4.570295597 0.9636301203 -0.2864708952 1


mesh: pSphereShape5 tranform: pSphere5 0.1724127193 0.01811222009 0.06954129018 0 -0.01798412906 0.1370804464 0.008884813326 0 -0.06398075659 -0.01899587849 0.1635740972 0 4.84278544 1.010959586 -0.1872096063 1


mesh: pSphereShape6 tranform: pSphere6 0.1619846387 -0.1930749564 0.08655633657 0 0.04847291172 0.06973713066 0.06484362199 0 -0.06837762142 -0.02324484343 0.07611374779 0 5.068273256 0.7789869903 -0.07409888528 1


mesh: pSphereShape7 tranform: pSphere7 0.1081813506 -0.1536179695 0.1670399105 0 0.03188654946 0.07950058876 0.05246164827 0 -0.1074453486 -0.001757516132 0.06796936633 0 5.267724754 0.4440967627 0.1838647024 1


mesh: pSphereShape8 tranform: pSphere8 0.06586858545 -0.176345654 0.02011461109 0 0.02787787338 0.01396083585 0.03110458563 0 -0.07956680449 -0.02053431905 0.0805292695 0 5.406656191 0.1828712489 0.3707277275 1


mesh: pSphereShape10 tranform: pSphere10 0.1620608827 0.02592215873 0.08204240553 0 -0.0165396891 0.1531002469 -0.01570227347 0 -0.1019129607 0.009334618733 0.1983624297 0 4.644893497 1.414946084 -0.252852473 1


mesh: pSphereShape11 tranform: pSphere11 0.03995740824 0.004604432871 0.01793824779 0 -0.05565427486 0.1352749456 0.08924707663 0 -0.03062167841 -0.06934206854 0.08600861263 0 4.623025413 1.224941125 -0.1911048772 1


mesh: pSphereShape12 tranform: pSphere12 0.2982061773 0.02952937132 0.101649902 0 -0.01682209382 0.1649195128 0.001441051687 0 -0.08316111271 -0.01064135415 0.2470576905 0 4.695074062 0.7944745156 -0.259786104 1


mesh: pSphereShape13 tranform: pSphere13 0.2071212129 0.01464886346 0.06989195601 0 -0.01840617704 0.2057350378 0.0114251379 0 -0.06136633318 -0.01577280741 0.1851618384 0 4.709984781 0.5688302999 -0.2205002777 1


mesh: pSphereShape14 tranform: pSphere14 0.2100459903 0.01243254034 0.06939135552 0 -0.01597466243 0.241060465 0.005165194308 0 -0.05946312763 -0.007827282042 0.1813958588 0 4.721281311 0.3758488105 -0.2165696954 1


mesh: pSphereShape15 tranform: pSphere15 0.1396207031 0.01957861758 0.05616038502 0 -0.02135256547 0.3716433206 -0.07647743593 0 -0.07294694125 0.03091068143 0.1705777981 0 4.568252214 -0.2176419759 -0.186592623 1


mesh: pSphereShape16 tranform: pSphere16 0.09104735888 0.01770526598 0.03794946325 0 -0.0956546275 0.3429277591 0.06949963944 0 -0.02697750354 -0.02279785614 0.07536002643 0 4.628002068 -0.9058404371 -0.1542325645 1


mesh: pSphereShape17 tranform: pSphere17 0.08921606122 -0.006412247476 0.06802000115 0 0.003686419301 0.1038525042 0.004955015324 0 -0.1690012243 -0.004556591956 0.2212350092 0 4.599640098 -1.357739897 -0.08029531624 1


mesh: pSphereShape18 tranform: pSphere18 0.1181949298 0.04707073545 -0.01257525456 0 -0.1246791978 0.2545347175 -0.2191059163 0 -0.02268818997 0.08760926642 0.1146858361 0 5.031514307 -0.1156286589 0.05383296816 1


mesh: pSphereShape19 tranform: pSphere19 0.08132973605 0.02749842114 -0.01015818496 0 -0.1110687626 0.3857215443 0.1549036887 0 0.02214627744 -0.03106178374 0.09322540316 0 5.27172596 -0.6824585522 0.1851962651 1


mesh: pSphereShape20 tranform: pSphere20 0.06381156522 0.02912992925 -0.09165714178 0 0.01106221489 0.07484667502 0.03148882389 0 0.2153515934 -0.08371181823 0.1233226641 0 5.521010483 -1.136596544 0.173147338 1


mesh: pSphereShape21 tranform: pSphere21 0.2503272663 0.01481677338 0.08269878566 0 0.02169889614 0.1152589064 -0.08633247019 0 -0.07443249123 0.1611474313 0.1964333207 0 4.752321573 0.204946011 -0.2666795265 1


