mesh: pSphereShape1 tranform: pSphere1 0.09908811384 0.1060311466 -0.02229521192 0 -0.03666207254 0.04696235351 0.0604029501 0 0.09081795241 -0.06298371904 0.1040915721 0 -1.045145332 0.2158229351 0.7138800345 1


mesh: pSphereShape2 tranform: pSphere2 0.1644155316 0.1963888857 -0.04347960163 0 -0.07509139221 0.08191732814 0.08605096366 0 0.07409645828 -0.03941142259 0.102177643 0 -0.8020446924 0.4569749004 0.6314621778 1


mesh: pSphereShape3 tranform: pSphere3 0.2074365869 0.2076024373 -0.01047323239 0 -0.07543329642 0.07926444192 0.07713624184 0 0.05712756459 -0.05158915085 0.108878856 0 -0.4887032568 0.8039633303 0.5640708348 1


mesh: pSphereShape4 tranform: pSphere4 0.1779885721 0.004587277168 -0.03110321652 0 -0.001639534322 0.1481640337 0.01246980729 0 0.029923677 -0.01390805426 0.1691874034 0 -0.1812525758 1.03184669 0.541792143 1


mesh: pSphereShape5 tranform: pSphere5 0.1867133133 0.004820274611 -0.002256749929 0 -0.003464063021 0.1382270331 0.008643214736 0 0.002414044929 -0.01096394311 0.1763089057 0 0.1116658211 1.059345308 0.527779943 1


mesh: pSphereShape6 tranform: pSphere6 0.1415799013 -0.2197559657 0.05168567002 0 0.08064892661 0.0603460941 0.03566069882 0 -0.04037123084 -0.003244401611 0.09679236561 0 0.3201277245 0.7974876252 0.5804500229 1


mesh: pSphereShape7 tranform: pSphere7 0.1314025499 -0.1696703126 0.13095561 0 0.06350538218 0.07199270981 0.0295539567 0 -0.07271983173 0.02232066487 0.1018873915 0 0.5322176019 0.4354992044 0.7899199364 1


mesh: pSphereShape8 tranform: pSphere8 0.05485000736 -0.1804612906 0.01631738622 0 0.03492441951 0.01274963285 0.02360736735 0 -0.06165911007 -0.01000438915 0.09662072358 0 0.6814950556 0.1603345453 0.945563523 1


mesh: pSphereShape10 tranform: pSphere10 0.1796424984 0.007280635487 -0.03663617645 0 -0.001199261779 0.1528349018 0.0244920981 0 0.04540593438 -0.03423270743 0.2158412913 0 -0.04356598918 1.463167983 0.6221807874 1


mesh: pSphereShape11 tranform: pSphere11 0.04349942631 0.003045284492 -0.006172694899 0 0.009829871689 0.1154576265 0.1262325632 0 0.01666697278 -0.08434097584 0.07584393791 0 -0.06466391142 1.266524139 0.6512152599 1


mesh: pSphereShape12 tranform: pSphere12 0.3158211816 0.008038993521 -0.01799906567 0 -0.003799051436 0.1655774569 0.00729233353 0 0.01511318997 -0.0111138147 0.2602202647 0 -0.0671430204 0.8544601686 0.5210616129 1


mesh: pSphereShape13 tranform: pSphere13 0.218239101 0.01187971695 -0.01514063022 0 -0.01089638559 0.2065252206 0.004982868406 0 0.01375754728 -0.003983231747 0.1951778124 0 -0.04749823698 0.6305192993 0.5583573319 1


mesh: pSphereShape14 tranform: pSphere14 0.2208910529 0.009229128564 -0.01452626071 0 -0.01006233897 0.2414345051 0.0003820279656 0 0.01252784575 0.0002204682168 0.1906425765 0 -0.03794337244 0.4368345779 0.567513182 1


mesh: pSphereShape15 tranform: pSphere15 0.151686143 0.004287441023 -0.002045416455 0 -0.0105574409 0.3796653176 0.01289476684 0 0.002712759207 -0.006308112011 0.1879530801 0 -0.2167575309 -0.1625021868 0.563254399 1


mesh: pSphereShape16 tranform: pSphere16 0.1001711419 0.002651271037 -0.001404581499 0 -0.008661887431 0.3579731821 0.05796230007 0 0.001502967636 -0.013265018 0.08214890085 0 -0.2350098962 -0.874182751 0.5273462169 1


mesh: pSphereShape17 tranform: pSphere17 0.1105291815 -0.0005875672708 0.02025581045 0 0.0008100788061 0.1040233636 -0.001402887512 0 -0.0501646554 0.004083874455 0.2738502053 0 -0.2755346325 -1.335091328 0.661427343 1


mesh: pSphereShape18 tranform: pSphere18 0.1273314243 0.01129155066 0.001744090766 0 -0.03042485017 0.3521266459 -0.0584925725 0 -0.004065812931 0.02358849449 0.1441181134 0 0.1626035217 -0.1784953578 0.602702353 1


mesh: pSphereShape19 tranform: pSphere19 0.08612561959 0.007500056053 -6.82801001e-05 0 -0.03595831833 0.4139380659 0.1116906865 0 0.002345066373 -0.02604358154 0.097275384 0 0.2425342834 -0.884954045 0.5905270137 1


mesh: pSphereShape20 tranform: pSphere20 0.1146474525 0.002288071764 -0.01312351435 0 -0.001004562125 0.0817613204 0.005479117722 0 0.03005736587 -0.01702831059 0.2596132665 0 0.2728255769 -1.310649736 0.7089789861 1


mesh: pSphereShape21 tranform: pSphere21 0.2632521256 0.01099903178 -0.01731201403 0 -0.01077865951 0.1114956801 -0.09306603473 0 0.006241723206 0.1699641822 0.2028988849 0 -0.02987748443 0.2634870586 0.5168393333 1


