mesh: pSphereShape1 tranform: pSphere1 0.1256080173 0.07535304622 0.0101330772 0 -0.02437393217 0.04931540776 -0.06459093265 0 -0.06540924252 0.09587006011 0.09787986157 0 -4.687682401 0.115241095 -0.1125131652 1


mesh: pSphereShape2 tranform: pSphere2 0.184484929 0.1808460146 0.02741472608 0 -0.0883371996 0.097584053 -0.04927297383 0 -0.04195681041 0.02414832741 0.1230459282 0 -4.398899986 0.3139343557 -0.07215599398 1


mesh: pSphereShape3 tranform: pSphere3 0.05865164423 0.2709470898 0.09688166647 0 -0.1080543833 0.04629674104 -0.06406165615 0 -0.0740815003 -0.02276161155 0.1085055056 0 -4.179842748 0.6902074989 0.01942130238 1


mesh: pSphereShape4 tranform: pSphere4 0.05196911339 0.005686191788 0.1730181016 0 -0.04007060694 0.1430080223 0.007336012028 0 -0.1584267177 -0.04691106532 0.04912804668 0 -4.114403308 0.9612790716 0.233603965 1


mesh: pSphereShape5 tranform: pSphere5 0.0423376123 0.004091589467 0.1818817605 0 -0.03532201247 0.1338604523 0.005210789967 0 -0.166068036 -0.04536520044 0.03967709506 0 -4.051468456 0.986910955 0.5217169476 1


mesh: pSphereShape6 tranform: pSphere6 0.1020383368 -0.2007250915 0.1425011469 0 -0.0549961495 0.03277694995 0.0855492897 0 -0.08048924138 -0.0610462169 -0.02835429218 0 -3.930330378 0.7389305316 0.7264331949 1


mesh: pSphereShape7 tranform: pSphere7 0.03741378794 -0.1998121624 0.1479166154 0 -0.05944118645 0.04069104166 0.07000217618 0 -0.1007351537 -0.05745866614 -0.05213786588 0 -3.836532978 0.3398964953 0.9608059418 1


mesh: pSphereShape8 tranform: pSphere8 0.1346385266 -0.1228780975 0.05113216333 0 -0.02335602351 -0.01070709867 0.03576912374 0 -0.053096715 -0.08293620744 -0.05949640522 0 -3.729536878 0.0464130568 1.118297042 1


mesh: pSphereShape10 tranform: pSphere10 0.01678479159 -0.01752173439 0.1818733183 0 0.009282520311 0.1538783207 0.01396801861 0 -0.2218669858 0.01142528997 0.02157645799 0 -4.098337253 1.401434757 0.4165172441 1


mesh: pSphereShape11 tranform: pSphere11 0.005581469511 -0.005330235673 0.04335910279 0 -0.1012552392 0.1350222973 0.02963284785 0 -0.09133948447 -0.0692100378 0.00324966907 0 -4.168237179 1.215589736 0.3844427097 1


mesh: pSphereShape12 tranform: pSphere12 0.04434472185 0.003136635235 0.3132974907 0 -0.03407679626 0.162209869 0.003199300635 0 -0.2526931739 -0.05380144545 0.03630531477 0 -4.050570266 0.7875787053 0.3368674997 1


mesh: pSphereShape13 tranform: pSphere13 0.02381553181 0.003422831723 0.2177608234 0 -0.04171495855 0.2026183408 0.001377361791 0 -0.1904984225 -0.0393655477 0.0214527242 0 -4.048549446 0.5594862184 0.347034318 1


mesh: pSphereShape14 tranform: pSphere14 0.01965209298 0.004807343344 0.2206348364 0 -0.03181733913 0.2395286735 -0.00238502349 0 -0.1886308174 -0.02488372507 0.01734365722 0 -4.028989207 0.3686617369 0.3479385501 1


mesh: pSphereShape15 tranform: pSphere15 0.02113615617 0.03250309548 0.1467244476 0 -0.09587700995 0.3617088185 -0.06631604319 0 -0.1800996544 -0.04130429654 0.03509389197 0 -3.938328027 -0.2247669348 0.2352934731 1


mesh: pSphereShape16 tranform: pSphere16 0.01088859122 0.02530944724 0.09635419153 0 -0.2341272291 0.2733283599 -0.04533766456 0 -0.06292271325 -0.05051773899 0.02038017985 0 -3.667268248 -0.8564043495 0.3134556407 1


mesh: pSphereShape17 tranform: pSphere17 0.01391255594 0.01232979121 0.1108231027 0 -0.04940952181 0.09146799452 -0.003973616763 0 -0.242594371 -0.1290985172 0.04481796123 0 -3.552704777 -1.314266211 0.3859216099 1


mesh: pSphereShape18 tranform: pSphere18 0.01102668001 0.001970353079 0.1273513354 0 0.1873192468 0.3046531748 -0.02093251482 0 -0.1238910132 0.07683108192 0.009538354637 0 -4.177241597 -0.1833149467 0.5427887047 1


mesh: pSphereShape19 tranform: pSphere19 0.008708168583 0.001949902328 0.08598978738 0 0.1332128499 0.4084717532 -0.02275293423 0 -0.09523999672 0.031557531 0.008929337628 0 -4.492818415 -0.8313833017 0.6027142069 1


mesh: pSphereShape20 tranform: pSphere20 0.0158998606 -0.01195530359 0.1136915363 0 0.03842499894 0.07234964538 0.002234201915 0 -0.2284970647 0.1199787047 0.04457194864 0 -4.826494676 -1.128208082 0.6326464412 1


mesh: pSphereShape21 tranform: pSphere21 0.02342084562 0.005729264889 0.2629467735 0 0.07755106427 0.1228930807 -0.009585204197 0 -0.2228598302 0.1419416088 0.01675755342 0 -3.956163326 0.2032017258 0.3492174941 1


