mesh: pSphereShape1 tranform: pSphere1 -0.02185877719 0.1362050394 -0.05028435092 0 0.04195146625 0.03137112122 0.06673839843 0 0.1300129039 -0.00793029875 -0.07799781998 0 -7.820801063 0.03251195679 0.2551907962 1


mesh: pSphereShape2 tranform: pSphere2 -0.009529104273 0.2488353978 -0.07403835602 0 0.09588341901 0.03266242993 0.09743443853 0 0.09655668403 -0.02234566013 -0.08752882002 0 -7.87357949 0.3572203407 0.1272903664 1


mesh: pSphereShape3 tranform: pSphere3 0.04523120054 0.2701779724 -0.105813042 0 0.08630434197 0.0244716614 0.09937671817 0 0.09984477898 -0.0462175476 -0.07532969403 0 -7.863721806 0.8035249011 -0.02066542194 1


mesh: pSphereShape4 tranform: pSphere4 0.01990559909 -0.01768119544 -0.1787722782 0 0.03659745702 0.1437654071 -0.0101439103 0 0.1659908108 -0.0406673435 0.02250457298 0 -7.789811347 1.056444251 -0.2430372851 1


mesh: pSphereShape5 tranform: pSphere5 0.04950848109 -0.01979289959 -0.1790177107 0 0.03143745349 0.1347834018 -0.006207954301 0 0.1655630835 -0.03632275038 0.04980350439 0 -7.7183023 1.044639307 -0.5278092246 1


mesh: pSphereShape6 tranform: pSphere6 0.05114104311 -0.243439607 -0.09555476365 0 0.058299522 0.04306493727 -0.07851218243 0 0.08559435703 -0.005732330193 0.06041416139 0 -7.655361026 0.7514546148 -0.6842531733 1


mesh: pSphereShape7 tranform: pSphere7 0.1470238386 -0.1923700978 -0.0676886491 0 0.04836531405 0.05972268671 -0.06467856891 0 0.08300419922 0.03139706455 0.09106016587 0 -7.441188823 0.3503090518 -0.7868071886 1


mesh: pSphereShape8 tranform: pSphere8 0.01332277521 -0.188601058 -0.009654139408 0 0.02759995324 0.003696186683 -0.03411974201 0 0.08929159959 0.002595879601 0.07251047878 0 -7.276745906 0.04825558779 -0.8512819924 1


mesh: pSphereShape10 tranform: pSphere10 0.07166000585 -0.01342382574 -0.1683784095 0 0.01007303739 0.1542535897 -0.008010762149 0 0.2049655517 -0.008817989356 0.08793409935 0 -7.693086702 1.478916119 -0.3892709729 1


mesh: pSphereShape11 tranform: pSphere11 0.01398911778 -0.003942358548 -0.04157328953 0 0.1170137881 0.1220519159 0.02780023576 0 0.07542001478 -0.07981118785 0.03294672622 0 -7.658283183 1.283763089 -0.3409407424 1


mesh: pSphereShape12 tranform: pSphere12 0.04958859477 -0.03310161075 -0.3107681856 0 0.02530293408 0.1632938752 -0.0133557859 0 0.2545767109 -0.03581302849 0.04443688551 0 -7.801158362 0.8678167529 -0.3383654755 1


mesh: pSphereShape13 tranform: pSphere13 0.0350797733 -0.03119416554 -0.2139976755 0 0.04036397515 0.2016144717 -0.0227723787 0 0.189366128 -0.03384831176 0.03597604818 0 -7.79402376 0.6394715377 -0.3170188719 1


mesh: pSphereShape14 tranform: pSphere14 0.03282605481 -0.02222016913 -0.2179856888 0 0.04275265911 0.2371699863 -0.01773766019 0 0.1858972012 -0.03117881729 0.03117209366 0 -7.81879348 0.4475323018 -0.2987450153 1


mesh: pSphereShape15 tranform: pSphere15 -0.03049621 -0.00592599249 -0.1485466783 0 -0.08110444298 0.3712710251 0.001839346541 0 0.1798165089 0.03947174465 -0.03849046874 0 -7.770960431 -0.1298653587 -0.127222481 1


mesh: pSphereShape16 tranform: pSphere16 -0.01589316525 0.006290002344 -0.09874767304 0 0.2121566351 0.2938212455 -0.01543027893 0 0.06620418545 -0.0485253098 -0.01374633275 0 -7.832977478 -0.7675516669 -0.0850387784 1


mesh: pSphereShape17 tranform: pSphere17 -0.02599699501 0.04072428375 -0.1014545811 0 0.06100573522 0.08244334125 0.0174608205 0 0.2161473254 -0.1365996632 -0.1102178361 0 -7.946958091 -1.247648137 -0.1427091018 1


mesh: pSphereShape18 tranform: pSphere18 0.01563007874 0.002951416467 -0.1268496053 0 -0.05250077691 0.3543737304 0.001776222998 0 0.143407031 0.02115484115 0.01816245252 0 -7.785906439 -0.1587199788 -0.4732632629 1


mesh: pSphereShape19 tranform: pSphere19 0.009410228382 0.00210872733 -0.08591204062 0 0.101764404 0.4174911207 0.02139398862 0 0.09725444077 -0.0242214077 0.01005807973 0 -7.795247093 -0.8717730265 -0.5092729065 1


mesh: pSphereShape20 tranform: pSphere20 -0.008993592918 0.002157375875 -0.1150476479 0 0.0005393983631 0.08193545959 0.001494289172 0 0.261099616 -0.001346172085 -0.02043612277 0 -7.665633162 -1.288870501 -0.5157485595 1


mesh: pSphereShape21 tranform: pSphere21 0.03912122555 -0.02648141098 -0.2597895894 0 -0.07115919176 0.1248816815 -0.02344542726 0 0.2276419154 0.133592506 0.02066253954 0 -7.897775909 0.2849167622 -0.2982737654 1


