mesh: pSphereShape1 tranform: pSphere1 -0.03242712943 0.1369681459 -0.04178927038 0 0.03844035042 0.03025055744 0.06932048634 0 0.1311252056 0.007818022536 -0.07612465908 0 -6.862851354 -0.1014889315 0.7301709058 1


mesh: pSphereShape2 tranform: pSphere2 -0.03024795867 0.2508345016 -0.06048678397 0 0.09679006566 0.03477187769 0.09579422682 0 0.09463132453 -0.01070801973 -0.09172822261 0 -6.942481683 0.2248631918 0.6219103081 1


mesh: pSphereShape3 tranform: pSphere3 0.04136848428 0.2769842865 -0.08835582413 0 0.08764151476 0.0186409852 0.0994711633 0 0.099031363 -0.04021968952 -0.079716812 0 -6.953336817 0.6765857652 0.5013918741 1


mesh: pSphereShape4 tranform: pSphere4 0.007251319992 -0.002549644792 -0.1805804603 0 0.05759030241 0.1370911376 0.0003769621915 0 0.1587714999 -0.06671807747 0.007317571058 0 -6.886647822 0.9423141981 0.2942222029 1


mesh: pSphereShape5 tranform: pSphere5 0.03846568637 -0.01122981711 -0.1824403231 0 0.05163864859 0.1285224028 0.002976496497 0 0.1598472666 -0.06509789613 0.03770916525 0 -6.830869605 0.9461731503 0.005690111091 1


mesh: pSphereShape6 tranform: pSphere6 -0.03532527687 -0.2520952888 -0.07879753526 0 0.06577057786 0.01659040126 -0.08256255538 0 0.08151466234 -0.02984486871 0.05893868082 0 -6.863091498 0.6475983719 -0.1398309319 1


mesh: pSphereShape7 tranform: pSphere7 0.05571463402 -0.236699407 -0.06382230912 0 0.06375041932 0.03384143851 -0.06985671953 0 0.09413256734 -0.0008895062509 0.08547335902 0 -6.812523885 0.1890492934 -0.2245148991 1


mesh: pSphereShape8 tranform: pSphere8 -0.06834199938 -0.1765493561 0.0008682209595 0 0.02650013761 -0.01042337922 -0.03359571225 0 0.08197308113 -0.03136582378 0.07439151128 0 -6.787207957 -0.1562254419 -0.2752029546 1


mesh: pSphereShape10 tranform: pSphere10 0.03365548473 -0.02982533407 -0.1778887352 0 0.01242528214 0.1525323017 -0.02322321285 0 0.2186865734 -0.011228319 0.04325676378 0 -6.79390116 1.368078201 0.1015338463 1


mesh: pSphereShape11 tranform: pSphere11 0.00739644369 -0.00656810219 -0.04291536629 0 0.1203522387 0.1219539709 0.002077866761 0 0.07930230339 -0.07869884529 0.02571240036 0 -6.757543434 1.178685867 0.1659638008 1


mesh: pSphereShape12 tranform: pSphere12 0.05819302279 -0.01746375663 -0.3105482247 0 0.05464525431 0.1565098466 0.001438496901 0 0.2415968531 -0.08481323584 0.0500418539 0 -6.936356643 0.7689412912 0.182963526 1


mesh: pSphereShape13 tranform: pSphere13 0.04616819222 0.0006046068522 -0.2141653661 0 0.07817429577 0.1907421539 0.01739072005 0 0.1764359083 -0.07575926402 0.03782087882 0 -6.97210479 0.5420102261 0.1741009426 1


mesh: pSphereShape14 tranform: pSphere14 0.05212840383 0.003384624942 -0.2153142358 0 0.07970883533 0.2269706576 0.02286567298 0 0.1746692747 -0.06549784118 0.04125851143 0 -7.029354878 0.3583473196 0.1598330459 1


mesh: pSphereShape15 tranform: pSphere15 0.04707549862 0.005786311808 -0.1441584818 0 0.1040536044 0.3622735464 0.04852023221 0 0.1712248035 -0.05636555581 0.05365167712 0 -7.239594696 -0.2079172137 0.2870634425 1


mesh: pSphereShape16 tranform: pSphere16 0.03197359396 0.005164606505 -0.09483815631 0 0.1730079167 0.3098268761 0.07519988851 0 0.06816092942 -0.04306944896 0.02063423838 0 -7.485210141 -0.8672754316 0.2142757403 1


mesh: pSphereShape17 tranform: pSphere17 0.04242477091 0.00824296577 -0.1037281803 0 0.01005536143 0.1028177797 0.01228325649 0 0.2564223089 -0.0372531073 0.1019161967 0 -7.50484276 -1.304890919 0.2095788971 1


mesh: pSphereShape18 tranform: pSphere18 0.05436266644 -0.002235455071 -0.1156872327 0 -0.1774586796 0.2981622184 -0.08915119675 0 0.1106647241 0.08094606722 0.05043839367 0 -6.868770344 -0.1864958078 0.08118484715 1


mesh: pSphereShape19 tranform: pSphere19 0.03577974964 -0.002614176478 -0.07865655376 0 -0.02932744748 0.4283595747 -0.02757731109 0 0.09143951031 0.008919091302 0.04129810616 0 -6.634336611 -0.8426155767 0.1874766814 1


mesh: pSphereShape20 tranform: pSphere20 0.01478217548 -0.01558832619 -0.1134019032 0 -0.01492466673 0.07954439589 -0.01287970476 0 0.2553279236 0.05213504345 0.02611600004 0 -6.390812551 -1.215702388 0.2736088452 1


mesh: pSphereShape21 tranform: pSphere21 0.06212525555 0.004033706655 -0.2566058222 0 -0.04858459629 0.1369523409 -0.009609699695 0 0.2416883741 0.08994529057 0.05992757604 0 -7.131575785 0.2125623083 0.1285300634 1


