mesh: pSphereShape1 tranform: pSphere1 0.03101089365 0.1421442355 -0.0197857428 0 -0.01654289806 0.01500212086 0.08184959062 0 0.1454143677 -0.02694589241 0.0343290733 0 4.383959424 -0.06039473754 -0.06399905256 1


mesh: pSphereShape2 tranform: pSphere2 0.04879215086 0.2548929206 -0.01185167709 0 -0.03788178538 0.01351317206 0.134671076 0 0.1248878755 -0.02216945034 0.03735438554 0 4.457703898 0.2789174395 -0.126296424 1


mesh: pSphereShape3 tranform: pSphere3 0.09492072448 0.2778726225 -0.003906387399 0 -0.04143887248 0.01593100521 0.1263014516 0 0.1192417847 -0.04011163131 0.04418210279 0 4.565133402 0.7386887967 -0.1546804538 1


mesh: pSphereShape4 tranform: pSphere4 0.1504229049 -0.004008551684 -0.1001262512 0 0.01001599931 0.1480786548 0.009119034805 0 0.09485880225 -0.01522984128 0.1431191722 0 4.76390528 1.011611531 -0.2231963315 1


mesh: pSphereShape5 tranform: pSphere5 0.1756830813 -0.001652958254 -0.06342642986 0 0.005198988276 0.1380205452 0.01080357324 0 0.05964200841 -0.01520873736 0.1655970743 0 5.031750864 1.027170914 -0.3383322801 1


mesh: pSphereShape6 tranform: pSphere6 0.177790507 -0.1982613558 0.00958810891 0 0.07946063066 0.07138767571 0.002719155764 0 -0.004508828637 0.001026029311 0.1048224317 0 5.269456 0.784464121 -0.3508652635 1


mesh: pSphereShape7 tranform: pSphere7 0.1871203768 -0.1327680421 0.102774649 0 0.05796709363 0.0820301871 0.0004297064839 0 -0.04273718337 0.02959260898 0.1160398087 0 5.582440444 0.4767432034 -0.1949576347 1


mesh: pSphereShape8 tranform: pSphere8 0.06268098412 -0.1767740697 0.02575034635 0 0.04148799675 0.01477013433 0.0004065300646 0 -0.006240074077 0.01439064949 0.1139801236 0 5.807609302 0.2404315437 -0.06858223703 1


mesh: pSphereShape10 tranform: pSphere10 0.1795938304 0.02157765522 -0.03077507421 0 -0.02052072582 0.152909855 -0.01254130598 0 0.03485603913 0.02266418958 0.2192998659 0 4.849094424 1.451549914 -0.2855117701 1


mesh: pSphereShape11 tranform: pSphere11 0.04240319668 0.001443219942 -0.0118094046 0 0.0213153669 0.1417659073 0.09386070827 0 0.02749168826 -0.06428764221 0.09085591472 0 4.874300443 1.266125634 -0.2123766321 1


mesh: pSphereShape12 tranform: pSphere12 0.2803386609 -0.00614464949 -0.1466427258 0 0.00453154423 0.1657106334 0.001719371216 0 0.1208000545 -0.005702014533 0.2311738424 0 4.854041614 0.8290599214 -0.2819359686 1


mesh: pSphereShape13 tranform: pSphere13 0.195082117 -0.009473559825 -0.09925669167 0 0.01406776415 0.2062398834 0.007964635187 0 0.08806594528 -0.01273833685 0.1743032953 0 4.871739841 0.6023696428 -0.2501230255 1


mesh: pSphereShape14 tranform: pSphere14 0.1974070786 -0.003580272513 -0.1005319516 0 0.009040925952 0.2413014357 0.009159454958 0 0.08644967627 -0.009695794017 0.1701000663 0 4.867192709 0.4080872844 -0.2475344116 1


mesh: pSphereShape15 tranform: pSphere15 0.1458913228 -0.01268114061 -0.03982665503 0 0.004510432342 0.3665577452 -0.1001926314 0 0.05175113453 0.04708216331 0.1745812179 0 4.697592777 -0.1728045279 -0.05681541802 1


mesh: pSphereShape16 tranform: pSphere16 0.09719421058 -0.0006227643597 -0.02441633382 0 0.03504731189 0.3364642388 0.1309311176 0 0.01862163823 -0.03109406362 0.0749203265 0 4.634433646 -0.8395239638 -0.0276657084 1


mesh: pSphereShape17 tranform: pSphere17 0.1039102845 -0.03763994615 0.02032806647 0 0.03260333186 0.09774935275 0.01433775739 0 -0.0601791012 -0.01969851939 0.2711411989 0 4.521040803 -1.288898467 0.0152163191 1


mesh: pSphereShape18 tranform: pSphere18 0.09001919446 0.009175523375 -0.09031161045 0 -0.1001907836 0.3376442321 -0.06556223568 0 0.09534956292 0.04768893605 0.09988595872 0 5.122087497 -0.1786602487 -0.278419224 1


mesh: pSphereShape19 tranform: pSphere19 0.05990209527 0.004990955441 -0.06213458939 0 0.05419038407 0.4181023783 0.08582736189 0 0.0715123402 -0.02304129516 0.06709211373 0 5.210955527 -0.8710860393 -0.2786527458 1


mesh: pSphereShape20 tranform: pSphere20 0.03028422995 0.01698990467 -0.1100713806 0 -0.001513493176 0.08103966859 0.01209234645 0 0.2526791084 -0.005527153482 0.06866713555 0 5.363142051 -1.294804233 -0.266049911 1


mesh: pSphereShape21 tranform: pSphere21 0.235264545 -0.004266874266 -0.119811326 0 -0.03810305565 0.1162841783 -0.07896138316 0 0.09824151645 0.1593308298 0.1872352289 0 4.841657364 0.2372032336 -0.3007213209 1


