mesh: pSphereShape1 tranform: pSphere1 -0.113460072 0.09181197996 -0.01598459363 0 0.03750222582 0.05542445466 0.05215169678 0 0.06915387224 0.06481006121 -0.1186056603 0 -1.780508125 0.1850980592 0.4869318367 1


mesh: pSphereShape2 tranform: pSphere2 -0.1654895116 0.1969934274 -0.03603260069 0 0.09899119028 0.09074580172 0.04147141061 0 0.04142571346 0.011936492 -0.1250009861 0 -2.045207411 0.4129512072 0.4357810021 1


mesh: pSphereShape3 tranform: pSphere3 -0.06745935811 0.2647489646 -0.1076829554 0 0.1108253764 0.05075547977 0.05535929006 0 0.06824519705 -0.02780945099 -0.1111252983 0 -2.256675316 0.8002870961 0.3283068939 1


mesh: pSphereShape4 tranform: pSphere4 -0.03289914724 -0.02196551051 -0.1763619785 0 0.03100353269 0.143492092 -0.02365513746 0 0.1656413958 -0.04006053002 -0.02590984019 0 -2.315099373 1.04491179 0.09902053373 1


mesh: pSphereShape5 tranform: pSphere5 -0.02898803136 -0.0236078795 -0.183009703 0 0.02741139702 0.1340668026 -0.02163620449 0 0.1709892676 -0.03852940371 -0.02211382601 0 -2.354015443 1.026330416 -0.1944514564 1


mesh: pSphereShape6 tranform: pSphere6 -0.03635674211 -0.252230056 -0.07789189644 0 0.04514002036 0.02257799746 -0.09418173108 0 0.09401843732 -0.02557428911 0.03893088286 0 -2.403237416 0.7209014825 -0.3307829166 1


mesh: pSphereShape7 tranform: pSphere7 0.05055729909 -0.2318268724 -0.08309198291 0 0.04518301021 0.03883805358 -0.08086668888 0 0.1106446138 0.001682037738 0.06262880126 0 -2.348604517 0.2676476594 -0.440714426 1


mesh: pSphereShape8 tranform: pSphere8 -0.05659211012 -0.1806153925 -0.004058432658 0 0.02130452366 -0.005819160253 -0.03810289562 0 0.09464092166 -0.03094902868 0.05764331231 0 -2.316844254 -0.0728847885 -0.5145067553 1


mesh: pSphereShape10 tranform: pSphere10 -0.002854599703 -0.03819410228 -0.1794427656 0 -0.02888553529 0.1488314711 -0.03121902278 0 0.2192578803 0.04003495198 -0.01200935866 0 -2.368953232 1.456877949 -0.1335919901 1


mesh: pSphereShape11 tranform: pSphere11 -0.002617987278 -0.0104666866 -0.04269860213 0 0.08644130626 0.1423846742 -0.04020267447 0 0.09875341099 -0.05767093575 0.008081960993 0 -2.275465596 1.285081641 -0.07876159857 1


mesh: pSphereShape12 tranform: pSphere12 -0.03126499738 -0.04173171904 -0.312109875 0 0.02397366346 0.1622593761 -0.02409696015 0 0.2568630478 -0.04095918679 -0.02025416607 0 -2.356272763 0.8543403623 0.0160745406 1


mesh: pSphereShape13 tranform: pSphere13 -0.01324408283 -0.02369940713 -0.2173973411 0 0.0446182575 0.2005030279 -0.02457587916 0 0.1907300238 -0.04328923738 -0.006900337252 0 -2.351863153 0.6251546686 0.03613779779 1


mesh: pSphereShape14 tranform: pSphere14 -0.007535701763 -0.009687409425 -0.221220283 0 0.05116489755 0.2358568528 -0.01207124985 0 0.1866089841 -0.04071554443 -0.004573728446 0 -2.38226567 0.4336911029 0.05154058676 1


mesh: pSphereShape15 tranform: pSphere15 -0.01703863333 0.002217942153 -0.1507846728 0 -0.03618924437 0.378180727 0.009652163009 0 0.186029151 0.01833132106 -0.02075160973 0 -2.364943287 -0.1553222598 0.2252721891 1


mesh: pSphereShape16 tranform: pSphere16 -0.001838950483 0.01353771322 -0.09928045299 0 0.3118914836 0.1841986048 0.01933990866 0 0.04246727063 -0.07081067836 -0.01044223544 0 -2.56199203 -0.7112512301 0.2325570869 1


mesh: pSphereShape17 tranform: pSphere17 0.02804722895 -0.03672541225 -0.1024301718 0 0.09733904798 0.03371068979 0.01456652428 0 0.06949875408 -0.2471968948 0.1076602249 0 -2.917931618 -1.117865312 0.2921936304 1


mesh: pSphereShape18 tranform: pSphere18 -0.003051786288 -0.002642662681 -0.1277792452 0 -0.09430856136 0.3455751227 -0.004894604789 0 0.1408961563 0.03839210622 -0.004159066233 0 -2.334426768 -0.1595570883 -0.1142942942 1


mesh: pSphereShape19 tranform: pSphere19 -0.003659076101 -0.003084314626 -0.08631903624 0 0.1392461858 0.4065779553 -0.02043033381 0 0.09521201037 -0.03275253212 -0.002865751155 0 -2.328268426 -0.8542637546 -0.1122440053 1


mesh: pSphereShape20 tranform: pSphere20 -0.02748399249 0.001946387725 -0.112081854 0 0.01690368442 0.08014130143 -0.002753297516 0 0.2485653638 -0.05455485153 -0.0618989893 0 -2.244118115 -1.302551759 -0.1141085002 1


mesh: pSphereShape21 tranform: pSphere21 -0.008980850426 -0.01154519882 -0.2636444933 0 -0.0676187508 0.1289390637 -0.003342960922 0 0.2343123079 0.1225329623 -0.01334748606 0 -2.468233894 0.2747609549 0.0572792776 1


