mesh: pSphereShape1 tranform: pSphere1 0.04117499634 0.1359712258 0.03707533223 0 -0.06661530333 0.03161490777 -0.04196409848 0 -0.0838272726 -0.009042184518 0.1262581958 0 4.324912597 -0.01098732714 -0.277961033 1


mesh: pSphereShape2 tranform: pSphere2 0.04303467626 0.2494096892 0.05860341944 0 -0.1207728 0.03552379853 -0.06249739755 0 -0.06398605337 -0.01589086372 0.1146171083 0 4.429006949 0.3128460044 -0.1838868654 1


mesh: pSphereShape3 tranform: pSphere3 0.00792081141 0.2740944457 0.1051089612 0 -0.1125336568 0.02877848303 -0.06656582275 0 -0.07214005892 -0.03832863685 0.1053865831 0 4.490412193 0.7619275089 -0.05612936106 1


mesh: pSphereShape4 tranform: pSphere4 0.0445477131 -0.01675307322 0.1743651937 0 -0.01778772826 0.1464507539 0.01861554333 0 -0.1657801578 -0.02521126876 0.03993205598 0 4.514890905 1.020420813 0.1688844173 1


mesh: pSphereShape5 tranform: pSphere5 0.01217048706 -0.01923558861 0.1853970353 0 -0.01578163445 0.1367934267 0.01522878861 0 -0.175138125 -0.02123999537 0.009293311886 0 4.54524183 1.010429145 0.4611820268 1


mesh: pSphereShape6 tranform: pSphere6 -0.05909050735 -0.2467898097 0.08131459382 0 -0.0360455266 0.0391592813 0.09265450111 0 -0.09599468604 0.009374440497 -0.04130695558 0 4.492176164 0.7143687043 0.6042056002 1


mesh: pSphereShape7 tranform: pSphere7 -0.1440643081 -0.1893838225 0.08113728975 0 -0.02837293993 0.05536840069 0.07885833293 0 -0.09781859748 0.04561174539 -0.0672199169 0 4.264646041 0.3207864865 0.7141681897 1


mesh: pSphereShape8 tranform: pSphere8 -0.02082534145 -0.188127873 -0.003907217324 0 -0.02415947397 0.001910666558 0.03677288648 0 -0.09536106575 0.01187027323 -0.06326817237 0 4.094041468 0.02249018947 0.7791485129 1


mesh: pSphereShape10 tranform: pSphere10 0.03081165271 -0.0228890949 0.1794251256 0 -0.004878012496 0.1533615895 0.0204018673 0 -0.2199242364 -0.01181871528 0.03625863143 0 4.493052476 1.439581744 0.3680187003 1


mesh: pSphereShape11 tranform: pSphere11 0.006741190059 -0.004929816299 0.0432415226 0 -0.1112754229 0.1263769611 0.031755218 0 -0.08539770248 -0.07635105613 0.004608659687 0 4.439830556 1.251765015 0.3241599486 1


mesh: pSphereShape12 tranform: pSphere12 0.04106336605 -0.03184591055 0.31213979 0 -0.01431128344 0.1641090182 0.01862585537 0 -0.2577072693 -0.02602013889 0.03124783585 0 4.551354582 0.8310726429 0.256833317 1


mesh: pSphereShape13 tranform: pSphere13 0.02140386606 -0.02987509336 0.2159815383 0 -0.02300046413 0.2033292426 0.03040435313 0 -0.1935472231 -0.02426026397 0.01582487659 0 4.528825994 0.6035874809 0.23999733 1


mesh: pSphereShape14 tranform: pSphere14 0.01910398873 -0.01828228595 0.2199769123 0 -0.02005267818 0.2398335719 0.02167405675 0 -0.1896809034 -0.01721872559 0.01504187026 0 4.53589214 0.4114871233 0.218754079 1


mesh: pSphereShape15 tranform: pSphere15 0.004951317961 -0.01595038655 0.1508387267 0 0.08111052804 0.3694847589 0.03640855923 0 -0.1836422886 0.03931015723 0.01018494122 0 4.44678914 -0.1728263192 -0.002946117211 1


mesh: pSphereShape16 tranform: pSphere16 0.001706339837 -0.004334209165 0.1001077559 0 -0.1148512726 0.3436643201 0.01683674089 0 -0.07893197691 -0.02638869803 0.0002028877739 0 4.431415241 -0.8492885504 -0.09156631604 1


mesh: pSphereShape17 tranform: pSphere17 -0.04040097523 -0.02172954971 0.1025813381 0 -0.01643409683 0.1016208307 0.01505362848 0 -0.2560688099 -0.02566641008 -0.1062878432 0 4.385111776 -1.313113938 -0.2085400503 1


mesh: pSphereShape18 tranform: pSphere18 0.03007047261 -0.01004787824 0.1238492608 0 -0.006283884433 0.3568917075 0.03048030947 0 -0.1419704104 -0.005406181551 0.03403166604 0 4.593428976 -0.1978310244 0.3574890042 1


mesh: pSphereShape19 tranform: pSphere19 0.02093220323 -0.005277820121 0.08371299382 0 -0.08597916781 0.4188379287 0.04790516357 0 -0.09563604483 -0.02220719989 0.02251344067 0 4.663446238 -0.9180924122 0.3067232877 1


mesh: pSphereShape20 tranform: pSphere20 0.0479052283 0.005037011345 0.1048866907 0 -0.001910127308 0.08187145619 -0.003059323987 0 -0.2381988397 -0.00148937526 0.1088648304 0 4.528594711 -1.336935243 0.3274453693 1


mesh: pSphereShape21 tranform: pSphere21 0.02276762944 -0.02178834577 0.262162677 0 0.08350289225 0.1192850956 0.00266194261 0 -0.2157053218 0.1503029342 0.03122470076 0 4.600531391 0.2433608481 0.2033403584 1


