mesh: pSphereShape1 tranform: pSphere1 0.03933121226 0.1404202925 0.01712693846 0 -0.0433286563 0.003248203726 0.07287086734 0 0.1240328328 -0.04397536503 0.07570949996 0 4.29469822 -0.04842729127 -0.3460720819 1


mesh: pSphereShape2 tranform: pSphere2 0.05666506562 0.2494798039 0.04517117448 0 -0.07889797831 -0.00313209483 0.1162722374 0 0.1055579966 -0.03676538782 0.0706373252 0 4.393353768 0.2894245043 -0.3239596805 1


mesh: pSphereShape3 tranform: pSphere3 0.09858380157 0.2693345825 0.06307546978 0 -0.07873713308 0.003476060758 0.1082192896 0 0.09811208342 -0.05302787657 0.0730867142 0 4.516424746 0.7406541488 -0.2495959066 1


mesh: pSphereShape4 tranform: pSphere4 0.169329309 0.003597308708 -0.06311124691 0 0.001275044175 0.1482169347 0.01186926983 0 0.06026868355 -0.01340647964 0.1609384664 0 4.728075419 1.013713267 -0.2346749738 1


mesh: pSphereShape5 tranform: pSphere5 0.1846245287 0.005695804816 -0.02777643853 0 -0.002445700403 0.1379943957 0.01204088347 0 0.02663575987 -0.0147127701 0.1740256779 0 5.014113678 1.041166318 -0.2918416849 1


mesh: pSphereShape6 tranform: pSphere6 0.1889748991 -0.1864549589 0.02306506422 0 0.07205543535 0.07575748387 0.02205456307 0 -0.02159214246 -0.009233754151 0.1022626111 0 5.267693723 0.811872821 -0.2778165213 1


mesh: pSphereShape7 tranform: pSphere7 0.1788390418 -0.131242474 0.1183048056 0 0.05075644926 0.08490165405 0.0174588713 0 -0.06211237104 0.01451349526 0.1099947198 0 5.575581983 0.509814495 -0.1002628185 1


mesh: pSphereShape8 tranform: pSphere8 0.06979824777 -0.1750650766 0.01792990181 0 0.03972593691 0.01675812374 0.008977262115 0 -0.0258334705 0.001182398458 0.1121103546 0 5.794901432 0.2745038657 0.0376450372 1


mesh: pSphereShape10 tranform: pSphere10 0.1820476907 0.0228908476 0.001136536535 0 -0.01907156139 0.1525626265 -0.01790890432 0 -0.004584466462 0.02545200546 0.2217029956 0 4.821915492 1.458054066 -0.2823785495 1


mesh: pSphereShape11 tranform: pSphere11 0.0438616321 0.001709831843 -0.003579066064 0 0.002000785574 0.1437729368 0.09320455678 0 0.01023835707 -0.06221469838 0.09574966556 0 4.833762375 1.274487433 -0.2042834748 1


mesh: pSphereShape12 tranform: pSphere12 0.3058469139 0.007097128041 -0.08086350578 0 -0.002743839 0.1657064401 0.004165601391 0 0.06678734445 -0.005232711934 0.2521479345 0 4.836766736 0.8358285256 -0.2727228608 1


mesh: pSphereShape13 tranform: pSphere13 0.2126125702 -0.001983085846 -0.05282645106 0 0.004858795157 0.2064782765 0.01180425272 0 0.04699720573 -0.01194524638 0.1895998113 0 4.855402115 0.609519094 -0.2392789958 1


mesh: pSphereShape14 tranform: pSphere14 0.2151785854 0.003127987385 -0.05270140795 0 -0.0004889439944 0.2413292691 0.01232727279 0 0.04552330203 -0.00937375 0.1853141907 0 4.856362868 0.4150513627 -0.2387189149 1


mesh: pSphereShape15 tranform: pSphere15 0.1514924457 -0.008880654989 0.001557151845 0 0.02250300223 0.3670855093 -0.09573573919 0 0.0009084982728 0.04741049455 0.1820025585 0 4.656678056 -0.1720187012 -0.09741360643 1


mesh: pSphereShape16 tranform: pSphere16 0.1001924858 1.736486127e-05 0.002173766416 0 -0.002037390179 0.3511064607 0.09110190956 0 -0.001743737751 -0.02090758614 0.0805387717 0 4.59746432 -0.8529191876 -0.04804241121 1


mesh: pSphereShape17 tranform: pSphere17 0.09677862756 -0.03069718062 0.0481552012 0 0.02715767105 0.1000090344 0.009172700953 0 -0.1214079542 0.01000461397 0.2503739643 0 4.484264423 -1.298717245 0.0245432565 1


mesh: pSphereShape18 tranform: pSphere18 0.1023836688 0.01108744959 -0.07575279143 0 -0.0886098105 0.3399832527 -0.06999940484 0 0.07967767515 0.04427256979 0.1141682362 0 5.124435519 -0.1690471889 -0.2319554087 1


mesh: pSphereShape19 tranform: pSphere19 0.06844891809 0.006453919755 -0.0524115482 0 0.0356284364 0.4174353448 0.09793303804 0 0.06096030022 -0.02321032281 0.07675539407 0 5.215499874 -0.8634899296 -0.2335946913 1


mesh: pSphereShape20 tranform: pSphere20 0.03072448201 0.01714762745 -0.1099248168 0 -0.001002323611 0.08100773852 0.01235657867 0 0.2524313137 -0.007461347957 0.06939176396 0 5.381460813 -1.288046087 -0.2285068488 1


mesh: pSphereShape21 tranform: pSphere21 0.2564441576 0.00372785279 -0.06280814673 0 -0.02249130549 0.1161395337 -0.08493822986 0 0.04804210914 0.1596926912 0.2056330226 0 4.848767934 0.2441880768 -0.2972878012 1


