mesh: pSphereShape1 tranform: pSphere1 0.05108720764 0.1340837043 0.03114148839 0 -0.05461936186 0.0336984701 -0.05549076514 0 -0.103471162 0.01382007895 0.1102389622 0 3.051570307 -0.1643621992 -0.5242004331 1


mesh: pSphereShape2 tranform: pSphere2 0.05283819105 0.2491756014 0.05109973014 0 -0.1187627705 0.03843058189 -0.06459434107 0 -0.06539783714 -0.009617124544 0.1145183387 0 3.171103531 0.1572542709 -0.4412320623 1


mesh: pSphereShape3 tranform: pSphere3 -0.02108045824 0.2757870379 0.09866874968 0 -0.1114741749 0.017273892 -0.07209822989 0 -0.07321842516 -0.04245906853 0.1030334611 0 3.215768897 0.6059332398 -0.3254020487 1


mesh: pSphereShape4 tranform: pSphere4 0.02692316729 -0.01320845632 0.1782387857 0 -0.06409383846 0.132746995 0.01951871478 0 -0.1534061478 -0.07664070643 0.01749267952 0 3.188348376 0.8597769445 -0.1040351508 1


mesh: pSphereShape5 tranform: pSphere5 -0.008085317984 -0.02574475299 0.184829718 0 -0.05571388408 0.1259413271 0.01510505951 0 -0.1615699237 -0.06946704276 -0.01674382291 0 3.183433407 0.8426615398 0.1886978065 1


mesh: pSphereShape6 tranform: pSphere6 0.01822351603 -0.2543207568 0.07744557786 0 -0.05441054894 0.02319971825 0.08898792679 0 -0.09001688915 -0.02150368662 -0.04943354722 0 3.212304037 0.5385517393 0.3273608854 1


mesh: pSphereShape7 tranform: pSphere7 -0.1019664975 -0.2210220559 0.06289754426 0 -0.0492770128 0.04422790468 0.07553137524 0 -0.09806528193 0.0231733562 -0.07754755058 0 3.097638726 0.09755830996 0.4132078797 1


mesh: pSphereShape8 tranform: pSphere8 0.009994245385 -0.1888154872 -0.009480751253 0 -0.02191357146 -0.003071876019 0.03807801167 0 -0.09961544473 -0.00238458392 -0.05752021222 0 2.99096526 -0.2311771456 0.4652908139 1


mesh: pSphereShape10 tranform: pSphere10 -0.01142888937 -0.02417315312 0.1815259857 0 -0.001079699965 0.1534402338 0.02036509804 0 -0.2227674145 0.0002888704523 -0.01398698493 0 3.145474328 1.283938009 0.09354729162 1


mesh: pSphereShape11 tranform: pSphere11 -0.000913196605 -0.006632529803 0.04352874487 0 -0.1158557077 0.125149357 0.0166386098 0 -0.08443561547 -0.07638254198 -0.01340989283 0 3.08910482 1.092972857 0.0440739803 1


mesh: pSphereShape12 tranform: pSphere12 0.007892944866 -0.03666890263 0.3142048751 0 -0.06168206498 0.1526559032 0.01936500058 0 -0.242077219 -0.09714680923 -0.005256330745 0 3.266900348 0.6838968506 -0.01571747028 1


mesh: pSphereShape13 tranform: pSphere13 -0.003082558868 -0.02278093571 0.2178765668 0 -0.09680791527 0.1819689296 0.01765681571 0 -0.1729302663 -0.09084029487 -0.01194481206 0 3.31949667 0.4597963422 -0.03327122795 1


mesh: pSphereShape14 tranform: pSphere14 -0.01316639853 -0.0107572967 0.2209071589 0 -0.1067874045 0.2167277524 0.004189086561 0 -0.1710093039 -0.08398467857 -0.01428212996 0 3.397019966 0.2826419634 -0.04346714274 1


mesh: pSphereShape15 tranform: pSphere15 -0.01581802092 -0.0004354832858 0.1509332714 0 -0.08542614528 0.3702211432 -0.007884593122 0 -0.1822136538 -0.04245392868 -0.01921874042 0 3.561748387 -0.2951804514 -0.2157766416 1


mesh: pSphereShape16 tranform: pSphere16 -0.01833018298 0.007015195184 0.09827538446 0 -0.3070037041 0.180034191 -0.07011327504 0 -0.04163310738 -0.07201706486 -0.002624550501 0 3.892458188 -0.847634155 -0.187307717 1


mesh: pSphereShape17 tranform: pSphere17 -0.03914034507 -0.005034857784 0.1052141941 0 -0.09644194394 0.01712954402 -0.0350573055 0 -0.03872080526 -0.2743532977 -0.02753312459 0 4.266752146 -1.25993814 -0.121980077 1


mesh: pSphereShape18 tranform: pSphere18 -0.02421550976 -0.009867746937 0.1251401983 0 0.1575455959 0.3169257427 0.05547689739 0 -0.1282558309 0.06717388694 -0.01952150819 0 3.303685268 -0.2611945467 0.07743277181 1


mesh: pSphereShape19 tranform: pSphere19 -0.01454229074 -0.009752564209 0.08465983182 0 -0.1592623318 0.3992502498 0.01863545592 0 -0.0920266843 -0.03577954071 -0.01992941671 0 3.238503849 -0.9176907158 0.01856913231 1


mesh: pSphereShape20 tranform: pSphere20 -0.003333418188 0.01127383454 0.1148185057 0 -0.001165673077 0.0815471024 -0.008040813715 0 -0.2617658588 -0.00444808669 -0.007162853029 0 3.16540311 -1.326344197 -0.03228310016 1


mesh: pSphereShape21 tranform: pSphere21 -0.01569136619 -0.01282026222 0.2632713202 0 0.03427740257 0.141259389 0.008921752976 0 -0.2568346522 0.0630951662 -0.0122352484 0 3.518462075 0.148812617 -0.03859065654 1


