mesh: pSphereShape1 tranform: pSphere1 -0.05249744683 0.1361183964 -0.01655098403 0 0.07909469554 0.03066546337 0.001321016643 0 0.00837729095 -0.01510959495 -0.1508357579 0 3.823327429 -0.05590330253 1.205238969 1


mesh: pSphereShape2 tranform: pSphere2 -0.06938224555 0.2481282125 -0.0333171335 0 0.1354342244 0.03697979193 -0.006633252001 0 -0.001498632798 -0.01800703976 -0.1309859409 0 3.685169432 0.266603855 1.168124747 1


mesh: pSphereShape3 tranform: pSphere3 -0.0615962844 0.2719692473 -0.09207075773 0 0.130477346 0.02995453159 0.001192470884 0 0.01045377297 -0.04049470376 -0.1266116187 0 3.563806241 0.7129626557 1.080374974 1


mesh: pSphereShape4 tranform: pSphere4 -0.1434702661 0.01524982689 -0.1088673987 0 0.02310952727 0.1465544009 -0.009925843685 0 0.1013598825 -0.02526961419 -0.1371162233 0 3.417287763 0.996519128 0.9133331638 1


mesh: pSphereShape5 tranform: pSphere5 -0.132603319 0.01552604409 -0.1306349535 0 0.02228716814 0.136586503 -0.006389594654 0 0.1211353502 -0.02566080174 -0.1260103808 0 3.206227501 1.040292551 0.7122726188 1


mesh: pSphereShape6 tranform: pSphere6 -0.07576624364 -0.2376078483 -0.09386665087 0 -0.03244643588 0.04618800681 -0.09072751899 0 0.09541495475 -0.01410766323 -0.04130477829 0 3.079090973 0.7647030123 0.5691426115 1


mesh: pSphereShape7 tranform: pSphere7 -0.01951902449 -0.2020509347 -0.1483187256 0 -0.02339993687 0.05926198408 -0.07765166054 0 0.1232580545 0.009843645253 -0.02963074751 0 3.047902162 0.3534908155 0.3436476495 1


mesh: pSphereShape8 tranform: pSphere8 -0.04428955091 -0.1840518631 -0.002098849316 0 -0.009776832121 0.002841276085 -0.04284759869 0 0.1089065823 -0.02590390541 -0.02656768532 0 3.022249427 0.03860074739 0.1931044513 1


mesh: pSphereShape10 tranform: pSphere10 -0.1617734659 0.01483317179 -0.08529927929 0 0.01506724276 0.1540441154 -0.00178802515 0 0.1030570718 -0.0123737675 -0.1976035677 0 3.374463666 1.442499478 0.7919280454 1


mesh: pSphereShape11 tranform: pSphere11 -0.03600079743 0.005834778681 -0.02468752623 0 0.08154055739 0.1205780627 -0.09040917097 0 0.03720876729 -0.08002824968 -0.07317429873 0 3.417881705 1.242811884 0.7641803901 1


mesh: pSphereShape12 tranform: pSphere12 -0.2239089734 0.02592279008 -0.2220909523 0 0.01957203784 0.1646213012 -0.0005174072461 0 0.1817618057 -0.02219399304 -0.1858402115 0 3.311501017 0.8267210162 0.8434830312 1


mesh: pSphereShape13 tranform: pSphere13 -0.155031333 0.02240690244 -0.1531727393 0 0.0304210464 0.2046217299 -0.0008570469935 0 0.1352528234 -0.02069404589 -0.1399212097 0 3.30790704 0.6008731858 0.8057528502 1


mesh: pSphereShape14 tranform: pSphere14 -0.1555865972 0.01798100644 -0.1567116476 0 0.03063333121 0.2396771377 -0.002912990922 0 0.1338470092 -0.01874831355 -0.1350372776 0 3.289858781 0.4070929693 0.7997945607 1


mesh: pSphereShape15 tranform: pSphere15 -0.09761672534 0.01412384463 -0.1153375212 0 0.02954893912 0.3782804012 0.02131399143 0 0.1432623556 -0.004329081047 -0.1217812308 0 3.379899745 -0.1906581226 0.9207797627 1


mesh: pSphereShape16 tranform: pSphere16 -0.06350901503 0.01191136578 -0.07660276847 0 0.1176382347 0.340219135 -0.0446278108 0 0.05844992387 -0.02712006278 -0.0526760868 0 3.292354353 -0.8875114931 0.9472333958 1


mesh: pSphereShape17 tranform: pSphere17 -0.06257015708 0.005210904411 -0.0931942325 0 0.01215605498 0.1032958026 -0.002385788372 0 0.2289800943 -0.03053706006 -0.1554435911 0 3.327573123 -1.3545465 0.8967361709 1


mesh: pSphereShape18 tranform: pSphere18 -0.08542415083 0.003107179654 -0.09506257135 0 -0.1047133929 0.3261917243 0.1047582536 0 0.09995091064 0.06029824897 -0.08784597403 0 3.260929094 -0.1733713144 0.5801040936 1


mesh: pSphereShape19 tranform: pSphere19 -0.05875768808 0.0007494447517 -0.06341017486 0 0.04722922261 0.4258895301 -0.03873036563 0 0.07305519882 -0.01427301486 -0.06786373686 0 3.334616746 -0.8591666488 0.4739890006 1


mesh: pSphereShape20 tranform: pSphere20 -0.09559845653 0.006983456085 -0.06429359783 0 0.006344870201 0.08170295373 -0.0005597883761 0 0.1453417088 -0.01277709777 -0.217497104 0 3.439026637 -1.290701721 0.3438199051 1


mesh: pSphereShape21 tranform: pSphere21 -0.1854239993 0.0214292888 -0.1867648046 0 -0.05130380199 0.1199608999 0.06469973256 0 0.1637988129 0.1485671906 -0.145576367 0 3.229746576 0.2401593811 0.8344638535 1


