mesh: pSphereShape1 tranform: pSphere1 -0.1175229528 0.08595844157 -0.01891128534 0 0.03467304796 0.05855283667 0.05066982983 0 0.06657887599 0.06458432967 -0.1201916069 0 2.163500997 0.09403174729 0.2601175497 1


mesh: pSphereShape2 tranform: pSphere2 -0.1621181179 0.1990858231 -0.03967477914 0 0.09555212791 0.08837877087 0.05303694838 0 0.05093496907 0.01740854681 -0.1207741177 0 1.898326826 0.3186697204 0.2004082397 1


mesh: pSphereShape3 tranform: pSphere3 -0.04880232851 0.2712869594 -0.1012922333 0 0.1071428635 0.04427428608 0.06695691276 0 0.07681701039 -0.0257255988 -0.1059100792 0 1.704682182 0.7126338985 0.09396620556 1


mesh: pSphereShape4 tranform: pSphere4 -0.03311367533 -0.01454284586 -0.1770886081 0 0.03525450676 0.1432858253 -0.01835911409 0 0.1644557236 -0.04394102338 -0.0271429425 0 1.661435883 0.9677486993 -0.1289999108 1


mesh: pSphereShape5 tranform: pSphere5 -0.03075371648 -0.0158914331 -0.1835534271 0 0.03134879681 0.1338915295 -0.01684425261 0 0.1696076195 -0.04281985162 -0.02470994908 0 1.621135099 0.961187672 -0.4229152002 1


mesh: pSphereShape6 tranform: pSphere6 -0.06231991919 -0.2376837646 -0.1031097332 0 0.05165879303 0.02549560254 -0.08999405108 0 0.08850891975 -0.04029482966 0.03939063708 0 1.544596277 0.6716108696 -0.5852834143 1


mesh: pSphereShape7 tranform: pSphere7 0.02323097718 -0.2276459942 -0.1041231957 0 0.05319728982 0.0398693703 -0.07529808666 0 0.1072127772 -0.01908253914 0.06564071653 0 1.547152886 0.2269260627 -0.7374224451 1


mesh: pSphereShape8 tranform: pSphere8 -0.08675742841 -0.1669233082 -0.02123241832 0 0.02422333093 -0.008024199163 -0.0358945466 0 0.08032974433 -0.05007015102 0.06540344054 0 1.532892469 -0.1081739155 -0.8370731105 1


mesh: pSphereShape10 tranform: pSphere10 -0.005858191009 -0.01868319446 -0.1824370142 0 0.001228714807 0.1539753496 -0.01580791846 0 0.223085444 -0.002489472314 -0.006908498543 0 1.688719148 1.392581181 -0.3161325918 1


mesh: pSphereShape11 tranform: pSphere11 -0.002483230838 -0.004863941609 -0.04370070533 0 0.1130899339 0.1270798134 -0.02057031337 0 0.08588765017 -0.0758558628 0.003562405336 0 1.745603947 1.201962047 -0.2755442782 1


mesh: pSphereShape12 tranform: pSphere12 -0.03230210151 -0.02839269676 -0.3134996643 0 0.02421848442 0.1630915447 -0.01726610051 0 0.256718894 -0.04053351946 -0.02278057893 0 1.618734248 0.7812245551 -0.2196757195 1


mesh: pSphereShape13 tranform: pSphere13 -0.01389723153 -0.0153376896 -0.2181061526 0 0.04498482769 0.2012040441 -0.01701542894 0 0.1906158498 -0.04338664864 -0.009094569897 0 1.622731147 0.5513838496 -0.2089033491 1


mesh: pSphereShape14 tranform: pSphere14 -0.007103581745 -0.003154509425 -0.2214241056 0 0.05202387558 0.2359242071 -0.005030080104 0 0.1864730778 -0.0412343816 -0.005394862057 0 1.591777431 0.359482346 -0.199549383 1


mesh: pSphereShape15 tranform: pSphere15 -0.00629235982 0.001550976482 -0.1516220714 0 -0.01797015401 0.3795775784 0.004628551542 0 0.1877061688 0.00898034957 -0.007697998272 0 1.591449734 -0.2376562568 -0.02417146732 1


mesh: pSphereShape16 tranform: pSphere16 0.006006505744 0.01270008414 -0.09922645572 0 0.3207836051 0.1644382641 0.0404646959 0 0.03853260897 -0.07343005522 -0.00706587308 0 1.365119661 -0.7793517667 -0.0275184468 1


mesh: pSphereShape17 tranform: pSphere17 0.03576056424 -0.03534001199 -0.1004968092 0 0.09702636288 0.02841672277 0.02453282029 0 0.04736726553 -0.2531306962 0.1058692517 0 0.9823003938 -1.165005485 0.001495723015 1


mesh: pSphereShape18 tranform: pSphere18 0.005199763629 -0.001431256669 -0.1277291922 0 -0.1471541385 0.3264855047 -0.009648939855 0 0.1330659773 0.06011592466 0.004743397341 0 1.698815648 -0.208106398 -0.3663232434 1


mesh: pSphereShape19 tranform: pSphere19 0.001800627763 -0.003444783902 -0.08636416535 0 0.1394499969 0.4068032021 -0.01331862099 0 0.09526798091 -0.03254982658 0.003284571661 0 1.764853952 -0.8802340326 -0.3639169352 1


mesh: pSphereShape20 tranform: pSphere20 -0.01827840619 0.00602309409 -0.1138029985 0 0.01188449213 0.08104957824 0.002380777875 0 0.2557921516 -0.03624425042 -0.04300216551 0 1.853781344 -1.316538377 -0.3579427849 1


mesh: pSphereShape21 tranform: pSphere21 -0.008465861196 -0.003759461057 -0.2638874037 0 -0.06715521542 0.1292239598 0.0003134453811 0 0.2347717222 0.1220288507 -0.009270270164 0 1.505235878 0.2007623914 -0.1986574246 1


