mesh: pSphereShape1 tranform: pSphere1 0.01480610042 0.1381053804 -0.04760061049 0 0.07722583465 0.003760066662 0.03493020116 0 0.06097524661 -0.05110502804 -0.1293066129 0 2.408731231 -0.03280473256 1.64863399 1


mesh: pSphereShape2 tranform: pSphere2 0.04920504194 0.2453126152 -0.06994370517 0 0.1159085149 -0.0005845310595 0.0794909346 0 0.07046811182 -0.04352254057 -0.1030720611 0 2.431742888 0.2991203621 1.531249197 1


mesh: pSphereShape3 tranform: pSphere3 0.06425409745 0.2633669875 -0.1129054427 0 0.108167796 0.007283443522 0.07854752144 0 0.07295053581 -0.05853815332 -0.09503214366 0 2.510616201 0.7425237362 1.384050214 1


mesh: pSphereShape4 tranform: pSphere4 -0.04344312466 -0.007597322313 -0.175280805 0 0.01765482563 0.1472526172 -0.01075820244 0 0.1660656267 -0.02284513217 -0.04016896139 0 2.545081602 1.001127909 1.154175349 1


mesh: pSphereShape5 tranform: pSphere5 -0.01820905274 -0.007873528618 -0.1857326769 0 0.0154605923 0.137478935 -0.007343710825 0 0.1747156822 -0.02051667725 -0.01625921984 0 2.509209654 1.008121776 0.8619464181 1


mesh: pSphereShape6 tranform: pSphere6 0.07490917427 -0.2304545239 -0.110852557 0 0.01631815857 0.05003555734 -0.09299326093 0 0.09941019869 0.01900384529 0.02766931012 0 2.574676221 0.7331165432 0.6861914314 1


mesh: pSphereShape7 tranform: pSphere7 0.1787813162 -0.1369925416 -0.1116884122 0 0.004101257471 0.06657899265 -0.07509818648 0 0.08924394004 0.06529698987 0.06276343552 0 2.852399126 0.4072990834 0.5161200321 1


mesh: pSphereShape8 tranform: pSphere8 0.08000319521 -0.1710044537 -0.01407207804 0 0.01107954201 0.008618605106 -0.04174373491 0 0.1001785175 0.04393331813 0.03565986648 0 3.086389855 0.1754070848 0.3984306657 1


mesh: pSphereShape10 tranform: pSphere10 -0.07268843293 -0.0002173898303 -0.1684725164 0 0.008031963397 0.1545375837 -0.00366484543 0 0.204616796 -0.01272802548 -0.08826666587 0 2.569867646 1.432917554 0.9968377449 1


mesh: pSphereShape11 tranform: pSphere11 -0.0141917953 0.001740410009 -0.04165501084 0 0.1127350803 0.1247013011 -0.0331984499 0 0.07803535447 -0.0784982727 -0.02986629775 0 2.625210054 1.238045971 1.013446693 1


mesh: pSphereShape12 tranform: pSphere12 -0.06470490339 -0.01428414807 -0.3094201822 0 0.009020764457 0.1652621688 -0.009515594495 0 0.2549881683 -0.01694361316 -0.05254007545 0 2.513389116 0.8166095555 1.055022139 1


mesh: pSphereShape13 tranform: pSphere13 -0.04217651465 -0.0221896345 -0.2138397374 0 0.007649229876 0.2054666194 -0.02282946613 0 0.1919055752 -0.01122056724 -0.03668601596 0 2.546246813 0.5906718971 1.056589084 1


mesh: pSphereShape14 tranform: pSphere14 -0.04641732015 -0.01281718262 -0.2162641869 0 0.008553151023 0.2409546141 -0.01611627746 0 0.1866916311 -0.009270325953 -0.03952067086 0 2.550069827 0.396704036 1.070012122 1


mesh: pSphereShape15 tranform: pSphere15 -0.0579942169 -0.00310270983 -0.1402080449 0 -0.1234813213 0.3568071884 0.04317964324 0 0.1627059072 0.06462561109 -0.06873012314 0 2.707361032 -0.1786996173 1.192467055 1


mesh: pSphereShape16 tranform: pSphere16 -0.03829870721 -0.002031160766 -0.09258694927 0 -0.0731366948 0.3545777498 0.02247440339 0 0.07505636709 0.01747361817 -0.03143049401 0 2.938666146 -0.8512042282 1.151974758 1


mesh: pSphereShape17 tranform: pSphere17 -0.03868752434 0.01783216206 -0.1039838089 0 -0.01265008432 0.1008914847 0.02200836625 0 0.2592133283 0.05160796408 -0.08759094772 0 3.222106549 -1.271112938 1.063418095 1


mesh: pSphereShape18 tranform: pSphere18 -0.0383892549 -0.02001887418 -0.1202885795 0 0.0248105069 0.3511706886 -0.0663612351 0 0.1389823704 -0.01764613844 -0.04141851071 0 2.449867983 -0.2032646987 0.9697129133 1


mesh: pSphereShape19 tranform: pSphere19 -0.02688313118 -0.01289474457 -0.0811474009 0 0.1670378083 0.3792706657 -0.1156056456 0 0.0873832168 -0.04512353183 -0.02177861576 0 2.296114017 -0.8889463997 1.112316439 1


mesh: pSphereShape20 tranform: pSphere20 -0.03358070091 -0.007514879615 -0.1101697027 0 0.0111240539 0.08070357006 -0.008895650228 0 0.2480368183 -0.04220520129 -0.07272492356 0 2.354985348 -1.304947459 1.185676606 1


mesh: pSphereShape21 tranform: pSphere21 -0.05531893679 -0.01527517989 -0.2577379488 0 -0.08735652542 0.1159157644 0.0118796474 0 0.204443848 0.159539234 -0.0533355948 0 2.493967836 0.2257845663 1.08793868 1


