mesh: pSphereShape1 tranform: pSphere1 -0.1151502387 0.08876068574 -0.02049629301 0 0.03588111931 0.05815951128 0.05028024579 0 0.06892078996 0.06160074407 -0.1204374434 0 2.174328646 0.09671456716 0.2649671463 1


mesh: pSphereShape2 tranform: pSphere2 -0.1585128342 0.2016154953 -0.04142958664 0 0.09646410669 0.0869011536 0.0538219268 0 0.05233388622 0.01642266986 -0.1203132427 0 1.914029806 0.3262559853 0.2021795335 1


mesh: pSphereShape3 tranform: pSphere3 -0.04740662101 0.271351937 -0.1017798443 0 0.1069088116 0.04399944354 0.06750991578 0 0.07731905009 -0.02605003453 -0.1054645182 0 1.724345371 0.7227178287 0.09369354751 1


mesh: pSphereShape4 tranform: pSphere4 -0.03019593629 -0.0141337885 -0.1776424117 0 0.03430801085 0.1436515917 -0.01726110165 0 0.1652336991 -0.04243164436 -0.02471068885 0 1.684338674 0.9784836151 -0.1295788872 1


mesh: pSphereShape5 tranform: pSphere5 -0.02686331004 -0.01549024272 -0.1841971886 0 0.03094981952 0.1341124077 -0.01579203444 0 0.1703164078 -0.04181556736 -0.02132241653 0 1.649807767 0.9725959923 -0.424169852 1


mesh: pSphereShape6 tranform: pSphere6 -0.04917056821 -0.2407344734 -0.1031413104 0 0.05379288077 0.0268580567 -0.08833208163 0 0.08856707831 -0.0364501663 0.04285303346 0 1.587608929 0.6805469422 -0.5869083648 1


mesh: pSphereShape7 tranform: pSphere7 0.04126382185 -0.2270049106 -0.0998503102 0 0.05390985834 0.04214332549 -0.07353222068 0 0.1052367878 -0.01182616392 0.07037603923 0 1.618182315 0.2357803612 -0.73353052 1


mesh: pSphereShape8 tranform: pSphere8 -0.07218723568 -0.1733704182 -0.02393238182 0 0.02513001218 -0.005529651374 -0.03574187254 0 0.08368274675 -0.04390307034 0.06562938514 0 1.630384819 -0.09969674756 -0.8323151705 1


mesh: pSphereShape10 tranform: pSphere10 -0.004999772222 -0.01810611225 -0.1825207257 0 0.0009303208345 0.1540282304 -0.01530513212 0 0.2231193582 -0.001935857192 -0.005919848926 0 1.713849869 1.403990289 -0.3147522891 1


mesh: pSphereShape11 tranform: pSphere11 -0.002062948798 -0.004540583097 -0.04375732346 0 0.1137374049 0.1268168052 -0.01852162383 0 0.08557975154 -0.07618800039 0.003871153164 0 1.771420955 1.212760187 -0.2736780135 1


mesh: pSphereShape12 tranform: pSphere12 -0.02745181195 -0.02737967778 -0.3140515273 0 0.02281345543 0.1633992804 -0.01623966098 0 0.2574204014 -0.0378488826 -0.01920183702 0 1.644898402 0.7919400863 -0.2216548652 1


mesh: pSphereShape13 tranform: pSphere13 -0.01166345518 -0.01473859941 -0.2182782835 0 0.04248341473 0.2018381074 -0.01589857845 0 0.1912479185 -0.04084208882 -0.00746137597 0 1.651407159 0.5621843639 -0.2118221463 1


mesh: pSphereShape14 tranform: pSphere14 -0.006102352738 -0.003114771586 -0.2214545231 0 0.04974922227 0.2364211874 -0.004696157408 0 0.1868870062 -0.0394172117 -0.004595412226 0 1.622473032 0.3697700743 -0.2031696908 1


mesh: pSphereShape15 tranform: pSphere15 -0.006631163507 0.0008962376844 -0.1516129159 0 -0.02601404466 0.3791244391 0.003378927117 0 0.187457259 0.01293497896 -0.008122440701 0 1.63126766 -0.2266948303 -0.0270989631 1


mesh: pSphereShape16 tranform: pSphere16 0.005637270956 0.01252337476 -0.09927056978 0 0.3184634981 0.1691342652 0.03942152065 0 0.03957021881 -0.07288748168 -0.006947972644 0 1.415496044 -0.7711799211 -0.0282938873 1


mesh: pSphereShape17 tranform: pSphere17 0.03310832187 -0.03833818743 -0.100306358 0 0.09692145752 0.03230955976 0.01964199372 0 0.05925233551 -0.2470336487 0.113976501 0 1.043981001 -1.159854675 0.01042862071 1


mesh: pSphereShape18 tranform: pSphere18 0.003681272802 -0.001812240561 -0.1277771364 0 -0.1363420011 0.3311747199 -0.008625020024 0 0.1350329871 0.05567276222 0.003100717673 0 1.719476347 -0.2033468324 -0.3715385097 1


mesh: pSphereShape19 tranform: pSphere19 0.0007584383636 -0.003507072826 -0.08637709803 0 0.1431589087 0.4054465083 -0.01520487783 0 0.09498503649 -0.0334560016 0.002192397453 0 1.770457529 -0.8799877102 -0.3689317691 1


mesh: pSphereShape20 tranform: pSphere20 -0.01891997268 0.005403036864 -0.1137292491 0 0.01271787956 0.080939531 0.001729522859 0 0.2551417933 -0.03914324857 -0.04430494541 0 1.855279813 -1.317256188 -0.3623019782 1


mesh: pSphereShape21 tranform: pSphere21 -0.007272622897 -0.003712102549 -0.2639236545 0 -0.06840912878 0.1285649182 7.679355486e-05 0 0.2336125844 0.1243096655 -0.008185800778 0 1.53747562 0.2102159917 -0.2027284209 1


