mesh: pSphereShape1 tranform: pSphere1 0.1385287613 0.04677450048 -0.01341876366 0 -0.02567520764 0.07979638961 0.01309223089 0 0.02051368292 -0.01790515168 0.1493602996 0 -1.28613925 0.7030025219 0.6339668238 1


mesh: pSphereShape2 tranform: pSphere2 0.2447642886 0.06847666204 -0.05378593694 0 -0.03291603115 0.134870726 0.02191703339 0 0.03170447054 -0.0130153335 0.1277076495 0 -0.9489623191 0.7691521372 0.5662303621 1


mesh: pSphereShape3 tranform: pSphere3 0.2762531844 0.09920102357 0.009040640289 0 -0.04538210754 0.1248997755 0.01623404311 0 0.001632241766 -0.01660185826 0.1322925489 0 -0.5046864841 0.9057792932 0.5075889658 1


mesh: pSphereShape4 tranform: pSphere4 0.1806071836 -0.0004545921476 -0.00701595208 0 0.0004328291421 0.148688614 0.001507903109 0 0.006686334994 -0.00176617419 0.1722364986 0 -0.1337663741 1.042165158 0.5121771905 1


mesh: pSphereShape5 tranform: pSphere5 0.1867876838 -0.0004225459294 -0.0006098922025 0 0.0003138345492 0.1385398913 0.0001327471084 0 0.0005764539375 -0.0001705838815 0.1766649498 0 0.1621953926 1.061740394 0.513565784 1


mesh: pSphereShape6 tranform: pSphere6 0.2454340651 -0.103775985 -0.0012751559 0 0.04144074638 0.09787375552 0.01099901801 0 -0.003746238571 -0.01014239699 0.1043658083 0 0.4702014515 0.9098178255 0.5190931287 1


mesh: pSphereShape7 tranform: pSphere7 0.2225370701 -0.0446267455 0.108119022 0 0.01607673617 0.09885039116 0.007710960302 0 -0.05554698506 0.0001119148722 0.1143763371 0 0.8812009071 0.7564881231 0.6687542578 1


mesh: pSphereShape8 tranform: pSphere8 0.1522418133 -0.1081993148 0.03092565863 0 0.02523082947 0.03604637123 0.001907976759 0 -0.01823171643 0.006759014818 0.1133993744 0 1.187695955 0.656710724 0.8018813568 1


mesh: pSphereShape10 tranform: pSphere10 0.1830612493 0.002038257889 -0.01229100605 0 -0.001151563423 0.1545528826 0.008478719558 0 0.01506477008 -0.01208684606 0.2223690649 0 0.004072774699 1.478208101 0.5643193678 1


mesh: pSphereShape11 tranform: pSphere11 0.04397304827 0.001403708146 -0.001994151139 0 0.0008915838083 0.130245677 0.1113418995 0 0.006320134968 -0.07440701437 0.08698932814 0 -0.02049646372 1.28816403 0.6088447564 1


mesh: pSphereShape12 tranform: pSphere12 0.3164103575 -0.0007378383685 -0.003943575543 0 0.0003985433433 0.1657782398 0.0009599653176 0 0.003247820311 -0.001518422871 0.2608709597 0 -0.02226484094 0.8615299935 0.5144488714 1


mesh: pSphereShape13 tranform: pSphere13 0.2190719444 -0.0002053825446 -0.002472358146 0 0.000187658047 0.2068716544 -0.0005570445214 0 0.002208964781 0.0005249303224 0.1956894469 0 -0.0138500664 0.6379306936 0.5596894141 1


mesh: pSphereShape14 tranform: pSphere14 0.2215440905 -0.0003924970386 -0.002666125906 0 0.0004101798624 0.2416394659 -0.001488995774 0 0.00230106643 0.001173271008 0.1910364259 0 -0.01395264365 0.4434088201 0.5718742857 1


mesh: pSphereShape15 tranform: pSphere15 0.151745833 0.001386729188 -0.001590914729 0 -0.003396169805 0.3799466319 0.007246440158 0 0.002003971064 -0.00356831923 0.1880339407 0 -0.1976977168 -0.158938335 0.568261504 1


mesh: pSphereShape16 tranform: pSphere16 0.1002058486 0.0009961347466 -0.001027321296 0 -0.002957190374 0.3579551269 0.05864160423 0 0.000975647525 -0.01344636572 0.0821273699 0 -0.2285558078 -0.8697703916 0.537673718 1


mesh: pSphereShape17 tranform: pSphere17 0.1103966468 -0.0003392257393 0.02097160853 0 0.0003447306087 0.1040353222 -0.0001318756325 0 -0.05196260318 0.0005189293803 0.273544739 0 -0.2765569029 -1.333042847 0.6699849752 1


mesh: pSphereShape18 tranform: pSphere18 0.1275727833 0.007930207563 -0.002475753214 0 -0.02269923389 0.3564308386 -0.02796478827 0 0.00210742717 0.01155916911 0.145619102 0 0.1811467635 -0.1741781831 0.5792213977 1


mesh: pSphereShape19 tranform: pSphere19 0.0861810301 0.006341929583 -0.002547122523 0 -0.02879076966 0.4222721973 0.07726458097 0 0.00423973837 -0.01783384178 0.09904668855 0 0.2473170367 -0.8930150066 0.5584515013 1


mesh: pSphereShape20 tranform: pSphere20 0.1146522797 0.001026046148 -0.01324017562 0 -0.0006759788892 0.08194656538 0.0004968542136 0 0.03005637559 -0.001329500635 0.2601678371 0 0.2715011791 -1.312202727 0.7108428849 1


mesh: pSphereShape21 tranform: pSphere21 0.2640303986 -0.0004677676091 -0.003177418472 0 -0.0009358373302 0.111124411 -0.09412354903 0 0.002734117932 0.1711209866 0.2020021594 0 -0.01070963836 0.2694835939 0.5226629199 1


