mesh: pSphereShape1 tranform: pSphere1 0.02251728601 0.1411116201 -0.03374340418 0 -0.01280346642 0.02143259589 0.08108515075 0 0.1482661608 -0.01698698193 0.02790148269 0 4.440351016 -0.05837926709 0.03239679136 1


mesh: pSphereShape2 tranform: pSphere2 0.03722138534 0.2548488739 -0.03403170839 0 -0.0265273613 0.02206837378 0.1362469088 0 0.1284604437 -0.0150955625 0.02745641093 0 4.493948818 0.2776538541 -0.06085220422 1


mesh: pSphereShape3 tranform: pSphere3 0.08474596583 0.2798375542 -0.02733976347 0 -0.03124609862 0.02199803433 0.1283074494 0 0.1238160919 -0.03398140741 0.03597837855 0 4.5813938 0.7373661194 -0.1269926632 1


mesh: pSphereShape4 tranform: pSphere4 0.1453058163 -0.005558131348 -0.1073485534 0 0.01190830395 0.1479778142 0.008457176824 0 0.1015815993 -0.0160805558 0.1383323256 0 4.768995278 1.010239359 -0.2201577977 1


mesh: pSphereShape5 tranform: pSphere5 0.1724497382 -0.003296899155 -0.07169663577 0 0.007052088072 0.1379526437 0.01061855664 0 0.06728433757 -0.01595300866 0.1625705549 0 5.031112568 1.02318972 -0.3479135061 1


mesh: pSphereShape6 tranform: pSphere6 0.1749802063 -0.2008587218 0.006831008485 0 0.08058810115 0.07013311228 -0.002119054341 0 -0.0001969586253 0.003394918027 0.1048692529 0 5.264457698 0.777557781 -0.3663426509 1


mesh: pSphereShape7 tranform: pSphere7 0.1891451328 -0.1337366834 0.09768641221 0 0.05922694639 0.08104057328 -0.003730213256 0 -0.03734962241 0.03268462122 0.1170647163 0 5.578861204 0.4680550189 -0.2167144492 1


mesh: pSphereShape8 tranform: pSphere8 0.06184340905 -0.1767764284 0.02768654761 0 0.04162370353 0.01425652459 -0.001948029998 0 -0.0006947727128 0.01756506789 0.1137034897 0 5.806057574 0.2313958673 -0.09470980252 1


mesh: pSphereShape10 tranform: pSphere10 0.1782564783 0.02101427288 -0.03807456613 0 -0.02045994161 0.1530119373 -0.01133781884 0 0.04391275365 0.0220054128 0.2177348664 0 4.852900644 1.449238368 -0.2857468152 1


mesh: pSphereShape11 tranform: pSphere11 0.04186720903 0.00125094138 -0.01360690865 0 0.02603201165 0.1414765273 0.09310465351 0 0.03101459049 -0.06459955134 0.08949013492 0 4.880683856 1.263574694 -0.2142120235 1


mesh: pSphereShape12 tranform: pSphere12 0.2731489344 -0.008918279404 -0.1595046535 0 0.006118336053 0.1656641036 0.001214874965 0 0.1313616969 -0.006503813991 0.2253182561 0 4.854438062 0.8267754305 -0.2829271465 1


mesh: pSphereShape13 tranform: pSphere13 0.1899554213 -0.01040375011 -0.1086617295 0 0.01530068481 0.2061868712 0.007006435008 0 0.0964276607 -0.0129258729 0.1698061917 0 4.872128873 0.6000559506 -0.2516735219 1


mesh: pSphereShape14 tranform: pSphere14 0.1920933708 -0.004172979246 -0.1103257426 0 0.01016710566 0.2412780431 0.008576287905 0 0.09486307832 -0.0098817075 0.1655443618 0 4.867114705 0.4057971357 -0.248741265 1


mesh: pSphereShape15 tranform: pSphere15 0.1434568362 -0.01323933035 -0.04770857501 0 0.0002708058967 0.3664013444 -0.1008636179 0 0.06135999387 0.04714430532 0.1714230944 0 4.705694236 -0.1740527575 -0.04908916228 1


mesh: pSphereShape16 tranform: pSphere16 0.0957926928 -0.0005485074633 -0.02944009016 0 0.04459384648 0.3321055671 0.1389126946 0 0.02220997836 -0.0334709548 0.07289083325 0 4.640850901 -0.8366808141 -0.02456480816 1


mesh: pSphereShape17 tranform: pSphere17 0.1044788951 -0.03879583628 0.01436616242 0 0.03391693536 0.09710986259 0.01558205958 0 -0.04762485338 -0.02716902038 0.272985024 0 4.525193792 -1.286186258 0.01052937538 1


mesh: pSphereShape18 tranform: pSphere18 0.08696910176 0.008992892134 -0.09327023004 0 -0.1034515626 0.3369650209 -0.06397324617 0 0.09841778884 0.04852593823 0.09644765771 0 5.119573485 -0.1809590579 -0.287771868 1


mesh: pSphereShape19 tranform: pSphere19 0.05780219836 0.004825376012 -0.06410537781 0 0.05738469371 0.4182029479 0.08322153467 0 0.07368870072 -0.02298908072 0.06471279133 0 5.209366331 -0.8726819801 -0.2884047384 1


mesh: pSphereShape20 tranform: pSphere20 0.03016868153 0.01704823455 -0.1100940899 0 -0.001528842514 0.08103386205 0.01212927166 0 0.2527493262 -0.005471567473 0.06841269474 0 5.359266012 -1.296455036 -0.2743717092 1


mesh: pSphereShape21 tranform: pSphere21 0.2289318083 -0.004973246503 -0.1314833075 0 -0.04169744314 0.1163642946 -0.07700277375 0 0.10797567 0.1591167808 0.1819830887 0 4.838458649 0.2349676927 -0.3004944465 1


