mesh: pSphereShape1 tranform: pSphere1 -0.01451678315 0.1390496527 0.0448619207 0 -0.05390338258 0.01495261768 -0.06378817416 0 -0.1162767245 -0.04075808504 0.08870403923 0 3.55157293 -0.04890055221 -0.4315590087 1


mesh: pSphereShape2 tranform: pSphere2 -0.05153772316 0.2472375612 0.06090146649 0 -0.093111069 0.006475335722 -0.1050825059 0 -0.09551117343 -0.04014706662 0.08215622243 0 3.520644397 0.2835708746 -0.3172975135 1


mesh: pSphereShape3 tranform: pSphere3 -0.08481658014 0.2640360491 0.09658939202 0 -0.08469607212 0.01052527495 -0.1031446931 0 -0.09581462598 -0.05741685307 0.07281803918 0 3.42421611 0.7280713009 -0.1870347584 1


mesh: pSphereShape4 tranform: pSphere4 -0.01536721738 -0.005352113839 0.1800099678 0 -0.02083809153 0.1472066236 0.002597873501 0 -0.1700438767 -0.02380218664 -0.01522411933 0 3.326540649 0.9890498111 0.02708790591 1


mesh: pSphereShape5 tranform: pSphere5 -0.05119359669 -0.005910711633 0.1795396014 0 -0.01879428726 0.1372570082 -0.0008402634593 0 -0.1682024581 -0.02332988715 -0.04872899889 0 3.257233228 0.9991429523 0.3120315635 1


mesh: pSphereShape6 tranform: pSphere6 -0.1217260367 -0.2255335735 0.07298178264 0 -0.04928279316 0.05220840229 0.07913959126 0 -0.07981214905 0.02224463378 -0.06437640556 0 3.12186809 0.7301221894 0.4495423598 1


mesh: pSphereShape7 tranform: pSphere7 -0.2175721866 -0.1224181801 0.02966731662 0 -0.02924570007 0.06834762757 0.06754710224 0 -0.05184591482 0.0696304867 -0.09290329917 0 2.783264171 0.4236927104 0.494619327 1


mesh: pSphereShape8 tranform: pSphere8 -0.09338387039 -0.1637393933 -0.0176045915 0 -0.02757832115 0.01228092855 0.0320654176 0 -0.06946837331 0.04802038525 -0.07813888656 0 2.504504019 0.2130045605 0.5048717236 1


mesh: pSphereShape10 tranform: pSphere10 0.007096802632 -0.001847023809 0.1833381254 0 0.002029251143 0.1547691769 0.001480658532 0 -0.2230200583 0.002841257163 0.008661467455 0 3.279027829 1.425777342 0.1715695143 1


mesh: pSphereShape11 tranform: pSphere11 -0.001123742908 0.0006670405182 0.0440212252 0 -0.1091679876 0.1319893455 -0.00478675894 0 -0.08831827791 -0.07308937833 -0.00114702536 0 3.219180774 1.234312202 0.1376181975 1


mesh: pSphereShape12 tranform: pSphere12 -0.04283545853 -0.01047858802 0.3133479427 0 -0.01382364141 0.1651641907 0.003633486408 0 -0.2575770751 -0.02076835983 -0.03590594885 0 3.326607233 0.8058771011 0.1336587022 1


mesh: pSphereShape13 tranform: pSphere13 -0.02946478268 -0.0161901146 0.2164910583 0 -0.03368429922 0.2038332166 0.01065902027 0 -0.191288685 -0.03013199716 -0.02828809683 0 3.307487348 0.5764552208 0.1273155279 1


mesh: pSphereShape14 tranform: pSphere14 -0.02810425068 -0.007307426621 0.2196492635 0 -0.03243080788 0.2394278566 0.003815892327 0 -0.1877679568 -0.02503723363 -0.02485797306 0 3.324658077 0.3834462878 0.1204623362 1


mesh: pSphereShape15 tranform: pSphere15 0.01517122586 -0.005289306052 0.1509076174 0 0.1560486001 0.3464964168 -0.003543379523 0 -0.1704573053 0.07697021801 0.01983442167 0 3.193322673 -0.1744378401 -0.04098186467 1


mesh: pSphereShape16 tranform: pSphere16 0.01010376271 0.001129677164 0.09969903496 0 -0.001125398567 0.3627150706 -0.003995827767 0 -0.08280210082 -0.0001644469834 0.008393246243 0 3.00050604 -0.84020383 -0.0680265831 1


mesh: pSphereShape17 tranform: pSphere17 -0.005390958355 -0.0004204177983 0.1122412753 0 -0.001627492547 0.10402278 0.0003114654882 0 -0.2780821836 -0.004310706001 -0.01337245826 0 2.799565623 -1.311478812 -0.08702438123 1


mesh: pSphereShape18 tranform: pSphere18 -0.002082444553 -0.01808139676 0.1265407409 0 -0.03988330699 0.3525305621 0.04971671689 0 -0.1451646849 -0.01576844408 -0.004642085205 0 3.379551123 -0.2158052043 0.2538284025 1


mesh: pSphereShape19 tranform: pSphere19 -0.0003979732382 -0.01168993184 0.08565666911 0 -0.1963885732 0.3794159985 0.0508680738 0 -0.08962177633 -0.04550055456 -0.006626050908 0 3.566266317 -0.9027329172 0.1778010342 1


mesh: pSphereShape20 tranform: pSphere20 0.01854371074 0.003172056949 0.1138752349 0 -0.01124150437 0.0811750366 -0.0004305820636 0 -0.2559906131 -0.03522447218 0.04266730969 0 3.530440812 -1.316642545 0.1356973355 1


mesh: pSphereShape21 tranform: pSphere21 -0.03349390403 -0.008708798139 0.2617721937 0 0.07684546515 0.1229215584 0.01392185176 0 -0.2223739844 0.1417075727 -0.02373846573 0 3.396804816 0.2178725345 0.1283642497 1


