mesh: pSphereShape1 tranform: pSphere1 0.03712338179 0.1328623907 0.05027498872 0 -0.06927111769 0.03304019293 -0.03616551529 0 -0.07880704046 -0.02608182372 0.1271184234 0 1.681999015 -0.05530299751 -0.4084334164 1


mesh: pSphereShape2 tranform: pSphere2 0.04334263477 0.2427850356 0.08166014771 0 -0.1222360139 0.04071345417 -0.0561667673 0 -0.06142159793 -0.02733151772 0.1138604037 0 1.783313687 0.2591680576 -0.2846770849 1


mesh: pSphereShape3 tranform: pSphere3 0.0106921419 0.2626384134 0.1309394517 0 -0.1140151356 0.03497020805 -0.06083310908 0 -0.06971808973 -0.04842748148 0.1028288452 0 1.847094865 0.6940970053 -0.1152877158 1


mesh: pSphereShape4 tranform: pSphere4 0.08076554664 -0.001824652032 0.1616848234 0 -0.01912322046 0.1470352406 0.01121184702 0 -0.1526066746 -0.02563858155 0.07594145046 0 1.904133359 0.9571309054 0.1212553877 1


mesh: pSphereShape5 tranform: pSphere5 0.06564930587 -0.002151932333 0.1748591638 0 -0.01646049309 0.1373336516 0.007870063205 0 -0.1640577048 -0.02317694556 0.06130876413 0 2.010352258 0.9732372405 0.3963170589 1


mesh: pSphereShape6 tranform: pSphere6 0.05754593926 -0.2486173757 0.07672565912 0 -0.008802494648 0.02953687899 0.102311655 0 -0.1020832846 -0.02418437704 -0.001800934102 0 2.090297521 0.6783556554 0.5370202547 1


mesh: pSphereShape7 tranform: pSphere7 -0.008461212674 -0.2267944734 0.1081512442 0 -0.01398630404 0.04323853805 0.08957752125 0 -0.1258397849 -0.003800077894 -0.01781388519 0 2.083297457 0.2317017189 0.6866897903 1


mesh: pSphereShape8 tranform: pSphere8 0.06696314503 -0.1768631563 -0.008741794437 0 -0.01087685161 -0.006205088024 0.04222282547 0 -0.1037975326 -0.03770387012 -0.03227984337 0 2.092312591 -0.1059284696 0.7777689818 1


mesh: pSphereShape10 tranform: pSphere10 0.1373057239 -0.003688208686 0.1216559888 0 0.0009508167768 0.1547443467 0.003618209525 0 -0.1480542369 -0.002995270395 0.1670090161 0 1.945431121 1.394968948 0.2749342892 1


mesh: pSphereShape11 tranform: pSphere11 0.02687434686 0.002011003805 0.03483247557 0 -0.09063370837 0.1313803435 0.0623416886 0 -0.06761796216 -0.07341297927 0.05640777227 0 1.872943884 1.204196755 0.2759528563 1


mesh: pSphereShape12 tranform: pSphere12 0.09677567265 -0.003911948539 0.3012486952 0 -0.01165387719 0.1652664556 0.005889903266 0 -0.2477170602 -0.02029463816 0.07931517688 0 1.961314296 0.7761602054 0.2155394181 1


mesh: pSphereShape13 tranform: pSphere13 0.06521154295 0.01099163093 0.2088667285 0 -0.02005290182 0.2058475303 -0.004571907732 0 -0.1858666721 -0.01679793894 0.0589145495 0 1.938763913 0.549606887 0.2351162383 1


mesh: pSphereShape14 tranform: pSphere14 0.05953864938 0.008517125422 0.213240836 0 -0.01593425125 0.2410628349 -0.005179395378 0 -0.1835946468 -0.01102476285 0.05170152583 0 1.942775235 0.3559520325 0.2412533854 1


mesh: pSphereShape15 tranform: pSphere15 0.03799245201 0.01111625932 0.1465068402 0 -0.06451658172 0.3743325553 -0.01167204631 0 -0.1792681641 -0.02937799289 0.04871725101 0 1.973724505 -0.2330180874 0.06040932572 1


mesh: pSphereShape16 tranform: pSphere16 0.02197707089 0.01192193275 0.09704707949 0 -0.2193953456 0.2885175063 0.01424031267 0 -0.06371533112 -0.04946267326 0.02050517155 0 2.194849534 -0.8840310348 0.03161330269 1


mesh: pSphereShape17 tranform: pSphere17 0.01136541938 0.005337272463 0.1116677385 0 -0.03289917009 0.09868767141 -0.001368435753 0 -0.2626428631 -0.08712793695 0.03089586904 0 2.26809883 -1.331638667 0.02543278107 1


mesh: pSphereShape18 tranform: pSphere18 0.03707459403 0.002402199419 0.1223255349 0 0.1581385404 0.3168597007 -0.05415126431 0 -0.124053317 0.06810956078 0.03626073346 0 1.837269704 -0.226375464 0.4486291849 1


mesh: pSphereShape19 tranform: pSphere19 0.02620006709 0.002101130162 0.08235908929 0 0.08459653899 0.4201664692 -0.03763105524 0 -0.09392611602 0.02153802109 0.02933029464 0 1.595193061 -0.8973452767 0.5576415822 1


mesh: pSphereShape20 tranform: pSphere20 0.0711297657 -0.0003275716019 0.09089526611 0 0.01571532163 0.07952797755 -0.01201136303 0 -0.2000473718 0.06320895088 0.1567741507 0 1.321746135 -1.254891832 0.7000989869 1


mesh: pSphereShape21 tranform: pSphere21 0.07095659057 0.01015048523 0.254134799 0 0.08242987492 0.1168238787 -0.0276812226 0 -0.2063410792 0.1577505567 0.05131140964 0 2.003611322 0.1858150629 0.2353676318 1


