mesh: pSphereShape1 tranform: pSphere1 0.08922336808 0.1160019809 0.01186869177 0 -0.04522399896 0.04082525656 -0.05904383911 0 -0.08938120976 0.05766398403 0.1083317544 0 -3.908496251 0.1902984427 -0.1449833101 1


mesh: pSphereShape2 tranform: pSphere2 0.1293084372 0.2242825695 0.02163779735 0 -0.1114574183 0.06913339326 -0.05051486942 0 -0.04644520959 0.0149209372 0.1228984305 0 -3.693083424 0.4674402316 -0.1077088225 1


mesh: pSphereShape3 tranform: pSphere3 0.0629862687 0.2758206657 0.07870253151 0 -0.1130371127 0.04233638733 -0.05790747131 0 -0.06547169157 -0.01780228869 0.1147873709 0 -3.514273837 0.8890545319 -0.03640272892 1


mesh: pSphereShape4 tranform: pSphere4 0.03715660443 0.009267172095 0.1766405708 0 -0.02619008233 0.1463562062 -0.002169227709 0 -0.1659389919 -0.02915434918 0.03643504899 0 -3.454787965 1.168904529 0.1616728936 1


mesh: pSphereShape5 tranform: pSphere5 0.02027591632 0.009157426152 0.1854594783 0 -0.02545088341 0.1361255106 -0.003938970038 0 -0.1725971883 -0.03167857648 0.02043389967 0 -3.422597258 1.202282771 0.4533110566 1


mesh: pSphereShape6 tranform: pSphere6 0.03504707888 -0.2345076281 0.1216011349 0 -0.04191782409 0.04023529178 0.08967498646 0 -0.09552197126 -0.03036443596 -0.0310270607 0 -3.378713485 0.9257978579 0.6432971323 1


mesh: pSphereShape7 tranform: pSphere7 -0.03728015552 -0.2134187769 0.1275407095 0 -0.04306802787 0.05197567074 0.07438410323 0 -0.1133121435 -0.01369513267 -0.05603773749 0 -3.423342779 0.4990239087 0.8379569638 1


mesh: pSphereShape8 tranform: pSphere8 0.07527493546 -0.1671627517 0.04723723473 0 -0.02932308371 -0.00398763011 0.03261643109 0 -0.07263831485 -0.05299427372 -0.0717828674 0 -3.434620775 0.1741354205 0.9670717557 1


mesh: pSphereShape10 tranform: pSphere10 0.007295978635 -0.004413995913 0.1832864688 0 0.01405447192 0.1541179564 0.003152087039 0 -0.2221070343 0.02006388867 0.009324475017 0 -3.440279304 1.616630758 0.3072725459 1


mesh: pSphereShape11 tranform: pSphere11 0.002895140851 -0.0003846139168 0.04394367123 0 -0.1019612428 0.1374878713 0.007920865467 0 -0.09183128393 -0.0684162963 0.005451311534 0 -3.51736739 1.428309304 0.2813123505 1


mesh: pSphereShape12 tranform: pSphere12 0.03529566132 0.01494448719 0.3141058566 0 -0.0165883422 0.1648410941 -0.005978777763 0 -0.257949922 -0.02486389125 0.03016846388 0 -3.418572207 0.9952210669 0.2774266257 1


mesh: pSphereShape13 tranform: pSphere13 0.0266267042 0.0155971163 0.2169018675 0 -0.03293510659 0.2039574784 -0.01062321498 0 -0.1917369329 -0.02962481335 0.0256677562 0 -3.434034807 0.7671300581 0.3012849255 1


mesh: pSphereShape14 tranform: pSphere14 0.02783845445 0.01977057329 0.2189136616 0 -0.03704760292 0.2381957723 -0.01680077407 0 -0.1872627733 -0.0272724 0.02627655638 0 -3.414758517 0.5739304907 0.315152327 1


mesh: pSphereShape15 tranform: pSphere15 0.02708506884 0.01935078496 0.148064844 0 -7.4912018e-05 0.3768281453 -0.04923445171 0 -0.1850588517 0.004312538676 0.03328866324 0 -3.428202213 -0.02805687177 0.1936408691 1


mesh: pSphereShape16 tranform: pSphere16 0.0159709211 0.01718846178 0.09743072526 0 -0.1537971174 0.3269129631 -0.03246254544 0 -0.074199485 -0.03311938731 0.01800566955 0 -3.329713909 -0.7118293391 0.2420718165 1


mesh: pSphereShape17 tranform: pSphere17 0.003886237278 0.01409652731 0.1114160138 0 -0.05768084541 0.08612471574 -0.008884700881 0 -0.231523156 -0.1522393262 0.02733718103 0 -3.294050767 -1.241692167 0.2901238729 1


mesh: pSphereShape18 tranform: pSphere18 0.01463372996 0.007454176448 0.1267837599 0 0.1652952992 0.3155968327 -0.03763416743 0 -0.1285285704 0.06860548578 0.01080150167 0 -3.543486844 0.01670773555 0.5359601331 1


mesh: pSphereShape19 tranform: pSphere19 0.01171024957 0.001846302094 0.08563491739 0 -0.1538672527 0.4016018963 0.01238216302 0 -0.09307222577 -0.03607550101 0.01350506663 0 -3.615757053 -0.6374621015 0.5878315914 1


mesh: pSphereShape20 tranform: pSphere20 0.04600753068 0.02226453746 0.1034847707 0 -0.02295646722 0.07838752111 -0.006658868986 0 -0.2287163174 -0.05729658631 0.1140105438 0 -3.673626084 -1.088504901 0.6438288275 1


mesh: pSphereShape21 tranform: pSphere21 0.03317713511 0.02356204733 0.2608955228 0 0.0744642603 0.1234452375 -0.02061795963 0 -0.2250826682 0.1384656951 0.01611780375 0 -3.338381511 0.4103360063 0.3244074663 1


