mesh: pSphereShape1 tranform: pSphere1 -0.03162898998 0.1374913919 0.04066766498 0 0.05830092829 0.02943037651 -0.05415663662 0 -0.105337193 0.008020005229 -0.1090397176 0 -7.568886246 0.003209977406 0.1832557097 1


mesh: pSphereShape2 tranform: pSphere2 -0.04411569633 0.2525309219 0.04211265857 0 0.0842739726 0.03267098428 -0.1076310295 0 -0.1034104455 -0.00434274521 -0.08228752292 0 -7.65140836 0.3315144458 0.2831389343 1


mesh: pSphereShape3 tranform: pSphere3 -0.08216376932 0.2819220866 0.002729513271 0 0.08620951439 0.02608398857 -0.09904836665 0 -0.09494831446 -0.02680341773 -0.08969949151 0 -7.750196886 0.7885007026 0.3411285045 1


mesh: pSphereShape4 tranform: pSphere4 -0.180485674 -0.007153052269 0.006491556707 0 -0.006623264433 0.146863061 -0.02231902146 0 -0.005090694242 -0.02611187131 -0.1703099906 0 -7.954858325 1.060085501 0.3304706507 1


mesh: pSphereShape5 tranform: pSphere5 -0.1862801308 -0.007571001138 -0.01151443117 0 -0.00449841347 0.1373522287 -0.01753702176 0 0.01170343459 -0.02194857564 -0.1749061335 0 -8.249743975 1.067680181 0.314731969 1


mesh: pSphereShape6 tranform: pSphere6 -0.09357124294 -0.2377042806 -0.07582914252 0 -0.07947483935 0.0481217732 -0.05277907474 0 0.05967734003 0.004008886475 -0.08620712486 0 -8.407273995 0.7844992072 0.2373894517 1


mesh: pSphereShape7 tranform: pSphere7 -0.06300439376 -0.1712196307 -0.1729690762 0 -0.06565991702 0.06461221827 -0.0400419372 0 0.0907942192 0.04448259808 -0.07710470016 0 -8.503790708 0.4125242758 -0.02342630442 1


mesh: pSphereShape8 tranform: pSphere8 0.007431001394 -0.1867219733 -0.03034374238 0 -0.04119196031 0.0008887474053 -0.01555662376 0 0.04045603539 0.018843304 -0.1060459192 0 -8.571785079 0.1280240308 -0.215794368 1


mesh: pSphereShape10 tranform: pSphere10 -0.1734600036 0.01549782828 -0.05777619556 0 0.01189356748 0.1542280475 0.005662220126 0 0.07071850885 0.002318420399 -0.2116944912 0 -8.059888809 1.496473757 0.2988456249 1


mesh: pSphereShape11 tranform: pSphere11 -0.04301288843 0.0009784812952 -0.009407976015 0 0.02602351507 0.1327535721 -0.1051713633 0 0.01741039324 -0.07244319348 -0.08713410945 0 -8.046644968 1.305032519 0.2414347465 1


mesh: pSphereShape12 tranform: pSphere12 -0.3161392135 -0.01368148234 0.000652100634 0 -0.007174750575 0.1652705701 -0.0108474319 0 0.0002020947425 -0.01707821588 -0.2603359469 0 -8.058767769 0.875991226 0.3419606659 1


mesh: pSphereShape13 tranform: pSphere13 -0.2184109636 -0.01704168789 -0.002214361869 0 -0.01594349375 0.2059039885 -0.01206563165 0 0.002856614193 -0.01122654741 -0.1953594612 0 -8.053231976 0.6499622527 0.3101352842 1


mesh: pSphereShape14 tranform: pSphere14 -0.221500133 -0.005105072407 0.0008219677822 0 -0.005612296014 0.241125883 -0.01479282058 0 -0.000437782185 -0.01170908162 -0.1906942402 0 -8.045061319 0.4551393631 0.3106125063 1


mesh: pSphereShape15 tranform: pSphere15 -0.1492645681 0.02144412587 -0.01707307916 0 0.04801071733 0.3737039386 0.04963693458 0 0.02427775154 0.02148837805 -0.1852629268 0 -7.915182979 -0.1505018995 0.26445832 1


mesh: pSphereShape16 tranform: pSphere16 -0.09829786123 0.01572239457 -0.01155839735 0 0.06125749049 0.3555799166 -0.03728134054 0 0.008067512142 -0.01001109795 -0.08222745704 0 -7.978448479 -0.8538602485 0.2213263266 1


mesh: pSphereShape17 tranform: pSphere17 -0.09975795783 -0.009465680893 -0.05085365069 0 -0.009243691664 0.1036180824 -0.00115397614 0 0.1257605059 0.008454018456 -0.2482739019 0 -7.938826022 -1.309583599 0.08594806786 1


mesh: pSphereShape18 tranform: pSphere18 -0.1149671145 0.01225164605 0.05455540613 0 0.04661392864 0.354714576 0.01857252118 0 -0.0610027082 0.01492294481 -0.131905094 0 -8.282138454 -0.1402891158 0.33543331 1


mesh: pSphereShape19 tranform: pSphere19 -0.07702984406 0.007198618012 0.03858057639 0 -0.06516872642 0.3752501001 -0.2001322864 0 -0.04310740417 -0.04855705861 -0.07700799681 0 -8.304646768 -0.8203564673 0.468390682 1


mesh: pSphereShape20 tranform: pSphere20 -0.03465607424 0.01204236855 0.1094323451 0 -0.03129688885 0.07356761286 -0.01800706737 0 -0.228919911 -0.1121114845 -0.06015933964 0 -8.409466614 -1.286855257 0.5647098322 1


mesh: pSphereShape21 tranform: pSphere21 -0.2639780112 -0.006084090526 0.0009795995038 0 -0.002380175612 0.1171877207 0.0864298899 0 -0.004410786735 0.1570675307 -0.2130846677 0 -8.0450559 0.2848823037 0.3713973203 1


