mesh: pSphereShape1 tranform: pSphere1 -0.01571935155 0.1387481396 0.04538711891 0 -0.0649854283 0.0101669864 -0.05358743405 0 -0.0962411861 -0.04621392547 0.107943559 0 -5.547455537 0.04009693813 -0.1612887592 1


mesh: pSphereShape2 tranform: pSphere2 -0.04908961173 0.2468114601 0.06454339919 0 -0.1038141239 0.00410519116 -0.09465574076 0 -0.08556118476 -0.04109156522 0.09205749846 0 -5.574478552 0.3725469057 -0.04624076581 1


mesh: pSphereShape3 tranform: pSphere3 -0.07200170493 0.2647528734 0.1046903466 0 -0.09580286946 0.01068148825 -0.09290182872 0 -0.08721259831 -0.05670327151 0.08341646177 0 -5.658511269 0.8176993383 0.09194722055 1


mesh: pSphereShape4 tranform: pSphere4 -0.0196938613 -0.002242436353 0.1796538569 0 -0.01146516044 0.1482530361 0.0005936678446 0 -0.1708327456 -0.01313571717 -0.01889084078 0 -5.747845034 1.082996158 0.3109201208 1


mesh: pSphereShape5 tranform: pSphere5 -0.03655313593 -0.001281833142 0.1831731817 0 -0.0113597364 0.1380676723 -0.001300704985 0 -0.1726435468 -0.01453004281 -0.03455357419 0 -5.804613184 1.09996543 0.6004631214 1


mesh: pSphereShape6 tranform: pSphere6 -0.1047718851 -0.2268642749 0.09254412059 0 -0.04502225075 0.05369845747 0.08066634043 0 -0.08574821373 0.01579012307 -0.05836985795 0 -5.921396386 0.8304710681 0.7586794877 1


mesh: pSphereShape7 tranform: pSphere7 -0.249117746 0.02336978618 -0.02445850812 0 -0.0003337977955 0.07090341758 0.07114713025 0 0.01710401248 0.08928514566 -0.08889905556 0 -6.269521131 0.6604025228 0.7721556476 1


mesh: pSphereShape8 tranform: pSphere8 -0.1713766135 -0.03447404824 -0.07268186939 0 -0.01778442562 0.02861839083 0.0283597941 0 0.01521188638 0.08490488915 -0.07613971496 0 -6.604220884 0.681660275 0.6966205564 1


mesh: pSphereShape10 tranform: pSphere10 -0.01998631609 0.003757387967 0.1823542528 0 0.01038317653 0.1544273947 -0.002043945676 0 -0.221372401 0.01455922881 -0.02456275838 0 -5.777320107 1.523495573 0.442807227 1


mesh: pSphereShape11 tranform: pSphere11 -0.005135226537 0.0009337379244 0.04373023658 0 -0.1012425626 0.1374479951 -0.01482369981 0 -0.09152298792 -0.06841631024 -0.009286672209 0 -5.843671725 1.334771447 0.4124959157 1


mesh: pSphereShape12 tranform: pSphere12 -0.03899220324 -0.004805379531 0.313987463 0 -0.001669948178 0.16575672 0.002329421002 0 -0.2588939694 -0.002155994986 -0.03218347175 0 -5.763176535 0.9015436518 0.4191468518 1


mesh: pSphereShape13 tranform: pSphere13 -0.02790784212 -0.01077904593 0.2170337211 0 -0.01078303923 0.2064010061 0.008864403925 0 -0.1938401226 -0.009037058378 -0.02537426155 0 -5.80303049 0.6755945647 0.4153472833 1


mesh: pSphereShape14 tranform: pSphere14 -0.02354205435 -0.0014286074 0.2203015594 0 -0.005777280837 0.2415734649 0.0009491743078 0 -0.1899173782 -0.004462058631 -0.02032404937 0 -5.807399498 0.4817866167 0.411153309 1


mesh: pSphereShape15 tranform: pSphere15 -0.001995060395 0.0004426327649 0.1517467484 0 0.178109489 0.3357061836 0.001362432034 0 -0.1661250003 0.08814781002 -0.002441215521 0 -5.992136372 -0.06728026167 0.2382925954 1


mesh: pSphereShape16 tranform: pSphere16 -0.000918212788 0.003242982404 0.1001593716 0 0.06006856091 0.35756068 -0.01102649962 0 -0.08207395424 0.01375111609 -0.001197651103 0 -6.255934035 -0.717150314 0.2086562759 1


mesh: pSphereShape17 tranform: pSphere17 -0.02323452226 0.00386199143 0.1098753159 0 0.01680650746 0.1026694833 -5.476655976e-05 0 -0.2686809665 0.04395066871 -0.05836079694 0 -6.527856844 -1.147137972 0.165336165 1


mesh: pSphereShape18 tranform: pSphere18 0.001043297248 -0.0161988384 0.1268082874 0 0.03592959436 0.3536036668 0.0448746965 0 -0.1453508669 0.01438412214 0.00303332091 0 -5.85058213 -0.1192551222 0.5501727605 1


mesh: pSphereShape19 tranform: pSphere19 0.002135937583 -0.01136683154 0.08567444639 0 -0.1628542755 0.3942259847 0.05636391162 0 -0.0932008275 -0.03811044254 -0.00273271483 0 -5.773887904 -0.8168095425 0.4758138847 1


mesh: pSphereShape20 tranform: pSphere20 0.0187745566 0.005360861031 0.1137553404 0 -0.02561760465 0.07784194596 0.0005596160452 0 -0.2451017504 -0.08098067369 0.0442687157 0 -5.828252171 -1.275205892 0.4306745954 1


mesh: pSphereShape21 tranform: pSphere21 -0.02805679889 -0.001702576586 0.2625495828 0 0.09021737793 0.1138501222 0.01037918001 0 -0.2059209796 0.1650849043 -0.02093476501 0 -5.753751892 0.3093711942 0.419934901 1


