mesh: pSphereShape1 tranform: pSphere1 -0.02801346794 0.1415262516 0.02727087356 0 -0.06543186916 -0.00255646008 -0.05394646978 0 -0.09220119215 -0.04016580807 0.1137345715 0 4.538218408 -0.07961436221 -0.5110021488 1


mesh: pSphereShape2 tranform: pSphere2 -0.07042859544 0.2485155662 0.02777343206 0 -0.09060734325 -0.01376920045 -0.1065582125 0 -0.09451261904 -0.03629003128 0.08505418605 0 4.480075809 0.2610698631 -0.439873064 1


mesh: pSphereShape3 tranform: pSphere3 -0.09286558957 0.2710963603 0.06419613576 0 -0.08392192786 -0.004066390762 -0.1042286345 0 -0.09494776535 -0.05110031506 0.07844287128 0 4.360239461 0.7137630962 -0.3661385807 1


mesh: pSphereShape4 tranform: pSphere4 -0.01225474848 0.01267991182 0.1798816999 0 -0.02560364206 0.1459807827 -0.01203451851 0 -0.1693980437 -0.03048504442 -0.00939163208 0 4.257095333 0.9930266265 -0.1831819305 1


mesh: pSphereShape5 tranform: pSphere5 -0.03452505206 0.01184827691 0.1831879593 0 -0.02319185513 0.1359495026 -0.01316389662 0 -0.1710846453 -0.03210670313 -0.03016736033 0 4.205576703 1.031183539 0.1048281765 1


mesh: pSphereShape6 tranform: pSphere6 -0.04879417063 -0.2406670138 0.1034769481 0 -0.05876963558 0.04503935444 0.07704006985 0 -0.08549671946 -0.008557197982 -0.06021801878 0 4.147361159 0.7520530525 0.2779129652 1


mesh: pSphereShape7 tranform: pSphere7 -0.1386973435 -0.1948316127 0.07750939597 0 -0.04990189208 0.06049432439 0.06276589895 0 -0.08518388532 0.02435829726 -0.09120200433 0 3.942972217 0.348852754 0.3970046185 1


mesh: pSphereShape8 tranform: pSphere8 0.00120713733 -0.188746636 0.01463926325 0 -0.03023220135 0.002284181248 0.03194327045 0 -0.08366036292 -0.00663938661 -0.07870425722 0 3.794399075 0.04051236439 0.4690350343 1


mesh: pSphereShape10 tranform: pSphere10 -0.01047089134 0.003129456531 0.1831589781 0 -0.008739462477 0.1545107539 -0.003139593024 0 -0.2224858964 -0.01283827403 -0.01249979034 0 4.176277932 1.437132262 -0.05691175886 1


mesh: pSphereShape11 tranform: pSphere11 -0.004029969688 0.001473617155 0.04383108265 0 -0.1195272224 0.1218498871 -0.01508635258 0 -0.08147462247 -0.08051390625 -0.004784129726 0 4.131572064 1.23943796 -0.08683276101 1


mesh: pSphereShape12 tranform: pSphere12 -0.04697654191 0.02012397616 0.3122816687 0 -0.01828249865 0.1642299399 -0.01333350105 0 -0.256395366 -0.03150912396 -0.03653906053 0 4.264099051 0.8218188947 -0.05852912829 1


mesh: pSphereShape13 tranform: pSphere13 -0.03193253833 0.01945464329 0.2158714928 0 -0.03375068779 0.2027702866 -0.02326647516 0 -0.1909619268 -0.0346679568 -0.02512349473 0 4.248270519 0.5937233239 -0.03497130317 1


mesh: pSphereShape14 tranform: pSphere14 -0.03375269684 0.019293945 0.2181227761 0 -0.03355522404 0.2378611588 -0.02623228771 0 -0.1869508535 -0.02927808159 -0.02633932084 0 4.266115988 0.4015632948 -0.01543512605 1


mesh: pSphereShape15 tranform: pSphere15 -0.01898987757 0.01626748616 0.1496863564 0 -0.02122247466 0.3769182339 -0.04365477595 0 -0.1863044038 -0.01306295146 -0.0222157618 0 4.331505681 -0.1991404571 -0.1429975447 1


mesh: pSphereShape16 tranform: pSphere16 -0.01409609024 0.01409726053 0.09821317248 0 -0.1469403441 0.3246627939 -0.06769092346 0 -0.07518639978 -0.03522464094 -0.005735109876 0 4.457741318 -0.8829196989 -0.0786867879 1


mesh: pSphereShape17 tranform: pSphere17 -0.0244527339 0.009345792053 0.1092797467 0 -0.02083374215 0.1010565881 -0.0133043483 0 -0.265983085 -0.0619726649 -0.05421709093 0 4.444387399 -1.354303996 -0.0476896981 1


mesh: pSphereShape18 tranform: pSphere18 -0.01807759902 0.02328505148 0.1243979074 0 0.1691558982 0.3139396452 -0.03418199218 0 -0.1271131724 0.06515160038 -0.0306673915 0 4.086859928 -0.1563659424 0.2031719475 1


mesh: pSphereShape19 tranform: pSphere19 -0.009632105445 0.01140163796 0.08515340891 0 -0.2408955696 0.3487325166 -0.07394247051 0 -0.08270173402 -0.05747991289 -0.001658496913 0 4.071636293 -0.7661416406 0.3143731727 1


mesh: pSphereShape20 tranform: pSphere20 0.02264608641 0.04013381788 0.1058202802 0 -0.03090889531 0.07292322845 -0.02104248875 0 -0.2370535076 -0.07737035529 0.08007446161 0 4.097698161 -1.192117389 0.4241023656 1


mesh: pSphereShape21 tranform: pSphere21 -0.04022557306 0.02299401431 0.2599529664 0 0.07592605944 0.1242715338 0.0007565515638 0 -0.2222959721 0.1360986596 -0.04643700573 0 4.338750107 0.2387276815 0.01441630154 1


