mesh: pSphereShape1 tranform: pSphere1 -0.0923344111 0.1059645575 -0.04247356711 0 0.04398769669 0.05654686608 0.04544910416 0 0.08796739989 0.02837534024 -0.1204428552 0 -5.941432342 0.04796160388 0.8001218698 1


mesh: pSphereShape2 tranform: pSphere2 -0.1219853741 0.2151224681 -0.07958284643 0 0.1069020581 0.07808388942 0.04721006633 0 0.05928127913 -0.00995367203 -0.1177729615 0 -6.153108367 0.3067566022 0.6869947424 1


mesh: pSphereShape3 tranform: pSphere3 0.01107818088 0.2567935875 -0.14203072 0 0.1098152579 0.03337959892 0.06891621929 0 0.07610135876 -0.05548867363 -0.09438853051 0 -6.263119107 0.7065557368 0.5115873601 1


mesh: pSphereShape4 tranform: pSphere4 0.008239878901 -0.02688408827 -0.1785433706 0 0.06768341858 0.1313482458 -0.01665407488 0 0.1532818043 -0.0766258559 0.01861194716 0 -6.213896637 0.9353841006 0.2578345383 1


mesh: pSphereShape5 tranform: pSphere5 0.0364465533 -0.03572366297 -0.1796821026 0 0.06354116676 0.1225729515 -0.01148082228 0 0.1531572868 -0.07508779819 0.04599493381 0 -6.157317709 0.8986122792 -0.02813568223 1


mesh: pSphereShape6 tranform: pSphere6 -0.009123814413 -0.2541129502 -0.07970148019 0 0.07206973862 0.02124186365 -0.075975798 0 0.07738208458 -0.02372101717 0.06677163164 0 -6.169976606 0.5920464179 -0.1667787225 1


mesh: pSphereShape7 tranform: pSphere7 0.1415554649 -0.2068262607 -0.01972219901 0 0.06049253139 0.04755846708 -0.06456133551 0 0.07195779808 0.04000955817 0.09689549581 0 -6.020447671 0.1661906799 -0.2075744481 1


mesh: pSphereShape8 tranform: pSphere8 0.02358622206 -0.1874172978 0.0126295056 0 0.03213065695 0.002018484585 -0.03005199849 0 0.07736989862 0.015380876 0.08375455404 0 -5.855978529 -0.1413059612 -0.2101287886 1


mesh: pSphereShape10 tranform: pSphere10 0.03818226093 -0.03476242113 -0.1760691153 0 -0.002647757776 0.1517257252 -0.03053034558 0 0.2182865889 0.01282507598 0.04480538675 0 -6.149884994 1.348705883 0.04462865167 1


mesh: pSphereShape11 tranform: pSphere11 0.007772812144 -0.008267818532 -0.04255352603 0 0.1155297148 0.1265012065 -0.003475581525 0 0.08221543659 -0.07427577201 0.02944864657 0 -6.091085726 1.160863552 0.1180588771 1


mesh: pSphereShape12 tranform: pSphere12 0.03981800025 -0.0556787243 -0.3089433881 0 0.06264805175 0.1522618028 -0.01936672876 0 0.2393084294 -0.09242169489 0.04749965765 0 -6.272721808 0.7519918077 0.1697032964 1


mesh: pSphereShape13 tranform: pSphere13 0.02914077252 -0.04179200774 -0.2130795979 0 0.1021721402 0.178643094 -0.02106479699 0 0.1681655384 -0.09135502258 0.04091608769 0 -6.328717387 0.5290255072 0.1958541251 1


mesh: pSphereShape14 tranform: pSphere14 0.03488769317 -0.03178443029 -0.2164755071 0 0.1164145199 0.2113976021 -0.01227722403 0 0.1646960842 -0.08840114164 0.03952246834 0 -6.413630672 0.354627724 0.2120807832 1


mesh: pSphereShape15 tranform: pSphere15 0.02986288435 -0.01824383147 -0.1476706559 0 0.04373323457 0.3756326665 -0.03756317397 0 0.1831266379 -0.01740232972 0.03918296933 0 -6.554734983 -0.2060983211 0.4367895535 1


mesh: pSphereShape16 tranform: pSphere16 0.02868183996 -0.002649725923 -0.09598745112 0 0.303772538 0.1787001867 0.08583672872 0 0.03875010749 -0.07239301666 0.01357725431 0 -6.841637249 -0.7549752914 0.4451573468 1


mesh: pSphereShape17 tranform: pSphere17 0.05065334791 -0.0167928498 -0.09889176707 0 0.09094237665 0.02846083747 0.04174864498 0 0.05033638891 -0.264563185 0.07070837801 0 -7.202582487 -1.163857231 0.3891287121 1


mesh: pSphereShape18 tranform: pSphere18 0.02937299445 -0.01573222433 -0.1234242962 0 -0.1039269252 0.3361144994 -0.06757562293 0 0.1357207886 0.04724795742 0.02627692118 0 -6.371984441 -0.2188182005 0.1122128392 1


mesh: pSphereShape19 tranform: pSphere19 0.01789221299 -0.01294151237 -0.08358387299 0 0.1866568422 0.3871335325 -0.0199845899 0 0.08832892549 -0.04128186317 0.02529973326 0 -6.38655921 -0.8895011989 0.1862373002 1


mesh: pSphereShape20 tranform: pSphere20 0.0005760126178 0.01082206562 -0.1149088829 0 0.003628683047 0.08150809418 0.007694584514 0 0.2616414825 -0.01166816936 0.0002126476225 0 -6.339591106 -1.29398652 0.2349064778 1


mesh: pSphereShape21 tranform: pSphere21 0.04157823173 -0.03787984495 -0.2579897947 0 -0.02673947808 0.1409555949 -0.02500547087 0 0.2568923704 0.0546538664 0.03337670985 0 -6.539923342 0.225395975 0.2064614875 1


