mesh: pSphereShape1 tranform: pSphere1 -0.0324118907 0.1402193354 -0.02908852286 0 0.04254144716 0.02420940038 0.06929802882 0 0.1270093346 0.01229262668 -0.08226436039 0 3.671921962 -0.07591291531 0.2508551352 1


mesh: pSphereShape2 tranform: pSphere2 -0.0277466587 0.2554500151 -0.03830078231 0 0.1015852934 0.0251025493 0.09383082839 0 0.09028138881 -0.004661737908 -0.09649536324 0 3.59340595 0.2593370758 0.1732453148 1


mesh: pSphereShape3 tranform: pSphere3 0.02682747859 0.2839141363 -0.07008172161 0 0.09258783851 0.01483764932 0.09555297007 0 0.09553698877 -0.03070132965 -0.0878049915 0 3.572418567 0.7209484755 0.08817973231 1


mesh: pSphereShape4 tranform: pSphere4 0.01982055698 0.003911883314 -0.1796113239 0 0.00581476811 0.148532572 0.003876671121 0 0.1712030475 -0.007191281644 0.01873605867 0 3.622555704 1.005171363 -0.1007706741 1


mesh: pSphereShape5 tranform: pSphere5 0.03461526239 0.005581138918 -0.1834688634 0 0.006121186883 0.1383011112 0.005362022669 0 0.1734303248 -0.008934088815 0.03244950505 0 3.676735671 1.032953773 -0.3901315122 1


mesh: pSphereShape6 tranform: pSphere6 0.0552646024 -0.2456016425 -0.08737630303 0 0.04621467323 0.04135569763 -0.08701434438 0 0.09206639482 0.002840166911 0.05024775475 0 3.748045667 0.746239545 -0.5461193259 1


mesh: pSphereShape7 tranform: pSphere7 0.1308859018 -0.1988182909 -0.08089613597 0 0.03955192441 0.05592903466 -0.07346365458 0 0.09632528933 0.03230466082 0.07645439217 0 3.956495017 0.340527368 -0.6578681854 1


mesh: pSphereShape8 tranform: pSphere8 -0.006453846627 -0.1879302195 -0.02194625913 0 0.03172152141 0.002466607909 -0.03045056542 0 0.0797149956 -0.01231858394 0.08204431637 0 4.098233366 0.0285184887 -0.7287852004 1


mesh: pSphereShape10 tranform: pSphere10 0.0327963871 0.0119266789 -0.1801354925 0 -0.01792879095 0.1535925995 0.006905080342 0 0.2180846947 0.02360162037 0.04126826377 0 3.637231278 1.450745058 -0.2134984631 1


mesh: pSphereShape11 tranform: pSphere11 0.006978841093 0.002923936641 -0.04338573937 0 0.09785607206 0.1384106113 0.02506874034 0 0.09234139363 -0.06715575828 0.01032774217 0 3.713274079 1.261391062 -0.1877465386 1


mesh: pSphereShape12 tranform: pSphere12 0.03483128966 0.005475948147 -0.3144652696 0 -0.005954490265 0.1656595841 0.002225176466 0 0.2591408689 0.008926956078 0.02885881238 0 3.645884776 0.827882638 -0.2141713875 1


mesh: pSphereShape13 tranform: pSphere13 0.01897031194 0.001130217875 -0.218260215 0 0.002076018917 0.2068582861 0.001251614542 0 0.1949577003 -0.002059047681 0.01693428744 0 3.695644179 0.6037882871 -0.2207462494 1


mesh: pSphereShape14 tranform: pSphere14 0.01327128867 0.0002960071316 -0.2211624552 0 -0.001768803651 0.2416378302 0.0002172711326 0 0.1907057086 0.001385686053 0.01144552623 0 3.706940104 0.4098235874 -0.2216781598 1


mesh: pSphereShape15 tranform: pSphere15 -0.01589383363 0.02076434936 -0.1494907345 0 -0.07343971573 0.3681782149 0.05894826683 0 0.183478951 0.0388572995 -0.01411015464 0 3.798965797 -0.1686429295 -0.09477341635 1


mesh: pSphereShape16 tranform: pSphere16 -0.009134755641 0.01914974719 -0.09794438823 0 0.1061759961 0.3421375895 0.056991081 0 0.07921903657 -0.02261685932 -0.01181031094 0 3.816277088 -0.8515723029 -0.1713896501 1


mesh: pSphereShape17 tranform: pSphere17 0.004600163121 0.002632048376 -0.112246398 0 0.02484961283 0.1009678976 0.003385985386 0 0.2701371736 -0.06680327537 0.009504497515 0 3.879636476 -1.345571769 -0.2173921261 1


mesh: pSphereShape18 tranform: pSphere18 0.002074390868 0.01248794048 -0.1272147037 0 -0.169570919 0.3143197221 0.0280899103 0 0.1286682556 0.06862512556 0.008834629215 0 3.897822587 -0.1598469844 -0.4200311152 1


mesh: pSphereShape19 tranform: pSphere19 -0.001807250679 0.003379431057 -0.08636660896 0 0.2867255268 0.3207149984 0.006549398316 0 0.07507135922 -0.06702963372 -0.004193690076 0 3.876450827 -0.7500557951 -0.4746851921 1


mesh: pSphereShape20 tranform: pSphere20 -0.03006814776 0.03001938861 -0.1073137599 0 0.05351459953 0.06202083662 0.002355175239 0 0.1862473693 -0.1570533346 -0.09611776262 0 3.7626562 -1.205885008 -0.5296858367 1


mesh: pSphereShape21 tranform: pSphere21 0.01581637149 0.0003527734852 -0.2635755757 0 -0.094091138 0.1110197634 -0.005497533526 0 0.2014539398 0.1713456085 0.01231797191 0 3.65831475 0.2358565585 -0.2289793723 1


