mesh: pSphereShape1 tranform: pSphere1 0.1364651106 0.04581115334 0.0289265736 0 -0.02468049199 0.08043107141 -0.01094544007 0 -0.03446693732 0.009503313534 0.1475520993 0 -0.4221275443 0.7737912618 0.169079555 1


mesh: pSphereShape2 tranform: pSphere2 0.2555814628 0.04449282598 0.01378555379 0 -0.02378579 0.1384035129 -0.005712966818 0 -0.007829851047 0.004100158012 0.1319306569 0 -0.07843281933 0.8172351922 0.2028624222 1


mesh: pSphereShape3 tranform: pSphere3 0.2766803235 0.06882401362 0.07035376214 0 -0.02915113123 0.1300570165 -0.01258641226 0 -0.03397113097 0.004855149714 0.128848726 0 0.3809631214 0.904439417 0.2559288851 1


mesh: pSphereShape4 tranform: pSphere4 0.177540817 0.003039210349 0.03374028011 0 -0.003978941123 0.1484510068 0.007565160115 0 -0.03197738493 -0.009475455691 0.1691180076 0 0.7493169852 1.016676792 0.34429483 1


mesh: pSphereShape5 tranform: pSphere5 0.1834058285 0.002954435719 0.03526702 0 -0.004198240632 0.1380957607 0.01026417183 0 -0.03304163875 -0.01386253666 0.1729940637 0 1.038102359 1.041006591 0.4088891966 1


mesh: pSphereShape6 tranform: pSphere6 0.2637514346 -0.03557396761 -0.01336543936 0 0.01451064537 0.105750679 0.004880670332 0 0.004568536623 -0.005458253308 0.1046826653 0 1.364228772 0.9568971421 0.4122681724 1


mesh: pSphereShape7 tranform: pSphere7 0.2492352135 0.001291780181 0.03292653242 0 -0.001653532292 0.1000639197 0.008590576191 0 -0.01653390504 -0.01105488911 0.1255860102 0 1.828640151 0.9058790958 0.4827462885 1


mesh: pSphereShape8 tranform: pSphere8 0.1720899055 -0.05087789812 -0.06031220214 0 0.01091425333 0.04241400634 -0.00463758012 0 0.03855587705 0.001929400774 0.1083845913 0 2.174328564 0.8876484891 0.4840023347 1


mesh: pSphereShape10 tranform: pSphere10 0.1832531001 0.005132120211 0.007655517437 0 -0.004943449471 0.1539705539 0.01511420362 0 -0.008653938368 -0.02206456146 0.2219443728 0 0.8676645028 1.451180875 0.4554641481 1


mesh: pSphereShape11 tranform: pSphere11 0.04369258539 0.002631715246 0.004858813243 0 -0.0208093485 0.1162356159 0.1241692495 0 -0.003615496626 -0.08395606565 0.07798588545 0 0.836347812 1.25097057 0.4918360624 1


mesh: pSphereShape12 tranform: pSphere12 0.3101226569 0.00484042379 0.06270660664 0 -0.003217774552 0.1657208697 0.003121609724 0 -0.05160641077 -0.005818058658 0.2556744807 0 0.8615791161 0.838267764 0.3681071324 1


mesh: pSphereShape13 tranform: pSphere13 0.2136624669 0.004378749052 0.04824778095 0 -0.007982178931 0.2060469158 0.01664873054 0 -0.04261144753 -0.01702285497 0.1902472119 0 0.8659697552 0.6110710743 0.4038783001 1


mesh: pSphereShape14 tranform: pSphere14 0.2148774265 0.009064467158 0.05324071114 0 -0.01514759802 0.2403200714 0.02021955498 0 -0.0450043701 -0.018382087 0.1847655083 0 0.872896421 0.4159049514 0.3985896019 1


mesh: pSphereShape15 tranform: pSphere15 0.1504956197 -0.01181965296 0.01557613923 0 0.03505004159 0.3744667616 -0.05449428451 0 -0.01692057751 0.02852497461 0.1851311199 0 0.67126071 -0.1749598955 0.4108330538 1


mesh: pSphereShape16 tranform: pSphere16 0.09950471877 -0.004683961592 0.01096043841 0 0.009382042477 0.356352789 0.06711276055 0 -0.009661778564 -0.01505358346 0.08128161653 0 0.5866305386 -0.8704522469 0.4339458518 1


mesh: pSphereShape17 tranform: pSphere17 0.1081219126 0.003547895045 0.03040407071 0 -0.004811109386 0.1038045167 0.00499600266 0 -0.07474622341 -0.01634929807 0.2677177771 0 0.5109871805 -1.343400739 0.5480287823 1


mesh: pSphereShape18 tranform: pSphere18 0.1030831942 0.01478562594 0.07415573423 0 0.0001803266762 0.3512823635 -0.0702915065 0 -0.08640932596 0.02315584477 0.1154998431 0 1.044741109 -0.1847058091 0.5089952468 1


mesh: pSphereShape19 tranform: pSphere19 0.07112016446 0.008196516131 0.0484625338 0 -0.1577366217 0.3623000279 0.1702068755 0 -0.04377043245 -0.05348320423 0.07328003764 0 1.17537327 -0.8502164934 0.4748417429 1


mesh: pSphereShape20 tranform: pSphere20 0.100652376 0.004277249642 0.05632321551 0 -0.01646103448 0.07673673826 0.023589208 0 -0.1168800021 -0.09141397369 0.2158124354 0 1.203625117 -1.290169269 0.478977211 1


mesh: pSphereShape21 tranform: pSphere21 0.2560852444 0.01080279267 0.06345087404 0 0.01500947954 0.1200789769 -0.08102165032 0 -0.0584831257 0.1494084318 0.2105981585 0 0.899631012 0.2482464079 0.3364757198 1


