mesh: pSphereShape1 tranform: pSphere1 -0.0748967166 0.1241763233 0.02299689981 0 -0.06138338258 -0.02744102362 -0.051741252 0 -0.07061507607 -0.06443468064 0.1179473938 0 3.515018647 -0.01905843953 -0.3206400339 1


mesh: pSphereShape2 tranform: pSphere2 -0.1444347827 0.2151217133 0.01878241716 0 -0.07180135046 -0.03819999116 -0.1146266153 0 -0.08669864479 -0.06483851386 0.0759152699 0 3.348500319 0.2856445986 -0.2584025242 1


mesh: pSphereShape3 tranform: pSphere3 -0.1594078803 0.2392486861 0.05989651105 0 -0.07245736204 -0.02056843711 -0.1106792837 0 -0.08563082542 -0.07455791353 0.06991483151 0 3.105434472 0.688574069 -0.194067076 1


mesh: pSphereShape4 tranform: pSphere4 -0.02229729722 0.006571437746 0.1792429405 0 -0.01921893049 0.1472437718 -0.007789057027 0 -0.1696015119 -0.02320821582 -0.02024706783 0 2.941966659 0.939375466 -0.01417657308 1


mesh: pSphereShape5 tranform: pSphere5 -0.04569556783 0.006496154255 0.1809969734 0 -0.01814428609 0.1370181756 -0.009498527118 0 -0.1697281186 -0.02538319732 -0.04193953882 0 2.873742598 0.968850683 0.2712513174 1


mesh: pSphereShape6 tranform: pSphere6 -0.124487268 -0.2242282118 0.07234355892 0 -0.04546175906 0.05162081314 0.0817686125 0 -0.081324331 0.02539042085 -0.0612438093 0 2.737632366 0.706203286 0.4124883473 1


mesh: pSphereShape7 tranform: pSphere7 -0.2250647992 -0.1081481795 0.02922027263 0 -0.02360485794 0.06804147045 0.07001777752 0 -0.04813900422 0.07587448006 -0.08996180359 0 2.3887892 0.4163543196 0.4575982888 1


mesh: pSphereShape8 tranform: pSphere8 -0.1071515279 -0.1541375623 -0.02451978313 0 -0.02678953563 0.01349358903 0.03224623768 0 -0.06402211257 0.05674447376 -0.07693329371 0 2.095123294 0.2273600477 0.4623868631 1


mesh: pSphereShape10 tranform: pSphere10 0.02748312634 0.005796816814 0.1813221415 0 0.0008267543232 0.1547042601 -0.00507116253 0 -0.220684996 0.002273440627 0.03337670103 0 2.892618137 1.384264532 0.1113655111 1


mesh: pSphereShape11 tranform: pSphere11 0.00253831354 0.003627136905 0.04381754046 0 -0.1087801476 0.1323140053 -0.004651171376 0 -0.08833375919 -0.0722323254 0.01109636244 0 2.831903287 1.192234545 0.08729221592 1


mesh: pSphereShape12 tranform: pSphere12 -0.03299934243 0.01055284881 0.3145334502 0 -0.01241514638 0.1651742272 -0.006844265095 0 -0.2587364166 -0.02054390231 -0.02645612067 0 2.936269719 0.7635745124 0.1040841844 1


mesh: pSphereShape13 tranform: pSphere13 -0.01762592304 -0.005411322283 0.218308763 0 -0.02108648983 0.2057669575 0.003397950981 0 -0.1940456109 -0.01961856708 -0.01615324711 0 2.909646928 0.5361888628 0.1119562312 1


mesh: pSphereShape14 tranform: pSphere14 -0.009910239075 -0.005229191749 0.221276951 0 -0.01929484169 0.2408244716 0.004826986458 0 -0.1902520295 -0.01506505876 -0.008876754532 0 2.915663537 0.3422113295 0.1092070021 1


mesh: pSphereShape15 tranform: pSphere15 0.03046700446 0.005629852737 0.148564189 0 0.1489331126 0.3468915705 -0.04368814791 0 -0.1688639939 0.07649571213 0.03173120315 0 2.772587237 -0.2135666621 -0.02008420819 1


mesh: pSphereShape16 tranform: pSphere16 0.02028378868 0.00555282165 0.09798466131 0 0.05517574583 0.357117271 -0.03165987045 0 -0.08051485162 0.01384785495 0.01588260393 0 2.535556408 -0.877985382 0.02144883304 1


mesh: pSphereShape17 tranform: pSphere17 0.009034122387 0.01062121273 0.1115029934 0 0.002252949531 0.1035255027 -0.0100438542 0 -0.2774701084 0.008144179652 0.02170522765 0 2.267915967 -1.33383927 0.06506914756 1


mesh: pSphereShape18 tranform: pSphere18 0.008561439341 -0.01057650077 0.1271167651 0 -0.05219375018 0.352895346 0.03287726464 0 -0.1442020385 -0.02206151246 0.007876564523 0 3.000190043 -0.2650554651 0.2537002385 1


mesh: pSphereShape19 tranform: pSphere19 0.008402229824 -0.008183175863 0.08565229722 0 -0.3268724284 0.2736397416 0.05820858935 0 -0.06476169008 -0.07714373798 -0.001017347737 0 3.301355734 -0.8709035547 0.1916807092 1


mesh: pSphereShape20 tranform: pSphere20 0.02434050039 0.00241656698 0.1127971654 0 -0.05033531695 0.06397041053 0.009491355711 0 -0.1991602804 -0.1636064553 0.04648190248 0 3.445739512 -1.285690264 0.1441272263 1


mesh: pSphereShape21 tranform: pSphere21 -0.01181076131 -0.006232012682 0.2637120287 0 0.08413253925 0.1186897897 0.006572872775 0 -0.2157795973 0.1532886334 -0.006041531817 0 2.979365932 0.1730509264 0.1122108002 1


