mesh: pSphereShape1 tranform: pSphere1 -3.518975628e-05 0.1207521422 -0.08352876006 0 -0.01322486604 0.0476731559 0.06892357882 0 0.1499661406 0.01349274329 0.01944240981 0 -0.4114522557 0.01706231252 1.171077139 1


mesh: pSphereShape2 tranform: pSphere2 0.00161795222 0.2314799829 -0.1179234369 0 -0.02427863765 0.06297415291 0.1232831619 0 0.1302360374 0.009645576299 0.02072084724 0 -0.4085286757 0.3044330081 0.9662217594 1


mesh: pSphereShape3 tranform: pSphere3 0.05875370061 0.2716370473 -0.09486682943 0 -0.0302655447 0.04878441142 0.120942597 0 0.1271189989 -0.0143621778 0.03760441935 0 -0.3743176144 0.7302140678 0.7723840337 1


mesh: pSphereShape4 tranform: pSphere4 0.1578717818 0.01444016608 -0.08681225206 0 0.001401426757 0.1462415327 0.02687406102 0 0.0839145528 -0.02799146002 0.147946152 0 -0.2024764588 1.011044513 0.6478353563 1


mesh: pSphereShape5 tranform: pSphere5 0.1723842117 0.0141276407 -0.07052859463 0 -0.002342087018 0.1368132992 0.02168071429 0 0.06796576652 -0.0243873353 0.1612351647 0 0.06621489129 1.053230458 0.5331668833 1


mesh: pSphereShape6 tranform: pSphere6 0.08576854975 -0.2522138222 0.006395713827 0 0.1010761121 0.03446495972 0.003656772974 0 -0.004210864286 0.001226419868 0.1048326713 0 0.2183814659 0.7638292497 0.5105873591 1


mesh: pSphereShape7 tranform: pSphere7 0.1178663077 -0.204105285 0.08747904334 0 0.08638211547 0.0511706471 0.003002530688 0 -0.02562512312 0.03626721003 0.1191447401 0 0.3835995573 0.348370914 0.6494535705 1


mesh: pSphereShape8 tranform: pSphere8 -0.0426234177 -0.1837314287 0.01634209882 0 0.0398085574 -0.01061902174 -0.01555927839 0 0.04184334281 -0.0001743445499 0.1071755669 0 0.4848745024 0.02481814612 0.7349998027 1


mesh: pSphereShape10 tranform: pSphere10 0.16485835 0.01155252627 -0.07971767605 0 0.002558267482 0.1523298104 0.02736589927 0 0.09791883831 -0.03705840113 0.1971284256 0 -0.05764242073 1.446196798 0.7002316284 1


mesh: pSphereShape11 tranform: pSphere11 0.04024103486 0.004089078844 -0.01742166918 0 0.04329232346 0.1084059088 0.125441953 0 0.03648407498 -0.08814528633 0.06358310999 0 -0.06474237666 1.244294633 0.7303070773 1


mesh: pSphereShape12 tranform: pSphere12 0.2939399339 0.02351145759 -0.1147960677 0 -0.00502504435 0.1643943254 0.02080288161 0 0.09628779897 -0.02754187564 0.2409079002 0 -0.09812581104 0.8408401124 0.5768098779 1


mesh: pSphereShape13 tranform: pSphere13 0.2011356783 0.03084221768 -0.08119032011 0 -0.01776251127 0.2034063276 0.03326538776 0 0.0757397399 -0.02266376501 0.1790233511 0 -0.06032112818 0.6154919855 0.5839618072 1


mesh: pSphereShape14 tranform: pSphere14 0.2058379231 0.02552237326 -0.07789996284 0 -0.01869541699 0.2391731059 0.02896072599 0 0.06912460473 -0.01607557587 0.1773836305 0 -0.04143340654 0.4234861699 0.5683593934 1


mesh: pSphereShape15 tranform: pSphere15 0.1496450382 0.007921899889 -0.02397619431 0 -0.01410972826 0.3779794999 0.03682256335 0 0.03050483849 -0.01686635694 0.1848201626 0 -0.21853963 -0.1681391266 0.5754330206 1


mesh: pSphereShape16 tranform: pSphere16 0.09881428118 0.004470150491 -0.01609395394 0 -0.005369503724 0.3566275127 0.0660866189 0 0.01381672994 -0.01475293358 0.0807348156 0 -0.2313576426 -0.8793423626 0.5120858056 1


mesh: pSphereShape17 tranform: pSphere17 0.1108500148 -0.004664879489 0.01782852149 0 0.004887113185 0.1038716105 -0.003207670553 0 -0.04374979608 0.01054379837 0.2747760712 0 -0.2724890286 -1.334196274 0.6402103434 1


mesh: pSphereShape18 tranform: pSphere18 0.1267794423 0.013068175 -0.01000141967 0 -0.04476812741 0.3261085235 -0.1413834255 0 0.004510196756 0.05860459418 0.1337465446 0 0.1571709429 -0.1640146386 0.6482542874 1


mesh: pSphereShape19 tranform: pSphere19 0.08580006808 0.006158208563 -0.008619897761 0 -0.01259994814 0.399262075 0.1598235569 0 0.01198550936 -0.03684149391 0.09298021134 0 0.2357146493 -0.827897785 0.6901494938 1


mesh: pSphereShape20 tranform: pSphere20 0.1132239693 -0.009763217095 -0.02016215852 0 0.01041321631 0.07869250087 0.02037151495 0 0.03842462868 -0.06967940961 0.2495211104 0 0.2500149416 -1.278016165 0.7523868274 1


mesh: pSphereShape21 tranform: pSphere21 0.2453122028 0.03041689069 -0.09283911924 0 -0.04245059447 0.1184206835 -0.07337057817 0 0.06032822291 0.1510536546 0.2088971967 0 -0.04232804942 0.2563529577 0.4994540312 1


