mesh: pSphereShape1 tranform: pSphere1 0.09030132407 0.1097260351 0.03693241015 0 -0.02470457104 0.04341380885 -0.06857850948 0 -0.1112517257 0.06435489376 0.08081711399 0 -5.494727363 0.1861884158 -0.1307643624 1


mesh: pSphereShape2 tranform: pSphere2 0.1275242707 0.2173685541 0.0630873146 0 -0.09666974814 0.07635321711 -0.06766890137 0 -0.07070989236 0.009164804177 0.111354989 0 -5.283051195 0.4509164893 -0.03204129055 1


mesh: pSphereShape3 tranform: pSphere3 0.04750337851 0.2687325103 0.1084650407 0 -0.09773523341 0.04857103474 -0.07753523393 0 -0.08853607796 -0.02346198848 0.09690460461 0 -5.116515337 0.8608544613 0.1030516819 1


mesh: pSphereShape4 tranform: pSphere4 -0.005457835321 -0.01117174478 0.1803158039 0 -0.01702685629 0.1474670354 0.008621176132 0 -0.1711623438 -0.01938965868 -0.006382092853 0 -5.099245336 1.120106647 0.3288244355 1


mesh: pSphereShape5 tranform: pSphere5 -0.01308481 -0.01157056168 0.1859706944 0 -0.01416644307 0.1376063385 0.007564726343 0 -0.1753036368 -0.01731007797 -0.01341126414 0 -5.123742619 1.121352644 0.6242061375 1


mesh: pSphereShape6 tranform: pSphere6 -0.04852564015 -0.2440783998 0.09528881572 0 -0.06383813504 0.04187704179 0.07475688438 0 -0.08194226668 -0.009048176032 -0.06490546898 0 -5.176991447 0.8289204936 0.7813780014 1


mesh: pSphereShape7 tranform: pSphere7 -0.1674385789 -0.1817094308 0.04636832907 0 -0.05004696452 0.06178001636 0.06138282421 0 -0.07058589111 0.04006642887 -0.09787614527 0 -5.404454743 0.4373420263 0.8617895032 1


mesh: pSphereShape8 tranform: pSphere8 -0.04283342906 -0.1843364246 0.005141764604 0 -0.0311003926 0.008066832003 0.03012088662 0 -0.077191644 0.01559700914 -0.08387896807 0 -5.605665431 0.1544487128 0.8992747463 1


mesh: pSphereShape10 tranform: pSphere10 -0.01072228944 -0.006616424116 0.1830516314 0 0.0154446915 0.1538812892 0.006466734638 0 -0.2217090441 0.02276357499 -0.01216386359 0 -5.107926227 1.553957321 0.488938279 1


mesh: pSphereShape11 tranform: pSphere11 -0.003195045992 -0.001905830904 0.04388320293 0 -0.1000380792 0.1391135876 -0.001241916858 0 -0.09270655729 -0.0667524222 -0.009648806723 0 -5.1834929 1.367606178 0.450927927 1


mesh: pSphereShape12 tranform: pSphere12 -0.03000739872 -0.01943342864 0.3144097779 0 -0.004275884783 0.1654353102 0.009817338179 0 -0.2596326936 -0.005220911845 -0.02510215181 0 -5.102193632 0.9335976679 0.4290229796 1


mesh: pSphereShape13 tranform: pSphere13 -0.02411659561 -0.0145161674 0.2172702056 0 -0.01653136326 0.2058661492 0.01191929318 0 -0.1938836253 -0.01426794329 -0.0224739919 0 -5.137135001 0.7066750049 0.4188770685 1


mesh: pSphereShape14 tranform: pSphere14 -0.025572359 -0.005688775392 0.220006224 0 -0.01814152593 0.2409272063 0.004121061358 0 -0.1892342288 -0.01386673979 -0.02235414213 0 -5.133290504 0.5119645719 0.4109013166 1


mesh: pSphereShape15 tranform: pSphere15 -0.004040960086 -0.002359577835 0.1516883479 0 0.09870004446 0.3668954765 0.008336575564 0 -0.1815555183 0.04893359023 -0.004075434908 0 -5.22088262 -0.06540627794 0.2210166955 1


mesh: pSphereShape16 tranform: pSphere16 -0.00962197959 0.01177330012 0.09905587654 0 -0.2678275245 0.2385210221 -0.05436538184 0 -0.0555579389 -0.06193639297 0.001964733394 0 -5.12187104 -0.6502681047 0.2207888547 1


mesh: pSphereShape17 tranform: pSphere17 -0.04217235004 -0.03068833826 0.09953422447 0 -0.08342555039 0.05981543901 -0.01690488972 0 -0.1294430783 -0.214748846 -0.1210558891 0 -4.865148235 -1.109435987 0.192096036 1


mesh: pSphereShape18 tranform: pSphere18 -0.01032640582 -0.007510893131 0.1272037122 0 0.0634537015 0.3516281374 0.02591347356 0 -0.1432973883 0.02660053641 -0.01006223148 0 -5.207238964 -0.09437927346 0.5573266652 1


mesh: pSphereShape19 tranform: pSphere19 -0.005001331902 -0.006691311952 0.08604702712 0 -0.2069804247 0.3767935378 0.01727038517 0 -0.08811437605 -0.04799721477 -0.008853920959 0 -5.129443235 -0.7744387992 0.5333638289 1


mesh: pSphereShape20 tranform: pSphere20 0.01760197017 0.01056669671 0.1135782366 0 -0.04076732719 0.07109065244 -0.0002959025188 0 -0.223657704 -0.1280638805 0.04657607456 0 -5.121094983 -1.253233323 0.5241645005 1


mesh: pSphereShape21 tranform: pSphere21 -0.03047646238 -0.006779732335 0.2621976099 0 0.08416785861 0.1181511853 0.01283830157 0 -0.2138870089 0.1546345266 -0.02086265654 0 -5.07097722 0.3424066764 0.4179322922 1


