mesh: pSphereShape1 tranform: pSphere1 -0.0120875711 0.1420041198 -0.03531084007 0 0.07810222595 -0.001582561647 -0.03310021741 0 -0.0579675584 -0.03848810932 -0.1349382538 0 -7.703170897 -0.04432936457 0.5954230784 1


mesh: pSphereShape2 tranform: pSphere2 0.006737176406 0.2496203239 -0.07166478613 0 0.1365745801 -0.01251072251 -0.03073760051 0 -0.03103218878 -0.03469404876 -0.1237624431 0 -7.741218328 0.2973381324 0.5159000315 1


mesh: pSphereShape3 tranform: pSphere3 -0.01144698653 0.27120118 -0.1120592905 0 0.1313969834 -0.004859976029 -0.0251842638 0 -0.02501173721 -0.05091655667 -0.1206711302 0 -7.750128886 0.7506621237 0.3786996278 1


mesh: pSphereShape4 tranform: pSphere4 -0.1578034067 0.01023779784 -0.08753089353 0 0.02296194856 0.1448639665 -0.02445291733 0 0.07972066485 -0.03763970955 -0.1481253042 0 -7.86637726 1.026972613 0.205517958 1


mesh: pSphereShape5 tranform: pSphere5 -0.1538286579 0.0097940648 -0.1055036001 0 0.02261117269 0.1351484168 -0.020421995 0 0.09597720457 -0.0377327399 -0.1434415645 0 -8.108145509 1.061371985 0.03955108801 1


mesh: pSphereShape6 tranform: pSphere6 -0.1106785046 -0.2348046763 -0.06021622718 0 -0.04895711896 0.04458362761 -0.08386349939 0 0.0824553797 -0.02334006529 -0.0605431761 0 -8.278490716 0.7861519446 -0.05719896378 1


mesh: pSphereShape7 tranform: pSphere7 -0.05294852763 -0.2019165842 -0.1401076848 0 -0.03644666684 0.05962337037 -0.0721527156 0 0.1154195984 0.006475666639 -0.05295100189 0 -8.374678574 0.3741337427 -0.2560954143 1


mesh: pSphereShape8 tranform: pSphere8 -0.03730795238 -0.185362292 0.009486580604 0 -0.02354919834 0.002840665316 -0.0371071676 0 0.09454389358 -0.02218653559 -0.06169852273 0 -8.438570566 0.06000071724 -0.3966530675 1


mesh: pSphereShape10 tranform: pSphere10 -0.1069833881 0.01554011704 -0.1482555353 0 0.01413988425 0.1540278195 0.005941617063 0 0.1801886325 -0.01147927546 -0.1312300389 0 -7.907305743 1.470855331 0.1110037462 1


mesh: pSphereShape11 tranform: pSphere11 -0.02991924053 0.002356283171 -0.03223139751 0 0.09242263753 0.1221126434 -0.0768655208 0 0.05704155492 -0.08019280602 -0.05881212443 0 -7.871472011 1.272602066 0.07748416718 1


mesh: pSphereShape12 tranform: pSphere12 -0.265405415 0.01603936171 -0.1715643177 0 0.01803978385 0.1643188747 -0.01254507045 0 0.1392030066 -0.03195106118 -0.2183304014 0 -7.981260363 0.854592268 0.1620212609 1


mesh: pSphereShape13 tranform: pSphere13 -0.1848120586 0.008376539816 -0.1173584601 0 0.02233382151 0.2046326437 -0.02056473849 0 0.1029537569 -0.02772857669 -0.1641071744 0 -7.988423727 0.6268857253 0.1385174592 1


mesh: pSphereShape14 tranform: pSphere14 -0.1880021637 0.006864833648 -0.1170346394 0 0.02226411144 0.2396352809 -0.0217084856 0 0.09954929101 -0.02386231709 -0.1613137191 0 -8.001966457 0.4331992172 0.1470619892 1


mesh: pSphereShape15 tranform: pSphere15 -0.1305870482 0.02862020053 -0.07182728458 0 0.05558170426 0.3729258925 0.04754409348 0 0.09178952854 0.007227726207 -0.16399986 0 -7.906458655 -0.1578906912 0.2028491554 1


mesh: pSphereShape16 tranform: pSphere16 -0.08544781372 0.02126269813 -0.04785215316 0 0.1098717581 0.3429096501 -0.04382492752 0 0.03543406618 -0.0206103904 -0.07243134879 0 -8.014274838 -0.853293653 0.1840336841 1


mesh: pSphereShape17 tranform: pSphere17 -0.09938391042 0.009100571168 -0.05164650045 0 0.01143342824 0.1033362307 -0.003792707822 0 0.1262882418 -0.02304130681 -0.2470778902 0 -8.040543169 -1.318785963 0.06276280998 1


mesh: pSphereShape18 tranform: pSphere18 -0.1078855543 0.03897853144 -0.05643769886 0 0.002528929275 0.2970110074 0.2002955149 0 0.07837391423 0.06847399385 -0.1025271684 0 -8.169594714 -0.1089714014 -0.1282473603 1


mesh: pSphereShape19 tranform: pSphere19 -0.07562635767 0.02136669065 -0.03602771723 0 0.1930599492 0.3174031197 -0.2170153178 0 0.01841067228 -0.06328140681 -0.07617597066 0 -8.33105301 -0.673403866 -0.2009110042 1


mesh: pSphereShape20 tranform: pSphere20 -0.1056805351 0.04637402738 -0.001604482587 0 0.02687839146 0.0595404487 -0.04948161709 0 -0.0608918333 -0.1459869216 -0.2087401737 0 -8.532133817 -1.119581749 -0.1623662676 1


mesh: pSphereShape21 tranform: pSphere21 -0.2240560157 0.008181327518 -0.1394787936 0 -0.03839759215 0.122442793 0.06886320027 0 0.12146082 0.1431021893 -0.186718431 0 -8.047653552 0.2674325164 0.2028862688 1


