mesh: pSphereShape1 tranform: pSphere1 0.1095745895 0.09318679888 0.02945784571 0 -0.03092453668 0.05445683217 -0.05723821322 0 -0.08455833379 0.0653366421 0.1078467251 0 -5.484376992 0.1716644954 -0.1038722169 1


mesh: pSphereShape2 tranform: pSphere2 0.15601252 0.200737607 0.05344196803 0 -0.09270761322 0.08772146239 -0.05885726522 0 -0.05976215393 0.01531090668 0.1169524569 0 -5.232057329 0.4044184834 -0.02179794715 1


mesh: pSphereShape3 tranform: pSphere3 0.06236280203 0.2663210876 0.1068754292 0 -0.1005322748 0.05218127501 -0.07136813038 0 -0.08337825422 -0.0213457741 0.1018431591 0 -5.030592132 0.7961621625 0.1021942578 1


mesh: pSphereShape4 tranform: pSphere4 0.008690204074 -0.0140607317 0.1799865583 0 -0.02302707821 0.1463663699 0.01254609393 0 -0.1700940495 -0.02728130693 0.0060813256 0 -4.992101996 1.050056632 0.3285841881 1


mesh: pSphereShape5 tranform: pSphere5 0.002572729567 -0.01487705149 0.1861779894 0 -0.01921954664 0.1367433947 0.01119243594 0 -0.1749407603 -0.02462506877 0.0004497140123 0 -4.992956661 1.045910558 0.6250310669 1


mesh: pSphereShape6 tranform: pSphere6 -0.007474694408 -0.245804736 0.1026309997 0 -0.06205772985 0.03511517897 0.07958233628 0 -0.08536436527 -0.02127766558 -0.05717788515 0 -4.999072388 0.7496305397 0.7885467053 1


mesh: pSphereShape7 tranform: pSphere7 -0.1081853326 -0.2129019729 0.07856653633 0 -0.05577387243 0.05236164862 0.0650911138 0 -0.0904922001 0.01339336239 -0.0883131141 0 -5.138365001 0.3207090256 0.9088855087 1


mesh: pSphereShape8 tranform: pSphere8 0.02275761295 -0.1861665461 0.02579081153 0 -0.03164178751 0.0003754483391 0.03063057836 0 -0.07882297476 -0.02088045891 -0.08116922427 0 -5.244920055 -0.003589240802 0.9853712032 1


mesh: pSphereShape10 tranform: pSphere10 -0.005602470321 -0.01171875972 0.1830243899 0 0.01854321321 0.1533235662 0.01038468061 0 -0.2214940236 0.02712942871 -0.00504299147 0 -4.982358152 1.480796797 0.5021977802 1


mesh: pSphereShape11 tranform: pSphere11 -0.001421838133 -0.003583260398 0.04387156973 0 -0.09707407531 0.1409552195 0.008366594497 0 -0.09440080712 -0.06451825856 -0.008329047502 0 -5.062467119 1.297236462 0.4631927189 1


mesh: pSphereShape12 tranform: pSphere12 -0.01135556315 -0.02498058505 0.3152437661 0 -0.01017577126 0.1649802868 0.01270684119 0 -0.2602352971 -0.01523599367 -0.01058140634 0 -4.979767416 0.8621652018 0.4254593255 1


mesh: pSphereShape13 tranform: pSphere13 -0.01369021164 -0.01593573808 0.2180763672 0 -0.02522069124 0.204892355 0.01338904504 0 -0.1938574659 -0.02295749689 -0.01384741699 0 -5.005657378 0.6339283372 0.4144915036 1


mesh: pSphereShape14 tranform: pSphere14 -0.01774388573 -0.006372638973 0.2207568579 0 -0.02829879066 0.2399365683 0.00465171786 0 -0.1891213137 -0.02199847765 -0.01583613469 0 -4.993632946 0.4396628532 0.4056982994 1


mesh: pSphereShape15 tranform: pSphere15 -0.00207727203 -0.0006354646196 0.1517449603 0 0.05777036332 0.3756068233 0.002363766192 0 -0.1858748349 0.02860381522 -0.002424699195 0 -5.034619173 -0.150080123 0.2218836074 1


mesh: pSphereShape16 tranform: pSphere16 -0.01074918006 0.01253094784 0.09884680186 0 -0.3063591549 0.1857164454 -0.05685882299 0 -0.04365968917 -0.07072973673 0.00421869776 0 -4.860493697 -0.7023160576 0.230329719 1


mesh: pSphereShape17 tranform: pSphere17 -0.04089992436 -0.03490026843 0.09867375793 0 -0.09280140345 0.04031689679 -0.02420602916 0 -0.07462876333 -0.2416732998 -0.1164116382 0 -4.515315461 -1.110426192 0.2120738402 1


mesh: pSphereShape18 tranform: pSphere18 -0.01145186492 -0.004102252812 0.1272629518 0 0.0935472766 0.3452637203 0.01954732158 0 -0.1404151444 0.03868945159 -0.01138824249 0 -5.083444198 -0.1575271165 0.5598420805 1


mesh: pSphereShape19 tranform: pSphere19 -0.005804283191 -0.004731052952 0.08612668162 0 -0.1863661415 0.387690423 0.008736689298 0 -0.09053621102 -0.04333040434 -0.00848164856 0 -5.055054921 -0.8376262972 0.5494410832 1


mesh: pSphereShape20 tranform: pSphere20 0.01371175565 0.01126367566 0.1140465591 0 -0.02144190071 0.07892383998 -0.005216873152 0 -0.2508559928 -0.06572945011 0.03665197195 0 -5.091947989 -1.281924953 0.5424014045 1


mesh: pSphereShape21 tranform: pSphere21 -0.02114669459 -0.007594742897 0.2630921955 0 0.07941741936 0.1216704662 0.009895663441 0 -0.2209076094 0.145295035 -0.01356173758 0 -4.923905329 0.2729420751 0.4106482024 1


