mesh: pSphereShape1 tranform: pSphere1 -0.05658843394 0.08722679901 -0.1036695206 0 -0.02307608908 0.05582938945 0.05957063017 0 0.1338688218 0.07024110734 -0.01397247733 0 0.007472722289 0.1659645404 1.441061112 1


mesh: pSphereShape2 tranform: pSphere2 -0.09109276807 0.1830595394 -0.1602586966 0 -0.0059750756 0.0907999845 0.1071148704 0 0.1237038073 0.03880223275 -0.02599174625 0 -0.1220188769 0.3759934893 1.188642627 1


mesh: pSphereShape3 tranform: pSphere3 -0.01964456958 0.2577778245 -0.1392949469 0 -0.005426021968 0.06327247688 0.1178566321 0 0.1329316973 0.01041581558 0.000528233825 0 -0.2345083428 0.7418976468 0.9288966168 1


mesh: pSphereShape4 tranform: pSphere4 0.1381301378 0.01611368527 -0.1154504187 0 0.009014642939 0.145140703 0.03104315704 0 0.1106799359 -0.03417698848 0.1276523526 0 -0.1369084318 1.010467758 0.74775051 1


mesh: pSphereShape5 tranform: pSphere5 0.1579573767 0.01451815208 -0.09863508362 0 0.004795288069 0.1356686581 0.02764847187 0 0.09409614094 -0.03304411424 0.1458247875 0 0.1074407387 1.053490238 0.5886715843 1


mesh: pSphereShape6 tranform: pSphere6 0.1004731975 -0.2458617724 -0.02158904408 0 0.09838114359 0.04091186958 -0.008059490733 0 0.01055655586 -0.00484274387 0.104279583 0 0.2660959558 0.7706726837 0.5257851393 1


mesh: pSphereShape7 tranform: pSphere7 0.1413997168 -0.199139885 0.05961076382 0 0.08257685514 0.05688962619 -0.005826973073 0 -0.01123279371 0.02893431076 0.1233047305 0 0.4738488956 0.3613877841 0.6160001255 1


mesh: pSphereShape8 tranform: pSphere8 0.003693382055 -0.1892352278 -0.004176755211 0 0.0440291557 0.0008474219011 0.0005397532119 0 -0.001360629214 -0.002565198966 0.1150176783 0 0.6147476036 0.04964639449 0.6892691553 1


mesh: pSphereShape10 tranform: pSphere10 0.1459174367 0.01424615149 -0.1103258499 0 0.007986721476 0.1516163893 0.03014118613 0 0.1348329727 -0.04148951828 0.1729732046 0 0.01661320993 1.444551355 0.7794252548 1


mesh: pSphereShape11 tranform: pSphere11 0.03612244413 0.004259796274 -0.02483141509 0 0.06701257448 0.107012999 0.1158416281 0 0.04786569653 -0.08884960004 0.0543885537 0 0.01517737193 1.243313497 0.804782638 1


mesh: pSphereShape12 tranform: pSphere12 0.2691418983 0.02411943747 -0.1646587437 0 0.002435881156 0.1633960433 0.02791602938 0 0.1371533357 -0.03936103399 0.2184174513 0 -0.05185122574 0.8420431602 0.6512843223 1


mesh: pSphereShape13 tranform: pSphere13 0.1854224026 0.02935360064 -0.1129405609 0 -0.005312471612 0.2021111368 0.04380745327 0 0.1041167625 -0.03248358704 0.1624931723 0 -0.01965025966 0.615732453 0.6429164964 1


mesh: pSphereShape14 tranform: pSphere14 0.1904375695 0.02722527291 -0.1099152536 0 -0.008984455633 0.2375675677 0.04327755989 0 0.09738655772 -0.02588648293 0.1623186245 0 -0.008410392242 0.4243978584 0.6157689449 1


mesh: pSphereShape15 tranform: pSphere15 0.1462524856 0.005075861926 -0.04019574536 0 -0.0008217455554 0.3773958975 0.04466709402 0 0.05020899502 -0.02119585277 0.1800091784 0 -0.1881518703 -0.1736134801 0.6339935307 1


mesh: pSphereShape16 tranform: pSphere16 0.0965583287 0.003063709854 -0.02665262845 0 0.01179799039 0.3528470664 0.08330192543 0 0.02211494685 -0.01913506552 0.07791944507 0 -0.2261267641 -0.8808319607 0.5508793279 1


mesh: pSphereShape17 tranform: pSphere17 0.1105466114 -0.01001670348 0.01750586813 0 0.010006808 0.1034769852 -0.003982689484 0 -0.04219328764 0.01465819542 0.2748308015 0 -0.2876780562 -1.328205124 0.6610039816 1


mesh: pSphereShape18 tranform: pSphere18 0.1136756876 0.01463455053 -0.05663479991 0 -0.1002694244 0.3231398642 -0.1177577938 0 0.05288001621 0.06081413487 0.1218536967 0 0.237438696 -0.1492777676 0.6253580347 1


mesh: pSphereShape19 tranform: pSphere19 0.0763982866 0.009273371486 -0.03938507634 0 -0.03743200499 0.4276940377 0.02809248455 0 0.04632253266 -0.001819711932 0.08942695021 0 0.397483333 -0.831409317 0.7334975494 1


mesh: pSphereShape20 tranform: pSphere20 0.08594354736 0.0009935309609 -0.07703388758 0 -0.002603383422 0.08188864029 -0.00184834378 0 0.1746172426 0.009951499983 0.19494164 0 0.5554883681 -1.242545938 0.8954141319 1


mesh: pSphereShape21 tranform: pSphere21 0.2269584679 0.03244636154 -0.1309940977 0 -0.05178450998 0.1224770016 -0.05938435481 0 0.09719416946 0.1394971281 0.2029497093 0 -0.02400121944 0.2610297011 0.5399399846 1


