mesh: pSphereShape1 tranform: pSphere1 -0.01568269581 0.1333462287 0.05942197542 0 -0.08161398309 -0.01674178704 0.01602987592 0 0.03817607001 -0.0560421954 0.135837273 0 4.392843044 -0.08162346658 -0.7964682593 1


mesh: pSphereShape2 tranform: pSphere2 -0.03981869681 0.2381223389 0.09593623033 0 -0.1384403797 -0.02413034629 0.002433480971 0 0.01048168976 -0.04774544759 0.1228589537 0 4.379887724 0.2462623444 -0.6681610144 1


mesh: pSphereShape3 tranform: pSphere3 -0.01327525711 0.2636452392 0.1286598366 0 -0.1336390919 -0.00771601618 0.002022368698 0 0.005175345468 -0.05822410199 0.1198447919 0 4.342450961 0.6863260458 -0.4937285775 1


mesh: pSphereShape4 tranform: pSphere4 0.1497419812 0.02431947146 0.09825623319 0 -0.02363446086 0.1468062553 -0.0003173289178 0 -0.09256487793 -0.01458936486 0.1446794101 0 4.432516402 0.971261388 -0.3077639733 1


mesh: pSphereShape5 tranform: pSphere5 0.1395564971 0.02609629079 0.1213802169 0 -0.02310865338 0.1365708832 -0.002793130318 0 -0.113667565 -0.01648793624 0.1342337458 0 4.654357518 1.031329276 -0.1232908309 1


mesh: pSphereShape6 tranform: pSphere6 0.09519172495 -0.2118326843 0.1306690887 0 0.02620494852 0.06265987135 0.08249016349 0 -0.09456275996 -0.01631775122 0.04243512561 0 4.802778236 0.7848936379 0.05487413416 1


mesh: pSphereShape7 tranform: pSphere7 0.0182124485 -0.1674774087 0.1866109353 0 0.01683204292 0.07450856716 0.0652263439 0 -0.1250143336 0.009834318493 0.02102686686 0 4.850939343 0.4254427854 0.3496404962 1


mesh: pSphereShape8 tranform: pSphere8 0.0350911286 -0.1825807911 0.03569208921 0 0.01285434216 0.01044770378 0.04080670757 0 -0.107958256 -0.01342892356 0.03744565215 0 4.876191942 0.1474749039 0.5605069708 1


mesh: pSphereShape10 tranform: pSphere10 0.1416751552 0.02558122483 0.1137558598 0 -0.01307588427 0.153163684 -0.01815806858 0 -0.1405791995 0.008527663625 0.1731641065 0 4.483891502 1.426917012 -0.2459043365 1


mesh: pSphereShape11 tranform: pSphere11 0.03382916737 0.006156469911 0.02751838154 0 -0.08140833961 0.1334262254 0.07022730614 0 -0.04921132395 -0.07012498105 0.07618545617 0 4.443835182 1.235188229 -0.1958128044 1


mesh: pSphereShape12 tranform: pSphere12 0.2424344549 0.04339497394 0.1986807032 0 -0.02099473414 0.1641282257 -0.01022994745 0 -0.1643828439 -0.008410638445 0.2024204865 0 4.544161575 0.8078252319 -0.2321292477 1


mesh: pSphereShape13 tranform: pSphere13 0.1690357342 0.03139196712 0.1357944643 0 -0.03351011652 0.2040673148 -0.005461690137 0 -0.1203964176 -0.01566242025 0.1534891068 0 4.554322308 0.5841334962 -0.1808376653 1


mesh: pSphereShape14 tranform: pSphere14 0.1710186469 0.02916376873 0.1378083572 0 -0.03321736388 0.2391661086 -0.009391276976 0 -0.1185921774 -0.01060399283 0.1494156561 0 4.575855057 0.3919556577 -0.1655394999 1


mesh: pSphereShape15 tranform: pSphere15 0.1188356168 0.03194299716 0.0888200032 0 -0.05600638975 0.3712860899 -0.05859532152 0 -0.1136464783 0.006485385516 0.1497195025 0 4.501134883 -0.2119387319 -0.2089965092 1


mesh: pSphereShape16 tranform: pSphere16 0.07749644913 0.02365056766 0.05897635784 0 -0.1251518382 0.3392788635 0.028395876 0 -0.04427298956 -0.02193651757 0.06697277894 0 4.622229694 -0.9033936224 -0.1714629825 1


mesh: pSphereShape17 tranform: pSphere17 0.08736901181 0.0153747002 0.06897548421 0 -0.01388906458 0.1029653706 -0.005358249552 0 -0.1711125436 -0.01166700037 0.2193433021 0 4.636043231 -1.357060831 -0.0493767297 1


mesh: pSphereShape18 tranform: pSphere18 0.1014359373 0.03912457641 0.06725957718 0 0.01298663923 0.3006037487 -0.1944452643 0 -0.08876076297 0.06570185475 0.09564398444 0 4.71642771 -0.1447619522 0.1526328004 1


mesh: pSphereShape19 tranform: pSphere19 0.07066046287 0.02280858346 0.04428030442 0 -0.1882391546 0.3711505616 0.1092053747 0 -0.03776110032 -0.04346960606 0.08264841475 0 4.855482394 -0.7544011094 0.3019015104 1


mesh: pSphereShape20 tranform: pSphere20 0.1051066941 0.04762883469 0.002361618289 0 -0.03328282585 0.07252216054 0.01867439754 0 0.0198854506 -0.05652458488 0.2549548919 0 5.018649843 -1.182792845 0.4082523042 1


mesh: pSphereShape21 tranform: pSphere21 0.2038155087 0.03475660968 0.1642363622 0 0.04264824276 0.1157413166 -0.07741981673 0 -0.1494013363 0.1568643755 0.1522088967 0 4.634101248 0.2234568616 -0.1955027581 1


