mesh: pSphereShape1 tranform: pSphere1 0.0702679624 0.1220733188 -0.04145664152 0 0.06075745425 -0.01557066483 0.0571329392 0 0.07713450163 -0.0796270639 -0.1037289935 0 2.20592299 -0.001195210447 0.3128544077 1


mesh: pSphereShape2 tranform: pSphere2 0.1339259448 0.2156045049 -0.05540826644 0 0.08312009862 -0.02311744179 0.1109529958 0 0.08199050651 -0.07048904514 -0.07610957528 0 2.357456673 0.2981450861 0.2042384668 1


mesh: pSphereShape3 tranform: pSphere3 0.1525081653 0.2314348991 -0.09704403707 0 0.08118276527 -0.009019754471 0.1060709028 0 0.08029006799 -0.08158493694 -0.06838864997 0 2.585462162 0.6944183268 0.07684459448 1


mesh: pSphereShape4 tranform: pSphere4 0.02483385224 -0.001237399281 -0.1790255111 0 0.02888438424 0.1458336888 0.002998768307 0 0.1674250072 -0.03364319315 0.0234572041 0 2.749392194 0.9324111606 -0.1345913113 1


mesh: pSphereShape5 tranform: pSphere5 0.04722189034 -0.0020094656 -0.1807103883 0 0.02683430458 0.1358052486 0.00550201138 0 0.1674669329 -0.03487911813 0.04414905863 0 2.821764227 0.9481749302 -0.4199787997 1


mesh: pSphereShape6 tranform: pSphere6 0.114221275 -0.2310059474 -0.06781381852 0 0.02951100347 0.04209093471 -0.09367518223 0 0.09025891268 0.03205341339 0.04283727153 0 2.945225569 0.6765772667 -0.5573588557 1


mesh: pSphereShape7 tranform: pSphere7 0.2500978021 0.001646361312 -0.0255420388 0 -0.008604898729 0.05956938626 -0.08041619319 0 0.006994551617 0.1023742764 0.07508668548 0 3.309639802 0.4916000838 -0.6012914922 1


mesh: pSphereShape8 tranform: pSphere8 0.1716444999 -0.05638394603 0.0565691974 0 0.01729256999 0.0148255757 -0.03769277567 0 0.01775421642 0.1027774648 0.04857034493 0 3.656164602 0.4734106058 -0.5925046145 1


mesh: pSphereShape10 tranform: pSphere10 0.01926391119 0.002521636406 -0.1824532471 0 -0.0005705645402 0.1547745494 0.002078854938 0 0.221971168 0.0005034012553 0.02344327837 0 2.812623953 1.372037576 -0.2636237416 1


mesh: pSphereShape11 tranform: pSphere11 0.004731295862 0.001202955152 -0.04376921004 0 0.1116457694 0.129047031 0.01561524544 0 0.08609335958 -0.07535964741 0.007235197517 0 2.868055061 1.177781001 -0.233207926 1


mesh: pSphereShape12 tranform: pSphere12 0.03068627648 -0.003310415654 -0.3149269822 0 0.01953236258 0.1646267358 0.0001727148133 0 0.2578401439 -0.03061848969 0.02544562493 0 2.747927002 0.7523850133 -0.2458976627 1


mesh: pSphereShape13 tranform: pSphere13 0.01869814856 -0.01555550975 -0.2177316626 0 0.02658535019 0.2047852176 -0.01234749961 0 0.1933598323 -0.02399751912 0.01831963466 0 2.766449581 0.5245073799 -0.2439215664 1


mesh: pSphereShape14 tranform: pSphere14 0.01400495272 -0.006000657219 -0.2210359693 0 0.01995659032 0.2407612107 -0.005271695808 0 0.1900178467 -0.01547767582 0.01245981455 0 2.758087905 0.3317796265 -0.2369876273 1


mesh: pSphereShape15 tranform: pSphere15 -0.01990320145 0.008095042085 -0.15023177 0 -0.1899681116 0.3263553276 0.04275283255 0 0.1610158856 0.09584366423 -0.01616750646 0 2.94268734 -0.2122915291 -0.1178305319 1


mesh: pSphereShape16 tranform: pSphere16 -0.01313322568 0.005308219385 -0.09920988334 0 -0.1376787052 0.3336501716 0.03607759323 0 0.07622233521 0.03235653331 -0.008358940915 0 3.290264182 -0.8328243209 -0.1595276288 1


mesh: pSphereShape17 tranform: pSphere17 -0.005677352184 0.01891156449 -0.1106230693 0 -0.04665972386 0.09122878169 0.01799066584 0 0.2484647558 0.1253675317 0.008680596584 0 3.654448831 -1.171220027 -0.1905316966 1


mesh: pSphereShape18 tranform: pSphere18 -0.01399155367 -0.01845514914 -0.1257277872 0 0.04329573676 0.351125907 -0.05635870768 0 0.1441374457 -0.01987916832 -0.01312226858 0 2.696111872 -0.2595699527 -0.3696870484 1


mesh: pSphereShape19 tranform: pSphere19 -0.0116268341 -0.01322198719 -0.0846396694 0 0.2943264031 0.3013742397 -0.08751039137 0 0.07221183076 -0.07021835805 0.001049522701 0 2.428811145 -0.8856286186 -0.2591345513 1


mesh: pSphereShape20 tranform: pSphere20 -0.02325698407 -0.005922353637 -0.1128961412 0 0.028994361 0.07600047883 -0.009959801039 0 0.2392097752 -0.09704975307 -0.04418693963 0 2.352684952 -1.276951853 -0.1829562394 1


mesh: pSphereShape21 tranform: pSphere21 0.01669073294 -0.007151424862 -0.2634248331 0 -0.08371210682 0.1188623568 -0.008530902746 0 0.215995902 0.1528055979 0.009537263953 0 2.694048212 0.162758742 -0.2406095445 1


