mesh: pSphereShape1 tranform: pSphere1 -0.01368571931 0.1381985297 -0.04766552527 0 0.0667442392 0.02286270305 0.04712313588 0 0.09265196613 -0.03091382729 -0.116231894 0 2.365242217 -0.02312076546 1.689998703 1


mesh: pSphereShape2 tranform: pSphere2 0.003248130143 0.2497901742 -0.07131518577 0 0.1118222354 0.02202738376 0.08224667913 0 0.08008652955 -0.02984607447 -0.1008919011 0 2.325840154 0.3066009564 1.57055237 1


mesh: pSphereShape3 tranform: pSphere3 0.03435940235 0.2689889581 -0.1127065659 0 0.1025794292 0.02176884554 0.08322626892 0 0.08424889529 -0.04891023179 -0.09104678614 0 2.338545623 0.7548155994 1.421921075 1


mesh: pSphereShape4 tranform: pSphere4 -0.02914474457 -0.01159158549 -0.1780016966 0 0.01702085169 0.1472004513 -0.01237266291 0 0.1689714093 -0.02174464612 -0.0262501635 0 2.359326387 1.014607353 1.190460631 1


mesh: pSphereShape5 tranform: pSphere5 -0.004186309765 -0.01146601484 -0.1863898995 0 0.0143796155 0.1375118811 -0.00878218615 0 0.1756671564 -0.01854861716 -0.002804435293 0 2.345820231 1.015710447 0.8962324806 1


mesh: pSphereShape6 tranform: pSphere6 0.06544917074 -0.2374377249 -0.1017285321 0 0.02763925698 0.04699211709 -0.09189884809 0 0.09802246282 0.01180293256 0.03551636279 0 2.408388825 0.7318200679 0.7300884461 1


mesh: pSphereShape7 tranform: pSphere7 0.1544540815 -0.1704946052 -0.1013880821 0 0.01904914938 0.0625836856 -0.07622160057 0 0.09738394374 0.04955336862 0.06502505454 0 2.653395926 0.364312179 0.5806238476 1


mesh: pSphereShape8 tranform: pSphere8 0.03762245728 -0.1849894191 -0.01430116543 0 0.01836075937 0.006784073701 -0.03945167764 0 0.1020485638 0.01685853115 0.05039224589 0 2.84246142 0.08786703443 0.4790424118 1


mesh: pSphereShape10 tranform: pSphere10 -0.05847461215 -0.006179094021 -0.1738078906 0 0.002373070637 0.1546432521 -0.006296144412 0 0.2115404538 -0.006134881178 -0.07095096741 0 2.382102927 1.444784527 1.026193729 1


mesh: pSphereShape11 tranform: pSphere11 -0.01050087721 0.0004238584847 -0.04276830522 0 0.1116950864 0.1272849439 -0.02616296293 0 0.08253240077 -0.07674539029 -0.02102472349 0 2.444089919 1.251493616 1.051908979 1


mesh: pSphereShape12 tranform: pSphere12 -0.03398602065 -0.02091590819 -0.3139093591 0 0.006853805275 0.165222418 -0.01175087772 0 0.2591621192 -0.01268610107 -0.02721342184 0 2.338661565 0.8278195768 1.0927446 1


mesh: pSphereShape13 tranform: pSphere13 -0.02231223287 -0.02466271074 -0.2165469615 0 0.01097917316 0.2051238136 -0.02449297424 0 0.1944078207 -0.01262573252 -0.01859313911 0 2.372831784 0.6015951871 1.100892754 1


mesh: pSphereShape14 tranform: pSphere14 -0.02569450421 -0.01467525679 -0.2195756717 0 0.009973489605 0.2408206001 -0.01726224034 0 0.1896008721 -0.009397599423 -0.02155880105 0 2.374960541 0.4080707288 1.116617307 1


mesh: pSphereShape15 tranform: pSphere15 -0.05732126209 -0.00826722912 -0.1402753638 0 -0.140394558 0.3512381014 0.03666949961 0 0.1596849503 0.07107796845 -0.06944170721 0 2.53951378 -0.1569805282 1.246894116 1


mesh: pSphereShape16 tranform: pSphere16 -0.03619722023 0.004269893893 -0.09335303432 0 0.1275002173 0.3378880173 -0.0339829068 0 0.07188352612 -0.0300664349 -0.02924772968 0 2.616411398 -0.8061062272 1.261531875 1


mesh: pSphereShape17 tranform: pSphere17 -0.003587483049 -0.01846609205 -0.1107857232 0 0.02697843542 0.09896441713 -0.0173693023 0 0.2687651413 -0.07266897483 0.003409478939 0 2.656198377 -1.296489485 1.324010905 1


mesh: pSphereShape18 tranform: pSphere18 -0.02548235231 -0.02143733069 -0.1234298309 0 -0.003925660199 0.3530766413 -0.06051199786 0 0.1431518297 -0.003373080694 -0.02896816342 0 2.331592592 -0.1964528337 1.006225244 1


mesh: pSphereShape19 tranform: pSphere19 -0.01814500309 -0.01376487609 -0.08339763127 0 0.1259625538 0.4006223524 -0.09352913083 0 0.09396613238 -0.03304422608 -0.01499042678 0 2.243362124 -0.9000531633 1.125631855 1


mesh: pSphereShape20 tranform: pSphere20 -0.03250581418 0.0006339769731 -0.1107450694 0 0.00573032638 0.08174125581 -0.001214021097 0 0.2506322053 -0.01866430811 -0.07367223374 0 2.345367599 -1.317189933 1.177505214 1


mesh: pSphereShape21 tranform: pSphere21 -0.0306220318 -0.01748958364 -0.261684489 0 -0.08812287127 0.1159160652 0.002564835433 0 0.2085345304 0.1593097449 -0.03504988837 0 2.317460634 0.2372462639 1.130582365 1


