mesh: pSphereShape1 tranform: pSphere1 0.03686168056 0.1339563316 0.04748739363 0 -0.07283402742 0.03090161179 -0.0306330121 0 -0.06789653205 -0.02839132975 0.1327926883 0 1.517374236 -0.03538744134 -0.3130520951 1


mesh: pSphereShape2 tranform: pSphere2 0.03760238792 0.2445506417 0.07919962921 0 -0.1271496091 0.03523492333 -0.04842944623 0 -0.05299452945 -0.02987275514 0.1174010836 0 1.614500808 0.2829711024 -0.1958357003 1


mesh: pSphereShape3 tranform: pSphere3 0.01345897214 0.2632872597 0.1293718404 0 -0.1188076005 0.0319991306 -0.05276214052 0 -0.06115529292 -0.04972168522 0.1075517948 0 1.674874594 0.7208033817 -0.03093068457 1


mesh: pSphereShape4 tranform: pSphere4 0.08804824124 -0.01160791985 0.1574202922 0 -0.01178803594 0.1471984832 0.01744745857 0 -0.1499176135 -0.02175462281 0.08224769565 0 1.741709608 0.9766027517 0.2033551783 1


mesh: pSphereShape5 tranform: pSphere5 0.08224723561 -0.01203712041 0.1672742936 0 -0.008173538623 0.1375966368 0.01392035914 0 -0.1582750128 -0.01715014845 0.07658824073 0 1.870866805 0.9772366744 0.4699123901 1


mesh: pSphereShape6 tranform: pSphere6 0.06191695755 -0.2522347961 0.05960586708 0 0.0002983479053 0.02464301557 0.1039722013 0 -0.1020522707 -0.02365691792 0.005899893142 0 1.958329924 0.6747374514 0.5893947115 1


mesh: pSphereShape7 tranform: pSphere7 0.002863702059 -0.2321364338 0.09648052757 0 -0.006028149527 0.03841727845 0.09261260345 0 -0.1269137455 -0.004263881824 -0.006492078583 0 1.964225782 0.2208107825 0.7167863269 1


mesh: pSphereShape8 tranform: pSphere8 0.06797745454 -0.1746061621 -0.02707049358 0 -0.005698441617 -0.008848615141 0.04276453884 0 -0.1063446555 -0.03798641054 -0.02203054127 0 1.985606531 -0.1211084038 0.7879485413 1


mesh: pSphereShape10 tranform: pSphere10 0.1464163594 -0.009565954564 0.1101698077 0 0.006999852796 0.1545763408 0.00411888973 0 -0.1341448736 0.001321087197 0.17839408 0 1.80919592 1.408037411 0.3595629337 1


mesh: pSphereShape11 tranform: pSphere11 0.02958624108 0.0003229810634 0.03262094468 0 -0.08007573919 0.1336619395 0.07130295802 0 -0.0658893713 -0.07173191117 0.06046994935 0 1.730080534 1.219621648 0.3663380304 1


mesh: pSphereShape12 tranform: pSphere12 0.1185941285 -0.02017335851 0.2926774314 0 -0.003651459826 0.165240907 0.01286913629 0 -0.2418115232 -0.01290524821 0.09709352893 0 1.794940518 0.7897889012 0.2880181325 1


mesh: pSphereShape13 tranform: pSphere13 0.07549444034 -0.00380959295 0.2056325559 0 -0.01147817841 0.2063973655 0.008037776883 0 -0.1833954372 -0.01281181572 0.06709311195 0 1.763302024 0.5633938645 0.2979775427 1


mesh: pSphereShape14 tranform: pSphere14 0.06877982207 0.006231914736 0.2105220788 0 -0.01483517583 0.2411776907 -0.00229257688 0 -0.1812357263 -0.01058223262 0.05952491374 0 1.76358188 0.3689344356 0.2982882422 1


mesh: pSphereShape15 tranform: pSphere15 0.03787526223 0.003015353328 0.1469272745 0 -0.03504255008 0.3784097006 0.001267340076 0 -0.1812993443 -0.01694687594 0.04708357279 0 1.754401711 -0.2382968442 0.1200283352 1


mesh: pSphereShape16 tranform: pSphere16 0.01879835864 0.009889029433 0.09793920856 0 -0.2754580862 0.2341970418 0.02922403086 0 -0.0518515686 -0.06302277671 0.01631581978 0 1.991711577 -0.8429848678 0.06438356738 1


mesh: pSphereShape17 tranform: pSphere17 0.006484619585 0.003487586181 0.112129967 0 -0.07624494533 0.07074824215 0.00220885532 0 -0.188756821 -0.2039609409 0.01725986004 0 2.206421891 -1.296910702 0.02923849773 1


mesh: pSphereShape18 tranform: pSphere18 0.03916565507 -0.00287707182 0.1216618531 0 0.1408682405 0.3272336194 -0.03761016437 0 -0.1266483391 0.05936716178 0.04217483641 0 1.68467946 -0.2096287896 0.502489667 1


mesh: pSphereShape19 tranform: pSphere19 0.02760459136 -0.002457362194 0.08188910647 0 -0.003243199798 0.4300070875 0.01399710431 0 -0.09545265427 -0.001765582102 0.0321238435 0 1.528956229 -0.900761323 0.5538868474 1


mesh: pSphereShape20 tranform: pSphere20 0.07544978418 0.008531773935 0.08692548058 0 0.0009504823805 0.08146917059 -0.008821236667 0 -0.1981707602 0.02071643805 0.1699753976 0 1.340571888 -1.308261317 0.6596953861 1


mesh: pSphereShape21 tranform: pSphere21 0.08196997623 0.007427031467 0.2508946559 0 0.08178418452 0.116660531 -0.03017317794 0 -0.2030611717 0.1583016579 0.06165618781 0 1.823180868 0.1985558546 0.2882204835 1


