mesh: pSphereShape1 tranform: pSphere1 -0.01633518741 0.1347708679 0.05592950618 0 -0.08016208342 -0.01836881389 0.02084978776 0 0.04676775244 -0.05049154506 0.1353265899 0 4.377089873 -0.09338570169 -0.77208415 1


mesh: pSphereShape2 tranform: pSphere2 -0.04214991049 0.2407308602 0.08811115259 0 -0.138686062 -0.0215332612 -0.007511927708 0 0.0003221801243 -0.04539834736 0.1241881731 0 4.362615276 0.2374825838 -0.6516250492 1


mesh: pSphereShape3 tranform: pSphere3 -0.01749433112 0.2664745174 0.1221625069 0 -0.1335463897 -0.005166303933 -0.007855244939 0 -0.004958841522 -0.05579791152 0.1210025097 0 4.321089682 0.6816869653 -0.4889986926 1


mesh: pSphereShape4 tranform: pSphere4 0.1421809508 0.02604943493 0.1085098575 0 -0.02560023607 0.1464676622 -0.0016176773 0 -0.1022045407 -0.01634133007 0.1378420498 0 4.401016371 0.9699944639 -0.3014396599 1


mesh: pSphereShape5 tranform: pSphere5 0.1301846527 0.02754536314 0.1310854626 0 -0.02492077018 0.1362253652 -0.003875909142 0 -0.1226383796 -0.01885710376 0.1257581145 0 4.60832982 1.032399859 -0.1015206461 1


mesh: pSphereShape6 tranform: pSphere6 0.08531391386 -0.2140706916 0.1338067131 0 0.01986863394 0.06122796387 0.085287512 0 -0.09746815939 -0.01701586908 0.03492194962 0 4.744026787 0.7844224141 0.08338707751 1


mesh: pSphereShape7 tranform: pSphere7 0.002858513887 -0.1701060729 0.1850939484 0 0.01187678935 0.07352943892 0.06739201491 0 -0.1262509433 0.0100990141 0.01123101928 0 4.768892761 0.4205466943 0.3751876626 1


mesh: pSphereShape8 tranform: pSphere8 0.0273611163 -0.1846576522 0.031527426 0 0.01163758892 0.008818336102 0.04154972301 0 -0.1097117748 -0.01062473343 0.03298392638 0 4.776435704 0.1384360042 0.5818508028 1


mesh: pSphereShape10 tranform: pSphere10 0.1383771784 0.02595054905 0.1176646498 0 -0.01136609206 0.1530203399 -0.02038126225 0 -0.1456577934 0.01165415713 0.1687276741 0 4.449572669 1.427074972 -0.2397378635 1


mesh: pSphereShape11 tranform: pSphere11 0.03250642829 0.006555684052 0.02898156545 0 -0.08466826378 0.1342375511 0.06460119881 0 -0.05266880701 -0.06918029065 0.07472332472 0 4.404943684 1.235668362 -0.1899901552 1


mesh: pSphereShape12 tranform: pSphere12 0.2252538598 0.04607850665 0.2174145358 0 -0.02283672111 0.1638280696 -0.01106132674 0 -0.1796770173 -0.01230111447 0.1887627177 0 4.509565823 0.8078439894 -0.2188238329 1


mesh: pSphereShape13 tranform: pSphere13 0.1562816377 0.03402715813 0.1497226562 0 -0.03804537947 0.2032407706 -0.006478055187 0 -0.1323464463 -0.02022472631 0.1427406504 0 4.52004143 0.5837893305 -0.1684245736 1


mesh: pSphereShape14 tranform: pSphere14 0.1573363767 0.03199993614 0.1526771593 0 -0.03874024057 0.2383080139 -0.01002502371 0 -0.1309821032 -0.01547822729 0.1382233722 0 4.545067145 0.3919690964 -0.153223539 1


mesh: pSphereShape15 tranform: pSphere15 0.1116774701 0.03192030399 0.09767542539 0 -0.05669710775 0.3714938863 -0.05657931057 0 -0.1242205624 0.002545990542 0.1411958975 0 4.486483508 -0.2128424947 -0.2122108601 1


mesh: pSphereShape16 tranform: pSphere16 0.07276529405 0.02351112399 0.06477421396 0 -0.1296128332 0.3380162144 0.02291304976 0 -0.04889348271 -0.02303834836 0.06328762422 0 4.612376279 -0.9040076781 -0.1755216585 1


mesh: pSphereShape17 tranform: pSphere17 0.08658121074 0.01997871755 0.06878871888 0 -0.01714767128 0.1022908155 -0.008125942424 0 -0.1714538957 -0.0113371924 0.2190938963 0 4.63306938 -1.355849755 -0.04667436631 1


mesh: pSphereShape18 tranform: pSphere18 0.08901962239 0.0330263079 0.08560725669 0 0.04382734125 0.3140403236 -0.1667275222 0 -0.1033206542 0.05931179126 0.08455727262 0 4.645679511 -0.1584182052 0.1478771276 1


mesh: pSphereShape19 tranform: pSphere19 0.06213905551 0.01925660151 0.05693679769 0 -0.1854308519 0.3812279411 0.073438332 0 -0.05495171227 -0.04094956555 0.07382215255 0 4.745559568 -0.7920487779 0.2954492678 1


mesh: pSphereShape20 tranform: pSphere20 0.1036484355 0.03962550356 0.03175407927 0 -0.03140307372 0.07519787838 0.008664262074 0 -0.05661064588 -0.05247664977 0.2502676423 0 4.844341075 -1.224970213 0.4249711553 1


mesh: pSphereShape21 tranform: pSphere21 0.1875093403 0.03813667912 0.181956608 0 0.04615515367 0.1177286322 -0.0722386597 0 -0.1664529636 0.1510804002 0.1398673064 0 4.610283295 0.2254214815 -0.1795105246 1


