mesh: pSphereShape1 tranform: pSphere1 -0.03271925277 0.1399639432 0.02996130732 0 -0.02566464581 0.01114585564 -0.0800948341 0 -0.1406984444 -0.04131117455 0.03933496322 0 4.825429786 -0.08989800029 -0.4398014304 1


mesh: pSphereShape2 tranform: pSphere2 -0.06270052614 0.2501043662 0.03174881443 0 -0.03516066727 0.008426414705 -0.1358184715 0 -0.1239806042 -0.03488125528 0.02993198794 0 4.756380974 0.2451435782 -0.3538127378 1


mesh: pSphereShape3 tranform: pSphere3 -0.112600426 0.2676405291 0.04391001485 0 -0.02764078058 0.009801919388 -0.130625202 0 -0.1200322056 -0.05400163903 0.02134706091 0 4.626734824 0.6941838478 -0.283964142 1


mesh: pSphereShape4 tranform: pSphere4 -0.07491816516 0.02673971273 0.1622980015 0 -0.0222085812 0.1430851157 -0.03382593128 0 -0.1547430772 -0.03937110011 -0.06494408689 0 4.46353917 0.9816392569 -0.1396603331 1


mesh: pSphereShape5 tranform: pSphere5 -0.1001909137 0.02549090465 0.1555705111 0 -0.0177482934 0.133308987 -0.0332735579 0 -0.1473736371 -0.04160886982 -0.08809414801 0 4.310960836 1.041210921 0.105018023 1


mesh: pSphereShape6 tranform: pSphere6 -0.07268506457 -0.2323918027 0.1082584538 0 -0.08255184958 0.04810554936 0.04783967107 0 -0.06015835617 -0.02011879312 -0.08357829148 0 4.203368181 0.7755481772 0.2777347636 1


mesh: pSphereShape7 tranform: pSphere7 -0.1473828408 -0.1968101379 0.05242217809 0 -0.07040172946 0.06219385405 0.03556460594 0 -0.05166025803 0.007809606238 -0.1159208969 0 3.986713848 0.3711814788 0.3710302479 1


mesh: pSphereShape8 tranform: pSphere8 0.006674358079 -0.1849847505 0.03971338359 0 -0.03971262789 0.002615763678 0.01885844575 0 -0.04957292198 -0.02350019433 -0.101132409 0 3.83845473 0.05972655377 0.4288121392 1


mesh: pSphereShape10 tranform: pSphere10 -0.0466870134 0.02116266743 0.1761791946 0 -0.01764613296 0.1520595467 -0.02294159008 0 -0.2143548384 -0.03285008528 -0.05285750003 0 4.317623276 1.425029601 -0.09725489521 1


mesh: pSphereShape11 tranform: pSphere11 -0.01590596021 0.006988305775 0.04046900075 0 -0.1177787912 0.106346162 -0.0646560136 0 -0.07224579317 -0.08803389088 -0.01319357912 0 4.295959013 1.219811503 -0.1211337206 1


mesh: pSphereShape12 tranform: pSphere12 -0.1624085434 0.04335413939 0.268096054 0 -0.01189380331 0.1619472103 -0.03339376715 0 -0.2231281503 -0.04283067282 -0.1282414658 0 4.426468225 0.8215393967 -0.005957807306 1


mesh: pSphereShape13 tranform: pSphere13 -0.1128710833 0.03423793374 0.1846254424 0 -0.02000948146 0.1999119976 -0.04930558571 0 -0.1666603972 -0.03998192844 -0.09447365829 0 4.401817231 0.5958861241 0.02776823171 1


mesh: pSphereShape14 tranform: pSphere14 -0.1164837524 0.0344984864 0.1852847435 0 -0.02026526022 0.2341116781 -0.05632990552 0 -0.1617270523 -0.03681403553 -0.09481916907 0 4.409813726 0.4057010348 0.06745806681 1


mesh: pSphereShape15 tranform: pSphere15 -0.1015905671 0.001483109956 0.1127315791 0 0.04106963455 0.3764426107 0.03205829023 0 -0.1382352862 0.02571904125 -0.1249121621 0 4.485358169 -0.1936765291 -0.08870179458 1


mesh: pSphereShape16 tranform: pSphere16 -0.06749962866 0.003825793165 0.07397582849 0 -0.03901279404 0.3565632907 -0.05403773899 0 -0.06086220564 -0.01495817307 -0.05476044657 0 4.480298426 -0.8951444029 -0.1220764808 1


mesh: pSphereShape17 tranform: pSphere17 -0.09841560377 -0.01022865166 0.05326430957 0 -0.006986614461 0.1035662119 0.006979360625 0 -0.1330840289 0.007496184764 -0.2444576735 0 4.440693651 -1.351662273 -0.2513983754 1


mesh: pSphereShape18 tranform: pSphere18 -0.06319443452 0.01465052534 0.1101619632 0 0.1059702417 0.3418708891 0.01532417659 0 -0.1194170302 0.04032691453 -0.07386671356 0 4.225746186 -0.1693009795 0.2390887859 1


mesh: pSphereShape19 tranform: pSphere19 -0.04111538585 0.007821342749 0.07564541953 0 -0.1472220558 0.386074132 -0.1199373313 0 -0.08162928586 -0.04351335364 -0.039868729 0 4.203888438 -0.8415214033 0.3256763792 1


mesh: pSphereShape20 tranform: pSphere20 -0.02735741202 0.03062901734 0.1078653586 0 -0.008548499557 0.07780876097 -0.02426238366 0 -0.2529672643 -0.04391049019 -0.05169031639 0 4.136847677 -1.272346611 0.3696618777 1


mesh: pSphereShape21 tranform: pSphere21 -0.1388222611 0.04111438537 0.220817466 0 0.06973249351 0.1262241391 0.02033713458 0 -0.1861431592 0.1254529329 -0.1403817145 0 4.464720083 0.2478251177 0.1363256697 1


