mesh: pSphereShape1 tranform: pSphere1 0.01047664788 0.1420589598 0.03560374434 0 -0.06054525465 0.01861158537 -0.05644437635 0 -0.1058019754 -0.0190650385 0.1072024769 0 4.532913029 -0.06328429973 -0.3447559881 1


mesh: pSphereShape2 tranform: pSphere2 -0.008946179517 0.2556035761 0.04558853984 0 -0.09997831418 0.01394310309 -0.09779499349 0 -0.09282305413 -0.01967374001 0.09209039401 0 4.562216137 0.2764171178 -0.2536934886 1


mesh: pSphereShape3 tranform: pSphere3 -0.04831051501 0.2784484609 0.07981821147 0 -0.09057599929 0.01232326533 -0.0978118564 0 -0.09570824736 -0.04054645652 0.08351958243 0 4.533699286 0.7367379125 -0.1530149334 1


mesh: pSphereShape4 tranform: pSphere4 0.005744972559 0.002205586316 0.1806391864 0 -0.02338608611 0.1468426207 -0.001049172418 0 -0.1701418903 -0.02705569464 0.005741468289 0 4.481849113 1.013731397 0.04789276072 1


mesh: pSphereShape5 tranform: pSphere5 -0.02483582942 -0.0001119711151 0.1851306522 0 -0.02135265695 0.1368566531 -0.002781748714 0 -0.1729672961 -0.0274586976 -0.02322068654 0 4.450997432 1.033945887 0.3399915729 1


mesh: pSphereShape6 tranform: pSphere6 -0.05621147875 -0.2481518662 0.07918258863 0 -0.053330594 0.03889301911 0.08402836833 0 -0.08818640003 0.001844338056 -0.05682324989 0 4.388671339 0.7432794208 0.4868622216 1


mesh: pSphereShape7 tranform: pSphere7 -0.1413341209 -0.1978433571 0.06392721813 0 -0.04479083918 0.05498226174 0.07113404113 0 -0.08856049721 0.03620470201 -0.08374774292 0 4.173010092 0.3367734571 0.5726908017 1


mesh: pSphereShape8 tranform: pSphere8 -0.005049681111 -0.1892349907 -0.002382607228 0 -0.02978429751 0.0003863480681 0.03243951859 0 -0.08469735648 0.003239725599 -0.07780334097 0 4.016881538 0.0273588116 0.6193511988 1


mesh: pSphereShape10 tranform: pSphere10 0.007204358089 0.003133696798 0.1833164518 0 -0.01830382078 0.1536916987 -0.001907935165 0 -0.2214668945 -0.02626184628 0.009152607202 0 4.398462434 1.447197463 0.1817141474 1


mesh: pSphereShape11 tranform: pSphere11 -0.0003984151726 0.001687275654 0.04400648106 0 -0.1206227832 0.1215680678 -0.005753170487 0 -0.08142063179 -0.08067602269 0.002356095543 0 4.366465142 1.253466754 0.1537792323 1


mesh: pSphereShape12 tranform: pSphere12 -0.02815558935 0.0005672575435 0.315180189 0 -0.02052925537 0.1644916961 -0.002129963947 0 -0.2578446336 -0.03247759562 -0.0229752526 0 4.501086932 0.8354636374 0.1608833767 1


mesh: pSphereShape13 tranform: pSphere13 -0.02324897908 -0.004312005175 0.2178062514 0 -0.02954619332 0.2047497006 0.0008997121848 0 -0.1925797777 -0.02769728726 -0.02110460117 0 4.484854473 0.6071296811 0.1652898028 1


mesh: pSphereShape14 tranform: pSphere14 -0.02645546637 -0.001790155176 0.2199680658 0 -0.02573038536 0.2402679052 -0.001139222229 0 -0.1885929615 -0.02030482455 -0.02284724158 0 4.497238675 0.4140520479 0.1636824695 1


mesh: pSphereShape15 tranform: pSphere15 -0.06141207076 -0.006163529505 0.1386427795 0 0.04155191431 0.3761157782 0.03512616967 0 -0.170757427 0.02582137091 -0.07448939242 0 4.50314581 -0.1766754117 -0.0612585016 1


mesh: pSphereShape16 tranform: pSphere16 -0.04081628145 -0.002543846417 0.09149218424 0 -0.03539249906 0.3609622268 -0.005753034971 0 -0.07557599077 -0.007951145324 -0.0339368595 0 4.479952316 -0.8798046292 -0.138360646 1


mesh: pSphereShape17 tranform: pSphere17 -0.09481685491 -0.01922190364 0.05716314808 0 -0.007731503677 0.1015344651 0.02131808487 0 -0.1479942305 0.0376155542 -0.2328301601 0 4.422328183 -1.317358887 -0.3227324133 1


mesh: pSphereShape18 tranform: pSphere18 0.01419571211 -0.005230173434 0.1269447109 0 -0.01381418568 0.3576092955 0.01627843197 0 -0.1450795846 -0.00633094858 0.01596282383 0 4.531708543 -0.1986369829 0.3266405868 1


mesh: pSphereShape19 tranform: pSphere19 0.01025578625 -0.002226164672 0.08581224208 0 -0.1101303467 0.4152240393 0.0239340021 0 -0.09663688534 -0.02625757342 0.01086830427 0 4.62604559 -0.916261342 0.3096087499 1


mesh: pSphereShape20 tranform: pSphere20 0.04788647024 0.01199107255 0.1043292884 0 -0.002299531117 0.0814958815 -0.008311248089 0 -0.2381831164 0.004377303883 0.1088214088 0 4.512662476 -1.330145892 0.3508755084 1


mesh: pSphereShape21 tranform: pSphere21 -0.03152892642 -0.002133459681 0.2621521339 0 0.08034625383 0.1209952673 0.01064789978 0 -0.2185404303 0.147328118 -0.02508477216 0 4.564819157 0.2467335751 0.1746217147 1


