mesh: pSphereShape1 tranform: pSphere1 -0.03736608812 0.1397002923 0.0254113875 0 -0.06218817881 -0.006196518842 -0.05737874312 0 -0.09577510601 -0.04539060014 0.1087047709 0 -2.576697613 -0.01612236391 -0.2311750023 1


mesh: pSphereShape2 tranform: pSphere2 -0.0892107884 0.2418721579 0.03210656739 0 -0.1069350569 -0.02791526715 -0.08683067226 0 -0.07280898201 -0.04048470598 0.1026823101 0 -2.657320402 0.3206970236 -0.1636594075 1


mesh: pSphereShape3 tranform: pSphere3 -0.113972505 0.2612409528 0.07072362257 0 -0.100040598 -0.02018839403 -0.08664491488 0 -0.0719270833 -0.05748892206 0.09644232954 0 -2.813536083 0.7607111254 -0.08462562533 1


mesh: pSphereShape4 tranform: pSphere4 0.008331408357 0.01949285093 0.1794965219 0 -0.02850398976 0.1452224163 -0.0144477481 0 -0.1689919176 -0.03204287207 0.01132360439 0 -2.920685752 1.036998065 0.1034695956 1


mesh: pSphereShape5 tranform: pSphere5 -0.01023542301 0.01929896884 0.1855073455 0 -0.02751897642 0.1348862058 -0.01555104483 0 -0.1728747992 -0.03593791135 -0.005799673667 0 -2.936682677 1.086285467 0.3941403095 1


mesh: pSphereShape6 tranform: pSphere6 -0.1097716999 -0.2129679105 0.116635348 0 -0.0450564945 0.06336556588 0.07329599744 0 -0.08475538587 0.01028341743 -0.06099098584 0 -3.041597279 0.8395338646 0.5810714055 1


mesh: pSphereShape7 tranform: pSphere7 -0.2368629134 -0.07720812862 0.03374732625 0 -0.01774780763 0.07989883981 0.05822809381 0 -0.03621346804 0.06643013859 -0.1021912324 0 -3.388518253 0.5803743036 0.669432284 1


mesh: pSphereShape8 tranform: pSphere8 -0.132570554 -0.1345826211 0.01239452005 0 -0.02684889233 0.02832660179 0.02040383839 0 -0.04273797136 0.0327344291 -0.1016829427 0 -3.704937343 0.4355668716 0.6856123645 1


mesh: pSphereShape10 tranform: pSphere10 -0.001659718597 0.005183571248 0.183403981 0 0.02040277357 0.1533828835 -0.004150445579 0 -0.221249593 0.02935367942 -0.002831830312 0 -2.907610602 1.492934213 0.2268676748 1


mesh: pSphereShape11 tranform: pSphere11 0.0005609960992 0.002185286916 0.04398278997 0 -0.09595236975 0.1418484227 -0.005823882416 0 -0.09497368937 -0.06406386436 0.004394395943 0 -2.991043967 1.306853295 0.2058524298 1


mesh: pSphereShape12 tranform: pSphere12 0.0130678244 0.03280806163 0.3144590174 0 -0.02017999478 0.1637448237 -0.01624517459 0 -0.2587312591 -0.03050372701 0.01393447977 0 -2.898385279 0.8707050061 0.2327305862 1


mesh: pSphereShape13 tranform: pSphere13 0.01791451638 0.02345567734 0.2170888594 0 -0.03934849847 0.2022419298 -0.01860441914 0 -0.1914623086 -0.03544546073 0.01962952851 0 -2.908402304 0.6432496979 0.2667119536 1


mesh: pSphereShape14 tranform: pSphere14 0.02447105823 0.01955490953 0.2193349474 0 -0.04444475806 0.2369710048 -0.01616858754 0 -0.1866051988 -0.03337493427 0.02379497918 0 -2.882963979 0.4507721231 0.2839139826 1


mesh: pSphereShape15 tranform: pSphere15 0.03829888255 0.012932723 0.1462777909 0 0.06148257347 0.3718135093 -0.04897035249 0 -0.1794290965 0.03544482041 0.04384490502 0 -2.942931753 -0.134107415 0.161161472 1


mesh: pSphereShape16 tranform: pSphere16 0.02385435559 0.01386795472 0.09634266612 0 -0.1126831747 0.3441133227 -0.02163281903 0 -0.07658840756 -0.02367324939 0.022370843 0 -2.946908115 -0.8211640737 0.2019939538 1


mesh: pSphereShape17 tranform: pSphere17 0.002691836392 0.006184840463 0.1121688228 0 -0.02605083154 0.1006012627 -0.004921850563 0 -0.2694839011 -0.06927992703 0.01028709974 0 -3.003412568 -1.318583104 0.2238337019 1


mesh: pSphereShape18 tranform: pSphere18 0.02366155786 0.008992756897 0.125311985 0 0.08544935445 0.3454902749 -0.04092804768 0 -0.139275286 0.03724539024 0.0236252861 0 -2.913115439 -0.1408230259 0.5051183354 1


mesh: pSphereShape19 tranform: pSphere19 0.02093682219 0.001543007962 0.08386385667 0 -0.3701147805 0.2006449532 0.08870842439 0 -0.04519788516 -0.08908657878 0.01292286604 0 -2.73105536 -0.6766696039 0.5031094333 1


mesh: pSphereShape20 tranform: pSphere20 0.03582730829 0.05556747392 0.09460528577 0 -0.07384404089 0.03472315021 0.007569930881 0 -0.07931118253 -0.2009462896 0.1480634383 0 -2.447727503 -1.058740445 0.51172198 1


mesh: pSphereShape21 tranform: pSphere21 0.02916396119 0.02330502495 0.2613976001 0 0.07072329533 0.1258638152 -0.01911199947 0 -0.2295839877 0.1311184105 0.01392461399 0 -2.801508252 0.2896581642 0.2933753044 1


