mesh: pSphereShape1 tranform: pSphere1 0.1345009695 0.0453078211 0.03761416465 0 -0.02463463236 0.08067597915 -0.009088887076 0 -0.04200304101 0.003605756774 0.145851458 0 -0.3640111478 0.7424333223 0.08452875 1


mesh: pSphereShape2 tranform: pSphere2 0.2521152541 0.05266935719 0.03399080245 0 -0.02827542149 0.1376296817 -0.003536303355 0 -0.01761553217 -0.000251856314 0.131047494 0 -0.023529102 0.7928014922 0.1426749568 1


mesh: pSphereShape3 tranform: pSphere3 0.2676446654 0.07687167023 0.09324954431 0 -0.03323509213 0.1292081014 -0.01112335139 0 -0.04376410967 -0.0004139502895 0.1259529108 0 0.4268739064 0.894623469 0.2327012643 1


mesh: pSphereShape4 tranform: pSphere4 0.176546241 0.001754776135 0.0386876019 0 -0.003223939564 0.1484476657 0.007978834951 0 -0.0367446738 -0.009834524085 0.1681259914 0 0.787656807 1.012729406 0.3440827143 1


mesh: pSphereShape5 tranform: pSphere5 0.1819465775 0.001606621105 0.04222618878 0 -0.00344315691 0.138165851 0.00957913691 0 -0.03972469346 -0.01289116223 0.1716584765 0 1.074228567 1.035024394 0.4181540328 1


mesh: pSphereShape6 tranform: pSphere6 0.2616734846 -0.0495815208 -0.008810314999 0 0.02010644322 0.1045956181 0.008548303241 0 0.00183393952 -0.008895522103 0.1045305257 0 1.397614261 0.9365753399 0.4290068086 1


mesh: pSphereShape7 tranform: pSphere7 0.2480566516 -0.01330886165 0.03866249697 0 0.003525139076 0.09969926804 0.01170254394 0 -0.02019303597 -0.01393041416 0.1247622195 0 1.856746218 0.858093264 0.5081391152 1


mesh: pSphereShape8 tranform: pSphere8 0.1704900246 -0.06083555024 -0.05543685723 0 0.01390919213 0.04168122313 -0.002964122494 0 0.03437422179 -0.003666886007 0.1097381643 0 2.200991243 0.8191094083 0.5185961723 1


mesh: pSphereShape10 tranform: pSphere10 0.1831112859 0.0005093707086 0.01168939021 0 -0.001320703441 0.1541520964 0.0139712286 0 -0.0141054686 -0.02022681175 0.2218399243 0 0.9137266901 1.446779269 0.4550505677 1


mesh: pSphereShape11 tranform: pSphere11 0.04357852954 0.00165069739 0.006145158322 0 -0.02174583129 0.1177359791 0.1225851049 0 -0.007917319534 -0.083186232 0.07849113302 0 0.8755274624 1.247786196 0.4917900174 1


mesh: pSphereShape12 tranform: pSphere12 0.307000127 0.002729657458 0.07664908049 0 -0.002030192633 0.1657540859 0.002228565803 0 -0.06315507911 -0.004176493841 0.2531017669 0 0.8976942626 0.8335712675 0.3715545747 1


mesh: pSphereShape13 tranform: pSphere13 0.2116369342 0.004724562872 0.05644606415 0 -0.007853359309 0.2063646942 0.01217229093 0 -0.05004940491 -0.01303765802 0.188744778 0 0.8993373684 0.6071346467 0.410163356 1


mesh: pSphereShape14 tranform: pSphere14 0.2124620705 0.01116218756 0.06184109077 0 -0.01677114649 0.240644086 0.01418341872 0 -0.05254050081 -0.01445454872 0.1831178563 0 0.906480048 0.4119479207 0.409340315 1


mesh: pSphereShape15 tranform: pSphere15 0.1493122216 -0.01519064682 0.0225023683 0 0.04664511463 0.3726831575 -0.05792223534 0 -0.02447889445 0.03162635179 0.1837772273 0 0.698847655 -0.1792532511 0.4163180137 1


mesh: pSphereShape16 tranform: pSphere16 0.09877589502 -0.006564915337 0.0156039807 0 0.01255475734 0.355667031 0.07016264469 0 -0.01376056846 -0.01541822086 0.08062001456 0 0.598404688 -0.8709574557 0.438566738 1


mesh: pSphereShape17 tranform: pSphere17 0.1082717466 0.005300614537 0.02960532785 0 -0.006489686867 0.1037047614 0.005166325686 0 -0.07247108417 -0.01789839786 0.2682437231 0 0.521573896 -1.344064214 0.5489933421 1


mesh: pSphereShape18 tranform: pSphere18 0.09747793862 0.01330588035 0.0816384567 0 -0.001111569041 0.3537871788 -0.05633492592 0 -0.09452211323 0.01722726967 0.1100534861 0 1.078948926 -0.1905102761 0.5163449891 1


mesh: pSphereShape19 tranform: pSphere19 0.06731732222 0.00756120071 0.05371298004 0 -0.165220468 0.3655120011 0.1556139665 0 -0.04998071106 -0.05240143781 0.07001632413 0 1.215513424 -0.8618189094 0.4784776643 1


mesh: pSphereShape20 tranform: pSphere20 0.09489617721 0.0039424774 0.0655795143 0 -0.01585393594 0.07830793009 0.01823360057 0 -0.1402038077 -0.07669846561 0.2074914322 0 1.232739788 -1.294036139 0.4885750814 1


mesh: pSphereShape21 tranform: pSphere21 0.2532066868 0.01330280047 0.07370057944 0 0.01794488709 0.1183078078 -0.08300600365 0 -0.06763449762 0.1538107206 0.2046034624 0 0.9363174926 0.2430630997 0.3521572401 1


