mesh: pSphereShape1 tranform: pSphere1 0.1187148535 0.08608786351 0.007334721469 0 -0.02972137527 0.04647735134 -0.06445604902 0 -0.07178267871 0.09060177651 0.09843002522 0 -4.390018529 0.1978530607 -0.1184486027 1


mesh: pSphereShape2 tranform: pSphere2 0.1794833314 0.1868167507 0.01941063171 0 -0.09314035964 0.09433507171 -0.04668727701 0 -0.03821601687 0.02379812368 0.1243261897 0 -4.110673859 0.4115876635 -0.08807398011 1


mesh: pSphereShape3 tranform: pSphere3 0.07317112536 0.2698816716 0.08971213893 0 -0.1097769978 0.04927184971 -0.0586884089 0 -0.06871118333 -0.01883706994 0.1127099928 0 -3.883416313 0.7925156032 -0.009769232936 1


mesh: pSphereShape4 tranform: pSphere4 0.04462853599 0.00873155112 0.174929811 0 -0.03367919271 0.1448261655 0.001363381089 0 -0.1624112139 -0.03817658182 0.04334032855 0 -3.811167555 1.066349716 0.1976692776 1


mesh: pSphereShape5 tranform: pSphere5 0.02981459521 0.007245544743 0.1842519507 0 -0.03134852233 0.1349467783 -0.0002340242051 0 -0.1697576367 -0.03938486137 0.02901798314 0 -3.765356701 1.097128321 0.4880773021 1


mesh: pSphereShape6 tranform: pSphere6 0.068900314 -0.2154658295 0.1408409898 0 -0.05671010888 0.03614359068 0.08303728247 0 -0.08468845149 -0.05051490274 -0.03585017776 0 -3.682757192 0.8367828526 0.6936881489 1


mesh: pSphereShape7 tranform: pSphere7 -0.002571088062 -0.2084120366 0.1405767739 0 -0.05890399813 0.04599502145 0.06711257106 0 -0.1029845408 -0.04082534989 -0.06240914766 0 -3.657313829 0.421807944 0.9162190382 1


mesh: pSphereShape8 tranform: pSphere8 0.109692323 -0.1464059902 0.04872307573 0 -0.02947104754 -0.01194022744 0.03047071273 0 -0.05353229902 -0.06593783376 -0.07761438606 0 -3.606762447 0.1063329179 1.056248719 1


mesh: pSphereShape10 tranform: pSphere10 0.01328310093 -0.01097897382 0.182673659 0 0.01051752284 0.1541975795 0.008502735859 0 -0.2221034039 0.01421159758 0.01700437111 0 -3.79833228 1.5113073 0.3622721237 1


mesh: pSphereShape11 tranform: pSphere11 0.004623547214 -0.002882557184 0.04370228466 0 -0.1018864183 0.1363450035 0.01977239729 0 -0.09138790839 -0.06903315447 0.005115162642 0 -3.870192595 1.324216928 0.3339328122 1


mesh: pSphereShape12 tranform: pSphere12 0.04045671085 0.01113951024 0.3136411586 0 -0.02762732027 0.1634478881 -0.00224147532 0 -0.255075606 -0.04264301613 0.03441685523 0 -3.759012815 0.8933269815 0.3083314992 1


mesh: pSphereShape13 tranform: pSphere13 0.02655016473 0.01356756547 0.2170476479 0 -0.0424484418 0.2023333266 -0.007455310151 0 -0.1900644703 -0.038928174 0.02568285627 0 -3.761236391 0.6648281765 0.3278604043 1


mesh: pSphereShape14 tranform: pSphere14 0.02551693981 0.01240111467 0.2197365342 0 -0.04040797555 0.238081402 -0.008744048388 0 -0.1870741721 -0.0308889712 0.02346727677 0 -3.736975237 0.4731371531 0.3359610044 1


mesh: pSphereShape15 tranform: pSphere15 0.02000808905 0.02809140811 0.1477897189 0 -0.03272776085 0.372747599 -0.06641994481 0 -0.1857318303 -0.01143950988 0.02731915975 0 -3.708594028 -0.1214846537 0.2210776587 1


mesh: pSphereShape16 tranform: pSphere16 0.0116982564 0.02162547056 0.09715322734 0 -0.1541837461 0.3239445756 -0.05354194636 0 -0.07470495477 -0.03286066418 0.01630975197 0 -3.573435903 -0.8029223968 0.3050134619 1


mesh: pSphereShape17 tranform: pSphere17 0.003096822837 0.01034790511 0.1118511225 0 -0.04454111859 0.09372435073 -0.007437696787 0 -0.2515109262 -0.1181071464 0.01789026591 0 -3.558531683 -1.309841698 0.3692279659 1


mesh: pSphereShape18 tranform: pSphere18 0.01040152586 0.004515671018 0.1273391124 0 0.1870658647 0.3044120114 -0.02607521651 0 -0.1240252079 0.07684974522 0.007405605568 0 -3.881751853 -0.07810384719 0.5355060723 1


mesh: pSphereShape19 tranform: pSphere19 0.008130853703 0.002313077476 0.08603729856 0 0.04453902108 0.427647194 -0.01570622718 0 -0.09973859622 0.010723263 0.009137388196 0 -4.129659435 -0.7399329126 0.5957186409 1


mesh: pSphereShape20 tranform: pSphere20 0.03031190013 0.003108455852 0.1113239708 0 0.01791103598 0.07965370805 -0.007101054362 0 -0.2461401827 0.06116993785 0.0653123719 0 -4.393363043 -1.109767123 0.6383943934 1


mesh: pSphereShape21 tranform: pSphere21 0.03041041525 0.01477932109 0.2618762007 0 0.07281867813 0.1251612222 -0.0155197155 0 -0.227244569 0.1345413083 0.0187957993 0 -3.658276925 0.3104379797 0.3401817341 1


