mesh: pSphereShape1 tranform: pSphere1 -0.004529851214 0.1410734523 0.04044621529 0 -0.08433847501 -0.004941602564 0.00779030097 0 0.01583023601 -0.0411441274 0.1452806565 0 4.299001959 -0.1238270061 -0.6909696822 1


mesh: pSphereShape2 tranform: pSphere2 -0.03128497078 0.2495400151 0.06513500356 0 -0.1380759055 -0.01110233895 -0.02378479704 0 -0.0188746991 -0.0352632397 0.1260320029 0 4.304411399 0.2167453906 -0.5992525924 1


mesh: pSphereShape3 tranform: pSphere3 -0.02420728877 0.2723487217 0.1071381309 0 -0.1312692546 -0.001337040226 -0.02626078627 0 -0.02377121131 -0.04985535254 0.1213629999 0 4.269195723 0.6710646007 -0.4684288317 1


mesh: pSphereShape4 tranform: pSphere4 0.1252653873 0.02847611505 0.127145895 0 -0.03148837008 0.145316647 -0.001523058883 0 -0.1187805235 -0.02445438607 0.1225006454 0 4.328319466 0.9647268751 -0.2798738292 1


mesh: pSphereShape5 tranform: pSphere5 0.1078611505 0.0290789706 0.1497016199 0 -0.02950628733 0.1352687582 -0.005015938672 0 -0.1392406555 -0.02646193764 0.1054640773 0 4.502056276 1.029754095 -0.05143650429 1


mesh: pSphereShape6 tranform: pSphere6 0.06637349374 -0.2152671253 0.1423502213 0 0.00151938582 0.05925776807 0.08890328603 0 -0.1016065229 -0.02094728535 0.01569873229 0 4.611977805 0.7812810468 0.1480035532 1


mesh: pSphereShape7 tranform: pSphere7 -0.02330278736 -0.1760727039 0.1779308853 0 -0.003577485761 0.0715861638 0.07037004289 0 -0.1265227841 0.0050516849 -0.01157117671 0 4.597069917 0.4090581706 0.4304315378 1


mesh: pSphereShape8 tranform: pSphere8 0.03129519666 -0.184767532 0.0268817335 0 0.002598621708 0.006760353647 0.04344100359 0 -0.113268193 -0.01779620492 0.009545125338 0 4.579548853 0.1184848089 0.624176022 1


mesh: pSphereShape10 tranform: pSphere10 0.1264300062 0.024619468 0.1306750919 0 -0.007300404788 0.1530760962 -0.02177662006 0 -0.1614179227 0.014140124 0.1535101015 0 4.369557519 1.423898423 -0.2132407777 1


mesh: pSphereShape11 tranform: pSphere11 0.02879619751 0.007022551263 0.03257359041 0 -0.09227263078 0.1344719636 0.05258138944 0 -0.06093424073 -0.06866409994 0.06867132437 0 4.315434952 1.232232117 -0.1700860303 1


mesh: pSphereShape12 tranform: pSphere12 0.1869043735 0.04897063978 0.2505997648 0 -0.02765332938 0.1630718231 -0.01124184338 0 -0.2059757922 -0.02401493628 0.1583154048 0 4.431184346 0.8046802388 -0.1865623216 1


mesh: pSphereShape13 tranform: pSphere13 0.1278082343 0.03664320532 0.174129269 0 -0.04773749077 0.2011571072 -0.007292265014 0 -0.1524006991 -0.03186867898 0.1185661373 0 4.444224114 0.5795523123 -0.1403906631 1


mesh: pSphereShape14 tranform: pSphere14 0.1272563078 0.03472769175 0.1780136676 0 -0.04930506294 0.2363116924 -0.01085410671 0 -0.1514605595 -0.02639170159 0.1134229452 0 4.476614742 0.3889338393 -0.1261763765 1


mesh: pSphereShape15 tranform: pSphere15 0.09544357195 0.030704096 0.1139255674 0 -0.05792494172 0.3720106291 -0.05173278361 0 -0.1433894434 -0.005418512696 0.1215879061 0 4.450922534 -0.2170049389 -0.2106897237 1


mesh: pSphereShape16 tranform: pSphere16 0.06191708633 0.02273601252 0.07544937321 0 -0.1418947565 0.3334524629 0.01596210103 0 -0.05676881807 -0.02677324467 0.05465488259 0 4.589870292 -0.9056481939 -0.179997704 1


mesh: pSphereShape17 tranform: pSphere17 0.08429164628 0.02823240651 0.06874003669 0 -0.02297329655 0.1006118359 -0.01315182981 0 -0.1735633453 -0.01120818652 0.217433317 0 4.626958556 -1.351736628 -0.04326150914 1


mesh: pSphereShape18 tranform: pSphere18 0.06016970585 0.02064066249 0.1108936524 0 0.09071951279 0.3285243862 -0.1103717581 0 -0.123476915 0.05327436094 0.05708127937 0 4.509824851 -0.1749013486 0.1368608009 1


mesh: pSphereShape19 tranform: pSphere19 0.04211637008 0.01234271094 0.07448319751 0 -0.1191326616 0.4134230631 -0.001145575149 0 -0.08342853874 -0.02389921106 0.05113486523 0 4.501624147 -0.8515501242 0.2804082613 1


mesh: pSphereShape20 tranform: pSphere20 0.08815595762 0.01657137235 0.0726320661 0 -0.01306348128 0.08086138374 -0.002593350384 0 -0.1638113356 -0.01994188688 0.2033731158 0 4.449755016 -1.281418942 0.431173476 1


mesh: pSphereShape21 tranform: pSphere21 0.1516607083 0.04138754625 0.2121519897 0 0.05128748906 0.1221435719 -0.06049210126 0 -0.1956462509 0.1380772534 0.1129245608 0 4.554243487 0.2267411175 -0.1448728688 1


