mesh: pSphereShape1 tranform: pSphere1 -0.09962428393 0.1005451743 -0.03903594253 0 0.0288658635 0.05206903252 0.06044554879 0 0.09884282557 0.05965907817 -0.09859409191 0 -5.713069125 0.2576858037 0.8341094245 1


mesh: pSphereShape2 tranform: pSphere2 -0.1393267374 0.2030723184 -0.0827117339 0 0.1075603814 0.08565581839 0.02911665005 0 0.04706817703 -0.01752637403 -0.1223161028 0 -5.944223624 0.5015702283 0.7257651543 1


mesh: pSphereShape3 tranform: pSphere3 0.006336684742 0.2432173631 -0.1644492591 0 0.1152773864 0.03604352458 0.05774965184 0 0.06774064247 -0.06553668819 -0.09431729564 0 -6.071121452 0.879810386 0.5304359637 1


mesh: pSphereShape4 tranform: pSphere4 0.03280510354 -0.01895386598 -0.1767284955 0 0.04503254889 0.1415496272 -0.006821849696 0 0.1612737025 -0.04960839405 0.0352567442 0 -6.011011975 1.110878527 0.2640182894 1


mesh: pSphereShape5 tranform: pSphere5 0.05205074446 -0.02217045704 -0.1780151122 0 0.04316382834 0.1315906744 -0.003767747505 0 0.1604918523 -0.05111795918 0.05329339062 0 -5.926493462 1.094474606 -0.01838093804 1


mesh: pSphereShape6 tranform: pSphere6 0.0350170764 -0.247947356 -0.09113108375 0 0.08591651273 0.03225088215 -0.05473407821 0 0.06083951356 -0.02178930117 0.082661384 0 -5.88363042 0.7956630623 -0.1681928965 1


mesh: pSphereShape7 tranform: pSphere7 0.1906301951 -0.1574975783 0.04537244126 0 0.0625777623 0.06174417692 -0.04859012729 0 0.02442750818 0.06093630902 0.1088921009 0 -5.662776638 0.4231485365 -0.1540568359 1


mesh: pSphereShape8 tranform: pSphere8 0.05327192636 -0.1777968378 0.03730206607 0 0.03987570357 0.008448796056 -0.01667699372 0 0.03656775746 0.03278538583 0.1040452568 0 -5.438092534 0.1682899677 -0.07184524578 1


mesh: pSphereShape10 tranform: pSphere10 0.03178248302 -0.02508871024 -0.1789610983 0 0.0004856231913 0.1533016245 -0.0214052426 0 0.2198311415 0.004663536205 0.03838698734 0 -5.933143419 1.532608007 0.07568203704 1


mesh: pSphereShape11 tranform: pSphere11 0.008684784193 -0.005433575044 -0.04283254365 0 0.1127509431 0.1288663732 0.006514030576 0 0.08331642455 -0.0742271726 0.02630952971 0 -5.881076944 1.344067333 0.1414671592 1


mesh: pSphereShape12 tranform: pSphere12 0.07840758268 -0.03717307679 -0.3043058065 0 0.03846932421 0.1609613108 -0.009750521962 0 0.2454023513 -0.05441752362 0.06987796971 0 -6.027968269 0.923407957 0.1668618655 1


mesh: pSphereShape13 tranform: pSphere13 0.05454128155 -0.03535674224 -0.2092219418 0 0.07010501126 0.1940890715 -0.01452400302 0 0.1775600308 -0.05991329388 0.05641229795 0 -6.047192611 0.6941531053 0.1864682651 1


mesh: pSphereShape14 tranform: pSphere14 0.05499520126 -0.03233210006 -0.2121773067 0 0.0826435854 0.2266932584 -0.01312330967 0 0.1731564542 -0.05999868369 0.05402395604 0 -6.103365155 0.5076657734 0.2012911549 1


mesh: pSphereShape15 tranform: pSphere15 0.0277386626 -0.02011827154 -0.1478413799 0 -0.02522820352 0.3750685545 -0.05577279958 0 0.1844880947 0.01720817997 0.0322727925 0 -6.158948414 -0.04842021891 0.4484491917 1


mesh: pSphereShape16 tranform: pSphere16 0.02555972625 -0.002351250734 -0.0968732769 0 0.2705661761 0.2324886263 0.06574525548 0 0.05120886559 -0.06385510989 0.01506116038 0 -6.343659068 -0.6372129701 0.4923338866 1


mesh: pSphereShape17 tranform: pSphere17 0.05203099847 -0.02667332911 -0.09596172031 0 0.08327568883 0.05469629239 0.02994928625 0 0.1059833894 -0.2274421989 0.120684187 0 -6.622296963 -1.094472126 0.5011956257 1


mesh: pSphereShape18 tranform: pSphere18 0.01984749176 -0.01799134981 -0.1250048838 0 0.005875392222 0.3546749422 -0.05011379527 0 0.1443011583 0.0008299343946 0.02279178478 0 -6.140741372 -0.1097874728 0.09533350454 1


mesh: pSphereShape19 tranform: pSphere19 0.01199190725 -0.01240518893 -0.08471235624 0 0.2036936419 0.3780447439 -0.02652554256 0 0.08761768647 -0.04586758021 0.01911998722 0 -6.292305101 -0.7971638787 0.1543891159 1


mesh: pSphereShape20 tranform: pSphere20 -0.004435797363 -3.431177962e-05 -0.1153335285 0 0.03645335491 0.07338302908 -0.001423849595 0 0.2343483052 -0.1165878007 -0.008978492837 0 -6.291485241 -1.26637986 0.2037150605 1


mesh: pSphereShape21 tranform: pSphere21 0.06554182904 -0.03853254332 -0.2528673129 0 -0.04648808777 0.1341344936 -0.03248920311 0 0.2421435726 0.09559522571 0.04819525831 0 -6.207243186 0.3599662272 0.1925470805 1


