mesh: pSphereShape1 tranform: pSphere1 -0.05489257131 0.1354784323 -0.01380343531 0 0.07856586032 0.03198741421 0.001515756024 0 0.00788405855 -0.01220320271 -0.151125207 0 3.853701774 -0.05478392388 1.176722229 1


mesh: pSphereShape2 tranform: pSphere2 -0.07343528354 0.2474869534 -0.02913767732 0 0.1347776482 0.03904939715 -0.008004017607 0 -0.003053065054 -0.01634983369 -0.1311761328 0 3.710253539 0.2660814648 1.145879775 1


mesh: pSphereShape3 tranform: pSphere3 -0.06504787315 0.2722134162 -0.08892147296 0 0.130213751 0.03110323687 -3.833937314e-05 0 0.009344913343 -0.0392791402 -0.1270803924 0 3.582747288 0.7116859469 1.064535186 1


mesh: pSphereShape4 tranform: pSphere4 -0.1443277522 0.01519269456 -0.1077360987 0 0.02315443283 0.1465174667 -0.0103570868 0 0.1002326038 -0.02558674494 -0.1378839422 0 3.432740273 0.9953012039 0.9007500305 1


mesh: pSphereShape5 tranform: pSphere5 -0.1341857873 0.01547582911 -0.1290149702 0 0.02209689964 0.136607607 -0.006595931401 0 0.1196237498 -0.02550478238 -0.1274775684 0 3.219417248 1.039023213 0.7019581642 1


mesh: pSphereShape6 tranform: pSphere6 -0.07790497406 -0.2391004482 -0.08815186948 0 -0.03463740849 0.04470967167 -0.0906580447 0 0.09439988185 -0.01477432859 -0.04335326956 0 3.089537272 0.7618473011 0.564851245 1


mesh: pSphereShape7 tranform: pSphere7 -0.02512048938 -0.2051524198 -0.1431274347 0 -0.02520850814 0.05769049734 -0.07826658177 0 0.1224243202 0.0082674756 -0.03333708503 0 3.051087253 0.3462187199 0.3481053672 1


mesh: pSphereShape8 tranform: pSphere8 -0.04683883553 -0.1834244857 0.001624602907 0 -0.009933440573 0.002157041015 -0.04285148704 0 0.1084148261 -0.02791959048 -0.02653714055 0 3.019573178 0.02846637699 0.2049435004 1


mesh: pSphereShape10 tranform: pSphere10 -0.1625932604 0.01416501381 -0.08384168646 0 0.01465649378 0.154075543 -0.00239218607 0 0.1012553127 -0.01271404858 -0.1985113467 0 3.387360057 1.441243153 0.77886791 1


mesh: pSphereShape11 tranform: pSphere11 -0.03627707974 0.005653447302 -0.02432258268 0 0.08004412875 0.1209255151 -0.09127818552 0 0.03684306645 -0.07988163386 -0.0735187332 0 3.430827789 1.241962011 0.751406984 1


mesh: pSphereShape12 tranform: pSphere12 -0.2251227554 0.0258485326 -0.2208692122 0 0.01960378837 0.1646167789 -0.0007160648463 0 0.1807312382 -0.02233548922 -0.1868257397 0 3.326362391 0.8254815538 0.8318534605 1


mesh: pSphereShape13 tranform: pSphere13 -0.1559838432 0.02234463597 -0.1522117915 0 0.03007632723 0.2046730067 -0.000775743327 0 0.1344455545 -0.02029001776 -0.1407558977 0 3.322690726 0.5997078678 0.7940685769 1


mesh: pSphereShape14 tranform: pSphere14 -0.1567048936 0.01715967096 -0.1556861213 0 0.02966714578 0.2397917889 -0.003431511558 0 0.1330103696 -0.01840100965 -0.1359089103 0 3.305173261 0.4058570924 0.7882620871 1


mesh: pSphereShape15 tranform: pSphere15 -0.09826836047 0.01496016442 -0.114676827 0 0.03673787353 0.3778315299 0.01780875233 0 0.1421665793 -0.008031862579 -0.1228725542 0 3.389720606 -0.1910263435 0.913267208 1


mesh: pSphereShape16 tranform: pSphere16 -0.06397169009 0.01228009075 -0.07615826942 0 0.120320959 0.3390419641 -0.04639901925 0 0.057810975 -0.02777479179 -0.0530387937 0 3.292246174 -0.887149353 0.9446408883 1


mesh: pSphereShape17 tranform: pSphere17 -0.06263527961 0.005434535466 -0.09313769713 0 0.01267409437 0.1032308209 -0.002499888812 0 0.228669384 -0.03184375246 -0.1556386646 0 3.323936856 -1.353832453 0.8959977713 1


mesh: pSphereShape18 tranform: pSphere18 -0.08852331767 0.002410157198 -0.09220437058 0 -0.1000627791 0.3276881008 0.1046335326 0 0.09718318552 0.05897613531 -0.09176177001 0 3.270445377 -0.1777029609 0.571731987 1


mesh: pSphereShape19 tranform: pSphere19 -0.06074389386 0.0008475684691 -0.06150885171 0 0.02253570587 0.42934567 -0.01633922021 0 0.07147911309 -0.006441594588 -0.0706789223 0 3.357109905 -0.8680456434 0.4489587149 1


mesh: pSphereShape20 tranform: pSphere20 -0.09673154361 0.001726070317 -0.06294068179 0 0.0006972158262 0.08193946143 0.001175559383 0 0.1428576429 0.001933538569 -0.2195003692 0 3.483908281 -1.288426149 0.2952433538 1


mesh: pSphereShape21 tranform: pSphere21 -0.1867567553 0.02045044285 -0.1855426094 0 -0.0513412253 0.1198440325 0.06488635807 0 0.1622303309 0.1490169336 -0.1468673315 0 3.245954302 0.2387344524 0.8235522833 1


