mesh: pSphereShape1 tranform: pSphere1 0.03897624858 0.1365691726 0.03725383154 0 -0.06707001564 0.03059687827 -0.04199441194 0 -0.08379009928 -0.01050369891 0.1261697123 0 4.33292481 -0.01474777485 -0.3308329187 1


mesh: pSphereShape2 tranform: pSphere2 0.03519551064 0.2504391008 0.05943963362 0 -0.1215750004 0.03200109577 -0.06284411932 0 -0.06388279356 -0.01815925301 0.114337423 0 4.42854551 0.3114368243 -0.2357856974 1


mesh: pSphereShape3 tranform: pSphere3 -5.504308717e-05 0.2739334615 0.1058246368 0 -0.1131056766 0.02579099843 -0.06682038678 0 -0.07133782334 -0.04060780967 0.1050786617 0 4.47642792 0.761849097 -0.1066291926 1


mesh: pSphereShape4 tranform: pSphere4 0.04713627348 -0.01534242093 0.1738135979 0 -0.0201942896 0.1461683306 0.0183786519 0 -0.1647554704 -0.02806859375 0.04220221443 0 4.495794607 1.021105026 0.1186335616 1


mesh: pSphereShape5 tranform: pSphere5 0.01483439814 -0.01853447913 0.1852743993 0 -0.01749868966 0.1366023939 0.01506650006 0 -0.1746885429 -0.02365912734 0.01162000687 0 4.530290056 1.012577611 0.4105567017 1


mesh: pSphereShape6 tranform: pSphere6 -0.03275285333 -0.2514938412 0.0817744447 0 -0.03376459775 0.03529823024 0.09503458717 0 -0.09870939097 0.001295530872 -0.03555140216 0 4.504030437 0.7115003093 0.554621662 1


mesh: pSphereShape7 tranform: pSphere7 -0.1136496777 -0.2059917738 0.08862932233 0 -0.0293607942 0.0511752575 0.08129180138 0 -0.1071545536 0.03341643867 -0.05973834468 0 4.325922083 0.294437989 0.6745904958 1


mesh: pSphereShape8 tranform: pSphere8 0.004348491054 -0.1892572207 -0.001962870328 0 -0.02238237915 -0.0009075366695 0.03791808922 0 -0.09905258977 -0.001669071484 -0.05850894413 0 4.199075768 -0.02313358838 0.7481552256 1


mesh: pSphereShape10 tranform: pSphere10 0.03270537369 -0.02506308494 0.1787983351 0 -0.005159733423 0.1530731427 0.0224008584 0 -0.2195057859 -0.01300798688 0.03832808886 0 4.478418704 1.439802571 0.3233387577 1


mesh: pSphereShape11 tranform: pSphere11 0.007277760281 -0.0056545728 0.04306548526 0 -0.1089002401 0.1275420524 0.03514985732 0 -0.08646323225 -0.07513369043 0.004746486749 0 4.426615751 1.254263709 0.2781805515 1


mesh: pSphereShape12 tranform: pSphere12 0.04259482787 -0.03032155352 0.3120863575 0 -0.01735075643 0.1638536406 0.01828772478 0 -0.2570750942 -0.03080413763 0.03209380941 0 4.537057781 0.8327672742 0.2065960567 1


mesh: pSphereShape13 tranform: pSphere13 0.02291012946 -0.02447117336 0.2165062567 0 -0.02481918823 0.2037692565 0.02565784334 0 -0.1932082671 -0.02574084175 0.01753537227 0 4.51779085 0.6050684083 0.1927599962 1


mesh: pSphereShape14 tranform: pSphere14 0.02045195198 -0.01363157192 0.2201929705 0 -0.02156635992 0.2400883889 0.01686637085 0 -0.1894724695 -0.01817695562 0.01647328415 0 4.526265851 0.4127092039 0.1756694659 1


mesh: pSphereShape15 tranform: pSphere15 0.01015362195 -0.001848252145 0.15140918 0 0.02864769506 0.3789399461 0.002704583056 0 -0.1871207 0.0140554576 0.01272004034 0 4.495739285 -0.1851329316 -0.01398765402 1


mesh: pSphereShape16 tranform: pSphere16 0.00559985842 0.002332118801 0.1000323076 0 -0.1050882938 0.3471757731 -0.002211041471 0 -0.07952153768 -0.02403883401 0.005012088404 0 4.525949806 -0.8819902714 -0.05033609287 1


mesh: pSphereShape17 tranform: pSphere17 -0.02350108723 -0.004567290389 0.109791538 0 -0.00757519948 0.1037248585 0.002693432763 0 -0.271523765 -0.01830085271 -0.0588814868 0 4.45160219 -1.346905679 -0.105138662 1


mesh: pSphereShape18 tranform: pSphere18 0.03090451208 -0.004163839916 0.123981475 0 -0.002421581383 0.3580152422 0.01262733764 0 -0.1417560512 -0.00220249952 0.03526116091 0 4.585761808 -0.1989753835 0.331869979 1


mesh: pSphereShape19 tranform: pSphere19 0.02152853338 -0.001366494453 0.08371698033 0 -0.0850905879 0.420767833 0.02874987204 0 -0.09549979339 -0.02096726399 0.02421633976 0 4.650906123 -0.9209373479 0.3157601258 1


mesh: pSphereShape20 tranform: pSphere20 0.0485439567 0.006328342478 0.1045224216 0 -0.0009471409909 0.08182096438 -0.004513989495 0 -0.237591216 0.003326270403 0.1101444814 0 4.515259548 -1.33779946 0.3559574733 1


mesh: pSphereShape21 tranform: pSphere21 0.02437409646 -0.01624574756 0.2624201693 0 0.08270124596 0.1198715523 -0.0002605179693 0 -0.2165479084 0.1494635879 0.02936629203 0 4.591963029 0.2447387754 0.1633375599 1


