mesh: pSphereShape1 tranform: pSphere1 0.03211552484 0.1410753054 -0.02498971969 0 0.02153028863 0.009536820635 0.0815081733 0 0.1430479785 -0.03846077484 -0.0332858736 0 -8.090845644 -0.004841015478 0.09719031458 1


mesh: pSphereShape2 tranform: pSphere2 0.07144540039 0.2494104716 -0.01347251316 0 0.0303742153 -0.00128856826 0.1372212841 0 0.1238746572 -0.03698468867 -0.02776721431 0 -8.013414079 0.3330513693 0.03095197732 1


mesh: pSphereShape3 tranform: pSphere3 0.1170934037 0.2678471424 -0.02802572454 0 0.02399403345 0.003287522041 0.1316681903 0 0.1199239561 -0.0545706355 -0.02049133691 0 -7.872063977 0.7827670444 -0.01003766958 1


mesh: pSphereShape4 tranform: pSphere4 0.1010692178 -0.01075246596 -0.1494582975 0 0.03327080825 0.1444201924 0.0121089387 0 0.1376035366 -0.03974216057 0.09591175785 0 -7.681608786 1.039467036 -0.1353858759 1


mesh: pSphereShape5 tranform: pSphere5 0.123819547 -0.01365137817 -0.1391853044 0 0.02775345426 0.1352503358 0.01142409869 0 0.1274511983 -0.03602840848 0.1169145488 0 -7.48900255 1.038017352 -0.3585599765 1


mesh: pSphereShape6 tranform: pSphere6 0.07189751029 -0.254308115 -0.03416272859 0 0.08858254337 0.03183699382 -0.05056802064 0 0.05139595391 0.002245958219 0.09144690292 0 -7.377363966 0.736772674 -0.4450684418 1


mesh: pSphereShape7 tranform: pSphere7 0.147974801 -0.2018911602 0.02339731983 0 0.07509096158 0.04990674524 -0.0442717117 0 0.03912547205 0.04183260879 0.1135194117 0 -7.166440173 0.3230271969 -0.3986798869 1


mesh: pSphereShape8 tranform: pSphere8 -0.0006659966632 -0.1884004706 0.01859776668 0 0.04092531703 -0.001741465312 -0.0161759616 0 0.04250130479 0.01035430423 0.106413934 0 -7.015075383 0.01190781136 -0.3475601938 1


mesh: pSphereShape10 tranform: pSphere10 0.1059962166 -0.01302143302 -0.1492041845 0 0.006086372104 0.1543989125 -0.009150967758 0 0.1819829284 0.0004861217587 0.1292401548 0 -7.552206474 1.470107822 -0.2524879892 1


mesh: pSphereShape11 tranform: pSphere11 0.02549286651 -0.002479066564 -0.03582658224 0 0.09243649516 0.1327205605 0.05659060957 0 0.07010485403 -0.07222728419 0.05488187283 0 -7.530028684 1.282214994 -0.187082849 1


mesh: pSphereShape12 tranform: pSphere12 0.1834494663 -0.02068995673 -0.2570016139 0 0.02788319382 0.1632799978 0.006758326964 0 0.2080004877 -0.04180479178 0.1518376371 0 -7.645378085 0.8547057219 -0.2324323353 1


mesh: pSphereShape13 tranform: pSphere13 0.1264818843 -0.02684603508 -0.1768623614 0 0.04158797892 0.2026465633 -0.001018480182 0 0.1548763617 -0.03120391079 0.1154952087 0 -7.645335075 0.6267563952 -0.2165896943 1


mesh: pSphereShape14 tranform: pSphere14 0.125211842 -0.02236177248 -0.1814138696 0 0.03882281832 0.2384911656 -0.002601832996 0 0.154601339 -0.0239704532 0.1096605254 0 -7.67009162 0.4350937272 -0.2091365046 1


mesh: pSphereShape15 tranform: pSphere15 0.05001842309 -0.006592278846 -0.1431291412 0 -0.0736247957 0.3703675107 -0.04278766739 0 0.1737909285 0.04134405023 0.05882936635 0 -7.710190189 -0.1418679984 -0.02566705171 1


mesh: pSphereShape16 tranform: pSphere16 0.03327185154 -0.00219395778 -0.09450624428 0 0.01976745641 0.3621969126 -0.001449056202 0 0.07837475122 -0.004166645356 0.02768932943 0 -7.636334771 -0.8375600714 0.06458993752 1


mesh: pSphereShape17 tranform: pSphere17 0.03865650665 0.009214575918 -0.1051099859 0 -0.005732981011 0.1036432872 0.006977566535 0 0.2609925105 0.007927854069 0.09668073346 0 -7.470321486 -1.299590103 0.1460757665 1


mesh: pSphereShape18 tranform: pSphere18 0.04822736597 -0.0002468072093 -0.1183971826 0 0.02212825862 0.3574663622 0.008268459861 0 0.1349972017 -0.009629142315 0.05500921435 0 -7.642466422 -0.1778538588 -0.386356957 1


mesh: pSphereShape19 tranform: pSphere19 0.03187516964 0.0007840637522 -0.08035693285 0 0.1354979761 0.4042578597 0.05769240744 0 0.08809441993 -0.03446621989 0.03460810123 0 -7.756717456 -0.8863524614 -0.4542336082 1


mesh: pSphereShape20 tranform: pSphere20 -0.006017902489 0.01406481427 -0.1144004638 0 -0.002756059971 0.0812747487 0.01013719619 0 0.2613970263 0.01041936828 -0.01246948909 0 -7.658977792 -1.288454724 -0.4838952775 1


mesh: pSphereShape21 tranform: pSphere21 0.1492241678 -0.02665017012 -0.2162042607 0 -0.0576690689 0.1219668128 -0.05483728716 0 0.1916154464 0.1421829339 0.1147269535 0 -7.736294072 0.269630945 -0.2394937609 1


