mesh: pSphereShape1 tranform: pSphere1 -0.03790569669 0.1410642442 -0.01490543474 0 0.0791103901 0.0233556924 0.01985307037 0 0.03837511353 -0.0051996263 -0.1467999294 0 -7.606729092 -0.03978134881 0.4224186871 1


mesh: pSphereShape2 tranform: pSphere2 -0.03527128274 0.2553095123 -0.03262708636 0 0.1384688571 0.02070349042 0.01231565168 0 0.01383270147 -0.01478745808 -0.1306667653 0 -7.703644857 0.2972294031 0.3824235622 1


mesh: pSphereShape3 tranform: pSphere3 -0.01548406495 0.2791750051 -0.08977727097 0 0.1317875206 0.01351533134 0.0192981603 0 0.02238774268 -0.03911436784 -0.1254928667 0 -7.758640688 0.7565391324 0.2958947158 1


mesh: pSphereShape4 tranform: pSphere4 -0.112172618 0.009088496539 -0.1414322735 0 0.03721673471 0.1425173244 -0.02035907566 0 0.128091497 -0.04840668998 -0.1047024291 0 -7.836232639 1.036568241 0.1039347433 1


mesh: pSphereShape5 tranform: pSphere5 -0.0966343481 0.007121820327 -0.1596911762 0 0.03452086307 0.1333357656 -0.01494326605 0 0.1446360518 -0.04749293282 -0.08964206446 0 -7.990058591 1.067101045 -0.1453577499 1


mesh: pSphereShape6 tranform: pSphere6 -0.07131433487 -0.2403571318 -0.09028663362 0 -0.009436901813 0.03986988596 -0.09868598155 0 0.1006715974 -0.02279404771 -0.01883574581 0 -8.102968057 0.7862548533 -0.29164093 1


mesh: pSphereShape7 tranform: pSphere7 0.01095400246 -0.2094569339 -0.1386067083 0 -0.003097435527 0.05529228874 -0.08380029169 0 0.1269699157 0.006783800482 -0.0002170550053 0 -8.103017099 0.3632550667 -0.4920425268 1


mesh: pSphereShape8 tranform: pSphere8 -0.04036453094 -0.1849356113 0.003253019241 0 -0.002365828991 -0.0002571710743 -0.04397627458 0 0.1122387432 -0.02460120352 -0.005894336368 0 -8.09918568 0.04032633788 -0.6266950071 1


mesh: pSphereShape10 tranform: pSphere10 -0.05137313813 0.006911858903 -0.1760104292 0 0.01666845052 0.1538849689 0.001177888051 0 0.2129266078 -0.02258120911 -0.06303482249 0 -7.821096282 1.475253353 -0.02589194786 1


mesh: pSphereShape11 tranform: pSphere11 -0.0163723283 0.001203308976 -0.04086655017 0 0.1194111524 0.114566508 -0.04446618751 0 0.07031448951 -0.08519500142 -0.03067858215 0 -7.781460657 1.273841484 -0.03033839351 1


mesh: pSphereShape12 tranform: pSphere12 -0.1728000574 0.01226817935 -0.2648041587 0 0.028911964 0.1628478224 -0.01132211352 0 0.2137719355 -0.04780574501 -0.1417133793 0 -7.933571505 0.8648807399 0.02726587842 1


mesh: pSphereShape13 tranform: pSphere13 -0.1202110493 0.006854897581 -0.1830327445 0 0.04158426667 0.201684399 -0.01975800802 0 0.1588122663 -0.04312099993 -0.1059186392 0 -7.942696565 0.636007742 0.01361158813 1


mesh: pSphereShape14 tranform: pSphere14 -0.1228815773 0.007654199887 -0.1842025448 0 0.04494146927 0.2365718757 -0.02015015703 0 0.1549550546 -0.03837723453 -0.1049652629 0 -7.971010133 0.4441851177 0.02432946654 1


mesh: pSphereShape15 tranform: pSphere15 -0.1096480241 0.01955646972 -0.1030830109 0 0.02421816149 0.376498966 0.04566724458 0 0.1294770476 0.008188056075 -0.1361696058 0 -7.914517789 -0.1494082614 0.1306473854 1


mesh: pSphereShape16 tranform: pSphere16 -0.07123163154 0.01631137086 -0.0685802713 0 0.1195157391 0.3397317584 -0.0433333134 0 0.05172334765 -0.02583211528 -0.05986700806 0 -7.997012399 -0.8434121571 0.1250635678 1


mesh: pSphereShape17 tranform: pSphere17 -0.09648004984 0.02002179776 -0.05401916929 0 0.02199380175 0.1016720442 -0.001597691774 0 0.1300468477 -0.03196796019 -0.2441167192 0 -8.038083116 -1.310898522 0.007082938072 1


mesh: pSphereShape18 tranform: pSphere18 -0.05562196108 0.0238901623 -0.1126023542 0 -0.07767845159 0.3323418072 0.108881627 0 0.1276691786 0.0472191855 -0.05304628059 0 -8.024074125 -0.131020393 -0.2136292463 1


mesh: pSphereShape19 tranform: pSphere19 -0.03907868207 0.0147406421 -0.0756931168 0 0.1320389186 0.4093226133 0.01154360215 0 0.08436513884 -0.02584414244 -0.04858879972 0 -8.039423829 -0.808662624 -0.3634700465 1


mesh: pSphereShape20 tranform: pSphere20 -0.07304896227 0.001939483869 -0.0893397324 0 0.01189937945 0.08068891774 -0.007977888971 0 0.1991743701 -0.04557241175 -0.1638449949 0 -7.976291568 -1.250386773 -0.4860497384 1


mesh: pSphereShape21 tranform: pSphere21 -0.1464470198 0.009122073363 -0.2195277302 0 -0.05501371318 0.1281259249 0.04202370435 0 0.1962928508 0.125520972 -0.1257312299 0 -8.046340832 0.284450692 0.06296182305 1


