mesh: pSphereShape1 tranform: pSphere1 -0.04449799283 0.1339554065 -0.04042292091 0 0.06904061217 0.03377551248 0.03592624696 0 0.07529318769 -0.01452985565 -0.1310332932 0 1.922441136 -0.0520246379 1.913966531 1


mesh: pSphereShape2 tranform: pSphere2 -0.05325652322 0.2459459732 -0.06454345998 0 0.1217039955 0.04128561805 0.05689964325 0 0.06032737142 -0.0174725685 -0.1163577832 0 1.806320771 0.2656308326 1.813349715 1


mesh: pSphereShape3 tranform: pSphere3 -0.02230409582 0.2702002223 -0.1128395556 0 0.1137671705 0.03498539924 0.06128691969 0 0.06955320733 -0.03890333434 -0.1069040987 0 1.724267117 0.7082618267 1.674496639 1


mesh: pSphereShape4 tranform: pSphere4 -0.06502212906 0.002675999901 -0.1686219047 0 0.02418095796 0.1465505545 -0.006998664271 0 0.1583731161 -0.0290701839 -0.06153144232 0 1.672990799 0.9797884916 1.449825618 1


mesh: pSphereShape5 tranform: pSphere5 -0.04754421772 0.001912442877 -0.1806269062 0 0.01766872104 0.1373718233 -0.003196255572 0 0.1693550668 -0.02282520635 -0.04481893778 0 1.593707848 1.002908133 1.166355769 1


mesh: pSphereShape6 tranform: pSphere6 0.009283765493 -0.2500963349 -0.09151282073 0 0.02061193232 0.03670208644 -0.0982124787 0 0.1028888195 -0.003590898439 0.02025143795 0 1.584764911 0.7102919867 1.0089614 1


mesh: pSphereShape7 tranform: pSphere7 0.08587958919 -0.2093621541 -0.1095271724 0 0.01942863825 0.05182155167 -0.08382347515 0 0.1169443042 0.02553232511 0.04289005294 0 1.720865001 0.2883738224 0.8538160596 1


mesh: pSphereShape8 tranform: pSphere8 -0.01774797298 -0.1884076805 -0.005349128776 0 0.0193115241 -0.0006955672786 -0.03957470445 0 0.1028391916 -0.01111774387 0.05037851055 0 1.816290355 -0.03365039104 0.7564926407 1


mesh: pSphereShape10 tranform: pSphere10 -0.05857900876 -0.001396677647 -0.1738769489 0 0.002604932235 0.1547531112 -0.002120663848 0 0.211492033 -0.004535906422 -0.07121506639 0 1.672523197 1.419915484 1.300554326 1


mesh: pSphereShape11 tranform: pSphere11 -0.01283110062 0.0004531841233 -0.04212758586 0 0.1084017048 0.1288811361 -0.03163025532 0 0.08226570553 -0.07554233927 -0.02586889591 0 1.73220049 1.227119879 1.313875045 1


mesh: pSphereShape12 tranform: pSphere12 -0.07770505419 0.002939835636 -0.3067326074 0 0.01679916241 0.1649064475 -0.002675235546 0 0.2515215129 -0.02666054583 -0.06397386497 0 1.619821424 0.8018320486 1.347823858 1


mesh: pSphereShape13 tranform: pSphere13 -0.05456234605 0.01502803774 -0.2116501359 0 0.02377624487 0.2053278334 0.008449731062 0 0.1881970518 -0.01973832512 -0.0499177613 0 1.637731407 0.5752869998 1.325941478 1


mesh: pSphereShape14 tranform: pSphere14 -0.05171016166 0.01056335665 -0.2151825295 0 0.02334308114 0.2404345205 0.006193444681 0 0.1848585338 -0.01678184032 -0.04524687602 0 1.62861057 0.3811964804 1.317744143 1


mesh: pSphereShape15 tranform: pSphere15 -0.01511370651 0.01480856831 -0.1502781888 0 0.08221121095 0.3699597749 0.02818811246 0 0.1826671259 -0.03889986974 -0.02220434471 0 1.567596967 -0.2036962133 1.489142704 1


mesh: pSphereShape16 tranform: pSphere16 -0.008681098938 0.01187126805 -0.0991310813 0 0.1768097545 0.3159401624 0.02235128838 0 0.0723117896 -0.03968369078 -0.01108473262 0 1.358867976 -0.8760881117 1.473822768 1


mesh: pSphereShape17 tranform: pSphere17 0.01640400424 -0.003233243752 -0.1111206454 0 0.01865952784 0.102348701 -0.0002234267466 0 0.2708893435 -0.04929629762 0.04142395745 0 1.345725435 -1.328961481 1.491711467 1


mesh: pSphereShape18 tranform: pSphere18 -0.03573090409 -0.001883854686 -0.1227338021 0 -0.1475721183 0.3242218423 0.03798544728 0 0.1267050512 0.06210412146 -0.03784027784 0 1.716335694 -0.2089267268 1.127304691 1


mesh: pSphereShape19 tranform: pSphere19 -0.02533858576 -0.0001665842566 -0.08265474078 0 -0.1051951955 0.4160046947 0.0314101481 0 0.09310267484 0.02570181043 -0.02859329792 0 1.962581486 -0.8859741614 1.040995914 1


mesh: pSphereShape20 tranform: pSphere20 -0.03978611318 -0.01067179081 -0.1078178016 0 -0.02525215209 0.07794678931 0.001603196767 0 0.232226492 0.07715323291 -0.09333108727 0 2.273699251 -1.225208328 0.9590012776 1


mesh: pSphereShape21 tranform: pSphere21 -0.06162680557 0.0125891296 -0.2564488581 0 -0.07962329354 0.1193492061 0.02499302161 0 0.2128928905 0.1511897615 -0.04373800435 0 1.562265563 0.2130629673 1.321167837 1


