mesh: pSphereShape1 tranform: pSphere1 0.0354972929 0.1417951884 0.01386367846 0 -0.04819826822 0.005258835366 0.06962297166 0 0.1194305135 -0.03826478099 0.08556905811 0 4.307034058 -0.06015718487 -0.3477809969 1


mesh: pSphereShape2 tranform: pSphere2 0.04896162306 0.2518469511 0.04083393084 0 -0.08578214534 -0.001373230684 0.1113259716 0 0.1017343395 -0.03242355129 0.07799136857 0 4.397606465 0.2803209211 -0.331174983 1


mesh: pSphereShape3 tranform: pSphere3 0.08923878308 0.2729212295 0.06155355574 0 -0.08533901827 0.004663191069 0.1030463021 0 0.09441030008 -0.04900406578 0.08040460916 0 4.507080831 0.735880746 -0.2625903602 1


mesh: pSphereShape4 tranform: pSphere4 0.1734898515 0.005148146554 -0.05042968373 0 -0.0008351878365 0.1481886969 0.01225469743 0 0.04833498393 -0.01336583272 0.164919137 0 4.712935075 1.012799851 -0.2389271735 1


mesh: pSphereShape5 tranform: pSphere5 0.1860500562 0.006940226034 -0.01507976069 0 -0.004295729947 0.1380715469 0.01054572082 0 0.01471390325 -0.01295240521 0.1755750612 0 5.002233378 1.042569973 -0.2764899459 1


mesh: pSphereShape6 tranform: pSphere6 0.1908245416 -0.1834815372 0.03048739421 0 0.06876487721 0.07637698814 0.02924949952 0 -0.02835678616 -0.01284230496 0.1002002612 0 5.258311271 0.8162513286 -0.2497785823 1


mesh: pSphereShape7 tranform: pSphere7 0.1731639402 -0.1316432149 0.1260489217 0 0.04767539599 0.08522624217 0.02351306978 0 -0.06967722717 0.009757303033 0.1059117822 0 5.559724884 0.5144820956 -0.06080865721 1


mesh: pSphereShape8 tranform: pSphere8 0.07246723628 -0.1740655186 0.01705147221 0 0.03860017971 0.01727460074 0.0122959467 0 -0.03359949329 -0.003213367111 0.1099920279 0 5.774209409 0.2790620266 0.08433087331 1


mesh: pSphereShape10 tranform: pSphere10 0.1816107895 0.02355926918 0.01136337563 0 -0.01861964506 0.1525293793 -0.01865222738 0 -0.01707500628 0.02495897053 0.2211482175 0 4.80840265 1.457974521 -0.2793185048 1


mesh: pSphereShape11 tranform: pSphere11 0.04399274283 0.001864381673 -0.0008594585102 0 -0.004287080598 0.1439582592 0.09284067239 0 0.004509196727 -0.06199238573 0.09633328792 0 4.816007132 1.274674825 -0.2014216514 1


mesh: pSphereShape12 tranform: pSphere12 0.3110536028 0.009841669849 -0.05727484864 0 -0.004438373313 0.1656646527 0.004362208089 0 0.04740230629 -0.005483930936 0.2564945602 0 4.825602839 0.8359085456 -0.2692633969 1


mesh: pSphereShape13 tranform: pSphere13 0.2161288499 1.213126765e-05 -0.0358746656 0 0.002048750346 0.2064896029 0.01241263241 0 0.03198704818 -0.01190129287 0.1927036654 0 4.843486497 0.609710474 -0.2349055716 1


mesh: pSphereShape14 tranform: pSphere14 0.2186843517 0.005482995067 -0.0351587458 0 -0.004074187639 0.2412973161 0.01228914461 0 0.03051465302 -0.009079002578 0.1883826296 0 4.846279318 0.4153243749 -0.2343710423 1


mesh: pSphereShape15 tranform: pSphere15 0.150950501 -0.006150081378 0.01440050662 0 0.02365921039 0.3682851677 -0.09071805211 0 -0.01547568025 0.04576807846 0.1817671532 0 4.644490331 -0.1755007307 -0.1134001737 1


mesh: pSphereShape16 tranform: pSphere16 0.09965744363 0.001248371619 0.0104926289 0 -0.01289594081 0.3534747113 0.08042871853 0 -0.008261410042 -0.01866044176 0.08068580138 0 4.591120429 -0.8606675298 -0.06341427866 1


mesh: pSphereShape17 tranform: pSphere17 0.09360491535 -0.02878693698 0.05510694271 0 0.02600830281 0.100392881 0.008265719944 0 -0.1374310449 0.01570793847 0.2416465895 0 4.479228154 -1.305368664 0.01442943899 1


mesh: pSphereShape18 tranform: pSphere18 0.1060662792 0.01238463773 -0.07028796296 0 -0.08773734562 0.3396751954 -0.07254755077 0 0.07329172923 0.0442167211 0.1183899595 0 5.120676845 -0.1663682319 -0.2120124586 1


mesh: pSphereShape19 tranform: pSphere19 0.07100730842 0.007307168629 -0.04876930684 0 0.02809620911 0.4167053337 0.10334312 0 0.05707986181 -0.0235829483 0.07957387595 0 5.216721874 -0.8597195649 -0.2139032083 1


mesh: pSphereShape20 tranform: pSphere20 0.03073902437 0.01651483324 -0.1100176028 0 0.0002833999451 0.08103072036 0.01224277059 0 0.2524408969 -0.01128356046 0.06883844554 0 5.388101009 -1.286347604 -0.2131520177 1


mesh: pSphereShape21 tranform: pSphere21 0.2606222374 0.006534488775 -0.04190126509 0 -0.0168079119 0.1159806034 -0.08645661761 0 0.02956925865 0.1599835094 0.2088676028 0 4.845272199 0.2444505822 -0.2933913153 1


