mesh: pSphereShape1 tranform: pSphere1 -0.01906177423 0.1418751804 -0.03265297516 0 0.06354624909 0.02057752933 0.05231181611 0 0.09864287357 -0.0131360835 -0.1146600695 0 1.215379516 -0.1018748911 1.803242243 1


mesh: pSphereShape2 tranform: pSphere2 -0.008715930038 0.2562197039 -0.04203609296 0 0.1045304299 0.0186630041 0.09208157079 0 0.08827915768 -0.01300587039 -0.09757793678 0 1.162387126 0.2367759488 1.719375754 1


mesh: pSphereShape3 tranform: pSphere3 0.02009230633 0.2820818564 -0.07914874375 0 0.09529302886 0.01904992227 0.09208351036 0 0.0932109531 -0.0318556047 -0.08986958923 0 1.151835374 0.699529114 1.623498776 1


mesh: pSphereShape4 tranform: pSphere4 -0.003258167317 0.01231689339 -0.18029438 0 0.02090340864 0.1469031502 0.009658002851 0 0.1706352546 -0.02396995397 -0.004721132056 0 1.18265273 0.9876433228 1.426592284 1


mesh: pSphereShape5 tranform: pSphere5 0.01653533502 0.012717275 -0.1856206964 0 0.01679941194 0.1370862356 0.01088858786 0 0.1746635528 -0.02251768824 0.01401652283 0 1.205421627 1.027106543 1.134914876 1


mesh: pSphereShape6 tranform: pSphere6 0.06623472218 -0.2358063741 -0.1049632168 0 0.04763785379 0.0497443122 -0.08169286484 0 0.09022630098 0.001513345737 0.05353549157 0 1.275913867 0.7534664419 0.9598385868 1


mesh: pSphereShape7 tranform: pSphere7 0.1478375716 -0.1830739047 -0.08849867071 0 0.03896233436 0.06386431256 -0.06702690706 0 0.09024489324 0.0325323606 0.08345616403 0 1.508401535 0.3693868195 0.8265570394 1


mesh: pSphereShape8 tranform: pSphere8 0.01049335737 -0.1876102108 -0.02309450272 0 0.02874444062 0.005655670215 -0.03288383398 0 0.08693542647 -0.004398916985 0.07523549054 0 1.674970977 0.07398485374 0.7402504321 1


mesh: pSphereShape10 tranform: pSphere10 0.003381544853 0.01502921758 -0.1828369002 0 0.002229746663 0.1542498717 0.01272059889 0 0.2231452002 -0.003541993708 0.003835889299 0 1.235809658 1.434579855 1.32795266 1


mesh: pSphereShape11 tranform: pSphere11 0.001826063491 0.005097004953 -0.04370654461 0 0.1161123364 0.1245166431 0.01937216617 0 0.08417707641 -0.07763411735 -0.005536671835 0 1.290870685 1.236267719 1.343331461 1


mesh: pSphereShape12 tranform: pSphere12 0.01660346054 0.0209178936 -0.3153067988 0 0.01015250459 0.1650712308 0.01148566782 0 0.2600458444 -0.01686873185 0.01257442781 0 1.174243699 0.8157494146 1.303132433 1


mesh: pSphereShape13 tranform: pSphere13 0.007634255763 0.01560734027 -0.2183959721 0 0.01810588994 0.205508452 0.01531926299 0 0.1948323175 -0.01757932579 0.005554283861 0 1.203783317 0.5896450127 1.280160057 1


mesh: pSphereShape14 tranform: pSphere14 0.00580698445 0.008733501306 -0.2213121127 0 0.01880579663 0.2407042059 0.00999220259 0 0.1904086057 -0.01505902084 0.004401845984 0 1.199101451 0.3953578221 1.269534206 1


mesh: pSphereShape15 tranform: pSphere15 -0.009959405068 0.001705664221 -0.1514237525 0 -0.06495842716 0.3743418574 0.008489082988 0 0.1848990667 0.03235250233 -0.01179671067 0 1.255445099 -0.1812519363 1.449721303 1


mesh: pSphereShape16 tranform: pSphere16 -0.005585965637 0.005420627955 -0.09991333016 0 0.08643744512 0.352000772 0.01426464941 0 0.08069589248 -0.01958981608 -0.005574367166 0 1.279377186 -0.87553912 1.464009467 1


mesh: pSphereShape17 tranform: pSphere17 0.02227891286 -0.005007567998 -0.1100268938 0 0.003400944388 0.1039018536 -0.004040159983 0 0.2727578709 -0.006768436495 0.05553771476 0 1.37811662 -1.337852088 1.503570966 1


mesh: pSphereShape18 tranform: pSphere18 0.01779253518 0.006739961758 -0.1264192675 0 -0.1182416513 0.3381674346 0.001387579922 0 0.1363983786 0.04760307735 0.02173494536 0 1.312099081 -0.2062679036 1.104201854 1


mesh: pSphereShape19 tranform: pSphere19 0.007402502871 -0.0003423919385 -0.08613340566 0 0.3641303131 0.2271519764 0.03039123628 0 0.05295650957 -0.08554502618 0.00489125721 0 1.177224135 -0.7538684641 1.062085003 1


mesh: pSphereShape20 tranform: pSphere20 -0.0140312465 0.02042021796 -0.1127281646 0 0.07384249588 0.0354336336 -0.002772508025 0 0.1090326573 -0.2315643992 -0.05551815394 0 0.9190248898 -1.173098971 1.020988775 1


mesh: pSphereShape21 tranform: pSphere21 0.00692061077 0.0104083563 -0.2637539335 0 -0.08443518206 0.1186312435 0.002465984914 0 0.2156022177 0.1532105035 0.01170321329 0 1.135632518 0.2265433325 1.257059326 1


