mesh: pSphereShape1 tranform: pSphere1 0.04185694415 0.1340863689 0.04274314836 0 -0.07533476544 0.03105092198 -0.02363471923 0 -0.0547994854 -0.02718784811 0.1389523013 0 1.371086929 -0.02088869722 -0.239273195 1


mesh: pSphereShape2 tranform: pSphere2 0.04406209847 0.2451513367 0.0738301483 0 -0.130942379 0.03479307705 -0.03738274152 0 -0.04248967309 -0.0290441764 0.1217985205 0 1.478710038 0.298174432 -0.1336372875 1


mesh: pSphereShape3 tranform: pSphere3 0.02361675351 0.2642128405 0.1259850071 0 -0.123040533 0.03126507538 -0.04250360069 0 -0.05144697326 -0.04916963954 0.1127615178 0 1.552040048 0.737213818 0.02234354277 1


mesh: pSphereShape4 tranform: pSphere4 0.0968072356 -0.01431172074 0.1519602539 0 -0.0100629676 0.146967181 0.02025214652 0 -0.1450974305 -0.0223820845 0.09032727075 0 1.634144956 0.9913046264 0.2510164537 1


mesh: pSphereShape5 tranform: pSphere5 0.09295064739 -0.01473119049 0.1613485621 0 -0.005128103366 0.1375733018 0.01551472792 0 -0.1530992728 -0.01549381476 0.08678375564 0 1.780383856 0.9877624363 0.508680639 1


mesh: pSphereShape6 tranform: pSphere6 0.06838597192 -0.2529065883 0.04868858002 0 0.008811685 0.02242387969 0.1041014395 0 -0.1010405705 -0.02465255921 0.01386286019 0 1.877304465 0.6833851869 0.6153483672 1


mesh: pSphereShape7 tranform: pSphere7 0.01357912293 -0.2342140487 0.09035155615 0 0.001421964355 0.03621982584 0.09367722467 0 -0.1269528232 -0.005758148932 0.004153427285 0 1.897932127 0.2267481621 0.7314162709 1


mesh: pSphereShape8 tranform: pSphere8 0.06749231804 -0.1720549302 -0.04102372234 0 0.001477100082 -0.009659599234 0.04294282626 0 -0.1074252743 -0.04083104174 -0.005489476089 0 1.933078044 -0.1161430001 0.7925539298 1


mesh: pSphereShape10 tranform: pSphere10 0.15325721 -0.01371121053 0.0999543626 0 0.01104793878 0.1543367903 0.004231610704 0 -0.121693217 0.003581835343 0.1870801207 0 1.720413959 1.420358679 0.4080284716 1


mesh: pSphereShape11 tranform: pSphere11 0.0317310044 -0.0008812634511 0.03052773729 0 -0.07289324254 0.1330821916 0.07960813632 0 -0.06278574528 -0.07218127305 0.06317677671 0 1.636749187 1.231940956 0.4207623507 1


mesh: pSphereShape12 tranform: pSphere12 0.1396604486 -0.02464775837 0.2828764 0 -0.0004049450473 0.1651378441 0.0145888186 0 -0.2341092794 -0.01070270307 0.1146508133 0 1.689897714 0.8030683342 0.3306466301 1


mesh: pSphereShape13 tranform: pSphere13 0.08822640206 -0.006637689418 0.2004263321 0 -0.01007494027 0.2063195568 0.01126778526 0 -0.1788789547 -0.01301175851 0.07831046151 0 1.656732248 0.5766166156 0.3401441365 1


mesh: pSphereShape14 tranform: pSphere14 0.08050238397 0.00595526173 0.2063321288 0 -0.01619728827 0.2411000956 -0.0006392308044 0 -0.177535135 -0.01174239905 0.06960588616 0 1.657178165 0.3819887402 0.3388499138 1


mesh: pSphereShape15 tranform: pSphere15 0.04721615129 -0.002278558255 0.1442105928 0 0.01859785636 0.3795755515 -9.176991192e-05 0 -0.1785069526 0.008760371578 0.0585835765 0 1.581691976 -0.2232525133 0.1694655948 1


mesh: pSphereShape16 tranform: pSphere16 0.02304023621 0.0093849253 0.0970789908 0 -0.2954547262 0.2043255476 0.0503689484 0 -0.04433058303 -0.06832387298 0.01712627557 0 1.777118097 -0.7982947315 0.09955410437 1


mesh: pSphereShape17 tranform: pSphere17 0.001944784736 -0.003757460284 0.1122917733 0 -0.09515959902 0.04193833805 0.003051395175 0 -0.1124352437 -0.2546413392 -0.006573432328 0 2.079437791 -1.238153284 0.02330395234 1


mesh: pSphereShape18 tranform: pSphere18 0.04725161972 -0.006573357066 0.1186082122 0 0.1220489234 0.3354735129 -0.03003014772 0 -0.1262938625 0.05070246603 0.05312342935 0 1.604098609 -0.2023483156 0.5352736526 1


mesh: pSphereShape19 tranform: pSphere19 0.03311655972 -0.005171846498 0.0796895434 0 -0.0409351499 0.4259608738 0.04465624269 0 -0.09255037452 -0.01283893375 0.03762788545 0 1.499324926 -0.9005568852 0.5549483595 1


mesh: pSphereShape20 tranform: pSphere20 0.07492574768 0.01035308728 0.08718053791 0 -0.00265112073 0.08157222172 -0.007408615998 0 -0.1990347864 0.008970421317 0.1699915943 0 1.347060053 -1.31676061 0.6337569417 1


mesh: pSphereShape21 tranform: pSphere21 0.09594061603 0.007097323717 0.2459011841 0 0.07934459928 0.1171920959 -0.03433948481 0 -0.2000854575 0.1570139895 0.07353337077 0 1.71700195 0.2119657906 0.3248652344 1


