mesh: pSphereShape1 tranform: pSphere1 0.05005524216 0.1332541257 0.03599924377 0 -0.07671130772 0.03291393932 -0.0151701832 0 -0.03907811388 -0.02440216196 0.1446628502 0 1.196534625 -0.003376362128 -0.1561197272 1


mesh: pSphereShape2 tranform: pSphere2 0.0585974656 0.2446686608 0.06476975125 0 -0.1330294705 0.03829395559 -0.02430364452 0 -0.0305155067 -0.02604507521 0.1259931506 0 1.323939026 0.3135703996 -0.06748616393 1


mesh: pSphereShape3 tranform: pSphere3 0.04149744543 0.2650437805 0.1194493807 0 -0.1259901086 0.03346638814 -0.0304881478 0 -0.04096456605 -0.04675073118 0.1179655791 0 1.423427462 0.7521878286 0.07359018977 1


mesh: pSphereShape4 tranform: pSphere4 0.1064628404 -0.01486281525 0.1453036315 0 -0.00737032633 0.1470998795 0.02044673059 0 -0.1390366641 -0.02083013851 0.09974040929 0 1.528202858 1.006556138 0.2924720727 1


mesh: pSphereShape5 tranform: pSphere5 0.1030707253 -0.01528708189 0.1550255464 0 -0.003656808699 0.1375650927 0.01599658133 0 -0.1472611593 -0.0151262661 0.09641687046 0 1.690515123 1.00207799 0.540308952 1


mesh: pSphereShape6 tranform: pSphere6 0.07990655942 -0.2512205352 0.03888631976 0 0.01776267911 0.02161266028 0.1031259716 0 -0.09856454276 -0.02782039569 0.02280747584 0 1.802285234 0.6987841371 0.6355730332 1


mesh: pSphereShape7 tranform: pSphere7 0.03033511947 -0.2347117322 0.084818631 0 0.008992094633 0.03502657123 0.09371020078 0 -0.1257078672 -0.01047329173 0.01597713508 0 1.848386616 0.2416141234 0.7425323978 1


mesh: pSphereShape8 tranform: pSphere8 0.0697059965 -0.1684217961 -0.05114910012 0 0.008598029607 -0.009254453603 0.04219010529 0 -0.1045866425 -0.04665130776 0.01108095565 0 1.905090578 -0.09981367471 0.7957714803 1


mesh: pSphereShape10 tranform: pSphere10 0.1599557926 -0.01324662998 0.08891184131 0 0.01112973603 0.1543602551 0.002974715527 0 -0.1081695542 0.004037478036 0.1952026805 0 1.623265795 1.435444664 0.4433727233 1


mesh: pSphereShape11 tranform: pSphere11 0.03371661718 -0.0007394456544 0.02832347005 0 -0.06832115351 0.1323085299 0.08478456705 0 -0.05788297205 -0.07282584935 0.06700334557 0 1.540272174 1.246077473 0.4627597643 1


mesh: pSphereShape12 tranform: pSphere12 0.1580420864 -0.02536577324 0.272966824 0 0.001951857773 0.1651591874 0.01421753297 0 -0.2260049659 -0.00852512068 0.1300599448 0 1.587457323 0.8179884867 0.3687202642 1


mesh: pSphereShape13 tranform: pSphere13 0.1011590145 -0.01224686839 0.1939472597 0 -0.006335182583 0.2061303818 0.01632048057 0 -0.1734885494 -0.01243425445 0.08970299467 0 1.55246121 0.5915987515 0.3784234934 1


mesh: pSphereShape14 tranform: pSphere14 0.09539051495 0.0004312109008 0.1999737734 0 -0.01257897559 0.2412545426 0.005480135478 0 -0.1721528073 -0.01084190996 0.08214287207 0 1.550101281 0.3970928415 0.3732936854 1


mesh: pSphereShape15 tranform: pSphere15 0.05644615506 -0.007621874659 0.1406662378 0 0.07542232992 0.3723347139 -0.01009063747 0 -0.1705479866 0.03645545597 0.07041232613 0 1.399456128 -0.1945920456 0.2198763213 1


mesh: pSphereShape16 tranform: pSphere16 0.02937130475 0.008065340623 0.0954753188 0 -0.285756595 0.2121909519 0.06998302614 0 -0.04508965536 -0.06716824182 0.01954512204 0 1.525158274 -0.7631840646 0.1464104564 1


mesh: pSphereShape17 tranform: pSphere17 0.00404198551 -0.02142053343 0.1102368639 0 -0.08975218418 0.05093243563 0.01318775695 0 -0.1404517864 -0.2369150433 -0.0408859828 0 1.792816288 -1.203603008 0.01832667323 1


mesh: pSphereShape18 tranform: pSphere18 0.05172832919 -0.01035122108 0.1164511261 0 0.1031904246 0.3427179656 -0.01537399321 0 -0.126798619 0.04086797417 0.05995746349 0 1.527653092 -0.1954228074 0.5472697984 1


mesh: pSphereShape19 tranform: pSphere19 0.03616788324 -0.007661765109 0.07814767706 0 -0.06324001291 0.4197077753 0.07041744553 0 -0.09028405107 -0.02028060311 0.03979642028 0 1.461598126 -0.8980191569 0.5309525888 1


mesh: pSphereShape20 tranform: pSphere20 0.07355684732 0.007956670292 0.08858657845 0 -0.004153449425 0.08175284803 -0.00389410922 0 -0.2013877193 -0.002256698656 0.1674226704 0 1.329548007 -1.318458569 0.5833814605 1


mesh: pSphereShape21 tranform: pSphere21 0.1136838975 0.0005139057681 0.238323464 0 0.07838469249 0.1168230632 -0.03764259398 0 -0.1918209905 0.1580796792 0.09116064107 0 1.606188602 0.2266188551 0.3514970736 1


