mesh: pSphereShape1 tranform: pSphere1 -0.02964645851 0.1341815671 0.05171585231 0 0.05217237028 0.03378397698 -0.0577474958 0 -0.1157318145 0.01201861852 -0.09752745588 0 -7.581793844 0.04201380687 0.1135971718 1


mesh: pSphereShape2 tranform: pSphere2 -0.04487905612 0.2485454777 0.06084860751 0 0.06973809833 0.0407516891 -0.1150210053 0 -0.1125057806 -0.003326426678 -0.06939164438 0 -7.659459512 0.3621124387 0.2403978373 1


mesh: pSphereShape3 tranform: pSphere3 -0.08837836747 0.2792236918 0.02148935187 0 0.07340019538 0.03150085198 -0.1074390125 0 -0.1040423261 -0.02685457926 -0.07895334286 0 -7.761880298 0.8125810201 0.3290906353 1


mesh: pSphereShape4 tranform: pSphere4 -0.1785112232 -0.01143322497 0.02591157151 0 -0.01256772684 0.1465335495 -0.02192569658 0 -0.02274450842 -0.02719177025 -0.1686906425 0 -7.973161243 1.078544527 0.348458 1


mesh: pSphereShape5 tranform: pSphere5 -0.1861386518 -0.01204375719 0.009876211321 0 -0.009861734841 0.1368849777 -0.01893849653 0 -0.007672195281 -0.0247310986 -0.1747580501 0 -8.268189763 1.078830479 0.3651004862 1


mesh: pSphereShape6 tranform: pSphere6 -0.09931548361 -0.2338216832 -0.08045381636 0 -0.08187787217 0.05070462447 -0.04628867014 0 0.0549157484 0.007333826266 -0.08910443328 0 -8.429242208 0.7983035041 0.2920996727 1


mesh: pSphereShape7 tranform: pSphere7 -0.07101672239 -0.1595575282 -0.180837046 0 -0.06719344506 0.06707409061 -0.03279371126 0 0.08742104734 0.04945660024 -0.07796814563 0 -8.5400564 0.4420903576 0.01757213855 1


mesh: pSphereShape8 tranform: pSphere8 0.00505559915 -0.1822417694 -0.05102387871 0 -0.04287967111 0.001587618604 -0.009919137178 0 0.02606269145 0.03088345519 -0.1077239351 0 -8.621967595 0.1734365778 -0.1912339633 1


mesh: pSphereShape10 tranform: pSphere10 -0.1780196794 0.01540169641 -0.04169443378 0 0.01272830763 0.1542429072 0.002631362944 0 0.05085999947 -0.0004893393485 -0.2173339853 0 -8.080309765 1.511739053 0.3226229294 1


mesh: pSphereShape11 tranform: pSphere11 -0.04371432676 0.0008390558833 -0.005284849186 0 0.01569322887 0.1313128707 -0.1089605546 0 0.009153776113 -0.07362088048 -0.08740517974 0 -8.073427317 1.319536783 0.2664632609 1


mesh: pSphereShape12 tranform: pSphere12 -0.3139196615 -0.02122231333 0.0336997048 0 -0.01234843053 0.1649442 -0.01115492376 0 -0.02646712082 -0.01948485336 -0.258817201 0 -8.070657227 0.8920825992 0.372155238 1


mesh: pSphereShape13 tranform: pSphere13 -0.2170445827 -0.02337992865 0.01853913716 0 -0.02305808077 0.2052856514 -0.01106133653 0 -0.01531671551 -0.01221241918 -0.194719721 0 -8.061999514 0.6661485371 0.3410231324 1


mesh: pSphereShape14 tranform: pSphere14 -0.2202832635 -0.0113533263 0.02086701028 0 -0.01383581314 0.2407777175 -0.01505582613 0 -0.0173193227 -0.01286539897 -0.1898317941 0 -8.047998979 0.4716252645 0.3413241324 1


mesh: pSphereShape15 tranform: pSphere15 -0.1499008011 0.01529523702 -0.01808472866 0 0.03207843924 0.3751687774 0.05140865826 0 0.02469006796 0.02323867893 -0.1849969622 0 -7.893429593 -0.1307238288 0.2773232121 1


mesh: pSphereShape16 tranform: pSphere16 -0.09871602107 0.01210580242 -0.0123230067 0 0.04936214635 0.3565107202 -0.04519889929 0 0.008805476526 -0.01160782949 -0.08194134124 0 -7.92937662 -0.8346282731 0.2393723903 1


mesh: pSphereShape17 tranform: pSphere17 -0.1003304287 -0.008043741304 -0.04996445086 0 -0.006546719828 0.1037687533 -0.003559606813 0 0.1241671572 -0.000715310957 -0.2492169959 0 -7.878890288 -1.297764096 0.1136844059 1


mesh: pSphereShape18 tranform: pSphere18 -0.1094313204 0.009399717089 0.06542372663 0 0.03614848739 0.356296958 0.00927318167 0 -0.07407804784 0.0107808531 -0.1254559467 0 -8.263783571 -0.1294541981 0.3936271792 1


mesh: pSphereShape19 tranform: pSphere19 -0.07328969864 0.006041803744 0.04545321257 0 -0.06513738197 0.3950334116 -0.1575381153 0 -0.05120271161 -0.03928516793 -0.07733838447 0 -8.27440567 -0.8270650696 0.5065608067 1


mesh: pSphereShape20 tranform: pSphere20 -0.03258582441 0.009071689921 0.1103511158 0 -0.0212260042 0.0781303044 -0.012690771 0 -0.2419162904 -0.07630694443 -0.06516299148 0 -8.394987855 -1.283462067 0.5584785818 1


mesh: pSphereShape21 tranform: pSphere21 -0.2625277782 -0.01353059457 0.02486875198 0 0.002075192966 0.1175923315 0.08588649573 0 -0.02813503052 0.1555937409 -0.2123528848 0 -8.037623651 0.301805554 0.4024459652 1


