mesh: pSphereShape1 tranform: pSphere1 0.08966726361 0.1132497081 0.02631388013 0 -0.05292485087 0.051585191 -0.04166551118 0 -0.0740524059 0.02856025526 0.1294235594 0 2.707234032 -0.03727357973 -0.5423224667 1


mesh: pSphereShape2 tranform: pSphere2 0.1209276021 0.2241110552 0.05140318258 0 -0.1143513689 0.07098703698 -0.04047887349 0 -0.04606578097 -0.003559796014 0.1238914354 0 2.917251642 0.236859051 -0.4692167124 1


mesh: pSphereShape3 tranform: pSphere3 0.01507048984 0.2667541557 0.1218749312 0 -0.1172567966 0.0322111582 -0.05600284554 0 -0.0639816464 -0.04560577195 0.1077314573 0 3.047533815 0.6526649685 -0.3363508485 1


mesh: pSphereShape4 tranform: pSphere4 0.01573711451 -0.01744552428 0.1792104403 0 -0.05739623772 0.135950288 0.01827446666 0 -0.1583064996 -0.06781594809 0.007299813229 0 3.040667976 0.8985819704 -0.09623550522 1


mesh: pSphereShape5 tranform: pSphere5 -0.008928108378 -0.02474963119 0.1849268341 0 -0.05378255837 0.1268621788 0.01438198864 0 -0.1625911906 -0.06702288111 -0.01681975131 0 3.027174618 0.8794085024 0.1973682354 1


mesh: pSphereShape6 tranform: pSphere6 -0.003010172426 -0.2477778632 0.09801036055 0 -0.06304568598 0.03239428368 0.07995897536 0 -0.08470629937 -0.02188290869 -0.05792327351 0 3.034692764 0.5819219266 0.3549088792 1


mesh: pSphereShape7 tranform: pSphere7 -0.1805480802 -0.1722050839 0.03085152692 0 -0.04606344655 0.06011606526 0.06598134416 0 -0.06655028072 0.05282774616 -0.09459236719 0 2.83420699 0.1946415797 0.4250392564 1


mesh: pSphereShape8 tranform: pSphere8 -0.0538805771 -0.1814611265 0.003130619806 0 -0.03474102042 0.01074412976 0.02484353408 0 -0.06267356775 0.01697077833 -0.09498165334 0 2.613591192 -0.07580558435 0.4364084945 1


mesh: pSphereShape10 tranform: pSphere10 -0.01505234469 -0.02516718088 0.1811261556 0 0.008611094628 0.1529800351 0.02197194195 0 -0.2221070985 0.01485675514 -0.01639371161 0 3.013191386 1.323020793 0.1017944462 1


mesh: pSphereShape11 tranform: pSphere11 -0.002102562293 -0.005991132612 0.04358051825 0 -0.1108577997 0.1300587124 0.01253113973 0 -0.08724840849 -0.0729952679 -0.0142441983 0 2.94357877 1.134165012 0.04704653251 1


mesh: pSphereShape12 tranform: pSphere12 0.0022985362 -0.03822185616 0.3141105171 0 -0.05392002441 0.1555721047 0.01932501909 0 -0.2467031389 -0.08445301345 -0.008471205809 0 3.103950011 0.7171670404 -0.006913766687 1


mesh: pSphereShape13 tranform: pSphere13 -0.0021719091 -0.02711170632 0.2173911446 0 -0.09135694837 0.1842905625 0.02207087427 0 -0.1755750682 -0.08554865951 -0.01242324394 0 3.147507601 0.4908654834 -0.02671607729 1


mesh: pSphereShape14 tranform: pSphere14 -0.008567318296 -0.01505552026 0.2208822734 0 -0.1031628087 0.2182457284 0.01087445512 0 -0.1726099872 -0.08098257676 -0.01221483049 0 3.221336161 0.3118376942 -0.04115938435 1


mesh: pSphereShape15 tranform: pSphere15 -0.00878176953 -0.008315858731 0.1512778201 0 -0.02763700832 0.3785378231 0.01920417164 0 -0.1872644831 -0.01308416807 -0.01159006405 0 3.315561856 -0.2693666616 -0.2428099815 1


mesh: pSphereShape16 tranform: pSphere16 -0.0154599231 0.00445271233 0.09891624686 0 -0.3173104082 0.1662402151 -0.05707671432 0 -0.03822919582 -0.07387943857 -0.002649277026 0 3.591138163 -0.812415428 -0.253212186 1


mesh: pSphereShape17 tranform: pSphere17 -0.03997936553 -0.01471874148 0.1039824602 0 -0.09584636885 0.02242336761 -0.0336771534 0 -0.0437268787 -0.2694354665 -0.05495084296 0 3.973103081 -1.208176269 -0.2228489713 1


mesh: pSphereShape18 tranform: pSphere18 -0.01886260222 -0.01373922726 0.1256951409 0 0.1088906662 0.337125796 0.05319067387 0 -0.1375009207 0.04685986903 -0.01551218899 0 3.183153629 -0.2558114536 0.07946358461 1


mesh: pSphereShape19 tranform: pSphere19 -0.01070717016 -0.01170998735 0.08498300157 0 -0.1932075954 0.3833693965 0.02848268643 0 -0.0891323143 -0.04363914035 -0.01724307932 0 3.198601221 -0.9244729538 0.01594810694 1


mesh: pSphereShape20 tranform: pSphere20 -0.004442038164 0.009103291453 0.1149734693 0 -0.004293315244 0.08156977881 -0.006624350337 0 -0.2613476603 -0.0144825642 -0.008950562977 0 3.159067827 -1.327811461 -0.04494858127 1


mesh: pSphereShape21 tranform: pSphere21 -0.01021030378 -0.0179427716 0.2632416624 0 0.0367357668 0.1404927584 0.0110009669 0 -0.2559878758 0.06735318824 -0.005338102978 0 3.340681011 0.1760479859 -0.0416301414 1


