mesh: pSphereShape1 tranform: pSphere1 -0.001388308393 0.1421506041 -0.03673435966 0 0.03994521643 0.01909279588 0.07237355471 0 0.1339339616 -0.01665913556 -0.06952749008 0 -7.401625307 -0.05806928859 0.6458458869 1


mesh: pSphereShape2 tranform: pSphere2 0.01707098977 0.2550193618 -0.04653217855 0 0.08154827054 0.01524231537 0.1134525697 0 0.107342599 -0.02075509964 -0.07436806015 0 -7.411234428 0.2810598258 0.5488442624 1


mesh: pSphereShape3 tranform: pSphere3 0.06580304544 0.2769642751 -0.07210511538 0 0.07206612226 0.01208212584 0.1121763345 0 0.108327852 -0.04265917075 -0.06499904629 0 -7.361597676 0.739616667 0.4502972593 1


mesh: pSphereShape4 tranform: pSphere4 0.03882303027 0.005925162627 -0.1764257627 0 0.03754756049 0.1432829448 0.0130745351 0 0.1626277552 -0.0457422546 0.03425050781 0 -7.256947676 1.01596912 0.2653588402 1


mesh: pSphereShape5 tranform: pSphere5 0.06031372517 0.003136857116 -0.176755775 0 0.03508525143 0.1332550072 0.01433686752 0 0.1611056162 -0.04824062231 0.05411736006 0 -7.162026077 1.04026697 -0.0130200107 1


mesh: pSphereShape6 tranform: pSphere6 0.01568776888 -0.250301366 -0.09006709438 0 0.07016006482 0.03114438146 -0.07433154569 0 0.07889634193 -0.01898865694 0.06651257474 0 -7.130392317 0.7483556147 -0.1709556252 1


mesh: pSphereShape7 tranform: pSphere7 0.1017245879 -0.2207373772 -0.06427390931 0 0.06389510088 0.04731840381 -0.06138163351 0 0.08353686838 0.01076140854 0.09525340028 0 -6.994458468 0.3092433482 -0.2635088915 1


mesh: pSphereShape8 tranform: pSphere8 -0.0362254086 -0.1855056119 -0.0107909929 0 0.03045033693 -0.004110988708 -0.03155079654 0 0.08015345542 -0.02030617952 0.08000362829 0 -6.905091094 -0.02395596482 -0.3221598661 1


mesh: pSphereShape10 tranform: pSphere10 0.05098114163 -0.01496597745 -0.1756234239 0 0.004849520977 0.1542676287 -0.01173836434 0 0.2143033743 -0.001990313898 0.0623790234 0 -7.167559942 1.45614111 0.1151489584 1


mesh: pSphereShape11 tranform: pSphere11 0.01241279828 -0.002075940397 -0.04220413392 0 0.1101879312 0.1286083689 0.02608174018 0 0.08163590998 -0.07556634956 0.02772717296 0 -7.126496709 1.265199627 0.1731928678 1


mesh: pSphereShape12 tranform: pSphere12 0.09515393074 0.005711784109 -0.3017361687 0 0.03174298751 0.1621875127 0.01308046731 0 0.2437543627 -0.05382441445 0.0758502118 0 -7.262476019 0.8423594925 0.1439984338 1


mesh: pSphereShape13 tranform: pSphere13 0.06690434468 0.01293089576 -0.2082192886 0 0.04939236855 0.1988972283 0.02822256965 0 0.1804011175 -0.0525611245 0.05470173392 0 -7.265422693 0.6131832789 0.1253969738 1


mesh: pSphereShape14 tranform: pSphere14 0.06956798676 0.01181224755 -0.2100233614 0 0.05177702883 0.2340771576 0.03031567985 0 0.1767117551 -0.04633133616 0.05592808223 0 -7.298553372 0.4233867226 0.1038941679 1


mesh: pSphereShape15 tranform: pSphere15 0.05154091509 0.005374948215 -0.1426390404 0 0.04890014886 0.3755259559 0.03182011722 0 0.1752363744 -0.02809455392 0.06226090903 0 -7.443494128 -0.1637514288 0.2382520117 1


mesh: pSphereShape16 tranform: pSphere16 0.03435088352 0.004290355493 -0.0940471659 0 0.1081701616 0.3418220789 0.05510297739 0 0.07414101439 -0.02762431423 0.0258199298 0 -7.575592218 -0.8604976182 0.2012497921 1


mesh: pSphereShape17 tranform: pSphere17 0.04127167309 0.01330760077 -0.1036672553 0 -0.002599832297 0.1032827126 0.0122232008 0 0.2588836818 -0.005595913031 0.1023475974 0 -7.513017944 -1.311164372 0.2197865147 1


mesh: pSphereShape18 tranform: pSphere18 0.05802085628 0.006664136891 -0.1137233578 0 -0.1725410777 0.306033296 -0.07009583127 0 0.1095264301 0.07556407194 0.0603076335 0 -7.108292344 -0.1313951378 0.002470793958 1


mesh: pSphereShape19 tranform: pSphere19 0.03794409534 0.001571539235 -0.0776637222 0 0.09319925778 0.416550595 0.05396325347 0 0.08783855697 -0.02514670114 0.0424063573 0 -6.972059058 -0.7860476307 0.02619121381 1


mesh: pSphereShape20 tranform: pSphere20 0.01390195918 -0.002892915246 -0.1145419873 0 0.009141162883 0.08143393164 -0.0009472630231 0 0.2583484058 -0.02862710652 0.03207875882 0 -6.847001902 -1.221218628 0.03892578989 1


mesh: pSphereShape21 tranform: pSphere21 0.0829092901 0.0140775248 -0.2503002978 0 -0.06249509146 0.1308630609 -0.01334075793 0 0.2242230659 0.1153129095 0.08075697769 0 -7.380917208 0.2676138757 0.06348032503 1


