mesh: pSphereShape1 tranform: pSphere1 0.04310435348 0.1334968815 0.0433443443 0 -0.06598559377 0.03450747466 -0.04065983521 0 -0.08438329749 -0.01349767101 0.1254877552 0 1.831380708 -0.05948742096 -0.4447184785 1


mesh: pSphereShape2 tranform: pSphere2 0.05186321216 0.2445975898 0.07052491411 0 -0.1217521565 0.04203302447 -0.05624563463 0 -0.06055539617 -0.0205309935 0.1157382322 0 1.944684111 0.2566758813 -0.336526432 1


mesh: pSphereShape3 tranform: pSphere3 0.01824239128 0.2675860096 0.119596575 0 -0.1138757427 0.03504879956 -0.06104859239 0 -0.06962100339 -0.04241360517 0.1055159058 0 2.022071106 0.696279409 -0.1867043966 1


mesh: pSphereShape4 tranform: pSphere4 0.07273825554 0.007417029615 0.1652952475 0 -0.02255821193 0.1469380152 0.003333437483 0 -0.1556185959 -0.02547033826 0.06962293001 0 2.077204553 0.9703769207 0.04030253701 1


mesh: pSphereShape5 tranform: pSphere5 0.05262824158 0.007455529519 0.1790666708 0 -0.01988363287 0.1371059459 0.0001353864872 0 -0.1676016472 -0.02435587928 0.05027270521 0 2.164829132 1.001540125 0.3200225179 1


mesh: pSphereShape6 tranform: pSphere6 0.03655927444 -0.2441203381 0.1003874562 0 -0.01581513961 0.03815626695 0.09854728067 0 -0.1027654236 -0.01912662786 -0.009086489207 0 2.220742024 0.7155877443 0.4874806664 1


mesh: pSphereShape7 tranform: pSphere7 -0.03723245888 -0.2151443498 0.1246221073 0 -0.01867476205 0.05186874018 0.08396551222 0 -0.1235070187 0.004022898582 -0.0299542848 0 2.169334548 0.2851629817 0.6701132993 1


mesh: pSphereShape8 tranform: pSphere8 0.05008070629 -0.1823706799 0.008597427983 0 -0.01239504891 -0.001412646881 0.04223675178 0 -0.106125406 -0.03065959609 -0.03216963245 0 2.142545453 -0.04258407707 0.7896057806 1


mesh: pSphereShape10 tranform: pSphere10 0.1270999451 0.0006954513049 0.1323320241 0 -0.00384515708 0.1547149909 0.002880047472 0 -0.1608865256 -0.006875731448 0.154561607 0 2.09383548 1.413264737 0.1932472564 1


mesh: pSphereShape11 tranform: pSphere11 0.02438580828 0.003051768969 0.03654579415 0 -0.1002400435 0.1270696961 0.056275891 0 -0.06793985803 -0.07650143143 0.05172231418 0 2.026810366 1.218784449 0.1911267141 1


mesh: pSphereShape12 tranform: pSphere12 0.08545770677 0.01228858984 0.3044299286 0 -0.01473564943 0.1651059486 -0.002528149838 0 -0.2501286875 -0.02123562807 0.07107178999 0 2.132930207 0.7952545274 0.1458109204 1


mesh: pSphereShape13 tranform: pSphere13 0.06197497813 0.02291247979 0.2088846378 0 -0.02692935248 0.2046024161 -0.01445296659 0 -0.1859724707 -0.02042141641 0.05741707585 0 2.115829601 0.5690034761 0.176155986 1


mesh: pSphereShape14 tranform: pSphere14 0.06027438085 0.01524901779 0.2126582065 0 -0.02320740212 0.2402913901 -0.01065275555 0 -0.1829302835 -0.01532016835 0.05294706131 0 2.126185651 0.3757404801 0.1893273737 1


mesh: pSphereShape15 tranform: pSphere15 0.03649556946 0.01370923529 0.1466675906 0 -0.05185037426 0.3758204504 -0.02222646484 0 -0.180746602 -0.02215447687 0.0470463248 0 2.143585487 -0.2070462435 0.01591930141 1


mesh: pSphereShape16 tranform: pSphere16 0.02271054837 0.01170149749 0.09690493131 0 -0.1599718001 0.3255536276 -0.001820522939 0 -0.07227567748 -0.03539647882 0.0212126674 0 2.300675486 -0.8911696304 0.01178379741 1


mesh: pSphereShape17 tranform: pSphere17 0.01269189871 0.00439989725 0.1115656742 0 -0.01226866972 0.1032753437 -0.002677240913 0 -0.2746997516 -0.03179054387 0.03250405265 0 2.286007981 -1.342987511 0.02566207703 1


mesh: pSphereShape18 tranform: pSphere18 0.03815216765 0.00350751044 0.1219669712 0 0.1626692217 0.3135138386 -0.05990012222 0 -0.1226444247 0.07057713982 0.03633443183 0 2.017209044 -0.2061910064 0.39866065 1


mesh: pSphereShape19 tranform: pSphere19 0.02699792152 0.003245262249 0.0820637457 0 0.1164525788 0.4105798827 -0.05454804601 0 -0.09172485017 0.0298680589 0.02899515007 0 1.746038691 -0.8658940396 0.5269394311 1


mesh: pSphereShape20 tranform: pSphere20 0.05470828688 -0.003273302522 0.1015765185 0 0.02370004828 0.07777543023 -0.01025834065 0 -0.2178181137 0.08219729622 0.1199638721 0 1.432505817 -1.196963868 0.6542936282 1


mesh: pSphereShape21 tranform: pSphere21 0.07183341592 0.01817337685 0.2534404366 0 0.0787429108 0.1185681451 -0.03082047975 0 -0.2107480073 0.1526427229 0.04878746148 0 2.192086308 0.2074130869 0.1870356381 1


