mesh: pSphereShape1 tranform: pSphere1 -0.05727985794 0.1328461061 0.0250811641 0 -0.0598097478 -0.01477553161 -0.05833150372 0 -0.08992698449 -0.05900435715 0.1071518923 0 -2.269115186 -0.06929856961 -0.2293612147 1


mesh: pSphereShape2 tranform: pSphere2 -0.1173272462 0.2300868963 0.02803345585 0 -0.09213517944 -0.03476386901 -0.1002821834 0 -0.08002773987 -0.05196120409 0.09153911848 0 -2.393783747 0.2537173941 -0.1618237586 1


mesh: pSphereShape3 tranform: pSphere3 -0.1380940239 0.2505592874 0.06624562017 0 -0.08803923073 -0.02253040339 -0.09830823232 0 -0.078479986 -0.0658241967 0.08536785885 0 -2.594805577 0.676805859 -0.08749639768 1


mesh: pSphereShape4 tranform: pSphere4 -0.01516082196 0.02179650635 0.1787832396 0 -0.03397024686 0.1433264941 -0.02035444548 0 -0.1671927716 -0.04093165729 -0.009187733245 0 -2.741253401 0.9456729842 0.09318526772 1


mesh: pSphereShape5 tranform: pSphere5 -0.02936955641 0.02083341721 0.1832855346 0 -0.03199802042 0.1332609587 -0.02027464319 0 -0.1696299282 -0.04410351204 -0.02216830088 0 -2.790906535 0.9974016917 0.3802080039 1


mesh: pSphereShape6 tranform: pSphere6 -0.1037173293 -0.2155510363 0.1174283942 0 -0.05064010453 0.06262359912 0.07022428727 0 -0.08287733294 0.004926382596 -0.06415764101 0 -2.895662414 0.749032855 0.5687857399 1


mesh: pSphereShape7 tranform: pSphere7 -0.2498378586 -0.01828736548 -0.02122813101 0 -0.01090290899 0.08071274841 0.05878689486 0 0.003214088997 0.07511841209 -0.10253936 0 -3.243234702 0.5425289979 0.6052628943 1


mesh: pSphereShape8 tranform: pSphere8 -0.1676533475 -0.08441560505 -0.02464586167 0 -0.02044651181 0.03701717445 0.01229816896 0 -0.001736473776 0.035405739 -0.1094573716 0 -3.579190999 0.488520745 0.5398179133 1


mesh: pSphereShape10 tranform: pSphere10 -0.007771827014 0.008771007594 0.1831101102 0 0.01969650958 0.1533931396 -0.006511571238 0 -0.2211898818 0.02794662709 -0.01072671288 0 -2.74415163 1.403485855 0.2066764895 1


mesh: pSphereShape11 tranform: pSphere11 -0.002025228469 0.003490958534 0.04385530376 0 -0.0942601467 0.1422359468 -0.01567514225 0 -0.09559512286 -0.06328250679 0.0006228355626 0 -2.824356202 1.217614294 0.1833257793 1


mesh: pSphereShape12 tranform: pSphere12 -0.02337398432 0.03739463126 0.313347904 0 -0.02808744471 0.1619739819 -0.02142498078 0 -0.2564006588 -0.04626132955 -0.01360525973 0 -2.725257671 0.7823323627 0.2272133631 1


mesh: pSphereShape13 tranform: pSphere13 -0.002140986694 0.01715391761 0.2184029094 0 -0.0487479918 0.2003917769 -0.01621715041 0 -0.1901819695 -0.04612203256 0.001758202222 0 -2.725366065 0.5544918965 0.2597003107 1


mesh: pSphereShape14 tranform: pSphere14 0.009496214862 0.01004208006 0.2211289779 0 -0.05303417483 0.2356023465 -0.008421843784 0 -0.1862158058 -0.04156391749 0.009884428132 0 -2.692308456 0.3633120725 0.272196407 1


mesh: pSphereShape15 tranform: pSphere15 0.03505520298 0.009641455327 0.1473411922 0 0.1303786869 0.3528416007 -0.05410814004 0 -0.1712385838 0.06883135626 0.03623676981 0 -2.807816382 -0.192808254 0.1529714477 1


mesh: pSphereShape16 tranform: pSphere16 0.02211390606 0.0137535637 0.09677331454 0 -0.09092537062 0.3499619673 -0.02895952381 0 -0.07844853352 -0.01867900573 0.02058115303 0 -2.901548316 -0.8589389749 0.2041558499 1


mesh: pSphereShape17 tranform: pSphere17 0.004096121989 0.008005501271 0.1120110565 0 -0.008820141958 0.1034201113 -0.007068958009 0 -0.2772487326 -0.02284046782 0.01177110604 0 -2.99785786 -1.331356436 0.2363836998 1


mesh: pSphereShape18 tranform: pSphere18 0.02422789204 0.004410175878 0.1254487632 0 0.03153217829 0.3563696359 -0.01861804712 0 -0.1428674013 0.01405683199 0.02709777911 0 -2.663460783 -0.2390826148 0.4705723335 1


mesh: pSphereShape19 tranform: pSphere19 0.02170441332 -0.0006286417744 0.08368035076 0 -0.3895883913 0.1512996524 0.1021852881 0 -0.03446050281 -0.0942921664 0.008229757586 0 -2.406344883 -0.7514742572 0.4335487835 1


mesh: pSphereShape20 tranform: pSphere20 0.04006230661 0.04918769662 0.09642137918 0 -0.07656624431 0.01920730214 0.02201438543 0 -0.02129724669 -0.2288381118 0.1255866339 0 -2.059592178 -1.103707735 0.4065313074 1


mesh: pSphereShape21 tranform: pSphere21 0.01131733818 0.01196788592 0.2635356783 0 0.06656237206 0.1292363541 -0.008727451372 0 -0.235208519 0.1214523235 0.004585363197 0 -2.605063945 0.2051567806 0.2797831693 1


