mesh: pSphereShape1 tranform: pSphere1 0.0851501318 0.1028736101 0.06102958493 0 0.000880134652 0.04274545451 -0.07328122593 0 -0.1236736001 0.07670452413 0.04325692271 0 -7.79184223 0.05897822684 -0.1915326132 1


mesh: pSphereShape2 tranform: pSphere2 0.1126097014 0.2128339365 0.09753106092 0 -0.07310862645 0.07978122048 -0.08968845957 0 -0.09730443218 0.01075324555 0.08888212014 0 -7.602263468 0.3134926095 -0.03689775779 1


mesh: pSphereShape3 tranform: pSphere3 0.01016057537 0.2694331166 0.1163656156 0 -0.07313965427 0.04677273952 -0.1019114104 0 -0.1115872747 -0.02535379661 0.06844756771 0 -7.478312794 0.7195208684 0.1390591172 1


mesh: pSphereShape4 tranform: pSphere4 -0.06123358169 -0.0001247245949 0.1700553378 0 -0.01119814274 0.148222713 -0.003923519126 0 -0.1616612258 -0.01375455286 -0.05822111517 0 -7.531185446 0.9892761841 0.355733304 1


mesh: pSphereShape5 tranform: pSphere5 -0.05629002692 -0.001341335706 0.178100598 0 -0.008529998521 0.1382675627 -0.001654630197 0 -0.1681015166 -0.01100730281 -0.05321264212 0 -7.631473349 1.007757136 0.635171777 1


mesh: pSphereShape6 tranform: pSphere6 -0.001432071502 -0.2320085604 0.1310684494 0 -0.07915839778 0.03567314252 0.0622813041 0 -0.07047638669 -0.03790340478 -0.06786409424 0 -7.658158935 0.7275986388 0.8271275547 1


mesh: pSphereShape7 tranform: pSphere7 -0.05217753382 -0.216339698 0.1169557904 0 -0.07601221211 0.04445663473 0.04832257679 0 -0.07881884575 -0.03206778788 -0.09448107267 0 -7.729713867 0.2961774124 1.007109456 1


mesh: pSphereShape8 tranform: pSphere8 0.07864920659 -0.1496595929 0.08519017756 0 -0.03923391413 -0.01116997169 0.01659842534 0 -0.02114810428 -0.06413665423 -0.09314904804 0 -7.73737069 -0.02694916719 1.140431653 1


mesh: pSphereShape10 tranform: pSphere10 -0.09644989735 0.01393138851 0.1554669677 0 0.01756045149 0.1537631914 -0.002884413458 0 -0.1881848893 0.01926912662 -0.1184744207 0 -7.568764607 1.430589053 0.4701440412 1


mesh: pSphereShape11 tranform: pSphere11 -0.02079594912 0.0004717122777 0.03881857799 0 -0.08041974872 0.1445126556 -0.04483866971 0 -0.08554426034 -0.06159149871 -0.04507946222 0 -7.62759705 1.248138209 0.432735098 1


mesh: pSphereShape12 tranform: pSphere12 -0.1127844618 -0.001072939792 0.2956520328 0 -0.0006951249483 0.1657796995 0.0003364507328 0 -0.2437589114 -0.0008333701831 -0.09299145193 0 -7.572697235 0.809189388 0.4591101224 1


mesh: pSphereShape13 tranform: pSphere13 -0.07583433108 -0.003949134312 0.2055048178 0 8.217045954e-05 0.2068337018 0.004004993262 0 -0.1836048586 0.001384350522 -0.06772631806 0 -7.618074426 0.5857173465 0.4488307736 1


mesh: pSphereShape14 tranform: pSphere14 -0.07329363788 -0.01057069783 0.2088189391 0 0.003692991237 0.2412382891 0.0135080172 0 -0.1802736449 0.006284923761 -0.06295633563 0 -7.630658494 0.3924905267 0.437806711 1


mesh: pSphereShape15 tranform: pSphere15 -0.01203667385 0.00444155575 0.1512172044 0 -0.03216745241 0.378420038 -0.01367544676 0 -0.18680886 -0.01639957516 -0.01438803013 0 -7.557754874 -0.1989490371 0.264360905 1


mesh: pSphereShape16 tranform: pSphere16 -0.01205693894 0.009216203402 0.09906034313 0 -0.2282130845 0.2768260031 -0.05353137096 0 -0.06391182415 -0.05323488752 -0.002826130021 0 -7.352296553 -0.8406103905 0.2854496014 1


mesh: pSphereShape17 tranform: pSphere17 -0.01628214908 -0.0005421386792 0.1111842649 0 -0.04564374121 0.09328091143 -0.006229361767 0 -0.2469345823 -0.1232838291 -0.03676295939 0 -7.246222152 -1.297354464 0.3088661937 1


mesh: pSphereShape18 tranform: pSphere18 -0.06136682784 0.0185212722 0.1106115161 0 0.1473513715 0.3253989694 0.02726373766 0 -0.113200836 0.05732735288 -0.07240251287 0 -7.831134118 -0.1997279416 0.5563328464 1


mesh: pSphereShape19 tranform: pSphere19 -0.04049169363 0.01203759063 0.07542809166 0 0.01871282318 0.4259188029 -0.05792698971 0 -0.08888893864 -0.002529593199 -0.04731411579 0 -8.024928852 -0.8826530285 0.5825786256 1


mesh: pSphereShape20 tranform: pSphere20 -0.0358822575 -0.008138913427 0.1093970839 0 0.00319653123 0.08157857191 0.007117737178 0 -0.2487138284 0.01675441519 -0.08033167422 0 -8.243988103 -1.284848712 0.5355990066 1


mesh: pSphereShape21 tranform: pSphere21 -0.08734942275 -0.01259787862 0.248864899 0 0.08987831052 0.1084388746 0.03703583092 0 -0.1890131855 0.1762720341 -0.05741886065 0 -7.587281002 0.2173191423 0.4485602756 1


