mesh: pSphereShape1 tranform: pSphere1 0.1179487096 0.0865246189 0.01263831669 0 -0.03070102671 0.05071598383 -0.06069120641 0 -0.07181273583 0.08251584427 0.1052804405 0 -4.97447616 0.054760542 -0.06843062848 1


mesh: pSphereShape2 tranform: pSphere2 0.1710890624 0.1932282083 0.02971412855 0 -0.09483715623 0.09148851589 -0.04888455216 0 -0.04405107261 0.02008241232 0.1230447716 0 -4.702196346 0.2748726296 -0.02392494013 1


mesh: pSphereShape3 tranform: pSphere3 0.05428350601 0.2716116524 0.09756438571 0 -0.1096154253 0.04443465085 -0.06271406618 0 -0.07247552848 -0.0247255359 0.1091583714 0 -4.497374875 0.6634200569 0.07020788852 1


mesh: pSphereShape4 tranform: pSphere4 0.05625666753 -0.009124061712 0.1715235373 0 -0.03403869646 0.1435226203 0.01879866125 0 -0.1589896175 -0.04422886026 0.04979304496 0 -4.430243525 0.9232483342 0.2874974644 1


mesh: pSphereShape5 tranform: pSphere5 0.04850259939 -0.01082030172 0.180057236 0 -0.02974219683 0.1343505865 0.01608537265 0 -0.1663369455 -0.04188645869 0.042289609 0 -4.357748107 0.925228072 0.5746579538 1


mesh: pSphereShape6 tranform: pSphere6 0.1377638104 -0.192959277 0.1216421446 0 -0.04332283549 0.02805130573 0.09356196903 0 -0.07910085538 -0.06691640966 -0.01656421616 0 -4.201610493 0.6780056884 0.7556717928 1


mesh: pSphereShape7 tranform: pSphere7 0.08276294145 -0.1940031707 0.1368103876 0 -0.0506315791 0.03452377704 0.07958562812 0 -0.1015252184 -0.06804408169 -0.03507220448 0 -4.035143519 0.2887420569 0.9660772689 1


mesh: pSphereShape8 tranform: pSphere8 0.156993175 -0.09795457414 0.03998877623 0 -0.01701198853 -0.01134122079 0.03900698613 0 -0.04646786403 -0.09389253267 -0.04756498507 0 -3.869758261 0.01525823731 1.109236487 1


mesh: pSphereShape10 tranform: pSphere10 0.01418906994 -0.01827672516 0.1820199877 0 0.01278075432 0.1535850663 0.0144252566 0 -0.2217734141 0.01667412328 0.01896224087 0 -4.400140463 1.353444348 0.4749087504 1


mesh: pSphereShape11 tranform: pSphere11 0.005424387676 -0.006461823998 0.04322495643 0 -0.09720165193 0.1372700279 0.03271892722 0 -0.09335269776 -0.06652542547 0.001769941228 0 -4.473464203 1.169659745 0.4443210388 1


mesh: pSphereShape12 tranform: pSphere12 0.05624537758 -0.02122009449 0.3106731009 0 -0.02705426873 0.1627730317 0.01601598805 0 -0.2531862939 -0.04628087345 0.04267660815 0 -4.371283939 0.7400306389 0.3761501359 1


mesh: pSphereShape13 tranform: pSphere13 0.02574230185 -0.006278049785 0.2174777955 0 -0.03622719828 0.2034221789 0.01016042136 0 -0.1913014451 -0.03514895621 0.02162920879 0 -4.37716402 0.5116401061 0.3725375427 1


mesh: pSphereShape14 tranform: pSphere14 0.01386823007 0.005093820853 0.2210673461 0 -0.03636032333 0.2388714206 -0.003223067118 0 -0.1884996869 -0.02852445833 0.0124824202 0 -4.357468189 0.3191530895 0.3691467363 1


mesh: pSphereShape15 tranform: pSphere15 0.01020254831 0.0233259122 0.1496096978 0 -0.1155140631 0.3588442615 -0.04807062665 0 -0.1787328363 -0.05475868304 0.02072610717 0 -4.220320222 -0.2746374991 0.2390141194 1


mesh: pSphereShape16 tranform: pSphere16 0.0008924532445 0.02079511348 0.09803074286 0 -0.2944701506 0.2077354126 -0.04138579918 0 -0.04859369374 -0.06600519801 0.01444397075 0 -3.87410652 -0.8465473855 0.2916333304 1


mesh: pSphereShape17 tranform: pSphere17 0.006580842856 0.01714402324 0.1108608047 0 -0.08741912307 0.05629402622 -0.003516252506 0 -0.1500729774 -0.2302679634 0.04451822273 0 -3.602116687 -1.282891205 0.3586386256 1


mesh: pSphereShape18 tranform: pSphere18 -0.004556049825 0.004876947965 0.1276686742 0 0.1959312249 0.2998854103 -0.004463531266 0 -0.122195638 0.0797267288 -0.007406300167 0 -4.51734573 -0.2235575926 0.5500164817 1


mesh: pSphereShape19 tranform: pSphere19 -0.002002855869 0.002161972363 0.0864013443 0 0.03147122132 0.4289778594 -0.01000454291 0 -0.100431742 0.007309440757 -0.00251099233 0 -4.76734616 -0.8810862836 0.5810121974 1


mesh: pSphereShape20 tranform: pSphere20 0.01729057545 0.003693754843 0.1140565318 0 0.0183840723 0.07968161326 -0.005367474571 0 -0.2521928492 0.06062878726 0.03626808167 0 -5.021063691 -1.253662916 0.5925205477 1


mesh: pSphereShape21 tranform: pSphere21 0.01652779049 0.006070681221 0.2634622271 0 0.07538692662 0.1243699345 -0.007594976998 0 -0.2259141983 0.1376098911 0.01100148886 0 -4.281520969 0.1551279462 0.3723140909 1


