mesh: pSphereShape1 tranform: pSphere1 -0.02766859653 0.144187025 0.001638723871 0 0.06648932674 0.01333833385 -0.05098377067 0 -0.0898603236 -0.01586458036 -0.1213397794 0 -7.591655016 -0.06050461687 0.4039157483 1


mesh: pSphereShape2 tranform: pSphere2 -0.02843078216 0.2574802853 -0.01967563311 0 0.1118400604 0.005860048513 -0.08491993228 0 -0.07876333239 -0.01671189003 -0.1048850146 0 -7.66501865 0.2845615935 0.4129546331 1


mesh: pSphereShape3 tranform: pSphere3 -0.05886560622 0.2826416113 -0.05373042078 0 0.109831341 0.00841011858 -0.07608797671 0 -0.07140594785 -0.03520567845 -0.1069642707 0 -7.735977809 0.7503649083 0.3713933641 1


mesh: pSphereShape4 tranform: pSphere4 -0.1782491805 0.002691981172 -0.02980550076 0 0.006164259436 0.1466799489 -0.02361693359 0 0.02763213886 -0.02817816943 -0.1677965839 0 -7.914032294 1.030285407 0.2877184793 1


mesh: pSphereShape5 tranform: pSphere5 -0.17961517 0.002720577701 -0.05119744626 0 0.007954325113 0.1367632828 -0.02063857471 0 0.04741832801 -0.02808762046 -0.1678494969 0 -8.197540273 1.053620864 0.2096475957 1


mesh: pSphereShape6 tranform: pSphere6 -0.09494523386 -0.2275157549 -0.1011481351 0 -0.0614803672 0.05562411838 -0.06740703064 0 0.07724572325 -0.0006682739625 -0.07100546536 0 -8.357036876 0.7843929171 0.0947033513 1


mesh: pSphereShape7 tranform: pSphere7 -0.04621045608 -0.169814104 -0.1795321161 0 -0.04923976583 0.06957819404 -0.05313793902 0 0.1083328981 0.03214772425 -0.05829179673 0 -8.433618789 0.4183201 -0.1844952733 1


mesh: pSphereShape8 tranform: pSphere8 -0.002389420787 -0.1881759327 -0.02061957378 0 -0.03670373653 0.003111205483 -0.02413984536 0 0.06356939752 0.009647622045 -0.09541149286 0 -8.489343425 0.1331785546 -0.3798164969 1


mesh: pSphereShape10 tranform: pSphere10 -0.1576111302 0.01967993447 -0.09185900139 0 0.01394474077 0.1538946238 0.009044184536 0 0.1124977634 0.001135730495 -0.1927796761 0 -7.997551138 1.472682376 0.2371286572 1


mesh: pSphereShape11 tranform: pSphere11 -0.04019426362 0.002398558375 -0.01783939738 0 0.05131104729 0.1308497257 -0.09801671095 0 0.03189047429 -0.07375751681 -0.08176990564 0 -7.97660433 1.279647005 0.1815181393 1


mesh: pSphereShape12 tranform: pSphere12 -0.3103623896 0.003387751089 -0.06160617506 0 0.004252191553 0.1652673666 -0.01233375761 0 0.05042785261 -0.02034029853 -0.2551662507 0 -8.028179999 0.8522467098 0.278501443 1


mesh: pSphereShape13 tranform: pSphere13 -0.2156271685 -0.004332733598 -0.03853340352 0 -0.0009031555912 0.206075642 -0.0181174231 0 0.0346270435 -0.01671833351 -0.1918879357 0 -8.030938558 0.6252977732 0.2500858982 1


mesh: pSphereShape14 tranform: pSphere14 -0.2191571561 -0.002443579372 -0.0324532924 0 -6.106271866e-05 0.2409928308 -0.01773326328 0 0.02806398322 -0.0138614816 -0.1884724374 0 -8.030059129 0.430883863 0.2542367031 1


mesh: pSphereShape15 tranform: pSphere15 -0.1464542869 0.02799414583 -0.02826166122 0 0.06203862297 0.3719793186 0.04696896598 0 0.0385707764 0.01671463705 -0.1833205602 0 -7.90672339 -0.1626687546 0.2298874634 1


mesh: pSphereShape16 tranform: pSphere16 -0.09608433756 0.02101414076 -0.01922149128 0 0.08794913489 0.346647332 -0.06066327107 0 0.01233620927 -0.01721504734 -0.08048677911 0 -8.006354823 -0.8587393422 0.2126231182 1


mesh: pSphereShape17 tranform: pSphere17 -0.1005882775 -0.00532131097 -0.04980988997 0 -0.003930466026 0.1039135466 -0.00316397985 0 0.1236759912 -0.002917183712 -0.2494450739 0 -8.001274124 -1.313752684 0.1047880856 1


mesh: pSphereShape18 tranform: pSphere18 -0.1187041985 0.03554167761 0.03146323222 0 0.1273683735 0.3069434326 0.1338030416 0 -0.01563611995 0.06344724267 -0.1306634519 0 -8.34407498 -0.120931346 0.1237465529 1


mesh: pSphereShape19 tranform: pSphere19 -0.08061065628 0.01980013036 0.02416101786 0 0.007055104203 0.3439736517 -0.2583503145 0 -0.03635908015 -0.0559363839 -0.07546791407 0 -8.510209736 -0.7175481866 0.1684595208 1


mesh: pSphereShape20 tranform: pSphere20 -0.05841497933 0.02764557286 0.09562903724 0 -0.03662287312 0.06136594138 -0.04011146709 0 -0.1931940067 -0.1618513902 -0.0712226088 0 -8.644916175 -1.193509592 0.3206956445 1


mesh: pSphereShape21 tranform: pSphere21 -0.2611857131 -0.002912193388 -0.03867697715 0 -0.01375422392 0.1181789486 0.08398398917 0 0.02978573897 0.1546862498 -0.2127903046 0 -8.041492544 0.2613381194 0.3159276894 1


