mesh: pSphereShape1 tranform: pSphere1 0.09866784992 0.106128537 -0.02365425649 0 0.04880352714 -0.03160139228 0.06178716968 0 0.07080879313 -0.08837053133 -0.1011269931 0 2.414377578 -0.01024920692 0.2489642205 1


mesh: pSphereShape2 tranform: pSphere2 0.168275399 0.1956972682 -0.02962273646 0 0.0634423385 -0.03638487963 0.1200214331 0 0.08115390433 -0.07994417898 -0.06713261616 0 2.624685447 0.2622417677 0.1751009988 1


mesh: pSphereShape3 tranform: pSphere3 0.1838332195 0.2168423774 -0.07364189636 0 0.06711994184 -0.01804365233 0.1144219113 0 0.07964415495 -0.08810497415 -0.06061292362 0 2.910668162 0.6314182577 0.08791367095 1


mesh: pSphereShape4 tranform: pSphere4 0.02758042076 0.009646856651 -0.1783665987 0 0.01269557784 0.1478189087 0.00995779038 0 0.1697196871 -0.01628509477 0.02536259837 0 3.096427895 0.8688316661 -0.1019183171 1


mesh: pSphereShape5 tranform: pSphere5 0.04923451011 0.01105781612 -0.1798440353 0 0.01286428251 0.1374213176 0.0119711855 0 0.1696270835 -0.0198182878 0.04521895517 0 3.170843857 0.9049338782 -0.3850733961 1


mesh: pSphereShape6 tranform: pSphere6 0.1432122211 -0.2175037306 -0.05649201982 0 0.03184983389 0.04477350557 -0.09164336941 0 0.08277199441 0.04173285793 0.04915577252 0 3.327895379 0.6513672499 -0.5132430315 1


mesh: pSphereShape7 tranform: pSphere7 0.2480797391 -0.03347540702 -0.02323482364 0 0.000609999562 0.06028443476 -0.08034136552 0 0.02059478458 0.1002856328 0.07540605587 0 3.714453792 0.4477969304 -0.5431176782 1


mesh: pSphereShape8 tranform: pSphere8 0.1536850683 -0.1034158007 0.03907850766 0 0.02062295735 0.01751706649 -0.03474797866 0 0.04014165562 0.08481311089 0.06657988877 0 4.053968233 0.3674478794 -0.5343061774 1


mesh: pSphereShape10 tranform: pSphere10 0.01867905179 0.006047926919 -0.1824312471 0 -0.003903242277 0.1546680969 0.004727876917 0 0.2219753053 0.004902110497 0.02289046364 0 3.149932661 1.315746777 -0.2220548796 1


mesh: pSphereShape11 tranform: pSphere11 0.004674369183 0.002236892018 -0.04373468413 0 0.1079005737 0.1318529227 0.01827629221 0 0.08822564337 -0.0729882004 0.005696451468 0 3.209087674 1.122891462 -0.1946074223 1


mesh: pSphereShape12 tranform: pSphere12 0.03163861692 0.01494627948 -0.3144951783 0 0.003982669331 0.1655273252 0.008267293084 0 0.2595125747 -0.007530061158 0.02574943305 0 3.114202573 0.6948844544 -0.2215620196 1


mesh: pSphereShape13 tranform: pSphere13 0.01424821351 -0.001428612198 -0.2186175177 0 0.01256169431 0.2064900704 -0.0005306643859 0 0.1949264216 -0.01182537959 0.01278144215 0 3.151337721 0.4688299462 -0.2327068279 1


mesh: pSphereShape14 tranform: pSphere14 0.003602588295 -0.002860880288 -0.2215127153 0 0.0109110425 0.2413800371 -0.002940018116 0 0.1908337409 -0.008587057451 0.003214542079 0 3.152550403 0.2744491284 -0.2327697383 1


mesh: pSphereShape15 tranform: pSphere15 -0.020985789 0.006293579512 -0.1501707008 0 -0.2021887626 0.3190773329 0.04162748955 0 0.157112465 0.1018644324 -0.01768678658 0 3.365774419 -0.2518763335 -0.1006097852 1


mesh: pSphereShape16 tranform: pSphere16 -0.01453982096 0.01011750898 -0.09863817406 0 -0.01692160543 0.3601910799 0.03943983793 0 0.08225438921 0.005134232421 -0.01159813085 0 3.622481914 -0.8855207627 -0.1441732153 1


mesh: pSphereShape17 tranform: pSphere17 0.007680780335 -0.0004429155589 -0.1121077718 0 -0.006835888974 0.1038074343 -0.00087846621 0 0.2771825868 0.01841301615 0.01891771745 0 3.848285625 -1.338317426 -0.1612022867 1


mesh: pSphereShape18 tranform: pSphere18 -0.02628503341 0.0003363319231 -0.1251112165 0 -0.02488088784 0.357327411 0.006187899099 0 0.1426106488 0.01044841417 -0.02993345953 0 3.153214561 -0.3328709844 -0.4219024809 1


mesh: pSphereShape19 tranform: pSphere19 -0.02268421064 -0.003109273459 -0.083364482 0 0.3792619268 0.1710699698 -0.1095809694 0 0.03954311939 -0.09235308807 -0.007315506909 0 2.896136373 -0.8621838819 -0.3654295085 1


mesh: pSphereShape20 tranform: pSphere20 -0.04238568184 0.02444749154 -0.1045336042 0 0.07399433839 0.02581567239 -0.02396523178 0 0.05849909007 -0.2422979718 -0.0803866039 0 2.589074749 -1.237941488 -0.2953895099 1


mesh: pSphereShape21 tranform: pSphere21 0.004293469625 -0.003409521603 -0.2639930064 0 -0.08829247771 0.1157782326 -0.002931249835 0 0.2105040279 0.1605645417 0.001349825061 0 3.094600566 0.1032305254 -0.2356448373 1


