mesh: pSphereShape1 tranform: pSphere1 0.06902799619 0.1292352133 0.009567142226 0 -0.06380282245 0.03717171186 -0.04177978311 0 -0.07014056489 0.02770943256 0.1317664344 0 3.692460202 -0.1277962542 -0.4567129287 1


mesh: pSphereShape2 tranform: pSphere2 0.09336634175 0.2418895932 0.01623847694 0 -0.1239910834 0.05071369201 -0.04252372131 0 -0.04023124424 0.007086404751 0.1257578862 0 3.863267866 0.1797142584 -0.4279662707 1


mesh: pSphereShape3 tranform: pSphere3 0.04211034449 0.2812193778 0.07335379059 0 -0.1207386788 0.03084216448 -0.04892817288 0 -0.05434005154 -0.02305020398 0.1195635868 0 3.993543137 0.623634685 -0.3668073986 1


mesh: pSphereShape4 tranform: pSphere4 0.08142634864 0.02389870574 0.1595837918 0 -0.0390048709 0.1434812595 -0.00158532506 0 -0.1470995177 -0.03909449552 0.08091100176 0 4.068702992 0.9180734573 -0.183259449 1


mesh: pSphereShape5 tranform: pSphere5 0.05113608109 0.02047926492 0.1784821847 0 -0.03539550709 0.1338408321 -0.005216063098 0 -0.1638122219 -0.0413079333 0.05167278284 0 4.157803899 0.9710488067 0.09131016216 1


mesh: pSphereShape6 tranform: pSphere6 0.05673269845 -0.2218297627 0.1363155116 0 -0.0348293837 0.04627260578 0.08979613501 0 -0.09664589753 -0.03626796516 -0.01879706509 0 4.238357146 0.7118584932 0.2938553715 1


mesh: pSphereShape7 tranform: pSphere7 -0.02314663115 -0.2024467049 0.1472534618 0 -0.03754777606 0.05757056297 0.0732469452 0 -0.1173508268 -0.01930306248 -0.04498446158 0 4.224066392 0.3028211924 0.5256841636 1


mesh: pSphereShape8 tranform: pSphere8 0.07396880109 -0.1711562825 0.03279026129 0 -0.0197588859 -0.001001153083 0.03934666606 0 -0.09247784674 -0.04910262632 -0.04768938911 0 4.226667918 -0.01218643084 0.6768677757 1


mesh: pSphereShape10 tranform: pSphere10 0.07584397809 0.01258666444 0.166601054 0 -0.003480896323 0.1544216558 -0.01008186022 0 -0.2031831284 0.001451764268 0.09238803419 0 4.077200946 1.37394453 -0.07012350988 1


mesh: pSphereShape11 tranform: pSphere11 0.01629556833 0.003756302362 0.04074212384 0 -0.1070577583 0.1301950527 0.03081614096 0 -0.07882553002 -0.07389210598 0.0383403651 0 4.016917262 1.17988917 -0.06318189869 1


mesh: pSphereShape12 tranform: pSphere12 0.08620905824 0.03438487362 0.3025182462 0 -0.03593193553 0.1616362155 -0.008132344248 0 -0.2445748711 -0.05057345985 0.07544513967 0 4.152089122 0.7560031611 -0.07515166973 1


mesh: pSphereShape13 tranform: pSphere13 0.05676066099 0.03290063422 0.2090321678 0 -0.05933036706 0.1976141373 -0.01499290577 0 -0.1804952713 -0.04987660849 0.05686207573 0 4.167686829 0.529246536 -0.0405845211 1


mesh: pSphereShape14 tranform: pSphere14 0.0537213286 0.03007547245 0.2128345159 0 -0.05804814885 0.2338463922 -0.01839277353 0 -0.1795807911 -0.04056169518 0.0510595323 0 4.206904191 0.3410062211 -0.02391755127 1


mesh: pSphereShape15 tranform: pSphere15 0.0646483622 0.02640645509 0.1347387852 0 -0.08373994439 0.3692892705 -0.03219540887 0 -0.1650359158 -0.03000727384 0.08506598429 0 4.282933341 -0.2528195849 -0.159240456 1


mesh: pSphereShape16 tranform: pSphere16 0.04082640968 0.02040923798 0.08921842321 0 -0.1909093646 0.3079726154 0.01690970851 0 -0.06211662759 -0.04057585799 0.03770657569 0 4.495667586 -0.9191592008 -0.1604441667 1


mesh: pSphereShape17 tranform: pSphere17 0.0777856793 0.03865595087 0.07129129408 0 -0.03608025135 0.0967004113 -0.01306638489 0 -0.1762218453 -0.03705522366 0.2123673169 0 4.59568608 -1.353588238 -0.03095588025 1


mesh: pSphereShape18 tranform: pSphere18 0.02373101024 0.0006505215632 0.1256194593 0 0.1550026564 0.321491378 -0.03094669187 0 -0.1288878096 0.06445313579 0.02401466932 0 4.127951387 -0.2246350955 0.1768733384 1


mesh: pSphereShape19 tranform: pSphere19 0.01720320502 0.001025492455 0.08471644442 0 0.08231525279 0.4217352115 -0.02182070388 0 -0.09681480043 0.01990128581 0.01941908981 0 3.88892862 -0.9024313994 0.2477535921 1


mesh: pSphereShape20 tranform: pSphere20 0.03606182136 -0.02264890997 0.1072756831 0 0.02479380422 0.07769242059 0.008068360653 0 -0.2358345023 0.0655901741 0.09312611535 0 3.595736949 -1.253897617 0.3151250104 1


mesh: pSphereShape21 tranform: pSphere21 0.06402366124 0.03584315411 0.2536505574 0 0.0609994912 0.1279344777 -0.03347513228 0 -0.2316811425 0.1212831203 0.04133996599 0 4.296833431 0.1842236079 -0.02014875289 1


