mesh: pSphereShape1 tranform: pSphere1 -0.02737589868 0.1406014185 -0.03224804071 0 0.07236727181 0.02279783754 0.03796476216 0 0.07401671425 -0.01577550697 -0.1316152124 0 1.444005363 -0.08160901872 1.853776435 1


mesh: pSphereShape2 tranform: pSphere2 -0.02566019066 0.2546970459 -0.04430018757 0 0.1159267486 0.02481029614 0.07549418743 0 0.07361142488 -0.01158235611 -0.1092292234 0 1.366544095 0.2529662817 1.772873356 1


mesh: pSphereShape3 tranform: pSphere3 -0.001697881298 0.2808957529 -0.08563347089 0 0.1068281163 0.02411987116 0.07700012437 0 0.08036224433 -0.03058318295 -0.1019126244 0 1.324151561 0.7127327999 1.672365682 1


mesh: pSphereShape4 tranform: pSphere4 -0.03225346439 0.0136360765 -0.1773193628 0 0.02166013006 0.1469266799 0.007358977567 0 0.1677396179 -0.02311121107 -0.03228823938 0 1.315208148 1.001213067 1.4699685 1


mesh: pSphereShape5 tranform: pSphere5 -0.01384688932 0.01401698688 -0.1857470782 0 0.01688235064 0.1372066919 0.009095466674 0 0.1748596049 -0.02054838266 -0.01458589837 0 1.289938741 1.042911865 1.178727556 1


mesh: pSphereShape6 tranform: pSphere6 0.04125726305 -0.2369326414 -0.1147594139 0 0.03513112342 0.04887871109 -0.08828511565 0 0.09775060637 -0.001434277794 0.03810362531 0 1.324948354 0.7683097599 0.9937110431 1


mesh: pSphereShape7 tranform: pSphere7 0.1284424322 -0.1853965883 -0.1110615305 0 0.02906872453 0.06342590271 -0.07225983882 0 0.1029241489 0.03047715125 0.06815562617 0 1.523432088 0.3799051928 0.8243392551 1


mesh: pSphereShape8 tranform: pSphere8 0.007927232235 -0.1881919386 -0.0190265883 0 0.0196903874 0.004782742994 -0.03910230201 0 0.1028016533 -0.0008923755593 0.0516577355 0 1.669182098 0.0827456447 0.710626921 1


mesh: pSphereShape10 tranform: pSphere10 -0.02541343494 0.01261659823 -0.1812777512 0 0.005437257179 0.1543716606 0.009981731488 0 0.2209158813 -0.005752626836 -0.03137070004 0 1.354107201 1.448425231 1.357006949 1


mesh: pSphereShape11 tranform: pSphere11 -0.004994809805 0.00417497261 -0.04355683056 0 0.1179412538 0.1242940677 -0.00161099423 0 0.08214436798 -0.07816507292 -0.01691198656 0 1.408948678 1.250465609 1.366166758 1


mesh: pSphereShape12 tranform: pSphere12 -0.02806779585 0.02340022057 -0.3143186903 0 0.012085396 0.1649605117 0.01120169446 0 0.2591703276 -0.01732828221 -0.0244332447 0 1.287074159 0.830191662 1.348145118 1


mesh: pSphereShape13 tranform: pSphere13 -0.02259147643 0.02065363306 -0.2169371434 0 0.01777602749 0.2053460196 0.01769892686 0 0.1939316541 -0.0149247743 -0.02161664495 0 1.313986492 0.6050368182 1.317907154 1


mesh: pSphereShape14 tranform: pSphere14 -0.02337439562 0.01447743262 -0.2198478745 0 0.0157726391 0.2407121233 0.01417442696 0 0.1895779807 -0.01119178216 -0.02089307893 0 1.310843345 0.4112975846 1.303130653 1


mesh: pSphereShape15 tranform: pSphere15 -0.01143331351 0.005202553935 -0.1512397587 0 -0.0153977454 0.3794525997 0.01421696176 0 0.1873890832 0.008124322024 -0.01388663226 0 1.341661622 -0.1801018109 1.47787688 1


mesh: pSphereShape16 tranform: pSphere16 -0.00649790247 0.006572548472 -0.0997889705 0 0.1083315101 0.3458272818 0.01572357123 0 0.07924484017 -0.02451567229 -0.006774853811 0 1.294956809 -0.8789721036 1.484491044 1


mesh: pSphereShape17 tranform: pSphere17 0.01975812463 -0.006899564207 -0.1104054146 0 0.006178602485 0.1037131238 -0.00537562185 0 0.2735998094 -0.01371714425 0.0498205769 0 1.368121749 -1.339493111 1.519036716 1


mesh: pSphereShape18 tranform: pSphere18 0.002534196671 0.004124470297 -0.1277513177 0 -0.1589282032 0.3209829663 0.007210331787 0 0.1308975093 0.06470599084 0.004685650062 0 1.446134658 -0.1698935949 1.129769014 1


mesh: pSphereShape19 tranform: pSphere19 -0.001757427495 -0.002254375809 -0.08640432333 0 0.3032431858 0.3048879351 -0.01412267177 0 0.07142701764 -0.07102315639 0.0004002702604 0 1.400487116 -0.7569406088 1.113904217 1


mesh: pSphereShape20 tranform: pSphere20 -0.02549065323 0.02841545428 -0.1089233163 0 0.05410212702 0.06146160134 0.003372654965 0 0.1880207665 -0.1607906585 -0.08594772987 0 1.270558866 -1.201849924 1.086586176 1


mesh: pSphereShape21 tranform: pSphere21 -0.02785698764 0.017253822 -0.262008893 0 -0.08543100843 0.1167434503 0.01677088593 0 0.2125870351 0.1573264829 -0.01224214659 0 1.249226358 0.2415679594 1.294329445 1


