mesh: pSphereShape1 tranform: pSphere1 0.03250505307 0.1409160567 -0.02538151528 0 0.02163908193 0.009681348129 0.08146231168 0 0.1429012646 -0.0389660243 -0.03332840021 0 -8.097982556 -0.0004494344934 0.08549402406 1


mesh: pSphereShape2 tranform: pSphere2 0.07206847123 0.2491856714 -0.01428894103 0 0.03056377918 -0.0009731794899 0.1371817863 0 0.1237398171 -0.03738360964 -0.02783414263 0 -8.019720408 0.3370474565 0.01822803179 1


mesh: pSphereShape3 tranform: pSphere3 0.1176629887 0.2674893518 -0.02903904129 0 0.02420068666 0.003643592573 0.1316209891 0 0.1197677246 -0.05490897143 -0.02050125344 0 -7.877339462 0.7863021185 -0.02432070585 1


mesh: pSphereShape4 tranform: pSphere4 0.1008547709 -0.01187283238 -0.1495183468 0 0.03362622259 0.1444100827 0.01121473255 0 0.1376305451 -0.03950073043 0.09597272142 0 -7.68645731 1.041853906 -0.1508251951 1


mesh: pSphereShape5 tranform: pSphere5 0.1234655585 -0.01485478605 -0.1393763987 0 0.02824651261 0.135214511 0.01061075504 0 0.1275821839 -0.03582059893 0.1168355122 0 -7.494207507 1.038516997 -0.3743451123 1


mesh: pSphereShape6 tranform: pSphere6 0.07128866384 -0.254478223 -0.03417194488 0 0.08847517213 0.03161899788 -0.05089173574 0 0.05170484391 0.00222805572 0.0912730483 0 -7.383465845 0.7366491627 -0.46063652 1


mesh: pSphereShape7 tranform: pSphere7 0.1477060322 -0.2021172084 0.0231425797 0 0.07503154815 0.04972915566 -0.0445712693 0 0.03956543022 0.0418922455 0.1133447972 0 -7.173151417 0.3225779993 -0.4145246295 1


mesh: pSphereShape8 tranform: pSphere8 -0.0008673991094 -0.1883778478 0.01881732905 0 0.04086880691 -0.001817404787 -0.01630992554 0 0.04286948887 0.01041706667 0.1062600091 0 -7.022112813 0.0112774558 -0.3635491092 1


mesh: pSphereShape10 tranform: pSphere10 0.107068308 -0.0132568527 -0.148415894 0 0.006301470336 0.1543847364 -0.009244076934 0 0.181036502 0.0004283863225 0.1305627879 0 -7.555836395 1.471601614 -0.268097722 1


mesh: pSphereShape11 tranform: pSphere11 0.02561964714 -0.002672599161 -0.03572207866 0 0.09282688748 0.1324146912 0.05666805476 0 0.06955862806 -0.07243152951 0.05530607471 0 -7.533843936 1.283526736 -0.2027280295 1


mesh: pSphereShape12 tranform: pSphere12 0.1825961178 -0.02258674014 -0.2574492328 0 0.02867726919 0.1631711733 0.006023918247 0 0.2082433802 -0.04218797373 0.1513980879 0 -7.651118056 0.8564731503 -0.2470658734 1


mesh: pSphereShape13 tranform: pSphere13 0.126088372 -0.02851943518 -0.1768814174 0 0.04305726682 0.2023328284 -0.001930091423 0 0.1547730358 -0.03183493598 0.1154615042 0 -7.652425377 0.6285495816 -0.2302449218 1


mesh: pSphereShape14 tranform: pSphere14 0.1250494344 -0.02323808228 -0.1814157568 0 0.04028388683 0.2382470604 -0.002750188495 0 0.154465354 -0.0248518925 0.1096559408 0 -7.678456786 0.4370274093 -0.2223621151 1


mesh: pSphereShape15 tranform: pSphere15 0.04938408665 -0.007155638247 -0.1433222267 0 -0.07242708725 0.3705259117 -0.0434551924 0 0.1741923557 0.04084960853 0.05798141401 0 -7.71997711 -0.1402049128 -0.03873075836 1


mesh: pSphereShape16 tranform: pSphere16 0.0328046882 -0.002903923418 -0.09465030071 0 0.01430527309 0.3624042774 -0.006160722577 0 0.07857282279 -0.002637208991 0.02731333325 0 -7.642503755 -0.8362091182 0.05619634205 1


mesh: pSphereShape17 tranform: pSphere17 0.03829793114 0.008963481396 -0.1052628497 0 -0.005450542619 0.1036673926 0.006844544315 0 0.2613601579 0.007421565291 0.095723006 0 -7.470156108 -1.298671585 0.1423900472 1


mesh: pSphereShape18 tranform: pSphere18 0.04714329591 -0.0007103580756 -0.1188311307 0 0.0223759427 0.3574830282 0.00674010865 0 0.1354895702 -0.009495232727 0.05380887885 0 -7.651789957 -0.1754109284 -0.3985461205 1


mesh: pSphereShape19 tranform: pSphere19 0.03117838348 0.0005584962696 -0.08063172042 0 0.1302819302 0.4065828824 0.05319314756 0 0.08886088717 -0.03293933531 0.03413225349 0 -7.762490626 -0.885770636 -0.4614116433 1


mesh: pSphereShape20 tranform: pSphere20 -0.005726426344 0.01318804459 -0.1145197965 0 -0.003245520704 0.08133032914 0.009528249923 0 0.2613733522 0.01180215942 -0.0117105329 0 -7.659728648 -1.288346629 -0.4863191874 1


mesh: pSphereShape21 tranform: pSphere21 0.1490306148 -0.027694533 -0.2162065098 0 -0.05692717769 0.1222850836 -0.0549036224 0 0.1924980501 0.1410744616 0.1146177858 0 -7.745676244 0.2719553881 -0.2526116131 1


