mesh: pSphereShape1 tranform: pSphere1 -0.05137825125 0.1272338292 0.05224904617 0 -0.06188433639 -0.001160718169 -0.05802644428 0 -0.08924148554 -0.07574260652 0.096689811 0 3.613387763 0.03547071315 -0.3971217505 1


mesh: pSphereShape2 tranform: pSphere2 -0.1123606129 0.2239410397 0.06868071499 0 -0.07971065271 -0.004518989841 -0.1156707602 0 -0.09268061707 -0.06689089195 0.06648103402 0 3.496339485 0.3415535246 -0.2662179476 1


mesh: pSphereShape3 tranform: pSphere3 -0.1337714306 0.2373521863 0.1095789313 0 -0.07606732565 0.007860035645 -0.1098863757 0 -0.09138016902 -0.07812567833 0.05766842718 0 3.304320376 0.7481873745 -0.1149000822 1


mesh: pSphereShape4 tranform: pSphere4 -0.02108127303 -0.02723647658 0.1774320694 0 -0.02305521119 0.145584105 0.01960843311 0 -0.1690997143 -0.02358553797 -0.0237117462 0 3.161734675 0.9707922483 0.1134909568 1


mesh: pSphereShape5 tranform: pSphere5 -0.05145256422 -0.02818126504 0.177337642 0 -0.01973338167 0.1362006182 0.01591863182 0 -0.1679567001 -0.01829900369 -0.05163873766 0 3.088926738 0.9456270649 0.3973829917 1


mesh: pSphereShape6 tranform: pSphere6 -0.1263620698 -0.2320347792 0.03466193816 0 -0.04621416095 0.03836871077 0.08837238957 0 -0.08046256161 0.03524680168 -0.05738086451 0 2.949475006 0.6627413419 0.4916570101 1


mesh: pSphereShape7 tranform: pSphere7 -0.225213493 -0.1113051293 0.009698847698 0 -0.02437151014 0.05624670587 0.07957171457 0 -0.0473423478 0.08904381485 -0.07744241538 0 2.599369632 0.370323316 0.4869622663 1


mesh: pSphereShape8 tranform: pSphere8 -0.1048733741 -0.1508150643 -0.04579792136 0 -0.02711432575 0.008648538739 0.03360940532 0 -0.064480568 0.06577483773 -0.06894508651 0 2.306704451 0.181097304 0.4610027951 1


mesh: pSphereShape10 tranform: pSphere10 0.007701092656 -0.02458652959 0.1816668381 0 -0.002744705273 0.1533515168 0.02087072618 0 -0.2229744632 -0.005181796769 0.008750879459 0 3.100290928 1.385211869 0.3100602957 1


mesh: pSphereShape11 tranform: pSphere11 -0.0009932004551 -0.004546344469 0.04379406711 0 -0.1115787623 0.1295864069 0.01092212708 0 -0.08696993771 -0.07407004777 -0.009661731864 0 3.047111383 1.199033142 0.2520015269 1


mesh: pSphereShape12 tranform: pSphere12 -0.04119693301 -0.0487885888 0.3099259538 0 -0.01537009671 0.1633610797 0.02367325359 0 -0.2575417144 -0.01884050245 -0.0371996283 0 3.160277506 0.7760940737 0.1970343699 1


mesh: pSphereShape13 tranform: pSphere13 -0.02830825957 -0.04796491668 0.2118883686 0 -0.03066305105 0.2003828801 0.04126385321 0 -0.1918818843 -0.02301059982 -0.03084427773 0 3.140713654 0.5502713905 0.1601452892 1


mesh: pSphereShape14 tranform: pSphere14 -0.02566906779 -0.04081335705 0.2162508154 0 -0.02943791572 0.2362964787 0.04110231299 0 -0.1883346106 -0.01895205071 -0.02593225227 0 3.155275971 0.3602570349 0.1239888087 1


mesh: pSphereShape15 tranform: pSphere15 0.001964393424 -0.01882470376 0.1505756406 0 0.137498228 0.3517645556 0.04218320382 0 -0.1753197476 0.06724678577 0.01069427813 0 3.044194521 -0.1829558001 -0.1143153438 1


mesh: pSphereShape16 tranform: pSphere16 0.001045266937 -0.01399814229 0.09922811695 0 0.1178827386 0.3398559347 0.0467018114 0 -0.07870432619 0.02666854617 0.004591210112 0 2.771602252 -0.8334136452 -0.2345889048 1


mesh: pSphereShape17 tranform: pSphere17 0.007858129755 -0.0006908845963 0.1120942261 0 0.03042702669 0.09947547642 -0.001519912803 0 -0.2655495783 0.08151699718 0.01911821826 0 2.427858694 -1.212240176 -0.2868484182 1


mesh: pSphereShape18 tranform: pSphere18 0.004838304857 -0.03380443776 0.123197741 0 -0.06919179177 0.3382686776 0.09553546476 0 -0.1432349371 -0.02866552111 -0.00224036196 0 3.250930999 -0.2459039556 0.1784565375 1


mesh: pSphereShape19 tranform: pSphere19 0.004565419485 -0.0226273377 0.08331289447 0 -0.2559378807 0.3299507898 0.1036378797 0 -0.08079355458 -0.05902562112 -0.01160368032 0 3.516842961 -0.8821096043 0.01060560211 1


mesh: pSphereShape20 tranform: pSphere20 0.02004020884 -0.01574288188 0.1125702091 0 -0.02305343513 0.0772165166 0.01490275418 0 -0.2471771746 -0.0801261463 0.03279789361 0 3.548173474 -1.282134159 -0.09332945225 1


mesh: pSphereShape21 tranform: pSphere21 -0.03059171735 -0.0486402815 0.257722013 0 0.07850608307 0.1184978316 0.03168298934 0 -0.2208722494 0.1459740194 0.001332272591 0 3.225466956 0.1947064797 0.1053206744 1


