mesh: pSphereShape1 tranform: pSphere1 0.02994648332 0.1346635791 -0.05026990575 0 -0.0635212738 0.03151511419 0.04658252831 0 0.09576129448 0.02191616713 0.1157556082 0 4.276827699 -0.07832179345 -0.04644849356 1


mesh: pSphereShape2 tranform: pSphere2 0.0381282848 0.249292182 -0.06237931613 0 -0.09491868451 0.0385901258 0.09620384453 0 0.09556691298 0.008158376767 0.09101770226 0 4.355574721 0.2429051368 -0.1696329721 1


mesh: pSphereShape3 tranform: pSphere3 0.07053939057 0.2844507549 -0.01871792071 0 -0.09608648711 0.02964393317 0.08838358438 0 0.08714943069 -0.01504509751 0.09979091226 0 4.441122303 0.6969768512 -0.2592021881 1


mesh: pSphereShape4 tranform: pSphere4 0.180265885 0.01308873573 -0.001131680573 0 -0.01062711772 0.1476117692 0.01444281886 0 0.002283842426 -0.0166212625 0.1715568582 0 4.630567131 0.9874633624 -0.2610330026 1


mesh: pSphereShape5 tranform: pSphere5 0.1831749832 0.01459741581 0.03352656134 0 -0.01284296225 0.1375605431 0.01027486668 0 -0.03046136422 -0.01578848382 0.1733023224 0 4.918337354 1.02952743 -0.2211459639 1


mesh: pSphereShape6 tranform: pSphere6 0.1849704022 -0.1822228828 0.05991437803 0 0.05712698553 0.07467960941 0.05076464655 0 -0.05057555673 -0.0219889956 0.08926209495 0 5.169349285 0.8067031722 -0.1475112178 1


mesh: pSphereShape7 tranform: pSphere7 0.1456700129 -0.1403815671 0.1492557532 0 0.03786664467 0.08331384622 0.04140338678 0 -0.09187911344 -0.001910443961 0.08787494112 0 5.431104356 0.4934491841 0.07961853735 1


mesh: pSphereShape8 tranform: pSphere8 0.0750477916 -0.1731356048 0.01526267159 0 0.03341504501 0.01654990303 0.02343312796 0 -0.05947119092 -0.01722991137 0.09697322047 0 5.616102592 0.2479745075 0.2469283905 1


mesh: pSphereShape10 tranform: pSphere10 0.1736043717 0.02168540108 0.05529837088 0 -0.01293543515 0.1530234183 -0.01939887361 0 -0.06980809717 0.0208452559 0.2109818595 0 4.729980808 1.437892785 -0.2651029217 1


mesh: pSphereShape11 tranform: pSphere11 0.04267196893 0.002483238211 0.01060719591 0 -0.03090235544 0.1417853408 0.09112470288 0 -0.01941004226 -0.06405280586 0.09308049971 0 4.714316087 1.252550077 -0.1923733346 1


mesh: pSphereShape12 tranform: pSphere12 0.3133134775 0.0238223687 0.03740013497 0 -0.01313564239 0.165189904 0.004822415711 0 -0.03015435782 -0.009957564176 0.2589557359 0 4.754968383 0.8159247778 -0.2617429397 1


mesh: pSphereShape13 tranform: pSphere13 0.2169383847 0.008994294275 0.02924912755 0 -0.01018916915 0.2062641866 0.01214467349 0 -0.02557883459 -0.012663172 0.1936101288 0 4.771850011 0.5903769778 -0.2249185493 1


mesh: pSphereShape14 tranform: pSphere14 0.2191760573 0.01140064715 0.03034678663 0 -0.01360518318 0.2411391144 0.007670942395 0 -0.02580154866 -0.007473031362 0.1891560768 0 4.78055824 0.3966852811 -0.2220731363 1


mesh: pSphereShape15 tranform: pSphere15 0.1459106994 0.008364927552 0.0408821187 0 -7.046144615e-05 0.3723664694 -0.07593876147 0 -0.05171534979 0.03612427411 0.1771837213 0 4.606513701 -0.2025035203 -0.166331423 1


mesh: pSphereShape16 tranform: pSphere16 0.09572802009 0.01013710969 0.02786835016 0 -0.05815008055 0.3506965105 0.07218019984 0 -0.02070034303 -0.01952947376 0.07820969875 0 4.613089632 -0.8946401622 -0.1321382472 1


mesh: pSphereShape17 tranform: pSphere17 0.08999978838 -0.01624804843 0.06529457916 0 0.014020197 0.1028954946 0.006279789564 0 -0.162445166 0.008342220632 0.2259846921 0 4.541080125 -1.344274919 -0.05729174592 1


mesh: pSphereShape18 tranform: pSphere18 0.1186955265 0.02789696886 -0.03843128532 0 -0.1161980084 0.3119172996 -0.1324607427 0 0.02645058224 0.06439696352 0.1284382198 0 5.094895389 -0.1524457047 -0.08146574233 1


mesh: pSphereShape19 tranform: pSphere19 0.08025567084 0.01631601836 -0.02768921621 0 -0.0336966934 0.4050784561 0.141026628 0 0.03660598858 -0.02812387069 0.08952830449 0 5.269351025 -0.802426269 -0.0397114423 1


mesh: pSphereShape20 tranform: pSphere20 0.03659376208 0.01701269832 -0.1081340138 0 0.01153854907 0.07945847865 0.0164059576 0 0.2456371681 -0.05117117829 0.07507562128 0 5.481197382 -1.248367108 -0.06699471064 1


mesh: pSphereShape21 tranform: pSphere21 0.2612082391 0.01358699031 0.03616649919 0 0.006330429569 0.1151219994 -0.08896967976 0 -0.03698849068 0.1615792485 0.206443062 0 4.801215835 0.2256135319 -0.2767538492 1


