mesh: pSphereShape1 tranform: pSphere1 0.02858728927 0.140740105 -0.03054708783 0 0.01954152671 0.01370161457 0.0814154843 0 0.1447524879 -0.03564141602 -0.02874563339 0 -8.087327189 0.007561397701 0.0821513308 1


mesh: pSphereShape2 tranform: pSphere2 0.06520486256 0.2502169167 -0.02512683223 0 0.03383883652 0.004871838832 0.1363272992 0 0.1239715109 -0.03526970122 -0.02951150219 0 -8.018957745 0.3442851906 0.001565097855 1


mesh: pSphereShape3 tranform: pSphere3 0.1128407132 0.2683199717 -0.03885568652 0 0.02678914072 0.007695983346 0.130943299 0 0.1201771437 -0.05364377484 -0.02143371091 0 -7.886866608 0.7943608852 -0.05838196667 1


mesh: pSphereShape4 tranform: pSphere4 0.09938096828 -0.0152986107 -0.1501924121 0 0.03621472666 0.1439190965 0.009303348639 0 0.137723042 -0.04081526153 0.09528754393 0 -7.700152856 1.047580917 -0.194008672 1


mesh: pSphereShape5 tranform: pSphere5 0.1228559443 -0.0184070209 -0.1394911748 0 0.03035709243 0.1348775968 0.008938590677 0 0.1273201018 -0.03640597686 0.1169404225 0 -7.509199896 1.038597272 -0.4182445101 1


mesh: pSphereShape6 tranform: pSphere6 0.06809838952 -0.2548593234 -0.03766027109 0 0.08836584954 0.03119775329 -0.05133967961 0 0.0525449804 0.0006200594054 0.09081720664 0 -7.402525476 0.734989643 -0.5073113075 1


mesh: pSphereShape7 tranform: pSphere7 0.145642973 -0.2039833073 0.01956915018 0 0.07518018516 0.04939018298 -0.04469753653 0 0.04104209393 0.04018644654 0.1134373069 0 -7.196472266 0.3181201823 -0.4677152202 1


mesh: pSphereShape8 tranform: pSphere8 -0.004994264069 -0.1886103515 0.01556439645 0 0.04034663474 -0.00251052173 -0.01747633702 0 0.04602492712 0.007461173476 0.1051833393 0 -7.049585643 0.003667551171 -0.423465931 1


mesh: pSphereShape10 tranform: pSphere10 0.1098518898 -0.01321955832 -0.1463709326 0 0.00617329134 0.1543859319 -0.009310360245 0 0.1785608969 0.0009365537078 0.1339259838 0 -7.568337768 1.47518982 -0.3109831089 1


mesh: pSphereShape11 tranform: pSphere11 0.02604079328 -0.002963047779 -0.03539312705 0 0.09364853029 0.1312936185 0.0579110388 0 0.06798811662 -0.07326372113 0.05615633775 0 -7.545868496 1.286012832 -0.2453490293 1


mesh: pSphereShape12 tranform: pSphere12 0.1803492394 -0.0286933025 -0.2584230191 0 0.03069477083 0.1628809537 0.003336336284 0 0.2088611869 -0.04244189089 0.1504732602 0 -7.668114141 0.8604677458 -0.2879086532 1


mesh: pSphereShape13 tranform: pSphere13 0.1247534781 -0.03216817087 -0.1772017214 0 0.04699475541 0.2014338508 -0.003481903772 0 0.1546109781 -0.03408245339 0.1150362835 0 -7.672937282 0.6325129579 -0.268460015 1


mesh: pSphereShape14 tranform: pSphere14 0.1243001332 -0.02569204297 -0.1815996755 0 0.04509348909 0.2373840802 -0.002718921654 0 0.1540836902 -0.02801636939 0.1094298265 0 -7.702835676 0.4413804644 -0.2599640046 1


mesh: pSphereShape15 tranform: pSphere15 0.05090519205 -0.009903750135 -0.142624784 0 -0.07065878334 0.3699180864 -0.05090612607 0 0.1736969988 0.04131487793 0.05912651798 0 -7.746627604 -0.133230187 -0.06699122259 1


mesh: pSphereShape16 tranform: pSphere16 0.03373990789 -0.005236667859 -0.09422025095 0 0.005281956543 0.3622413585 -0.01824156627 0 0.07835860525 0.0002697002781 0.02804492416 0 -7.663750641 -0.8277596589 0.04618577022 1


mesh: pSphereShape17 tranform: pSphere17 0.03769242004 0.006783436983 -0.1056437859 0 -0.003567528095 0.10383476 0.005394427876 0 0.2621321579 0.004133635854 0.09379099369 0 -7.481834682 -1.291972162 0.145469658 1


mesh: pSphereShape18 tranform: pSphere18 0.04604274417 -0.002112592695 -0.1192452735 0 0.01956926104 0.3577090802 0.001218739206 0 0.136054867 -0.007622624787 0.0526682757 0 -7.675268449 -0.1714316071 -0.4296467894 1


mesh: pSphereShape19 tranform: pSphere19 0.03047412344 -0.0002733537181 -0.08090198348 0 0.1190912773 0.4111449305 0.04347006266 0 0.09004532814 -0.0296790723 0.03401851489 0 -7.774452248 -0.8856476099 -0.4790482934 1


mesh: pSphereShape20 tranform: pSphere20 -0.004332742379 0.01199112346 -0.1147124255 0 -0.004696281645 0.08135428516 0.008681509883 0 0.2612863174 0.01595821457 -0.008200762688 0 -7.661097422 -1.288132702 -0.4922119629 1


mesh: pSphereShape21 tranform: pSphere21 0.1481376174 -0.03061909857 -0.2164256992 0 -0.05451726044 0.1234339044 -0.05477857757 0 0.1954735653 0.1371043201 0.1143994341 0 -7.77342432 0.2777146467 -0.2901799511 1


