mesh: pSphereShape1 tranform: pSphere1 0.131285769 0.06517728124 -0.008608350212 0 -0.03793179154 0.07570340513 -0.005316035539 0 0.003719634329 0.01248565101 0.1512619502 0 -0.5725373881 0.8210467018 0.5519742699 1


mesh: pSphereShape2 tranform: pSphere2 0.2468783778 0.02676067054 -0.0763313191 0 -0.02100826361 0.1375635866 -0.01971919573 0 0.0361143575 0.02343655948 0.125021186 0 -0.2428178302 0.8647712992 0.4791975152 1


mesh: pSphereShape3 tranform: pSphere3 0.2865624956 0.05285951656 -0.03641710832 0 -0.02678755677 0.1290532393 -0.02346746668 0 0.01173245805 0.02611676758 0.130230059 0 0.21097425 0.9202421029 0.3652965643 1


mesh: pSphereShape4 tranform: pSphere4 0.1800126488 0.01393310074 0.008348650461 0 -0.01173308996 0.1481201735 0.005789115783 0 -0.007413883803 -0.007312074584 0.1720604713 0 0.5846667052 1.026581428 0.3452546467 1


mesh: pSphereShape5 tranform: pSphere5 0.1861647973 0.01464937119 0.00427241253 0 -0.01110279099 0.1375626003 0.01211101253 0 -0.002801124324 -0.01571612526 0.175943238 0 0.8780024133 1.068916169 0.3649239744 1


mesh: pSphereShape6 tranform: pSphere6 0.2636314698 0.007106695256 -0.0381694171 0 -0.002970243117 0.1068099654 -0.0006283481892 0 0.01500665912 0.001028194983 0.1038405868 0 1.207522547 1.031046454 0.331572839 1


mesh: pSphereShape7 tranform: pSphere7 0.2479648434 0.04142219112 0.001286620871 0 -0.01655398611 0.09893487564 0.00521307147 0 0.0004463465863 -0.006616043621 0.1269781686 0 1.679268898 1.058083651 0.3511588624 1


mesh: pSphereShape8 tranform: pSphere8 0.1616635967 -0.05008303431 -0.0848388412 0 0.01249177364 0.04221706434 -0.001118516285 0 0.05019747853 -0.01212914937 0.1028133978 0 2.026538842 1.068877475 0.3137137177 1


mesh: pSphereShape10 tranform: pSphere10 0.1817566576 0.01904513054 -0.01638428385 0 -0.01375160431 0.1522336407 0.02440533424 0 0.02325497801 -0.03309030189 0.2195114532 0 0.6867937152 1.462426457 0.463155478 1


mesh: pSphereShape11 tranform: pSphere11 0.04363496045 0.005760503928 -0.001543641947 0 -0.009697788947 0.1088308781 0.131998268 0 0.01410370588 -0.08727374063 0.07299226522 0 0.6768858105 1.259369948 0.4918478207 1


mesh: pSphereShape12 tranform: pSphere12 0.3154576266 0.02435081217 0.005013414987 0 -0.01283423491 0.1652037537 0.005148527923 0 -0.003495557665 -0.008397354428 0.2607369883 0 0.710234434 0.855313548 0.3521642611 1


mesh: pSphereShape13 tranform: pSphere13 0.2183751568 0.01639875776 0.00648407089 0 -0.0160992852 0.2048212107 0.02419321374 0 -0.004021480391 -0.02326341571 0.194273405 0 0.734904597 0.6280837167 0.3821259948 1


mesh: pSphereShape14 tranform: pSphere14 0.2206903948 0.0168200751 0.01009361395 0 -0.01959865955 0.2389268031 0.03036267705 0 -0.006783495093 -0.02461762054 0.1893397593 0 0.7494629759 0.4336135935 0.3694949081 1


mesh: pSphereShape15 tranform: pSphere15 0.1517144422 -0.001249123615 0.003524142646 0 0.004026278444 0.3779654366 -0.03936249169 0 -0.00418342868 0.01952097793 0.1870158871 0 0.5717503335 -0.1635290383 0.3952066731 1


mesh: pSphereShape16 tranform: pSphere16 0.1001734373 0.001031571854 0.002734608649 0 -0.005180740186 0.3585819823 0.05451217736 0 -0.00211624612 -0.01253435477 0.0822500637 0 0.5340391953 -0.8686597566 0.4162614444 1


mesh: pSphereShape17 tranform: pSphere17 0.1088930836 -0.0004264576446 0.02773909746 0 -9.650560204e-05 0.1040171271 0.001977991235 0 -0.06874029228 -0.005193693122 0.2697682402 0 0.476763325 -1.336628085 0.5487296015 1


mesh: pSphereShape18 tranform: pSphere18 0.1276198699 0.006671718982 0.00353405593 0 -0.0153986059 0.3450075378 -0.09525181952 0 -0.00591642086 0.03860220764 0.1407758646 0 0.949196534 -0.1582009539 0.4622421731 1


mesh: pSphereShape19 tranform: pSphere19 0.08640129556 0.002879253885 0.000635511266 0 -0.01446806122 0.3985035754 0.1615490891 0 0.0005738088485 -0.03782448374 0.09335548715 0 0.9958933905 -0.8447064151 0.4534714848 1


mesh: pSphereShape20 tranform: pSphere20 0.1103788809 0.01257670697 -0.03130222625 0 -0.005555928773 0.08074607601 0.01285092421 0 0.07446013352 -0.03446062346 0.248717934 0 1.041466873 -1.274937327 0.519412883 1


mesh: pSphereShape21 tranform: pSphere21 0.2630129865 0.02004572148 0.01202930265 0 -0.00574172959 0.1224847143 -0.07857022532 0 -0.02098801688 0.1418013278 0.2225907151 0 0.7694543623 0.2687406665 0.2980839681 1


