mesh: pSphereShape1 tranform: pSphere1 -0.0430895176 0.1332566834 -0.04409177505 0 0.06674534461 0.03459412365 0.03932419324 0 0.08245597485 -0.01521581241 -0.1265677526 0 2.053931177 -0.0421329615 1.882294694 1


mesh: pSphereShape2 tranform: pSphere2 -0.04936245089 0.2448596371 -0.07140478816 0 0.1207957202 0.04146324462 0.05867816896 0 0.06275233115 -0.02074614859 -0.1145231782 0 1.942755553 0.2741309836 1.772082553 1


mesh: pSphereShape3 tranform: pSphere3 -0.01364386635 0.2677419234 -0.1198603583 0 0.1128306097 0.03415406942 0.0634490885 0 0.07150074608 -0.04293167217 -0.1040390274 0 1.871208777 0.7141490243 1.620938897 1


mesh: pSphereShape4 tranform: pSphere4 -0.06137871718 -0.007976339826 -0.1698158299 0 0.02320942959 0.1460805049 -0.01525036132 0 0.1598836666 -0.03128207291 -0.05631947222 0 1.829524043 0.9748742244 1.387198289 1


mesh: pSphereShape5 tranform: pSphere5 -0.04680458472 -0.00929105723 -0.1805912413 0 0.01841979562 0.1368013277 -0.01181208919 0 0.1694092288 -0.02648378101 -0.04254395852 0 1.753766157 0.9800652189 1.10154115 1


mesh: pSphereShape6 tranform: pSphere6 0.003466970011 -0.2549182206 -0.07754767766 0 0.02251145628 0.03068039714 -0.09984755102 0 0.1025603465 -0.005157257516 0.02153839554 0 1.739284417 0.6784215497 0.9610211518 1


mesh: pSphereShape7 tranform: pSphere7 0.07741783 -0.2186685862 -0.09692546557 0 0.02195415418 0.04611111243 -0.08649335589 0 0.1177367929 0.02300188036 0.04214721417 0 1.861939405 0.2436306642 0.8306917852 1


mesh: pSphereShape8 tranform: pSphere8 -0.02594075368 -0.1874548651 0.005367370901 0 0.02071761042 -0.003973921051 -0.0386595988 0 0.100297373 -0.01230434331 0.05501397986 0 1.944816913 -0.08727566519 0.7544065727 1


mesh: pSphereShape10 tranform: pSphere10 -0.05430363393 -0.007060255852 -0.1751225641 0 -0.003312911046 0.1546664382 -0.005208246701 0 0.2131533698 0.002336771937 -0.06619078947 0 1.813043655 1.408708225 1.226818713 1


mesh: pSphereShape11 tranform: pSphere11 -0.01191335648 -0.001456911732 -0.04237363986 0 0.101749164 0.133813713 -0.03320764595 0 0.08687549205 -0.07150956598 -0.02196638248 0 1.878533225 1.220190082 1.244540746 1


mesh: pSphereShape12 tranform: pSphere12 -0.0694318675 -0.01647087501 -0.3082848303 0 0.01655405835 0.1644774156 -0.01251591308 0 0.253201099 -0.02970240848 -0.05543899284 0 1.779153317 0.790711911 1.295264892 1


mesh: pSphereShape13 tranform: pSphere13 -0.04481596356 -0.0005723528521 -0.2144524968 0 0.01726696472 0.2061086744 -0.004158508586 0 0.1908666488 -0.01679391641 -0.03984220682 0 1.801388779 0.5642654791 1.289124733 1


mesh: pSphereShape14 tranform: pSphere14 -0.039516234 0.001245661503 -0.2180044997 0 0.01725335951 0.2410213168 -0.001750224498 0 0.1874950183 -0.01366907624 -0.03406408614 0 1.797862645 0.3698885513 1.290510729 1


mesh: pSphereShape15 tranform: pSphere15 -0.0155419019 0.01097589354 -0.1505630463 0 0.09039933456 0.368705248 0.01754674887 0 0.1816616243 -0.0434965712 -0.02192291509 0 1.715602308 -0.2191574368 1.470031789 1


mesh: pSphereShape16 tranform: pSphere16 -0.007684367239 0.01073954478 -0.09934219869 0 0.2191700162 0.2886879528 0.01425571735 0 0.06600932626 -0.04959694298 -0.01046774189 0 1.461973557 -0.8664426359 1.473051185 1


mesh: pSphereShape17 tranform: pSphere17 0.01953992413 -0.002591248504 -0.1106291998 0 0.03923215792 0.09624170265 0.004675142026 0 0.2532945746 -0.1055468477 0.0472104552 0 1.376306432 -1.325526775 1.501438831 1


mesh: pSphereShape18 tranform: pSphere18 -0.01323690473 -0.004869420072 -0.1270626054 0 -0.1462585549 0.3270188819 0.002704322398 0 0.1325018944 0.05939418608 -0.01607971274 0 1.890245832 -0.2202095183 1.132719161 1


mesh: pSphereShape19 tranform: pSphere19 -0.01008439332 -0.002949882969 -0.08581072808 0 -0.05057674869 0.427174576 -0.008741088637 0 0.09933782011 0.01151444882 -0.01206991188 0 2.097040754 -0.9093518292 1.116900182 1


mesh: pSphereShape20 tranform: pSphere20 -0.03869549126 0.004602048474 -0.1086415223 0 -0.008722941298 0.08122182307 0.006547453039 0 0.2451642493 0.03325539766 -0.08591289878 0 2.364272802 -1.300210576 1.080019514 1


mesh: pSphereShape21 tranform: pSphere21 -0.0470944045 0.001484546495 -0.2598120077 0 -0.08372777317 0.1180980115 0.01585158301 0 0.2114140495 0.1549107796 -0.037436478 0 1.735427666 0.200340737 1.296648485 1


