mesh: pSphereShape1 tranform: pSphere1 -0.01599979592 0.1396823237 -0.04232008749 0 0.05635948297 0.02421362685 0.0586122474 0 0.1122705313 -0.01763986609 -0.1006681065 0 -7.825768015 0.007403172489 0.3054967011 1


mesh: pSphereShape2 tranform: pSphere2 -0.003326133346 0.2518431643 -0.06368276578 0 0.1108452014 0.02255740273 0.0834172589 0 0.08127897506 -0.02455786634 -0.1013629888 0 -7.871591828 0.3400711081 0.1970814032 1


mesh: pSphereShape3 tranform: pSphere3 0.04209979037 0.2717792702 -0.1029661793 0 0.1013032872 0.01684738123 0.08588855284 0 0.08505270336 -0.04764083113 -0.09097248627 0 -7.857894647 0.791419863 0.06341915984 1


mesh: pSphereShape4 tranform: pSphere4 -0.017405328 -0.01080300824 -0.1795793266 0 0.03030120361 0.1451085851 -0.01166621831 0 0.1679399784 -0.03620233677 -0.01409937498 0 -7.817055349 1.051853545 -0.1600953548 1


mesh: pSphereShape5 tranform: pSphere5 0.009147860502 -0.01204828502 -0.1861755752 0 0.0273368725 0.1356129219 -0.00743292582 0 0.1729762926 -0.03428114518 0.0107177969 0 -7.808180099 1.051984253 -0.4541314666 1


mesh: pSphereShape6 tranform: pSphere6 0.02136716284 -0.2465025313 -0.09893890934 0 0.04115392727 0.03978258874 -0.09022907392 0 0.09646390408 -0.007899761299 0.04051460776 0 -7.787469732 0.7581181776 -0.61775319 1


mesh: pSphereShape7 tranform: pSphere7 0.1175963953 -0.2008513742 -0.09504646328 0 0.03559989341 0.05638906152 -0.07511485551 0 0.102952333 0.02743981425 0.06939236477 0 -7.618168604 0.3455832991 -0.756770059 1


mesh: pSphereShape8 tranform: pSphere8 -0.002979912916 -0.1891077751 -0.008392098944 0 0.0201342249 0.001419791212 -0.03914298392 0 0.1023106763 -0.00394125204 0.05248323471 0 -7.490552851 0.03307034764 -0.8491734205 1


mesh: pSphereShape10 tranform: pSphere10 0.04719055729 -0.003340271491 -0.1772809584 0 0.0127005643 0.1542669089 0.0004741250843 0 0.2149188602 -0.01787081163 0.05754613604 0 -7.739228154 1.478485704 -0.2901317844 1


mesh: pSphereShape11 tranform: pSphere11 0.007306911555 -0.0011649098 -0.04341460628 0 0.1228215871 0.1181962576 0.01750006647 0 0.07764648614 -0.08294942268 0.01529403717 0 -7.7026157 1.280087665 -0.2610495041 1


mesh: pSphereShape12 tranform: pSphere12 -0.01261645213 -0.02075799369 -0.3155020465 0 0.01906938014 0.1642741067 -0.01157072936 0 0.2589550228 -0.03064754393 -0.008338811601 0 -7.844370176 0.8664313983 -0.2585602274 1


mesh: pSphereShape13 tranform: pSphere13 -0.005017580815 -0.02664116534 -0.2174022625 0 0.03191826026 0.2027874818 -0.02558688772 0 0.1933072581 -0.03051717017 -0.0007218039561 0 -7.829126075 0.6377897109 -0.2458363893 1


mesh: pSphereShape14 tranform: pSphere14 -0.007346983299 -0.0210284402 -0.2204379116 0 0.03828988139 0.23738925 -0.02392165998 0 0.1885337196 -0.03074732414 -0.003350539011 0 -7.848586659 0.4447210506 -0.2253080505 1


mesh: pSphereShape15 tranform: pSphere15 -0.07047545234 0.0002067133504 -0.1344039424 0 -0.01697406293 0.3795331603 0.009484166249 0 0.16635652 0.009619473557 -0.08721516876 0 -7.830699292 -0.1490463708 -0.06375803721 1


mesh: pSphereShape16 tranform: pSphere16 -0.04364797627 0.006780038419 -0.08995635058 0 0.1782368744 0.3095527926 -0.06315172859 0 0.06277221419 -0.04301867214 -0.03370021511 0 -7.923957839 -0.8151255972 0.0006885552486 1


mesh: pSphereShape17 tranform: pSphere17 -0.07570408827 0.03995395385 -0.07280051954 0 0.04549786953 0.09347473555 0.003987753666 0 0.1658696589 -0.07169823466 -0.2118341923 0 -8.022113343 -1.272866158 -0.07074588959 1


mesh: pSphereShape18 tranform: pSphere18 0.002304725315 0.008141033741 -0.1275627077 0 -0.06786935762 0.351120053 0.02118220929 0 0.1434225322 0.02746064672 0.004343805508 0 -7.833936011 -0.1563504185 -0.4136956309 1


mesh: pSphereShape19 tranform: pSphere19 0.0003772164233 0.005531015954 -0.08627365428 0 0.08702274076 0.4204667424 0.02733667291 0 0.09864578358 -0.02035960238 -0.0008739455463 0 -7.816803464 -0.8669491982 -0.4767383526 1


mesh: pSphereShape20 tranform: pSphere20 -0.01068810742 -0.006415586481 -0.1147436485 0 0.001673533123 0.0817971629 -0.004729356972 0 0.2607214074 -0.006716676699 -0.02391005535 0 -7.673949092 -1.287279777 -0.4922256192 1


mesh: pSphereShape21 tranform: pSphere21 -0.008755940743 -0.0250611399 -0.2627120837 0 -0.07451163043 0.1247719947 -0.009419090887 0 0.2273068615 0.1342052754 -0.02037828834 0 -7.925807203 0.2818568053 -0.211362257 1


