mesh: pSphereShape1 tranform: pSphere1 -0.01831462024 0.1439245096 -0.02254872592 0 0.05908725431 0.01669207784 0.05855046975 0 0.1072908351 -0.00316894701 -0.1073710352 0 -4.083019022 0.01441911504 0.6816334261 1


mesh: pSphereShape2 tranform: pSphere2 -0.005340699767 0.2573299226 -0.03527499244 0 0.1255612954 0.01112754791 0.06216488533 0 0.05935126157 -0.01483715426 -0.1172224496 0 -4.13451585 0.3581207802 0.6204362015 1


mesh: pSphereShape3 tranform: pSphere3 0.04275319704 0.2788904066 -0.08142913107 0 0.1161335134 0.001637758722 0.06658347085 0 0.06343264111 -0.04172792771 -0.1096115162 0 -4.119674061 0.8194659265 0.5334370175 1


mesh: pSphereShape4 tranform: pSphere4 -0.04728494644 0.01309032684 -0.1739573573 0 0.03472682467 0.1445777951 0.001440091705 0 0.1614280763 -0.03830839298 -0.04676196197 0 -4.099273206 1.103686295 0.3342633075 1


mesh: pSphereShape5 tranform: pSphere5 -0.03478048806 0.01230317543 -0.1831096362 0 0.03323287211 0.1344677713 0.00272254961 0 0.1683235588 -0.04089715117 -0.03471985684 0 -4.151171929 1.141936881 0.04566494766 1


mesh: pSphereShape6 tranform: pSphere6 0.03407915045 -0.2279036356 -0.1338189291 0 0.04546983955 0.05392688574 -0.08026188736 0 0.09399746136 -0.01234265355 0.04495843216 0 -4.137396836 0.8760095817 -0.1527614211 1


mesh: pSphereShape7 tranform: pSphere7 0.1657049409 -0.1610039052 -0.09911423698 0 0.03314027619 0.07205310355 -0.06163921277 0 0.08592900748 0.03489018874 0.08698452139 0 -3.915097601 0.5144020454 -0.324278397 1


mesh: pSphereShape8 tranform: pSphere8 0.04878212273 -0.1784271412 -0.0403127474 0 0.02755257331 0.01456352772 -0.03111808756 0 0.08471992857 0.005620294725 0.07764305425 0 -3.708568561 0.2535105822 -0.430052278 1


mesh: pSphereShape10 tranform: pSphere10 -0.01301632138 0.0009011948899 -0.1830202381 0 -0.01199944429 0.1543153236 0.00161324675 0 0.2219705384 0.01742440137 -0.01570065209 0 -4.114633997 1.554820114 0.2015889107 1


mesh: pSphereShape11 tranform: pSphere11 -0.005417905645 0.0006602726405 -0.04370110236 0 0.1031695796 0.1363915595 -0.01072987652 0 0.09044287796 -0.0693775532 -0.01226099687 0 -4.039538276 1.36495947 0.2167488858 1


mesh: pSphereShape12 tranform: pSphere12 -0.06767646327 0.02068774981 -0.3084210172 0 0.02653961401 0.1635623923 0.005147608459 0 0.2514133534 -0.03897580451 -0.05778169214 0 -4.152817389 0.9335090015 0.2201313059 1


mesh: pSphereShape13 tranform: pSphere13 -0.04875892884 0.01694322995 -0.2129182129 0 0.05099578272 0.2004430204 0.004272309228 0 0.1845946141 -0.04598469427 -0.04593202607 0 -4.156082835 0.704304139 0.1954174353 1


mesh: pSphereShape14 tranform: pSphere14 -0.04982443244 0.01651457311 -0.2152529701 0 0.05860167645 0.2343892902 0.004418260985 0 0.1803023492 -0.0442282748 -0.04512770852 0 -4.192980055 0.513029604 0.1889491552 1


mesh: pSphereShape15 tranform: pSphere15 -0.03501735557 0.01020923104 -0.147311942 0 0.001781226475 0.3791463445 0.02585274985 0 0.1830010947 0.00209654483 -0.04335568593 0 -4.177493042 -0.08271621022 0.3413191597 1


mesh: pSphereShape16 tranform: pSphere16 -0.02111012538 0.01131209993 -0.09731217172 0 0.1580914387 0.3264555127 0.003653882999 0 0.07282599924 -0.03504476498 -0.01987208614 0 -4.279808282 -0.7666127711 0.3407242036 1


mesh: pSphereShape17 tranform: pSphere17 -0.008855852607 0.008712425671 -0.1116826332 0 0.05818301005 0.08621925304 0.002112402488 0 0.2297769266 -0.1543181424 -0.03025856251 0 -4.32121084 -1.296802257 0.3268186643 1


mesh: pSphereShape18 tranform: pSphere18 -0.02525915082 0.0007880725215 -0.1253203368 0 -0.101475045 0.3428292327 0.02260884255 0 0.1371035274 0.04238651391 -0.02736758547 0 -4.159867227 -0.0750001682 -0.003015035281 1


mesh: pSphereShape19 tranform: pSphere19 -0.0210114398 -0.003746058608 -0.08377567842 0 0.3269029834 0.2635403193 -0.093773515 0 0.06074112262 -0.07950079926 -0.01167932992 0 -4.291579155 -0.6567123731 0.0231703031 1


mesh: pSphereShape20 tranform: pSphere20 -0.05131951266 0.02584374484 -0.1000994942 0 0.06188044485 0.05036072436 -0.0187230173 0 0.1261848318 -0.1981167597 -0.1158429735 0 -4.488556185 -1.089410663 0.04850566501 1


mesh: pSphereShape21 tranform: pSphere21 -0.05937944327 0.01968163227 -0.2565328073 0 -0.0610965337 0.1299787447 0.02411415552 0 0.2328372058 0.1177676439 -0.04485930791 0 -4.283423843 0.3565674507 0.1936156053 1


