mesh: pSphereShape1 tranform: pSphere1 -0.06566002544 0.1221208637 -0.04830518125 0 0.01973570348 0.03930833632 0.07254959198 0 0.1311223772 0.04643830333 -0.06083018086 0 -5.677319074 0.2285654487 0.8323113646 1


mesh: pSphereShape2 tranform: pSphere2 -0.08107043713 0.2303278764 -0.08870282276 0 0.1133905906 0.06143160529 0.05588081969 0 0.0663427881 -0.02001785957 -0.1126132135 0 -5.830217829 0.5201752211 0.7049632782 1


mesh: pSphereShape3 tranform: pSphere3 0.04203445966 0.2541048354 -0.1410752812 0 0.1085965992 0.02349890611 0.07468342398 0 0.07560741352 -0.06260753415 -0.0902409003 0 -5.880422294 0.9334432854 0.5211707619 1


mesh: pSphereShape4 tranform: pSphere4 0.0353708128 -0.01439007195 -0.1766641345 0 0.04185765346 0.1426471614 -0.003238708821 0 0.1619284748 -0.0466930247 0.03622386497 0 -5.791411128 1.176730303 0.2754854363 1


mesh: pSphereShape5 tranform: pSphere5 0.05477477559 -0.01706026395 -0.1777606837 0 0.03797563285 0.1332294721 -0.001084734766 0 0.1618081282 -0.04568003183 0.05424325057 0 -5.703990116 1.168865381 -0.00639124249 1


mesh: pSphereShape6 tranform: pSphere6 0.08047135351 -0.244116959 -0.07028679082 0 0.08271950137 0.04243364901 -0.05267309941 0 0.05837314852 -0.005805331251 0.08699424189 0 -5.614817237 0.8768111864 -0.1367480737 1


mesh: pSphereShape7 tranform: pSphere7 0.1931697226 -0.1572806639 0.03394507209 0 0.06100542233 0.06490774808 -0.04641813087 0 0.02566633433 0.05557562654 0.1114451236 0 -5.351814508 0.5111725046 -0.1136031038 1


mesh: pSphereShape8 tranform: pSphere8 0.04789442313 -0.1810826192 0.02750030998 0 0.04071375019 0.008575895974 -0.01443677813 0 0.03282054785 0.02499178255 0.1074044707 0 -5.128262073 0.2514097044 -0.04460467649 1


mesh: pSphereShape10 tranform: pSphere10 0.03029272444 -0.01922318399 -0.1799429475 0 0.0001099783176 0.1539156977 -0.01642419597 0 0.2201432414 0.003754567252 0.03665919616 0 -5.717325059 1.603991433 0.1011878408 1


mesh: pSphereShape11 tranform: pSphere11 0.008426439406 -0.003705336566 -0.04306787212 0 0.1103360306 0.1306932281 0.0103436148 0 0.08492786454 -0.07351490612 0.02294139287 0 -5.665677586 1.415221205 0.1607272617 1


mesh: pSphereShape12 tranform: pSphere12 0.07656509263 -0.02804789543 -0.3057494279 0 0.03363461896 0.1622051865 -0.006457171174 0 0.2475475099 -0.04868552974 0.06645646013 0 -5.801832319 0.9909362492 0.174439543 1


mesh: pSphereShape13 tranform: pSphere13 0.05116624319 -0.02730097159 -0.2112707838 0 0.05874806374 0.19802978 -0.01136213744 0 0.1819941092 -0.05108323655 0.05067703471 0 -5.810959396 0.7612091123 0.1886392599 1


mesh: pSphereShape14 tranform: pSphere14 0.0497850244 -0.02337261139 -0.2146257643 0 0.06623139623 0.2321787966 -0.009920957604 0 0.1786518202 -0.04896369158 0.04677255125 0 -5.854413015 0.5717346968 0.19995775 1


mesh: pSphereShape15 tranform: pSphere15 0.01806530718 -0.01501523702 -0.1499314483 0 -0.08895870074 0.366417401 -0.04741440479 0 0.181477222 0.04628862044 0.01723058893 0 -5.827158849 0.0185768272 0.4346926696 1


mesh: pSphereShape16 tranform: pSphere16 0.01521133448 -0.0003659593142 -0.09905423333 0 0.1782455392 0.3148349716 0.02620923548 0 0.0713761319 -0.04133517026 0.01111364119 0 -5.86357126 -0.6288196416 0.5018612134 1


mesh: pSphereShape17 tranform: pSphere17 0.04053861623 -0.0122657416 -0.1040841738 0 0.05614624403 0.08680807611 0.0116379423 0 0.21179512 -0.1504216044 0.1002161351 0 -5.944923494 -1.141890323 0.551458035 1


mesh: pSphereShape18 tranform: pSphere18 0.02201102 -0.02064496443 -0.1242301615 0 0.01074600477 0.3535434086 -0.05684900097 0 0.1438440079 -0.0002669049531 0.02553054379 0 -5.882014474 -0.04396470128 0.09750327901 1


mesh: pSphereShape19 tranform: pSphere19 0.01306497104 -0.01470187084 -0.08418455546 0 0.2449303603 0.3529356048 -0.02362435249 0 0.08140245265 -0.05500310239 0.02223886772 0 -6.0700569 -0.7113451567 0.1621380277 1


mesh: pSphereShape20 tranform: pSphere20 -0.008091273767 -0.002887966417 -0.1150986152 0 0.05013019165 0.06462530426 -0.00514561198 0 0.2063704793 -0.1609163191 -0.01046997063 0 -6.132953126 -1.189261282 0.2098552961 1


mesh: pSphereShape21 tranform: pSphere21 0.05933247781 -0.02785486124 -0.25578532 0 -0.0567624147 0.1312730163 -0.0274622733 0 0.2364466274 0.111180471 0.04273915202 0 -5.948041854 0.4173599719 0.1907738058 1


