mesh: pSphereShape1 tranform: pSphere1 -0.01696791628 0.1430886122 -0.02821123366 0 0.08162566761 0.005236043004 -0.02253709904 0 -0.03750249971 -0.03272592782 -0.1434311016 0 -7.690064365 -0.05032745656 0.5483179318 1


mesh: pSphereShape2 tranform: pSphere2 0.0008928916944 0.2528474546 -0.05965655589 0 0.1390499803 -0.005164557176 -0.01980819284 0 -0.01925292081 -0.02997566314 -0.1273365649 0 -7.738203177 0.2929866626 0.4823490113 1


mesh: pSphereShape3 tranform: pSphere3 -0.01012745384 0.2741972413 -0.1046503974 0 0.1331687376 -0.0003285767017 -0.01374820454 0 -0.01290201346 -0.04773814676 -0.1238313845 0 -7.75288996 0.7503455863 0.3615902495 1


mesh: pSphereShape4 tranform: pSphere4 -0.14859301 0.01043527213 -0.1023699539 0 0.02669805351 0.1442908279 -0.02404445821 0 0.09312792463 -0.04044431812 -0.1393006988 0 -7.859178005 1.028767649 0.1839067258 1


mesh: pSphereShape5 tranform: pSphere5 -0.1432286719 0.009793018973 -0.1194982579 0 0.02586877311 0.1346302788 -0.01997278608 0 0.1084968261 -0.04063350511 -0.1333724967 0 -8.083916989 1.063105373 -0.004548215743 1


mesh: pSphereShape6 tranform: pSphere6 -0.1006875871 -0.2358066927 -0.07256841499 0 -0.03876655086 0.0440364627 -0.08930582491 0 0.0893770883 -0.02276848085 -0.05002456225 0 -8.241067549 0.7872040984 -0.1181332097 1


mesh: pSphereShape7 tranform: pSphere7 -0.03112034832 -0.201598304 -0.1469478296 0 -0.02797410997 0.05960833064 -0.07585259572 0 0.121102065 0.00881249264 -0.03773667177 0 -8.306443115 0.3751777361 -0.3279049922 1


mesh: pSphereShape8 tranform: pSphere8 -0.03228207354 -0.1865417837 0.001043306816 0 -0.01829365743 0.002942363401 -0.03995323022 0 0.1028035816 -0.01806142486 -0.04840151269 0 -8.343987513 0.06176401982 -0.4788646339 1


mesh: pSphereShape10 tranform: pSphere10 -0.09479288891 0.01310151637 -0.1565544723 0 0.01334740354 0.1541377531 0.004817488409 0 0.1901401189 -0.01283313993 -0.1162027791 0 -7.889979657 1.472258952 0.07894631249 1


mesh: pSphereShape11 tranform: pSphere11 -0.02697925816 0.002145897315 -0.03474321176 0 0.09987211272 0.1202908662 -0.07012430751 0 0.06120514678 -0.08145541658 -0.05255888339 0 -7.850179112 1.272720837 0.05202227366 1


mesh: pSphereShape12 tranform: pSphere12 -0.246762408 0.01607454197 -0.197437417 0 0.02068022723 0.164011416 -0.0124935502 0 0.1600467319 -0.03563864911 -0.2029321114 0 -7.970959388 0.8568211087 0.1315365573 1


mesh: pSphereShape13 tranform: pSphere13 -0.1716363742 0.008751272841 -0.1358787762 0 0.02740660717 0.2039202854 -0.02148539095 0 0.1188322317 -0.03200326131 -0.1521650639 0 -7.97834871 0.6286895221 0.1105507344 1


mesh: pSphereShape14 tranform: pSphere14 -0.1742353641 0.008192387246 -0.1366161374 0 0.02903576652 0.2388162203 -0.02271021897 0 0.1157627959 -0.02827571752 -0.1493353487 0 -7.995964566 0.4353685203 0.1206887761 1


mesh: pSphereShape15 tranform: pSphere15 -0.1254948421 0.02664882898 -0.08106871391 0 0.04602403512 0.3736889335 0.05159318879 0 0.1032763671 0.008946999351 -0.1569313699 0 -7.908235733 -0.156831661 0.1885464686 1


mesh: pSphereShape16 tranform: pSphere16 -0.08193276699 0.0203799678 -0.05399016919 0 0.1134373098 0.3418374344 -0.04311149244 0 0.04024218235 -0.02210860216 -0.06941496954 0 -8.008552145 -0.8513528486 0.1681026914 1


mesh: pSphereShape17 tranform: pSphere17 -0.09873841803 0.0120182819 -0.05228411573 0 0.01433923885 0.1029867269 -0.003406584248 0 0.1272692592 -0.02586706343 -0.2462935979 0 -8.039893594 -1.317544781 0.04720510978 1


mesh: pSphereShape18 tranform: pSphere18 -0.09744414109 0.03481038128 -0.07507802145 0 -0.03100138144 0.3067381235 0.1824578452 0 0.0937198473 0.06413805674 -0.09190146037 0 -8.12284492 -0.1149484059 -0.1536512111 1


mesh: pSphereShape19 tranform: pSphere19 -0.06852332953 0.01905684386 -0.0491453748 0 0.2132726857 0.3338081655 -0.1679267778 0 0.03576018606 -0.05954609325 -0.07295025483 0 -8.259872281 -0.7036423575 -0.2458471165 1


mesh: pSphereShape20 tranform: pSphere20 -0.1053594078 0.04170722039 -0.02194090326 0 0.03343654787 0.06469416146 -0.03758465283 0 -0.004100833448 -0.1299592559 -0.2273460616 0 -8.434699958 -1.152598431 -0.2643104757 1


mesh: pSphereShape21 tranform: pSphere21 -0.2076491073 0.00976347085 -0.1628155061 0 -0.0431973525 0.1242227598 0.0625415676 0 0.1434543542 0.1378354667 -0.1746910765 0 -8.050522618 0.2713755738 0.1737169983 1


