mesh: pSphereShape1 tranform: pSphere1 -0.0003498552577 0.1428676733 0.03386503157 0 -0.05912149744 0.0138977589 -0.05924177099 0 -0.1088892385 -0.0246541486 0.1028844567 0 4.593739141 -0.06770416296 -0.3620686911 1


mesh: pSphereShape2 tranform: pSphere2 -0.0267589654 0.2550914768 0.04127751768 0 -0.09591043815 0.006529955765 -0.1025303941 0 -0.09569032035 -0.02427207193 0.08796615944 0 4.597495432 0.2742465278 -0.2748940616 1


mesh: pSphereShape3 tranform: pSphere3 -0.06370169213 0.2767766117 0.07466726038 0 -0.08675371322 0.007466799069 -0.101691071 0 -0.09734996485 -0.04394009386 0.07982391179 0 4.540656083 0.7339637962 -0.1813746586 1


mesh: pSphereShape4 tranform: pSphere4 5.458619755e-05 0.006035286685 0.1806431768 0 -0.02445890299 0.1465899494 -0.004890177792 0 -0.1700273555 -0.02833619748 0.0009980904087 0 4.471675645 1.012644716 0.01386972947 1


mesh: pSphereShape5 tranform: pSphere5 -0.0294623704 0.003737309811 0.1844130976 0 -0.02075130292 0.1368419924 -0.006088523581 0 -0.1724358913 -0.02734998596 -0.02699458332 0 4.433357197 1.039115722 0.3047270843 1


mesh: pSphereShape6 tranform: pSphere6 -0.05760580075 -0.2465550069 0.08307323084 0 -0.05502494576 0.04053211514 0.08214005638 0 -0.0870356963 0.0005919654567 -0.05859660064 0 4.367701721 0.7514178977 0.456200146 1


mesh: pSphereShape7 tranform: pSphere7 -0.1414935761 -0.1971964154 0.06555271568 0 -0.04637340538 0.0562456572 0.06910320909 0 -0.0871793413 0.03392599028 -0.08611745579 0 4.15151989 0.3459376767 0.5463910001 1


mesh: pSphereShape8 tranform: pSphere8 -0.004483849285 -0.1892484109 0.002447827668 0 -0.03016087589 0.001129435562 0.03207213666 0 -0.08379479623 0.0009656520569 -0.07883525559 0 3.995917387 0.03695525014 0.5977739663 1


mesh: pSphereShape10 tranform: pSphere10 0.003767084665 0.008053132119 0.1832692021 0 -0.01933906581 0.1534455873 -0.006345123325 0 -0.2214099384 -0.02766629275 0.005766764312 0 4.382529824 1.448367644 0.1351871297 1


mesh: pSphereShape11 tranform: pSphere11 -0.001236848932 0.00274215768 0.04393776036 0 -0.1207770455 0.1210563627 -0.01095500978 0 -0.08126105282 -0.08082408561 0.002756734519 0 4.352689415 1.254276458 0.1119488773 1


mesh: pSphereShape12 tranform: pSphere12 -0.03559638118 0.007356243084 0.3143412061 0 -0.0209930148 0.1643291628 -0.006222921418 0 -0.257125854 -0.03392034191 -0.02832343789 0 4.488128627 0.8369205641 0.1312149114 1


mesh: pSphereShape13 tranform: pSphere13 -0.02735221467 0.0001684499348 0.2173718002 0 -0.02932217601 0.2047477164 -0.003848319753 0 -0.1921798633 -0.02797642669 -0.02416059601 0 4.472050929 0.6088203109 0.140242083 1


mesh: pSphereShape14 tranform: pSphere14 -0.02976931749 0.0004537697645 0.2195509694 0 -0.02703623118 0.2400910991 -0.004162114308 0 -0.1881108387 -0.02162421777 -0.02546159956 0 4.485021498 0.4155182107 0.1418286771 1


mesh: pSphereShape15 tranform: pSphere15 -0.06661660277 -0.002866408916 0.1363277807 0 0.02600639355 0.3785762703 0.02066792235 0 -0.168499023 0.01605175353 -0.08199958612 0 4.513072601 -0.1787372193 -0.06878311947 1


mesh: pSphereShape16 tranform: pSphere16 -0.04408762164 -0.00136243965 0.08998713874 0 -0.0301269129 0.3613662138 -0.009288930518 0 -0.07441997638 -0.007144360243 -0.0365689316 0 4.503485379 -0.887134649 -0.1280157432 1


mesh: pSphereShape17 tranform: pSphere17 -0.09601283969 -0.01763794258 0.05565770971 0 -0.007258988595 0.1018830364 0.01976457608 0 -0.1433589422 0.03557390589 -0.2360292706 0 4.443394614 -1.326921531 -0.3097361954 1


mesh: pSphereShape18 tranform: pSphere18 0.01366566425 -0.002044414817 0.1270940698 0 -0.0102623656 0.3580332587 0.006862716281 0 -0.1451950139 -0.004459620315 0.01554021364 0 4.517989083 -0.1974522282 0.3157334274 1


mesh: pSphereShape19 tranform: pSphere19 0.009950834798 -0.0001885237244 0.0858767908 0 -0.1133964566 0.4147967783 0.0140502274 0 -0.09647298702 -0.02675028586 0.01111992756 0 4.61074285 -0.9146535478 0.3167722321 1


mesh: pSphereShape20 tranform: pSphere20 0.04806618782 0.01438533682 0.1039432727 0 -0.002490409619 0.08128816062 -0.01009832619 0 -0.2379770315 0.006272310195 0.1091789694 0 4.500543286 -1.32734697 0.3680979812 1


mesh: pSphereShape21 tranform: pSphere21 -0.0354782867 0.0005407908263 0.2616550494 0 0.07950681977 0.1215588491 0.01052923627 0 -0.2189460084 0.1458014647 -0.0299886334 0 4.553351446 0.2487156494 0.1556193854 1


