mesh: pSphereShape1 tranform: pSphere1 0.00314640243 0.1423480211 -0.03585074428 0 0.03842672739 0.01767357349 0.07354670634 0 0.1353176601 -0.01961036818 -0.06598840101 0 -7.474768541 -0.05251132509 0.6254124331 1


mesh: pSphereShape2 tranform: pSphere2 0.02443930127 0.2548806721 -0.04393291215 0 0.07707747771 0.01274790776 0.1168353006 0 0.1098675723 -0.02260285836 -0.07001459456 0 -7.473195377 0.2873175838 0.530410525 1


mesh: pSphereShape3 tranform: pSphere3 0.07210060786 0.2763187363 -0.06846792273 0 0.06776686578 0.01080097228 0.1149522713 0 0.1102372097 -0.0438465866 -0.06086738738 0 -7.411912955 0.7456860778 0.4363227471 1


mesh: pSphereShape4 tranform: pSphere4 0.04455107131 0.006449689558 -0.175048532 0 0.03566512508 0.1436394205 0.014369439 0 0.1618598837 -0.04414749614 0.03956784726 0 -7.298521019 1.022241887 0.2560852561 1


mesh: pSphereShape5 tranform: pSphere5 0.06537560709 0.004119659419 -0.1749264066 0 0.03301517286 0.1336547196 0.01548650627 0 0.1600472666 -0.04633887744 0.05872347707 0 -7.195517175 1.047994856 -0.01932104744 1


mesh: pSphereShape6 tranform: pSphere6 0.0209203008 -0.2496638654 -0.09077035152 0 0.07176607718 0.03229245226 -0.07228010494 0 0.07729911953 -0.01843257246 0.06851431131 0 -7.156152934 0.756980875 -0.1774954531 1


mesh: pSphereShape7 tranform: pSphere7 0.1078268057 -0.2186559196 -0.06137577443 0 0.064764438 0.04861764841 -0.05942400207 0 0.08044926081 0.01224830123 0.09770016433 0 -7.011057865 0.3205757844 -0.2672744545 1


mesh: pSphereShape8 tranform: pSphere8 -0.0320580745 -0.1861748975 -0.01233876828 0 0.03124924264 -0.003336098496 -0.03085338378 0 0.07869726417 -0.01896967467 0.08175811849 0 -6.913460022 -0.0106439403 -0.32413972 1


mesh: pSphereShape10 tranform: pSphere10 0.05332308592 -0.01396408146 -0.1750094205 0 0.003827267115 0.1543400977 -0.01114874844 0 0.2135015081 -0.0005919532332 0.06509835477 0 -7.208335097 1.463420217 0.1095439928 1


mesh: pSphereShape11 tranform: pSphere11 0.01313173924 -0.001699989446 -0.04200289835 0 0.1089520461 0.1290718044 0.02883870404 0 0.08161621684 -0.07527573644 0.0285630488 0 -7.166610779 1.272304468 0.168100473 1


mesh: pSphereShape12 tranform: pSphere12 0.1018576458 0.007426956251 -0.2995020381 0 0.02894840324 0.1626434428 0.01387824258 0 0.2427724543 -0.05014936877 0.08132089396 0 -7.297695749 0.848607001 0.1346806718 1


mesh: pSphereShape13 tranform: pSphere13 0.07080511572 0.01374662471 -0.2068727567 0 0.04660789556 0.1994268143 0.0292040533 0 0.1798754029 -0.05056209523 0.05820505689 0 -7.297180006 0.6193328104 0.1158782084 1


mesh: pSphereShape14 tranform: pSphere14 0.07330295624 0.01268417542 -0.2086979507 0 0.04879827855 0.2345740591 0.03139674621 0 0.1761179533 -0.04455489149 0.05915163288 0 -7.32787251 0.429165721 0.09363308966 1


mesh: pSphereShape15 tranform: pSphere15 0.05244617398 0.004703601935 -0.1423324517 0 0.03908481778 0.3770600444 0.02686238775 0 0.1754272684 -0.02273581463 0.06388949751 0 -7.462809691 -0.1601483549 0.2305731567 1


mesh: pSphereShape16 tranform: pSphere16 0.03501450548 0.004057430646 -0.09381248012 0 0.1031774198 0.3436353862 0.05337224934 0 0.07430135102 -0.02643883736 0.02658869386 0 -7.580400464 -0.8591222222 0.2004772839 1


mesh: pSphereShape17 tranform: pSphere17 0.04116672302 0.01393753933 -0.1036261983 0 -0.003460916364 0.1032232776 0.01250845759 0 0.2589140756 -0.003722374931 0.1023560013 0 -7.511740506 -1.310398242 0.2208304731 1


mesh: pSphereShape18 tranform: pSphere18 0.05878916604 0.008212997067 -0.1132263804 0 -0.170417961 0.3080973717 -0.0661358861 0 0.1095441994 0.07395291983 0.0622415661 0 -7.13260083 -0.1273905964 -0.01170720608 1


mesh: pSphereShape19 tranform: pSphere19 0.03829558818 0.002207191219 -0.07747550635 0 0.1230545659 0.4058695823 0.07238776513 0 0.0855882739 -0.03332527617 0.04135627096 0 -7.021322685 -0.7760222884 -0.006253640824 1


mesh: pSphereShape20 tranform: pSphere20 0.01235229931 0.001562407559 -0.1147452825 0 0.01466589881 0.08058345777 0.002676029626 0 0.2561445777 -0.04751158507 0.02692696348 0 -6.927239179 -1.218494845 -0.01559541141 1


mesh: pSphereShape21 tranform: pSphere21 0.08736052813 0.01511666542 -0.2487207082 0 -0.0635815974 0.1302239015 -0.01441766069 0 0.2214978468 0.1175503829 0.08494322339 0 -7.407870242 0.2725850724 0.05161971987 1


