mesh: pSphereShape1 tranform: pSphere1 -0.03695589375 0.139031751 -0.02936952416 0 0.06688717426 0.0271904983 0.04455187217 0 0.085224633 -0.003875557752 -0.1255852169 0 -7.663204908 -0.02750179889 0.3686580153 1


mesh: pSphereShape2 tranform: pSphere2 -0.03409010331 0.2528524032 -0.04893939388 0 0.1275195611 0.02733404576 0.05239795481 0 0.05282293479 -0.01613108221 -0.120138844 0 -7.756587758 0.3041470194 0.2921351241 1


mesh: pSphereShape3 tranform: pSphere3 0.001143087764 0.2767195848 -0.09830240509 0 0.1193537053 0.01986212309 0.0572994141 0 0.06039889347 -0.04001498945 -0.111939174 0 -7.801324208 0.7589870611 0.1800191423 1


mesh: pSphereShape4 tranform: pSphere4 -0.0628882292 0.001410822153 -0.1694445785 0 0.03485400177 0.1440771484 -0.01173622217 0 0.1564722771 -0.04261199117 -0.05842843987 0 -7.827389505 1.032095274 -0.03459782481 1


mesh: pSphereShape5 tranform: pSphere5 -0.03688252643 -0.001724282905 -0.1831035101 0 0.03042277284 0.1349560233 -0.007398935642 0 0.1687866889 -0.03989250384 -0.03362302309 0 -7.891985512 1.049733509 -0.3210511546 1


mesh: pSphereShape6 tranform: pSphere6 -0.01319412806 -0.245935848 -0.1017370879 0 0.0222637663 0.03892680023 -0.09698770443 0 0.1024899603 -0.01306214418 0.01828422538 0 -7.923486717 0.7602108662 -0.4877886934 1


mesh: pSphereShape7 tranform: pSphere7 0.07413185099 -0.2085002398 -0.1193152779 0 0.02188135778 0.05443613767 -0.08153056657 0 0.1182981411 0.01728702452 0.04329128259 0 -7.818490396 0.3380600625 -0.662017987 1


mesh: pSphereShape8 tranform: pSphere8 -0.02552135767 -0.1870878083 -0.01370657168 0 0.01479599913 0.00101969963 -0.04146823642 0 0.1072511313 -0.01740276873 0.03783961373 0 -7.742689923 0.01749346882 -0.7800786355 1


mesh: pSphereShape10 tranform: pSphere10 0.003934221555 0.00627875312 -0.183335058 0 0.02415220754 0.1527854952 0.005750796119 0 0.2204204721 -0.03497684004 0.00353217784 0 -7.755211053 1.46052205 -0.1588857169 1


mesh: pSphereShape11 tranform: pSphere11 -0.003239210416 0.0006380843785 -0.04391669812 0 0.1299615051 0.1113924601 -0.007967239967 0 0.07424118907 -0.08709931472 -0.006741388987 0 -7.728957326 1.260970543 -0.1510643406 1


mesh: pSphereShape12 tranform: pSphere12 -0.08426309195 -0.00109478676 -0.3050084315 0 0.02765929526 0.1632506687 -0.008227255877 0 0.2476797224 -0.04540414659 -0.06826221578 0 -7.891538747 0.8548773737 -0.1313314344 1


mesh: pSphereShape13 tranform: pSphere13 -0.05963845907 -0.00392070419 -0.2107760751 0 0.03690116113 0.2030575631 -0.01421820301 0 0.1850482818 -0.03724606211 -0.05166603271 0 -7.888998136 0.6260501321 -0.1383532954 1


mesh: pSphereShape14 tranform: pSphere14 -0.06307864417 -0.004810242925 -0.2123369787 0 0.03511435663 0.2385544685 -0.01583554109 0 0.1810308652 -0.03017160701 -0.05309507951 0 -7.909224621 0.4337166152 -0.1289885565 1


mesh: pSphereShape15 tranform: pSphere15 -0.09384769729 0.009520466529 -0.1188832296 0 0.01651609982 0.3792758774 0.01733537495 0 0.1475787949 -0.001097686788 -0.11658819 0 -7.890533225 -0.1565289735 0.02663883866 1


mesh: pSphereShape16 tranform: pSphere16 -0.06059021935 0.009958659415 -0.0792017057 0 0.1301154842 0.3336665235 -0.05758530603 0 0.05919018426 -0.0315817184 -0.04925219464 0 -7.975202133 -0.8471208652 0.07000842889 1


mesh: pSphereShape17 tranform: pSphere17 -0.09268426491 0.02723146925 -0.05740572422 0 0.02697619977 0.1003952406 0.004069988904 0 0.1399033404 -0.027898397 -0.2391147014 0 -8.024852276 -1.304097238 -0.02970457221 1


mesh: pSphereShape18 tranform: pSphere18 -0.0004917752802 0.01076455558 -0.1273880492 0 -0.07957890529 0.3480292521 0.02971640738 0 0.1424412783 0.03238332382 0.002186570807 0 -7.913676469 -0.1705829302 -0.3046807916 1


mesh: pSphereShape19 tranform: pSphere19 -0.001470791018 0.007431118511 -0.08611906353 0 0.06148453598 0.4243433054 0.035566045 0 0.09968011388 -0.01419762295 -0.002927491597 0 -7.864464578 -0.8800667781 -0.3836237114 1


mesh: pSphereShape20 tranform: pSphere20 -0.006541855891 -0.02016473967 -0.1134552232 0 -0.000833492138 0.08069045953 -0.01429329985 0 0.2614670253 2.933180804e-05 -0.01508146579 0 -7.6977448 -1.293292433 -0.3976987036 1


mesh: pSphereShape21 tranform: pSphere21 -0.07517546291 -0.005732720532 -0.2530576058 0 -0.07230990187 0.1250290376 0.01864861481 0 0.21709981 0.1356363494 -0.06756621262 0 -7.983233005 0.2701670932 -0.1076209924 1


