mesh: pSphereShape1 tranform: pSphere1 -0.02821534463 0.1409411614 0.02996027674 0 -0.03400720957 0.009588618234 -0.07713400475 0 -0.1359976707 -0.03894236175 0.05511833416 0 4.798269128 -0.09129525881 -0.4366603359 1


mesh: pSphereShape2 tranform: pSphere2 -0.06031569436 0.2509174246 0.02989983713 0 -0.04898715984 0.003915350665 -0.1316771141 0 -0.120072584 -0.03406539245 0.04365706938 0 4.738453669 0.2463835878 -0.3537890312 1


mesh: pSphereShape3 tranform: pSphere3 -0.1076778522 0.2690646413 0.04741410203 0 -0.04112758284 0.005967136984 -0.1272633057 0 -0.1170950152 -0.05309033701 0.03535219835 0 4.615454297 0.697554254 -0.2848342105 1


mesh: pSphereShape4 tranform: pSphere4 -0.06001411986 0.02419356131 0.1687642201 0 -0.02320593559 0.1440043517 -0.02889630224 0 -0.1603548328 -0.03624077844 -0.05182828833 0 4.466770837 0.9843175428 -0.1308043869 1


mesh: pSphereShape5 tranform: pSphere5 -0.08473409428 0.02307060415 0.164857726 0 -0.01959472395 0.1340820613 -0.02883513841 0 -0.1554470723 -0.03873365414 -0.07447669195 0 4.337778287 1.040119201 0.1281908741 1


mesh: pSphereShape6 tranform: pSphere6 -0.06659849492 -0.2347280161 0.1071277757 0 -0.07709729424 0.04768921004 0.05656264088 0 -0.0677504614 -0.01655384905 -0.07838985599 0 4.242367196 0.7712342038 0.302229382 1


mesh: pSphereShape7 tranform: pSphere7 -0.145478225 -0.1962706645 0.05931213337 0 -0.06584816249 0.06200854027 0.04368387138 0 -0.06168992808 0.01233351849 -0.1104973468 0 4.028069142 0.3671921615 0.4020558288 1


mesh: pSphereShape8 tranform: pSphere8 0.005968009101 -0.1861035222 0.03421870422 0 -0.03786582469 0.002886542406 0.0223029864 0 -0.05863955209 -0.019716864 -0.09700590749 0 3.879555414 0.0565706165 0.4637128458 1


mesh: pSphereShape10 tranform: pSphere10 -0.03407051644 0.01866608593 0.1793249048 0 -0.01707185825 0.1526508582 -0.01913309849 0 -0.2179385766 -0.02918253164 -0.03836921717 0 4.33256576 1.428525286 -0.06922766726 1


mesh: pSphereShape11 tranform: pSphere11 -0.01248418289 0.006359754605 0.04175254134 0 -0.1204157736 0.1099074917 -0.05274594423 0 -0.07481032303 -0.08638327403 -0.009210680775 0 4.306206814 1.224884934 -0.09360513173 1


mesh: pSphereShape12 tranform: pSphere12 -0.1337746186 0.03936326896 0.2840536833 0 -0.01423699089 0.1625616601 -0.02923217286 0 -0.2353711644 -0.03956061376 -0.1053654799 0 4.440794894 0.8219537592 0.00280077306 1


mesh: pSphereShape13 tranform: pSphere13 -0.09180575571 0.03115117605 0.1964687736 0 -0.0230762356 0.2011045733 -0.04266924998 0 -0.1763456128 -0.03649131962 -0.07661672872 0 4.417887043 0.5959738018 0.0348208418 1


mesh: pSphereShape14 tranform: pSphere14 -0.09422052045 0.030709364 0.1981627483 0 -0.02468867647 0.2354911336 -0.04823289426 0 -0.1718122059 -0.03367568167 -0.07647288314 0 4.428457635 0.4047974319 0.0693734887 1


mesh: pSphereShape15 tranform: pSphere15 -0.09556941513 0.001392231522 0.1178804497 0 0.0392993625 0.3769984246 0.02740868402 0 -0.1448003633 0.02364953988 -0.1176735557 0 4.492177728 -0.1936941537 -0.1015956545 1


mesh: pSphereShape16 tranform: pSphere16 -0.06351045902 0.003476977166 0.07744412171 0 -0.04061512128 0.3570652039 -0.04933870347 0 -0.06370191803 -0.01437526848 -0.05159533721 0 4.487950518 -0.8964853481 -0.1342824772 1


mesh: pSphereShape17 tranform: pSphere17 -0.09827759343 -0.01222971477 0.0530970033 0 -0.007294047456 0.1032690537 0.01028513112 0 -0.1335910761 0.01485004584 -0.2438442252 0 4.449378428 -1.348040444 -0.2705083494 1


mesh: pSphereShape18 tranform: pSphere18 -0.04097201468 0.01278790585 0.1204225729 0 0.09298427961 0.3459308545 -0.005098528577 0 -0.1330900387 0.03505160712 -0.04900413211 0 4.28177993 -0.1791233969 0.2664967695 1


mesh: pSphereShape19 tranform: pSphere19 -0.02574109508 0.006523249671 0.08227223766 0 -0.1912559582 0.3748500114 -0.08956092878 0 -0.0850987943 -0.04885507302 -0.02275180996 0 4.310530428 -0.847870975 0.3555788652 1


mesh: pSphereShape20 tranform: pSphere20 2.768034741e-05 0.03446254074 0.1101536781 0 -0.01464851294 0.07695389782 -0.02407201838 0 -0.2576836771 -0.04466026155 0.01403710601 0 4.274947686 -1.271255976 0.4247622058 1


mesh: pSphereShape21 tranform: pSphere21 -0.112289529 0.03659860932 0.2361651322 0 0.07262037573 0.1253268367 0.01510688651 0 -0.1999721615 0.1297583939 -0.1151895554 0 4.48961017 0.2450343687 0.1278404976 1


