mesh: pSphereShape1 tranform: pSphere1 0.0137750751 0.1426903076 0.0317467832 0 -0.05918701403 0.01859003254 -0.05787395487 0 -0.1078391998 -0.01318436082 0.1060508574 0 4.43032975 -0.08854811121 -0.4515609628 1


mesh: pSphereShape2 tranform: pSphere2 -0.0005594333624 0.2567169855 0.03984486894 0 -0.1010281101 0.01477106182 -0.0965871155 0 -0.09192391124 -0.01477311525 0.093891244 0 4.469754233 0.2523144335 -0.3691573733 1


mesh: pSphereShape3 tranform: pSphere3 -0.0362153388 0.2817119964 0.07460025775 0 -0.091734897 0.01376935888 -0.09653055058 0 -0.09571445388 -0.03506690938 0.08595731256 0 4.458771698 0.7156436259 -0.2782264928 1


mesh: pSphereShape4 tranform: pSphere4 -0.004100418038 0.00270269862 0.1806772453 0 -0.02498425718 0.146556945 -0.002759313443 0 -0.1698796794 -0.0290246072 -0.00342119969 0 4.407994916 0.9949892413 -0.08298445407 1


mesh: pSphereShape5 tranform: pSphere5 -0.032825849 0.0005451100514 0.1838813634 0 -0.02030421228 0.1369850715 -0.004030723569 0 -0.1719784089 -0.0263920577 -0.0306227374 0 4.364172695 1.016388691 0.2075621464 1


mesh: pSphereShape6 tranform: pSphere6 -0.05077615095 -0.246207494 0.08838899115 0 -0.05815161897 0.04067200646 0.0798859373 0 -0.08572494946 -0.003993252029 -0.06036896089 0 4.30356496 0.7273309731 0.3628940966 1


mesh: pSphereShape7 tranform: pSphere7 -0.1305952931 -0.2029283149 0.07049102985 0 -0.05047108185 0.05564257497 0.06667753696 0 -0.08787974804 0.02593137592 -0.08815974243 0 4.104583778 0.3141468529 0.4619294573 1


mesh: pSphereShape8 tranform: pSphere8 0.009884734529 -0.1888657055 0.008549568039 0 -0.03079616604 -0.000186648881 0.0314823336 0 -0.08202808844 -0.007927576192 -0.08028726004 0 3.968727269 -0.002656616675 0.5213249912 1


mesh: pSphereShape10 tranform: pSphere10 -0.008920067725 -0.004183496819 0.1832200182 0 -0.007427234068 0.1545788107 0.003167931854 0 -0.2226849523 -0.01047252766 -0.01108053946 0 4.341096816 1.432749437 0.06402057911 1


mesh: pSphereShape11 tranform: pSphere11 -0.003219144159 -0.0006432856372 0.04391809768 0 -0.1148571055 0.1269904612 -0.0065588096 0 -0.08466364203 -0.07695315002 -0.007332906976 0 4.29617847 1.240232725 0.02831976953 1


mesh: pSphereShape12 tranform: pSphere12 -0.03816813589 0.002081869567 0.31411856 0 -0.02033357751 0.1644912484 -0.00356089775 0 -0.25700631 -0.03244120067 -0.03101349189 0 4.421519299 0.8171503543 0.03151880676 1


mesh: pSphereShape13 tranform: pSphere13 -0.02742720032 -0.0004615830133 0.2173619267 0 -0.03291626743 0.204203108 -0.003719806807 0 -0.1916497726 -0.03133447888 -0.02424932575 0 4.406821728 0.5883153509 0.03851246975 1


mesh: pSphereShape14 tranform: pSphere14 -0.02836590021 0.0004143622592 0.2197367751 0 -0.03302809274 0.2393301725 -0.004714918444 0 -0.1876735957 -0.02637567167 -0.02417711556 0 4.424049038 0.395016971 0.04066195461 1


mesh: pSphereShape15 tranform: pSphere15 -0.01794259712 0.01429869363 0.1500162072 0 -0.004711670909 0.3782336023 -0.03661461729 0 -0.1867447836 -0.004447422304 -0.02191159308 0 4.469670347 -0.2002992899 -0.105974566 1


mesh: pSphereShape16 tranform: pSphere16 -0.0126197481 0.01158928294 0.09874051976 0 -0.1028999364 0.3436999948 -0.05349179623 0 -0.07911652888 -0.02480717971 -0.007200015171 0 4.540402162 -0.9001895455 -0.06130954253 1


mesh: pSphereShape17 tranform: pSphere17 -0.02487545385 0.003684510511 0.1095215925 0 -0.005837984388 0.1037603113 -0.00481666178 0 -0.2710790573 -0.0180819218 -0.06096141769 0 4.464880069 -1.362350072 -0.05607866796 1


mesh: pSphereShape18 tranform: pSphere18 0.005763983715 0.01370481516 0.1269755375 0 0.05985985119 0.3508698742 -0.04058764455 0 -0.1438878257 0.0249914011 0.003834317706 0 4.380307907 -0.2100179765 0.2596897487 1


mesh: pSphereShape19 tranform: pSphere19 0.005688409846 0.00799612768 0.08589285062 0 -0.187617423 0.3864679918 -0.02355263094 0 -0.09040444636 -0.04327795186 0.0100161255 0 4.449757319 -0.8935955795 0.3418865736 1


mesh: pSphereShape20 tranform: pSphere20 0.04518798137 0.02575865369 0.1030341612 0 -0.01255685209 0.07968979766 -0.01441544324 0 -0.2376300488 -0.01778689203 0.1086648203 0 4.413212033 -1.304888037 0.4285078954 1


mesh: pSphereShape21 tranform: pSphere21 -0.03380573105 0.0004938260018 0.2618764878 0 0.07652321752 0.1235310292 0.009645464919 0 -0.2226935845 0.1402163002 -0.02901200464 0 4.496595201 0.2300097234 0.0545155641 1


