mesh: pSphereShape1 tranform: pSphere1 -0.06425558862 0.1318951071 0.005747597338 0 0.07626532235 0.03716943512 -0.0003468316042 0 -0.003161240184 0.005070756406 -0.1517043135 0 4.055808973 -0.06002057562 0.8981592973 1


mesh: pSphereShape2 tranform: pSphere2 -0.08646924655 0.2449681379 -0.00228430435 0 0.1312156756 0.04612823525 -0.02021302982 0 -0.01754954887 -0.007414800526 -0.1308466666 0 3.894650969 0.2537417392 0.9100574544 1


mesh: pSphereShape3 tranform: pSphere3 -0.08463037233 0.2742994655 -0.06193465445 0 0.1281422355 0.0367560377 -0.01231238977 0 -0.003733508028 -0.03045132385 -0.129762792 0 3.741568213 0.6971492815 0.8756744513 1


mesh: pSphereShape4 tranform: pSphere4 -0.1510464566 0.004222530416 -0.09917420624 0 0.01199782076 0.1477268246 -0.01198343145 0 0.0936407343 -0.01924067391 -0.1434379561 0 3.567123904 0.9737610025 0.7393957591 1


mesh: pSphereShape5 tranform: pSphere5 -0.1435569698 0.00463574788 -0.1194156422 0 0.009892505251 0.13803211 -0.006533951511 0 0.112322726 -0.01446839733 -0.1355918013 0 3.337748211 1.00079113 0.5555282309 1


mesh: pSphereShape6 tranform: pSphere6 -0.06108384914 -0.2512039068 -0.064608993 0 -0.04437040649 0.03419246974 -0.09099301027 0 0.09237065025 -0.009917978977 -0.0487690591 0 3.224818212 0.7070851927 0.4442570152 1


mesh: pSphereShape7 tranform: pSphere7 -0.02023921927 -0.2191634996 -0.1214979478 0 -0.03519038051 0.04807954866 -0.08086602691 0 0.1186518259 0.01328737104 -0.04373347168 0 3.206226145 0.2716635806 0.2655360691 1


mesh: pSphereShape8 tranform: pSphere8 -0.03593446646 -0.1846286004 0.02149539132 0 -0.005879892119 -0.003916616039 -0.04347025416 0 0.1119134311 -0.0232998293 -0.01303839665 0 3.195812047 -0.06100807025 0.1590387063 1


mesh: pSphereShape10 tranform: pSphere10 -0.167876534 0.002787178644 -0.07400233286 0 0.005689115826 0.1545225862 -0.007086087344 0 0.08971218662 -0.01265759879 -0.2039915413 0 3.485705289 1.413218112 0.6167798323 1


mesh: pSphereShape11 tranform: pSphere11 -0.03790752853 0.003072632618 -0.02220707588 0 0.06534280935 0.127581982 -0.09388772577 0 0.0386593422 -0.07611311655 -0.07652280611 0 3.537851601 1.220572547 0.5942679186 1


mesh: pSphereShape12 tranform: pSphere12 -0.2354850437 0.007742403364 -0.2112308215 0 0.008929155891 0.165495183 -0.003888410779 0 0.1737054939 -0.0139340839 -0.1941616703 0 3.468475634 0.7963162813 0.6786527852 1


mesh: pSphereShape13 tranform: pSphere13 -0.1629667511 0.01264048039 -0.145879155 0 0.0113277249 0.2064956889 0.005238323345 0 0.1303578227 -0.003449219407 -0.1459261993 0 3.480660746 0.5726102693 0.6392892805 1


mesh: pSphereShape14 tranform: pSphere14 -0.1621450161 0.00746381203 -0.1508056086 0 0.005949094056 0.2415072476 0.005556482653 0 0.1301154167 1.355755063e-05 -0.1398984119 0 3.48171544 0.3787202908 0.6268529425 1


mesh: pSphereShape15 tranform: pSphere15 -0.09890885904 0.01546600114 -0.1140574077 0 0.07332749773 0.372660837 -0.01305628662 0 0.1379528002 -0.03148548467 -0.1238999631 0 3.541525393 -0.2158342096 0.7831660097 1


mesh: pSphereShape16 tranform: pSphere16 -0.06349439317 0.01351911274 -0.07634759584 0 0.1727260943 0.3061817586 -0.08943088189 0 0.05075066367 -0.04319174907 -0.04985483401 0 3.359954 -0.8817078038 0.8838128486 1


mesh: pSphereShape17 tranform: pSphere17 -0.06302260167 0.0115634753 -0.09231349182 0 0.02700767551 0.1002973511 -0.005874634608 0 0.2188989867 -0.06819780827 -0.1579854367 0 3.317015831 -1.336731192 0.8841344238 1


mesh: pSphereShape18 tranform: pSphere18 -0.1034599051 -0.008095309249 -0.07466154693 0 -0.0826186144 0.3398331249 0.07763915971 0 0.0789293007 0.04529886084 -0.11428542 0 3.430182646 -0.2286110787 0.4493368943 1


mesh: pSphereShape19 tranform: pSphere19 -0.0706439065 -0.004262353993 -0.04965026349 0 -0.0489445586 0.4261741537 0.03305379672 0 0.05692061601 0.01290445592 -0.08209620148 0 3.548603348 -0.9326053878 0.3207187256 1


mesh: pSphereShape20 tranform: pSphere20 -0.1103815721 0.005152929152 -0.03332950849 0 0.0003852655046 0.08117082254 0.01127353216 0 0.07651801388 0.03410043872 -0.2481423188 0 3.690713992 -1.321706833 0.08715381265 1


mesh: pSphereShape21 tranform: pSphere21 -0.1932401498 0.008895174141 -0.1797261432 0 -0.0608890235 0.1116305047 0.07099232516 0 0.142479414 0.1697953992 -0.144789084 0 3.440196534 0.2053419035 0.6568258498 1


