mesh: pSphereShape1 tranform: pSphere1 0.03058911515 0.1347328083 -0.04969417712 0 0.08103749352 -0.009879990239 0.02309538978 0 0.03194055904 -0.05769102368 -0.1367532494 0 2.631889215 -0.04921294735 1.621103685 1


mesh: pSphereShape2 tranform: pSphere2 0.07410890263 0.2375343322 -0.07467830186 0 0.1216671619 -0.01645073625 0.06841351605 0 0.05439960365 -0.05126318686 -0.1090714669 0 2.688690705 0.2775535235 1.500981848 1


mesh: pSphereShape3 tranform: pSphere3 0.07802943491 0.2572009717 -0.1183108854 0 0.1158345478 -0.004330306959 0.06698238392 0 0.05669271044 -0.06420671652 -0.1021911862 0 2.802744613 0.7113853018 1.346698892 1


mesh: pSphereShape4 tranform: pSphere4 -0.06638530505 0.003281107994 -0.1680791795 0 0.01796311888 0.1475477195 -0.004214484665 0 0.1589693746 -0.02115886637 -0.06320030227 0 2.830837843 0.9741486202 1.11868076 1


mesh: pSphereShape5 tranform: pSphere5 -0.04764279834 0.003186431151 -0.1805829442 0 0.01491483757 0.1377269074 -0.001504722896 0 0.1697605926 -0.0188768178 -0.04512064744 0 2.751163366 0.9988692585 0.8355673593 1


mesh: pSphereShape6 tranform: pSphere6 0.07586849938 -0.2254155305 -0.1201697582 0 0.005291473192 0.05158663301 -0.09342593582 0 0.1004475992 0.02377613153 0.01881754071 0 2.806190395 0.7332885221 0.6501379921 1


mesh: pSphereShape7 tranform: pSphere7 0.175892644 -0.1251401435 -0.1288632575 0 -0.006348958296 0.06744542013 -0.07416283584 0 0.09049262582 0.06980226496 0.05573289009 0 3.084392077 0.4250576277 0.4517630033 1


mesh: pSphereShape8 tranform: pSphere8 0.09058987187 -0.1647934141 -0.02185551647 0 0.008788959126 0.01038654498 -0.04188615392 0 0.09838348688 0.04971047914 0.03297052709 0 3.323299346 0.2101104077 0.3141993463 1


mesh: pSphereShape10 tranform: pSphere10 -0.1027694096 0.006244005259 -0.1518752948 0 0.0116245916 0.1543449557 -0.001520469153 0 0.1841486151 -0.01510291557 -0.1252287093 0 2.845218258 1.412289161 0.9697570333 1


mesh: pSphereShape11 tranform: pSphere11 -0.02100751517 0.003868439885 -0.03851357538 0 0.1099095496 0.1225220346 -0.04764443153 0 0.06888676764 -0.07951269777 -0.04556133494 0 2.898249283 1.215392767 0.9735084733 1


mesh: pSphereShape12 tranform: pSphere12 -0.1088279068 0.0047646829 -0.297094926 0 0.01000463812 0.1654762533 -0.001010929251 0 0.2444744323 -0.01532943919 -0.08979850657 0 2.783668894 0.7961482414 1.013908362 1


mesh: pSphereShape13 tranform: pSphere13 -0.07651982701 -0.007889943059 -0.2051368724 0 0.003596052167 0.206632554 -0.009288863343 0 0.1833462384 -0.006254424071 -0.06815096295 0 2.814537794 0.5711948383 0.9955021654 1


mesh: pSphereShape14 tranform: pSphere14 -0.08345929781 -0.005264022528 -0.2051728101 0 0.002843900435 0.2415157516 -0.007353285701 0 0.1769665664 -0.004272187671 -0.07187607591 0 2.82176845 0.376765499 0.9973079347 1


mesh: pSphereShape15 tranform: pSphere15 -0.09382613632 0.005901294604 -0.1191347251 0 -0.09429529997 0.3564859681 0.09192191767 0 0.1402665871 0.0647602245 -0.1072609413 0 2.98159671 -0.1955882027 1.061234341 1


mesh: pSphereShape16 tranform: pSphere16 -0.06191631469 0.006262202205 -0.07855198637 0 -0.00525258824 0.3612023308 0.03293542351 0 0.06543104162 0.005613360658 -0.05112661245 0 3.129346389 -0.875386344 0.9493551556 1


mesh: pSphereShape17 tranform: pSphere17 -0.06024462261 0.01284680411 -0.09398344601 0 0.008485208975 0.1033250381 0.008684596565 0 0.2339404994 -0.006532266118 -0.1508518409 0 3.308941986 -1.346794227 0.8086783623 1


mesh: pSphereShape18 tranform: pSphere18 -0.05176495019 -0.0094924084 -0.1165080113 0 0.02362066113 0.3552839411 -0.0394412587 0 0.133232736 -0.01529105278 -0.05794998086 0 2.697815993 -0.2323960926 0.8853091981 1


mesh: pSphereShape19 tranform: pSphere19 -0.03702119658 -0.007313284022 -0.07778061926 0 0.2581674592 0.3088411863 -0.1519184558 0 0.0680619732 -0.06961031072 -0.02585034338 0 2.473972344 -0.8672361528 1.025050371 1


mesh: pSphereShape20 tranform: pSphere20 -0.03924513656 -0.01832135618 -0.1069843327 0 0.03455132923 0.07009375073 -0.02467823223 0 0.2201576463 -0.1291680874 -0.05864019714 0 2.416726596 -1.283454604 1.145504388 1


mesh: pSphereShape21 tranform: pSphere21 -0.0994645879 -0.006273523085 -0.2445195387 0 -0.08523914054 0.1137305789 0.03175527246 0 0.1900936282 0.1652461417 -0.08156509691 0 2.771632807 0.2042698965 1.017653558 1


