mesh: pSphereShape1 tranform: pSphere1 -0.04946169522 0.1364366463 0.02228715061 0 -0.0504934394 -0.00723064316 -0.06779540522 0 -0.1107691278 -0.05458404058 0.08832150118 0 -6.197147064 -0.1192883708 -0.0452525667 1


mesh: pSphereShape2 tranform: pSphere2 -0.09704139696 0.2400952583 0.0207067965 0 -0.07268620722 -0.01913567592 -0.1187622641 0 -0.1018242822 -0.04718560777 0.06992245758 0 -6.301416946 0.2114508266 0.01902996233 1


mesh: pSphereShape3 tranform: pSphere3 -0.1199407136 0.2619535354 0.05685920027 0 -0.06832855419 -0.006334167495 -0.1149526893 0 -0.1009073223 -0.05993848336 0.06328265894 0 -6.467517235 0.6511723703 0.08353818911 1


mesh: pSphereShape4 tranform: pSphere4 -0.03876408708 0.01694661884 0.1757229144 0 -0.006584390317 0.1477192241 -0.0156984607 0 -0.1681911146 -0.01132381911 -0.03601052594 0 -6.606797321 0.929444109 0.2545799281 1


mesh: pSphereShape5 tranform: pSphere5 -0.05437613366 0.01907072149 0.1776787354 0 -0.007098235571 0.1373209362 -0.01691133116 0 -0.1687719572 -0.01488800861 -0.05005236795 0 -6.692218569 0.9781397938 0.5332898042 1


mesh: pSphereShape6 tranform: pSphere6 -0.1422924668 -0.2135146658 0.07192567531 0 -0.04938752205 0.05812251148 0.07483469919 0 -0.07428437729 0.02614914409 -0.0693338158 0 -6.85272855 0.7306429251 0.6749394629 1


mesh: pSphereShape7 tranform: pSphere7 -0.2396391027 -0.07593377429 0.003343541258 0 -0.02232294938 0.07330826724 0.06493769378 0 -0.0260625906 0.07798008353 -0.09699110527 0 -7.225211979 0.4800678576 0.6927047422 1


mesh: pSphereShape8 tranform: pSphere8 -0.1320000761 -0.1347183334 -0.01637096139 0 -0.02870396011 0.02550373792 0.02156891364 0 -0.034335685 0.04577263112 -0.09981695677 0 -7.542424523 0.3383979224 0.6639680512 1


mesh: pSphereShape10 tranform: pSphere10 -0.03169239415 0.02398805464 0.1791279144 0 0.02271638253 0.1522362381 -0.01636771499 0 -0.2173974781 0.0279024827 -0.04219985962 0 -6.616471257 1.382292166 0.338310413 1


mesh: pSphereShape11 tranform: pSphere11 -0.00790041182 0.006078956124 0.04289761992 0 -0.09066207908 0.1407119451 -0.03663721914 0 -0.09508470158 -0.06348126828 -0.008515821074 0 -6.696486907 1.195296998 0.321348469 1


mesh: pSphereShape12 tranform: pSphere12 -0.05928675766 0.0270720176 0.3096510888 0 0.006057866691 0.1651378494 -0.01327772981 0 -0.2560981964 0.00541409621 -0.04950669567 0 -6.641575525 0.76081133 0.3775952997 1


mesh: pSphereShape13 tranform: pSphere13 -0.03214813257 0.004444131007 0.2166689152 0 0.005605151528 0.2067684338 -0.003409399325 0 -0.1935115938 0.004770732591 -0.02881003085 0 -6.695400132 0.5390952197 0.3905374954 1


mesh: pSphereShape14 tranform: pSphere14 -0.02197319395 -0.001806905023 0.2204607906 0 0.0085476815 0.2414765804 0.002831093493 0 -0.1899918398 0.006946591607 -0.01887943749 0 -6.712939035 0.3452955158 0.3912630288 1


mesh: pSphereShape15 tranform: pSphere15 0.009281920139 0.01000554708 0.1511455816 0 0.1800975211 0.3330052315 -0.03310417863 0 -0.1652176899 0.08977170038 0.004203380753 0 -6.901749367 -0.190439162 0.2398307936 1


mesh: pSphereShape16 tranform: pSphere16 0.005989377989 0.01453163389 0.09897584923 0 -0.052142306 0.3556041245 -0.04905448152 0 -0.08221189394 -0.01114279159 0.006610916511 0 -7.074198155 -0.8373845559 0.2803833856 1


mesh: pSphereShape17 tranform: pSphere17 -0.01119088229 0.002056447667 0.1117939096 0 -0.007388827736 0.1037394727 -0.002647928667 0 -0.2763460697 -0.02037922971 -0.02728813696 0 -7.212429334 -1.314017174 0.3039948142 1


mesh: pSphereShape18 tranform: pSphere18 0.01840774863 0.007102675451 0.1263112797 0 0.1267098174 0.3330189265 -0.03719198978 0 -0.1350202961 0.05323686642 0.01668335157 0 -6.856288034 -0.2444388157 0.6034347471 1


mesh: pSphereShape19 tranform: pSphere19 0.01767108001 -0.0006609162816 0.08462371992 0 -0.3774646159 0.1902201023 0.08030758983 0 -0.04373613537 -0.09034599084 0.008427348876 0 -6.715449916 -0.7577782354 0.6034377437 1


mesh: pSphereShape20 tranform: pSphere20 0.05052768213 0.03979364329 0.09583798603 0 -0.0714827964 0.0316953617 0.02452666416 0 -0.05708414705 -0.224005619 0.1231070249 0 -6.413284768 -1.142752135 0.5938984226 1


mesh: pSphereShape21 tranform: pSphere21 -0.02618707248 -0.002153421707 0.2627393503 0 0.09687553504 0.1082254057 0.01054254566 0 -0.1959295922 0.1771428282 -0.01807631486 0 -6.669534491 0.1699428259 0.3983156585 1


