mesh: pSphereShape1 tranform: pSphere1 0.01791185552 0.136320766 0.05151649274 0 -0.06830752114 0.02539296397 -0.04344383188 0 -0.08812232408 -0.03340399926 0.1190316494 0 3.547243221 -0.02617171229 -0.5342002377 1


mesh: pSphereShape2 tranform: pSphere2 0.00605738493 0.2475528424 0.0785648492 0 -0.1127617735 0.02787287098 -0.07913166044 0 -0.07886902833 -0.03034585038 0.1016986815 0 3.598658977 0.2985426199 -0.4059941247 1


mesh: pSphereShape3 tranform: pSphere3 -0.02711808951 0.2662228516 0.1209479253 0 -0.1035231196 0.02614566343 -0.08076138781 0 -0.08364638226 -0.0498938678 0.09106859551 0 3.600013861 0.742089679 -0.2444173468 1


mesh: pSphereShape4 tranform: pSphere4 0.02688387898 -0.009390969926 0.1784865589 0 -0.02510514451 0.1461128279 0.01146901398 0 -0.1679550428 -0.03071693712 0.02368145387 0 3.580566242 1.000699553 -0.006266112187 1


mesh: pSphereShape5 tranform: pSphere5 -0.005533447699 -0.01119706796 0.1863711242 0 -0.0235178371 0.1363238747 0.00749200271 0 -0.1740232321 -0.02963970052 -0.006947568727 0 3.581217333 1.002727579 0.2874343164 1


mesh: pSphereShape6 tranform: pSphere6 -0.01966395631 -0.2443142552 0.1045601976 0 -0.03999672044 0.04168899035 0.08988813222 0 -0.09698797926 -0.008897365658 -0.03902938924 0 3.562003628 0.7109235745 0.4565525262 1


mesh: pSphereShape7 tranform: pSphere7 -0.1193906174 -0.1973108336 0.1000916194 0 -0.03426520802 0.0583787227 0.07421011012 0 -0.1031495961 0.02734282825 -0.06913723407 0 3.392100155 0.3029711157 0.6058875173 1


mesh: pSphereShape8 tranform: pSphere8 -0.003215955862 -0.188937291 0.01155056346 0 -0.01910741561 0.0027452172 0.03958467456 0 -0.1036433136 -0.001288844942 -0.04993896581 0 3.259298442 -0.004813411071 0.7061774649 1


mesh: pSphereShape10 tranform: pSphere10 0.02638287812 -0.01103973461 0.1812421373 0 0.009638903359 0.1542821718 0.007994455599 0 -0.2204490928 0.01207181641 0.03282543059 0 3.579262078 1.434200575 0.1633383325 1


mesh: pSphereShape11 tranform: pSphere11 0.004665241774 -0.002322208417 0.0437312117 0 -0.1050438124 0.1341327842 0.01832876408 0 -0.08975887246 -0.07108577924 0.005800681861 0 3.505564573 1.245142754 0.1318057532 1


mesh: pSphereShape12 tranform: pSphere12 0.01038544138 -0.01884639782 0.3157032886 0 -0.01830998243 0.1644375285 0.0104186825 0 -0.2591580388 -0.02928642135 0.006777018643 0 3.611462557 0.8156933738 0.09234075241 1


mesh: pSphereShape13 tranform: pSphere13 0.001604192075 -0.01018295454 0.2188433357 0 -0.04224228554 0.2022802528 0.009721910666 0 -0.1915738587 -0.03998453755 -0.0004562143144 0 3.601043876 0.5853065306 0.08801723403 1


mesh: pSphereShape14 tranform: pSphere14 -0.003728258068 0.001118129102 0.2215262878 0 -0.04485472674 0.2374368439 -0.001953334956 0 -0.1877060431 -0.03548448506 -0.002979963871 0 3.627421831 0.3930849737 0.08449004813 1


mesh: pSphereShape15 tranform: pSphere15 0.01657712063 -0.002617240681 0.1508297085 0 0.08510196477 0.3703681671 -0.002926498409 0 -0.182147156 0.04201711107 0.02074819543 0 3.558399545 -0.1917874301 -0.08304393936 1


mesh: pSphereShape16 tranform: pSphere16 0.003940833216 0.01098625326 0.09953407374 0 -0.2722912486 0.2391507361 -0.01561592025 0 -0.0548899666 -0.06190828929 0.009006487074 0 3.670512393 -0.7818647807 -0.1006473335 1


mesh: pSphereShape17 tranform: pSphere17 -0.003364531022 0.01521630557 0.1112856102 0 -0.08408794222 0.06030201428 -0.01078747166 0 -0.1637393722 -0.2237387279 0.02564186557 0 3.905561211 -1.249949605 -0.07247284758 1


mesh: pSphereShape18 tranform: pSphere18 -0.009507420327 -0.01038207209 0.1270655505 0 0.05672242051 0.3521824712 0.03301971057 0 -0.1438397726 0.02399207006 -0.008802210925 0 3.593594637 -0.2034148124 0.2318457658 1


mesh: pSphereShape19 tranform: pSphere19 -0.005131665673 -0.007284659946 0.08599114832 0 -0.1218211368 0.4117158342 0.02760824279 0 -0.09642144964 -0.02798497726 -0.008124832611 0 3.614326884 -0.911392484 0.1920944995 1


mesh: pSphereShape20 tranform: pSphere20 0.02498809036 0.006940007872 0.1124674704 0 -0.003274624936 0.08177146524 -0.004318297432 0 -0.2554757816 -0.007209752409 0.05720665388 0 3.504444968 -1.330119287 0.1831819366 1


mesh: pSphereShape21 tranform: pSphere21 -0.004443239543 0.001332556746 0.2640091818 0 0.07107220578 0.1271109241 0.0005545576663 0 -0.2310422642 0.1292036972 -0.004540551866 0 3.708934253 0.2318462558 0.09081942127 1


