mesh: pSphereShape1 tranform: pSphere1 0.02615193554 0.140445511 0.03390087823 0 -0.05698587101 0.02457532537 -0.05785110613 0 -0.1091777357 -0.005106054086 0.1053757798 0 4.392003572 -0.06801876106 -0.4305633157 1


mesh: pSphereShape2 tranform: pSphere2 0.01631524833 0.2553541118 0.04494026557 0 -0.1037134995 0.02282950783 -0.09206659424 0 -0.08885101798 -0.01143910184 0.09725461246 0 4.456860508 0.267728037 -0.3431948614 1


mesh: pSphereShape3 tranform: pSphere3 -0.02503644797 0.2813611411 0.08029621846 0 -0.09449032948 0.01815716069 -0.09308559995 0 -0.09377313495 -0.03363706188 0.08862703667 0 4.469620294 0.7284194049 -0.2438463209 1


mesh: pSphereShape4 tranform: pSphere4 0.00327646064 -0.001403806182 0.1807088241 0 -0.02472063714 0.1466190163 0.001587199062 0 -0.1699477638 -0.02868491511 0.00285851618 0 4.43373353 1.004234065 -0.04210522955 1


mesh: pSphereShape5 tranform: pSphere5 -0.02566692074 -0.003417637368 0.1849857245 0 -0.02016388933 0.1370648193 -0.0002654642738 0 -0.173090711 -0.02551116031 -0.02448780016 0 4.401461383 1.019247374 0.2502557636 1


mesh: pSphereShape6 tranform: pSphere6 -0.04992115286 -0.2476071379 0.08489726233 0 -0.05557687191 0.03942569939 0.08230681268 0 -0.08743261184 -0.002245884148 -0.05796221917 0 4.344334443 0.7273868234 0.4013745722 1


mesh: pSphereShape7 tranform: pSphere7 -0.130158783 -0.2033634111 0.07004306598 0 -0.04814275335 0.05464039685 0.06918108499 0 -0.09011044313 0.02836058959 -0.08510705937 0 4.145216209 0.3136773805 0.4977263298 1


mesh: pSphereShape8 tranform: pSphere8 0.007054017459 -0.1891103525 0.005345392223 0 -0.030837211 -0.0002615327801 0.03144159709 0 -0.08203079497 -0.005335201529 -0.08049833652 0 4.007248364 -0.002784525795 0.5532794344 1


mesh: pSphereShape10 tranform: pSphere10 -0.004075358099 -0.007097919714 0.1833020876 0 -0.007586959868 0.1544941649 0.005813723205 0 -0.2228828623 -0.01074329054 -0.005371365404 0 4.373724875 1.438751759 0.1140376843 1


mesh: pSphereShape11 tranform: pSphere11 -0.001876955103 -0.001436576915 0.04397714515 0 -0.1140372358 0.1278936418 -0.0006893061854 0 -0.08543002161 -0.07620732886 -0.006135596194 0 4.328728715 1.24772773 0.07711519405 1


mesh: pSphereShape12 tranform: pSphere12 -0.02723742447 -0.004950859285 0.3152224964 0 -0.01950199097 0.1646279641 0.0009005254445 0 -0.2581090348 -0.03045123898 -0.02278068736 0 4.450997837 0.8237951562 0.06770925543 1


mesh: pSphereShape13 tranform: pSphere13 -0.0214865341 -0.007211811036 0.2179105096 0 -0.03090179791 0.2045176171 0.003721573021 0 -0.1925527175 -0.0287311579 -0.01993705683 0 4.43473347 0.5950922348 0.06878068217 1


mesh: pSphereShape14 tranform: pSphere14 -0.02282021874 -0.004075381592 0.2203444467 0 -0.02989140382 0.2397847521 0.001339203215 0 -0.1885625197 -0.02339459045 -0.0199613827 0 4.449635083 0.4017429115 0.06542535577 1


mesh: pSphereShape15 tranform: pSphere15 -0.01271483772 0.01264792054 0.1506970964 0 -0.001856917135 0.3786818267 -0.03193922227 0 -0.1874149512 -0.00223688554 -0.01562511022 0 4.485011342 -0.1953827171 -0.08680663401 1


mesh: pSphereShape16 tranform: pSphere16 -0.00908671736 0.01035140574 0.09926499751 0 -0.09724101553 0.3465473655 -0.04503958219 0 -0.07982442286 -0.02303616635 -0.004904903808 0 4.546491687 -0.8974808717 -0.05360499345 1


mesh: pSphereShape17 tranform: pSphere17 -0.02492653497 0.001952216453 0.1095545515 0 -0.005201413375 0.1038615581 -0.003034227701 0 -0.2711430849 -0.01537319647 -0.06141822212 0 4.463773333 -1.360691955 -0.05916026524 1


mesh: pSphereShape18 tranform: pSphere18 0.01552019115 0.008748148333 0.1265955218 0 0.02741108259 0.3560992085 -0.02796808202 0 -0.1445803309 0.01245374977 0.01686447586 0 4.445548956 -0.209266369 0.2710443622 1


mesh: pSphereShape19 tranform: pSphere19 0.01174417119 0.005867673749 0.08544894792 0 -0.1465458142 0.4044485325 -0.007631608393 0 -0.09371186828 -0.03366842269 0.01519180253 0 4.521562314 -0.9138702721 0.3275867875 1


mesh: pSphereShape20 tranform: pSphere20 0.0481174579 0.01701023982 0.103522279 0 -0.004893473023 0.08105568548 -0.01104414603 0 -0.2375425236 0.0006875953704 0.1102974772 0 4.443558496 -1.323561567 0.4010651437 1


mesh: pSphereShape21 tranform: pSphere21 -0.02719653426 -0.004856932196 0.2626006948 0 0.07840792697 0.1222831229 0.01038209252 0 -0.2214332943 0.143704406 -0.02027510103 0 4.520265081 0.2355412606 0.07383216785 1


