mesh: pSphereShape1 tranform: pSphere1 -0.03922623559 0.1125797587 -0.08570434759 0 -0.01233289814 0.0480822419 0.06880468174 0 0.1446294341 0.04577602966 -0.006065198498 0 4.808231122 0.06773082274 0.4186106162 1


mesh: pSphereShape2 tranform: pSphere2 -0.05544963658 0.2192565154 -0.1278415248 0 0.01769023134 0.07354316974 0.1184583981 0 0.1281028414 0.01559675908 -0.02881352488 0 4.718754781 0.3358383268 0.207192451 1


mesh: pSphereShape3 tranform: pSphere3 0.009369003265 0.2658348929 -0.1244284116 0 0.01240332214 0.05615102573 0.1208976992 0 0.1326985157 -0.009075984586 -0.009398661844 0 4.659223091 0.7444885039 -0.01277534495 1


mesh: pSphereShape4 tranform: pSphere4 0.1212997232 -0.008219209323 -0.1337430624 0 0.0166068047 0.1476452544 0.005988150322 0 0.1263328245 -0.01890380463 0.1157406649 0 4.77111407 1.002983873 -0.2050589826 1


mesh: pSphereShape5 tranform: pSphere5 0.1544156276 -0.006093402829 -0.10492318 0 0.01144199116 0.1377838835 0.008837413631 0 0.09832732618 -0.01751218649 0.1457255164 0 5.002587424 1.011509214 -0.3826502643 1


mesh: pSphereShape6 tranform: pSphere6 0.1587379568 -0.2138062259 -0.009905564103 0 0.08369401603 0.06309982653 -0.02076799098 0 0.01866566319 0.009093122948 0.1028495629 0 5.213040804 0.7526803508 -0.429861811 1


mesh: pSphereShape7 tranform: pSphere7 0.1934790219 -0.1434407421 0.07207384036 0 0.06325279359 0.07558619293 -0.01936831765 0 -0.01344188931 0.04182359543 0.1193211173 0 5.526256181 0.4269143364 -0.3164529029 1


mesh: pSphereShape8 tranform: pSphere8 0.05284651122 -0.1792139196 0.03050696804 0 0.04119754935 0.01013722781 -0.01181416733 0 0.02494935277 0.02595867566 0.1092756827 0 5.754940381 0.1795895579 -0.2212379787 1


mesh: pSphereShape10 tranform: pSphere10 0.1696234643 0.01675625663 -0.06792460917 0 -0.01891381265 0.1533415523 -0.009404485822 0 0.08061779871 0.0226332784 0.2069046771 0 4.850464799 1.440424753 -0.2901634267 1


mesh: pSphereShape11 tranform: pSphere11 0.03869437119 -2.736052479e-05 -0.02103142647 0 0.04674566478 0.1407526482 0.08582123713 0 0.04493571693 -0.065384661 0.0827594016 0 4.88800825 1.253972335 -0.2224714325 1


mesh: pSphereShape12 tranform: pSphere12 0.2344965049 -0.013817495 -0.2120190477 0 0.008750718224 0.1655466614 -0.001110406494 0 0.1746345606 -0.007932085631 0.1936655979 0 4.839540602 0.8180482297 -0.2825259846 1


mesh: pSphereShape13 tranform: pSphere13 0.163717115 -0.01262064208 -0.1450382612 0 0.0190046926 0.2059674472 0.003529772137 0 0.1287989542 -0.01439736035 0.1466392175 0 4.860044588 0.5910761153 -0.2546420722 1


mesh: pSphereShape14 tranform: pSphere14 0.1661545085 -0.006196644986 -0.1464354029 0 0.01481460642 0.2410993387 0.006607054165 0 0.1258418314 -0.01165894351 0.1432811571 0 4.853100443 0.3968165101 -0.2506637281 1


mesh: pSphereShape15 tranform: pSphere15 0.1284201403 -0.01291769378 -0.0798288958 0 -0.02249362439 0.3671234782 -0.09559224132 0 0.09959954514 0.04588864124 0.1527994597 0 4.735531299 -0.1814953998 -0.02589471185 1


mesh: pSphereShape16 tranform: pSphere16 0.08693033057 0.001382898487 -0.04984440773 0 0.09081879297 0.3089576134 0.1669628568 0 0.03578566353 -0.0435932349 0.06120194182 0 4.664522945 -0.8251412608 -0.02569880528 1


mesh: pSphereShape17 tranform: pSphere17 0.103493973 -0.04170459634 -0.01330666171 0 0.04044512963 0.09312576657 0.02269950634 0 0.006966935762 -0.06877046841 0.2697205779 0 4.533530899 -1.276500582 -0.02619350308 1


mesh: pSphereShape18 tranform: pSphere18 0.07357455368 0.008365783238 -0.1042143527 0 -0.1164206438 0.3342479381 -0.05536042744 0 0.1096358206 0.0516940062 0.08155179394 0 5.094057182 -0.1886823745 -0.3218531567 1


mesh: pSphereShape19 tranform: pSphere19 0.04862044276 0.004304212604 -0.07135407593 0 0.06517853647 0.4195277467 0.06971915552 0 0.08187921528 -0.02177443789 0.05447876438 0 5.191028685 -0.8782983678 -0.3241963405 1


mesh: pSphereShape20 tranform: pSphere20 0.02922038715 0.01596033911 -0.1105121569 0 -0.0004241881522 0.08112405838 0.01160390473 0 0.253365822 -0.008090537411 0.06582370565 0 5.336112326 -1.304639854 -0.3026580377 1


mesh: pSphereShape21 tranform: pSphere21 0.1980185569 -0.00738499791 -0.1745178475 0 -0.0547007295 0.1171509282 -0.06702419864 0 0.144169609 0.1571021607 0.1569355753 0 4.812474697 0.2265449266 -0.2958234069 1


