mesh: pSphereShape1 tranform: pSphere1 -0.01948526385 0.1360808822 -0.05157957758 0 0.03984544288 0.03146907908 0.06797149649 0 0.1325138168 -0.008906361153 -0.07355725548 0 -7.838130374 0.03541644654 0.2474690848 1


mesh: pSphereShape2 tranform: pSphere2 -0.006017361311 0.2485415962 -0.07538171896 0 0.0925763145 0.0327398212 0.1005567714 0 0.09944328937 -0.0230803803 -0.08403656547 0 -7.885137988 0.359763346 0.1164433922 1


mesh: pSphereShape3 tranform: pSphere3 0.04932587064 0.2695834651 -0.1054993459 0 0.08292537769 0.02479676468 0.102134891 0 0.1022565445 -0.04675821075 -0.07167198355 0 -7.868961398 0.8054171295 -0.03312719555 1


mesh: pSphereShape4 tranform: pSphere4 0.02607819657 -0.01861399253 -0.1778815109 0 0.03751875652 0.1435702524 -0.00952316005 0 0.1649333931 -0.04121158588 0.02849243618 0 -7.786833024 1.057044324 -0.2540076292 1


mesh: pSphereShape5 tranform: pSphere5 0.05677880949 -0.02085029014 -0.1767247055 0 0.03151359197 0.1347847675 -0.005777331869 0 0.1634383257 -0.03578127743 0.05673164683 0 -7.704639526 1.043710862 -0.5356553525 1


mesh: pSphereShape6 tranform: pSphere6 0.05562557038 -0.2430201677 -0.09410608585 0 0.06120446891 0.04345718722 -0.07604651038 0 0.08317107917 -0.005636448857 0.06371755249 0 -7.634703642 0.750541321 -0.6897104146 1


mesh: pSphereShape7 tranform: pSphere7 0.1492688448 -0.19226348 -0.06290932439 0 0.05081718101 0.05992790547 -0.06257459906 0 0.0795604393 0.03093410205 0.09423717094 0 -7.416223525 0.3497781106 -0.7853447475 1


mesh: pSphereShape8 tranform: pSphere8 0.01350583207 -0.1885528983 -0.01031769566 0 0.02882224104 0.003874290843 -0.03307331706 0 0.08660542325 0.002060294432 0.07571495052 0 -7.249783713 0.04785092037 -0.8451596928 1


mesh: pSphereShape10 tranform: pSphere10 0.07554093463 -0.01568418798 -0.1664758774 0 0.01117010475 0.154096554 -0.009449291941 0 0.2027733303 -0.009004355765 0.09285977729 0 -7.683252648 1.478146506 -0.4018923084 1


mesh: pSphereShape11 tranform: pSphere11 0.02686457457 -0.007757455156 -0.0727323426 0 0.0416184357 0.1662050266 -0.002354749826 0 0.08308113787 -0.02033836624 0.03285626864 0 -7.725590382 1.292174615 -0.4090865661 1


mesh: pSphereShape12 tranform: pSphere12 0.06191756716 -0.03478981198 -0.3083626021 0 0.02600785636 0.1631965877 -0.01318978171 0 0.1678552598 -0.02380914491 0.03639061585 0 -7.74786645 0.861261474 -0.3384953189 1


mesh: pSphereShape13 tranform: pSphere13 0.04363384087 -0.03260841463 -0.2122061516 0 0.04134041275 0.2014520992 -0.02245548751 0 0.1877521538 -0.03364935607 0.04377629812 0 -7.789171435 0.6397869128 -0.3258088109 1


mesh: pSphereShape14 tranform: pSphere14 0.04225444013 -0.02314318503 -0.2162591076 0 0.04321023196 0.2371456882 -0.01693562146 0 0.1844093557 -0.03079267088 0.03932668851 0 -7.814599421 0.4479882159 -0.3074501184 1


mesh: pSphereShape15 tranform: pSphere15 -0.02245185926 -0.005556634591 -0.1499876318 0 -0.09301052459 0.3684731419 0.000271946432 0 0.1802232478 0.04551336851 -0.02866401784 0 -7.764317988 -0.1255630417 -0.1357223599 1


mesh: pSphereShape16 tranform: pSphere16 -0.01054657982 0.0070438265 -0.09941033108 0 0.2124421639 0.2940150911 -0.001705526455 0 0.06688876747 -0.04839188841 -0.01052518164 0 -7.8158579 -0.7596193574 -0.101843966 1


mesh: pSphereShape17 tranform: pSphere17 -0.01481512761 0.03757526153 -0.1048615982 0 0.06128425022 0.08151885496 0.0205524076 0 0.2219854807 -0.145804829 -0.08360923311 0 -7.927088191 -1.24589945 -0.1574846025 1


mesh: pSphereShape18 tranform: pSphere18 0.01871421272 0.002459432809 -0.1264419314 0 -0.05016496431 0.3547159821 -0.000525123971 0 0.1430633962 0.02026437106 0.0215684596 0 -7.77582485 -0.1585521303 -0.480331535 1


mesh: pSphereShape19 tranform: pSphere19 0.01149763399 0.001776210557 -0.08566520496 0 0.1044843799 0.4167515638 0.02266453091 0 0.09679064578 -0.02494488439 0.01247362978 0 -7.789414394 -0.8715405194 -0.5145044808 1


mesh: pSphereShape20 tranform: pSphere20 -0.008691481884 0.003633352832 -0.1150337218 0 0.0003517715764 0.08191009201 0.002560560884 0 0.2611555621 -0.0005042321889 -0.01974778225 0 -7.66230124 -1.287925049 -0.5213087271 1


mesh: pSphereShape21 tranform: pSphere21 0.05035772627 -0.02758143697 -0.2577318954 0 -0.07021997783 0.1246815867 -0.02706306776 0 0.2263821895 0.1339858519 0.02989373897 0 -7.893343079 0.28527134 -0.3096669957 1


mesh: pSphereShape22 tranform: pSphere22 0.00144282521 -0.001029854101 -0.009841628724 0 0.002523170226 0.009655229008 -0.0006404411054 0 0.009568274004 -0.002390806 0.001652930503 0 -7.858461354 1.255653554 -0.1411143471 1


mesh: pSphereShape23 tranform: pSphere23 0.003447612763 -0.0009955378723 -0.009333963284 0 0.001538180666 0.009869107845 -0.0004844693719 0 0.009260019788 -0.001268705907 0.003555617928 0 -7.915675102 1.235069113 -0.4471724717 1


mesh: pSphereShape24 tranform: pSphere24 0.003039727267 -0.001116247347 -0.009461186501 0 0.002274687555 0.009728920569 -0.0004170145033 0 0.009251262329 -0.002025363283 0.003211237908 0 -7.733979185 1.195157608 -0.687054901 1


