mesh: pSphereShape1 tranform: pSphere1 -0.04370220011 0.1397459613 -0.0109233163 0 0.07957573177 0.0235014754 -0.01770508852 0 -0.02702614991 -0.02002411371 -0.148049069 0 4.067335657 -0.07163887553 0.792108829 1


mesh: pSphereShape2 tranform: pSphere2 -0.04918973901 0.2536205835 -0.02735884536 0 0.1370922084 0.02455112269 -0.01889187515 0 -0.01491866387 -0.01694766262 -0.1302844054 0 3.953541429 0.261552235 0.7685411252 1


mesh: pSphereShape3 tranform: pSphere3 -0.06072996722 0.2779041868 -0.0729351229 0 0.1308849033 0.02544446066 -0.01203142878 0 -0.005045990785 -0.03485473489 -0.1286051703 0 3.85193799 0.7186904136 0.7031077782 1


mesh: pSphereShape4 tranform: pSphere4 -0.1497090811 -0.01189581192 -0.1005687112 0 -0.001928046523 0.1479627023 -0.01463169198 0 0.09655502097 -0.01280558641 -0.142219488 0 3.693917078 0.9852927205 0.555925266 1


mesh: pSphereShape5 tranform: pSphere5 -0.1456127175 -0.01128982709 -0.1164459773 0 -0.005777582489 0.1382816623 -0.006182150617 0 0.1104059675 -0.001552603106 -0.1379093095 0 3.460031366 0.9872780725 0.3749552415 1


mesh: pSphereShape6 tranform: pSphere6 -0.02887318344 -0.2489999187 -0.09041206297 0 -0.04693146596 0.03752446401 -0.08835687851 0 0.09357408074 0.006235047622 -0.04705464968 0 3.383519953 0.6908815108 0.2402554293 1


mesh: pSphereShape7 tranform: pSphere7 0.01895783792 -0.2001954645 -0.1508853646 0 -0.04038465844 0.05288562691 -0.07524300643 0 0.1160261063 0.03786423111 -0.03566047134 0 3.430801358 0.2833874658 0.01222428026 1


mesh: pSphereShape8 tranform: pSphere8 -0.001355388937 -0.1893093576 -0.001089892209 0 -0.01060915241 0.0003220348247 -0.04274246352 0 0.1116630818 -0.0006398742606 -0.02772083352 0 3.471881342 -0.0287900996 -0.1402758773 1


mesh: pSphereShape10 tranform: pSphere10 -0.1728868181 -0.02119112719 -0.05768646795 0 -0.0157744928 0.1537092685 -0.009188823829 0 0.0712152292 -0.005333493588 -0.2114733674 0 3.548600918 1.41099643 0.4258926425 1


mesh: pSphereShape11 tranform: pSphere11 -0.06980484486 -0.004509746696 -0.03433399127 0 0.001424508926 0.1694897287 -0.02515854804 0 0.04071257883 -0.01238727086 -0.08114616717 0 3.559882343 1.227893011 0.470253275 1


mesh: pSphereShape12 tranform: pSphere12 -0.2406318123 -0.01875806983 -0.204636449 0 -0.008093609179 0.1654873152 -0.005652183539 0 0.1122859299 0.0009788928135 -0.1321266523 0 3.645619621 0.798611496 0.4591193286 1


mesh: pSphereShape13 tranform: pSphere13 -0.1613602176 -0.007624397119 -0.1479980416 0 -0.008038328015 0.2067076668 -0.001884855901 0 0.1321587138 0.003823628771 -0.144287799 0 3.64860814 0.5754605324 0.4622837399 1


mesh: pSphereShape14 tranform: pSphere14 -0.1598198105 0.01122706085 -0.153037994 0 0.003850254421 0.2412263771 0.01367579532 0 0.1322858549 0.00569686757 -0.1377301194 0 3.658390227 0.3819123712 0.4490075121 1


mesh: pSphereShape15 tranform: pSphere15 -0.1046349874 -0.0100685148 -0.1094595645 0 -0.05294086768 0.3759840653 0.01602295701 0 0.1336837997 0.02436498095 -0.1300326923 0 3.826951403 -0.2357604358 0.5386159777 1


mesh: pSphereShape16 tranform: pSphere16 -0.06338238582 0.005126234657 -0.07745743766 0 0.2282417853 0.2233992275 -0.1719823485 0 0.03759800792 -0.06543165193 -0.03509629969 0 3.733008145 -0.8190949127 0.6767137212 1


mesh: pSphereShape17 tranform: pSphere17 -0.04907081886 0.01814964134 -0.09944842035 0 0.08407378686 0.05229628198 -0.03194028415 0 0.1100602611 -0.2364634052 -0.09746231358 0 3.516560023 -1.273609086 0.8291269581 1


mesh: pSphereShape18 tranform: pSphere18 -0.102553346 -0.01709519347 -0.07439353584 0 -0.05460227322 0.3540082937 -0.006078410603 0 0.08433891052 0.01096889285 -0.1187838797 0 3.566114066 -0.2088339497 0.3222253904 1


mesh: pSphereShape19 tranform: pSphere19 -0.06994575505 -0.01033467614 -0.04974599152 0 -0.005759085828 0.4227559291 -0.07972947946 0 0.05918354355 -0.01432643778 -0.08023919965 0 3.620684192 -0.9290620859 0.3730276391 1


mesh: pSphereShape20 tranform: pSphere20 -0.1074779422 0.005702360507 -0.04168303376 0 0.003754753601 0.08185076122 0.001515949108 0 0.09470853638 0.0001778071753 -0.2441776367 0 3.735613255 -1.348363949 0.2511562601 1


mesh: pSphereShape21 tranform: pSphere21 -0.1904690311 0.01338011474 -0.1823866412 0 -0.06292076954 0.1087209845 0.07368498684 0 0.1433108345 0.1756386263 -0.1367765241 0 3.617852046 0.207311775 0.472535104 1


mesh: pSphereShape22 tranform: pSphere22 -0.008282936126 -0.0006581581397 -0.005564152855 0 -0.0001296628682 0.009950625226 -0.0009839944866 0 0.005601442374 -0.0007428899462 -0.008250573183 0 3.754753446 1.167500972 0.6988246227 1


mesh: pSphereShape23 tranform: pSphere23 -0.008958268573 -0.0005787495436 -0.004406185782 0 -0.0003480922938 0.009975755965 -0.0006025982758 0 0.004430378758 -0.000386447788 -0.008956695941 0 3.503793076 1.152796589 0.6493015835 1


mesh: pSphereShape24 tranform: pSphere24 -0.00779556584 -0.0006044155478 -0.006234086548 0 -0.0004170325933 0.009981330489 -0.0004462347892 0 0.006249418937 -8.788353992e-05 -0.007806217998 0 3.2958523 1.127823167 0.3782818408 1


