mesh: pSphereShape1 tranform: pSphere1 0.04023911269 0.1363674509 0.03664514959 0 -0.06528067632 0.03117407509 -0.04432490195 0 -0.08759093771 -0.007417721647 0.1237849335 0 4.324050924 -0.01824802465 -0.3400364703 1


mesh: pSphereShape2 tranform: pSphere2 0.03822489797 0.2504581611 0.05745523425 0 -0.1194519163 0.03339535305 -0.06610540277 0 -0.06690520817 -0.01570299616 0.1129642648 0 4.422916535 0.3073699323 -0.2463829082 1


mesh: pSphereShape3 tranform: pSphere3 0.001308058712 0.2750924868 0.1027658058 0 -0.1110236303 0.02664283499 -0.06990669949 0 -0.07450936955 -0.03838612559 0.10370373 0 4.474861564 0.7583214965 -0.1211314288 1


mesh: pSphereShape4 tranform: pSphere4 0.04262106774 -0.01330823553 0.1751420008 0 -0.02119284129 0.1462766015 0.01627219615 0 -0.1657028678 -0.02825428157 0.03817712764 0 4.491605605 1.020052946 0.1017016071 1


mesh: pSphereShape5 tranform: pSphere5 0.01008908848 -0.01634804114 0.1857986576 0 -0.01819550128 0.13672189 0.01301791485 0 -0.1748754971 -0.02397642184 0.007386311878 0 4.518598967 1.01495171 0.3944653577 1


mesh: pSphereShape6 tranform: pSphere6 -0.03300089997 -0.251425257 0.08188554274 0 -0.03680214863 0.03539989409 0.09386178792 0 -0.09764391137 0.0003093875401 -0.03840176184 0 4.490529109 0.7146496338 0.5394220254 1


mesh: pSphereShape7 tranform: pSphere7 -0.1135002553 -0.2070291243 0.0863750579 0 -0.03224336254 0.05114268371 0.08021291456 0 -0.1058594534 0.03181828598 -0.06283947291 0 4.313384064 0.2961120336 0.6561793986 1


mesh: pSphereShape8 tranform: pSphere8 0.007140017968 -0.1891768715 -0.001479605029 0 -0.0236813188 -0.001184063936 0.03711292419 0 -0.09690824115 -0.003173135934 -0.06193724153 0 4.188585988 -0.02288877815 0.7268839637 1


mesh: pSphereShape10 tranform: pSphere10 0.02918417104 -0.02358714902 0.1796067228 0 -0.005426749805 0.1532611433 0.02100906114 0 -0.2202258066 -0.01247854944 0.03414557155 0 4.470164931 1.440794077 0.303123184 1


mesh: pSphereShape11 tranform: pSphere11 0.01129744741 -0.00956924158 0.07650277403 0 -0.02559393517 0.1676137567 0.02474528134 0 -0.08962073564 -0.01535503137 0.01131396285 0 4.513248307 1.257993358 0.2742270855 1


mesh: pSphereShape12 tranform: pSphere12 0.03461518182 -0.0266486141 0.3134058887 0 -0.01796183213 0.1640337322 0.01593149297 0 -0.1713295187 -0.02042988154 0.01718593877 0 4.482481421 0.8270343739 0.1977029471 1


mesh: pSphereShape13 tranform: pSphere13 0.01809945531 -0.02148836642 0.2172770844 0 -0.02691993122 0.2038859835 0.02240647157 0 -0.1933638608 -0.02700727997 0.01343647554 0 4.512837536 0.6047139744 0.181424383 1


mesh: pSphereShape14 tranform: pSphere14 0.0158459324 -0.01145761226 0.22069589 0 -0.02372812669 0.2400589554 0.01416653804 0 -0.1896389363 -0.01948827927 0.01260429733 0 4.52314142 0.4122228482 0.1666698364 1


mesh: pSphereShape15 tranform: pSphere15 0.007402217924 -0.0005723219807 0.1515787962 0 0.02606140936 0.3791362099 0.0001588332651 0 -0.1874113142 0.01287859475 0.009200693809 0 4.498979592 -0.1862784738 -0.0195044759 1


mesh: pSphereShape16 tranform: pSphere16 0.003853877158 0.00295197509 0.1000984178 0 -0.1022819896 0.3479624416 -0.006323718703 0 -0.07978529837 -0.02338417002 0.003761420358 0 4.530171796 -0.8845227528 -0.05017770103 1


mesh: pSphereShape17 tranform: pSphere17 -0.02348251368 -0.00453587265 0.1097968145 0 -0.0069534091 0.1037655868 0.002799570865 0 -0.2716527566 -0.01661763324 -0.05878554014 0 4.452379464 -1.349180377 -0.1004159296 1


mesh: pSphereShape18 tranform: pSphere18 0.02978124738 -0.003577556456 0.1242743376 0 -0.002888608541 0.3580654714 0.01100006511 0 -0.1420682302 -0.002190067534 0.03398234986 0 4.580108995 -0.1989748704 0.3266690015 1


mesh: pSphereShape19 tranform: pSphere19 0.02077557911 -0.0009927320341 0.08391226161 0 -0.08725050718 0.4204682776 0.02657647524 0 -0.09561929708 -0.02132218394 0.02342183393 0 4.647238857 -0.9206754356 0.3140174158 1


mesh: pSphereShape20 tranform: pSphere20 0.0489008647 0.006472282533 0.1043470903 0 -0.0009974469866 0.0818151672 -0.004607266536 0 -0.2372119525 0.003356428935 0.1109580133 0 4.513704722 -1.337363144 0.3566528798 1


mesh: pSphereShape21 tranform: pSphere21 0.01888476392 -0.01365487982 0.2630195356 0 0.08178338394 0.1204993104 0.0003837878564 0 -0.2182445773 0.1480491153 0.02335602252 0 4.590349391 0.2446590192 0.1573043839 1


mesh: pSphereShape22 tranform: pSphere22 0.002358090632 -0.0007363031289 0.009690060179 0 -0.001425237698 0.009837233428 0.001094319872 0 -0.009612913506 -0.00163911445 0.002214768101 0 4.528011873 1.210208084 -0.03914136889 1


mesh: pSphereShape23 tranform: pSphere23 0.001449835872 -0.001228049948 0.009817834245 0 -0.0005382067437 0.009898197496 0.001317581051 0 -0.009879691769 -0.0007194300872 0.001368981704 0 4.69435513 1.19119506 0.2143765957 1


mesh: pSphereShape24 tranform: pSphere24 0.0005401324475 -0.0008752136026 0.009946972308 0 -0.001313372349 0.009868744317 0.0009396481662 0 -0.009898651929 -0.001357161285 0.0004180947677 0 4.610992684 1.164171812 0.520622077 1


