mesh: pSphereShape1 tranform: pSphere1 -0.05361246014 0.09101998616 -0.1019764731 0 -0.02285982424 0.05461637213 0.06076649507 0 0.1352897707 0.06811691688 -0.01032803522 0 -0.0145551714 0.1471205697 1.419981601 1


mesh: pSphereShape2 tranform: pSphere2 -0.08642561186 0.1885109069 -0.1564793558 0 -0.007235096279 0.08767164054 0.1096141916 0 0.1245091396 0.03840631011 -0.0224999023 0 -0.1371970791 0.3658191876 1.171541887 1


mesh: pSphereShape3 tranform: pSphere3 -0.01611834875 0.2609354215 -0.1337583745 0 -0.007261184095 0.06062515011 0.1191423524 0 0.1329426148 0.009807232937 0.003111872676 0 -0.2427231544 0.7393782324 0.9190682137 1


mesh: pSphereShape4 tranform: pSphere4 0.1387732063 0.01634805141 -0.1146434621 0 0.008441954577 0.1452005147 0.03092424565 0 0.1100069215 -0.03373143938 0.1283507113 0 -0.1420823602 1.010665978 0.7429106237 1


mesh: pSphereShape5 tranform: pSphere5 0.1582047738 0.0148288944 -0.09819135797 0 0.004474479845 0.1356694977 0.0276980865 0 0.09374940187 -0.03291481935 0.1460771378 0 0.1029121303 1.054124255 0.5848203769 1


mesh: pSphereShape6 tranform: pSphere6 0.1005373669 -0.2459125118 -0.02069385889 0 0.09842710274 0.04088280061 -0.00763465372 0 0.01003591149 -0.004677202798 0.1043385294 0 0.2618138914 0.771387887 0.5229619503 1


mesh: pSphereShape7 tranform: pSphere7 0.1415462431 -0.1981018898 0.06264438691 0 0.08243794757 0.05710496774 -0.005685740763 0 -0.01234103417 0.03005549068 0.1229300326 0 0.4694381686 0.3632355967 0.6167343392 1


mesh: pSphereShape8 tranform: pSphere8 0.001391300061 -0.1893120109 0.0002908963304 0 0.04403500631 0.0003226642354 -0.0006245927009 0 0.001630381849 0.0001887562538 0.1150426187 0 0.6101627876 0.05239699699 0.6940380865 1


mesh: pSphereShape10 tranform: pSphere10 0.1468034555 0.01434486448 -0.1091311809 0 0.007607018695 0.151631315 0.03016431481 0 0.1334482607 -0.04132544 0.1740827673 0 0.01069569112 1.444925168 0.7757740247 1


mesh: pSphereShape11 tranform: pSphere11 0.06425488515 0.007618703413 -0.04341822463 0 0.01920733903 0.1605889646 0.05660399698 0 0.05080727609 -0.03068193231 0.06980615107 0 -0.01840293011 1.26845432 0.7132453205 1


mesh: pSphereShape12 tranform: pSphere12 0.2701283789 0.02455611414 -0.1629701405 0 0.001959739186 0.1634101767 0.02787075047 0 0.09028742457 -0.02594074012 0.1457456672 0 -0.03062269585 0.8350412467 0.6881868492 1


mesh: pSphereShape13 tranform: pSphere13 0.1860764557 0.02957637613 -0.1118009935 0 -0.005685753118 0.2020610833 0.04399111006 0 0.103163683 -0.0326008081 0.1630765358 0 -0.02357351531 0.6160472627 0.6387973909 1


mesh: pSphereShape14 tranform: pSphere14 0.1910783856 0.02720869006 -0.1088015812 0 -0.009230046559 0.2375720461 0.04320122672 0 0.09643419468 -0.02587375192 0.1628882517 0 -0.01213320519 0.4247536976 0.611647942 1


mesh: pSphereShape15 tranform: pSphere15 0.1464576213 0.005448467559 -0.03939201954 0 -0.002099141447 0.3774226674 0.04439833033 0 0.04927277349 -0.02093542811 0.1802981234 0 -0.190961181 -0.1730465326 0.6296457599 1


mesh: pSphereShape16 tranform: pSphere16 0.09669185926 0.003258074959 -0.02614056356 0 0.01024393361 0.3532199577 0.08191568176 0 0.02175033295 -0.01874682022 0.07811620366 0 -0.2264334699 -0.8806723427 0.5478467642 1


mesh: pSphereShape17 tranform: pSphere17 0.1105589656 -0.009652643735 0.0176319215 0 0.009681516738 0.1035056112 -0.004042423072 0 -0.0425367695 0.0147100967 0.2747750752 0 -0.2863273422 -1.328455338 0.6594834402 1


mesh: pSphereShape18 tranform: pSphere18 0.1151584999 0.01463412522 -0.05355553057 0 -0.09749497149 0.3226079987 -0.1214867773 0 0.04944124112 0.06128206232 0.1230571048 0 0.2316799795 -0.1486405456 0.6274857249 1


mesh: pSphereShape19 tranform: pSphere19 0.07743913378 0.009091824856 -0.03734162735 0 -0.03278681301 0.4274754743 0.03608706529 0 0.04411666972 -0.004252337915 0.09045388263 0 0.385132212 -0.8299635056 0.734233747 1


mesh: pSphereShape20 tranform: pSphere20 0.08860651758 0.000447344952 -0.07396070036 0 -0.0012427002 0.08193541746 -0.0009932023543 0 0.1677833804 0.00498168086 0.2010382473 0 0.5321427337 -1.245137041 0.8926546004 1


mesh: pSphereShape21 tranform: pSphere21 0.2277221757 0.03242659854 -0.1296668522 0 -0.05143223732 0.1224728451 -0.05969824264 0 0.09600926931 0.139513808 0.2035014924 0 -0.02728518586 0.2613786651 0.5357448712 1


mesh: pSphereShape22 tranform: pSphere22 0.007677888311 0.0009044866525 -0.006342864888 0 0.0005677290618 0.00976486562 0.00207968342 0 0.006381826917 -0.001956860576 0.007446004424 0 -0.3037094947 1.179428226 0.7950365284 1


mesh: pSphereShape23 tranform: pSphere23 0.008246025321 0.0009777314381 -0.005571993147 0 0.0005779832349 0.009652362529 0.002549084737 0 0.005627521815 -0.002424033591 0.007902851344 0 -0.1458796419 1.229432576 0.5613546801 1


mesh: pSphereShape24 tranform: pSphere24 0.008469697917 0.0007938841101 -0.005256801804 0 0.0003229731358 0.009792781424 0.001999279953 0 0.005306590765 -0.001863110301 0.008268549719 0 0.1506286024 1.22721114 0.4644757708 1


