mesh: pSphereShape1 tranform: pSphere1 0.1412682224 0.03810864857 -0.01221290602 0 -0.02188300615 0.08193171134 0.002532846354 0 0.01337166587 -0.001103661204 0.1512279247 0 -1.294512185 0.8154183074 0.648893125 1


mesh: pSphereShape2 tranform: pSphere2 0.2500782088 0.03425059509 -0.06147620212 0 -0.0176411889 0.1393142007 0.005854580249 0 0.03174096317 -0.001374614794 0.1283527864 0 -0.9542238078 0.8431741437 0.5795838905 1


mesh: pSphereShape3 tranform: pSphere3 0.2839690999 0.07479591748 0.002349290879 0 -0.03410972563 0.1294478867 0.001674817573 0 -0.0006065583348 -0.001884815608 0.1333254813 0 -0.4999294467 0.9275436247 0.509649228 1


mesh: pSphereShape4 tranform: pSphere4 0.1807402422 -0.0003936781479 -0.001093098977 0 0.0003259377633 0.1486961439 0.0003399945941 0 0.001041623299 -0.0003964120514 0.1723716791 0 -0.1223370905 1.043209413 0.5124698264 1


mesh: pSphereShape5 tranform: pSphere5 0.1867880134 -0.0004157985145 -0.0005044638422 0 0.0003082698248 0.1385399594 -4.678465508e-05 0 0.0004772556246 5.859755195e-05 0.1766653183 0 0.173819405 1.062815903 0.5177782989 1


mesh: pSphereShape6 tranform: pSphere6 0.259151065 -0.06203815035 -0.0009771246023 0 0.02487841182 0.1039148492 0.0005955054553 0 0.0002380251351 -0.0006582633295 0.1049220401 0 0.4945814481 0.9520059863 0.523283925 1


mesh: pSphereShape7 tranform: pSphere7 0.2364347726 -0.005154037672 0.08529977194 0 0.002122089644 0.1004230173 0.0001857945393 0 -0.0431366921 0.0006902534578 0.1196084274 0 0.9364234549 0.8750465419 0.6542134818 1


mesh: pSphereShape8 tranform: pSphere8 0.17420393 -0.07395783028 0.00492827821 0 0.01721156729 0.04053808177 -4.34412571e-05 0 -0.002712543128 0.001274937655 0.1150152795 0 1.268184815 0.832794282 0.7522069531 1


mesh: pSphereShape10 tranform: pSphere10 0.1834737823 0.0002107531664 -0.001992760467 0 -0.0001638795872 0.1547841701 0.001281461717 0 0.002426199715 -0.001845188797 0.2231854587 0 0.01928089542 1.481144639 0.5491723017 1


mesh: pSphereShape11 tranform: pSphere11 0.07791869706 0.0004668047499 -0.0005795503575 0 -0.0008850777576 0.1703772493 0.01823621269 0 0.0007360244998 -0.009747527436 0.09110490095 0 0.02137550537 1.295178756 0.5094550824 1


mesh: pSphereShape12 tranform: pSphere12 0.3164344667 -0.000690428376 -0.0006017579206 0 0.0003620019187 0.1657810356 0.0001494835195 0 0.0003294027324 -0.0001570697744 0.1733966763 0 -0.01062113385 0.8625922507 0.5682972693 1


mesh: pSphereShape13 tranform: pSphere13 0.219085383 -0.000401523063 -0.0003244576666 0 0.0003795678892 0.2068719388 0.0002894734586 0 0.0002893251679 -0.0002743746444 0.1957022118 0 -0.00281405929 0.6388310693 0.5648555535 1


mesh: pSphereShape14 tranform: pSphere14 0.221559991 -0.000284249073 -0.0003686716512 0 0.0003105242661 0.2416440089 0.000305605459 0 0.0003175988598 -0.0002420320931 0.1910534691 0 -0.003082691138 0.444099905 0.5758651807 1


mesh: pSphereShape15 tranform: pSphere15 0.1517603931 0.0001183277804 -0.0001446951049 0 -0.0002896720932 0.3799679457 0.006911173085 0 0.0001819593902 -0.003420221698 0.188047283 0 -0.1892070745 -0.1585380542 0.5694379244 1


mesh: pSphereShape16 tranform: pSphere16 0.1002159373 0.0001402341189 -7.756055192e-05 0 -0.0004562641202 0.3580870608 0.05790426837 0 8.217645821e-05 -0.01328542082 0.08215931089 0 -0.225770051 -0.8691747418 0.5394838223 1


mesh: pSphereShape17 tranform: pSphere17 0.1103223321 -0.0001281915835 0.02136140594 0 0.0001251969372 0.1040358992 -2.225936942e-05 0 -0.05292973831 0.0001221833626 0.2733597145 0 -0.2772055244 -1.332786894 0.6723227136 1


mesh: pSphereShape18 tranform: pSphere18 0.1276683188 0.006664256029 -0.0004697243859 0 -0.01872095313 0.3569795686 -0.02356567039 0 3.392188779e-05 0.009624975405 0.145774954 0 0.188690908 -0.1734441779 0.5800521762 1


mesh: pSphereShape19 tranform: pSphere19 0.08626373156 0.005577741783 -0.001155537438 0 -0.02628662197 0.4224882321 0.07697557919 0 0.002484805528 -0.0178999677 0.09909432227 0 0.2484136139 -0.8933503644 0.5548729944 1


mesh: pSphereShape20 tranform: pSphere20 0.1146417565 0.0006840895759 -0.01335290056 0 -0.0004483510987 0.08194888984 0.0003490345618 0 0.03030550607 -0.0009421794812 0.2601406261 0 0.2699286663 -1.312412038 0.7076535781 1


mesh: pSphereShape21 tranform: pSphere21 0.2640493483 -0.0003387605413 -0.0004393731414 0 -1.179613912e-05 0.1118187309 -0.09330232731 0 0.0005558700532 0.1696198819 0.2032818893 0 0.0007537453649 0.2705455802 0.5254029373 1


mesh: pSphereShape22 tranform: pSphere22 0.009999793399 -2.178098301e-05 -6.047775415e-05 0 2.191960865e-05 0.009999949836 2.28649432e-05 0 6.042764867e-05 -2.299703568e-05 0.00999979098 0 -0.2644515521 1.210200097 0.4163515237 1


mesh: pSphereShape23 tranform: pSphere23 0.009999543965 5.990647682e-05 -7.437546441e-05 0 -5.919785492e-05 0.009999372241 9.513363787e-05 0 7.494070752e-05 -9.468901265e-05 0.009999270867 0 -0.003793420502 1.213013419 0.3265366365 1


mesh: pSphereShape24 tranform: pSphere24 0.009999938754 -2.226031319e-05 -2.70071266e-05 0 2.225127287e-05 0.009999974674 -3.376970571e-06 0 2.701457545e-05 3.316855594e-06 0.00999996296 0 0.2912764871 1.209499913 0.4109775922 1


