mesh: pSphereShape1 tranform: pSphere1 0.0118204196 0.1397629452 -0.04341349646 0 0.01733405409 0.02329607365 0.07971769009 0 0.1481159774 -0.02065599813 -0.02617043605 0 -0.04760157244 -0.03486466004 1.207711079 1


mesh: pSphereShape2 tranform: pSphere2 0.02426447607 0.2541208301 -0.04822215385 0 0.004488831996 0.02577582077 0.138091968 0 0.1315806269 -0.01291793052 -0.001865952597 0 -0.02279610181 0.2981849788 1.093827759 1


mesh: pSphereShape3 tranform: pSphere3 0.07014950835 0.2797688959 -0.05519791222 0 -0.001758249771 0.02633610168 0.1312491984 0 0.1294681204 -0.03089754958 0.007934206937 0 0.0383913342 0.7566677669 0.995797524 1


mesh: pSphereShape4 tranform: pSphere4 0.1270170889 -0.0118083283 -0.1280453337 0 0.02200865037 0.1468251746 0.008291710489 0 0.119951547 -0.02482935381 0.1212780585 0 0.2049269542 1.023155913 0.8643351023 1


mesh: pSphereShape5 tranform: pSphere5 0.1445477286 -0.01310503073 -0.1175772158 0 0.01746591955 0.1372963847 0.006169440672 0 0.1096545771 -0.02010783743 0.1370489492 0 0.4318398914 1.022461949 0.6750948509 1


mesh: pSphereShape6 tranform: pSphere6 0.08880334783 -0.250783791 -0.01517949259 0 0.09808778871 0.03607939188 -0.02224070737 0 0.02257139044 0.001791355922 0.1024521734 0 0.56989358 0.7238852102 0.619099489 1


mesh: pSphereShape7 tranform: pSphere7 0.1369302618 -0.2051966042 0.04846105562 0 0.08407820127 0.05171535803 -0.01859295572 0 0.006591237068 0.03333535651 0.1225264713 0 0.7695856062 0.3082328948 0.7060534602 1


mesh: pSphereShape8 tranform: pSphere8 -0.005802755625 -0.1891851112 -0.004047164944 0 0.04397630083 -0.001306316077 -0.001988595685 0 0.00511854122 -0.002615237642 0.1149106564 0 0.9001021929 -0.009597455256 0.7720637917 1


mesh: pSphereShape10 tranform: pSphere10 0.1240048948 -0.005727482147 -0.1351170838 0 0.01663639677 0.1536436842 0.008755393025 0 0.1627569193 -0.02619840074 0.1504821224 0 0.3768163609 1.446346333 0.8155448244 1


mesh: pSphereShape11 tranform: pSphere11 0.05582715996 -0.001121590101 -0.05435022892 0 0.03040211709 0.1663275387 0.02779588169 0 0.06182158863 -0.02198794709 0.06395529973 0 0.3313924995 1.265606461 0.7810576092 1


mesh: pSphereShape12 tranform: pSphere12 0.2448394276 -0.02235003581 -0.1992128036 0 0.01833879808 0.1647140384 0.004059458794 0 0.1081596904 -0.01536084379 0.1346553615 0 0.2975276105 0.8320450694 0.823746783 1


mesh: pSphereShape13 tranform: pSphere13 0.1735593385 -0.006714761758 -0.1335317922 0 0.01486058521 0.2061438914 0.008949076477 0 0.1186001758 -0.0152750505 0.1549199336 0 0.280409716 0.6098697073 0.8094947209 1


mesh: pSphereShape14 tranform: pSphere14 0.1788907364 0.007756587306 -0.130487494 0 0.0008000275162 0.2411498408 0.01543149649 0 0.1127175567 -0.01022358434 0.1539214677 0 0.280332561 0.4161376869 0.808370282 1


mesh: pSphereShape15 tranform: pSphere15 0.1310796065 -0.02018793622 -0.07376879995 0 0.03965997277 0.3765492504 -0.03257662629 0 0.09272958522 0.004384400088 0.1635711244 0 0.09065602935 -0.1915681018 0.9288048983 1


mesh: pSphereShape16 tranform: pSphere16 0.08914777033 -0.005852433242 -0.04540576873 0 0.1141538916 0.2891981172 0.1868496552 0 0.02755976235 -0.05000261059 0.06055460312 0 -0.06790706673 -0.8326942769 0.8451774183 1


mesh: pSphereShape17 tranform: pSphere17 0.1060081253 -0.03455786413 0.01397764132 0 0.02285176278 0.08947659115 0.04790846556 0 -0.06921904242 -0.1133516514 0.2447186812 0 -0.2701073275 -1.291217833 0.7887411759 1


mesh: pSphereShape18 tranform: pSphere18 0.0858350012 -0.00857530299 -0.0943538517 0 -0.01016051692 0.3556810435 -0.04156905762 0 0.1081877744 0.01443966155 0.09710757011 0 0.4288459348 -0.1858847456 0.720373252 1


mesh: pSphereShape19 tranform: pSphere19 0.05750486851 -0.004424531301 -0.06440102075 0 0.04479492781 0.4277772809 0.01060872105 0 0.07447870794 -0.009464464226 0.06715365804 0 0.4239793725 -0.9104099095 0.7497080236 1


mesh: pSphereShape20 tranform: pSphere20 0.03906564729 0.01012665002 -0.1081333734 0 -0.007854623627 0.08143290827 0.004788499516 0 0.2451618217 0.01833793668 0.09028764036 0 0.5799216158 -1.320278098 0.848745364 1


mesh: pSphereShape21 tranform: pSphere21 0.2131972572 0.009244095986 -0.1555115506 0 -0.05475995482 0.1164722437 -0.06814922446 0 0.1203677407 0.1586632796 0.1744485901 0 0.2534648628 0.2457133223 0.7543709978 1


mesh: pSphereShape22 tranform: pSphere22 0.007027459033 -0.0006533179441 -0.007084348608 0 0.001480101594 0.009874125461 0.0005576250114 0 0.006958744054 -0.001440424259 0.00703569891 0 0.06209942685 1.210813212 0.9056409436 1


mesh: pSphereShape23 tranform: pSphere23 0.007164469652 -0.0001439370773 -0.006974930589 0 0.001111665576 0.00989368026 0.000937704939 0 0.006887276258 -0.001447194881 0.007104298187 0 0.1791069533 1.209479946 0.6606304445 1


mesh: pSphereShape24 tranform: pSphere24 0.007738550276 -0.0007015948311 -0.006294648864 0 0.001260710295 0.009910212005 0.0004453173707 0 0.006206887238 -0.001138183949 0.007757518167 0 0.4751720669 1.171999479 0.5251628476 1


