mesh: pSphereShape1 tranform: pSphere1 -0.02876098659 0.1359709289 -0.04735870537 0 0.06160455239 0.03037675802 0.04980179002 0 0.1000631468 -0.01810066917 -0.1127370265 0 2.364904321 -0.009040798066 1.716881249 1


mesh: pSphereShape2 tranform: pSphere2 -0.02355467109 0.248329443 -0.07258927219 0 0.1116133196 0.03354918078 0.0785547805 0 0.07946176612 -0.02263902248 -0.1032333206 0 2.28996933 0.3145346822 1.597610183 1


mesh: pSphereShape3 tranform: pSphere3 0.01283563527 0.2700994002 -0.1145423879 0 0.1025762515 0.0294104042 0.08084661105 0 0.08548655848 -0.04336857836 -0.0926866718 0 2.26136951 0.7604751718 1.446952556 1


mesh: pSphereShape4 tranform: pSphere4 -0.02699030718 -0.01406111604 -0.1781633894 0 0.01502437973 0.1472814506 -0.01389990503 0 0.169550322 -0.01957436583 -0.02414063776 0 2.26580939 1.019216335 1.213578874 1


mesh: pSphereShape5 tranform: pSphere5 -0.006029808003 -0.01387417304 -0.1861755571 0 0.01329710724 0.1374867916 -0.01067645277 0 0.1757578493 -0.0173402056 -0.004400175223 0 2.251825543 1.016412867 0.9189295232 1


mesh: pSphereShape6 tranform: pSphere6 0.05570475169 -0.2431247589 -0.09378855808 0 0.03175593166 0.04297212571 -0.09253401047 0 0.09775312988 0.00801935912 0.03727116767 0 2.304947535 0.7256263788 0.7613916165 1


mesh: pSphereShape7 tranform: pSphere7 0.138924129 -0.1865041127 -0.09550036244 0 0.02491752779 0.05841094119 -0.077824154 0 0.1011713207 0.04245694852 0.06425883561 0 2.526386211 0.3364911928 0.6251013673 1


mesh: pSphereShape8 tranform: pSphere8 0.01817322083 -0.188113978 -0.0111320763 0 0.02243773591 0.00439511628 -0.0376404964 0 0.0983843793 0.005992657191 0.05934728175 0 2.690925118 0.04076615305 0.5361962821 1


mesh: pSphereShape10 tranform: pSphere10 -0.05399134138 -0.00878063607 -0.1751413138 0 -0.001113742122 0.1546081861 -0.007407879708 0 0.2133181874 -0.001610292866 -0.06567951006 0 2.281890931 1.448257281 1.045651114 1


mesh: pSphereShape11 tranform: pSphere11 -0.01675961985 -0.0006776214868 -0.07609555249 0 0.02751956025 0.1689591239 -0.007565589342 0 0.08826509636 -0.01524075203 -0.01930417681 0 2.253028389 1.262350903 1.065366425 1


mesh: pSphereShape12 tranform: pSphere12 -0.02625349289 -0.02483554345 -0.3143653296 0 0.004985109192 0.1651586175 -0.01346420916 0 0.172720565 -0.006348386047 -0.01392282194 0 2.297420835 0.8292319942 1.113910896 1


mesh: pSphereShape13 tranform: pSphere13 -0.01563667844 -0.02332997498 -0.2172783425 0 0.01108231151 0.2053086429 -0.02284229522 0 0.1949217887 -0.01193971284 -0.0127457532 0 2.284512457 0.604899763 1.127795269 1


mesh: pSphereShape14 tranform: pSphere14 -0.0170359563 -0.0120543688 -0.2205754173 0 0.0107989797 0.2409964214 -0.01400441956 0 0.1902968307 -0.00935152193 -0.01418635783 0 2.286308767 0.4111112175 1.142100313 1


mesh: pSphereShape15 tranform: pSphere15 -0.04075532752 -0.0129882791 -0.1456075538 0 -0.1283900695 0.3576635541 0.004032381923 0 0.1696613893 0.06150039059 -0.05297382946 0 2.433174077 -0.1615088222 1.307937462 1


mesh: pSphereShape16 tranform: pSphere16 -0.02235179274 0.004147529041 -0.09760356104 0 0.2218499693 0.2843636875 -0.03872131139 0 0.06317571179 -0.05155568533 -0.01665839956 0 2.414133628 -0.7715024188 1.364873132 1


mesh: pSphereShape17 tranform: pSphere17 0.01081138131 -0.0241562787 -0.1092104907 0 0.06302212568 0.08191794446 -0.01188051126 0 0.2199093127 -0.1608656264 0.05735198419 0 2.289922807 -1.255499714 1.468997029 1


mesh: pSphereShape18 tranform: pSphere18 -0.02447285657 -0.01984291613 -0.1238998408 0 -0.02050336372 0.3537687362 -0.0526072305 0 0.1431466147 0.003996598518 -0.02891457097 0 2.270607908 -0.1943682016 1.021117813 1


mesh: pSphereShape19 tranform: pSphere19 -0.01749241052 -0.01272321998 -0.08370193009 0 0.1064029878 0.4082708268 -0.08429631519 0 0.09544800891 -0.02811176443 -0.01567399451 0 2.215975248 -0.9039721438 1.12457951 1


mesh: pSphereShape20 tranform: pSphere20 -0.03348686347 0.003039214849 -0.1104123789 0 0.004504519793 0.08182217043 0.0008860683646 0 0.2502224642 -0.01294970186 -0.07624618276 0 2.336618207 -1.323064504 1.16512802 1


mesh: pSphereShape21 tranform: pSphere21 -0.02030300298 -0.01436607851 -0.2628759594 0 -0.08808167802 0.1159748026 0.0004649320274 0 0.2098545756 0.1594823231 -0.02492359387 0 2.228194689 0.2401973247 1.151767531 1


mesh: pSphereShape22 tranform: pSphere22 -0.001493289443 -0.0007779576574 -0.009857224179 0 0.001010403092 0.009904810437 -0.0009347811541 0 0.009836115708 -0.001135566862 -0.001400469804 0 2.208053764 1.20618491 1.351521531 1


mesh: pSphereShape23 tranform: pSphere23 -0.002150813114 -8.696123144e-05 -0.009765574263 0 0.0006644008884 0.009975132692 -0.0002351579031 0 0.009743334871 -0.0006994036918 -0.002139686909 0 2.075054016 1.191770356 1.130075652 1


mesh: pSphereShape24 tranform: pSphere24 -0.0003228135983 -0.0007427718628 -0.009967150111 0 0.0009598005961 0.009923955803 -0.0007706387218 0 0.009948596594 -0.0009815249277 -0.0002490675006 0 2.156255129 1.164001521 0.7932209675 1


