mesh: pSphereShape1 tranform: pSphere1 -0.03972386513 0.1333070719 -0.04700397815 0 0.06338641953 0.03459237109 0.04453780724 0 0.0921775355 -0.01474951031 -0.1197316108 0 2.30532732 0.001088644141 1.769652807 1


mesh: pSphereShape2 tranform: pSphere2 -0.04263031629 0.2452010414 -0.07450263521 0 0.1157618262 0.04091097982 0.0684063265 0 0.07177915029 -0.02067185072 -0.109106573 0 2.203793288 0.3178258338 1.651710702 1


mesh: pSphereShape3 tranform: pSphere3 -0.004235296473 0.2680752681 -0.1198169898 0 0.1073819298 0.03403189224 0.07234628697 0 0.07960718193 -0.0425977526 -0.09812100925 0 2.145090356 0.7584645245 1.496478827 1


mesh: pSphereShape4 tranform: pSphere4 -0.03871516111 -0.01852537345 -0.1755742915 0 0.01812881581 0.146302488 -0.01943432734 0 0.1670577829 -0.02524023651 -0.03417404747 0 2.127645561 1.011264559 1.258406057 1


mesh: pSphereShape5 tranform: pSphere5 -0.02402700823 -0.01921535002 -0.1842380594 0 0.01666025684 0.1365518779 -0.01641456856 0 0.1739054159 -0.02364741703 -0.0202131605 0 2.089135435 1.000031423 0.9655660682 1


mesh: pSphereShape6 tranform: pSphere6 0.03231066675 -0.2516572967 -0.08144683674 0 0.03128380687 0.03507393527 -0.09596211945 0 0.09951684691 0.002036429802 0.03318696424 0 2.111767452 0.6986130262 0.8226350231 1


mesh: pSphereShape7 tranform: pSphere7 0.1109700087 -0.2065703319 -0.09065523711 0 0.02731926832 0.05077234107 -0.08225051458 0 0.1087266653 0.03348766589 0.05678481356 0 2.287843827 0.2811685053 0.7000088705 1


mesh: pSphereShape8 tranform: pSphere8 -0.005698593573 -0.189227088 0.001301155966 0 0.02300540412 -0.0009509569505 -0.03754228378 0 0.09804800729 -0.002539146838 0.06014681107 0 2.412570958 -0.03705906944 0.6260156551 1


mesh: pSphereShape10 tranform: pSphere10 -0.05084645795 -0.01283871083 -0.1758307412 0 -0.00835070033 0.1543104247 -0.008852509964 0 0.2141264372 0.008001917814 -0.06250502682 0 2.116858976 1.438271471 1.085718737 1


mesh: pSphereShape11 tranform: pSphere11 -0.01737951358 -0.003469530039 -0.07588011601 0 0.01910393184 0.1698510132 -0.01214178738 0 0.08873363511 -0.01139585763 -0.0198024097 0 2.095881631 1.250949754 1.105311464 1


mesh: pSphereShape12 tranform: pSphere12 -0.04012561496 -0.03299648678 -0.3121422391 0 0.007949863836 0.1645633185 -0.01841789998 0 0.1717962333 -0.01064500284 -0.02095897637 0 2.148429513 0.8179004032 1.16376371 1


mesh: pSphereShape13 tranform: pSphere13 -0.01832898791 -0.02329678503 -0.2170713698 0 0.01444706781 0.2050561115 -0.02322714546 0 0.194537045 -0.01537962516 -0.01477565341 0 2.131664442 0.5944732863 1.183067111 1


mesh: pSphereShape14 tranform: pSphere14 -0.01296106 -0.008739721172 -0.2210083133 0 0.01718981236 0.240802065 -0.01053055906 0 0.1902418461 -0.01404414924 -0.01060138417 0 2.129255865 0.4003642883 1.197191214 1


mesh: pSphereShape15 tranform: pSphere15 -0.0225504779 -0.01420621609 -0.1494018448 0 -0.06198765605 0.374024232 -0.02620863083 0 0.183443019 0.02827373312 -0.03037707141 0 2.197519181 -0.194791706 1.397605448 1


mesh: pSphereShape16 tranform: pSphere16 -0.006484014035 0.003170752702 -0.0999558085 0 0.2966682072 0.2083453267 -0.01263547692 0 0.04758675467 -0.06807816952 -0.005246440732 0 2.041779117 -0.7614915502 1.468471923 1


mesh: pSphereShape17 tranform: pSphere17 0.02239594943 -0.0214774761 -0.1080022339 0 0.09300178964 0.04548966591 0.01023923418 0 0.1117749595 -0.2446892579 0.0718375329 0 1.736456743 -1.199546336 1.541789857 1


mesh: pSphereShape18 tranform: pSphere18 -0.01100385718 -0.01309929239 -0.1266931579 0 -0.07719951303 0.3485968513 -0.02933765112 0 0.1421047084 0.03016895939 -0.01546170266 0 2.175988143 -0.1973068845 1.050604333 1


mesh: pSphereShape19 tranform: pSphere19 -0.008639429114 -0.008936207536 -0.08555338866 0 0.08089260674 0.4193659475 -0.05197230819 0 0.09841887664 -0.01995763054 -0.007854012451 0 2.206218709 -0.9072178947 1.103641148 1


mesh: pSphereShape20 tranform: pSphere20 -0.03654476404 0.01065711753 -0.1089605724 0 0.001025256485 0.08158788879 0.007636009475 0 0.2484051618 0.004633586606 -0.08286049852 0 2.351921719 -1.322851014 1.109310539 1


mesh: pSphereShape21 tranform: pSphere21 -0.01544664915 -0.01041576897 -0.2633918734 0 -0.08510061199 0.1181801089 0.0003173316761 0 0.2142889258 0.1543579865 -0.01867105055 0 2.066640857 0.2308858996 1.203411854 1


mesh: pSphereShape22 tranform: pSphere22 -0.002141989011 -0.001024951084 -0.009713977473 0 0.001219179219 0.009838974319 -0.001306976048 0 0.009691516141 -0.00146426078 -0.00198253758 0 2.083977654 1.203842057 1.393787586 1


mesh: pSphereShape23 tranform: pSphere23 -0.002230365967 -0.0004452553684 -0.009737926643 0 0.0001706278863 0.009986249419 -0.0004956900961 0 0.009746607296 -0.000276713216 -0.002219701785 0 1.922176322 1.173440429 1.173594298 1


mesh: pSphereShape24 tranform: pSphere24 -0.001286317073 -0.001028718705 -0.009863423656 0 0.001202556628 0.009856472647 -0.001184822564 0 0.009843741461 -0.001338538298 -0.001144145655 0 1.986935801 1.147070512 0.844514439 1


