mesh: pSphereShape1 tranform: pSphere1 0.1242864895 0.0773537496 -0.01128719553 0 -0.03948274808 0.06806651617 0.0317198451 0 0.0392677857 -0.04261658582 0.1403273756 0 -1.216300267 0.4549234479 0.6274011207 1


mesh: pSphereShape2 tranform: pSphere2 0.2171219131 0.1367583668 -0.04058030508 0 -0.0637630343 0.1155646633 0.04830132756 0 0.0409037273 -0.02860751804 0.1224430933 0 -0.9077835392 0.611434639 0.5663157214 1


mesh: pSphereShape3 tranform: pSphere3 0.2511977737 0.1518464845 0.008984529136 0 -0.06705627001 0.1085283153 0.04059673868 0 0.01760036919 -0.0366302544 0.1269962829 0 -0.5076614509 0.8554216574 0.5177904432 1


mesh: pSphereShape4 tranform: pSphere4 0.1800520677 0.003118589787 -0.01548910288 0 -0.002131599105 0.1485927667 0.005139165192 0 0.01486438448 -0.005722957703 0.1716378039 0 -0.1603126918 1.03799013 0.5182798075 1


mesh: pSphereShape5 tranform: pSphere5 0.1867588987 0.003335764574 -0.0004192485368 0 -0.002465545177 0.1384747813 0.003474711914 0 0.0004754691352 -0.00442316219 0.1766099528 0 0.1346230668 1.063320978 0.515238224 1


mesh: pSphereShape6 tranform: pSphere6 0.2044370622 -0.1680745075 0.03107103033 0 0.06209313348 0.08125408103 0.03098068698 0 -0.02849104116 -0.01622967623 0.09966936663 0 0.4031863124 0.8500158672 0.5509765625 1


mesh: pSphereShape7 tranform: pSphere7 0.1766037766 -0.1145699019 0.1374367511 0 0.03948495549 0.08927181976 0.02368123043 0 -0.0754393803 0.006266258594 0.1021619325 0 0.7201955002 0.575483665 0.7502908838 1


mesh: pSphereShape8 tranform: pSphere8 0.09932727969 -0.1555721961 0.04210036969 0 0.03335711856 0.02509618622 0.01403780923 0 -0.04471617736 0.0001381264017 0.1060091613 0 0.948750869 0.3751550553 0.922011026 1


mesh: pSphereShape10 tranform: pSphere10 0.1815506548 0.005223495264 -0.02605223881 0 -0.001806930598 0.153702234 0.0182254378 0 0.0322176907 -0.02563406939 0.2193762864 0 -0.02424900739 1.47211469 0.5905094466 1


mesh: pSphereShape11 tranform: pSphere11 0.07743965015 0.004476297472 -0.007412184732 0 -0.00592746974 0.1667963073 0.03880215029 0 0.009676062749 -0.02031875678 0.08882106132 0 -0.02766960822 1.291810273 0.5325250954 1


mesh: pSphereShape12 tranform: pSphere12 0.3162790321 0.005500317164 -0.008302462192 0 -0.002801092241 0.1657290711 0.003087723947 0 0.004604191247 -0.003151096329 0.1733072778 0 -0.04443688154 0.8586816438 0.5615344893 1


mesh: pSphereShape13 tranform: pSphere13 0.218870568 0.006621359431 -0.007106590785 0 -0.006303970255 0.2067709885 -0.001498399963 0 0.006302138665 0.001609545341 0.1955944966 0 -0.03081591544 0.6365607158 0.5565690995 1


mesh: pSphereShape14 tranform: pSphere14 0.2214053127 0.004918474338 -0.006674011983 0 -0.005506850199 0.241536247 -0.00468324866 0 0.005670294896 0.003831326221 0.1909312866 0 -0.02552250486 0.4425866781 0.5706299718 1


mesh: pSphereShape15 tranform: pSphere15 0.1517418445 0.002375943385 0.0001392005585 0 -0.005956781747 0.3798550781 0.00990577526 0 -9.5681634e-05 -0.004904500017 0.1880144898 0 -0.2064691506 -0.1603180842 0.5647611856 1


mesh: pSphereShape16 tranform: pSphere16 0.1002056555 0.001443372385 5.510604737e-05 0 -0.00519183158 0.3582873509 0.05641519878 0 0.0001412230274 -0.01294317812 0.08221384143 0 -0.2329944949 -0.8717929142 0.5328248317 1


mesh: pSphereShape17 tranform: pSphere17 0.1104415193 -0.0001313237233 0.02073635967 0 0.0002836993687 0.1040321002 -0.0008521412079 0 -0.05137651002 0.002381573899 0.2736455517 0 -0.2780763712 -1.334140256 0.6680285596 1


mesh: pSphereShape18 tranform: pSphere18 0.1275166082 0.009058361928 -0.001137227762 0 -0.02557254839 0.3556747129 -0.03437689207 0 0.0002969258832 0.01407583608 0.1454123832 0 0.1733085308 -0.1748179159 0.5841895427 1


mesh: pSphereShape19 tranform: pSphere19 0.08616013375 0.006881610795 -0.001718323774 0 -0.0319379121 0.4207975539 0.08379690316 0 0.003519763052 -0.01940362414 0.09877944344 0 0.2449940251 -0.8913703292 0.565827622 1


mesh: pSphereShape20 tranform: pSphere20 0.1146379509 0.002651070501 -0.01313820006 0 -0.001674093895 0.08191123712 0.001920945831 0 0.02993903136 -0.005488488389 0.2601268684 0 0.2721033814 -1.313099864 0.7116737306 1


mesh: pSphereShape21 tranform: pSphere21 0.2638650068 0.005861707873 -0.007953911294 0 -0.005318872576 0.1097766523 -0.09554867456 0 0.002155499587 0.1738736187 0.1996448306 0 -0.01891682657 0.2681360116 0.5236662635 1


mesh: pSphereShape22 tranform: pSphere22 0.009961718853 0.0001725418379 -0.0008569637114 0 -0.000143351963 0.009992997625 0.0003456134959 0 0.000862326912 -0.0003320057047 0.009957216705 0 -0.3124452034 1.205116246 0.4392500836 1


mesh: pSphereShape23 tranform: pSphere23 0.009938066414 0.0005744569026 -0.000951228266 0 -0.0004466873805 0.009903244381 0.00131385734 0 0.00101750004 -0.001263229984 0.009867570303 0 -0.06662820673 1.230504024 0.3439314935 1


mesh: pSphereShape24 tranform: pSphere24 0.009998380059 0.0001785844864 -2.244501461e-05 0 -0.0001779659054 0.009995270037 0.000250808729 0 2.691345301e-05 -0.0002503686547 0.009996829057 0 0.2491201099 1.214994209 0.4122604887 1


