mesh: pSphereShape1 tranform: pSphere1 -0.03346042669 0.1387901321 -0.03429043459 0 0.07194138412 0.026348576 0.03644552627 0 0.07266020935 -0.01520311607 -0.1324358863 0 1.637341591 -0.06394892872 1.894083289 1


mesh: pSphereShape2 tranform: pSphere2 -0.03870876294 0.251799061 -0.05089598945 0 0.1214920461 0.03146619367 0.06327318214 0 0.06349485182 -0.01352283867 -0.1151926765 0 1.542858093 0.2650963291 1.808940316 1


mesh: pSphereShape3 tranform: pSphere3 -0.01434557018 0.2772509858 -0.09573136171 0 0.1128140075 0.02867298957 0.06613541528 0 0.0714984175 -0.0334109756 -0.1074769157 0 1.479575127 0.719008036 1.695843411 1


mesh: pSphereShape4 tranform: pSphere4 -0.05280566135 0.0109840216 -0.1725088357 0 0.02097783321 0.1471801404 0.002949886495 0 0.1630510901 -0.0222112582 -0.05132484694 0 1.443954092 1.003019618 1.486187986 1


mesh: pSphereShape5 tranform: pSphere5 -0.03686358731 0.01113942246 -0.1827763073 0 0.01648636649 0.1374630409 0.005052691395 0 0.1719106323 -0.01930010327 -0.03584838048 0 1.383167739 1.040331857 1.199430453 1


mesh: pSphereShape6 tranform: pSphere6 0.0255235231 -0.2403853461 -0.1121266986 0 0.02396109411 0.04609745735 -0.09337278122 0 0.1017572113 -0.001118296778 0.02556059108 0 1.39435825 0.7611010719 1.018686477 1


mesh: pSphereShape7 tranform: pSphere7 0.1117659244 -0.189917087 -0.1210119627 0 0.02012985309 0.06103353072 -0.07719467164 0 0.1110080149 0.03117688558 0.0535970987 0 1.567514361 0.3660537399 0.8369168956 1


mesh: pSphereShape8 tranform: pSphere8 0.002984741111 -0.1886969563 -0.01502024662 0 0.01606024901 0.00350630013 -0.04085768313 0 0.1071160063 -0.001645978665 0.04196367263 0 1.695848537 0.06389827354 0.7158169039 1


mesh: pSphereShape10 tranform: pSphere10 -0.04534685525 0.005584904304 -0.1777051375 0 0.004170863506 0.1546867602 0.003797162078 0 0.216198589 -0.004471702361 -0.05531016318 0 1.461347586 1.448789454 1.354687212 1


mesh: pSphereShape11 tranform: pSphere11 -0.01757146397 0.004389248656 -0.07578822658 0 0.03324057059 0.1680854021 0.00202779698 0 0.08748024945 -0.01704349993 -0.0212693222 0 1.424402086 1.262881373 1.357793704 1


mesh: pSphereShape12 tranform: pSphere12 -0.06449138205 0.01862058395 -0.3092341282 0 0.01303816528 0.1651100837 0.007222996016 0 0.1692090558 -0.01178703068 -0.03599863741 0 1.450134103 0.8267983134 1.360820479 1


mesh: pSphereShape13 tranform: pSphere13 -0.04493682995 0.02218158235 -0.2132775897 0 0.02114809553 0.2050956507 0.0168748048 0 0.1904940771 -0.01620150582 -0.04182143561 0 1.425232376 0.6046700301 1.339506911 1


mesh: pSphereShape14 tranform: pSphere14 -0.04128299714 0.01846400235 -0.2168959223 0 0.02103162868 0.2401652641 0.01644181826 0 0.1869700792 -0.01385618986 -0.03676660161 0 1.418331419 0.4108711347 1.323800773 1


mesh: pSphereShape15 tranform: pSphere15 -0.01453184281 0.009628508992 -0.1507559923 0 0.01834310455 0.3789244992 0.02243306409 0 0.186994009 -0.00795487922 -0.01853300242 0 1.417226029 -0.1855256499 1.489618069 1


mesh: pSphereShape16 tranform: pSphere16 -0.008519496268 0.008933028364 -0.09945289815 0 0.1277324552 0.3389447233 0.01950256541 0 0.0775739094 -0.02870327961 -0.009223440036 0 1.31879285 -0.8813869565 1.483490475 1


mesh: pSphereShape17 tranform: pSphere17 0.01867834412 -0.006840007205 -0.1105969114 0 0.007682527202 0.1036259467 -0.005111402554 0 0.2737925318 -0.0179625807 0.0473508278 0 1.369507737 -1.337606444 1.511696762 1


mesh: pSphereShape18 tranform: pSphere18 -0.00761965035 0.004096578949 -0.1275499571 0 -0.1724626274 0.3133402002 0.02036635564 0 0.1277530454 0.07066388265 -0.005362239066 0 1.553644238 -0.1596777563 1.136847514 1


mesh: pSphereShape19 tranform: pSphere19 -0.007009471276 -0.0006417760888 -0.08616457096 0 0.1606061224 0.3988245959 -0.01603582627 0 0.0930899843 -0.03778038281 -0.007291454223 0 1.629812885 -0.8095728207 1.107241795 1


mesh: pSphereShape20 tranform: pSphere20 -0.03878374007 0.01028485619 -0.108219885 0 0.02309000365 0.07862665591 -0.0008025590765 0 0.2353767023 -0.07005119277 -0.09101151125 0 1.684763845 -1.265120989 1.077031883 1


mesh: pSphereShape21 tranform: pSphere21 -0.04919998616 0.02200491058 -0.2584908343 0 -0.0817245159 0.1177938163 0.0255826767 0 0.2135122469 0.1541100901 -0.02751981848 0 1.353286878 0.242309537 1.317599524 1


mesh: pSphereShape22 tranform: pSphere22 -0.002921572404 0.0006077116272 -0.009544375373 0 0.00141077821 0.009897997232 0.0001983825283 0 0.00945907604 -0.001288540789 -0.002977506189 0 1.416800346 1.171702314 1.653907869 1


mesh: pSphereShape23 tranform: pSphere23 -0.002254999546 0.0005632856626 -0.009726134191 0 0.001005006517 0.00994346055 0.0003428617638 0 0.009690456075 -0.0009001675131 -0.002298860479 0 1.244792326 1.194646254 1.420468085 1


mesh: pSphereShape24 tranform: pSphere24 -0.001973539996 0.0005963634409 -0.009785166863 0 0.001190005021 0.009922241446 0.0003647091148 0 0.009730828738 -0.001092462968 -0.002029161584 0 1.273916147 1.204799971 1.111492492 1


