mesh: pSphereShape1 tranform: pSphere1 0.01232162803 0.1367784523 0.05194196099 0 -0.06705667866 0.02362241161 -0.0462976253 0 -0.09213278471 -0.03549770563 0.1153315551 0 3.654681024 -0.0516211472 -0.5716164022 1


mesh: pSphereShape2 tranform: pSphere2 0.0005610970948 0.2465042174 0.08201763947 0 -0.1187503374 0.02397858629 -0.07125530819 0 -0.07072941252 -0.03512548454 0.1060536026 0 3.697096322 0.2738054435 -0.4421610434 1


mesh: pSphereShape3 tranform: pSphere3 -0.03251532366 0.2629086315 0.1267288577 0 -0.1095332287 0.02200949005 -0.07376373039 0 -0.0752337437 -0.05521349946 0.0952415754 0 3.688291392 0.7145572818 -0.2738551214 1


mesh: pSphereShape4 tranform: pSphere4 0.05032967965 -0.008577075782 0.1733832233 0 -0.03131464837 0.1444525963 0.01623592544 0 -0.1615287144 -0.04006377139 0.04490664263 0 3.681269872 0.9701266598 -0.03195903839 1


mesh: pSphereShape5 tranform: pSphere5 0.01918154947 -0.01141174338 0.1854508819 0 -0.02908830808 0.134978768 0.01131459641 0 -0.1717725903 -0.03830917585 0.01540941691 0 3.720083177 0.9719852727 0.2589599186 1


mesh: pSphereShape6 tranform: pSphere6 0.03181495167 -0.2385039681 0.1145103814 0 -0.03175743041 0.04068460152 0.09356182282 0 -0.09939688894 -0.02436944621 -0.02314115427 0 3.762018747 0.6849250696 0.4369530734 1


mesh: pSphereShape7 tranform: pSphere7 -0.05303781042 -0.2109707816 0.1260251438 0 -0.032520589 0.05462916794 0.0777649374 0 -0.1172738434 0.0001312682982 -0.04913506869 0 3.696117508 0.2606379091 0.6269079529 1


mesh: pSphereShape8 tranform: pSphere8 0.04845499217 -0.180908931 0.02766098742 0 -0.01900571378 0.0009821172367 0.03971642354 0 -0.09952409345 -0.03381087319 -0.04678971638 0 3.654133362 -0.06154683992 0.7566138578 1


mesh: pSphereShape10 tranform: pSphere10 0.03770817227 -0.01203262185 0.1791646005 0 0.00973183108 0.154259567 0.008311784075 0 -0.2179906468 0.01123970037 0.04663461367 0 3.69611788 1.403927549 0.1390298153 1


mesh: pSphereShape11 tranform: pSphere11 0.01465581769 -0.005100608576 0.07636142964 0 -0.0200218691 0.1695019347 0.01516472243 0 -0.08935343514 -0.01201706134 0.01634664693 0 3.71574621 1.215325852 0.1247677144 1


mesh: pSphereShape12 tranform: pSphere12 0.0464183386 -0.01899230946 0.3124359783 0 -0.02346688567 0.1635618284 0.01342902545 0 -0.1697560247 -0.02629505203 0.02362208382 0 3.684827184 0.7791210254 0.06717268183 1


mesh: pSphereShape13 tranform: pSphere13 0.02429077067 -0.009242246588 0.2175389871 0 -0.04735796519 0.2009038554 0.01382356553 0 -0.1892659009 -0.04593448123 0.019182202 0 3.730067352 0.5561208543 0.05646557503 1


mesh: pSphereShape14 tranform: pSphere14 0.01823992454 0.003467157256 0.2207811819 0 -0.05227443831 0.2359216464 0.0006137495976 0 -0.1858655676 -0.04122487265 0.01600275446 0 3.76196116 0.3648398374 0.05121819209 1


mesh: pSphereShape15 tranform: pSphere15 0.02803893094 0.007005036736 0.1489832194 0 0.01205443859 0.3793073102 -0.02010330576 0 -0.1847442318 0.007694792157 0.03440742168 0 3.754731998 -0.2382981979 -0.09811378917 1


mesh: pSphereShape16 tranform: pSphere16 0.0101622579 0.01533043749 0.09851378565 0 -0.300939409 0.2025208751 -0.000472113919 0 -0.04569355184 -0.06786351915 0.01527427949 0 3.96559889 -0.8139615789 -0.1080312669 1


mesh: pSphereShape17 tranform: pSphere17 0.001352093699 0.04179796217 0.1042997855 0 -0.09583854174 0.03798680413 -0.01398074125 0 -0.1082812277 -0.2376231717 0.09663079038 0 4.278712683 -1.239680202 -0.04402538386 1


mesh: pSphereShape18 tranform: pSphere18 -0.003527852107 -0.007804312335 0.12755579 0 0.1162711658 0.3380091836 0.02389634151 0 -0.1381250124 0.04757765042 -0.0009092003748 0 3.693405272 -0.2110266766 0.207159346 1


mesh: pSphereShape19 tranform: pSphere19 -0.0009543536841 -0.006456038596 0.08620491069 0 -0.09804356909 0.417836716 0.03020711585 0 -0.09807219268 -0.0228102218 -0.00279403144 0 3.630492926 -0.906162682 0.1761119695 1


mesh: pSphereShape20 tranform: pSphere20 0.02962186773 0.004023546616 0.1114802956 0 -0.002439335035 0.08188205068 -0.002307121513 0 -0.2530092174 -0.005637395376 0.06743153899 0 3.498995017 -1.327112502 0.1734357533 1


mesh: pSphereShape21 tranform: pSphere21 0.02173786055 0.004132066489 0.2631211843 0 0.06674226125 0.1292181253 -0.007543185315 0 -0.2343021584 0.1220371574 0.01744048853 0 3.848731237 0.2062430437 0.05069793877 1


mesh: pSphereShape22 tranform: pSphere22 0.002784584065 -0.0004745428288 0.009592752508 0 -0.002105938356 0.009714567428 0.001091880635 0 -0.009370758519 -0.002324217886 0.002605167172 0 3.697936013 1.161195802 -0.1752627703 1


mesh: pSphereShape23 tranform: pSphere23 0.001880825769 -0.0006545766501 0.009799695089 0 -0.0002173865835 0.00997254726 0.000707844765 0 -0.009819126107 -0.0003461654909 0.001861432769 0 3.892014629 1.13970615 0.06108976919 1


mesh: pSphereShape24 tranform: pSphere24 0.001026909149 -0.0006109424946 0.009928353684 0 -0.002099627756 0.009742923755 0.0008167006691 0 -0.00972301501 -0.002168452435 0.0008722345727 0 3.804766697 1.131094002 0.3782573183 1


