mesh: pSphereShape1 tranform: pSphere1 0.0745960176 0.1099566421 0.06247484178 0 -0.002629733524 0.04323376868 -0.07295212361 0 -0.1306833564 0.06432216809 0.04283017389 0 -7.791819376 0.01588993997 -0.1727194848 1


mesh: pSphereShape2 tranform: pSphere2 0.09455293678 0.2222042109 0.09579440501 0 -0.07115195689 0.0722367963 -0.09733025466 0 -0.1033780283 0.00864373113 0.08198832402 0 -7.626989055 0.285966971 -0.01615239669 1


mesh: pSphereShape3 tranform: pSphere3 -0.0006921838234 0.2722778391 0.1100122601 0 -0.06837302345 0.04296964407 -0.1067790856 0 -0.1146387631 -0.02576187173 0.06303875279 0 -7.526903862 0.7033840597 0.154472435 1


mesh: pSphereShape4 tranform: pSphere4 -0.06271471976 -0.003597057489 0.1694765768 0 -0.0136666177 0.1480551305 -0.001914927062 0 -0.160887825 -0.0156255 -0.05986810017 0 -7.589967184 0.9721887388 0.366295693 1


mesh: pSphereShape5 tranform: pSphere5 -0.05919637776 -0.004803427123 0.1770957517 0 -0.01091683227 0.138109489 9.690768218e-05 0 -0.1669802153 -0.01315949765 -0.05617206789 0 -7.694388619 0.9850000985 0.644467525 1


mesh: pSphereShape6 tranform: pSphere6 0.003527283518 -0.2323804673 0.1303680868 0 -0.07907200157 0.03424722322 0.06318490442 0 -0.07055842642 -0.03880754435 -0.06726520218 0 -7.716491055 0.7031142414 0.8348017073 1


mesh: pSphereShape7 tranform: pSphere7 -0.04566145064 -0.2172649884 0.1179617464 0 -0.07632860255 0.04280927619 0.04930142486 0 -0.07936152987 -0.03400113145 -0.09334397246 0 -7.777640826 0.2701818885 1.015313844 1


mesh: pSphereShape8 tranform: pSphere8 0.08392994351 -0.1467794054 0.08516236582 0 -0.03841893419 -0.01135460764 0.0182930148 0 -0.0237080368 -0.06633602388 -0.09096680059 0 -7.77620596 -0.05196437576 1.151633988 1


mesh: pSphereShape10 tranform: pSphere10 -0.1038658624 0.01502952106 0.1505079415 0 0.01972147015 0.1535184433 -0.001720315686 0 -0.1817902101 0.02192299394 -0.1276430257 0 -7.626393649 1.411776682 0.480746391 1


mesh: pSphereShape11 tranform: pSphere11 -0.03933331867 0.0006109775452 0.06726361488 0 -0.00241244255 0.1713100355 -0.00296677419 0 -0.07908721108 -0.001914348705 -0.04622993958 0 -7.623897594 1.222054851 0.5116111568 1


mesh: pSphereShape12 tranform: pSphere12 -0.1162246833 -0.007156337425 0.2942315761 0 -0.002969794202 0.165730258 0.002857811075 0 -0.1612476006 -0.001790383498 -0.06373810774 0 -7.675297144 0.7894880883 0.4485540498 1


mesh: pSphereShape13 tranform: pSphere13 -0.07997123352 -0.00875953383 0.203780627 0 -0.0008158656562 0.2066935158 0.008564568117 0 -0.1821972767 0.002239562906 -0.07140484179 0 -7.672836374 0.5666692908 0.451245111 1


mesh: pSphereShape14 tranform: pSphere14 -0.07815150423 -0.009914766763 0.2070823172 0 0.00120803623 0.2413426885 0.01201100291 0 -0.1787712193 0.004242389838 -0.06726396335 0 -7.683787584 0.3728076496 0.4387635023 1


mesh: pSphereShape15 tranform: pSphere15 -0.01445233238 0.003380364891 0.1510329602 0 -0.0294991148 0.3787157532 -0.01129904655 0 -0.1866536186 -0.01506174037 -0.01752376404 0 -7.601412302 -0.2245153595 0.2727033817 1


mesh: pSphereShape16 tranform: pSphere16 -0.01456760065 0.009406551913 0.09870441508 0 -0.2467292871 0.2587927273 -0.061077318 0 -0.05979694813 -0.05779255608 -0.003317677141 0 -7.382395383 -0.8504960472 0.2973082222 1


mesh: pSphereShape17 tranform: pSphere17 -0.0192544888 -0.001126182462 0.1107038366 0 -0.04958359365 0.091135669 -0.007696854807 0 -0.2400849948 -0.1342634671 -0.04312333839 0 -7.24772893 -1.293746865 0.3255797389 1


mesh: pSphereShape18 tranform: pSphere18 -0.05953319833 0.01944344367 0.1114521573 0 0.1641928254 0.3167461694 0.03244699627 0 -0.1105955273 0.06453470618 -0.07033405696 0 -7.898588332 -0.2052060534 0.5601442875 1


mesh: pSphereShape19 tranform: pSphere19 -0.03924856338 0.01195440948 0.07609546779 0 -3.218861291e-05 0.4250316364 -0.06678801942 0 -0.0897496997 -0.007105427327 -0.0451749058 0 -8.096589159 -0.8771918214 0.5875356277 1


mesh: pSphereShape20 tranform: pSphere20 -0.03720645566 -0.008257241558 0.1089449305 0 -0.002823968424 0.08173500183 0.00523049393 0 -0.2477562034 -0.003130217033 -0.08484999815 0 -8.295642493 -1.294550876 0.5467013653 1


mesh: pSphereShape21 tranform: pSphere21 -0.09313889963 -0.01181615729 0.2467952389 0 0.08799480469 0.1094861297 0.0384506794 0 -0.1891632241 0.1741744575 -0.06304976475 0 -7.639110628 0.1981105893 0.4516927965 1


mesh: pSphereShape22 tranform: pSphere22 -0.003469809673 -0.0001990139623 0.009376609956 0 -0.0009190923709 0.009956841104 -0.0001287805726 0 -0.00933357863 -0.0009064814752 -0.00347312558 0 -7.465160896 1.149578194 0.2649176453 1


mesh: pSphereShape23 tranform: pSphere23 -0.005047764711 7.840861122e-05 0.008632144781 0 0.0006968017921 0.009970659114 0.0003168975998 0 -0.008604332553 0.0007614518474 -0.005038417648 0 -7.460597068 1.124476238 0.5798396537 1


mesh: pSphereShape24 tranform: pSphere24 -0.003169154922 -0.000257157706 0.009481050944 0 -0.0007879895925 0.009968902822 6.994908699e-06 0 -0.00945174743 -0.000744880152 -0.003179563504 0 -7.642583183 1.136432673 0.7897366824 1


