mesh: pSphereShape1 tranform: pSphere1 -0.03910440555 0.1344701299 -0.04412215398 0 0.03627026534 0.03322901394 0.06912587849 0 0.1311575555 0.01344060554 -0.07527915046 0 -6.725070553 -0.1056101759 0.7462280633 1


mesh: pSphereShape2 tranform: pSphere2 -0.03934090578 0.248273606 -0.06560523534 0 0.09785374084 0.03998231465 0.09262825757 0 0.09277889184 -0.01005146814 -0.09367422969 0 -6.818295406 0.2152473091 0.6324334601 1


mesh: pSphereShape3 tranform: pSphere3 0.04142103392 0.2753082112 -0.09342422011 0 0.08908318844 0.0198351716 0.09794787017 0 0.09774238299 -0.04198678203 -0.08039366331 0 -6.83661463 0.6627442891 0.5037397711 1


mesh: pSphereShape4 tranform: pSphere4 0.003269960773 -0.006472385254 -0.1805984512 0 0.06477039717 0.1337999947 -0.003622447756 0 0.1551317074 -0.07494796556 0.005494879377 0 -6.770945308 0.922351977 0.2909872639 1


mesh: pSphereShape5 tranform: pSphere5 0.03640661579 -0.01725447018 -0.1823925188 0 0.05667583828 0.1264153844 -0.000646161431 0 0.1574860135 -0.07041101576 0.03809606667 0 -6.719459072 0.917642687 0.002044293067 1


mesh: pSphereShape6 tranform: pSphere6 -0.04244062423 -0.2523514575 -0.07434041088 0 0.06635539064 0.0132045647 -0.08270542594 0 0.08052544826 -0.03111195055 0.05963910778 0 -6.761341763 0.6171854103 -0.137677474 1


mesh: pSphereShape7 tranform: pSphere7 0.05208282391 -0.2389674407 -0.05818899065 0 0.06460360466 0.0311988977 -0.07030165884 0 0.09373154858 -0.000491988014 0.08591612949 0 -6.720952449 0.1564358568 -0.2127992896 1


mesh: pSphereShape8 tranform: pSphere8 -0.06573498932 -0.1775198276 0.00258453103 0 0.02616577589 -0.01018308606 -0.03392982375 0 0.08347974845 -0.02984458402 0.07333437316 0 -6.697166599 -0.1896184479 -0.25831149 1


mesh: pSphereShape10 tranform: pSphere10 0.03098410274 -0.03340663711 -0.1777375208 0 0.01309384115 0.1519788964 -0.026282593 0 0.2191891299 -0.01189000423 0.04044494121 0 -6.677716192 1.343720344 0.08917421736 1


mesh: pSphereShape11 tranform: pSphere11 0.01192210918 -0.01314956984 -0.0758737719 0 0.04224692836 0.164613925 -0.02189069778 0 0.08768569279 -0.02020594658 0.01727998854 0 -6.726025402 1.161535367 0.112891738 1


mesh: pSphereShape12 tranform: pSphere12 0.05335367622 -0.02684960995 -0.3107476375 0 0.06168224518 0.1538554484 -0.002703107407 0 0.1582703482 -0.06287934505 0.03260713704 0 -6.786400451 0.7316529642 0.1934959283 1


mesh: pSphereShape13 tranform: pSphere13 0.04490382962 -0.007296112761 -0.2143107192 0 0.08847240059 0.1866022458 0.01218454488 0 0.1722953406 -0.08423366979 0.03896818136 0 -6.878125837 0.5241913283 0.1813127361 1


mesh: pSphereShape14 tranform: pSphere14 0.05232939307 -0.002705387768 -0.2152750841 0 0.0910197949 0.223011323 0.01932261942 0 0.1711332412 -0.07353068759 0.0425233961 0 -6.9448223 0.3436030083 0.1708485969 1


mesh: pSphereShape15 tranform: pSphere15 0.04517779445 0.003701942797 -0.1448327116 0 0.1114293946 0.3606563857 0.0439766923 0 0.1708728804 -0.05910834414 0.05178971016 0 -7.169164286 -0.2171135656 0.3020000286 1


mesh: pSphereShape16 tranform: pSphere16 0.03136704794 0.004533763549 -0.09507267249 0 0.1965477793 0.2944907593 0.07888991535 0 0.06491885315 -0.04844668193 0.01910819304 0 -7.442298744 -0.8614203449 0.2307924313 1


mesh: pSphereShape17 tranform: pSphere17 0.04283871753 0.008623641622 -0.1035269054 0 0.01860173352 0.1010826025 0.01611730342 0 0.2525498353 -0.06231064642 0.09931298856 0 -7.496223345 -1.298804364 0.2178372756 1


mesh: pSphereShape18 tranform: pSphere18 0.05543535259 -0.004980654119 -0.1150910394 0 -0.1758165955 0.2965118545 -0.09751652268 0 0.1104053841 0.08179002666 0.04963890839 0 -6.793411983 -0.1966266295 0.1008643522 1


mesh: pSphereShape19 tranform: pSphere19 0.03647237329 -0.005022664248 -0.07822030863 0 0.00632941879 0.4294950102 -0.02462736777 0 0.09131371266 0.001091708741 0.042507433 0 -6.587795248 -0.8520504358 0.2143249539 1


mesh: pSphereShape20 tranform: pSphere20 0.009562114264 -0.01162703973 -0.1144328545 0 -0.01195996456 0.08055159059 -0.009183893002 0 0.2581874001 0.04032717573 0.01747690168 0 -6.374375226 -1.238527864 0.2907464661 1


mesh: pSphereShape21 tranform: pSphere21 0.06236478922 -0.003224209723 -0.2565591622 0 -0.04162662421 0.1390509692 -0.01186613297 0 0.2458816622 0.07862389794 0.05878121044 0 -7.054236203 0.202660923 0.1417593148 1


mesh: pSphereShape22 tranform: pSphere22 0.000180916722 -0.0003580968718 -0.009991948547 0 0.004355867648 0.008998170359 -0.0002436128799 0 0.008999649225 -0.004347953177 0.0003187742064 0 -6.788625023 1.119546681 0.4256082628 1


mesh: pSphereShape23 tranform: pSphere23 0.001530000621 -0.00168752439 -0.009737112484 0 0.001525959246 0.009775288725 -0.001454365405 0 0.009763736297 -0.001263325685 0.001753129127 0 -6.9205316 1.106799019 0.1167706796 1


mesh: pSphereShape24 tranform: pSphere24 0.001949075433 -0.0009237404577 -0.009764620245 0 0.004090927626 0.009124808809 -4.664068021e-05 0 0.008914337671 -0.003985544852 0.002156389604 0 -6.731323652 1.083333583 -0.1362471188 1


