mesh: pSphereShape1 tranform: pSphere1 0.118556291 0.08543030645 -0.01428997643 0 -0.03941621977 0.061837229 0.0426685519 0 0.05519597645 -0.05478803581 0.1303901072 0 -1.177434919 0.3865462764 0.6524311755 1


mesh: pSphereShape2 tranform: pSphere2 0.2041540099 0.1552787936 -0.04124528712 0 -0.06869801029 0.1064736859 0.06081012887 0 0.05009753371 -0.03469643542 0.1173465405 0 -0.8840664586 0.5683148216 0.5849779472 1


mesh: pSphereShape3 tranform: pSphere3 0.2417523627 0.1667000591 0.002298592787 0 -0.07022438151 0.1011157106 0.05260402157 0 0.02895299004 -0.04367896886 0.122611078 0 -0.5041219166 0.8424881843 0.530000653 1


mesh: pSphereShape4 tranform: pSphere4 0.1796247161 0.003078318182 -0.01984616578 0 -0.001832521436 0.1485454203 0.00645484507 0 0.01903542171 -0.007203116284 0.1711695234 0 -0.1655728453 1.037163411 0.5229361523 1


mesh: pSphereShape5 tranform: pSphere5 0.1867599899 0.003300780773 1.905072331e-05 0 -0.002447451717 0.1384536703 0.00424367042 0 7.762064939e-05 -0.005410982478 0.1765830714 0 0.1289413575 1.062410367 0.5176896924 1


mesh: pSphereShape6 tranform: pSphere6 0.1882035564 -0.1831094689 0.04537956765 0 0.06589454622 0.07643215533 0.03512293108 0 -0.03648035556 -0.0133395316 0.09746981592 0 0.3814090829 0.8347456186 0.5669905193 1


mesh: pSphereShape7 tranform: pSphere7 0.1605620697 -0.1299447128 0.1433115845 0 0.04501733018 0.08558482403 0.02716611982 0 -0.07953302843 0.0105218488 0.09864691909 0 0.6650518782 0.5348150478 0.782536685 1


mesh: pSphereShape8 tranform: pSphere8 0.08623859345 -0.1639839817 0.03890008436 0 0.03407662193 0.02199288227 0.01716604138 0 -0.05065030864 -0.00213602868 0.1032835006 0 0.8691349076 0.3128436813 0.9589309128 1


mesh: pSphereShape10 tranform: pSphere10 0.1809935559 0.006911599056 -0.02932928295 0 -0.002487328402 0.1533665847 0.02079211862 0 0.03648000251 -0.02900180729 0.2182868405 0 -0.03123968137 1.470021213 0.5991662349 1


mesh: pSphereShape11 tranform: pSphere11 0.07730427782 0.005182937219 -0.008310410892 0 -0.00662864662 0.1660229941 0.04188288881 0 0.01095782322 -0.0218404919 0.08830955794 0 -0.03468321669 1.290650864 0.5385057366 1


mesh: pSphereShape12 tranform: pSphere12 0.3162535371 0.005462191157 -0.00924528377 0 -0.002746261308 0.1657113863 0.00396228143 0 0.005135525231 -0.004057987939 0.1732734823 0 -0.04997029767 0.8575712 0.5624518968 1


mesh: pSphereShape13 tranform: pSphere13 0.2187989815 0.007774103494 -0.008077164214 0 -0.00737016314 0.2067400938 -0.0006642557263 0 0.007188160976 0.0008846153302 0.1955685621 0 -0.03580884407 0.6355946527 0.5564037411 1


mesh: pSphereShape14 tranform: pSphere14 0.2213426332 0.006017295402 -0.007763840362 0 -0.00671134983 0.2415154924 -0.004152298396 0 0.006602106749 0.003465688155 0.1909083253 0 -0.02946285329 0.4416884013 0.569887481 1


mesh: pSphereShape15 tranform: pSphere15 0.1517348209 0.002735361846 0.0005601425792 0 -0.006886211117 0.3798209922 0.01058687674 0 -0.0005993700341 -0.005251170098 0.1880041958 0 -0.2099308177 -0.1607372051 0.5638424018 1


mesh: pSphereShape16 tranform: pSphere16 0.1002020189 0.001646467948 0.0003229624885 0 -0.006068706966 0.3582962938 0.05627070486 0 -5.281376623e-05 -0.01291339269 0.08221862943 0 -0.2347887105 -0.8723249655 0.5312010641 1


mesh: pSphereShape17 tranform: pSphere17 0.1104743239 -0.0002645478509 0.02055959192 0 0.0004382778213 0.1040300883 -0.001016436017 0 -0.05093380244 0.002889024673 0.2737234132 0 -0.2786675938 -1.334335736 0.6666950025 1


mesh: pSphereShape18 tranform: pSphere18 0.1274818445 0.009596941424 -0.0003325802103 0 -0.02683413169 0.3551010144 -0.03903109332 0 -0.0008181292041 0.01590034201 0.1452222032 0 0.1703390681 -0.1753801312 0.5871240806 1


mesh: pSphereShape19 tranform: pSphere19 0.08615264014 0.00707703164 -0.001231289172 0 -0.03319880143 0.4196311322 0.08899485964 0 0.003104837328 -0.02065257138 0.09853983503 0 0.2443362346 -0.8902138401 0.5701364606 1


mesh: pSphereShape20 tranform: pSphere20 0.1146433271 0.003178323614 -0.01297328314 0 -0.001965274342 0.08188299887 0.002693618813 0 0.02965089182 -0.007844567841 0.2600994889 0 0.2723636984 -1.313085919 0.7108675969 1


mesh: pSphereShape21 tranform: pSphere21 0.263790307 0.00717125381 -0.009252739987 0 -0.006331400547 0.1099458907 -0.09529201165 0 0.002299134237 0.1734703984 0.1999936867 0 -0.02223796832 0.2673693348 0.5225279621 1


mesh: pSphereShape22 tranform: pSphere22 0.009938074826 0.0001703137357 -0.001098026401 0 -0.0001232387199 0.009989813536 0.0004340941547 0 0.00110430112 -0.0004178740823 0.009930050367 0 -0.3193908992 1.205104146 0.4490642874 1


mesh: pSphereShape23 tranform: pSphere23 0.009920693671 0.0006651421358 -0.001066500368 0 -0.000500978661 0.009874430621 0.001498212368 0 0.001152760806 -0.001432901203 0.009829442337 0 -0.07561091969 1.232458946 0.349343375 1


mesh: pSphereShape24 tranform: pSphere24 0.009998438477 0.0001767115832 1.019905201e-06 0 -0.0001766598986 0.009993746224 0.0003063130442 0 4.393638925e-06 -0.0003062832303 0.009995307463 0 0.2436979705 1.214634332 0.4158194815 1


