mesh: pSphereShape1 tranform: pSphere1 0.09504459504 0.1113227254 0.01148523411 0 -0.04235654579 0.04236139151 -0.06007929868 0 -0.087443092 0.06366515626 0.1065380602 0 -3.998452577 0.2003579318 -0.1405141056 1


mesh: pSphereShape2 tranform: pSphere2 0.1395390577 0.218083811 0.02144387896 0 -0.1081260527 0.07416131669 -0.05062400625 0 -0.04573935478 0.01718454463 0.1228674853 0 -3.770051777 0.4669833635 -0.1037297153 1


mesh: pSphereShape3 tranform: pSphere3 0.06648161161 0.2746079531 0.08005663961 0 -0.1119425656 0.04419612824 -0.05863956029 0 -0.06661474636 -0.01717267765 0.1142242492 0 -3.579931915 0.8814850413 -0.03142716671 1


mesh: pSphereShape4 tranform: pSphere4 0.03822561231 0.008659886586 0.1764431748 0 -0.02693232207 0.1462313689 -0.001342316406 0 -0.1655580489 -0.03014901023 0.03734712215 0 -3.516776417 1.159770044 0.1679381989 1


mesh: pSphereShape5 tranform: pSphere5 0.02168484031 0.008403267162 0.1853357551 0 -0.02596996826 0.136048453 -0.003129978254 0 -0.1723180205 -0.03239573987 0.02163057425 0 -3.482544602 1.192005197 0.4595121482 1


mesh: pSphereShape6 tranform: pSphere6 0.04592909999 -0.2310927442 0.1244814152 0 -0.04387032586 0.03930414321 0.08915248012 0 -0.09394849794 -0.03521248645 -0.03070643245 0 -3.427437099 0.9180747049 0.6518717435 1


mesh: pSphereShape7 tranform: pSphere7 -0.02323135301 -0.2134998395 0.1306986597 0 -0.04577802365 0.05025102177 0.07394949323 0 -0.1125667715 -0.02147605337 -0.05509017742 0 -3.448260925 0.4917421761 0.8523592005 1


mesh: pSphereShape8 tranform: pSphere8 0.08679862924 -0.16117993 0.04825024273 0 -0.02951557297 -0.006292867017 0.03207501811 0 -0.06715070792 -0.058070509 -0.07318535573 0 -3.437939538 0.1678334758 0.9837192626 1


mesh: pSphereShape10 tranform: pSphere10 0.007847820086 -0.006225550081 0.1832110765 0 0.01295859329 0.1541750466 0.004683820332 0 -0.222217738 0.01836952214 0.01014286496 0 -3.504235251 1.606669945 0.3170955896 1


mesh: pSphereShape11 tranform: pSphere11 0.005282251228 -0.001171404481 0.0777341802 0 -0.01602483203 0.1705624956 0.003659199333 0 -0.09101456275 -0.008680955352 0.006053873273 0 -3.487007021 1.41769493 0.3114756283 1


mesh: pSphereShape12 tranform: pSphere12 0.03573935323 0.01370323381 0.3141122897 0 -0.01747888803 0.1647754755 -0.005199646007 0 -0.1713148563 -0.01753333984 0.02025691393 0 -3.527320632 0.9808034673 0.2884057943 1


mesh: pSphereShape13 tranform: pSphere13 0.02578617398 0.01361060871 0.2171370446 0 -0.03470741858 0.2037567075 -0.008650211152 0 -0.1915487319 -0.03157819895 0.02472681457 0 -3.492866181 0.7572864784 0.3047798384 1


mesh: pSphereShape14 tranform: pSphere14 0.02644271718 0.01742113089 0.2192859622 0 -0.03763818218 0.2382610177 -0.01438997981 0 -0.1873395556 -0.02809492716 0.0248224384 0 -3.472684165 0.5642982573 0.3165486466 1


mesh: pSphereShape15 tranform: pSphere15 0.02600561009 0.02115043176 0.148012227 0 -0.004068370218 0.376287216 -0.05305532386 0 -0.1852855815 0.002535709616 0.0321921596 0 -3.480816098 -0.03640174207 0.1969009762 1


mesh: pSphereShape16 tranform: pSphere16 0.01563255459 0.01765690546 0.09740183104 0 -0.140497882 0.332294095 -0.03768866121 0 -0.0756239105 -0.02998163832 0.01757233764 0 -3.389215241 -0.7249802292 0.253721762 1


mesh: pSphereShape17 tranform: pSphere17 0.00395682808 0.0152400206 0.1112628794 0 -0.05329797817 0.08875532833 -0.0102616623 0 -0.2389218005 -0.140269875 0.02770994504 0 -3.376340652 -1.253812905 0.3086962524 1


mesh: pSphereShape18 tranform: pSphere18 0.01337412501 0.007241743405 0.1269351114 0 0.1701592877 0.3132165067 -0.03579754337 0 -0.1276492075 0.07042516677 0.009431554898 0 -3.605436162 0.008644197601 0.533746624 1


mesh: pSphereShape19 tranform: pSphere19 0.01062060864 0.00212108373 0.08577051666 0 -0.1180478943 0.4137124447 0.004386376179 0 -0.0960693776 -0.02754559512 0.0125770698 0 -3.71051568 -0.6520745769 0.5895969169 1


mesh: pSphereShape20 tranform: pSphere20 0.0437823203 0.01788385842 0.1052842643 0 -0.01546932717 0.08015642471 -0.007182679382 0 -0.2372305057 -0.03638901834 0.1048331212 0 -3.810216157 -1.095830681 0.6455898087 1


mesh: pSphereShape21 tranform: pSphere21 0.03151373228 0.02076204389 0.2613392209 0 0.074228818 0.1238776926 -0.01879236179 0 -0.2255794593 0.1376373147 0.01626705208 0 -3.395888759 0.4008292393 0.3244610248 1


mesh: pSphereShape22 tranform: pSphere22 0.002114903804 0.0004791244921 0.009762050073 0 -0.001811222958 0.009834191495 -9.02719894e-05 0 -0.009604512132 -0.001749033264 0.002166617028 0 -3.483426325 1.333698525 0.006823978441 1


mesh: pSphereShape23 tranform: pSphere23 0.0006778874054 -0.0001503299086 0.009975864353 0 3.235657957e-05 0.009998845308 0.0001484774984 0 -0.009976944508 2.221338225e-05 0.0006782955464 0 -3.307029874 1.333913556 0.273624827 1


mesh: pSphereShape24 tranform: pSphere24 0.001160926073 0.0004498798152 0.009922190222 0 -0.001874542377 0.009820134855 -0.0002259254543 0 -0.009753888534 -0.001833728329 0.001224376938 0 -3.392650549 1.361142162 0.5596645437 1


