mesh: pSphereShape1 tranform: pSphere1 0.06833558252 0.1238046029 0.03950700305 0 -0.03425653307 0.04011288522 -0.06644947685 0 -0.1195791469 0.03884806355 0.0850973579 0 -1.093179924 0.04268942742 -0.402262202 1


mesh: pSphereShape2 tranform: pSphere2 0.09297632209 0.2322952177 0.06989901684 0 -0.1129180856 0.06208190863 -0.05611841711 0 -0.06292222507 -0.009687674176 0.11589115 0 -0.9270463648 0.33622583 -0.2983030933 1


mesh: pSphereShape3 tranform: pSphere3 0.01939215133 0.26596185 0.1229903938 0 -0.1095711397 0.03872494953 -0.06646485828 0 -0.07610726625 -0.04133448048 0.1013841661 0 -0.8141263218 0.7603899725 -0.1463126347 1


mesh: pSphereShape4 tranform: pSphere4 0.0004848994875 -0.02479905002 0.1790339548 0 -0.03629583332 0.1428219412 0.01988141466 0 -0.1671606159 -0.0417393111 -0.005328816914 0 -0.8224256208 1.003925034 0.0940681234 1


mesh: pSphereShape5 tranform: pSphere5 -0.009363840442 -0.02692497675 0.1846010657 0 -0.03287142031 0.1334031453 0.01779011318 0 -0.1713924012 -0.04028919937 -0.01457021304 0 -0.8424321378 0.9801367486 0.3886403383 1


mesh: pSphereShape6 tranform: pSphere6 0.002164391525 -0.2568599355 0.07090310536 0 -0.05564249166 0.02383705388 0.08805279019 0 -0.08957160857 -0.01524027638 -0.05247652213 0 -0.8385098133 0.6702710194 0.5195184642 1


mesh: pSphereShape7 tranform: pSphere7 -0.09230808647 -0.225500521 0.06190920039 0 -0.05144003493 0.04178003092 0.07548292529 0 -0.0987303361 0.01904854786 -0.07782608892 0 -0.9578765086 0.2244327599 0.5977312392 1


mesh: pSphereShape8 tranform: pSphere8 0.02932659308 -0.1865206241 0.01382264573 0 -0.03123397906 -0.002618161907 0.03093799912 0 -0.07913087838 -0.01847793561 -0.08145162899 0 -1.047294959 -0.1099353702 0.6477809142 1


mesh: pSphereShape10 tranform: pSphere10 -0.01979465965 -0.02915642738 0.1800686494 0 0.01940284651 0.1512435293 0.02662203408 0 -0.220132646 0.03159943201 -0.01908230151 0 -0.8211868702 1.420331152 0.3107028866 1


mesh: pSphereShape11 tranform: pSphere11 -0.006230502324 -0.01475356966 0.07625870547 0 -0.009353489288 0.1681232506 0.0317621593 0 -0.09119740753 -0.003536808806 -0.008135283845 0 -0.8126931842 1.231175945 0.2862148321 1


mesh: pSphereShape12 tranform: pSphere12 -0.01600309258 -0.04604236053 0.3126589397 0 -0.02855446407 0.161765784 0.02236020765 0 -0.1705803415 -0.02832694077 -0.01290240484 0 -0.8440528173 0.8041682119 0.1764019477 1


mesh: pSphereShape13 tranform: pSphere13 -0.01465122264 -0.02733363449 0.2168798876 0 -0.05128868378 0.1992414483 0.02164585684 0 -0.1891404246 -0.04666144059 -0.01865809355 0 -0.7943954372 0.5830296383 0.1567444052 1


mesh: pSphereShape14 tranform: pSphere14 -0.01778436999 -0.01231799585 0.2205017675 0 -0.05645828753 0.234800236 0.00856316609 0 -0.1851319396 -0.04388146607 -0.01738301996 0 -0.7587966737 0.3924047965 0.1434402353 1


mesh: pSphereShape15 tranform: pSphere15 0.006179899882 -0.001952004985 0.1516220642 0 0.04043841456 0.3778596 0.003216408323 0 -0.1868537667 0.01993001893 0.007872476035 0 -0.7632876414 -0.1958795147 -0.03791765438 1


mesh: pSphereShape16 tranform: pSphere16 -0.005967851568 0.01123058365 0.0994058273 0 -0.3175026743 0.1711637502 -0.03839893245 0 -0.03994150132 -0.07278329452 0.005824949523 0 -0.5634544198 -0.7389995493 -0.04462407243 1


mesh: pSphereShape17 tranform: pSphere17 -0.02848076704 -0.03469819953 0.1030156489 0 -0.0976383936 0.03206169332 -0.01619495027 0 -0.0652805326 -0.2505436856 -0.1024373923 0 -0.1970464098 -1.13230247 -0.07844586964 1


mesh: pSphereShape18 tranform: pSphere18 -0.008206772224 -0.003087029676 0.1275419606 0 0.1016453235 0.3432025824 0.01484732213 0 -0.1397742929 0.04174192805 -0.007983546815 0 -0.8317364468 -0.196339429 0.304260766 1


mesh: pSphereShape19 tranform: pSphere19 -0.003691472356 -0.0040178451 0.08627924319 0 -0.1726319452 0.3939424381 0.01095899322 0 -0.09216448376 -0.04022615831 -0.005816522011 0 -0.8223468249 -0.8785958311 0.2976405823 1


mesh: pSphereShape20 tranform: pSphere20 0.01881294369 0.01143915002 0.1132992466 0 -0.0138887059 0.08055491022 -0.005826978389 0 -0.2545583726 -0.04053559065 0.04636116473 0 -0.8787626207 -1.309735486 0.296888643 1


mesh: pSphereShape21 tranform: pSphere21 -0.02119494266 -0.01468026228 0.2627881856 0 0.06444945489 0.1299990821 0.0124603133 0 -0.2364636694 0.1184251575 -0.01245612141 0 -0.6698871841 0.2350170502 0.1459818709 1


mesh: pSphereShape22 tranform: pSphere22 2.682797498e-05 -0.001372054025 0.009905389847 0 -0.002440927538 0.009604904402 0.001337043074 0 -0.009697481787 -0.002421420901 -0.0003091404318 0 -0.7690238252 1.206850242 -0.02121737159 1


mesh: pSphereShape23 tranform: pSphere23 -0.0007995793598 -0.001893370577 0.009786512183 0 0.0004217908938 0.00980272676 0.001930968803 0 -0.009959054438 0.000567182452 -0.0007039451518 0 -0.6327135902 1.143336957 0.2590959613 1


mesh: pSphereShape24 tranform: pSphere24 -0.0005013053526 -0.00144146358 0.009882857668 0 -0.002372697176 0.009629193483 0.001284110967 0 -0.009701494784 -0.002280529678 -0.0008247322799 0 -0.7799353021 1.12901491 0.5323351346 1


