mesh: pSphereShape1 tranform: pSphere1 -0.002118200564 0.1374431382 -0.05160457175 0 0.05289402528 0.02402973564 0.06182944676 0 0.1186844071 -0.03167093887 -0.08922369569 0 -5.529535985 -0.03865148278 0.7960088004 1


mesh: pSphereShape2 tranform: pSphere2 0.02237500096 0.2469467902 -0.07751244642 0 0.1036246043 0.01976210367 0.09287268073 0 0.08860068302 -0.03661233139 -0.09106740499 0 -5.539796658 0.2889008516 0.6650633868 1


mesh: pSphereShape3 tranform: pSphere3 0.07774046706 0.2601185949 -0.1119514828 0 0.09311640125 0.01317885418 0.09528214622 0 0.08906365172 -0.06047836955 -0.07867424711 0 -5.474035573 0.7279456775 0.5096910163 1


mesh: pSphereShape4 tranform: pSphere4 0.03531955683 -0.01528701577 -0.1765990403 0 0.04923845948 0.1402892234 -0.002296292219 0 0.159124421 -0.05525000524 0.03660728688 0 -5.356147553 0.9731141412 0.2879689624 1


mesh: pSphereShape5 tranform: pSphere5 0.06482889568 -0.02045905624 -0.1739793971 0 0.04588444255 0.1307098063 0.001726862291 0 0.1550086167 -0.05526325772 0.06425859454 0 -5.257527496 0.9604658685 0.0114437814 1


mesh: pSphereShape6 tranform: pSphere6 0.1026736526 -0.2419728327 -0.04377477252 0 0.0757846101 0.04330696755 -0.0616342868 0 0.06194259796 0.01109453943 0.08395921756 0 -5.146312568 0.6718689436 -0.09402044751 1


mesh: pSphereShape7 tranform: pSphere7 0.1995937952 -0.1500306541 0.02927689595 0 0.05530203472 0.06270877618 -0.05566520038 0 0.03280722105 0.06409564451 0.1047991468 0 -4.854459218 0.3218038643 -0.05235035889 1


mesh: pSphereShape8 tranform: pSphere8 0.0635030937 -0.1755381843 0.03153982778 0 0.03939291528 0.0113609306 -0.01608426222 0 0.0340165471 0.03123964243 0.1053776881 0 -4.615395045 0.07674221705 0.01703832791 1


mesh: pSphereShape10 tranform: pSphere10 0.03243225368 -0.004331344942 -0.1805437141 0 -1.958120885e-05 0.1547449507 -0.003715935642 0 0.2196917716 0.0009749146367 0.03944128774 0 -5.277927764 1.403858916 0.1491917132 1


mesh: pSphereShape11 tranform: pSphere11 0.01564748118 -0.0005307512111 -0.076333163 0 0.03004378435 0.1686246091 0.004986192368 0 0.08831202721 -0.01627316936 0.01821616888 0 -5.308752231 1.216607266 0.1470300709 1


mesh: pSphereShape12 tranform: pSphere12 0.06847961127 -0.02922781445 -0.30755144 0 0.04334131913 0.1599195482 -0.005547371832 0 0.1631055437 -0.04280389 0.04038501133 0 -5.330860575 0.7767599754 0.1970830878 1


mesh: pSphereShape13 tranform: pSphere13 0.04132061261 -0.03173526761 -0.2128007315 0 0.06697665004 0.1950682163 -0.01608559243 0 0.1814458806 -0.05867258979 0.04398220445 0 -5.397659941 0.5603914894 0.1998936343 1


mesh: pSphereShape14 tranform: pSphere14 0.03202996753 -0.0261913844 -0.217662902 0 0.06631050453 0.2316606919 -0.0181178827 0 0.1816316701 -0.04943463751 0.03267629911 0 -5.44354493 0.3736834944 0.2145740684 1


mesh: pSphereShape15 tranform: pSphere15 0.004048253058 -0.01186239296 -0.1512420151 0 -0.1842566491 0.330936377 -0.03088834071 0 0.1644167667 0.09128541464 -0.00275890784 0 -5.309254044 -0.1418967094 0.430520911 1


mesh: pSphereShape16 tranform: pSphere16 0.002214856519 -0.00483235928 -0.1000749843 0 -0.06540735125 0.3563052245 -0.01865264102 0 0.08184172245 0.01508047875 0.001083121639 0 -5.03511258 -0.7821503234 0.5160320704 1


mesh: pSphereShape17 tranform: pSphere17 0.01748649556 0.004605995978 -0.1109069445 0 -0.02159773726 0.1017661439 0.0008211001853 0 0.2689024796 0.05670784637 0.04475245578 0 -4.754236848 -1.200266735 0.5827569758 1


mesh: pSphereShape18 tranform: pSphere18 0.005228222468 -0.0216125145 -0.1258943902 0 0.04343361815 0.3507727852 -0.05841405065 0 0.1448915522 -0.01646802844 0.00884424453 0 -5.543285044 -0.2311289854 0.1057041532 1


mesh: pSphereShape19 tranform: pSphere19 0.001729084216 -0.01505747882 -0.08511263391 0 0.2716407951 0.3294534357 -0.05276594216 0 0.07808808879 -0.06236401465 0.01261934524 0 -5.790671037 -0.8784961268 0.1931960372 1


mesh: pSphereShape20 tranform: pSphere20 -0.0078606366 -0.0006714375623 -0.1151488595 0 0.02340171072 0.07851164866 -0.002055322258 0 0.2503618338 -0.07506049287 -0.01665326924 0 -5.837683114 -1.279242716 0.2590920244 1


mesh: pSphereShape21 tranform: pSphere21 0.03817246975 -0.03121420051 -0.2594049005 0 -0.05818328109 0.1312638596 -0.02435688747 0 0.239669466 0.1103156811 0.02199403188 0 -5.53834614 0.2197521308 0.2149290134 1


mesh: pSphereShape22 tranform: pSphere22 0.001954120826 -0.0008457828623 -0.009770673628 0 0.003311330824 0.009434576845 -0.0001544277235 0 0.00923127835 -0.003205216233 0.002123696996 0 -5.418630291 1.173367591 0.4033622039 1


mesh: pSphereShape23 tranform: pSphere23 0.002008088969 -6.811292115e-05 -0.009796067544 0 0.000810521707 0.009966628053 9.684942902e-05 0 0.00976271649 -0.0008134407658 0.002006908285 0 -5.498409683 1.148131221 0.1334338435 1


mesh: pSphereShape24 tranform: pSphere24 0.00347069908 -0.001095302133 -0.009314212856 0 0.003311992188 0.009434785154 0.0001246469195 0 0.008774107114 -0.003128121217 0.003637293226 0 -5.261481774 1.119572449 -0.134803323 1


