mesh: pSphereShape1 tranform: pSphere1 0.02613677417 0.1416227226 0.02860084435 0 -0.05424456655 0.02238530695 -0.06127406975 0 -0.1135651237 0.0006101889942 0.1007595905 0 3.659917081 -0.1499337451 -0.5300110136 1


mesh: pSphereShape2 tranform: pSphere2 0.02159601395 0.2560140913 0.03849590176 0 -0.1080772194 0.02220824173 -0.08706344138 0 -0.08381320917 -0.008257715608 0.1019361182 0 3.729664855 0.187585267 -0.4542487287 1


mesh: pSphereShape3 tranform: pSphere3 -0.0279057182 0.2827409632 0.07427796932 0 -0.09892188976 0.01366161747 -0.0891675597 0 -0.08894843445 -0.03335980844 0.09356764178 0 3.743966763 0.6494545957 -0.3666645558 1


mesh: pSphereShape4 tranform: pSphere4 0.004997235242 0.003914299441 0.1806324746 0 -0.0442092242 0.1419608224 -0.001853228635 0 -0.1645115716 -0.05115805794 0.005659840421 0 3.700601524 0.9271375598 -0.1709956259 1


mesh: pSphereShape5 tranform: pSphere5 -0.0231692231 -0.001788924201 0.1853380052 0 -0.03965880327 0.1326916597 -0.003677002666 0 -0.1678483295 -0.0507614374 -0.02147278833 0 3.66880571 0.9453606769 0.1212262207 1


mesh: pSphereShape6 tranform: pSphere6 -0.0001315790257 -0.2508450086 0.0899206636 0 -0.05981938644 0.02990498249 0.08333618005 0 -0.08694123144 -0.01978098416 -0.05530876425 0 3.667976569 0.6511852616 0.2789039973 1


mesh: pSphereShape7 tranform: pSphere7 -0.09842792861 -0.2196829516 0.07249386539 0 -0.05468473451 0.0474715822 0.0696085403 0 -0.09432554278 0.01453722417 -0.08401659152 0 3.542965496 0.2129689339 0.3828797665 1


mesh: pSphereShape8 tranform: pSphere8 0.03139220575 -0.1866942174 -0.0009254372794 0 -0.02532112251 -0.004434947977 0.03575958614 0 -0.09218269476 -0.015167424 -0.06715502898 0 3.453020782 -0.1192945892 0.4455740421 1


mesh: pSphereShape10 tranform: pSphere10 -0.006833879553 -0.008723259852 0.1831497943 0 -0.01426405678 0.1539807828 0.006801730459 0 -0.2221010037 -0.02016589704 -0.009247751953 0 3.616619597 1.361517033 -0.01400738531 1


mesh: pSphereShape11 tranform: pSphere11 -0.004146249358 -0.003183408245 0.07774671482 0 -0.04134433347 0.1662264216 0.004601385998 0 -0.08878692427 -0.02192742398 -0.005632863987 0 3.667585464 1.178625709 -0.01891085631 1


mesh: pSphereShape12 tranform: pSphere12 -0.0318909443 -0.001791809604 0.3148195795 0 -0.04191046723 0.160361811 -0.003332786812 0 -0.1668519866 -0.0439631432 -0.0171521765 0 3.696153643 0.7413173012 -0.06173719492 1


mesh: pSphereShape13 tranform: pSphere13 -0.02651068535 0.007180957389 0.2173575142 0 -0.0629037878 0.1965671765 -0.01416635195 0 -0.1849259076 -0.06065953263 -0.02055102188 0 3.760851218 0.5249454014 -0.04406983436 1


mesh: pSphereShape14 tranform: pSphere14 -0.03100852434 0.005648414913 0.2193071206 0 -0.06633930173 0.2318522094 -0.01535144559 0 -0.1817568566 -0.05361580736 -0.02431826003 0 3.805676836 0.3367977064 -0.03358917069 1


mesh: pSphereShape15 tranform: pSphere15 -0.01786446041 0.01587438529 0.149866997 0 -0.123525667 0.3555567222 -0.05238620873 0 -0.1764825099 -0.06342236369 -0.01431918845 0 4.005352353 -0.2282475147 -0.1649766152 1


mesh: pSphereShape16 tranform: pSphere16 -0.01373991076 0.01281639107 0.09843888833 0 -0.2199200183 0.280528323 -0.06721979731 0 -0.06519523459 -0.0516780297 -0.002371530912 0 4.303796652 -0.8587620717 -0.0907039951 1


mesh: pSphereShape17 tranform: pSphere17 -0.02722995144 0.006205651773 0.108845591 0 -0.05407552824 0.08693470868 -0.01848453868 0 -0.2280995181 -0.1521720219 -0.04838792435 0 4.41915271 -1.337099549 -0.05296978324 1


mesh: pSphereShape18 tranform: pSphere18 -0.02872460112 0.008494489468 0.1242842449 0 0.1966631869 0.2983888 0.0250587762 0 -0.1176163776 0.0802626075 -0.03266925273 0 3.635957043 -0.2129104788 0.107532367 1


mesh: pSphereShape19 tranform: pSphere19 -0.01836734581 0.004077601191 0.08437945027 0 0.002715505568 0.4297651016 -0.02017711723 0 -0.0984270118 -0.0003831052282 -0.02140664352 0 3.403686236 -0.8687335031 0.1114689195 1


mesh: pSphereShape20 tranform: pSphere20 -0.008820174723 0.002295461873 0.115058401 0 0.01506564519 0.08055287257 -0.0004521566822 0 -0.256658762 0.04788658133 -0.02063036619 0 3.180558177 -1.253471412 0.08294697101 1


mesh: pSphereShape21 tranform: pSphere21 -0.03695514071 0.006731631781 0.2613644369 0 0.05823119783 0.1333973847 0.004797745441 0 -0.2398227689 0.1060062342 -0.03663956435 0 3.900550752 0.1844235314 -0.01206451534 1


mesh: pSphereShape22 tranform: pSphere22 0.0002764814265 0.0002165659692 0.009993830957 0 -0.002973110214 0.009546993385 -0.0001246312978 0 -0.009543802894 -0.002967830266 0.0003283440845 0 3.740106049 1.111877024 -0.3180733593 1


mesh: pSphereShape23 tranform: pSphere23 -0.0005321008218 -0.0004085364861 0.009977472959 0 -0.001461879184 0.009887166481 0.0003268764696 0 -0.009878247717 -0.001441192879 -0.0005858200395 0 3.861217856 1.123087286 -0.03521286887 1


mesh: pSphereShape24 tranform: pSphere24 -0.001240394433 -9.577237916e-05 0.009922310684 0 -0.002862618337 0.009577837628 -0.0002654103097 0 -0.009500886164 -0.002873300197 -0.001215445624 0 3.713288211 1.115593993 0.2467677715 1


