mesh: pSphereShape1 tranform: pSphere1 0.1236496239 0.07755331514 0.01594956597 0 -0.03317492519 0.06251616956 -0.04678930939 0 -0.05637734879 0.06406268226 0.1255685949 0 -5.375200657 0.1100899763 -0.05379351017 1


mesh: pSphereShape2 tranform: pSphere2 0.176216343 0.1875566173 0.03552257016 0 -0.09087424122 0.09484864855 -0.04999540312 0 -0.0461581745 0.02021390872 0.1222482593 0 -5.09368809 0.3157162428 -0.0009736217482 1


mesh: pSphereShape3 tranform: pSphere3 0.06923954725 0.2670451828 0.1006536317 0 -0.1058652308 0.05148085127 -0.06375977283 0 -0.07532231843 -0.0211670662 0.107972719 0 -4.871516716 0.6953809278 0.1009673376 1


mesh: pSphereShape4 tranform: pSphere4 0.03525606198 -0.01649344803 0.176503148 0 -0.03184112554 0.143891012 0.01980617153 0 -0.1649855442 -0.04052403783 0.02916865518 0 -4.808978301 0.9458900483 0.3235486173 1


mesh: pSphereShape5 tranform: pSphere5 0.03102302613 -0.01786741369 0.1833262575 0 -0.02741836184 0.1346335004 0.01776152007 0 -0.1706677028 -0.03807731908 0.02516980084 0 -4.766363386 0.9365323062 0.6168787592 1


mesh: pSphereShape6 tranform: pSphere6 0.07754662919 -0.2286083125 0.1128437909 0 -0.05223485831 0.02640840986 0.08939631615 0 -0.08628982424 -0.04726609434 -0.03645692005 0 -4.676525594 0.653948547 0.7883454537 1


mesh: pSphereShape7 tranform: pSphere7 0.008598064218 -0.2220136496 0.1176436551 0 -0.05542885204 0.03753548307 0.07488691514 0 -0.1059494176 -0.0360759107 -0.06033801564 0 -4.63460301 0.2179227181 0.9635771424 1


mesh: pSphereShape8 tranform: pSphere8 0.1171606174 -0.1444285072 0.0354239163 0 -0.02586640023 -0.0128260431 0.03325654773 0 -0.06001130294 -0.06641147655 -0.07228870717 0 -4.568892209 -0.1061722519 1.077780826 1


mesh: pSphereShape10 tranform: pSphere10 0.003295473119 -0.02153398228 0.1821869144 0 0.0220555701 0.1521970466 0.01759031365 0 -0.2208924368 0.03112356746 0.007674313176 0 -4.77081954 1.370583803 0.5213603874 1


mesh: pSphereShape11 tranform: pSphere11 0.004103615796 -0.01276210835 0.07676044597 0 -0.003381339344 0.1689701807 0.02827356516 0 -0.09148281437 -0.002577352902 0.004462166169 0 -4.763564082 1.18010646 0.5050435476 1


mesh: pSphereShape12 tranform: pSphere12 0.03004583882 -0.03180839583 0.3133960499 0 -0.02196089969 0.1632558126 0.01867521675 0 -0.1710785276 -0.02460375815 0.01390442473 0 -4.816170364 0.7509903784 0.4161032962 1


mesh: pSphereShape13 tranform: pSphere13 0.01033667999 -0.01395755747 0.2183964542 0 -0.03432292587 0.203480129 0.01462876633 0 -0.1927692336 -0.03302043324 0.007013434767 0 -4.779393257 0.5293385952 0.4010537439 1


mesh: pSphereShape14 tranform: pSphere14 0.001494818841 -0.000808275919 0.221553963 0 -0.03798375027 0.2386377625 0.001126876626 0 -0.1886744158 -0.03003662465 0.001163401402 0 -4.759395733 0.3361532285 0.3937848269 1


mesh: pSphereShape15 tranform: pSphere15 0.002500690446 0.006838569117 0.1515857261 0 -0.02345831646 0.378938029 -0.01670824806 0 -0.1876942311 -0.01145996785 0.003613367607 0 -4.713898763 -0.264219278 0.2279192029 1


mesh: pSphereShape16 tranform: pSphere16 -0.009069021125 0.01480560084 0.0987005917 0 -0.330331573 0.1407542109 -0.05146610156 0 -0.03355072489 -0.07571354338 0.0082746441 0 -4.434539525 -0.7893098132 0.2528870888 1


mesh: pSphereShape17 tranform: pSphere17 -0.04491531875 -0.0157358015 0.101795588 0 -0.09531932512 0.009495749116 -0.04058991875 0 -0.007809846854 -0.2745195272 -0.04588181705 0 -4.012909606 -1.153747509 0.2880341924 1


mesh: pSphereShape18 tranform: pSphere18 -0.009809663419 0.001331494369 0.1274591315 0 0.16866585 0.3159087491 0.009680942303 0 -0.1283993176 0.0688781591 -0.01060155482 0 -4.901916649 -0.2265016475 0.5580429163 1


mesh: pSphereShape19 tranform: pSphere19 -0.0049206516 -0.002099035995 0.08628591477 0 -0.1405152816 0.4066502881 0.001879180943 0 -0.09503247988 -0.03280910432 -0.006217575795 0 -4.991689223 -0.8857740238 0.5639708981 1


mesh: pSphereShape20 tranform: pSphere20 0.01452376369 0.008296979696 0.1142003533 0 -0.005349771149 0.08160744524 -0.005248639667 0 -0.2592566682 -0.01480577262 0.03404740589 0 -5.083564351 -1.306936901 0.5618819046 1


mesh: pSphereShape21 tranform: pSphere21 0.001781485633 -0.0009632819026 0.2640421644 0 0.07472195406 0.125001521 -4.811498438e-05 0 -0.2272411927 0.1358383757 0.002028757681 0 -4.682467572 0.1725832048 0.3968122344 1


mesh: pSphereShape22 tranform: pSphere22 0.001950607854 -0.0009125309937 0.009765368205 0 -0.002141344421 0.009676800381 0.001331982905 0 -0.009571299445 -0.002350919304 0.001692159967 0 -4.779115459 1.142805275 0.1906812358 1


mesh: pSphereShape23 tranform: pSphere23 0.0005266295268 -0.001637800275 0.00985090207 0 0.0007716985212 0.009841766718 0.001595026415 0 -0.009956261484 0.0006761938554 0.0006446853 0 -4.589788557 1.089332034 0.4559941233 1


mesh: pSphereShape24 tranform: pSphere24 0.001660857973 -0.0009565551844 0.009814609161 0 -0.001979089102 0.009718001935 0.001282047083 0 -0.009660473959 -0.002155328415 0.001424711305 0 -4.67313011 1.091076923 0.7358000509 1


