mesh: pSphereShape1 tranform: pSphere1 0.1291783323 0.06904018842 -0.01022475778 0 -0.03672101647 0.0723711791 0.02473996719 0 0.02983576223 -0.03437413637 0.1448383609 0 -1.244867071 0.5258384881 0.6189944091 1


mesh: pSphereShape2 tranform: pSphere2 0.2277536159 0.1174030694 -0.04285261888 0 -0.05623259819 0.1230218596 0.03817657834 0 0.03532181476 -0.02276048887 0.1253720289 0 -0.9246791697 0.6564914432 0.5593474309 1


mesh: pSphereShape3 tranform: pSphere3 0.2595362996 0.1369224548 0.01146946842 0 -0.06183891734 0.1146178263 0.0310118681 0 0.009942874644 -0.02970353586 0.1296088099 0 -0.5080576962 0.8696787848 0.5113047692 1


mesh: pSphereShape4 tranform: pSphere4 0.1803097739 0.002111196324 -0.012341527 0 -0.001513475561 0.1486521797 0.003317215053 0 0.01181147541 -0.003716409088 0.1719299719 0 -0.1527936822 1.03920381 0.5150710257 1


mesh: pSphereShape5 tranform: pSphere5 0.1867720726 0.002282254389 -0.001083306829 0 -0.001677806684 0.1385070436 0.002530101693 0 0.00106377109 -0.003213670573 0.1766335376 0 0.1425707201 1.062901227 0.5133459952 1


mesh: pSphereShape6 tranform: pSphere6 0.2187147195 -0.1511276097 0.01825591501 0 0.05752907594 0.08634351678 0.02554972421 0 -0.02003714417 -0.01672180932 0.1016268587 0 0.4250397078 0.8655889442 0.5368580095 1


mesh: pSphereShape7 tranform: pSphere7 0.1926508107 -0.09663996996 0.1294233295 0 0.03352276651 0.0926954642 0.01931567315 0 -0.06980617705 0.003108977067 0.1062302145 0 0.7741769174 0.6214822467 0.7194287477 1


mesh: pSphereShape8 tranform: pSphere8 0.1141560065 -0.145236903 0.04142108154 0 0.03195011482 0.02824773011 0.01099235715 0 -0.0381766013 0.000946149642 0.1085317916 0 1.027705807 0.4456998016 0.8825100566 1


mesh: pSphereShape10 tranform: pSphere10 0.1820826439 0.00406770483 -0.02227125692 0 -0.001516337954 0.1539811139 0.01572658868 0 0.02745387718 -0.02223902054 0.2203922656 0 -0.015849687 1.473865525 0.5828479454 1


mesh: pSphereShape11 tranform: pSphere11 0.0775582336 0.003842366234 -0.006467902262 0 -0.005318685945 0.1675018165 0.03572958087 0 0.008376715194 -0.01878043699 0.08929045206 0 -0.01852785383 1.292655296 0.5274075004 1


mesh: pSphereShape12 tranform: pSphere12 0.3163191705 0.003734184033 -0.007736201438 0 -0.001900913489 0.1657548744 0.002283268786 0 0.004266701196 -0.002338667672 0.1733287813 0 -0.03775419763 0.8594788806 0.561415091 1


mesh: pSphereShape13 tranform: pSphere13 0.2189780619 0.003895112158 -0.005666397508 0 -0.003721392036 0.2068325492 -0.001635472746 0 0.005033130295 0.001637457329 0.1956310329 0 -0.02626960018 0.6369967892 0.5571524832 1


mesh: pSphereShape14 tranform: pSphere14 0.2214818099 0.002565079555 -0.005317384822 0 -0.002895546302 0.2415928862 -0.004063249739 0 0.004547065245 0.003266373099 0.1909718369 0 -0.02325864785 0.4428246374 0.570975337 1


mesh: pSphereShape15 tranform: pSphere15 0.1517450852 0.00216203523 8.097441968e-05 0 -0.005417402342 0.3798780388 0.009317478027 0 -3.461860366e-05 -0.004612210664 0.1880219082 0 -0.2050979432 -0.1600428183 0.565714905 1


mesh: pSphereShape16 tranform: pSphere16 0.1002070076 0.001347035425 2.977172375e-05 0 -0.004832242616 0.35821684 0.05689288656 0 0.0001510393988 -0.01305261758 0.08219651992 0 -0.2324960091 -0.8713826327 0.5340102922 1


mesh: pSphereShape17 tranform: pSphere17 0.1104533412 -0.0001246593481 0.0206733389 0 0.0002485324728 0.1040333214 -0.0007005407325 0 -0.05122154803 0.001965262054 0.2736779063 0 -0.2778535243 -1.333943336 0.6686160435 1


mesh: pSphereShape18 tranform: pSphere18 0.1275312914 0.008812625271 -0.001392814007 0 -0.02494839083 0.3558859168 -0.03260397749 0 0.00066462351 0.01337429201 0.1454773697 0 0.1745686348 -0.1745720671 0.5825593399 1


mesh: pSphereShape19 tranform: pSphere19 0.08616558824 0.006772454718 -0.001871660602 0 -0.03131263533 0.4211373185 0.08231288115 0 0.003644232784 -0.01904848181 0.09884403227 0 0.2450997299 -0.8916967149 0.563303935 1


mesh: pSphereShape20 tranform: pSphere20 0.1146274047 0.002541792152 -0.01325132651 0 -0.001616761962 0.08191669945 0.001727373939 0 0.03017817543 -0.004889337093 0.2601111856 0 0.2718338126 -1.313172279 0.7105987314 1


mesh: pSphereShape21 tranform: pSphere21 0.2639561742 0.003056994099 -0.006337118857 0 -0.003562425156 0.1100791504 -0.09528191205 0 0.002797402172 0.1733129586 0.2001237936 0 -0.01823232526 0.2684378198 0.5235808874 1


mesh: pSphereShape22 tranform: pSphere22 0.009975976931 0.0001168059023 -0.0006828181636 0 -0.0001017825969 0.009996993202 0.0002230857052 0 0.0006852186266 -0.0002155998843 0.009974166237 0 -0.3027122396 1.206053978 0.4313656828 1


mesh: pSphereShape23 tranform: pSphere23 0.00995328459 0.000493102574 -0.0008300456176 0 -0.0003975765632 0.009927944296 0.001130422457 0 0.0008798060878 -0.001092140974 0.0099011701 0 -0.05542436447 1.228220648 0.3394431451 1


mesh: pSphereShape24 tranform: pSphere24 0.00999908534 0.0001221834511 -5.799623726e-05 0 -0.000121106029 0.009997598771 0.0001826256696 0 6.02136945e-05 -0.0001819065961 0.009998164047 0 0.257557348 1.213217763 0.4089344529 1


