mesh: pSphereShape1 tranform: pSphere1 -0.006820874034 0.1403699462 0.04251927465 0 -0.08398661461 -0.007031759421 0.009741125082 0 0.02030886998 -0.0427129689 0.1442673103 0 4.312723752 -0.1201948222 -0.70259261 1


mesh: pSphereShape2 tranform: pSphere2 -0.033966941 0.2483913617 0.06811398955 0 -0.1381335832 -0.01268347432 -0.0226313247 0 -0.01722843275 -0.03685613083 0.1258118548 0 4.313884712 0.2192848473 -0.6068807886 1


mesh: pSphereShape3 tranform: pSphere3 -0.02455102213 0.2714667853 0.10927685 0 -0.1315462501 -0.001914494585 -0.02479823685 0 -0.02212236381 -0.05081903195 0.1212750238 0 4.275841593 0.6722453827 -0.4717059237 1


mesh: pSphereShape4 tranform: pSphere4 0.1269405194 0.02837617712 0.1254961438 0 -0.03076275568 0.1454691223 -0.001775491976 0 -0.117410617 -0.0233152786 0.1240337966 0 4.336251248 0.9653159983 -0.2826536839 1


mesh: pSphereShape5 tranform: pSphere5 0.1101331101 0.02908442731 0.1480371017 0 -0.02938854632 0.1353050627 -0.004719210545 0 -0.1376814835 -0.02615294962 0.1075671799 0 4.51318341 1.030259698 -0.05658744345 1


mesh: pSphereShape6 tranform: pSphere6 0.06823491063 -0.2150983649 0.1417238575 0 0.003465846901 0.05952306424 0.0886711825 0 -0.10136904 -0.02048570822 0.01771377865 0 4.625794627 0.7819840003 0.1416325083 1


mesh: pSphereShape7 tranform: pSphere7 -0.02109619456 -0.1752654307 0.1789999895 0 -0.001906098907 0.0718697973 0.07014569988 0 -0.1266797619 0.00573316319 -0.009316400481 0 4.614345636 0.4108716991 0.4255394012 1


mesh: pSphereShape8 tranform: pSphere8 0.03006555245 -0.1848999471 0.02737023827 0 0.003598832523 0.006999453215 0.04333165204 0 -0.1132044375 -0.01661842706 0.01208640081 0 4.598444613 0.1213643415 0.6210178318 1


mesh: pSphereShape10 tranform: pSphere10 0.1278355919 0.02485009802 0.1292562508 0 -0.007650027724 0.1530474059 -0.02185810898 0 -0.1597372718 0.01418879652 0.155253735 0 4.378376913 1.42436971 -0.2168836587 1


mesh: pSphereShape11 tranform: pSphere11 0.05169359904 0.0123998859 0.05697272843 0 -0.03106802212 0.1683011594 -0.008440833141 0 -0.06651873453 -0.009152311513 0.06234703001 0 4.411518378 1.237749822 -0.2130566526 1


mesh: pSphereShape12 tranform: pSphere12 0.1907910397 0.04892169483 0.2476631936 0 -0.02719480522 0.163146495 -0.01127691942 0 -0.1353782602 -0.01515055015 0.1072834006 0 4.401429141 0.8008571807 -0.1598775896 1


mesh: pSphereShape13 tranform: pSphere13 0.1308393141 0.03658151462 0.1718765203 0 -0.04637549941 0.2014649907 -0.007576113161 0 -0.1507153763 -0.03013770614 0.1211449904 0 4.452183799 0.5802089131 -0.1433042013 1


mesh: pSphereShape14 tranform: pSphere14 0.1305920833 0.03450895603 0.1756242752 0 -0.04800563684 0.2365820042 -0.01079031843 0 -0.1495987129 -0.02505744833 0.1161634059 0 4.483586083 0.389349201 -0.1288050064 1


mesh: pSphereShape15 tranform: pSphere15 0.09723200663 0.03101507059 0.1123176484 0 -0.0580640818 0.3718916304 -0.0524277179 0 -0.1415179502 -0.004643675969 0.12379264 0 4.454901624 -0.2160106984 -0.2116445409 1


mesh: pSphereShape16 tranform: pSphere16 0.06312556531 0.02290740342 0.07438866604 0 -0.1403241375 0.3341053547 0.01619271354 0 -0.05605188654 -0.02623866422 0.05564512595 0 4.59248286 -0.9050558308 -0.1797012798 1


mesh: pSphereShape17 tranform: pSphere17 0.08452018393 0.02739725906 0.06879732377 0 -0.0224384272 0.1008057863 -0.01257755681 0 -0.1733820932 -0.01144755854 0.2175654127 0 4.627534334 -1.352116472 -0.04328982323 1


mesh: pSphereShape18 tranform: pSphere18 0.06256900308 0.02187585063 0.1093178832 0 0.08703403622 0.3277895385 -0.1154093684 0 -0.1223557535 0.05338336232 0.05934867076 0 4.522928445 -0.1745643513 0.1366772636 1


mesh: pSphereShape19 tranform: pSphere19 0.04379761447 0.01301485577 0.07339114625 0 -0.1297305003 0.4101958752 0.004676944012 0 -0.08136136165 -0.02633858613 0.05322476415 0 4.527315655 -0.8477263395 0.2813166932 1


mesh: pSphereShape20 tranform: pSphere20 0.08957108331 0.01894593171 0.07028209572 0 -0.01523169033 0.08049046102 -0.002285756738 0 -0.1578371271 -0.02397255629 0.2076179535 0 4.490547506 -1.278759973 0.4309402408 1


mesh: pSphereShape21 tranform: pSphere21 0.1556361974 0.0411268628 0.209304375 0 0.05097752823 0.1216159452 -0.06180296491 0 -0.1927538261 0.1396854362 0.1158821872 0 4.559854058 0.2266073497 -0.148312588 1


mesh: pSphereShape22 tranform: pSphere22 0.007023222678 0.001569965301 0.006943309886 0 -0.002068823075 0.00978292972 -0.0001194034373 0 -0.006811337189 -0.001352588278 0.007195567431 0 4.268473196 1.11905306 -0.4532180075 1


mesh: pSphereShape23 tranform: pSphere23 0.006633997176 0.001591315164 0.007311483947 0 -0.001100637395 0.009872485515 -0.001150055255 0 -0.007401261973 -4.178293296e-05 0.0067245502 0 4.539552693 1.151961365 -0.3437904668 1


mesh: pSphereShape24 tranform: pSphere24 0.005896119006 0.001557072568 0.007925358394 0 -0.002121299299 0.009766476078 -0.000340638081 0 -0.007793322138 -0.001480361454 0.006088732218 0 4.634183261 1.20784741 -0.03334101228 1


