mesh: pSphereShape1 tranform: pSphere1 0.05686997863 0.1342905963 -0.01702868453 0 0.01583898178 0.003850322824 0.08326096482 0 0.1370713634 -0.06099640592 -0.02325477463 0 -0.1496542434 0.01856864088 1.104556841 1


mesh: pSphereShape2 tranform: pSphere2 0.09813214186 0.2404682119 -0.006054669482 0 -0.006006175911 0.005983432028 0.1402927602 0 0.1222997894 -0.04972382254 0.007356567505 0 -0.01964803211 0.3416747783 1.048525886 1


mesh: pSphereShape3 tranform: pSphere3 0.1401367832 0.2570711284 -0.02268292484 0 -0.00788084173 0.01600349833 0.1326831344 0 0.1169153521 -0.06245645167 0.01447744745 0 0.1671840141 0.7760750328 1.012940133 1


mesh: pSphereShape4 tranform: pSphere4 0.1249736337 -0.01849469602 -0.1292591277 0 0.02190115108 0.1470751081 0.0001311862234 0 0.1219141849 -0.0182618732 0.1204851585 0 0.3896115267 1.021739115 0.9035046086 1


mesh: pSphereShape5 tranform: pSphere5 0.141746587 -0.01914215936 -0.1201318948 0 0.01802064804 0.1373618712 -0.0006246257379 0 0.1127364051 -0.01417485242 0.1352791277 0 0.6128968879 1.011133654 0.7101428665 1


mesh: pSphereShape6 tranform: pSphere6 0.111272616 -0.2420006809 0.007939569336 0 0.09366240061 0.04209699884 -0.02954290568 0 0.02511362704 0.01485390607 0.1007858704 0 0.7711684755 0.7199794564 0.677615072 1


mesh: pSphereShape7 tranform: pSphere7 0.1613788985 -0.1772476149 0.07579017739 0 0.07698158247 0.05801396036 -0.02824068965 0 0.003064962195 0.05232534259 0.1158451168 0 1.014921235 0.3443124328 0.8105415538 1


mesh: pSphereShape8 tranform: pSphere8 0.01946805667 -0.1857981565 0.03067731452 0 0.04344803702 0.003514950049 -0.006284044442 0 0.01462366645 0.0200809375 0.1123405635 0 1.18758702 0.06039780968 0.9201401958 1


mesh: pSphereShape10 tranform: pSphere10 0.1130061654 -0.01379692873 -0.1438954331 0 0.01632805377 0.1539138091 -0.0019345097 0 0.1742659216 -0.01674681135 0.1384628941 0 0.5610342383 1.442145445 0.8248176927 1


mesh: pSphereShape11 tranform: pSphere11 0.05194164911 -0.003193588005 -0.05799778634 0 0.0322287234 0.1671423001 0.01965987789 0 0.0660922803 -0.01983476425 0.06028309558 0 0.5146045434 1.259570213 0.8071332949 1


mesh: pSphereShape12 tranform: pSphere12 0.2311891357 -0.03293683815 -0.2135377221 0 0.0178965191 0.164702392 -0.006028420793 0 0.1169067383 -0.00802503003 0.1278082703 0 0.4842159356 0.8288459066 0.8704284709 1


mesh: pSphereShape13 tranform: pSphere13 0.1634389941 -0.02336089341 -0.1440160944 0 0.02094857307 0.2055862724 -0.009574383287 0 0.128810983 -0.006270137119 0.1472003082 0 0.4639822349 0.6064906617 0.8724431565 1


mesh: pSphereShape14 tranform: pSphere14 0.1667694929 -0.009256181812 -0.1455723382 0 0.008979653794 0.2414244013 -0.005063708196 0 0.1255815014 -0.001651210486 0.1439727318 0 0.4589860111 0.4133052525 0.8871020346 1


mesh: pSphereShape15 tranform: pSphere15 0.105215694 -0.02558006171 -0.1063323564 0 -0.01753053 0.3647871898 -0.1051022105 0 0.1352604594 0.04214118579 0.1237022241 0 0.3470500487 -0.1725983569 1.105999986 1


mesh: pSphereShape16 tranform: pSphere16 0.07465086413 -0.004736943422 -0.0666938499 0 0.1779774308 0.2592601475 0.1807973055 0 0.03762621595 -0.05807565809 0.04624010528 0 0.2072070346 -0.7683803116 1.106839789 1


mesh: pSphereShape17 tranform: pSphere17 0.09869275353 -0.03769157032 -0.038293981 0 0.04927453312 0.07367091631 0.05448028059 0 0.0182844461 -0.1730002599 0.2174021498 0 -0.01751120505 -1.226982836 1.037331865 1


mesh: pSphereShape18 tranform: pSphere18 0.07914056233 -0.02066836948 -0.09825183194 0 0.04340660654 0.3534192049 -0.03938222202 0 0.1133607632 -0.003662089752 0.09208096977 0 0.5353936591 -0.1928110905 0.7939488446 1


mesh: pSphereShape19 tranform: pSphere19 0.05310704969 -0.01270698754 -0.06702276921 0 0.1212314528 0.4124272247 0.01786761714 0 0.07424206517 -0.02457360545 0.06348638817 0 0.4116322228 -0.905749615 0.8144981536 1


mesh: pSphereShape20 tranform: pSphere20 0.04481557902 0.008221874359 -0.1060446365 0 -0.002914180241 0.08173971348 0.005105896888 0 0.2411727074 0.002220923929 0.1020943165 0 0.4915943246 -1.317728589 0.9138413974 1


mesh: pSphereShape21 tranform: pSphere21 0.1987514792 -0.01103127313 -0.1734892697 0 -0.05727061973 0.1124064412 -0.07275727518 0 0.1397909038 0.167967708 0.1494660234 0 0.4226324231 0.2401114686 0.8501616802 1


mesh: pSphereShape22 tranform: pSphere22 0.006914401035 -0.001023253798 -0.007151504037 0 0.00147287217 0.009890933714 8.822391886e-06 0 0.007072602484 -0.001059425282 0.006989700435 0 0.2471593687 1.211215996 0.9370758921 1


mesh: pSphereShape23 tranform: pSphere23 0.006665830198 -0.0004098428858 -0.007443032754 0 0.00117256864 0.009918219319 0.0005039923841 0 0.007361507356 -0.001208699445 0.006659373477 0 0.3543746187 1.199536172 0.6995876746 1


mesh: pSphereShape24 tranform: pSphere24 0.007588587526 -0.001024800348 -0.006431416921 0 0.00130075124 0.009914938903 -4.508620895e-05 0 0.006381331019 -0.0008023532891 0.0076573392 0 0.6532000716 1.153371244 0.5524632008 1


