mesh: pSphereShape1 tranform: pSphere1 -0.003947920348 0.1413691991 -0.03946261923 0 0.0548268213 0.0188240971 0.06194965397 0 0.1157903701 -0.02338858471 -0.09537016851 0 -1.974233618 0.1445015109 0.5429229978 1


mesh: pSphereShape2 tranform: pSphere2 0.01680928153 0.2521032194 -0.06043965597 0 0.1150219867 0.01149763988 0.07994798956 0 0.07550469211 -0.03004157554 -0.1043089704 0 -1.992634162 0.481743718 0.4408071563 1


mesh: pSphereShape3 tranform: pSphere3 0.05752235628 0.2695709612 -0.1012969571 0 0.1053769317 0.00838336761 0.08214898166 0 0.07798715052 -0.052229883 -0.09470822601 0 -1.947888683 0.933059518 0.3120095011 1


mesh: pSphereShape4 tranform: pSphere4 -0.006601259844 -0.01382667462 -0.1800933964 0 0.02976540328 0.1451724834 -0.01223666107 0 0.1687690509 -0.03489910859 -0.0035067901 0 -1.884849829 1.18931018 0.0902642077 1


mesh: pSphereShape5 tranform: pSphere5 0.01231518227 -0.01523146527 -0.1857593284 0 0.02775671991 0.1354148222 -0.009263260759 0 0.1726915532 -0.03442129041 0.01427123293 0 -1.865980935 1.184293284 -0.204308163 1


mesh: pSphereShape6 tranform: pSphere6 0.06152367608 -0.2476528191 -0.07675858181 0 0.0444222904 0.03866933331 -0.08915676448 0 0.09230132342 0.007647984711 0.04930617086 0 -1.805962392 0.8895192788 -0.3450029744 1


mesh: pSphereShape7 tranform: pSphere7 0.2060156116 -0.1372634269 -0.04382164194 0 0.02481323519 0.06136219102 -0.07555332594 0 0.06575826857 0.07289873078 0.08080254775 0 -1.524289286 0.5471302148 -0.4118554929 1


mesh: pSphereShape8 tranform: pSphere8 0.1008861136 -0.1590265702 0.01932873163 0 0.02153679221 0.009127441028 -0.03731531067 0 0.07945266627 0.05769343284 0.05996865442 0 -1.254038826 0.3288643361 -0.4404231646 1


mesh: pSphereShape10 tranform: pSphere10 0.009100311335 -0.01734877216 -0.1824358757 0 -0.01407773276 0.1533880104 -0.01528868916 0 0.222005392 0.0212774557 0.009050744253 0 -1.879834578 1.618255557 -0.09545452353 1


mesh: pSphereShape11 tranform: pSphere11 0.00222807786 -0.008633467738 -0.07741043884 0 0.0133384667 0.1698219876 -0.01855606983 0 0.09131222302 -0.006801940251 0.003386818085 0 -1.895960388 1.428825871 -0.08233050688 1


mesh: pSphereShape12 tranform: pSphere12 0.0001281593316 -0.02595924266 -0.3153691675 0 0.02045296062 0.1639611435 -0.01348795732 0 0.1720723566 -0.02131469293 0.001824420468 0 -1.857973684 0.9961623245 -0.005955802069 1


mesh: pSphereShape13 tranform: pSphere13 0.0009391158943 -0.0206719964 -0.2181065294 0 0.04085013589 0.2019107986 -0.01896108429 0 0.1918473758 -0.03839481864 0.004465086281 0 -1.896798628 0.7724025293 0.005586757736 1


mesh: pSphereShape14 tranform: pSphere14 -0.001511307902 -0.01458837077 -0.2210745162 0 0.04661815766 0.2365692586 -0.01592953592 0 0.187460293 -0.03686327658 0.001151036895 0 -1.923664798 0.5800195954 0.01991293627 1


mesh: pSphereShape15 tranform: pSphere15 -0.01872180465 0.000800332313 -0.1505991545 0 -0.1333834887 0.3553747098 0.01847020649 0 0.1745783527 0.06663441003 -0.02134867325 0 -1.795864552 0.02826054663 0.1896248505 1


mesh: pSphereShape16 tranform: pSphere16 -0.01105005809 0.00864604221 -0.09922903775 0 0.1061234935 0.3463813717 0.01836314484 0 0.07905428121 -0.02364453471 -0.01086361481 0 -1.715473114 -0.6355600725 0.1882494061 1


mesh: pSphereShape17 tranform: pSphere17 0.0187017069 -0.007637749286 -0.1105407346 0 0.04049826795 0.09582964951 0.0002303576162 0 0.2522535888 -0.1067244133 0.05005129571 0 -1.673934433 -1.158362597 0.2165029553 1


mesh: pSphereShape18 tranform: pSphere18 -0.009419652002 -0.00863247864 -0.1272029208 0 -0.03233697684 0.3561186399 -0.02177295511 0 0.1450972501 0.01246674506 -0.01159080706 0 -1.934190234 -0.03214303435 -0.1231019025 1


mesh: pSphereShape19 tranform: pSphere19 -0.008016588082 -0.00660318018 -0.08582546347 0 0.1917452424 0.3822397739 -0.04731859939 0 0.0896873229 -0.04559320114 -0.0048694896 0 -2.038101253 -0.7223277418 -0.08197709914 1


mesh: pSphereShape20 tranform: pSphere20 -0.03321742251 0.002470011957 -0.110507928 0 0.04618900534 0.06654959227 -0.01239640849 0 0.2027846056 -0.15273359 -0.06436855568 0 -2.045929919 -1.219958262 -0.05876943297 1


mesh: pSphereShape21 tranform: pSphere21 -0.00180113686 -0.01738603517 -0.2634707723 0 -0.07013686129 0.1273842435 -0.007926423238 0 0.2320207633 0.1271282888 -0.009975140798 0 -2.006477541 0.4194730449 0.02692111928 1


mesh: pSphereShape22 tranform: pSphere22 -0.0003652271006 -0.0007649867453 -0.009964005442 0 0.002001750226 0.009762980488 -0.0008229264975 0 0.009790791858 -0.00202460052 -0.0002034392667 0 -1.941668886 1.382389375 0.2199297623 1


mesh: pSphereShape23 tranform: pSphere23 0.0002859360251 -0.001107959238 -0.009934317637 0 -0.0001915418117 0.009935949168 -0.001113654282 0 0.009994075861 0.0002221271077 0.0002628825291 0 -2.077258715 1.344253515 -0.05365633088 1


mesh: pSphereShape24 tranform: pSphere24 0.0006593092682 -0.0008154362642 -0.009944866766 0 0.00200351218 0.009774398652 -0.0006686328866 0 0.009775031981 -0.001948382583 0.0008078088109 0 -1.932831524 1.339121205 -0.3395045735 1


