mesh: pSphereShape1 tranform: pSphere1 -0.04589377375 0.1393555696 -0.005649919253 0 0.03657833607 0.008964007233 -0.07602472293 0 -0.1285045587 -0.0450422645 -0.06713923999 0 4.688612044 -0.05400115623 0.2106198085 1


mesh: pSphereShape2 tranform: pSphere2 -0.06747936632 0.248604359 -0.03367410015 0 0.0785567394 0.005554470169 -0.1164127172 0 -0.1041261702 -0.03802667691 -0.07208001543 0 4.575069467 0.2800576029 0.2088523614 1


mesh: pSphereShape3 tranform: pSphere3 -0.1101480279 0.2668550204 -0.05379784541 0 0.07850848651 0.0106494624 -0.107916821 0 -0.09572875122 -0.05464011484 -0.07503378198 0 4.432606193 0.72794378 0.1525369984 1


mesh: pSphereShape4 tranform: pSphere4 -0.1734034399 -0.00109100983 0.05097491259 0 -0.007367187309 0.1468881061 -0.02191743345 0 -0.04786997804 -0.026784292 -0.1634145183 0 4.207042138 0.9941200199 0.1318058913 1


mesh: pSphereShape5 tranform: pSphere5 -0.1849450531 -0.001419869381 0.02614384515 0 -0.003614074453 0.1373040527 -0.01810947734 0 -0.02433076783 -0.02351018007 -0.1733959372 0 3.917147303 1.011431181 0.1802080946 1


mesh: pSphereShape6 tranform: pSphere6 -0.1013133551 -0.2442473109 -0.03298206455 0 -0.09630925838 0.0424417951 -0.01846094946 0 0.02177388983 0.00481306302 -0.1025273457 0 3.74878407 0.7241891959 0.1586292059 1


mesh: pSphereShape7 tranform: pSphere7 -0.1158485578 -0.1905838202 -0.1160212739 0 -0.08075612983 0.05793580447 -0.01453307408 0 0.04779192316 0.0386995452 -0.1112910771 0 3.579857295 0.3287227316 -0.02632893491 1


mesh: pSphereShape8 tranform: pSphere8 -0.01085354733 -0.1884479742 -0.0145127301 0 -0.04267799934 0.003256705927 -0.01037102928 0 0.02762168289 0.006993682024 -0.1114703051 0 3.460923876 0.02901442721 -0.162506703 1


mesh: pSphereShape10 tranform: pSphere10 -0.1519011116 -0.0157975247 0.1017012036 0 -0.02557267621 0.1519636961 -0.01459046353 0 -0.1196478578 -0.03785721236 -0.1845867323 0 3.991712481 1.415936999 0.09703420053 1


mesh: pSphereShape11 tranform: pSphere11 -0.07056630826 -0.002560956477 0.0329501863 0 -0.02725437606 0.162879259 -0.04570881619 0 -0.03602643669 -0.02829730436 -0.07935374866 0 4.043754247 1.239458327 0.1381083633 1


mesh: pSphereShape12 tranform: pSphere12 -0.3105965174 -0.002799379939 0.06044482939 0 -0.003921332142 0.1652633622 -0.01249597647 0 -0.03290275857 -0.01361227692 -0.1697016645 0 4.094341224 0.8098146577 0.1241317665 1


mesh: pSphereShape13 tranform: pSphere13 -0.2159809603 -0.0001206494094 0.03675434405 0 -0.003244155925 0.2060281631 -0.01838745197 0 -0.03268792118 -0.01766297236 -0.192143264 0 4.092342542 0.5865514622 0.1467875672 1


mesh: pSphereShape14 tranform: pSphere14 -0.2185798376 0.01123881979 0.03443239554 0 0.009448312858 0.2407421474 -0.01860012669 0 -0.03032652119 -0.01334724071 -0.1881588179 0 4.087653291 0.3926839368 0.1514934734 1


mesh: pSphereShape15 tranform: pSphere15 -0.1324666985 -0.01387725517 0.07274096111 0 -0.004550488543 0.3747113958 0.06319929501 0 -0.09174688704 0.02622167279 -0.1620754277 0 4.236352112 -0.2150437113 0.0694510418 1


mesh: pSphereShape16 tranform: pSphere16 -0.08820527816 -0.005196527907 0.04728725796 0 -0.05852509428 0.3509557485 -0.07059979841 0 -0.03715511743 -0.02059304016 -0.07156874647 0 4.310651319 -0.9059106722 0.02168607794 1


mesh: pSphereShape17 tranform: pSphere17 -0.09822307199 0.00740550686 0.0540807697 0 0.0009754449618 0.1032930245 -0.01237271593 0 -0.1352280429 -0.02768806893 -0.2418136739 0 4.290579251 -1.380943687 -0.07437002845 1


mesh: pSphereShape18 tranform: pSphere18 -0.125360524 0.006637378025 -0.02417678277 0 0.01505082373 0.35736668 0.0200687827 0 0.02798505941 0.006864388639 -0.1432225371 0 3.884070343 -0.2010288868 0.1791715848 1


mesh: pSphereShape19 tranform: pSphere19 -0.08497924708 0.004653782139 -0.0151903828 0 0.04748760848 0.4033187038 -0.1420967373 0 0.01480043666 -0.03465435503 -0.09341461641 0 3.814039865 -0.9067978131 0.2542698786 1


mesh: pSphereShape20 tranform: pSphere20 -0.110531472 -0.009851970459 -0.03173692876 0 -0.005094027935 0.08144399961 -0.007541166754 0 0.0736273442 -0.01860337347 -0.2506499261 0 3.855593411 -1.323358423 0.1826619969 1


mesh: pSphereShape21 tranform: pSphere21 -0.2604976802 0.01339412873 0.04103562003 0 0.01920009578 0.1178115563 0.08342988988 0 -0.0255912559 0.1550565946 -0.2130663745 0 4.084751778 0.2234389385 0.2149755315 1


mesh: pSphereShape22 tranform: pSphere22 -0.009593871033 -6.036216816e-05 0.00282028279 0 -0.0004954499934 0.009878357661 -0.001473967174 0 -0.002777079025 -0.001553836007 -0.009480159585 0 4.361963558 1.17453825 0.1595503084 1


mesh: pSphereShape23 tranform: pSphere23 -0.009055989493 -0.000328655353 0.004228597872 0 -0.001201804319 0.009760157466 -0.001815211454 0 -0.004067520213 -0.002152048304 -0.008878286288 0 4.149982441 1.197749526 0.3049008155 1


mesh: pSphereShape24 tranform: pSphere24 -0.009901273481 -7.601455033e-05 0.001399644685 0 -0.0002608680784 0.009910765492 -0.001307163042 0 -0.001377218684 -0.001330770138 -0.009814902931 0 3.811712327 1.17037208 0.2818939443 1


