mesh: pSphereShape1 tranform: pSphere1 -0.0413101541 0.1401082919 -0.01487523217 0 0.07818071858 0.02029487139 -0.02596112535 0 -0.04065168234 -0.02724447804 -0.1437187666 0 4.13092009 -0.07221296997 0.7420818523 1


mesh: pSphereShape2 tranform: pSphere2 -0.0438156141 0.253196516 -0.03825249607 0 0.1359701286 0.01898291068 -0.03009497303 0 -0.02496463642 -0.02361036467 -0.1276837253 0 4.024401543 0.262542781 0.7085116973 1


mesh: pSphereShape3 tranform: pSphere3 -0.06039856474 0.275502698 -0.08178431942 0 0.1300770165 0.02165717216 -0.02310780051 0 -0.01558456367 -0.04081433487 -0.1259798232 0 3.929240192 0.7186760569 0.6265242359 1


mesh: pSphereShape4 tranform: pSphere4 -0.1558999532 -0.0139050477 -0.09038937561 0 -0.005064530712 0.1479473966 -0.01402438613 0 0.08702045476 -0.011086875 -0.1483838251 0 3.765511805 0.9821717961 0.4794439872 1


mesh: pSphereShape5 tranform: pSphere5 -0.1495511311 -0.01317167715 -0.1111357523 0 -0.006615080856 0.1381802382 -0.007475296157 0 0.1055116648 -0.002613121402 -0.1416733076 0 3.524352126 0.9809349781 0.3090775048 1


mesh: pSphereShape6 tranform: pSphere6 -0.01742071333 -0.2362835994 -0.1219653261 0 -0.05274914186 0.04566437429 -0.08093132169 0 0.09098979878 0.01851207331 -0.0488598416 0 3.457232073 0.6975194824 0.1469218438 1


mesh: pSphereShape7 tranform: pSphere7 0.03578969794 -0.1665947024 -0.184849451 0 -0.04756883102 0.06093973146 -0.06413170536 0 0.1105160943 0.05583199771 -0.02892071026 0 3.529884287 0.3380506424 -0.1420015343 1


mesh: pSphereShape8 tranform: pSphere8 0.02402909056 -0.1827131381 -0.04335400537 0 -0.01662254186 0.007333198053 -0.04011846605 0 0.1055388546 0.02324729581 -0.03947925133 0 3.595603044 0.06893600537 -0.3556533865 1


mesh: pSphereShape10 tranform: pSphere10 -0.1768791692 -0.02478640527 -0.04202425412 0 -0.01850928417 0.1531746847 -0.01243907871 0 0.05301157538 -0.01117838169 -0.2165314222 0 3.606813282 1.403577545 0.344975339 1


mesh: pSphereShape11 tranform: pSphere11 -0.07247187588 -0.005996034997 -0.02799556943 0 -0.00132533628 0.1682182491 -0.03259776175 0 0.03365877292 -0.01595721812 -0.08371447423 0 3.62490395 1.22194069 0.3927439821 1


mesh: pSphereShape12 tranform: pSphere12 -0.2594399075 -0.02317331448 -0.179681781 0 -0.01097059561 0.1653272562 -0.005481747698 0 0.09861017846 0.00181475399 -0.1426158473 0 3.712045557 0.7946333366 0.3852039367 1


mesh: pSphereShape13 tranform: pSphere13 -0.1750361307 -0.01744277097 -0.130601586 0 -0.01516132646 0.2061898517 -0.007218460878 0 0.1168209975 0.003094262776 -0.1569802369 0 3.720417012 0.5711565133 0.3915043179 1


mesh: pSphereShape14 tranform: pSphere14 -0.1771984765 0.004055903715 -0.132940949 0 -0.001591682242 0.241452811 0.009488069936 0 0.114682786 0.006754728908 -0.1526558866 0 3.733943575 0.378144392 0.3809203914 1


mesh: pSphereShape15 tranform: pSphere15 -0.1249042586 -0.01459041595 -0.08495468081 0 -0.09442528182 0.3599686324 0.07700608938 0 0.09606315282 0.05752628628 -0.1511162093 0 3.955124637 -0.2209113949 0.3803138016 1


mesh: pSphereShape16 tranform: pSphere16 -0.07812864889 0.005059512633 -0.06255857509 0 0.18693526 0.2242062278 -0.215328195 0 0.02961758307 -0.06528977266 -0.04226944387 0 3.940056195 -0.7817813863 0.4816579684 1


mesh: pSphereShape17 tranform: pSphere17 -0.07020922838 -0.00263921131 -0.08769858532 0 0.06742009318 0.05637996255 -0.055671495 0 0.1212612549 -0.2339139921 -0.09003920252 0 3.789395593 -1.236957426 0.6992941437 1


mesh: pSphereShape18 tranform: pSphere18 -0.1067563187 -0.01928023643 -0.06764017654 0 -0.05137242591 0.3539890525 -0.01982049162 0 0.07759617638 0.004334603556 -0.1237053885 0 3.620216469 -0.2057238295 0.2862975751 1


mesh: pSphereShape19 tranform: pSphere19 -0.0727461601 -0.01184962837 -0.04518252261 0 -0.003750840018 0.4176003676 -0.1034813836 0 0.0544174844 -0.01992717322 -0.08238879151 0 3.668697448 -0.9226401739 0.3713171365 1


mesh: pSphereShape20 tranform: pSphere20 -0.1064684847 0.001826103762 -0.04452670413 0 0.001881689487 0.08192132742 -0.001139625877 0 0.1009433662 -0.005679569375 -0.2416001574 0 3.785324331 -1.342252357 0.2741860912 1


mesh: pSphereShape21 tranform: pSphere21 -0.2111804664 0.004833718976 -0.1584355135 0 -0.05682671364 0.1083082576 0.07904934502 0 0.1207751593 0.176922191 -0.1555848292 0 3.701618829 0.2029688594 0.4117571144 1


mesh: pSphereShape22 tranform: pSphere22 -0.008625457753 -0.0007693228829 -0.005000961992 0 -0.0003405942598 0.009949595906 -0.0009431526203 0 0.005048313986 -0.0006431824133 -0.00860818461 0 3.833082421 1.164969531 0.6185135266 1


mesh: pSphereShape23 tranform: pSphere23 -0.009300536796 -0.0007694894528 -0.003592756782 0 -0.0004331691032 0.009939681467 -0.001007520155 0 0.003648613413 -0.0007814207043 -0.009277769228 0 3.584611719 1.154810863 0.5790606418 1


mesh: pSphereShape24 tranform: pSphere24 -0.008006413924 -0.0007051628334 -0.005949796758 0 -0.0004774841951 0.009974009579 -0.0005395755315 0 0.005972381847 -0.0001479131133 -0.008019275328 0 3.35975742 1.120828433 0.3166379156 1


