mesh: pSphereShape1 tranform: pSphere1 0.09761047465 0.1078028218 -0.02022082294 0 0.04866454521 -0.03254552346 0.06140551713 0 0.07265785989 -0.0850437928 -0.1026561904 0 2.526976586 -0.02628166096 0.2284597148 1


mesh: pSphereShape2 tranform: pSphere2 0.166726898 0.197904203 -0.02296965695 0 0.06132004147 -0.03764701077 0.1207331325 0 0.08339480684 -0.07799580402 -0.06667665887 0 2.735418437 0.2498458062 0.1630611087 1


mesh: pSphereShape3 tranform: pSphere3 0.1808969794 0.221283642 -0.0674405722 0 0.06547058016 -0.01837505012 0.1153212662 0 0.08234636465 -0.08572832216 -0.0604097294 0 3.017367797 0.6245725205 0.08678996794 1


mesh: pSphereShape4 tranform: pSphere4 0.02791588762 0.0100802877 -0.178290426 0 0.01441539382 0.1476161768 0.01060310465 0 0.1694850482 -0.01838247197 0.02549786354 0 3.201223748 0.8654522983 -0.09771379404 1


mesh: pSphereShape5 tranform: pSphere5 0.04786702471 0.01198777199 -0.180153353 0 0.01473648114 0.1371356679 0.01304079323 0 0.169729494 -0.02238582939 0.04360779044 0 3.274835638 0.9025743183 -0.3809229289 1


mesh: pSphereShape6 tranform: pSphere6 0.1445582916 -0.2162653125 -0.05780290945 0 0.03316837596 0.04633079811 -0.09039304099 0 0.08190534247 0.0410866853 0.05111285187 0 3.431881133 0.6507175142 -0.5106432619 1


mesh: pSphereShape7 tranform: pSphere7 0.2444755358 -0.05259227523 -0.02588014466 0 0.004927818175 0.06179787674 -0.07903201393 0 0.02898169037 0.09664502617 0.07737717428 0 3.816686772 0.4292533326 -0.5434523415 1


mesh: pSphereShape8 tranform: pSphere8 0.1438140187 -0.120227071 0.02653370027 0 0.02276795683 0.02021154784 -0.03182278248 0 0.04539539937 0.07149010579 0.07788401872 0 4.148485158 0.3208096937 -0.5384785357 1


mesh: pSphereShape10 tranform: pSphere10 0.01988588968 0.008727475443 -0.1821950243 0 -0.009221463985 0.1543825029 0.006388717211 0 0.221492715 0.01220542518 0.02475974447 0 3.242780071 1.314130147 -0.2117136285 1


mesh: pSphereShape11 tranform: pSphere11 0.008810458077 0.005494858904 -0.07722732348 0 0.02019857956 0.1695503567 0.01436815334 0 0.09039728486 -0.01157321816 0.00948949484 0 3.222236119 1.12591913 -0.2239364866 1


mesh: pSphereShape12 tranform: pSphere12 0.03292403016 0.01476595938 -0.3143717309 0 0.002232392403 0.1655727941 0.008010709165 0 0.1724401291 -0.003191486347 0.01790968494 0 3.268871821 0.6910272451 -0.2121757125 1


mesh: pSphereShape13 tranform: pSphere13 0.01618469684 -0.002020260854 -0.2184780211 0 0.009738241369 0.2066397322 -0.001189390476 0 0.1949503342 -0.00910374953 0.01452596463 0 3.260067895 0.4663921583 -0.2274452381 1


mesh: pSphereShape14 tranform: pSphere14 0.005421307734 -0.003073909245 -0.2214728129 0 0.007255285323 0.2415145966 -0.003174479105 0 0.1909105232 -0.005672640305 0.00475192356 0 3.26412143 0.2721165082 -0.2270848116 1


mesh: pSphereShape15 tranform: pSphere15 -0.01898106895 0.007388813951 -0.1503874207 0 -0.2003428415 0.3203174498 0.04102395867 0 0.1580802911 0.1007925413 -0.01499989533 0 3.482706666 -0.2535324898 -0.09171877939 1


mesh: pSphereShape16 tranform: pSphere16 -0.01288811276 0.01282590411 -0.0985527904 0 0.03079583185 0.3589002846 0.04268088669 0 0.08223246118 -0.005689136304 -0.01149424125 0 3.696244971 -0.887610977 -0.1369575304 1


mesh: pSphereShape17 tranform: pSphere17 0.008145327765 -0.0007006380135 -0.1120736624 0 0.004977571045 0.1039164347 -0.0002878808107 0 0.2773847428 -0.01323058108 0.02024257481 0 3.861482449 -1.362387031 -0.1570409026 1


mesh: pSphereShape18 tranform: pSphere18 -0.02750237841 0.006200319704 -0.1246956607 0 -0.05887468343 0.3520572603 0.03049072733 0 0.1406371469 0.02609285916 -0.0297209377 0 3.306763098 -0.3306208296 -0.4399790447 1


mesh: pSphereShape19 tranform: pSphere19 -0.02396424479 1.331435279e-05 -0.08306378661 0 0.3838921 0.1596198796 -0.1107288675 0 0.03590150561 -0.09354013181 -0.01037272595 0 3.084019713 -0.8435999973 -0.4097802772 1


mesh: pSphereShape20 tranform: pSphere20 -0.06144034426 0.03350092396 -0.09178383552 0 0.06936961843 0.01402724341 -0.04131629062 0 -0.002676415745 -0.2465847687 -0.08821136786 0 2.733000791 -1.210502498 -0.3425228503 1


mesh: pSphereShape21 tranform: pSphere21 0.00646097144 -0.00366340389 -0.2639454517 0 -0.09001991165 0.1144150016 -0.003791557815 0 0.2080156199 0.1637568156 0.002819050752 0 3.208811944 0.1000309257 -0.2301949531 1


mesh: pSphereShape22 tranform: pSphere22 0.00154449892 0.0005577108518 -0.009864252718 0 0.0009694482403 0.00992732107 0.0007130683541 0 0.009832328981 -0.001066421574 0.001479206486 0 3.099718883 1.033170062 0.03972219397 1


mesh: pSphereShape23 tranform: pSphere23 0.001130672948 0.0007051719967 -0.009910817885 0 0.0002166043076 0.009970662922 0.0007341413188 0 0.00993351203 -0.0002976799574 0.001112081554 0 3.036571014 1.046127117 -0.2262771847 1


mesh: pSphereShape24 tranform: pSphere24 0.002562623301 0.0006417809341 -0.009644743597 0 0.001063696271 0.009898611286 0.000941299554 0 0.009607367593 -0.001267127397 0.002468375194 0 3.218304445 1.069087427 -0.5066065178 1


