mesh: pSphereShape1 tranform: pSphere1 -0.07896578626 0.1234180811 -0.009514026548 0 0.0504972297 0.0367366846 0.05743285114 0 0.09064898736 0.04941851533 -0.1113125158 0 -3.490664275 0.1364340663 0.6044711594 1


mesh: pSphereShape2 tranform: pSphere2 -0.107006733 0.2360154459 -0.01837948855 0 0.1184788126 0.05753691993 0.0490531139 0 0.04575459763 0.0111226371 -0.1235581638 0 -3.679690758 0.4328354748 0.572369612 1


mesh: pSphereShape3 tranform: pSphere3 -0.03728171522 0.281149797 -0.07617915405 0 0.1175111805 0.030823744 0.05624991577 0 0.06160092687 -0.02324878718 -0.1159500932 0 -3.817748484 0.8703868657 0.5062071994 1


mesh: pSphereShape4 tranform: pSphere4 -0.05792261256 0.01011823753 -0.1709121915 0 0.02830067471 0.1459758057 -0.0009492075346 0 0.1599543222 -0.03137529461 -0.05606642119 0 -3.872832084 1.154834487 0.3122913309 1


mesh: pSphereShape5 tranform: pSphere5 -0.04792516597 0.009739481862 -0.180273432 0 0.02646753864 0.1359881999 0.000310602751 0 0.1673831085 -0.03247232254 -0.04625266608 0 -3.945564549 1.189348351 0.02749955725 1


mesh: pSphereShape6 tranform: pSphere6 0.004440114409 -0.2279927981 -0.1378714284 0 0.04694685567 0.05033758895 -0.08172946689 0 0.09423857232 -0.02251414864 0.04026573057 0 -3.962389572 0.9205491431 -0.1730596653 1


mesh: pSphereShape7 tranform: pSphere7 0.1195711229 -0.186339111 -0.1190986951 0 0.04052798002 0.06653203495 -0.06340576747 0 0.09938917053 0.01387032448 0.0780822223 0 -3.808277277 0.529437332 -0.3694872896 1


mesh: pSphereShape8 tranform: pSphere8 -0.002789384805 -0.1848202357 -0.04092380241 0 0.02684024449 0.007161959451 -0.03417431231 0 0.0912027584 -0.01647271978 0.06817774011 0 -3.676231985 0.2320451346 -0.4972598226 1


mesh: pSphereShape10 tranform: pSphere10 -0.01968896208 -0.004693139439 -0.1823649186 0 -0.01212463425 0.1542910149 -0.00266162915 0 0.2212276995 0.0169651518 -0.02432136424 0 -3.897397191 1.602611186 0.1667148967 1


mesh: pSphereShape11 tranform: pSphere11 -0.011890015 -0.001761898302 -0.07698961225 0 0.01654409746 0.1704299623 -0.006455284208 0 0.09012168505 -0.009267490646 -0.01370600241 0 -3.916199699 1.413367614 0.1706869202 1


mesh: pSphereShape12 tranform: pSphere12 -0.07252983856 0.0159598766 -0.3075976518 0 0.01975809074 0.1645541714 0.003879136042 0 0.1675108164 -0.0191585494 -0.04049218347 0 -3.878021193 0.9764876896 0.1903274013 1


mesh: pSphereShape13 tranform: pSphere13 -0.04749743149 0.01025838815 -0.2136291905 0 0.03798839187 0.2033503633 0.001318620907 0 0.1876376753 -0.03477171465 -0.0433883092 0 -3.916476408 0.7529753419 0.1800505178 1


mesh: pSphereShape14 tranform: pSphere14 -0.04343645287 0.01082952163 -0.2169908808 0 0.04318349593 0.2377326895 0.0032203815 0 0.1842089546 -0.03293927868 -0.03851820949 0 -3.940556658 0.5597336848 0.1764981732 1


mesh: pSphereShape15 tranform: pSphere15 -0.03418552797 0.01241706973 -0.1473377681 0 -0.001073155542 0.3786660427 0.03216153677 0 0.1832438515 0.004101053682 -0.04217088951 0 -3.919110472 -0.03825965522 0.3219817797 1


mesh: pSphereShape16 tranform: pSphere16 -0.01989195688 0.01380361302 -0.09724726259 0 0.1804859892 0.3145544514 0.00773048399 0 0.07027747832 -0.03983178487 -0.02002914078 0 -4.037688697 -0.7115999693 0.311382186 1


mesh: pSphereShape17 tranform: pSphere17 -0.008945502231 0.004052611784 -0.1119414909 0 0.06410946895 0.0819072901 -0.002157850021 0 0.2181657023 -0.171382743 -0.02363868375 0 -4.116225955 -1.238408179 0.2999913841 1


mesh: pSphereShape18 tranform: pSphere18 -0.01529978405 -0.001439742285 -0.1269160208 0 -0.1435135851 0.3279628888 0.01358019903 0 0.1327107977 0.05876309936 -0.01666495886 0 -3.844454604 -0.01487091495 -0.008446866344 1


mesh: pSphereShape19 tranform: pSphere19 -0.01244206007 -0.004142860574 -0.0854512124 0 0.1884817571 0.384012367 -0.04606150022 0 0.08938073987 -0.04516840175 -0.01082435366 0 -3.82277247 -0.6712859829 -0.008093527342 1


mesh: pSphereShape20 tranform: pSphere20 -0.04467232495 0.005776947162 -0.1062662248 0 0.03320449489 0.07426284929 -0.009921397237 0 0.2169248227 -0.1099733912 -0.09716960075 0 -3.810087073 -1.14232486 -0.01379185762 1


mesh: pSphereShape21 tranform: pSphere21 -0.05176641785 0.01290633799 -0.2586040034 0 -0.07013432109 0.1260028276 0.02032775047 0 0.2261503914 0.1321169292 -0.03867631507 0 -4.020830785 0.3977947709 0.1802548512 1


mesh: pSphereShape22 tranform: pSphere22 -0.003204677341 0.0005598104976 -0.009456038036 0 0.001903245908 0.00981700464 -6.38350631e-05 0 0.009279423374 -0.001820173648 -0.003252578937 0 -3.886022114 1.328024608 0.477071008 1


mesh: pSphereShape23 tranform: pSphere23 -0.001525881878 -0.0002261097811 -0.009880311678 0 7.253242081e-06 0.009997354125 -0.0002299084499 0 0.009882895926 -4.224774297e-05 -0.001525314145 0 -4.092733343 1.330958099 0.2244300081 1


mesh: pSphereShape24 tranform: pSphere24 -0.002565735968 0.0005214158036 -0.009651172183 0 0.001910457583 0.009815785714 2.241966618e-05 0 0.0094745528 -0.001838063214 -0.002618085724 0 -4.048452659 1.359307493 -0.05762789152 1


