mesh: pSphereShape1 tranform: pSphere1 -0.1092860083 0.08749620091 -0.0442619256 0 0.005916589325 0.04397238903 0.07231534806 0 0.1008361037 0.09312808016 -0.06487792856 0 4.430348697 0.1954408678 0.3502542304 1


mesh: pSphereShape2 tranform: pSphere2 -0.1666945059 0.185960044 -0.07157751702 0 0.06828943945 0.09238090203 0.08097070817 0 0.07847291653 0.03117731537 -0.101753587 0 4.174707316 0.409718946 0.2346223614 1


mesh: pSphereShape3 tranform: pSphere3 -0.07322313707 0.2656396816 -0.1015496425 0 0.07797206326 0.05694559191 0.09273936964 0 0.1031659717 -0.003823582656 -0.08439056167 0 3.953672082 0.7856347514 0.09604537881 1


mesh: pSphereShape4 tranform: pSphere4 0.02647702151 0.0004942328397 -0.1787934788 0 0.00171308575 0.1486855358 0.0006646924913 0 0.1705041823 -0.002077321161 0.02524374073 0 3.925501539 1.052460349 -0.1186562704 1


mesh: pSphereShape5 tranform: pSphere5 0.03400965351 0.0008844029535 -0.1836647779 0 0.001340640747 0.1385307997 0.0009153185364 0 0.1737045227 -0.001893503113 0.03215617102 0 3.982121391 1.073827382 -0.4089321119 1


mesh: pSphereShape6 tranform: pSphere6 0.01479004065 -0.237712731 -0.1195109769 0 0.06801943373 0.04035490689 -0.07185001045 0 0.08070987679 -0.0260394109 0.061781788 0 4.016309119 0.7900703193 -0.5922876316 1


mesh: pSphereShape7 tranform: pSphere7 0.07912970242 -0.2145592517 -0.1044357916 0 0.06410268279 0.05165363628 -0.05755056999 0 0.0893371025 -0.01077863646 0.08983390046 0 4.131799436 0.3612570032 -0.751384945 1


mesh: pSphereShape8 tranform: pSphere8 -0.06033045106 -0.1724948451 -0.04946537069 0 0.03506912324 -0.004748188533 -0.02621425777 0 0.05915724031 -0.04576180568 0.08742869061 0 4.18459895 0.03329146023 -0.8604249862 1


mesh: pSphereShape10 tranform: pSphere10 0.05515910164 0.0131780897 -0.1745005896 0 -0.0215738532 0.1532051252 0.004750451115 0 0.2105963154 0.02752692945 0.06864765293 0 3.93028309 1.494942637 -0.2361737325 1


mesh: pSphereShape11 tranform: pSphere11 0.021449506 0.00362253145 -0.07482428146 0 0.0006803705132 0.1711413614 0.008480650439 0 0.08808726679 -0.00159765877 0.02517419148 0 3.924222564 1.305448598 -0.2573059884 1


mesh: pSphereShape12 tranform: pSphere12 0.06924470704 0.002739105472 -0.3087543982 0 -0.007981144469 0.1655889595 -0.0003209229928 0 0.1689884927 0.00821858967 0.03797215627 0 4.00354915 0.8754777733 -0.2167176163 1


mesh: pSphereShape13 tranform: pSphere13 0.04538378364 0.004671677575 -0.2142828952 0 -0.004753479446 0.2067882266 0.003501525578 0 0.1914048312 0.003712056022 0.04061928027 0 4.010583114 0.6505827084 -0.2275330721 1


mesh: pSphereShape14 tranform: pSphere14 0.04382319071 0.002885283316 -0.2171641071 0 -0.008152419319 0.2415017813 0.00156349978 0 0.1871684227 0.006073229365 0.03785082434 0 4.027368117 0.456787652 -0.2277643486 1


mesh: pSphereShape15 tranform: pSphere15 0.005274268529 0.017971277 -0.1506003557 0 0.0001440444483 0.3773530478 0.04503492601 0 0.1879648406 -0.0008453352244 0.006481958724 0 4.011447969 -0.1387174869 -0.0876164687 1


mesh: pSphereShape16 tranform: pSphere16 0.0052520059 0.01598945871 -0.09879278014 0 0.146655765 0.3261907407 0.0605899572 0 0.07599611121 -0.03389926823 -0.001446451096 0 3.911457106 -0.8228577446 -0.1493361533 1


mesh: pSphereShape17 tranform: pSphere17 0.005827040204 0.006231180365 -0.1120471376 0 0.04861836124 0.09166016691 0.007625827808 0 0.2457386077 -0.1308026451 0.005505485334 0 3.896635605 -1.339478233 -0.2039377472 1


mesh: pSphereShape18 tranform: pSphere18 0.01955429768 0.01460666345 -0.1254914635 0 -0.1681505683 0.316153931 0.01059743639 0 0.1270495296 0.06664930788 0.02755476934 0 4.236362467 -0.1191857293 -0.4026133847 1


mesh: pSphereShape19 tranform: pSphere19 0.0120835258 0.009080345548 -0.08511999519 0 -0.009865459862 0.4278526506 0.04424154823 0 0.09971315397 0.0008263829109 0.01424330804 0 4.441256393 -0.7933180237 -0.4652198941 1


mesh: pSphereShape20 tranform: pSphere20 -0.00832808605 0.001225581975 -0.1151114295 0 -0.005148381518 0.08177953333 0.001243175303 0 0.2607002554 0.01669624475 -0.01868338837 0 4.674892848 -1.198908684 -0.4899029864 1


mesh: pSphereShape21 tranform: pSphere21 0.0522273218 0.003438604487 -0.25881045 0 -0.09531190086 0.1086642133 -0.01778997744 0 0.1932065082 0.1762322647 0.04133006043 0 3.984830565 0.2817342402 -0.2429010463 1


mesh: pSphereShape22 tranform: pSphere22 0.001464890949 2.734436022e-05 -0.009892085058 0 0.0001152065623 0.009999236434 4.470116975e-05 0 0.009891451964 -0.0001205115452 0.00146446407 0 3.810331062 1.219691492 0.008192628411 1


mesh: pSphereShape23 tranform: pSphere23 0.002752680504 0.0004648905059 -0.009602428175 0 -0.0008926492626 0.009957510499 0.000226190067 0 0.009572143299 0.0007948971443 0.002782482919 0 3.750494525 1.206431213 -0.2865959399 1


mesh: pSphereShape24 tranform: pSphere24 0.001820750946 4.73476601e-05 -0.009832732285 0 9.676900131e-05 0.00999931351 6.606875171e-05 0 0.009832370098 -0.0001071798426 0.001820167775 0 3.900272462 1.222495064 -0.5427881131 1


