mesh: pSphereShape1 tranform: pSphere1 0.009358173902 0.1440365562 -0.02690780371 0 0.05557504767 0.008264970336 0.06357036207 0 0.1143062428 -0.02547593292 -0.09661761965 0 3.321907152 -0.1203496305 0.2291373118 1


mesh: pSphereShape2 tranform: pSphere2 0.04343996567 0.2543350931 -0.03030127089 0 0.09747784127 -0.004598381846 0.1011477114 0 0.09265531473 -0.02660783471 -0.09050321473 0 3.340509086 0.2248165934 0.1579590736 1


mesh: pSphereShape3 tranform: pSphere3 0.07955343352 0.2754079556 -0.06371897156 0 0.08853986351 -0.002348822544 0.1003902852 0 0.09326438339 -0.04622096531 -0.08333655593 0 3.425610631 0.6838514414 0.08372450642 1


mesh: pSphereShape4 tranform: pSphere4 0.02072617092 0.00544888908 -0.1794689958 0 0.008722177073 0.1483385227 0.005511021473 0 0.170939429 -0.01077235542 0.01941406335 0 3.520052746 0.9626483832 -0.09953724393 1


mesh: pSphereShape5 tranform: pSphere5 0.04109975122 0.007849000499 -0.1820422835 0 0.008077286499 0.1380857978 0.007777368723 0 0.1720282428 -0.01222057413 0.03831197103 0 3.581265955 0.993471449 -0.3864586658 1


mesh: pSphereShape6 tranform: pSphere6 0.09503374603 -0.2377291888 -0.07390792436 0 0.04400406856 0.04451434039 -0.08660081597 0 0.08798762555 0.0183428071 0.05413726664 0 3.691939157 0.7168237735 -0.5296935085 1


mesh: pSphereShape7 tranform: pSphere7 0.1757021769 -0.1693496377 -0.06044387593 0 0.03232903065 0.05990443252 -0.07386212107 0 0.08121473227 0.05550630496 0.0805645327 0 3.974801829 0.3535757261 -0.6084932284 1


mesh: pSphereShape8 tranform: pSphere8 0.03918992773 -0.1851051656 -0.006425344011 0 0.03041567405 0.007513906998 -0.03095163942 0 0.07972704962 0.01404170163 0.08175528152 0 4.186071913 0.07824332724 -0.6534457421 1


mesh: pSphereShape10 tranform: pSphere10 0.02935343183 0.01234472865 -0.1807003819 0 -0.01563452188 0.1537917466 0.007966726422 0 0.2191750555 0.02036501511 0.03699461266 0 3.541794556 1.409197091 -0.2086062535 1


mesh: pSphereShape11 tranform: pSphere11 0.01130369531 0.006116406328 -0.07685501404 0 0.01473487039 0.1699949088 0.01569600157 0 0.09031557455 -0.008988839582 0.01256808489 0 3.529889375 1.220301633 -0.2254937058 1


mesh: pSphereShape12 tranform: pSphere12 0.03153291314 0.007284653701 -0.31477646 0 -0.004702865787 0.1656806496 0.003363120288 0 0.172463848 0.004542578015 0.01738179102 0 3.590735635 0.7875964841 -0.2094797455 1


mesh: pSphereShape13 tranform: pSphere13 0.01370461469 0.0003644386911 -0.218656631 0 0.002868972375 0.2068519295 0.0005245805119 0 0.1953004977 -0.002739788748 0.01223616944 0 3.590418853 0.5620530629 -0.2225736648 1


mesh: pSphereShape14 tranform: pSphere14 0.00471035198 -0.001335833636 -0.2215063757 0 0.001367562696 0.2416363114 -0.00142814946 0 0.1910076446 -0.001056980947 0.004068168173 0 3.599901266 0.3675846316 -0.2234350284 1


mesh: pSphereShape15 tranform: pSphere15 -0.0208500017 0.01904951186 -0.149109508 0 -0.1085717618 0.3590382771 0.06105060272 0 0.17837781 0.05694493027 -0.0176675824 0 3.731682729 -0.1954999249 -0.0967167711 1


mesh: pSphereShape16 tranform: pSphere16 -0.01252537511 0.01921602288 -0.09755572359 0 0.09853536287 0.344700027 0.05524607913 0 0.07941878806 -0.02042349442 -0.01421965207 0 3.793303184 -0.8677895931 -0.1746590346 1


mesh: pSphereShape17 tranform: pSphere17 0.006222716364 0.001214942375 -0.1121924452 0 0.01554706452 0.1028487648 0.001976071517 0 0.2748781955 -0.04183600101 0.01479298104 0 3.874227312 -1.347855729 -0.2143279469 1


mesh: pSphereShape18 tranform: pSphere18 -0.006904555956 0.01281538315 -0.1270115178 0 -0.1575368032 0.3191558681 0.0407665895 0 0.1309714338 0.06472337129 -0.0005892756272 0 3.765176501 -0.2091198384 -0.4337131293 1


mesh: pSphereShape19 tranform: pSphere19 -0.008997578874 0.003014205128 -0.08592924993 0 0.346717981 0.2532731762 -0.02742029143 0 0.05871377876 -0.0813506825 -0.009001469236 0 3.683627965 -0.7534934988 -0.4771791856 1


mesh: pSphereShape20 tranform: pSphere20 -0.03493194977 0.03725522446 -0.1035051081 0 0.0663351386 0.04784236853 -0.005167257545 0 0.1317838914 -0.1951116867 -0.114703498 0 3.466928728 -1.176895739 -0.5146202512 1


mesh: pSphereShape21 tranform: pSphere21 0.005613673141 -0.001592011262 -0.263985451 0 -0.09278902318 0.1122137614 -0.002649891562 0 0.2039797454 0.1687482772 0.003319980162 0 3.548783068 0.1942304565 -0.2276206861 1


mesh: pSphereShape22 tranform: pSphere22 0.001146714338 0.0003014700235 -0.009929459303 0 0.0005865742775 0.009975899487 0.0003706211662 0 0.009916701914 -0.0006249362022 0.001126267241 0 3.41699749 1.130512417 0.03655984363 1


mesh: pSphereShape23 tranform: pSphere23 0.001450637683 0.0007849370727 -0.00986303828 0 -9.988600816e-05 0.009969135631 0.0007786896405 0 0.009893718871 -1.44417014e-05 0.001454000805 0 3.346822912 1.135164707 -0.2345573294 1


mesh: pSphereShape24 tranform: pSphere24 0.00220032853 0.00042020643 -0.009745869941 0 0.0005830278914 0.009967192762 0.0005613794791 0 0.009737485961 -0.0006917333286 0.002168610653 0 3.512030938 1.152266717 -0.5157232439 1


