mesh: pSphereShape1 tranform: pSphere1 0.03012120366 0.1421651804 -0.02097401743 0 0.0227212258 0.007198781344 0.08142487358 0 0.1429219128 -0.03569974438 -0.03672546566 0 -8.020535481 -0.03941674257 0.221964857 1


mesh: pSphereShape2 tranform: pSphere2 0.06907208428 0.2504059624 -0.004175929413 0 0.02835266722 -0.005526969667 0.1375482208 0 0.1246450906 -0.03483396781 -0.0270926591 0 -7.946522883 0.3012524184 0.1669673036 1


mesh: pSphereShape3 tranform: pSphere3 0.1143857128 0.2698850821 -0.01778621125 0 0.02206677655 -0.0006504921058 0.1320441896 0 0.1208264733 -0.05255780883 -0.02045102655 0 -7.809510573 0.7535535652 0.1426256494 1


mesh: pSphereShape4 tranform: pSphere4 0.1011108268 0.002077781518 -0.1498020978 0 0.02598283648 0.1450980892 0.01954998127 0 0.1396689024 -0.0376420483 0.09374919616 0 -7.623598299 1.022507925 0.02752861716 1


mesh: pSphereShape5 tranform: pSphere5 0.1206258073 0.0007399865984 -0.1426150636 0 0.02322155134 0.1350569694 0.0203418815 0 0.131597234 -0.03936062475 0.1111025431 0 -7.433960848 1.04272297 -0.1976604484 1


mesh: pSphereShape6 tranform: pSphere6 0.07023431142 -0.2508999953 -0.05590434007 0 0.08714702981 0.03565102239 -0.05051718197 0 0.0540502705 -0.004878361423 0.0897991888 0 -7.323203818 0.749914146 -0.3099638533 1


mesh: pSphereShape7 tranform: pSphere7 0.1462226832 -0.2045037251 0.001081767244 0 0.07421101242 0.05283797661 -0.04231068484 0 0.04328027703 0.03155593634 0.1153189796 0 -7.113723649 0.3323154696 -0.3041368501 1


mesh: pSphereShape8 tranform: pSphere8 -0.001976803411 -0.1892899587 0.002541964214 0 0.04037829279 -0.0006576396356 -0.0175709132 0 0.045919725 0.0009370588541 0.1054893296 0 -6.964320214 0.01670103458 -0.2847569563 1


mesh: pSphereShape10 tranform: pSphere10 0.09371383381 -0.00865702281 -0.1575100556 0 1.243735018e-05 0.1545567012 -0.008487301526 0 0.1918976827 0.006235440853 0.1138307463 0 -7.511076629 1.463898765 -0.0845607842 1


mesh: pSphereShape11 tranform: pSphere11 0.04178833616 -7.593022828e-05 -0.06576934189 0 0.01846997884 0.1699631051 0.01153918111 0 0.0767041835 -0.01164519963 0.04874952882 0 -7.540366023 1.277069368 -0.09049319288 1


mesh: pSphereShape12 tranform: pSphere12 0.183974667 0.001830200296 -0.2574520981 0 0.01900886668 0.1640262583 0.01474973735 0 0.1396713781 -0.02514543841 0.09963008378 0 -7.538390736 0.8379126568 -0.05041627596 1


mesh: pSphereShape13 tranform: pSphere13 0.1230865756 -0.007350513912 -0.1810920661 0 0.03208476768 0.203920862 0.013530582 0 0.1590263664 -0.03227995243 0.1093989678 0 -7.565660632 0.6162895515 -0.07729759361 1


mesh: pSphereShape14 tranform: pSphere14 0.1194443052 -0.012627501 -0.1861790818 0 0.03613143696 0.2388258495 0.006982098726 0 0.1583569243 -0.02698110566 0.1034248131 0 -7.585314673 0.4233074524 -0.08045893892 1


mesh: pSphereShape15 tranform: pSphere15 0.05355046231 -0.0005837781769 -0.141997391 0 -0.06352653076 0.3738153516 -0.02549413275 0 0.1731492641 0.0338689996 0.06515930394 0 -7.632476096 -0.1462845391 0.1021348545 1


mesh: pSphereShape16 tranform: pSphere16 0.03597178374 0.003096858924 -0.09348636266 0 0.05531733673 0.3569638333 0.03310996191 0 0.07663646154 -0.01456647139 0.02900572701 0 -7.600724158 -0.8435672731 0.1450805423 1


mesh: pSphereShape17 tranform: pSphere17 0.04292174262 0.01358384234 -0.1029589544 0 -0.007047301304 0.103245711 0.01068378185 0 0.256632985 0.006359528534 0.107824733 0 -7.477690312 -1.301910784 0.1932896052 1


mesh: pSphereShape18 tranform: pSphere18 0.05390041679 0.01106896396 -0.1153952152 0 -0.04859250294 0.35475427 0.01133154496 0 0.1309824806 0.01593825987 0.0627099686 0 -7.48605913 -0.1959483301 -0.2481521625 1


mesh: pSphereShape19 tranform: pSphere19 0.03448961418 0.005877325811 -0.07905568548 0 0.2119587447 0.3550446876 0.1188667023 0 0.07790325597 -0.05648038574 0.02978785901 0 -7.578476545 -0.8607428572 -0.3650941133 1


mesh: pSphereShape20 tranform: pSphere20 -0.01161247686 0.0339088165 -0.1097125463 0 0.01480217831 0.07743747948 0.02236684328 0 0.2562426956 -0.03777479624 -0.03879693937 0 -7.561662017 -1.263225076 -0.476621088 1


mesh: pSphereShape21 tranform: pSphere21 0.1423505697 -0.01504912234 -0.2218833148 0 -0.06075000833 0.1235940208 -0.047357233 0 0.1937151289 0.1392182541 0.1148366945 0 -7.650678809 0.258577861 -0.1161513928 1


mesh: pSphereShape22 tranform: pSphere22 0.005594146419 0.0001149571654 -0.00828808245 0 0.001747369195 0.00975797741 0.001314753879 0 0.008102606169 -0.002183726567 0.005438668178 0 -7.752775627 1.204567205 0.1140663166 1


mesh: pSphereShape23 tranform: pSphere23 0.00536282459 -9.744357704e-06 -0.008440380173 0 0.0002611048114 0.009995398798 0.0001543604121 0 0.008436346169 -0.0003031631687 0.005360611477 0 -7.709392071 1.198907369 -0.1690086182 1


mesh: pSphereShape24 tranform: pSphere24 0.006457859168 3.961614307e-05 -0.007635082549 0 0.001676158462 0.009748568422 0.001468300559 0 0.007448929304 -0.002227968644 0.006288847903 0 -7.41277962 1.21018687 -0.3326639807 1


