mesh: pSphereShape1 tranform: pSphere1 0.01868949371 0.1424604979 -0.03022985588 0 0.04490174573 0.009257664386 0.07138778237 0 0.1273586043 -0.03280400712 -0.07585240776 0 0.6976962208 -0.09800095889 1.614683582 1


mesh: pSphereShape2 tranform: pSphere2 0.04423185719 0.254071313 -0.03135040548 0 0.0611033916 0.004968246598 0.1264738164 0 0.1169291875 -0.02719532945 -0.05542377884 0 0.7322076083 0.2431893179 1.53187435 1


mesh: pSphereShape3 tranform: pSphere3 0.08194529585 0.2761498717 -0.05713680925 0 0.05336992996 0.009490488126 0.1224116619 0 0.1164887283 -0.04436367777 -0.04734812209 0 0.8189141591 0.7021718288 1.455386712 1


mesh: pSphereShape4 tranform: pSphere4 0.05834355712 0.003768385331 -0.1710269382 0 0.01606772473 0.147568058 0.008732785233 0 0.1620809868 -0.02089275763 0.0548314169 0 0.9439531052 0.979555466 1.286194639 1


mesh: pSphereShape5 tranform: pSphere5 0.07858938557 0.003458516331 -0.1694164587 0 0.01239012165 0.1377194461 0.008559009036 0 0.1594874818 -0.01892244419 0.07359721551 0 1.064746348 1.00482652 1.01775688 1


mesh: pSphereShape6 tranform: pSphere6 0.1074114688 -0.2375514408 -0.05514572284 0 0.07179815607 0.04720849137 -0.06351353402 0 0.06519089777 0.0105490088 0.08153520542 0 1.199297073 0.7263520087 0.8999426324 1


mesh: pSphereShape7 tranform: pSphere7 0.1788807354 -0.1762065776 -0.012527625 0 0.05739033577 0.06211459599 -0.05419821503 0 0.05200475698 0.04519626158 0.106865475 0 1.47984278 0.3523511699 0.8918327097 1


mesh: pSphereShape8 tranform: pSphere8 0.02922983533 -0.1870385411 0.001805183651 0 0.0374114792 0.005628966671 -0.02254488783 0 0.05804843616 0.01002548725 0.09882998809 0 1.682313679 0.06693508007 0.8969291322 1


mesh: pSphereShape10 tranform: pSphere10 0.04816027445 0.01232835574 -0.1766217538 0 0.008719066633 0.1539853887 0.01312578571 0 0.2150130657 -0.01707058016 0.05743707018 0 1.051749406 1.417432203 1.204620656 1


mesh: pSphereShape11 tranform: pSphere11 0.02399636624 0.007878139556 -0.07371557815 0 0.03173094005 0.1660324549 0.02807349764 0 0.0855076595 -0.02067448266 0.02562547431 0 1.008583213 1.234683796 1.18080451 1


mesh: pSphereShape12 tranform: pSphere12 0.1167394079 0.005701773383 -0.2940595364 0 0.009360107987 0.1653722269 0.006922436355 0 0.1608682237 -0.01176893529 0.06363526788 0 1.02049288 0.7985159797 1.192963158 1


mesh: pSphereShape13 tranform: pSphere13 0.07940833624 -0.006629800822 -0.2040809482 0 0.01352945661 0.2064245686 -0.001441595296 0 0.1819456399 -0.01142805862 0.07116669357 0 1.007121798 0.575868414 1.179535451 1


mesh: pSphereShape14 tranform: pSphere14 0.07582565847 -0.007954746158 -0.2080294159 0 0.01146434049 0.2413194836 -0.005049017054 0 0.17928803 -0.007144423436 0.06562276277 0 1.007302725 0.3818386544 1.185571677 1


mesh: pSphereShape15 tranform: pSphere15 0.007497067863 0.0007267268846 -0.1515734729 0 -0.1300256617 0.3570637804 -0.004719317617 0 0.1764830007 0.06438617588 0.009037836052 0 1.080711918 -0.1801512555 1.359391826 1


mesh: pSphereShape16 tranform: pSphere16 0.005093708608 0.004506526229 -0.09998502446 0 0.01283124926 0.3621141636 0.01697489829 0 0.08306684064 -0.003135164032 0.004090508398 0 1.231195584 -0.8599598724 1.388403036 1


mesh: pSphereShape17 tranform: pSphere17 0.02381933667 0.008921915791 -0.1094549299 0 -0.002631489084 0.1037037033 0.007880461712 0 0.2720186101 0.002389372082 0.05939084368 0 1.414829657 -1.326483532 1.421446048 1


mesh: pSphereShape18 tranform: pSphere18 0.04339494507 -0.006645103459 -0.1200689549 0 0.02272027543 0.3573377484 -0.01156503116 0 0.1371058512 -0.007101021366 0.04994536604 0 1.014833823 -0.2380293389 1.029798795 1


mesh: pSphereShape19 tranform: pSphere19 0.02656502212 -0.006102101985 -0.08204231715 0 0.3144458754 0.2823202762 0.08081822588 0 0.06138970474 -0.07567690349 0.02550643522 0 0.7634436458 -0.8540874901 0.9661271971 1


mesh: pSphereShape20 tranform: pSphere20 0.02995620784 -0.01318314496 -0.1106812115 0 0.04986504412 0.06477657698 0.005780643466 0 0.1964079464 -0.1576141077 0.07193169272 0 0.6152045184 -1.268222321 0.9754841019 1


mesh: pSphereShape21 tranform: pSphere21 0.09036701804 -0.009480256475 -0.2479239661 0 -0.08238974735 0.1150446544 -0.03442978406 0 0.1986212862 0.1620553202 0.06619968057 0 0.9533417327 0.2101889769 1.168054272 1


mesh: pSphereShape22 tranform: pSphere22 0.00322796689 0.000208492997 -0.009462386614 0 0.001080568985 0.009924085038 0.0005872876859 0 0.009402797479 -0.00121205067 0.003180932685 0 0.8245924277 1.153592385 1.399266812 1


mesh: pSphereShape23 tranform: pSphere23 0.003079526843 0.001011025669 -0.009460144899 0 0.0009381954707 0.009862641055 0.001359448671 0 0.009467645097 -0.001306192377 0.002942372817 0 0.8206325468 1.173440035 1.138762579 1


mesh: pSphereShape24 tranform: pSphere24 0.004207384768 0.000185156161 -0.009069930022 0 0.0008943333256 0.00994074907 0.0006177991818 0 0.009027628776 -0.001071085955 0.004165896489 0 1.031208759 1.164510811 0.8760003525 1


