mesh: pSphereShape1 tranform: pSphere1 -0.02429766452 0.1364922642 0.04834894147 0 0.03145238484 0.03122540811 -0.07234506181 0 -0.138747486 -0.002890018242 -0.06156856062 0 4.724302334 -0.06470388495 -0.2770074929 1


mesh: pSphereShape2 tranform: pSphere2 -0.0440779599 0.2500090606 0.05517372821 0 0.03248631527 0.03490513322 -0.132212727 0 -0.1266745192 -0.01461301783 -0.03498345287 0 4.661349571 0.2603703824 -0.1548485234 1


mesh: pSphereShape3 tranform: pSphere3 -0.1008244554 0.2749970683 0.02119999371 0 0.03936261543 0.02411962366 -0.1256656756 0 -0.1189402034 -0.04014194242 -0.04496061475 0 4.553568056 0.7104427256 -0.07525239149 1


mesh: pSphereShape4 tranform: pSphere4 -0.1524190692 0.01247814845 0.09633850813 0 -0.008599360574 0.1448757815 -0.03237010935 0 -0.09210750832 -0.03695753443 -0.1409382328 0 4.348917316 0.9922884632 -0.003153526928 1


mesh: pSphereShape5 tranform: pSphere5 -0.1702220881 0.01120371911 0.07608617966 0 -0.00481589212 0.1350201235 -0.03065601087 0 -0.07247890728 -0.03812668627 -0.1565376302 0 4.084388263 1.029357415 0.1204821324 1


mesh: pSphereShape6 tranform: pSphere6 -0.1010440936 -0.2359035476 0.07175352797 0 -0.09781791712 0.04288118222 0.003231900123 0 -0.01414763683 -0.02466054284 -0.1009991409 0 3.919880726 0.7534868533 0.2242757663 1


mesh: pSphereShape7 tranform: pSphere7 -0.1380948284 -0.2099658284 0.006941624675 0 -0.08392114919 0.05507393865 -0.003663630532 0 0.001948295069 -0.005480707588 -0.1270180796 0 3.71228071 0.3312981237 0.2425364492 1


mesh: pSphereShape8 tranform: pSphere8 -0.00957913962 -0.1739589945 0.07407810818 0 -0.04360894472 -0.0002163909187 -0.006147285992 0 0.01497790827 -0.0453909982 -0.104655709 0 3.576947269 0.00968126856 0.2703696956 1


mesh: pSphereShape10 tranform: pSphere10 -0.1240348766 -0.002777883726 0.1351823844 0 -0.02046781272 0.1526307845 -0.0156435475 0 -0.1618122512 -0.03699393468 -0.1492289661 0 4.152947051 1.425068217 -0.007425528024 1


mesh: pSphereShape11 tranform: pSphere11 -0.06061023826 0.002980554946 0.04888141208 0 -0.03143380724 0.1612190648 -0.04880654476 0 -0.05507807541 -0.03084438759 -0.06641301351 0 4.203077625 1.246697001 0.02777475554 1


mesh: pSphereShape12 tranform: pSphere12 -0.2852367335 0.01885755658 0.1357055967 0 -0.001404018645 0.1637699908 -0.02570844271 0 -0.07506264595 -0.02486803452 -0.1543169485 0 4.233602565 0.8144878163 0.03613783741 1


mesh: pSphereShape13 tranform: pSphere13 -0.1976789279 0.01878925791 0.09256714765 0 0.0004056084318 0.2029049227 -0.04031940899 0 -0.08437264434 -0.03425335669 -0.1732266698 0 4.228422267 0.5937893534 0.0814507809 1


mesh: pSphereShape14 tranform: pSphere14 -0.2010222575 0.02146275056 0.09065565979 0 0.004595349283 0.2371880398 -0.04596447985 0 -0.08025207297 -0.03148598973 -0.1704987529 0 4.221766905 0.4012727395 0.1085058966 1


mesh: pSphereShape15 tranform: pSphere15 -0.1290209388 -0.004463892631 0.07978046662 0 0.01791509042 0.3762975439 0.05002695256 0 -0.09862975027 0.02570969507 -0.1580654789 0 4.3635963 -0.1932998306 0.01268638019 1


mesh: pSphereShape16 tranform: pSphere16 -0.0856037461 0.0001535117695 0.05210791543 0 -0.03646153797 0.3557181535 -0.06094757652 0 -0.04245799509 -0.01629462522 -0.06970269268 0 4.393344608 -0.8924041708 -0.03050655632 1


mesh: pSphereShape17 tranform: pSphere17 -0.09971742519 0.003677623761 0.05167449323 0 -0.0002845703558 0.1037327893 -0.007931704182 0 -0.1283619952 -0.01918779685 -0.2463374358 0 4.353439585 -1.367191197 -0.1434806926 1


mesh: pSphereShape18 tranform: pSphere18 -0.1268249845 0.01377110905 -0.008343406505 0 0.03522154734 0.3532990064 0.04774392143 0 0.01150003072 0.01837749074 -0.1444748963 0 4.028500785 -0.1953294305 0.1559086057 1


mesh: pSphereShape19 tranform: pSphere19 -0.08595134201 0.008391827 -0.003977674937 0 0.0462178975 0.386894061 -0.1824538957 0 2.116986005e-05 -0.04296646442 -0.09110516064 0 3.935844328 -0.8823043484 0.2329151435 1


mesh: pSphereShape20 tranform: pSphere20 -0.1125304977 -0.01273172028 -0.02227758215 0 -0.004443410581 0.07867160759 -0.02251616421 0 0.05646580615 -0.06741638385 -0.2466963735 0 3.96196359 -1.320383428 0.204871407 1


mesh: pSphereShape21 tranform: pSphere21 -0.2395730197 0.02557873953 0.1080410221 0 0.04137522061 0.1250402637 0.06214319409 0 -0.08206782324 0.13327871 -0.2135331302 0 4.235807864 0.2395418433 0.1880560608 1


mesh: pSphereShape22 tranform: pSphere22 -0.008432871305 0.0006903770021 0.005330108924 0 -0.0005783147572 0.009743027017 -0.002176919059 0 -0.00534342901 -0.002144015892 -0.008176243775 0 4.510971247 1.165547402 -0.03541806451 1


mesh: pSphereShape23 tranform: pSphere23 -0.007778296674 0.0003825037038 0.00627310065 0 -0.001242952483 0.009690680528 -0.002132083495 0 -0.006160614415 -0.002438114399 -0.007490155419 0 4.344706101 1.209057429 0.1669452002 1


mesh: pSphereShape24 tranform: pSphere24 -0.009113060439 0.0005998056451 0.00407337239 0 -0.000347616669 0.009745908844 -0.002212786358 0 -0.004102595775 -0.002158122796 -0.008860655388 0 4.015940683 1.202616473 0.2300950127 1


