mesh: pSphereShape1 tranform: pSphere1 0.02830450103 0.137365746 -0.04344700086 0 0.0677306455 0.00218963298 0.05104754411 0 0.08662158498 -0.05347420905 -0.112637093 0 -1.963130766 0.1230117844 0.5541940839 1


mesh: pSphereShape2 tranform: pSphere2 0.0751855018 0.2406170422 -0.06278627673 0 0.1094868954 -0.01140882183 0.08738645601 0 0.07355024573 -0.04868669673 -0.09850778146 0 -1.903579137 0.4530315358 0.444375861 1


mesh: pSphereShape3 tranform: pSphere3 0.0986637524 0.2563294571 -0.1039185813 0 0.1021355039 -0.004266266248 0.08644750769 0 0.07365101657 -0.0649254876 -0.0902209134 0 -1.772839541 0.8878216957 0.3098309047 1


mesh: pSphereShape4 tranform: pSphere4 -0.001242206871 -0.01065086522 -0.1804256107 0 0.02979860928 0.1454151173 -0.008789289097 0 0.1688744084 -0.03455289938 0.0008770446908 0 -1.67184173 1.136619206 0.08698185969 1


mesh: pSphereShape5 tranform: pSphere5 0.02259225228 -0.0119438241 -0.1850327661 0 0.02820947021 0.1355341548 -0.005304361262 0 0.171639896 -0.03481621386 0.02320437972 0 -1.639307343 1.136769254 -0.2058540525 1


mesh: pSphereShape6 tranform: pSphere6 0.08638806951 -0.2385955318 -0.08135253557 0 0.03922378495 0.04450430392 -0.08887321027 0 0.09148017299 0.01653305047 0.04865347524 0 -1.552005524 0.8529413635 -0.3524516557 1


mesh: pSphereShape7 tranform: pSphere7 0.2389633239 -0.0716229753 -0.03115599629 0 0.01000604109 0.0660238579 -0.0750336559 0 0.03741747813 0.08871297883 0.08305038396 0 -1.220146815 0.5845625525 -0.4113865605 1


mesh: pSphereShape8 tranform: pSphere8 0.1420935294 -0.1202609382 0.03446437932 0 0.02074584923 0.01414298879 -0.03618233847 0 0.05331926959 0.08081280053 0.06215983143 0 -0.8966877224 0.4556028673 -0.4181498007 1


mesh: pSphereShape10 tranform: pSphere10 0.01436683294 -0.01099708228 -0.1825905326 0 -0.009391560803 0.1541788219 -0.01002485807 0 0.2221085125 0.01460850522 0.01659639696 0 -1.647072982 1.569661521 -0.08016242922 1


mesh: pSphereShape11 tranform: pSphere11 0.004456978574 -0.004854953709 -0.07764304157 0 0.02077985542 0.1698266549 -0.009426281649 0 0.09080045652 -0.01078353764 0.005886545093 0 -1.667809327 1.380609918 -0.07352810942 1


mesh: pSphereShape12 tranform: pSphere12 0.0044893482 -0.02024064403 -0.315755875 0 0.02068107878 0.1641680712 -0.01022949431 0 0.1720249511 -0.02143283945 0.003819705264 0 -1.641911932 0.9451537923 -0.01252077967 1


mesh: pSphereShape13 tranform: pSphere13 0.001763849182 -0.02197724333 -0.2179737626 0 0.04353416876 0.2012546377 -0.019939255 0 0.1913137332 -0.04082264728 0.005664066216 0 -1.682276778 0.7210348465 -0.003189527576 1


mesh: pSphereShape14 tranform: pSphere14 -0.002167706116 -0.0134917053 -0.2211386924 0 0.04654297738 0.2366514855 -0.01489437946 0 0.1874671811 -0.03684393066 0.0004102117923 0 -1.710058097 0.5293688474 0.01059946153 1


mesh: pSphereShape15 tranform: pSphere15 -0.02433281671 -0.001153807696 -0.1497926387 0 -0.1589982452 0.3443921372 0.02317545701 0 0.1681434397 0.07950737382 -0.02792620355 0 -1.551017251 -0.0169897929 0.1655674264 1


mesh: pSphereShape16 tranform: pSphere16 -0.01627908659 0.002999551525 -0.09883953558 0 -0.02176808738 0.3617920293 0.01456480349 0 0.08196917146 0.005468686056 -0.01333453893 0 -1.333545909 -0.6804699851 0.1612972984 1


mesh: pSphereShape17 tranform: pSphere17 0.00693879144 0.00589903172 -0.1120017752 0 -0.003368120227 0.1038482685 0.005260930419 0 0.2777593296 0.008115192468 0.0176353083 0 -1.103644246 -1.141869502 0.1678441154 1


mesh: pSphereShape18 tranform: pSphere18 -0.01853680389 -0.01292326794 -0.1258300784 0 -0.00857055444 0.3563955764 -0.03534071419 0 0.1445062206 0.001350354653 -0.02142678843 0 -1.750270987 -0.07598086394 -0.1269334401 1


mesh: pSphereShape19 tranform: pSphere19 -0.01370524926 -0.008545204223 -0.08492952066 0 0.1567882761 0.3953413012 -0.06507860305 0 0.09243304509 -0.03847612043 -0.0110448241 0 -1.855633512 -0.7777327481 -0.05736556792 1


mesh: pSphereShape20 tranform: pSphere20 -0.03584631441 -0.00365890832 -0.1096501455 0 0.03105829387 0.074775254 -0.01264860307 0 0.228307247 -0.1068507318 -0.07107164602 0 -1.806349043 -1.252862343 -0.02475890396 1


mesh: pSphereShape21 tranform: pSphere21 -0.002583414924 -0.01607905821 -0.2635472558 0 -0.07017498246 0.127412791 -0.007085585394 0 0.2319752324 0.1272066572 -0.01003482854 0 -1.792830911 0.36877864 0.01705751453 1


mesh: pSphereShape22 tranform: pSphere22 -6.872742848e-05 -0.000589279125 -0.00998238582 0 0.002003983359 0.009779297834 -0.0005910876217 0 0.009796903962 -0.0020045159 5.08799568e-05 0 -1.732890273 1.327281291 0.2182913486 1


mesh: pSphereShape23 tranform: pSphere23 0.0005719776496 -0.0006230510121 -0.009964168255 0 0.0002461007387 0.00997835482 -0.0006098110541 0 0.009980594972 -0.0002103390875 0.0005860729251 0 -1.85322226 1.302388643 -0.05489342173 1


mesh: pSphereShape24 tranform: pSphere24 0.001209505551 -0.0006394281264 -0.009905969311 0 0.00203619222 0.009783012216 -0.0003828749373 0 0.009715503979 -0.001970736828 0.001313460616 0 -1.698583705 1.294028362 -0.3417755074 1


