mesh: pSphereShape1 tranform: pSphere1 0.002801253028 0.1427051486 0.0344315027 0 -0.05973085387 0.01523739313 -0.05829351197 0 -0.1077807535 -0.02307524607 0.1044066421 0 4.574842787 -0.06608639244 -0.3562818184 1


mesh: pSphereShape2 tranform: pSphere2 -0.02152514275 0.2553394745 0.04277801042 0 -0.09756919107 0.008661102135 -0.1007927202 0 -0.09454125779 -0.02297144478 0.08954372894 0 4.586175578 0.275366019 -0.2678160368 1


mesh: pSphereShape3 tranform: pSphere3 -0.05880160739 0.2773349067 0.0765905908 0 -0.08831995098 0.008949371955 -0.1002124182 0 -0.09658551071 -0.04292794846 0.08128981953 0 4.537971285 0.735416095 -0.1717175965 1


mesh: pSphereShape4 tranform: pSphere4 0.002434219418 0.0045354891 0.1806706642 0 -0.02405693096 0.14669952 -0.00335856531 0 -0.1700885723 -0.02782399357 0.002990127519 0 4.474890239 1.013369853 0.02570885672 1


mesh: pSphereShape5 tranform: pSphere5 -0.02759476382 0.00219609718 0.1847265425 0 -0.02071294643 0.1369017795 -0.004721673806 0 -0.1727195585 -0.02701089308 -0.02548002476 0 4.439767094 1.037398216 0.3171266737 1


mesh: pSphereShape6 tranform: pSphere6 -0.05710680521 -0.2471746738 0.08156258236 0 -0.05428092436 0.03990836925 0.08293665771 0 -0.08753572697 0.001138487237 -0.05783878294 0 4.375281753 0.7485085089 0.4668008779 1


mesh: pSphereShape7 tranform: pSphere7 -0.1413369924 -0.1974728344 0.06505652268 0 -0.04569485927 0.05575030687 0.06995143536 0 -0.08781613668 0.03481329066 -0.0851104429 0 4.159309033 0.3426259713 0.5554496269 1


mesh: pSphereShape8 tranform: pSphere8 -0.004611204045 -0.1892598744 0.000703246076 0 -0.02995566691 0.0008497690094 0.03227246383 0 -0.08429315324 0.001762851241 -0.07828827853 0 4.003647387 0.03342756595 0.6052773087 1


mesh: pSphereShape10 tranform: pSphere10 0.004979491228 0.006652651923 0.1832964572 0 -0.019230969 0.1535072813 -0.005049034131 0 -0.2213940775 -0.02750498236 0.007012742965 0 4.38747554 1.448140985 0.1506331208 1


mesh: pSphereShape11 tranform: pSphere11 -0.001674057903 0.004364301269 0.07778192298 0 -0.03956988885 0.1664096219 -0.01018879425 0 -0.08912950181 -0.02123824221 -0.0007266194684 0 4.446894273 1.26820685 0.155868998 1


mesh: pSphereShape12 tranform: pSphere12 -0.03278150507 0.004670091008 0.3146985442 0 -0.02084264144 0.1644014284 -0.004610834132 0 -0.1710807347 -0.02218002041 -0.01749198196 0 4.444258875 0.8303767896 0.1364072467 1


mesh: pSphereShape13 tranform: pSphere13 -0.02560231774 -0.001144755817 0.2175818982 0 -0.02915057219 0.2047948641 -0.002352595064 0 -0.1923954774 -0.02764737372 -0.02278415473 0 4.476300935 0.6084808659 0.1487797155 1


mesh: pSphereShape14 tranform: pSphere14 -0.02827778495 -6.876948917e-05 0.2197485119 0 -0.02636481718 0.2401789068 -0.00331752713 0 -0.1883413895 -0.02100939071 -0.02424281316 0 4.488866622 0.4152215813 0.1494326476 1


mesh: pSphereShape15 tranform: pSphere15 -0.06524082173 -0.003889840675 0.1369662592 0 0.030199529 0.3779953243 0.02511993607 0 -0.1691532369 0.01883326236 -0.0800375059 0 4.510635207 -0.1778240669 -0.0661415771 1


mesh: pSphereShape16 tranform: pSphere16 -0.04322808664 -0.001758168047 0.09039635575 0 -0.03168997605 0.3612604834 -0.008127986862 0 -0.07473290898 -0.0073628974 -0.03588093622 0 4.49750026 -0.884835991 -0.1309709501 1


mesh: pSphereShape17 tranform: pSphere17 -0.09578234649 -0.01799063675 0.05594123831 0 -0.007355031738 0.1018014155 0.0201459625 0 -0.1442676329 0.03615846063 -0.235385899 0 4.438465987 -1.324002041 -0.3137719396 1


mesh: pSphereShape18 tranform: pSphere18 0.0138734152 -0.003097715868 0.1270502463 0 -0.01159250205 0.3579189709 0.009992573069 0 -0.1451526317 -0.005140306962 0.01572479844 0 4.522747537 -0.1981436664 0.3192855696 1


mesh: pSphereShape19 tranform: pSphere19 0.01006609213 -0.000843074966 0.08585942503 0 -0.1112258523 0.4152689827 0.01711766134 0 -0.09659518285 -0.02632825906 0.01106622032 0 4.615375424 -0.9157711591 0.3144863517 1


mesh: pSphereShape20 tranform: pSphere20 0.04807770337 0.01344208652 0.104064139 0 -0.002325880599 0.08137252326 -0.009436425554 0 -0.2379820583 0.005860136205 0.109190913 0 4.503104176 -1.328895034 0.3627504478 1


mesh: pSphereShape21 tranform: pSphere21 -0.0337007176 -8.195766175e-05 0.2618904753 0 0.07992994363 0.1212987286 0.0103235439 0 -0.2187190485 0.1465166818 -0.02809945919 0 4.556802695 0.2481844989 0.162299775 1


mesh: pSphereShape22 tranform: pSphere22 0.0001346777617 0.0002509344539 0.009995943867 0 -0.001617850312 0.009865675074 -0.0002258665473 0 -0.009867341196 -0.00161415217 0.0001734661421 0 4.542116272 1.189747093 -0.1215761275 1


mesh: pSphereShape23 tranform: pSphere23 -0.0002148369549 0.0005600840884 0.009981991329 0 -0.001355186778 0.009890514375 -0.0005841183123 0 -0.00990541841 -0.001365295287 -0.0001365829439 0 4.639357529 1.208902953 0.1389954126 1


mesh: pSphereShape24 tranform: pSphere24 -0.0014773215 0.0001175709132 0.009889575232 0 -0.001495084455 0.009881728948 -0.0003408158821 0 -0.009776617189 -0.001528924483 -0.001442271219 0 4.504502521 1.200294423 0.443589735 1


