mesh: pSphereShape1 tranform: pSphere1 0.09259580498 0.1111356492 0.02515987287 0 -0.037904003 0.0453588346 -0.06086007946 0 -0.09634283062 0.05705932563 0.102529006 0 -1.078731085 0.01239130984 -0.3655906227 1


mesh: pSphereShape2 tranform: pSphere2 0.1255316228 0.2208471008 0.05440502698 0 -0.1134473453 0.07381599233 -0.03787919347 0 -0.04483724321 -0.005131658297 0.1242863782 0 -0.8639193186 0.2826340854 -0.2916480238 1


mesh: pSphereShape3 tranform: pSphere3 0.0441511619 0.2631459264 0.1226511087 0 -0.1158917712 0.04329248714 -0.05116533673 0 -0.06367333958 -0.04054743922 0.1099145823 0 -0.7047687878 0.6928939586 -0.1557084034 1


mesh: pSphereShape4 tranform: pSphere4 0.02306643359 -0.02788374675 0.1770842209 0 -0.04267630399 0.1397488317 0.0275637837 0 -0.1636515305 -0.05254815043 0.01304248244 0 -0.6776680225 0.9298776639 0.08682578614 1


mesh: pSphereShape5 tranform: pSphere5 0.01417878657 -0.03086663209 0.1836747189 0 -0.03593786484 0.1314667476 0.02486728209 0 -0.1700906841 -0.04747078017 0.005152676463 0 -0.6600395831 0.9000715663 0.3810549789 1


mesh: pSphereShape6 tranform: pSphere6 0.05227610343 -0.2516278617 0.07042435388 0 -0.04914083103 0.01596753481 0.09352968745 0 -0.0908680635 -0.03076969885 -0.04248935312 0 -0.5977004193 0.592871617 0.5090980189 1


mesh: pSphereShape7 tranform: pSphere7 -0.01570918703 -0.2386466123 0.07749214642 0 -0.05109441419 0.02973263281 0.08120746008 0 -0.1091830364 -0.01351304331 -0.06374863744 0 -0.603466144 0.1311718791 0.605896151 1


mesh: pSphereShape8 tranform: pSphere8 0.09304956446 -0.1644217883 0.01217833721 0 -0.02861289908 -0.0139379686 0.03044028657 0 -0.06672414549 -0.04389458259 -0.0828169784 0 -0.5800793095 -0.2131378182 0.6630474563 1


mesh: pSphereShape10 tranform: pSphere10 -0.01267728133 -0.03290744912 0.1800639627 0 0.02271512651 0.1503283983 0.02907239234 0 -0.220250561 0.03504099515 -0.009102701824 0 -0.6490006198 1.339852376 0.3180828873 1


mesh: pSphereShape11 tranform: pSphere11 -0.0005578775853 -0.01972048964 0.07538347431 0 -0.002160652067 0.1657648662 0.04334847891 0 -0.09161819569 -0.0009517734803 -0.0009270092348 0 -0.6421454792 1.149604135 0.2923063408 1


mesh: pSphereShape12 tranform: pSphere12 0.02046135387 -0.05312624688 0.3112724617 0 -0.03698934248 0.1588779913 0.02954788664 0 -0.1686535638 -0.04005564089 0.004249892125 0 -0.6758855238 0.7276196938 0.1653934526 1


mesh: pSphereShape13 tranform: pSphere13 0.006278640973 -0.02892128598 0.217077888 0 -0.0581540601 0.1965644395 0.02787029526 0 -0.1877272201 -0.05526543139 -0.001933294702 0 -0.6160110176 0.511150267 0.1364262248 1


mesh: pSphereShape14 tranform: pSphere14 -0.001249857784 -0.00894923329 0.2213761401 0 -0.06304149114 0.233099919 0.009067249323 0 -0.1844345 -0.04976125443 -0.003052912432 0 -0.574770507 0.3225740429 0.120921061 1


mesh: pSphereShape15 tranform: pSphere15 0.007767898808 0.001381269834 0.1515552826 0 -0.01597632041 0.3796857479 -0.002641584133 0 -0.1876654448 -0.007829122303 0.009690063521 0 -0.5195439599 -0.2738956756 -0.0551493782 1


mesh: pSphereShape16 tranform: pSphere16 -0.005697471015 0.01154325775 0.09938587318 0 -0.3315138642 0.1428663675 -0.03559795596 0 -0.03344839714 -0.07589657165 0.006897584074 0 -0.2484133319 -0.7996940459 -0.05775915137 1


mesh: pSphereShape17 tranform: pSphere17 -0.03359850212 -0.02416662035 0.1044722842 0 -0.09918468518 0.01136966999 -0.02926795734 0 -0.0114442588 -0.2702137512 -0.06618657901 0 0.1734172257 -1.163894049 -0.06158804645 1


mesh: pSphereShape18 tranform: pSphere18 -0.005998176853 0.001853002514 0.1276887655 0 0.16289539 0.3190551477 0.003021921038 0 -0.1299355251 0.06640624765 -0.007067397037 0 -0.6918131769 -0.2339896663 0.2948303143 1


mesh: pSphereShape19 tranform: pSphere19 -0.002332743798 -0.001610691963 0.08640510303 0 -0.1409268205 0.4064946858 0.003772827591 0 -0.09513310012 -0.0329519628 -0.003182643169 0 -0.7743254015 -0.8967266871 0.3069819195 1


mesh: pSphereShape20 tranform: pSphere20 0.01885032111 0.01207889877 0.1132266129 0 -0.004845159287 0.08142711236 -0.007879923418 0 -0.2579206713 -0.01107733468 0.04412115978 0 -0.8660368617 -1.315914329 0.3126087729 1


mesh: pSphereShape21 tranform: pSphere21 -0.001489547513 -0.01066545999 0.2638302397 0 0.06106524252 0.132088892 0.00568452037 0 -0.2403504045 0.1109803112 0.003129446883 0 -0.4810054186 0.1680169452 0.1193489087 1


mesh: pSphereShape22 tranform: pSphere22 0.001276193766 -0.001542720665 0.009797517156 0 -0.002870019947 0.009398235015 0.001853689323 0 -0.009493909362 -0.003048473643 0.0007566329858 0 -0.6511185443 1.137889267 -0.02870531414 1


mesh: pSphereShape23 tranform: pSphere23 -7.159413146e-05 -0.002530790562 0.009674191099 0 0.0008440337749 0.009638386284 0.002527670237 0 -0.009964059477 0.0008346310387 0.0001446020817 0 -0.4673799472 1.059814414 0.2449926005 1


mesh: pSphereShape24 tranform: pSphere24 0.0007590797433 -0.001652485215 0.009833264491 0 -0.002594036693 0.009489422056 0.001794949212 0 -0.009627812398 -0.002687035849 0.0002916620777 0 -0.586781028 1.048744194 0.5197935444 1


