mesh: pSphereShape1 tranform: pSphere1 0.132958873 0.06197788784 -0.006230115969 0 -0.03599251195 0.07638135727 -0.008277314641 0 -0.0004527200689 0.01614597176 0.1509602841 0 -0.5625556122 0.8214624306 0.5188252242 1


mesh: pSphereShape2 tranform: pSphere2 0.2490275435 0.02798217704 -0.06851144108 0 -0.02063709131 0.1377553095 -0.01874884945 0 0.0322774626 0.02202795829 0.1263200323 0 -0.2295676258 0.863668376 0.4546476794 1


mesh: pSphereShape3 tranform: pSphere3 0.2876252982 0.05230971678 -0.02781689207 0 -0.02574081825 0.1293724999 -0.02287357257 0 0.008147411826 0.02474190189 0.1307710303 0 0.2275447755 0.9199035573 0.3545677115 1


mesh: pSphereShape4 tranform: pSphere4 0.1799677816 0.01254949276 0.0110676464 0 -0.0107201904 0.1481759734 0.006302657109 0 -0.0100109288 -0.008035880675 0.1718966079 0 0.6025709612 1.024759454 0.3438645253 1


mesh: pSphereShape5 tranform: pSphere5 0.1861513966 0.01317166866 0.008022094946 0 -0.01027794323 0.1375830451 0.01259710892 0 -0.00640214837 -0.01657181306 0.1757704565 0 0.8958015985 1.064739285 0.3689970576 1


mesh: pSphereShape6 tranform: pSphere6 0.2640164098 0.004766561235 -0.0357991154 0 -0.002062805705 0.1068286121 -0.0009891148057 0 0.0140752728 0.001234421337 0.1039686845 0 1.225366877 1.024086172 0.3391525351 1


mesh: pSphereShape7 tranform: pSphere7 0.2481410188 0.04000698444 0.005430734062 0 -0.01607014748 0.09904250184 0.00465331896 0 -0.00177092303 -0.00625348293 0.1269849768 0 1.696872868 1.04784314 0.3648427089 1


mesh: pSphereShape8 tranform: pSphere8 0.1646654858 -0.0421702592 -0.08335469297 0 0.00959321388 0.04289503335 -0.002749976546 0 0.05093994033 -0.004785801995 0.1030520085 0 2.043173357 1.065631097 0.3302023921 1


mesh: pSphereShape10 tranform: pSphere10 0.1820748672 0.01849307146 -0.01316789188 0 -0.01372384429 0.1522837971 0.02410621376 0 0.01926272746 -0.03307379637 0.2199002307 0 0.7038545677 1.459626307 0.4643916551 1


mesh: pSphereShape11 tranform: pSphere11 0.07726580841 0.0100290224 -0.001136089044 0 -0.02001888853 0.1606049557 0.05627648002 0 0.005125236536 -0.02968326756 0.0865349327 0 0.7169128605 1.280555551 0.4043169607 1


mesh: pSphereShape12 tranform: pSphere12 0.3154510973 0.02186379653 0.01200792007 0 -0.01165932658 0.1652845449 0.005346446851 0 -0.006173869011 -0.006037412794 0.1731819088 0 0.7249098301 0.8508298552 0.4010569512 1


mesh: pSphereShape13 tranform: pSphere13 0.2182208978 0.01551447263 0.01173083287 0 -0.01587377459 0.2048122146 0.02441734952 0 -0.00873868177 -0.02381180948 0.1940519205 0 0.7492366864 0.6250759399 0.3820137016 1


mesh: pSphereShape14 tranform: pSphere14 0.2203733063 0.01651514374 0.0158714285 0 -0.020083792 0.2388976837 0.03027465727 0 -0.01174630951 -0.02494561043 0.1890537707 0 0.7635717224 0.4306508837 0.3693111678 1


mesh: pSphereShape15 tranform: pSphere15 0.151627457 -0.00259401709 0.005799758807 0 0.008155012847 0.3773361761 -0.04443415303 0 -0.006760856742 0.02212556011 0.186650106 0 0.5823797024 -0.1648329037 0.3951934891 1


mesh: pSphereShape16 tranform: pSphere16 0.1001229424 0.0004512601355 0.00429564134 0 -0.004036006749 0.3582996295 0.05643174387 0 -0.00346544732 -0.01297532516 0.08213582128 0 0.5389581349 -0.8683190755 0.4193804602 1


mesh: pSphereShape17 tranform: pSphere17 0.1087113398 0.0001130851961 0.02844599924 0 -0.0007718002469 0.1040021968 0.002536115164 0 -0.07045451824 -0.00708935003 0.2692823938 0 0.4794887228 -1.33729098 0.5488282595 1


mesh: pSphereShape18 tranform: pSphere18 0.1263070557 0.009154235678 0.01750886166 0 -0.01000814123 0.341886849 -0.1065525547 0 -0.02220594643 0.04237101549 0.1380382973 0 0.9564395167 -0.1575161975 0.4814784904 1


mesh: pSphereShape19 tranform: pSphere19 0.08579078745 0.004008188831 0.009887014882 0 -0.0391525212 0.3876059491 0.1825958401 0 -0.008396111242 -0.04347056221 0.09047697688 0 1.014873004 -0.8316175531 0.4712993825 1


mesh: pSphereShape20 tranform: pSphere20 0.1122508502 0.01784473955 -0.02007018112 0 -0.009518838963 0.07950366631 0.01744998959 0 0.05280422789 -0.04894680626 0.2518102072 0 1.065319892 -1.265045108 0.5154529021 1


mesh: pSphereShape21 tranform: pSphere21 0.2626350888 0.01968231233 0.0189151495 0 -0.003538687446 0.1226316725 -0.0784710366 0 -0.0266039475 0.1414322426 0.2222248649 0 0.7852106571 0.2658794179 0.2981467069 1


mesh: pSphereShape22 tranform: pSphere22 0.009957055569 0.0006943242599 0.0006123383266 0 -0.0007209424766 0.009964967896 0.000423859377 0 -0.0005807635918 -0.000466185208 0.009972230693 0 0.4549399274 1.185321574 0.2451425899 1


mesh: pSphereShape23 tranform: pSphere23 0.009915756773 0.001287055023 -0.0001457977708 0 -0.001217017396 0.009642723164 0.002353031796 0 0.0004434368933 -0.002315465254 0.009718126588 0 0.6949261646 1.238883524 0.2077875669 1


mesh: pSphereShape24 tranform: pSphere24 0.009965856648 0.0007051623787 0.0004294732659 0 -0.0007418738423 0.009930903492 0.0009092739069 0 -0.0003623871805 -0.0009380308392 0.009949310211 0 1.005771875 1.228968524 0.2815096238 1


