mesh: pSphereShape1 tranform: pSphere1 0.01672840035 0.1376221787 -0.04835733024 0 0.06168890674 0.01249155409 0.05689047771 0 0.102784044 -0.04795598673 -0.1009235769 0 -5.468981609 -0.1030364716 0.7680244806 1


mesh: pSphereShape2 tranform: pSphere2 0.05503327836 0.2448868553 -0.06703210862 0 0.09654416428 0.006211183176 0.1019538117 0 0.09192171272 -0.04375425294 -0.08437878983 0 -5.434431633 0.2263542382 0.6461844252 1


mesh: pSphereShape3 tranform: pSphere3 0.09579304295 0.2582877016 -0.101732759 0 0.08737234865 0.007440628482 0.1011619667 0 0.0911861073 -0.06301340574 -0.07412158208 0 -5.325249738 0.6643298928 0.5068414823 1


mesh: pSphereShape4 tranform: pSphere4 0.03516545166 -0.01314317619 -0.1768022424 0 0.05116159225 0.1396181051 -0.000203079192 0 0.1583382125 -0.05796930381 0.03580234869 0 -5.192845279 0.9092772503 0.2937150788 1


mesh: pSphereShape5 tranform: pSphere5 0.06639693707 -0.01909805744 -0.1735422147 0 0.04799160843 0.1298987605 0.004066340959 0 0.1533686259 -0.05870173627 0.06513859556 0 -5.092417364 0.8989712581 0.0180252872 1


mesh: pSphereShape6 tranform: pSphere6 0.09719142063 -0.2435231172 -0.04753188947 0 0.07400840496 0.04213385643 -0.06453743111 0 0.06529400407 0.01015104991 0.08150321269 0 -4.986463707 0.609651897 -0.09217759389 1


mesh: pSphereShape7 tranform: pSphere7 0.2037621677 -0.1445198296 0.02826684906 0 0.05251128629 0.06261284801 -0.05840818663 0 0.03359122837 0.06739978027 0.1024515766 0 -4.69391359 0.2636865847 -0.05542317968 1


mesh: pSphereShape8 tranform: pSphere8 0.0765459911 -0.1694290221 0.03571520043 0 0.03762528956 0.0130320837 -0.01881697079 0 0.03757149959 0.03841962188 0.1017340305 0 -4.442953646 0.03107075274 0.01273989808 1


mesh: pSphereShape10 tranform: pSphere10 0.03015760721 0.001472480396 -0.1809834104 0 -0.001022067318 0.1547823561 0.001088999704 0 0.2201658167 0.001195626885 0.03669637312 0 -5.119912074 1.342599376 0.1650767276 1


mesh: pSphereShape11 tranform: pSphere11 0.014582362 0.001178810173 -0.07653654201 0 0.02680530648 0.1690673356 0.007711126768 0 0.08886044031 -0.01485041534 0.01670168594 0 -5.150600278 1.155353107 0.1565648052 1


mesh: pSphereShape12 tranform: pSphere12 0.0664917007 -0.02526474344 -0.3083377321 0 0.04596530965 0.159250926 -0.003136567714 0 0.1625657406 -0.04615712288 0.03883864734 0 -5.170576259 0.7138944799 0.1995784785 1


mesh: pSphereShape13 tranform: pSphere13 0.03718514276 -0.03514857296 -0.2130270277 0 0.06498946905 0.1952863063 -0.02087712693 0 0.1828013893 -0.0564280282 0.04121946645 0 -5.237968316 0.4993815038 0.2027357301 1


mesh: pSphereShape14 tranform: pSphere14 0.02474293881 -0.03018873063 -0.2180951028 0 0.0625422079 0.2320649433 -0.02502700872 0 0.1833063372 -0.04646523042 0.02722786406 0 -5.28115925 0.3127223018 0.2216759604 1


mesh: pSphereShape15 tranform: pSphere15 -0.006317344494 -0.009066854868 -0.1513576399 0 -0.1992428179 0.3234246456 -0.01105830406 0 0.1599659178 0.09811630955 -0.01255414758 0 -5.133508107 -0.1985641161 0.4147871494 1


mesh: pSphereShape16 tranform: pSphere16 -0.004560447005 -0.004399054305 -0.1000155508 0 -0.1115100208 0.3450262935 -0.01009096938 0 0.07910585508 0.02542823943 -0.004725447814 0 -4.802040046 -0.8210292322 0.4705527995 1


mesh: pSphereShape17 tranform: pSphere17 0.0001698949955 0.01446753775 -0.1114361007 0 -0.03667881911 0.09655265457 0.01247932778 0 0.2605580098 0.09729783205 0.01302923874 0 -4.465376375 -1.194442426 0.4981631528 1


mesh: pSphereShape18 tranform: pSphere18 0.0006578751678 -0.02063126845 -0.126165568 0 0.08301358227 0.3439959168 -0.05581918778 0 0.1421140307 -0.0332915305 0.006185045628 0 -5.437112681 -0.2800055024 0.1077659534 1


mesh: pSphereShape19 tranform: pSphere19 -0.001342388708 -0.01413497844 -0.08527765375 0 0.3037461017 0.299805481 -0.05447487286 0 0.07132204042 -0.07034488813 0.01053712826 0 -5.75405494 -0.8979200903 0.1934830248 1


mesh: pSphereShape20 tranform: pSphere20 -0.006681226735 -0.00531894022 -0.1151024342 0 0.02444651917 0.07805798627 -0.005026118728 0 0.2495170694 -0.07884276382 -0.01084008497 0 -5.833638393 -1.27533793 0.2656373272 1


mesh: pSphereShape21 tranform: pSphere21 0.02948798129 -0.03597813221 -0.259919986 0 -0.06074425655 0.1299983987 -0.02488583189 0 0.2388003031 0.1137559977 0.01134583989 0 -5.373829673 0.1576449711 0.2284194023 1


mesh: pSphereShape22 tranform: pSphere22 0.001945594668 -0.000727170911 -0.009781916165 0 0.003440663238 0.009389443538 -1.365725889e-05 0 0.009185668069 -0.003362970786 0.00207700015 0 -5.252610129 1.10863227 0.4120657263 1


mesh: pSphereShape23 tranform: pSphere23 0.001871398976 0.0001512803037 -0.009822167792 0 0.0006166139301 0.009977287407 0.0002711517256 0 0.009803961094 -0.0006563918546 0.00185782039 0 -5.339053529 1.083391425 0.1442903015 1


mesh: pSphereShape24 tranform: pSphere24 0.003554646211 -0.001022439295 -0.009290807726 0 0.003464089861 0.009376242927 0.0002935131984 0 0.00868127708 -0.003322752843 0.0036871048 0 -5.092162371 1.060144471 -0.1259951499 1


