mesh: pSphereShape1 tranform: pSphere1 0.04384341266 0.1384018465 -0.02192758279 0 0.01809577811 0.007348341289 0.08256289292 0 0.1412304966 -0.04895340234 -0.02659729259 0 -0.1535499495 -0.01594633338 1.100604767 1


mesh: pSphereShape2 tranform: pSphere2 0.07632898738 0.2479985235 -0.01273401943 0 -0.004208823628 0.008495728647 0.140228537 0 0.1263284259 -0.03856669901 0.006128183976 0 -0.05421143732 0.3160814716 1.034616922 1


mesh: pSphereShape3 tranform: pSphere3 0.1186049332 0.2673067454 -0.02680245948 0 -0.007577866574 0.01665993763 0.132619969 0 0.1217474712 -0.05265896002 0.01357171997 0 0.09466500406 0.763842035 0.9899743117 1


mesh: pSphereShape4 tranform: pSphere4 0.1273495882 -0.01584588438 -0.1272767667 0 0.02152373532 0.1470955738 0.003222735655 0 0.119748968 -0.02020244995 0.1223326758 0 0.300902044 1.018925312 0.880088577 1


mesh: pSphereShape5 tranform: pSphere5 0.1421809067 -0.01670745365 -0.1199818323 0 0.01835431092 0.1372938783 0.002632077333 0 0.1121581457 -0.01758899025 0.1353589438 0 0.5263145042 1.012169626 0.6886354098 1


mesh: pSphereShape6 tranform: pSphere6 0.09435302599 -0.2491700837 -0.004553819759 0 0.09609595295 0.0369121242 -0.02864696826 0 0.02692252697 0.008347628007 0.1010673988 0 0.6686818009 0.7143439821 0.6429437238 1


mesh: pSphereShape7 tranform: pSphere7 0.1460202121 -0.1961585276 0.05834335087 0 0.08139728981 0.05295099276 -0.02569034381 0 0.009818859531 0.04280075342 0.1193277506 0 0.8840930691 0.3119505633 0.7487743812 1


mesh: pSphereShape8 tranform: pSphere8 -0.000165272955 -0.1887763116 0.01430156152 0 0.04367237357 -0.0004673389922 -0.005664043671 0 0.01484702722 0.008605933676 0.1137673133 0 1.029278219 0.005006385393 0.83317583 1


mesh: pSphereShape10 tranform: pSphere10 0.1177101584 -0.01227242161 -0.1402153722 0 0.01695895513 0.1538558034 0.0007706573606 0 0.1694665078 -0.01940077704 0.1439644148 0 0.4751750189 1.440429484 0.8103098372 1


mesh: pSphereShape11 tranform: pSphere11 0.05373364385 -0.003126437511 -0.05634534625 0 0.03213802521 0.1669478424 0.02138492855 0 0.06409379989 -0.02031209238 0.06225000177 0 0.4286395702 1.2582945 0.7877788234 1


mesh: pSphereShape12 tranform: pSphere12 0.2390779532 -0.02855204159 -0.2053244353 0 0.01801894949 0.1647879917 -0.001934012532 0 0.112019718 -0.01070064217 0.1319227789 0 0.3953778196 0.8267071422 0.8453803322 1


mesh: pSphereShape13 tranform: pSphere13 0.1700821808 -0.01843790311 -0.1368603925 0 0.02065441249 0.2058285052 -0.002061213698 0 0.12180023 -0.01069212869 0.152806731 0 0.3751625245 0.604041281 0.8410965543 1


mesh: pSphereShape14 tranform: pSphere14 0.1746392463 -0.001850667593 -0.1363332498 0 0.005694565944 0.2415439146 0.004015727714 0 0.117486159 -0.005273051909 0.1505682067 0 0.3711206459 0.4106540736 0.849172132 1


mesh: pSphereShape15 tranform: pSphere15 0.1199729518 -0.02798640415 -0.08862563886 0 0.02255395329 0.369452996 -0.08613530584 0 0.1146387706 0.02718125632 0.1466036945 0 0.2133374492 -0.1885128097 1.034601095 1


mesh: pSphereShape16 tranform: pSphere16 0.08381829973 -0.00767037712 -0.05439593466 0 0.1543366687 0.2593447287 0.2012460186 0 0.02876384747 -0.05783918413 0.0524779133 0 0.04456818215 -0.7910076361 0.9967815464 1


mesh: pSphereShape17 tranform: pSphere17 0.1013840298 -0.04739909207 -0.01009691204 0 0.04022374825 0.07269846643 0.06261363711 0 -0.05320242657 -0.160863863 0.2209511825 0 -0.2006533982 -1.23987828 0.9002081151 1


mesh: pSphereShape18 tranform: pSphere18 0.08172722624 -0.01656108148 -0.09690316638 0 0.02680812156 0.35520452 -0.03809594381 0 0.1118082738 0.001644950288 0.09401692709 0 0.4781470314 -0.189558915 0.7553767084 1


mesh: pSphereShape19 tranform: pSphere19 0.05484898114 -0.009807442298 -0.06610053854 0 0.09279757263 0.4198629279 0.01470594481 0 0.0747673438 -0.01879566698 0.06482927589 0 0.3949129863 -0.9093141784 0.7771798939 1


mesh: pSphereShape20 tranform: pSphere20 0.04231206758 0.009137151715 -0.1069939329 0 -0.004465435485 0.08166320914 0.005208027302 0 0.243249835 0.00712749722 0.09680482067 0 0.5036969138 -1.322909659 0.8761278944 1


mesh: pSphereShape21 tranform: pSphere21 0.2081304435 -0.002205576781 -0.1624783681 0 -0.0548297531 0.1142331166 -0.07178611453 0 0.1288770849 0.1642021412 0.1628591222 0 0.3394030341 0.238465233 0.8041470702 1


mesh: pSphereShape22 tranform: pSphere22 0.007045855177 -0.0008767033178 -0.007041826192 0 0.00144749062 0.009892310054 0.0002167318804 0 0.006946991847 -0.00117200388 0.007096880383 0 0.1573850673 1.207441696 0.9145209356 1


mesh: pSphereShape23 tranform: pSphere23 0.006895802347 -0.0004012252581 -0.007230970079 0 0.001188449078 0.009911975643 0.0005833760772 0 0.007143913408 -0.001261648585 0.006882786069 0 0.2716849025 1.199257157 0.6749798889 1


mesh: pSphereShape24 tranform: pSphere24 0.007611839397 -0.000894455218 -0.006423383132 0 0.001324835413 0.009910031095 0.0001899863893 0 0.006348599226 -0.0009956071328 0.007661857106 0 0.5675930778 1.157922456 0.5344571114 1


