mesh: pSphereShape1 tranform: pSphere1 -0.02875487787 0.1438290928 0.006669625615 0 0.06732740745 0.01574030547 -0.04916654941 0 -0.08746552187 -0.01175779844 -0.1235372065 0 -7.584058491 -0.05706050704 0.3785003012 1


mesh: pSphereShape2 tranform: pSphere2 -0.03122987289 0.2575898211 -0.0127951676 0 0.1093399399 0.008891926072 -0.08786151252 0 -0.08154649405 -0.01500285478 -0.1029995133 0 -7.659956377 0.2870336396 0.3981660744 1


mesh: pSphereShape3 tranform: pSphere3 -0.0620390834 0.2830207459 -0.04784148486 0 0.1077102224 0.01028336657 -0.0788403078 0 -0.07400975592 -0.03406592488 -0.1055541245 0 -7.735445266 0.7527564744 0.3674755211 1


mesh: pSphereShape4 tranform: pSphere4 -0.1787972752 0.002125618477 -0.02637045912 0 0.005299649694 0.146632979 -0.02411323795 0 0.02447165818 -0.02854828881 -0.168224169 0 -7.916930466 1.032462434 0.2909248725 1


mesh: pSphereShape5 tranform: pSphere5 -0.1805201464 0.002098481347 -0.04794019642 0 0.006973991789 0.1368719447 -0.02026947882 0 0.04450562631 -0.0272625292 -0.1687805368 0 -8.201975317 1.054945053 0.2184509604 1


mesh: pSphereShape6 tranform: pSphere6 -0.09525186356 -0.2301528239 -0.09468749408 0 -0.0645646879 0.05385210302 -0.06594647794 0 0.07471950511 -0.0006192810114 -0.07365959888 0 -8.362035063 0.7828200108 0.1106392742 1


mesh: pSphereShape7 tranform: pSphere7 -0.04944808604 -0.1723621936 -0.1762106066 0 -0.05203695963 0.06826288829 -0.05216946523 0 0.1058434752 0.03318091335 -0.06215796252 0 -8.442616543 0.4124603242 -0.1613877145 1


mesh: pSphereShape8 tranform: pSphere8 -0.001045739066 -0.1883326945 -0.01925514058 0 -0.03756338257 0.002544693373 -0.02284935086 0 0.06005868137 0.009651190531 -0.0976591378 0 -8.500983966 0.1248150175 -0.352225586 1


mesh: pSphereShape10 tranform: pSphere10 -0.1595520282 0.0191361346 -0.08856411791 0 0.0135389209 0.1539409217 0.008871221517 0 0.1084803237 0.001700354093 -0.1950645235 0 -8.003049165 1.474676545 0.2427274477 1


mesh: pSphereShape11 tranform: pSphere11 -0.07172806613 0.004083182798 -0.03017100072 0 0.01790123578 0.1692785214 -0.01964886358 0 0.03449769579 -0.01337803124 -0.08382479506 0 -8.043791136 1.287920066 0.2596351185 1


mesh: pSphereShape12 tranform: pSphere12 -0.3113535865 0.002402844621 -0.05643386416 0 0.003497397618 0.165290707 -0.01225787771 0 0.03073511278 -0.01326744363 -0.1701348533 0 -8.021985731 0.8503424587 0.2358491979 1


mesh: pSphereShape13 tranform: pSphere13 -0.2161790101 -0.005038317658 -0.03521253354 0 -0.001923074605 0.2061062898 -0.01768406111 0 0.03172247135 -0.01621485649 -0.1924325283 0 -8.033064314 0.6271996898 0.2551965715 1


mesh: pSphereShape14 tranform: pSphere14 -0.219600211 -0.002420626652 -0.02930757929 0 -0.0003883228895 0.241045418 -0.01699919224 0 0.02535642297 -0.01328072647 -0.1888974897 0 -8.031767082 0.4328082556 0.2588256502 1


mesh: pSphereShape15 tranform: pSphere15 -0.1469664501 0.02766554236 -0.02582115712 0 0.06154257307 0.3719057369 0.04818840672 0 0.03566380212 0.01791304059 -0.1837953423 0 -7.908865421 -0.1616849667 0.2303426974 1


mesh: pSphereShape16 tranform: pSphere16 -0.09644006402 0.02080068128 -0.01760413226 0 0.08584859222 0.3472991835 -0.05993956921 0 0.01114300611 -0.01669434037 -0.08077000644 0 -8.006463128 -0.8579831133 0.2104968315 1


mesh: pSphereShape17 tranform: pSphere17 -0.1005802381 -0.005611358964 -0.04979429092 0 -0.004448038009 0.1039051326 -0.002724494572 0 0.1235905281 -0.001251427038 -0.2495013446 0 -7.998815279 -1.312481249 0.1013709638 1


mesh: pSphereShape18 tranform: pSphere18 -0.1185574325 0.03327793058 0.0343590906 0 0.1234024812 0.3132545251 0.1224077508 0 -0.02133897048 0.05981701808 -0.1315657676 0 -8.342727299 -0.1250681552 0.1423623892 1


mesh: pSphereShape19 tranform: pSphere19 -0.08032299691 0.01850889894 0.02606750237 0 -0.002994080548 0.3463927863 -0.2551775963 0 -0.03724334476 -0.05571797031 -0.07519779826 0 -8.497051084 -0.731130887 0.1978120248 1


mesh: pSphereShape20 tranform: pSphere20 -0.05453484014 0.02414183277 0.09881610898 0 -0.03881055334 0.06220132104 -0.03661529734 0 -0.1946665805 -0.1614802638 -0.06798164177 0 -8.624146178 -1.208416313 0.3476802609 1


mesh: pSphereShape21 tranform: pSphere21 -0.2617137343 -0.002884838941 -0.0349279993 0 -0.01258124209 0.1179192117 0.08453120636 0 0.02667785962 0.1553404923 -0.2127260283 0 -8.042261728 0.2630724549 0.3201598191 1


mesh: pSphereShape22 tranform: pSphere22 -0.009892295102 0.000117603835 -0.001458995185 0 0.0003564062234 0.009861200131 -0.001621637008 0 0.001419673278 -0.001656170679 -0.009759181649 0 -7.78445391 1.211066154 0.3796480957 1


mesh: pSphereShape23 tranform: pSphere23 -0.009205081423 0.000524007298 -0.003871936512 0 0.0006747125816 0.009973972714 -0.0002542267299 0 0.003848537246 -0.0004952622029 -0.009216478526 0 -8.097238903 1.212142789 0.4392038118 1


mesh: pSphereShape24 tranform: pSphere24 -0.00966438036 0.0001123449228 -0.002566540643 0 0.0005033908018 0.009879575439 -0.001463074449 0 0.002519196292 -0.001543168093 -0.009553652824 0 -8.334866818 1.217899846 0.2684943442 1


