mesh: pSphereShape1 tranform: pSphere1 0.06930562999 0.122189081 -0.04271642492 0 0.06159264905 -0.01524613454 0.05632040089 0 0.07593496301 -0.0796383181 -0.1046017419 0 2.190363842 0.009566471297 0.3195830615 1


mesh: pSphereShape2 tranform: pSphere2 0.1326631953 0.2157762218 -0.05772898675 0 0.0847687833 -0.02274788786 0.1097757767 0 0.08102260604 -0.07045933556 -0.07716628431 0 2.339607305 0.3090557442 0.2082255939 1


mesh: pSphereShape3 tranform: pSphere3 0.1516746602 0.231039385 -0.09926730653 0 0.08252280452 -0.009048890384 0.1050292249 0 0.07925370709 -0.0818125354 -0.06931928564 0 2.565840073 0.7050883426 0.07717575847 1


mesh: pSphereShape4 tranform: pSphere4 0.02277891687 -0.001370089939 -0.1792975984 0 0.02949900677 0.1457176535 0.002634218953 0 0.167546715 -0.0343076092 0.02154818156 0 2.727776775 0.9425787771 -0.1365281155 1


mesh: pSphereShape5 tranform: pSphere5 0.04442846648 -0.002178929327 -0.1814154154 0 0.02818652992 0.1355400764 0.005274921372 0 0.1677891807 -0.03650921509 0.04152991614 0 2.796559543 0.9579306175 -0.4228935559 1


mesh: pSphereShape6 tranform: pSphere6 0.1108373618 -0.232149333 -0.06950343717 0 0.02865266194 0.04183880537 -0.09405384206 0 0.09117501655 0.03107607499 0.04159949976 0 2.915202944 0.6852062746 -0.5621574071 1


mesh: pSphereShape7 tranform: pSphere7 0.2497595477 0.0001248038115 -0.02870835484 0 -0.009256459333 0.0596677329 -0.08027079045 0 0.008574673877 0.102285829 0.07504339215 0 3.276980013 0.4974733886 -0.6109449954 1


mesh: pSphereShape8 tranform: pSphere8 0.172013454 -0.05734542702 0.05444200075 0 0.01691228846 0.01475684358 -0.03789176792 0 0.01889861184 0.1026484168 0.04841118549 0 3.623455844 0.4772518794 -0.6064903405 1


mesh: pSphereShape10 tranform: pSphere10 0.01733416906 0.001098561634 -0.1826607896 0 0.0004565065816 0.1547858223 0.0009742371554 0 0.2222070118 -0.0007880445007 0.02108229249 0 2.792218112 1.381615221 -0.2694564175 1


mesh: pSphereShape11 tranform: pSphere11 0.007412249815 0.001405368864 -0.07755617724 0 0.02887248668 0.168802481 0.005818232035 0 0.08989619833 -0.01566246838 0.008307804188 0 2.758889854 1.194748304 -0.275568278 1


mesh: pSphereShape12 tranform: pSphere12 0.02718704559 -0.003315330621 -0.3152482889 0 0.02084558463 0.1644656868 6.811054248e-05 0 0.1713745072 -0.02172747432 0.01500785402 0 2.772147099 0.7564329634 -0.2436597147 1


mesh: pSphereShape13 tranform: pSphere13 0.01316650769 -0.01162038459 -0.2183810461 0 0.02162137927 0.205513905 -0.009632120534 0 0.1942751244 -0.0198405302 0.01276887148 0 2.743814064 0.5355588391 -0.2485183665 1


mesh: pSphereShape14 tranform: pSphere14 0.008181361849 -0.003811399229 -0.2213765681 0 0.01628005925 0.2410692486 -0.003548786124 0 0.1904892023 -0.01275738437 0.007259506242 0 2.739061439 0.3422785238 -0.243714218 1


mesh: pSphereShape15 tranform: pSphere15 -0.0179065795 0.009349863037 -0.1504100606 0 -0.1834148227 0.3301337736 0.04235778942 0 0.1632218622 0.09243829433 -0.01368565277 0 2.906431424 -0.2020179208 -0.1177494421 1


mesh: pSphereShape16 tranform: pSphere16 -0.01162367888 0.005444221421 -0.09939069527 0 -0.1459812011 0.3302010821 0.03515949255 0 0.07557540344 0.03415363992 -0.006967696939 0 3.254012183 -0.8244713875 -0.1578472096 1


mesh: pSphereShape17 tranform: pSphere17 -0.002561394813 0.02453382607 -0.1096306239 0 -0.04764832223 0.09000732846 0.02125565125 0 0.2474359216 0.1257099774 0.02235110545 0 3.627085306 -1.158147702 -0.1799013713 1


mesh: pSphereShape18 tranform: pSphere18 -0.01018199931 -0.01777414677 -0.1261912801 0 0.03898672333 0.3521895767 -0.05275191764 0 0.1447578131 -0.01740666269 -0.009228334751 0 2.677999266 -0.2570384991 -0.3745749549 1


mesh: pSphereShape19 tranform: pSphere19 -0.00892106158 -0.0126871279 -0.08504898176 0 0.2831904416 0.3147067525 -0.07665093755 0 0.07511677112 -0.06707618946 0.002126807991 0 2.424567818 -0.8942238554 -0.276192975 1


mesh: pSphereShape20 tranform: pSphere20 -0.02013316298 -0.001413533058 -0.1136404767 0 0.02657838978 0.07731350866 -0.005670446589 0 0.2434964031 -0.08679257897 -0.04205956124 0 2.362721567 -1.290819749 -0.2093494884 1


mesh: pSphereShape21 tranform: pSphere21 0.009750331073 -0.004542324985 -0.2638307497 0 -0.08564212798 0.1176742627 -0.005191031927 0 0.2139122743 0.1559134956 0.005221172019 0 2.677430367 0.1723619869 -0.2472129797 1


mesh: pSphereShape22 tranform: pSphere22 0.001260286364 -7.580279945e-05 -0.009919976422 0 0.00198383482 0.009799643667 0.0001771536013 0 0.009719880539 -0.001990285891 0.001250073751 0 2.648284834 1.126155075 -0.004991386436 1


mesh: pSphereShape23 tranform: pSphere23 0.0009512366184 0.0001803552712 -0.009953020691 0 0.0007257236443 0.009970496956 0.0002500312885 0 0.009928165696 -0.0007460981365 0.0009353413724 0 2.5694943 1.124408329 -0.2705296869 1


mesh: pSphereShape24 tranform: pSphere24 0.002378535623 -0.0001166518098 -0.009712309748 0 0.002034536364 0.009783439644 0.0003807499319 0 0.009497538106 -0.002066567463 0.002350759205 0 2.753305298 1.122354324 -0.5563576746 1


