mesh: pSphereShape1 tranform: pSphere1 -0.02074997324 0.1148153442 -0.08913478654 0 -0.01991488636 0.04829791825 0.06684904626 0 0.1460121153 0.03854013387 0.01565327416 0 -0.2678789565 0.03774730893 1.248572663 1


mesh: pSphereShape2 tranform: pSphere2 -0.03214870348 0.222759218 -0.12975488 0 -0.01689872222 0.06839974087 0.1216134977 0 0.1302433346 0.02209875926 0.005668750085 0 -0.3134266094 0.311202594 1.03012871 1


mesh: pSphereShape3 tranform: pSphere3 0.02907688417 0.2728390762 -0.1046507117 0 -0.02174204479 0.0493213839 0.1225468006 0 0.1309059314 -0.004368243815 0.02498319368 0 -0.3340689239 0.7282059201 0.8202438978 1


mesh: pSphereShape4 tranform: pSphere4 0.15073886 0.01624624943 -0.09839837623 0 0.003121119756 0.1458359801 0.02885984355 0 0.09504403904 -0.02987129335 0.1406683133 0 -0.1905431261 1.010294635 0.6795242843 1


mesh: pSphereShape5 tranform: pSphere5 0.1661599191 0.01569716526 -0.08387293729 0 -0.0003955284757 0.1363149693 0.0247283294 0 0.08070313123 -0.02782438 0.1546727978 0 0.06849744401 1.05488028 0.5450779369 1


mesh: pSphereShape6 tranform: pSphere6 0.09471038765 -0.2490716174 -0.001494417115 0 0.0998626614 0.03798238315 -0.001540553245 0 0.001623112487 -1.22711913e-05 0.1049118192 0 0.2263369535 0.7693927884 0.5084821193 1


mesh: pSphereShape7 tranform: pSphere7 0.1310117456 -0.1963882246 0.08643844423 0 0.08394783157 0.05511852524 -0.002007470621 0 -0.02200442977 0.03786132859 0.1193723227 0 0.4145263114 0.3631469353 0.6403594734 1


mesh: pSphereShape8 tranform: pSphere8 -0.02183595288 -0.1870950952 0.01896508184 0 0.04279455407 -0.005865373198 -0.00859066637 0 0.02371433263 0.008611036822 0.1122540795 0 0.538026717 0.05059739779 0.7383218035 1


mesh: pSphereShape10 tranform: pSphere10 0.1590829558 0.01449083807 -0.09027332441 0 0.002981090475 0.1518967456 0.02963612834 0 0.1111388015 -0.03916679927 0.1895657374 0 -0.04610796591 1.445420445 0.7275869131 1


mesh: pSphereShape11 tranform: pSphere11 0.06887479962 0.008021146631 -0.03554996935 0 0.01146156797 0.1606648988 0.05845658791 0 0.04241310162 -0.03042536348 0.07530660708 0 -0.06619806393 1.26817218 0.6638100961 1


mesh: pSphereShape12 tranform: pSphere12 0.2852789684 0.02589853463 -0.1344499409 0 -0.003551643017 0.1639889201 0.0240525481 0 0.07493678951 -0.02110203654 0.154937801 0 -0.07064951462 0.8355576382 0.6415937893 1


mesh: pSphereShape13 tranform: pSphere13 0.1955628863 0.03217178095 -0.09337454463 0 -0.01493773027 0.2026986034 0.03855343482 0 0.08708139435 -0.02653311598 0.1732406973 0 -0.05404329426 0.6159573466 0.5981833273 1


mesh: pSphereShape14 tranform: pSphere14 0.2006342583 0.02748255382 -0.08988687303 0 -0.0168210279 0.2384507712 0.03535957576 0 0.07995375711 -0.01992067775 0.1723721289 0 -0.03654513753 0.4243340807 0.5773323829 1


mesh: pSphereShape15 tranform: pSphere15 0.1487153214 0.007564193611 -0.02928801815 0 -0.01122634308 0.3776952526 0.04054322798 0 0.03707398219 -0.01859011643 0.1834487369 0 -0.2131349478 -0.1692147394 0.5876244333 1


mesh: pSphereShape16 tranform: pSphere16 0.0981878235 0.004236583103 -0.01960771389 0 -0.001524710679 0.356054925 0.06929661785 0 0.01665573597 -0.01550914432 0.08005444664 0 -0.231138791 -0.8797846358 0.5186855196 1


mesh: pSphereShape17 tranform: pSphere17 0.1108028644 -0.006177132839 0.01766101138 0 0.006369548038 0.1037761152 -0.003664870446 0 -0.04311242705 0.01235080621 0.2748015318 0 -0.2767583387 -1.332623684 0.6437967765 1


mesh: pSphereShape18 tranform: pSphere18 0.1252250711 0.01363389115 -0.02183188422 0 -0.06038251661 0.3218049139 -0.1453814858 0 0.01608794299 0.06227742392 0.13117042 0 0.1759296069 -0.1550909808 0.6467666882 1


mesh: pSphereShape19 tranform: pSphere19 0.0846075316 0.00676555995 -0.0164216518 0 -0.007284911336 0.4096745735 0.1312486434 0 0.0206234296 -0.02974829328 0.09399989897 0 0.2682584779 -0.8218486014 0.7129921083 1


mesh: pSphereShape20 tranform: pSphere20 0.110032319 -0.007886729201 -0.03394390307 0 0.01025258245 0.07997579585 0.01465264549 0 0.07196742564 -0.05427821931 0.2459004297 0 0.3056871091 -1.26899274 0.8040456375 1


mesh: pSphereShape21 tranform: pSphere21 0.2391106126 0.03275298214 -0.1071248024 0 -0.04688065607 0.1199674092 -0.06796159079 0 0.07315602643 0.1464589645 0.2080689966 0 -0.04173119583 0.2587675295 0.5049232547 1


mesh: pSphereShape22 tranform: pSphere22 0.008339910578 0.0008988542668 -0.005444074996 0 0.0002098981195 0.009807601238 0.001940850517 0 0.005513785844 -0.001732922086 0.008160584949 0 -0.3590691896 1.177667929 0.7096288213 1


mesh: pSphereShape23 tranform: pSphere23 0.008838913032 0.001029378203 -0.004562235957 0 0.0002169064444 0.009654058006 0.00259848333 0 0.004671891267 -0.002395734655 0.008510810035 0 -0.1746687522 1.228494803 0.4979680304 1


mesh: pSphereShape24 tranform: pSphere24 0.00889558695 0.0008403681174 -0.004490246567 0 -2.854970331e-05 0.009839372311 0.001784919447 0 0.004568119714 -0.001574971093 0.008755098419 0 0.1239077806 1.226130979 0.4254048472 1


