mesh: pSphereShape1 tranform: pSphere1 -0.02028925069 0.1423537231 0.0296967785 0 -0.04395615456 0.008762639254 -0.07203581902 0 -0.1281507087 -0.03372215454 0.07409532305 0 4.738487313 -0.09104072586 -0.4220120557 1


mesh: pSphereShape2 tranform: pSphere2 -0.05142438853 0.2528749023 0.03002254611 0 -0.06652870205 0.001168959827 -0.1238002404 0 -0.1134959742 -0.03028766262 0.06070533277 0 4.697275055 0.2500926243 -0.3418365626 1


mesh: pSphereShape3 tranform: pSphere3 -0.09608475398 0.2723890831 0.05301231522 0 -0.05805562134 0.002991546142 -0.1205969703 0 -0.1119496314 -0.04973850544 0.05265895455 0 4.592090183 0.7054175072 -0.2710492498 1


mesh: pSphereShape4 tranform: pSphere4 -0.04140312756 0.02017735675 0.174777116 0 -0.02397868251 0.1450275397 -0.02242321503 0 -0.165473292 -0.03283380604 -0.0354085966 0 4.466097553 0.9916803581 -0.1053336815 1


mesh: pSphereShape5 tranform: pSphere5 -0.0649978501 0.01914815742 0.1740655534 0 -0.0208030499 0.1350873989 -0.02262841913 0 -0.1634867832 -0.03476196815 -0.05722362408 0 4.367429987 1.041449512 0.168123756 1


mesh: pSphereShape6 tranform: pSphere6 -0.0568586849 -0.2386010774 0.1041421011 0 -0.0694118269 0.04582037163 0.06708261851 0 -0.07656539697 -0.01258216015 -0.07062969413 0 4.289071694 0.7671553815 0.3412166652 1


mesh: pSphereShape7 tranform: pSphere7 -0.1404417345 -0.197359173 0.06730150756 0 -0.05950726679 0.0606238062 0.05359999541 0 -0.07380867479 0.01773775607 -0.1020052846 0 4.082243698 0.3610417899 0.4479552183 1


mesh: pSphereShape8 tranform: pSphere8 0.007181849611 -0.1875483429 0.02480116761 0 -0.03496382747 0.002190454879 0.02668911173 0 -0.06982237154 -0.01461105781 -0.09027098817 0 3.937408082 0.04935396086 0.5128074227 1


mesh: pSphereShape10 tranform: pSphere10 -0.01912759521 0.0151481108 0.1818552011 0 -0.01663086097 0.1532078682 -0.01451109523 0 -0.2206909611 -0.02595004137 -0.02105077692 0 4.347307669 1.435639075 -0.02130285807 1


mesh: pSphereShape11 tranform: pSphere11 -0.01462269137 0.00946604651 0.07595029952 0 -0.04358641442 0.1632066026 -0.02873289494 0 -0.08692976437 -0.02560048607 -0.01354585472 0 4.399465924 1.25489486 -0.002852711461 1


mesh: pSphereShape12 tranform: pSphere12 -0.09900408226 0.03276959792 0.2987573525 0 -0.01645853526 0.1632992947 -0.02336583299 0 -0.1637895207 -0.02389921692 -0.05165617957 0 4.407147121 0.819271281 0.01158692364 1


mesh: pSphereShape13 tranform: pSphere13 -0.06683186397 0.02522135007 0.2071136331 0 -0.02581089161 0.2025860548 -0.03299871526 0 -0.1847684104 -0.03260562777 -0.05565089629 0 4.432418261 0.5994789066 0.05442067911 1


mesh: pSphereShape14 tranform: pSphere14 -0.06803258758 0.02312034172 0.2095854555 0 -0.02897996349 0.2372473806 -0.03557891171 0 -0.1803745771 -0.03031200436 -0.05520671885 0 4.445518891 0.4069929278 0.08064736978 1


mesh: pSphereShape15 tranform: pSphere15 -0.08850230889 0.002365890565 0.1232598707 0 0.02871227012 0.3787095961 0.01334673425 0 -0.1521232296 0.01539323333 -0.1095220665 0 4.503152017 -0.1900412677 -0.09939361402 1


mesh: pSphereShape16 tranform: pSphere16 -0.05869502703 0.003017985003 0.08117293472 0 -0.03710921119 0.3585932112 -0.04016554408 0 -0.06691889252 -0.01229382958 -0.04793104531 0 4.504385747 -0.8974913339 -0.1251515863 1


mesh: pSphereShape17 tranform: pSphere17 -0.09828411069 -0.0134192016 0.05279679601 0 -0.007282749168 0.1030100368 0.01262451467 0 -0.1335660516 0.02039411003 -0.243456969 0 4.461178447 -1.3464743 -0.2729322641 1


mesh: pSphereShape18 tranform: pSphere18 -0.01667459234 0.009708203966 0.1263785636 0 0.06450621652 0.3519035729 -0.01852162845 0 -0.1424356272 0.025019086 -0.02071511445 0 4.35866204 -0.191371641 0.2899882172 1


mesh: pSphereShape19 tranform: pSphere19 -0.009339160115 0.005015507051 0.08579919947 0 -0.2019220808 0.377360107 -0.04403811392 0 -0.08827833234 -0.04803067746 -0.006801313795 0 4.43054542 -0.8697256261 0.3617595015 1


mesh: pSphereShape20 tranform: pSphere20 0.02828713255 0.0324787377 0.1070816044 0 -0.01593162965 0.07799907228 -0.01944919766 0 -0.2487570973 -0.03200362814 0.07541969953 0 4.404298898 -1.285760504 0.4385076797 1


mesh: pSphereShape21 tranform: pSphere21 -0.08107944189 0.02755421291 0.249778413 0 0.0748245473 0.1244935019 0.01055500371 0 -0.2120897403 0.1345682334 -0.08369033685 0 4.51249566 0.2449417044 0.1246447935 1


mesh: pSphereShape22 tranform: pSphere22 -0.002290705803 0.001116350163 0.009669872245 0 -0.001612588033 0.00975323289 -0.001507981442 0 -0.009599595135 -0.00190478621 -0.002054157427 0 4.565219154 1.156735763 -0.2476458674 1


mesh: pSphereShape23 tranform: pSphere23 -0.001876574567 0.00121480661 0.009746933507 0 -0.001611761659 0.009750632341 -0.001525579665 0 -0.009689204934 -0.001857259772 -0.001633980995 0 4.594174064 1.204140834 0.01602966809 1


mesh: pSphereShape24 tranform: pSphere24 -0.003479744274 0.001025121462 0.009318825343 0 -0.001501588227 0.009750764857 -0.001633345492 0 -0.009254005218 -0.001967666305 -0.003239085786 0 4.402995332 1.217746818 0.2880117125 1


