mesh: pSphereShape1 tranform: pSphere1 -0.03946761473 0.1133686677 -0.08454577105 0 -0.005597171557 0.04934888081 0.06878550883 0 0.1458907235 0.03885447907 -0.01600409254 0 0.1426321062 0.06644974004 1.441867965 1


mesh: pSphereShape2 tranform: pSphere2 -0.05919577923 0.2212422316 -0.1226347092 0 0.007846303031 0.06963241957 0.1218347071 0 0.1285362678 0.02263277106 -0.02121324193 0 0.05164842399 0.3370058275 1.234273947 1


mesh: pSphereShape3 tranform: pSphere3 0.001287129231 0.2697768786 -0.1160050741 0 0.003196623503 0.05285754604 0.1229589167 0 0.133300886 -0.001794458083 -0.002694087614 0 -0.01744632823 0.7499913783 1.02461558 1


mesh: pSphereShape4 tranform: pSphere4 0.1270845791 -0.002829839914 -0.1284908042 0 0.02286302219 0.1456416282 0.01940524129 0 0.1196714536 -0.03465837051 0.1191250537 0 0.09361940972 1.013305464 0.8476057531 1


mesh: pSphereShape5 tranform: pSphere5 0.1483987476 -0.005185417139 -0.1133186325 0 0.0157746116 0.1368845745 0.0143941817 0 0.1053867733 -0.02678636578 0.139237152 0 0.3232111994 1.02591179 0.6630753278 1


mesh: pSphereShape6 tranform: pSphere6 0.08736186671 -0.2502251498 -0.0276448918 0 0.09912239646 0.03641078086 -0.01632762793 0 0.01876438359 -0.004841357691 0.1031192689 0 0.4618114422 0.7305925898 0.593739403 1


mesh: pSphereShape7 tranform: pSphere7 0.1329406288 -0.2097643018 0.03911193899 0 0.08522845596 0.05175517074 -0.01211745778 0 0.002606045829 0.02489582901 0.1246628765 0 0.654474974 0.3077127535 0.660406687 1


mesh: pSphereShape8 tranform: pSphere8 -0.004147587083 -0.1884797397 -0.01729864318 0 0.04402890573 -0.000931797251 -0.0004040095665 0 0.0008283592537 -0.01053327695 0.1145681534 0 0.7814027698 -0.01467408127 0.7091766991 1


mesh: pSphereShape10 tranform: pSphere10 0.1314629796 0.002786401009 -0.1279701734 0 0.01315684741 0.1533057347 0.01685400245 0 0.1545504668 -0.03064490654 0.1581014961 0 0.2536368609 1.442057191 0.8224977289 1


mesh: pSphereShape11 tranform: pSphere11 0.05833555012 0.002460022633 -0.05160221912 0 0.0244989771 0.1658136063 0.03560053351 0 0.05931794395 -0.02292707196 0.06596506574 0 0.213134633 1.262707702 0.7762367757 1


mesh: pSphereShape12 tranform: pSphere12 0.2517563586 -0.008906644117 -0.1914967837 0 0.01785986502 0.1640527843 0.01584974305 0 0.1033735022 -0.02449404809 0.1370419688 0 0.1848501972 0.8256471368 0.7947035042 1


mesh: pSphereShape13 tranform: pSphere13 0.1763997444 0.005616647782 -0.1298085321 0 0.01029313675 0.2053463422 0.02287264728 0 0.1156531743 -0.02319122084 0.156160255 0 0.1711415385 0.6055199334 0.7646963894 1


mesh: pSphereShape14 tranform: pSphere14 0.1817402018 0.01333832436 -0.1260223571 0 -0.001324736367 0.2404911055 0.02354336632 0 0.1092723424 -0.01467310296 0.156031544 0 0.1735266356 0.4127328654 0.7546370484 1


mesh: pSphereShape15 tranform: pSphere15 0.1394732025 -0.01027011174 -0.05893218502 0 0.03519494801 0.3779964222 0.01742149252 0 0.07206084061 -0.01468772824 0.1731040657 0 -0.03005358162 -0.1923385054 0.8152293696 1


mesh: pSphereShape16 tranform: pSphere16 0.09296473985 -0.003146475468 -0.03729499431 0 0.07026348729 0.3237089378 0.1478344396 0 0.02657490605 -0.03746420512 0.0694036687 0 -0.1514666375 -0.8701292487 0.7095211404 1


mesh: pSphereShape17 tranform: pSphere17 0.1087635501 -0.02141436817 0.01841895897 0 0.01718931713 0.1013064867 0.01627905508 0 -0.05274433427 -0.03462894461 0.2711936154 0 -0.2898160853 -1.318427429 0.7333477797 1


mesh: pSphereShape18 tranform: pSphere18 0.09570961038 7.142105457e-05 -0.08475551877 0 -0.04867596514 0.3506877601 -0.05467149793 0 0.09479833208 0.0298510013 0.1070755456 0 0.3560811254 -0.1888521501 0.6793018507 1


mesh: pSphereShape19 tranform: pSphere19 0.06409285452 0.001548129512 -0.05799644081 0 -0.01916237898 0.4297105139 -0.009706182516 0 0.06744932975 0.004694320632 0.07466471106 0 0.4438293178 -0.9072687791 0.7406614765 1


mesh: pSphereShape20 tranform: pSphere20 0.0366316314 0.006979469589 -0.1092287089 0 -0.01429099314 0.08069435416 0.0003634703567 0 0.2441254322 0.0428535775 0.08460969811 0 0.658382902 -1.295549252 0.8582087689 1


mesh: pSphereShape21 tranform: pSphere21 0.2165931748 0.01589626286 -0.1501901183 0 -0.0540570881 0.1183439864 -0.06543152989 0 0.1152121676 0.1534708773 0.1823940407 0 0.1491446762 0.2440561148 0.6943383436 1


mesh: pSphereShape22 tranform: pSphere22 0.007031193052 -0.0001565662088 -0.007108995097 0 0.00153755887 0.0097945309 0.001305019985 0 0.006942495012 -0.002010634592 0.006910796738 0 -0.04814647634 1.198140752 0.9029183786 1


mesh: pSphereShape23 tranform: pSphere23 0.00748637901 0.0003157022049 -0.006622270112 0 0.0007952809819 0.009873767047 0.00136976365 0 0.006581918982 -0.001552113531 0.007366769041 0 0.06828376873 1.207543892 0.6465488561 1


mesh: pSphereShape24 tranform: pSphere24 0.007944719581 -0.0002776080374 -0.006066660083 0 0.001138629729 0.009880487074 0.001038988701 0 0.005965312492 -0.00151621534 0.007881379189 0 0.3697410115 1.184014352 0.523227867 1


