mesh: pSphereShape1 tranform: pSphere1 -0.02043637079 0.139195608 0.04201276342 0 -0.001171020547 0.02435506725 -0.08126220525 0 -0.1503295323 -0.02083971405 -0.004079555373 0 4.757444087 -0.08893499606 -0.4573083032 1


mesh: pSphereShape2 tranform: pSphere2 -0.04009440862 0.2513205678 0.05217228963 0 -0.01260941425 0.02652124903 -0.1374465722 0 -0.1301024546 -0.02233882762 0.007625232979 0 4.712532068 0.2416918674 -0.3427840134 1


mesh: pSphereShape3 tranform: pSphere3 -0.09729207119 0.2728230704 0.04837585424 0 -0.004765330662 0.02170968442 -0.1320189948 0 -0.1257200974 -0.0443449596 -0.002754279745 0 4.614769742 0.6929356293 -0.2482595737 1


mesh: pSphereShape4 tranform: pSphere4 -0.1082925554 0.02757807965 0.1420582872 0 -0.01513630872 0.142628445 -0.03922733602 0 -0.136890153 -0.04103662177 -0.09638630395 0 4.441898223 0.9847186727 -0.1192414182 1


mesh: pSphereShape5 tranform: pSphere5 -0.1337021544 0.02551539596 0.1279175039 0 -0.0113165659 0.132662056 -0.03829010088 0 -0.1225213511 -0.04483279337 -0.1191192891 0 4.237549357 1.044514027 0.08366034557 1


mesh: pSphereShape6 tranform: pSphere6 -0.08620182976 -0.2283105766 0.107016291 0 -0.09189275383 0.04736150294 0.02702213368 0 -0.04141116937 -0.02765438078 -0.09235515544 0 4.102462308 0.7823801285 0.2453987364 1


mesh: pSphereShape7 tranform: pSphere7 -0.1466479946 -0.2003734751 0.03935547043 0 -0.07840845299 0.06060398197 0.01638877836 0 -0.02854444965 -0.003436124953 -0.1238581204 0 3.885567278 0.3743575522 0.3247046429 1


mesh: pSphereShape8 tranform: pSphere8 0.001566431308 -0.1792058547 0.06102348512 0 -0.04300606837 0.002719949937 0.009091532615 0 -0.02477312864 -0.03641130349 -0.1062920832 0 3.739324963 0.06141356722 0.3803800248 1


mesh: pSphereShape10 tranform: pSphere10 -0.08082109229 0.01817128084 0.1637204933 0 -0.01967935245 0.1512292949 -0.02649965599 0 -0.1983668452 -0.04215264103 -0.0932458565 0 4.270003375 1.423545567 -0.1108380258 1


mesh: pSphereShape11 tranform: pSphere11 -0.04305625624 0.01099953465 0.06400817271 0 -0.04092088678 0.1572022304 -0.05454071596 0 -0.0731677548 -0.03408950575 -0.04335947711 0 4.322506759 1.246892097 -0.07008790263 1


mesh: pSphereShape12 tranform: pSphere12 -0.2226972959 0.04330727462 0.220594662 0 -0.006057472559 0.1613049303 -0.03778268974 0 -0.1230234615 -0.03222851004 -0.1178689594 0 4.343778944 0.8164879923 -0.02776738414 1


mesh: pSphereShape13 tranform: pSphere13 -0.1540069045 0.03623466794 0.151550631 0 -0.009053759383 0.1987394329 -0.0567176709 0 -0.1389272633 -0.04364175768 -0.1307445112 0 4.349094899 0.6001780085 0.03637853624 1


mesh: pSphereShape14 tranform: pSphere14 -0.1580830233 0.03628401187 0.1509379825 0 -0.007963194384 0.2327957497 -0.06430196978 0 -0.1337150942 -0.04056323982 -0.1302938396 0 4.348852409 0.4108126356 0.08060644403 1


mesh: pSphereShape15 tranform: pSphere15 -0.1152960019 0.001211509307 0.09867429265 0 0.03163947949 0.3773284914 0.03233637074 0 -0.121290789 0.02233923514 -0.1419965308 0 4.460017356 -0.1883313019 -0.03695753386 1


mesh: pSphereShape16 tranform: pSphere16 -0.07642588944 0.003084725362 0.0647520475 0 -0.02973210346 0.3577393301 -0.05213472263 0 -0.05340175266 -0.01352984672 -0.06238475444 0 4.462822993 -0.8922212657 -0.07124782286 1


mesh: pSphereShape17 tranform: pSphere17 -0.09924086576 -0.004070552006 0.05255496383 0 -0.00463936615 0.1039300504 -0.0007109135924 0 -0.1300205424 -0.007487434545 -0.2461010007 0 4.414996018 -1.360960216 -0.1989944949 1


mesh: pSphereShape18 tranform: pSphere18 -0.1142081857 0.01302042115 0.05595347643 0 0.07676163533 0.3412894206 0.07726195748 0 -0.05770534478 0.04184762636 -0.1275219505 0 4.152363773 -0.163057933 0.1597443764 1


mesh: pSphereShape19 tranform: pSphere19 -0.07660050685 0.007138032448 0.03943714868 0 -0.03990295024 0.401226116 -0.1501262501 0 -0.04575260448 -0.03540388988 -0.0824592722 0 4.077151565 -0.846378175 0.1893585259 1


mesh: pSphereShape20 tranform: pSphere20 -0.09799621322 0.01031546182 0.06009853339 0 -0.00605858425 0.07832785407 -0.02332346936 0 -0.1370049205 -0.07336833909 -0.210806061 0 4.023507093 -1.305492708 0.1419114503 1


mesh: pSphereShape21 tranform: pSphere21 -0.1883991739 0.04324232749 0.1798839029 0 0.06171859209 0.1274495719 0.03400257355 0 -0.1477213659 0.1205428707 -0.1836914647 0 4.386776794 0.2549013742 0.1638871712 1


mesh: pSphereShape22 tranform: pSphere22 -0.005991489043 0.001525809059 0.00785964158 0 -0.001017930418 0.009591891607 -0.002638073739 0 -0.007941402692 -0.002380655814 -0.005591654601 0 4.587286273 1.145911463 -0.2202381315 1


mesh: pSphereShape23 tranform: pSphere23 -0.00552554064 0.001411603819 0.008214363962 0 -0.001602570751 0.009491706935 -0.002709108055 0 -0.008179252266 -0.002813338608 -0.005018461742 0 4.498475933 1.215259217 0.02413516185 1


mesh: pSphereShape24 tranform: pSphere24 -0.007157918387 0.001365999842 0.006848229611 0 -0.0008168428291 0.009575700795 -0.002763823814 0 -0.006935198062 -0.002537715255 -0.006742627761 0 4.215310601 1.228308037 0.1952128244 1


