mesh: pSphereShape1 tranform: pSphere1 -0.03531221192 0.139631503 -0.0285346437 0 0.08233216022 0.01962039884 -0.005877238636 0 -0.003178378916 -0.03116211368 -0.1485554621 0 3.559088036 -0.08080616824 1.364612769 1


mesh: pSphereShape2 tranform: pSphere2 -0.03794312948 0.2520822984 -0.0500636691 0 0.138712803 0.02196826072 0.005485251383 0 0.008990090167 -0.0243944442 -0.1296453064 0 3.460789418 0.2518565134 1.300309489 1


mesh: pSphereShape3 tranform: pSphere3 -0.03815948835 0.2736307877 -0.09954116525 0 0.1315041739 0.02243108851 0.01124865703 0 0.01801210746 -0.04294052185 -0.1249451078 0 3.384573674 0.7052556296 1.19076597 1


mesh: pSphereShape4 tranform: pSphere4 -0.1289433433 0.01753181349 -0.1254377723 0 0.02433472097 0.1466224299 -0.004522108251 0 0.1174524001 -0.02331761068 -0.1239937927 0 3.270098819 0.9920515423 1.007203629 1


mesh: pSphereShape5 tranform: pSphere5 -0.1165323939 0.01818349475 -0.1448438849 0 0.02384796373 0.136456825 -0.00205599527 0 0.1346785013 -0.0252174417 -0.1115197193 0 3.084711222 1.039777746 0.7828975237 1


mesh: pSphereShape6 tranform: pSphere6 -0.04546290695 -0.2315992965 -0.1237087359 0 -0.02233662903 0.05260910279 -0.09028257409 0 0.1010326828 -0.004942532864 -0.0278763848 0 2.992875542 0.7721104092 0.6049795775 1


mesh: pSphereShape7 tranform: pSphere7 0.0267698335 -0.1827984483 -0.1705054844 0 -0.0168790121 0.06620568424 -0.07362897876 0 0.124609719 0.02441570716 -0.006611939538 0 3.032491699 0.3882597966 0.3397127471 1


mesh: pSphereShape8 tranform: pSphere8 -0.01942587467 -0.1862701035 -0.02769732365 0 -0.004861786565 0.006933427052 -0.04321882264 0 0.1137400609 -0.00972724164 -0.01435538921 0 3.065983135 0.09373599416 0.1536808293 1


mesh: pSphereShape10 tranform: pSphere10 -0.1495249558 0.02022854217 -0.1044018103 0 0.01831798981 0.1536611341 0.003537717526 0 0.1266397018 -0.01087250482 -0.1834808293 0 3.25186071 1.439197522 0.8892980561 1


mesh: pSphereShape11 tranform: pSphere11 -0.05808725478 0.01241074089 -0.05043531977 0 0.04650202879 0.1644008221 -0.01310270643 0 0.0557842668 -0.02131761431 -0.06949340902 0 3.214715558 1.255368604 0.9120950818 1


mesh: pSphereShape12 tranform: pSphere12 -0.202789347 0.03018938975 -0.2410325538 0 0.01923902797 0.164601764 0.004429928119 0 0.1315805633 -0.01235841389 -0.1122513497 0 3.210745529 0.8202927582 0.8903142782 1


mesh: pSphereShape13 tranform: pSphere13 -0.1428358181 0.01929887338 -0.1649974367 0 0.027330714 0.2050589024 0.0003248589834 0 0.14612199 -0.01927150087 -0.1287497107 0 3.174796117 0.5980218371 0.8821844895 1


mesh: pSphereShape14 tranform: pSphere14 -0.1455199807 0.01449691913 -0.166441644 0 0.02684071364 0.2401355535 -0.002551251131 0 0.1424961852 -0.01726684107 -0.1260883852 0 3.159840037 0.4039573593 0.8757556631 1


mesh: pSphereShape15 tranform: pSphere15 -0.1007407026 0.01016147826 -0.1130455972 0 -0.01568490452 0.3766816992 0.04783690241 0 0.1404491592 0.02149779518 -0.1232290151 0 3.290982616 -0.187167862 0.9694854091 1


mesh: pSphereShape16 tranform: pSphere16 -0.06558695823 0.01032664542 -0.07506644435 0 0.09302972214 0.3490246281 -0.033267633 0 0.05919707418 -0.02098354479 -0.05460822999 0 3.272895874 -0.885089958 0.9572860124 1


mesh: pSphereShape17 tranform: pSphere17 -0.06189207862 0.002923753599 -0.09374521493 0 0.008373541671 0.1036730508 -0.002294959206 0 0.2313141995 -0.02207882732 -0.1534059065 0 3.339907877 -1.355654937 0.8951146671 1


mesh: pSphereShape18 tranform: pSphere18 -0.0769846181 0.008251168649 -0.1017306216 0 -0.1081462543 0.3239684062 0.1081160802 0 0.107974845 0.06164388882 -0.07671011892 0 3.145012529 -0.1729276811 0.6417781286 1


mesh: pSphereShape19 tranform: pSphere19 -0.05482978969 0.0007754578569 -0.0668353999 0 0.2321976161 0.3102734746 -0.1868881232 0 0.05576576912 -0.06977666606 -0.04655817518 0 3.0836827 -0.766987535 0.6440263649 1


mesh: pSphereShape20 tranform: pSphere20 -0.08641938026 0.02737791798 -0.071439769 0 0.04295177824 0.06421094474 -0.02735036949 0 0.1062821826 -0.1504087917 -0.1862088876 0 2.971043107 -1.209378544 0.6888899797 1


mesh: pSphereShape21 tranform: pSphere21 -0.1734268715 0.01727704552 -0.1983607575 0 -0.0572872281 0.1194482203 0.06049007494 0 0.1703256232 0.150464088 -0.1358104567 0 3.100366711 0.2362397253 0.9076300828 1


mesh: pSphereShape22 tranform: pSphere22 -0.007134032674 0.000969980513 -0.006940080375 0 0.00163653194 0.009860490695 -0.0003041158598 0 0.006813761151 -0.001352723568 -0.007193246689 0 3.332229742 1.155594411 1.170649692 1


mesh: pSphereShape23 tranform: pSphere23 -0.007454514511 0.001592708218 -0.006472518361 0 0.002110704447 0.009774674849 -2.565801339e-05 0 0.006322589671 -0.001385284132 -0.007622719182 0 3.099881505 1.194890078 1.067012038 1


mesh: pSphereShape24 tranform: pSphere24 -0.006238712973 0.0009734769943 -0.007754405392 0 0.001721373633 0.009849611618 -0.000148404119 0 0.007623341345 -0.001427407968 -0.006312461741 0 2.955619721 1.211171307 0.7568516497 1


