mesh: pSphereShape1 tranform: pSphere1 0.04663214373 0.1344469275 0.03616077546 0 -0.06079084424 0.03409561457 -0.04837405209 0 -0.09429188558 0.0007012986248 0.1189892988 0 4.308897544 -0.009653629229 -0.2778431599 1


mesh: pSphereShape2 tranform: pSphere2 0.05092231539 0.2482090918 0.05736463867 0 -0.1178832463 0.0393551955 -0.06564025459 0 -0.06717582599 -0.0123840964 0.1132159823 0 4.423471597 0.3109577842 -0.1848086222 1


mesh: pSphereShape3 tranform: pSphere3 0.01001844544 0.2747827008 0.1031139962 0 -0.1100107879 0.03028777008 -0.07002364814 0 -0.07585108735 -0.03609385375 0.1035540954 0 4.493666408 0.7587473627 -0.05942319445 1


mesh: pSphereShape4 tranform: pSphere4 0.03899878759 -0.01492359138 0.1758543886 0 -0.019591802 0.1464431976 0.01677248427 0 -0.1667755849 -0.02629242996 0.03475414053 0 4.51507049 1.019088695 0.1641675008 1


mesh: pSphereShape5 tranform: pSphere5 0.007345694493 -0.01718720151 0.1858516349 0 -0.01599229351 0.1369700901 0.01329881786 0 -0.1753473986 -0.02095785861 0.004992377289 0 4.537661604 1.012366259 0.4573269445 1


mesh: pSphereShape6 tranform: pSphere6 -0.05589396471 -0.2489240227 0.07695230361 0 -0.03732878477 0.03712651477 0.09298263066 0 -0.09581844753 0.008566173371 -0.04188759061 0 4.485861163 0.7148044479 0.597150808 1


mesh: pSphereShape7 tranform: pSphere7 -0.1394398566 -0.194266738 0.07759495979 0 -0.03012418797 0.05340149142 0.0795621405 0 -0.09868983692 0.04409151923 -0.06696029105 0 4.265682343 0.3146087829 0.6997046528 1


mesh: pSphereShape8 tranform: pSphere8 -0.01420636996 -0.1887472982 -0.003700578117 0 -0.02633581684 0.00129060373 0.03527513434 0 -0.0918114657 0.008260153743 -0.06884709514 0 4.102576482 0.01086033666 0.7579950287 1


mesh: pSphereShape10 tranform: pSphere10 0.02720198329 -0.02076605932 0.1802649916 0 -0.006095199811 0.1535460965 0.01860787745 0 -0.2205647048 -0.01261301248 0.0318302228 0 4.485777528 1.440155317 0.3582635549 1


mesh: pSphereShape11 tranform: pSphere11 0.01012219764 -0.007749415293 0.07687239306 0 -0.0298166835 0.1674508844 0.0208066478 0 -0.08944148081 -0.01717440868 0.01004590452 0 4.528118649 1.256992483 0.3321931821 1


mesh: pSphereShape12 tranform: pSphere12 0.03124709147 -0.02841532565 0.3136045266 0 -0.01488859015 0.1642980449 0.01637032362 0 -0.1718454501 -0.01712397873 0.0155708437 0 4.500553958 0.8259147063 0.259593897 1


mesh: pSphereShape13 tranform: pSphere13 0.01535158882 -0.02695710472 0.2168785715 0 -0.02387346208 0.203707516 0.02700986258 0 -0.1939108274 -0.0241473074 0.01072442417 0 4.52706957 0.6030674854 0.2405389506 1


mesh: pSphereShape14 tranform: pSphere14 0.01325769893 -0.01635413335 0.2205579789 0 -0.02012243819 0.2400536438 0.01900927162 0 -0.1900467711 -0.01673696374 0.01018264834 0 4.534486528 0.4108085086 0.2216092642 1


mesh: pSphereShape15 tranform: pSphere15 -0.00622688052 -0.01761042555 0.1506066092 0 0.08643301024 0.3671379723 0.04650303194 0 -0.1829868186 0.04339502794 -0.002491471984 0 4.44459085 -0.1697502981 -0.01198201579 1


mesh: pSphereShape16 tranform: pSphere16 -0.00547012988 -0.005625639095 0.09990840619 0 -0.1029613605 0.3475403761 0.01393200798 0 -0.07967408666 -0.02337638828 -0.005678548457 0 4.416240475 -0.8460691629 -0.1105920104 1


mesh: pSphereShape17 tranform: pSphere17 -0.05285366774 -0.02360548332 0.09631518062 0 -0.01555785129 0.1015579612 0.01635292845 0 -0.242161648 -0.0151034383 -0.1365896337 0 4.367041103 -1.306354204 -0.2466358281 1


mesh: pSphereShape18 tranform: pSphere18 0.02928671172 -0.01072065179 0.1239805982 0 -0.008214977359 0.3566485768 0.03278008768 0 -0.1421678335 -0.00631116213 0.03303717392 0 4.588129095 -0.199208446 0.3592332452 1


mesh: pSphereShape19 tranform: pSphere19 0.02039551601 -0.005731057249 0.08381560572 0 -0.08841315025 0.4180736169 0.05010088059 0 -0.09567182587 -0.02283520715 0.02171918178 0 4.662037096 -0.9187582398 0.3041915951 1


mesh: pSphereShape20 tranform: pSphere20 0.04772480361 0.004906830016 0.1049750752 0 -0.00159248686 0.08187660125 -0.003103150356 0 -0.2384090841 -0.0005281461549 0.1084125752 0 4.529153592 -1.336360952 0.3223512966 1


mesh: pSphereShape21 tranform: pSphere21 0.0158001756 -0.01949042439 0.2628551768 0 0.0836495902 0.1191511962 0.003806769871 0 -0.2161432372 0.1509697015 0.02418656818 0 4.599162778 0.2424335 0.2093986513 1


mesh: pSphereShape22 tranform: pSphere22 0.002157681179 -0.0008256757256 0.009729474371 0 -0.001317566361 0.009848437161 0.0011279647 0 -0.009675145002 -0.001525301634 0.002016190494 0 4.556718608 1.209590401 0.02525864175 1


mesh: pSphereShape23 tranform: pSphere23 0.001299012485 -0.0009945060921 0.009865268582 0 -0.0007853784992 0.009907990436 0.001102227804 0 -0.009884115903 -0.0009179777512 0.001208953958 0 4.711742721 1.193164502 0.2769485989 1


mesh: pSphereShape24 tranform: pSphere24 0.0003932612896 -0.0009201391426 0.009949808517 0 -0.001154342261 0.009886659685 0.0009599240705 0 -0.009925363444 -0.001186298544 0.0002825885039 0 4.630952529 1.159503609 0.5852572357 1


