mesh: pSphereShape1 tranform: pSphere1 0.01291741393 0.1401251257 0.04190733117 0 -0.0446195507 0.02442100474 -0.06790284835 0 -0.1284374246 -0.01209938898 0.08004584605 0 -1.211899066 0.1363429423 -0.3563032655 1


mesh: pSphereShape2 tranform: pSphere2 -0.0004710855895 0.251450723 0.06529815601 0 -0.1114451293 0.02132943141 -0.0829395725 0 -0.08056703766 -0.02649440595 0.1014436543 0 -1.172970665 0.4696568734 -0.2473026594 1


mesh: pSphereShape3 tranform: pSphere3 -0.05248770372 0.2694986898 0.1041820297 0 -0.1015653546 0.01352867735 -0.08616546526 0 -0.08353830663 -0.05122646614 0.09042568712 0 -1.198943989 0.9189904167 -0.1112868569 1


mesh: pSphereShape4 tranform: pSphere4 -0.03224697479 -0.01046878843 0.1775356924 0 -0.02867146033 0.1458670489 0.003393590364 0 -0.1663211713 -0.03194524004 -0.03209373001 0 -1.288766008 1.178616395 0.1050372434 1


mesh: pSphereShape5 tranform: pSphere5 -0.04958150818 -0.01134475601 0.1797307984 0 -0.02723332157 0.1358331245 0.001061167596 0 -0.1667505939 -0.03305632495 -0.04808726136 0 -1.368187623 1.179534517 0.3896196169 1


mesh: pSphereShape6 tranform: pSphere6 -0.06973887111 -0.2395129561 0.09369629179 0 -0.06081616579 0.04679624332 0.07435786082 0 -0.08178510721 -0.001888968764 -0.06570199766 0 -1.450431529 0.8933778993 0.5459460015 1


mesh: pSphereShape7 tranform: pSphere7 -0.2384484108 -0.07771463416 -0.01751593235 0 -0.02809449975 0.07165406553 0.06454234396 0 -0.01893638323 0.07996973341 -0.0970241294 0 -1.757928775 0.61050169 0.5644941507 1


mesh: pSphereShape8 tranform: pSphere8 -0.1421152161 -0.1184093462 -0.04029329838 0 -0.02729591287 0.02444728859 0.0244302933 0 -0.02632523259 0.06308737359 -0.0925443856 0 -2.074996004 0.4826350994 0.5089401236 1


mesh: pSphereShape10 tranform: pSphere10 -0.02659494596 -0.007110342077 0.1814078174 0 0.01055397188 0.1542425714 0.00759283573 0 -0.2203242034 0.01663351048 -0.03164825209 0 -1.330188153 1.61311389 0.2605803997 1


mesh: pSphereShape11 tranform: pSphere11 -0.01244577388 -0.00279993227 0.07687093228 0 -0.01657043323 0.1705131213 0.003527904731 0 -0.09001648627 -0.008439887774 -0.01488151521 0 -1.310858402 1.424041187 0.2583864231 1


mesh: pSphereShape12 tranform: pSphere12 -0.05942382503 -0.01975074023 0.310177897 0 -0.01990909967 0.1644470017 0.006657067371 0 -0.1690343272 -0.01910429194 -0.03360004144 0 -1.339391319 0.9876620985 0.197533084 1


mesh: pSphereShape13 tranform: pSphere13 -0.03915639763 -0.0172585416 0.2148664488 0 -0.03749186693 0.2032252576 0.009491128672 0 -0.1892568783 -0.03317971316 -0.03715447938 0 -1.30435793 0.763655546 0.1968934112 1


mesh: pSphereShape14 tranform: pSphere14 -0.03430697524 -0.00881360709 0.2187107636 0 -0.03875229759 0.2384906731 0.003532011691 0 -0.1862462384 -0.02981265458 -0.03041597954 0 -1.282682792 0.5706817497 0.1909245836 1


mesh: pSphereShape15 tranform: pSphere15 0.006332713472 0.0005032763198 0.1516274886 0 0.1498276968 0.3491706528 -0.007416499511 0 -0.1726663444 0.0742383598 0.006964990891 0 -1.407639852 0.01894385215 0.0222388333 1


mesh: pSphereShape16 tranform: pSphere16 0.002581243279 0.009975301866 0.09968495523 0 -0.1238834978 0.3395373302 -0.03076907554 0 -0.07819307285 -0.02809128212 0.004835778494 0 -1.486976389 -0.6311113684 0.0201757639 1


mesh: pSphereShape17 tranform: pSphere17 -0.02733597144 -0.002938280077 0.1089562033 0 -0.0389297315 0.0962107885 -0.007172494655 0 -0.2491661181 -0.1056928148 -0.06536344665 0 -1.505945383 -1.146251074 -0.001364366845 1


mesh: pSphereShape18 tranform: pSphere18 -0.003301697671 -0.01342517824 0.127093257 0 0.005696541911 0.3562033874 0.03777464155 0 -0.1460251567 0.002707258732 -0.003507546343 0 -1.276109942 -0.03879683187 0.3292046362 1


mesh: pSphereShape19 tranform: pSphere19 -0.0004866113992 -0.009784008856 0.08589478583 0 -0.2251673736 0.3644084123 0.04023301402 0 -0.08583118275 -0.05232324528 -0.006446229789 0 -1.118863766 -0.7166871498 0.274795601 1


mesh: pSphereShape20 tranform: pSphere20 0.0209175661 0.005585096487 0.1133700242 0 -0.05108869035 0.06376826302 0.006284722618 0 -0.1992035934 -0.1640129789 0.04483444966 0 -1.072376589 -1.208230244 0.2418424354 1


mesh: pSphereShape21 tranform: pSphere21 -0.04088614742 -0.01050382426 0.2606537143 0 0.07317907855 0.1248239857 0.01650902928 0 -0.225200623 0.1359730245 -0.02984553333 0 -1.206510397 0.4070088185 0.2004743333 1


mesh: pSphereShape22 tranform: pSphere22 -0.001784124453 -0.0005792053842 0.009822495663 0 -0.001928181575 0.009809690644 0.0002282220138 0 -0.009648783123 -0.001853237868 -0.00186185221 0 -1.201606924 1.368168624 -0.01241224929 1


mesh: pSphereShape23 tranform: pSphere23 -0.001597204109 -0.0003593238451 0.009865081115 0 -9.896181277e-06 0.009993426384 0.0003623964295 0 -0.009871617958 4.811944351e-05 -0.001596509761 0 -1.126919284 1.340340735 0.2604864945 1


mesh: pSphereShape24 tranform: pSphere24 -0.002654410399 -0.000607356239 0.009622121587 0 -0.001965732682 0.009804592191 7.659630569e-05 0 -0.009438749942 -0.001871120084 -0.002721931148 0 -1.327787076 1.336427127 0.5326974298 1


