mesh: pSphereShape1 tranform: pSphere1 -0.09011833739 0.1092141448 -0.03884701623 0 0.0149787058 0.03868422724 0.07400848281 0 0.1168253321 0.07419414702 -0.06242575644 0 4.221198422 0.1036673218 0.3178869865 1


mesh: pSphereShape2 tranform: pSphere2 -0.1333760817 0.214576411 -0.06049232913 0 0.08246259694 0.07531362331 0.08533295044 0 0.08280626773 0.02315115794 -0.1004537804 0 4.007491084 0.3652715814 0.2154257755 1


mesh: pSphereShape3 tranform: pSphere3 -0.04888507521 0.2750489521 -0.09053574713 0 0.08450419999 0.0457086246 0.09323516283 0 0.1010103953 -0.01048969378 -0.08640874242 0 3.833968329 0.7762201357 0.09517745667 1


mesh: pSphereShape4 tranform: pSphere4 0.02318464953 0.001673216421 -0.179243012 0 0.003630225655 0.148640969 0.001857110165 0 0.1708994568 -0.004449504609 0.02206389517 0 3.823969941 1.0514416 -0.1106472778 1


mesh: pSphereShape5 tranform: pSphere5 0.0320483279 0.002322651809 -0.1840046176 0 0.002892226255 0.1384918105 0.002251896039 0 0.1740071257 -0.004125868713 0.03025497151 0 3.876806094 1.074875422 -0.4013202929 1


mesh: pSphereShape6 tranform: pSphere6 0.02282571618 -0.2414226279 -0.110467474 0 0.06043736088 0.04132556241 -0.07782743204 0 0.08606013188 -0.01805591512 0.0572430091 0 3.917447978 0.7889147723 -0.5773204236 1


mesh: pSphereShape7 tranform: pSphere7 0.09056169625 -0.2126683076 -0.0988675224 0 0.05630953559 0.05356260933 -0.06363649323 0 0.0948082161 0.0009861171949 0.08472223021 0 4.054611942 0.3626859698 -0.7244209226 1


mesh: pSphereShape8 tranform: pSphere8 -0.04642002737 -0.1790996401 -0.04011929442 0 0.03365057065 -0.002379766741 -0.02831169042 0 0.0686537651 -0.03676519046 0.08469049056 0 4.129621303 0.03567927055 -0.8232747509 1


mesh: pSphereShape10 tranform: pSphere10 0.04602973766 0.01141346361 -0.1772502198 0 -0.02061376951 0.1533441936 0.004520964605 0 0.2140142169 0.02707957317 0.05732060582 0 3.831169323 1.495204415 -0.2282880333 1


mesh: pSphereShape11 tranform: pSphere11 0.01793242654 0.004071083152 -0.07572140713 0 0.00475917992 0.1709754667 0.01031939337 0 0.0891321553 -0.003742905283 0.02090714117 0 3.824514122 1.305733904 -0.245892211 1


mesh: pSphereShape12 tranform: pSphere12 0.05682749067 0.003861029353 -0.3112673116 0 -0.007744468976 0.1655992707 0.0006402371829 0 0.1703855777 0.007847665322 0.0312043203 0 3.899646427 0.8750956031 -0.2124142022 1


mesh: pSphereShape13 tranform: pSphere13 0.0368813023 0.00347122522 -0.2159314514 0 -0.001021210693 0.2068459737 0.003150747036 0 0.1929072693 0.0004503978334 0.03295598998 0 3.904306944 0.6494672913 -0.2237111905 1


mesh: pSphereShape14 tranform: pSphere14 0.03460247205 0.003458951012 -0.2188144212 0 -0.005533002538 0.241563114 0.002943587577 0 0.1886587922 0.003956924984 0.02989632658 0 3.918489421 0.4557264038 -0.2250231423 1


mesh: pSphereShape15 tranform: pSphere15 -0.0006294575315 0.01948536448 -0.1505030771 0 -0.01960776388 0.3763729197 0.04881033609 0 0.1878263469 0.009723733363 0.0004733576306 0 3.935710931 -0.1388972674 -0.08983803482 1


mesh: pSphereShape16 tranform: pSphere16 0.001115184686 0.01703241314 -0.09875177481 0 0.1289045938 0.3338817593 0.05904262991 0 0.07778866584 -0.02929439199 -0.004174157468 0 3.873301446 -0.8274400198 -0.1551265748 1


mesh: pSphereShape17 tranform: pSphere17 0.004990966532 0.005773602845 -0.1121119923 0 0.04156571861 0.09513263596 0.006749600579 0 0.2549486842 -0.1117899625 0.005592706827 0 3.889603171 -1.341030296 -0.2075895955 1


mesh: pSphereShape18 tranform: pSphere18 0.01610097607 0.01428897992 -0.1260175234 0 -0.1720763264 0.3139183961 0.01360903468 0 0.1268079481 0.06847159524 0.02396588114 0 4.13011328 -0.1136046637 -0.406843809 1


mesh: pSphereShape19 tranform: pSphere19 0.009441015699 0.007241772185 -0.08562886085 0 0.09540559325 0.4170297109 0.04578783164 0 0.09760306856 -0.02329428399 0.008791197234 0 4.258836452 -0.7767399814 -0.4742269744 1


mesh: pSphereShape20 tranform: pSphere20 -0.01755746069 0.006744838647 -0.1138759983 0 0.0176413367 0.08000407252 0.002018664933 0 0.2526393243 -0.05464385246 -0.04218860026 0 4.384353565 -1.232704011 -0.5197777335 1


mesh: pSphereShape21 tranform: pSphere21 0.04123831272 0.004122286504 -0.2607772507 0 -0.09483000559 0.1097276416 -0.01326151204 0 0.1966320584 0.1740260028 0.03384558788 0 3.87350561 0.281196117 -0.2390906807 1


mesh: pSphereShape22 tranform: pSphere22 0.001282734285 9.257384143e-05 -0.009916956329 0 0.0002441359506 0.00999623927 0.0001248923341 0 0.009914383006 -0.0002581289239 0.001279991823 0 3.713307042 1.219037116 0.01968538485 1


mesh: pSphereShape23 tranform: pSphere23 0.002301322973 0.0005224545135 -0.009717559048 0 -0.0006667923615 0.009970576343 0.0003781472296 0 0.009708722909 0.0005609355239 0.002329388507 0 3.647501218 1.210732701 -0.2679144386 1


mesh: pSphereShape24 tranform: pSphere24 0.001715748834 0.0001243461795 -0.009850926046 0 0.0002087642397 0.009996499227 0.0001625444633 0 0.009849498639 -0.000233540656 0.001712552285 0 3.795188059 1.225750755 -0.5328265133 1


