mesh: pSphereShape1 tranform: pSphere1 0.001214618565 0.1409635585 0.04106013529 0 -0.05463548376 0.01858565636 -0.06219022337 0 -0.1161445876 -0.02642045217 0.09413978546 0 -1.316697115 0.1101041796 -0.3389384251 1


mesh: pSphereShape2 tranform: pSphere2 -0.01940180101 0.2515089231 0.06211577033 0 -0.1120603404 0.01209261686 -0.0839653673 0 -0.0791952582 -0.03110637391 0.1012142316 0 -1.303288329 0.446333878 -0.2329072604 1


mesh: pSphereShape3 tranform: pSphere3 -0.06447050816 0.2679851943 0.1013207154 0 -0.1021669071 0.007991479858 -0.08614576661 0 -0.08104401159 -0.05394508404 0.09111202166 0 -1.355891973 0.8958528143 -0.1019320893 1


mesh: pSphereShape4 tranform: pSphere4 -0.03575728141 -0.007665255904 0.1770057786 0 -0.028000764 0.1460351896 0.0006675821665 0 -0.1658212568 -0.03163514728 -0.03486783817 0 -1.458319012 1.156612616 0.1104595615 1


mesh: pSphereShape5 tranform: pSphere5 -0.05507282375 -0.008586174282 0.1782791379 0 -0.02669067032 0.1359343276 -0.001698318481 0 -0.1653458728 -0.0331236968 -0.05267284807 0 -1.545238363 1.161973992 0.3925991482 1


mesh: pSphereShape6 tranform: pSphere6 -0.07627595875 -0.234408247 0.1012112309 0 -0.05768748844 0.05081469233 0.07421325082 0 -0.08305608666 -0.0006556826441 -0.0641122532 0 -1.636057828 0.8820147916 0.5568897158 1


mesh: pSphereShape7 tranform: pSphere7 -0.2476818429 -0.02131507996 -0.03746183332 0 -0.01633150925 0.0741014509 0.06581471696 0 0.006913992274 0.08516001242 -0.09416684955 0 -1.955923351 0.6572836704 0.5641235122 1


mesh: pSphereShape8 tranform: pSphere8 -0.1689084921 -0.06425569034 -0.05641086198 0 -0.01984454269 0.03143867602 0.02360889207 0 0.003539222202 0.07047598682 -0.09087412762 0 -2.286830553 0.6200392864 0.4804211973 1


mesh: pSphereShape10 tranform: pSphere10 -0.02924480771 -0.002243316211 0.1811252414 0 0.008205386042 0.1545379876 0.003238877725 0 -0.2200349959 0.01242440204 -0.03537336504 0 -1.509725201 1.593496394 0.2520486459 1


mesh: pSphereShape11 tranform: pSphere11 -0.01383214164 -0.0005531469372 0.07668274267 0 -0.01961979227 0.1702100814 -0.002311244412 0 -0.08956025392 -0.01054383804 -0.01623106277 0 -1.487928281 1.40476357 0.2553819647 1


mesh: pSphereShape12 tranform: pSphere12 -0.06507347944 -0.01474530607 0.3093212388 0 -0.02020758717 0.1645061234 0.003590814312 0 -0.1683695458 -0.01988830867 -0.03636882945 0 -1.510834607 0.9670258679 0.2050509006 1


mesh: pSphereShape13 tranform: pSphere13 -0.04061968967 -0.01713095713 0.2146048524 0 -0.0382936206 0.2030996407 0.00896445831 0 -0.1888667315 -0.03391271988 -0.0384551667 0 -1.475375282 0.7431386522 0.2074051885 1


mesh: pSphereShape14 tranform: pSphere14 -0.03334118641 -0.009610605913 0.2188265246 0 -0.03938970303 0.2383705319 0.004467400896 0 -0.1862930661 -0.03022728473 -0.02971182025 0 -1.45315111 0.5502969468 0.2016365613 1


mesh: pSphereShape15 tranform: pSphere15 0.008050879842 0.002531381332 0.1515256655 0 0.1628642748 0.3430623877 -0.01438450988 0 -0.1696386522 0.0808549652 0.007662501615 0 -1.59161753 0.002429098921 0.04311066478 1


mesh: pSphereShape16 tranform: pSphere16 0.005281033703 0.007671137898 0.09978238366 0 -0.02531715754 0.3608895734 -0.02640479035 0 -0.08290769049 -0.005464364485 0.00480802506 0 -1.769083219 -0.6593544196 0.04484484934 1


mesh: pSphereShape17 tranform: pSphere17 -0.01861017151 0.007393801007 0.1105727646 0 -0.009005868151 0.1033025897 -0.008423408291 0 -0.2735320273 -0.0274506481 -0.04420178269 0 -1.934359447 -1.145855616 0.03403767009 1


mesh: pSphereShape18 tranform: pSphere18 0.0006145368793 -0.01450837792 0.1270155971 0 -0.005447966608 0.3558874468 0.0406776622 0 -0.146073781 -0.002287035799 0.0004455086396 0 -1.428016106 -0.05553648454 0.3410618445 1


mesh: pSphereShape19 tranform: pSphere19 0.001834943313 -0.009984637433 0.08585346732 0 -0.2025385807 0.3765305233 0.04811882037 0 -0.08884386544 -0.04732902041 -0.003605441478 0 -1.27488858 -0.7427643353 0.2775778186 1


mesh: pSphereShape20 tranform: pSphere20 0.02587994851 -0.003737602567 0.1124177871 0 -0.03748027149 0.07203925511 0.01102353669 0 -0.22538045 -0.1245657862 0.04774384176 0 -1.275027874 -1.215401144 0.2389865204 1


mesh: pSphereShape21 tranform: pSphere21 -0.03973514579 -0.01145366642 0.2607916752 0 0.07290734009 0.1249712444 0.01659701265 0 -0.225698495 0.1354478621 -0.02843951199 0 -1.376490389 0.3868044526 0.2103312794 1


mesh: pSphereShape22 tranform: pSphere22 -0.00197833876 -0.0004240946813 0.009793177189 0 -0.001883076642 0.009820998257 4.489550301e-05 0 -0.009619781604 -0.00183524847 -0.002022786431 0 -1.36793569 1.343977 -0.008058705645 1


mesh: pSphereShape23 tranform: pSphere23 -0.00177512091 -7.098703297e-05 0.009840930169 0 -0.0001918436622 0.009998089247 3.751566045e-05 0 -0.009839316123 -0.000182132525 -0.00177614357 0 -1.302621911 1.324521276 0.2635366488 1


mesh: pSphereShape24 tranform: pSphere24 -0.002948395105 -0.0004596719853 0.009544405061 0 -0.001926563486 0.009811897149 -0.0001225865943 0 -0.009359237118 -0.0018749336 -0.002981493679 0 -1.508560311 1.320748644 0.5345994526 1


