mesh: pSphereShape1 tranform: pSphere1 -0.04711268126 0.1348624174 0.03392135702 0 -0.06566313239 -0.009644852892 -0.0528527809 0 -0.08288448594 -0.05749431095 0.1134657258 0 -1.722583339 -0.1079362716 -0.2591568187 1


mesh: pSphereShape2 tranform: pSphere2 -0.1006389971 0.2357266586 0.04238244787 0 -0.09529165812 -0.02255604601 -0.1008199329 0 -0.08260213663 -0.05136879544 0.08956533912 0 -1.822719439 0.2187497982 -0.1713693389 1


mesh: pSphereShape3 tranform: pSphere3 -0.1320808266 0.2501223316 0.07894221068 0 -0.08845381616 -0.01536506246 -0.09931198835 0 -0.08013405016 -0.068171038 0.08191976551 0 -2.003650847 0.6451578758 -0.07353757501 1


mesh: pSphereShape4 tranform: pSphere4 -0.04180860438 0.004181049734 0.1757923332 0 -0.03827259032 0.1431417231 -0.0125068381 0 -0.1617249461 -0.04650530209 -0.03735688121 0 -2.168097827 0.8991847863 0.1154235399 1


mesh: pSphereShape5 tranform: pSphere5 -0.05954319049 0.002080904502 0.1770323915 0 -0.03583922613 0.1331295952 -0.01361904351 0 -0.1610921382 -0.04885091191 -0.0536076235 0 -2.264193476 0.9213370742 0.3939378239 1


mesh: pSphereShape6 tranform: pSphere6 -0.0768417342 -0.227907895 0.1147270704 0 -0.04240412239 0.05513096567 0.08111752526 0 -0.09143245194 0.005042168466 -0.05122311715 0 -2.353696454 0.6537569473 0.576977645 1


mesh: pSphereShape7 tranform: pSphere7 -0.2388993458 0.06937446174 -0.03630844979 0 0.01003917771 0.07125110292 0.07008434512 0 0.03750764886 0.08246959442 -0.08921529482 0 -2.667644768 0.5213983945 0.6011556287 1


mesh: pSphereShape8 tranform: pSphere8 -0.1724984018 0.01376816252 -0.07678409276 0 -0.008993988452 0.03414044276 0.02632706496 0 0.04117618047 0.07219789591 -0.07955805346 0 -2.982131486 0.6147186496 0.5100774728 1


mesh: pSphereShape10 tranform: pSphere10 -0.02597686101 0.008844564889 0.1814211142 0 0.008752349221 0.1544144823 -0.006274740148 0 -0.2205972934 0.01119793358 -0.03213223612 0 -2.221336954 1.345315691 0.2269511528 1


mesh: pSphereShape11 tranform: pSphere11 -0.01265463859 0.005361823982 0.07670063952 0 -0.01791060047 0.169768208 -0.01482281545 0 -0.08990275569 -0.01071445705 -0.01408381801 0 -2.199614768 1.157336829 0.2401849888 1


mesh: pSphereShape12 tranform: pSphere12 -0.06070658006 0.007670971364 0.3104633277 0 -0.03236109497 0.1622634025 -0.01033696746 0 -0.1667761756 -0.03528302297 -0.03173887322 0 -2.210692602 0.7146022097 0.2262668952 1


mesh: pSphereShape13 tranform: pSphere13 -0.02886823486 -0.008978826083 0.2169900395 0 -0.04696173151 0.2014608174 0.002088479953 0 -0.1888408439 -0.0437407314 -0.02693322821 0 -2.162153448 0.4956825436 0.2437611775 1


mesh: pSphereShape14 tranform: pSphere14 -0.01534027125 -0.006466306605 0.2209341741 0 -0.0464433387 0.2371101681 0.003715014375 0 -0.187024725 -0.03641282459 -0.01405154505 0 -2.13335864 0.3043384054 0.2428176019 1


mesh: pSphereShape15 tranform: pSphere15 0.03291541665 0.007577745564 0.1479540637 0 0.2020518339 0.3160079007 -0.0611355142 0 -0.1539814042 0.1040502589 0.02892719252 0 -2.306870437 -0.217150373 0.1397478041 1


mesh: pSphereShape16 tranform: pSphere16 0.02239456318 0.008131866949 0.09734277602 0 0.08139691961 0.3502165951 -0.04798263831 0 -0.07894298038 0.02060033492 0.01644060755 0 -2.621165931 -0.8392757866 0.2135095017 1


mesh: pSphereShape17 tranform: pSphere17 0.01011720162 0.01897462964 0.1102948263 0 0.02781436821 0.09834016818 -0.0194693796 0 -0.2671276833 0.07775674063 0.01112635394 0 -2.925705962 -1.235172449 0.2735236745 1


mesh: pSphereShape18 tranform: pSphere18 0.01941139812 -0.01408787596 0.1255729348 0 -0.08490694505 0.3441718795 0.05173736898 0 -0.1401857131 -0.03721368114 0.01749532228 0 -1.99317183 -0.2813360646 0.3768050019 1


mesh: pSphereShape19 tranform: pSphere19 0.01555545285 -0.01012962905 0.08443516065 0 -0.3367315105 0.2514425276 0.09220128922 0 -0.06002349356 -0.08088023322 0.001354955244 0 -1.646061983 -0.8618225888 0.2680582929 1


mesh: pSphereShape20 tranform: pSphere20 0.02945292415 -0.0005437813269 0.1115962806 0 -0.05134622319 0.06235013304 0.01385531173 0 -0.1928702337 -0.1699589208 0.05007489361 0 -1.487384639 -1.260889197 0.1915964088 1


mesh: pSphereShape21 tranform: pSphere21 -0.0182821303 -0.007706373508 0.2633035163 0 0.07000463687 0.1274139653 0.008589834014 0 -0.2314349078 0.127987328 -0.01232343963 0 -2.051101142 0.1434366664 0.2479745671 1


mesh: pSphereShape22 tranform: pSphere22 -0.00231313957 0.0002313244302 0.009726041041 0 -0.00257386623 0.009626410022 -0.0008410961461 0 -0.009382142504 -0.002697910136 -0.00216718318 0 -2.086776301 1.082408877 -0.01548436202 1


mesh: pSphereShape23 tranform: pSphere23 -0.001624008353 0.0006880992196 0.009843226927 0 -8.894221371e-05 0.009974228943 -0.0007119313719 0 -0.009866847833 -0.0002031660888 -0.001613703005 0 -2.015035462 1.075833299 0.2516492656 1


mesh: pSphereShape24 tranform: pSphere24 -0.003187721992 0.0001114039236 0.009477658871 0 -0.002586916836 0.009609448315 -0.0009830383287 0 -0.00911845874 -0.00276515682 -0.003034405704 0 -2.242594211 1.093316619 0.5230705609 1


