mesh: pSphereShape1 tranform: pSphere1 0.03990843498 0.136412763 0.03683761329 0 -0.06626787308 0.03099040184 -0.04296801814 0 -0.08535018683 -0.008852678824 0.1252472771 0 4.326766933 -0.01637952094 -0.3345257094 1


mesh: pSphereShape2 tranform: pSphere2 0.03700869131 0.2504458547 0.0582989521 0 -0.1205767657 0.03279494548 -0.06434026199 0 -0.06527665594 -0.01683315384 0.113751568 0 4.424547078 0.3094423264 -0.240435567 1


mesh: pSphereShape3 tranform: pSphere3 0.001205229294 0.2745608305 0.1041791531 0 -0.1121326147 0.02637651656 -0.06821722551 0 -0.07284368925 -0.03934144733 0.104525843 0 4.475202197 0.7601445677 -0.1134819118 1


mesh: pSphereShape4 tranform: pSphere4 0.04498299443 -0.01446690883 0.1744580859 0 -0.02051918984 0.1462407268 0.01741774162 0 -0.1652483108 -0.0279845579 0.04028769293 0 4.493855666 1.020574294 0.1104891007 1


mesh: pSphereShape5 tranform: pSphere5 0.0126878793 -0.01754990012 0.1855295342 0 -0.01816019678 0.1366125508 0.01416459659 0 -0.1747300094 -0.02422856018 0.009657462165 0 4.524703072 1.013513669 0.4028491619 1


mesh: pSphereShape6 tranform: pSphere6 -0.0333880035 -0.2513043505 0.0820994885 0 -0.03523613242 0.0355257297 0.09441357624 0 -0.09817905219 0.0009559239461 -0.03700114028 0 4.497262204 0.7129790827 0.547560143 1


mesh: pSphereShape7 tranform: pSphere7 -0.1142327484 -0.2060834907 0.0876612282 0 -0.030694931 0.05133877626 0.08069368904 0 -0.1063941699 0.03286531936 -0.06138059916 0 4.318569649 0.2957729242 0.6662965017 1


mesh: pSphereShape8 tranform: pSphere8 0.005077279366 -0.1892439785 -0.001412666356 0 -0.02299353172 -0.0008972092483 0.03755087914 0 -0.09807961947 -0.002182702542 -0.06010925001 0 4.19173073 -0.02202098662 0.7388722961 1


mesh: pSphereShape10 tranform: pSphere10 0.03114230823 -0.02435082171 0.1791754404 0 -0.005239341549 0.153167558 0.02172686769 0 -0.2198380159 -0.01269524722 0.03648448435 0 4.474633538 1.440213554 0.3136077781 1


mesh: pSphereShape11 tranform: pSphere11 0.01213325775 -0.009768122883 0.07634949226 0 -0.02542937245 0.1675294909 0.02547482277 0 -0.08948295162 -0.0154445629 0.01224442102 0 4.517423808 1.257599263 0.2833460822 1


mesh: pSphereShape12 tranform: pSphere12 0.0387549939 -0.02874879861 0.3127349798 0 -0.01760940772 0.1639382897 0.01725256755 0 -0.1711032281 -0.02041297599 0.01932708657 0 4.485781521 0.8269281378 0.2053465167 1


mesh: pSphereShape13 tranform: pSphere13 0.02018101992 -0.02397367213 0.2168332563 0 -0.0256000641 0.2037652617 0.0249114784 0 -0.1933598638 -0.02613960704 0.01510624776 0 4.515254507 0.6048616914 0.1866281966 1


mesh: pSphereShape14 tranform: pSphere14 0.01744184138 -0.0136056791 0.2204534282 0 -0.02225104267 0.2400461749 0.01657533934 0 -0.1896467206 -0.0185363474 0.01386047135 0 4.524338849 0.4125041049 0.1697622717 1


mesh: pSphereShape15 tranform: pSphere15 0.008337851834 -0.0009014933248 0.1515286091 0 0.02654349232 0.3791019641 0.0007948478157 0 -0.187334381 0.01309477109 0.01038596718 0 4.498114456 -0.1858332072 -0.01785834019 1


mesh: pSphereShape16 tranform: pSphere16 0.004454288112 0.002785843705 0.1000782602 0 -0.1030517094 0.3477554526 -0.005093716994 0 -0.07971156364 -0.02355966165 0.004203628288 0 4.529233974 -0.8837467664 -0.05007701369 1


mesh: pSphereShape17 tranform: pSphere17 -0.02337742393 -0.004792307117 0.1098083462 0 -0.007218496716 0.1037421464 0.002990796056 0 -0.2716588768 -0.01721336507 -0.05858549627 0 4.452394203 -1.348564486 -0.1016408522 1


mesh: pSphereShape18 tranform: pSphere18 0.03040093945 -0.003711017678 0.1241202796 0 -0.002671829904 0.3580559234 0.01135977138 0 -0.1418974301 -0.002159446403 0.03469055541 0 4.581945797 -0.198993515 0.328204789 1


mesh: pSphereShape19 tranform: pSphere19 0.02119225736 -0.001075362936 0.08380697868 0 -0.08641886913 0.4205969232 0.02724958344 0 -0.09553651943 -0.02117718079 0.02388657107 0 4.64829965 -0.9208004272 0.3146495659 1


mesh: pSphereShape20 tranform: pSphere20 0.04889532946 0.006239605545 0.1043638556 0 -0.0009214967525 0.08182420166 -0.004460297605 0 -0.237220965 0.003375759775 0.1109381573 0 4.514015501 -1.337497605 0.356729823 1


mesh: pSphereShape21 tranform: pSphere21 0.02078672611 -0.01621488918 0.262730576 0 0.08246997585 0.120027816 0.0008828699668 0 -0.2172144526 0.1490519206 0.02638458687 0 4.590517478 0.2446589887 0.1583313475 1


mesh: pSphereShape22 tranform: pSphere22 0.002488768663 -0.0008004089058 0.009652221305 0 -0.00137993403 0.009834820819 0.001171358839 0 -0.009586543309 -0.001623466981 0.002337208237 0 4.528905073 1.211446552 -0.02972665094 1


mesh: pSphereShape23 tranform: pSphere23 0.001557097961 -0.001253572992 0.009798163129 0 -0.0005301063302 0.009894250439 0.001350109448 0 -0.009863794058 -0.0007296320968 0.001474179021 0 4.697912307 1.19108204 0.2213530502 1


mesh: pSphereShape24 tranform: pSphere24 0.0006792620873 -0.0009395566834 0.009932564435 0 -0.001310824029 0.009860852087 0.001022416982 0 -0.009890416745 -0.001371433323 0.0005466509494 0 4.61868023 1.162014169 0.5286849719 1


