mesh: pSphereShape1 tranform: pSphere1 0.03659410275 0.1378673588 -0.03480801419 0 -0.07684719758 0.02652501834 0.02426969754 0 0.05203257469 0.02177655743 0.1409549483 0 4.186148926 -0.1261850059 -0.219668156 1


mesh: pSphereShape2 tranform: pSphere2 0.04332212876 0.2527770434 -0.04145475477 0 -0.1205399567 0.03133979552 0.06512964178 0 0.0643235213 0.007877813616 0.1152572807 0 4.28215644 0.2026451477 -0.3045524742 1


mesh: pSphereShape3 tranform: pSphere3 0.06239661117 0.2868954828 0.006003579867 0 -0.1186331153 0.02460960884 0.05695247905 0 0.05491568523 -0.01446811858 0.1206422209 0 4.371566999 0.6624070501 -0.3564761325 1


mesh: pSphereShape4 tranform: pSphere4 0.1709086395 0.01850142916 0.0558240006 0 -0.01854073398 0.147322796 0.007937255362 0 -0.05180543681 -0.01533879284 0.1636892056 0 4.54146414 0.9590335295 -0.2976410554 1


mesh: pSphereShape5 tranform: pSphere5 0.165177896 0.01977987746 0.08494238318 0 -0.01947702628 0.1370346187 0.00596458723 0 -0.07866028841 -0.01802064303 0.1571581412 0 4.803129379 1.009258651 -0.1727393053 1


mesh: pSphereShape6 tranform: pSphere6 0.1462777676 -0.198809284 0.1004322891 0 0.0424286197 0.06726740333 0.07136171632 0 -0.0771748015 -0.02276357353 0.06734236553 0 5.010573622 0.7723626514 -0.0396527782 1


mesh: pSphereShape7 tranform: pSphere7 0.08563893002 -0.1597568484 0.1742060273 0 0.02762193037 0.07755620175 0.05754463242 0 -0.1143188254 -0.0005848591693 0.05566229125 0 5.172015553 0.4273584098 0.2316157217 1


mesh: pSphereShape8 tranform: pSphere8 0.06021309435 -0.1779252581 0.023622947 0 0.02377496052 0.01267142165 0.03483909205 0 -0.08966953422 -0.02119768811 0.06890232604 0 5.282877487 0.1588905549 0.4267141516 1


mesh: pSphereShape10 tranform: pSphere10 0.1562244987 0.02741409381 0.09224433745 0 -0.01770423506 0.152992207 -0.01548395824 0 -0.1142467584 0.00617602419 0.1916522243 0 4.604714403 1.410821712 -0.2509170253 1


mesh: pSphereShape11 tranform: pSphere11 0.06797348075 0.009380362153 0.03692549063 0 -0.02809781833 0.168801917 0.008841680753 0 -0.04220472089 -0.01124418951 0.08054805235 0 4.648418271 1.225136103 -0.2593331582 1


mesh: pSphereShape12 tranform: pSphere12 0.2869597929 0.03265320133 0.1293037364 0 -0.0185824274 0.1647363584 -0.0003616288292 0 -0.07044680355 -0.00759905984 0.1582594158 0 4.644666316 0.7890772999 -0.2130074738 1


mesh: pSphereShape13 tranform: pSphere13 0.1997955629 0.01734150213 0.08820247675 0 -0.02135664966 0.2056134687 0.007951221553 0 -0.07771360289 -0.01499339735 0.1789841017 0 4.678108779 0.5660598393 -0.2161017916 1


mesh: pSphereShape14 tranform: pSphere14 0.2031694266 0.01444179885 0.08719326161 0 -0.01748568815 0.2410095158 0.0008251358494 0 -0.07494757983 -0.006038904748 0.1756359286 0 4.690452646 0.3734529298 -0.209060331 1


mesh: pSphereShape15 tranform: pSphere15 0.1375377109 0.02394888901 0.05950697976 0 -0.03079752001 0.3706642236 -0.07799380791 0 -0.07802124327 0.02900541956 0.1686561084 0 4.553437556 -0.2205929836 -0.1885181261 1


mesh: pSphereShape16 tranform: pSphere16 0.08953564969 0.02047563745 0.04009208736 0 -0.1067907252 0.3406021511 0.06453968774 0 -0.0282379475 -0.02303198774 0.07482517883 0 4.632524938 -0.9071179888 -0.1514030114 1


mesh: pSphereShape17 tranform: pSphere17 0.08890573087 -0.002057807967 0.0686941009 0 0.000242690167 0.1039979732 0.002801278547 0 -0.1702871409 -0.005534557188 0.2202243492 0 4.617856455 -1.357627522 -0.07164533096 1


mesh: pSphereShape18 tranform: pSphere18 0.1171294478 0.05118371694 0.002179946103 0 -0.1043376303 0.2488056854 -0.2356896628 0 -0.04021068762 0.0873338829 0.1099948727 0 4.975335212 -0.1112592899 0.09580772097 1


mesh: pSphereShape19 tranform: pSphere19 0.08108208456 0.02999266688 -0.0001155383919 0 -0.1383139952 0.3745352542 0.1603281466 0 0.01313946985 -0.03516112181 0.09347362009 0 5.212439537 -0.6625332725 0.2435501861 1


mesh: pSphereShape20 tranform: pSphere20 0.0779044275 0.04032961873 -0.07500614842 0 -0.0009119483364 0.07256563346 0.03807020594 0 0.1932204549 -0.08022725419 0.1575496755 0 5.468276197 -1.10701332 0.2457463295 1


mesh: pSphereShape21 tranform: pSphere21 0.2421319592 0.01721135462 0.1039146274 0 0.0285738142 0.1143606658 -0.08552150752 0 -0.09195287658 0.1630124455 0.1872601157 0 4.726521435 0.2021540698 -0.2542045769 1


mesh: pSphereShape22 tranform: pSphere22 0.009455841515 0.001023626321 0.003088567693 0 -0.001246881088 0.009907590947 0.0005337875843 0 -0.003005386629 -0.0008898487446 0.009496095009 0 4.415796241 1.118092713 -0.4250337236 1


mesh: pSphereShape23 tranform: pSphere23 0.008723244032 0.001203810475 0.004738760797 0 -0.001185414355 0.009923708538 -0.0003388239373 0 -0.004743396078 -0.0002661751187 0.00879939455 0 4.72362876 1.143951287 -0.4284372186 1


mesh: pSphereShape24 tranform: pSphere24 0.008843013066 0.001058941415 0.004547500741 0 -0.001405874307 0.009891317438 0.000430530812 0 -0.004452486647 -0.001020040405 0.008895778787 0 4.933688579 1.177932927 -0.2076969931 1


