mesh: pSphereShape1 tranform: pSphere1 0.008218864926 0.1378470538 0.04988762227 0 -0.05246692654 0.02543309571 -0.0616316952 0 -0.1190069763 -0.02572703117 0.09069379352 0 3.498893669 -0.03601398627 -0.480858681 1


mesh: pSphereShape2 tranform: pSphere2 -0.01142012462 0.2490207977 0.07314205549 0 -0.09985432606 0.02363085912 -0.09604493869 0 -0.09287085944 -0.03042050393 0.08906970585 0 3.52330162 0.2925022121 -0.3542614699 1


mesh: pSphereShape3 tranform: pSphere3 -0.05083146399 0.2676640468 0.1095925108 0 -0.0904506113 0.02219915896 -0.09617129522 0 -0.09555656732 -0.0501999133 0.07828483598 0 3.490497165 0.7388518539 -0.2040502334 1


mesh: pSphereShape4 tranform: pSphere4 -0.007565260266 -0.007128160644 0.1804448424 0 -0.0207275925 0.1471621052 0.004944366835 0 -0.1705398066 -0.02374856573 -0.008088131503 0 3.426417332 1.001233114 0.02216112511 1


mesh: pSphereShape5 tranform: pSphere5 -0.04292841401 -0.00777614921 0.1816228843 0 -0.01861788027 0.1372756747 0.001476906714 0 -0.1702900403 -0.02265195239 -0.04121962023 0 3.370039323 1.008442674 0.3101164204 1


mesh: pSphereShape6 tranform: pSphere6 -0.09839666445 -0.2332122616 0.08330125349 0 -0.05015514027 0.04978833666 0.08014467739 0 -0.08415765631 0.01366376509 -0.06115484338 0 3.259727205 0.7304616338 0.4575950479 1


mesh: pSphereShape7 tranform: pSphere7 -0.1996056861 -0.1458034814 0.04585773395 0 -0.03331479243 0.06675952422 0.06725035851 0 -0.06478685922 0.05989785728 -0.09155509884 0 2.955666365 0.3914090472 0.5281646791 1


mesh: pSphereShape8 tranform: pSphere8 -0.0698264833 -0.1755492582 -0.01215639727 0 -0.02561911433 0.007768681551 0.03496976662 0 -0.08340995739 0.03799313205 -0.06954709777 0 2.707674778 0.1468913428 0.5615454687 1


mesh: pSphereShape10 tranform: pSphere10 0.01054430323 -0.003626486557 0.1831455994 0 0.005675955295 0.1546612682 0.002735681436 0 -0.2226870431 0.007942891776 0.01297811416 0 3.392372556 1.437432997 0.1718741893 1


mesh: pSphereShape11 tranform: pSphere11 -0.0004938388202 0.0002625562712 0.07792024336 0 -0.02181789701 0.1699565351 -0.0007109536143 0 -0.09088019088 -0.01166884334 -0.0005366569257 0 3.417654373 1.249662081 0.1669149979 1


mesh: pSphereShape12 tranform: pSphere12 -0.03665364374 -0.01360400725 0.314011229 0 -0.01375325487 0.165116845 0.005548030426 0 -0.1716280897 -0.01360265799 -0.02062297432 0 3.38268569 0.8131829088 0.1210001057 1


mesh: pSphereShape13 tranform: pSphere13 -0.02592021579 -0.0169308346 0.2168874381 0 -0.0358239628 0.2034167106 0.01159795079 0 -0.1913502276 -0.03225152404 -0.02538590735 0 3.413148288 0.5872803554 0.119296387 1


mesh: pSphereShape14 tranform: pSphere14 -0.0256762368 -0.007818647843 0.2199287292 0 -0.03563331244 0.2389633648 0.004335227288 0 -0.1876636423 -0.02756843632 -0.02288943346 0 3.432693586 0.3944140046 0.1117753718 1


mesh: pSphereShape15 tranform: pSphere15 0.02075218661 -0.005929404615 0.1502179775 0 0.1517857221 0.3483280932 -0.007219558171 0 -0.1704968534 0.07484427442 0.02650790917 0 3.304107766 -0.1633315603 -0.04712600754 1


mesh: pSphereShape16 tranform: pSphere16 0.012031951 0.005997488435 0.09931023135 0 -0.1289708039 0.3390021984 -0.004847349218 0 -0.07714396651 -0.02918998508 0.01110921813 0 3.22381336 -0.8103396109 -0.06840639775 1


mesh: pSphereShape17 tranform: pSphere17 -0.0008310407134 -0.002422534554 0.1123422616 0 -0.032271618 0.09888600153 0.001893639348 0 -0.2646942619 -0.08631029389 -0.003819233931 0 3.193925384 -1.312312296 -0.08036331068 1


mesh: pSphereShape18 tranform: pSphere18 -0.00221118881 -0.01561782291 0.1268661769 0 -0.01184668126 0.3553924636 0.04354400399 0 -0.1459905972 -0.00448702029 -0.003096887388 0 3.459325209 -0.2083638155 0.249592967 1


mesh: pSphereShape19 tranform: pSphere19 -0.0004489849798 -0.01009644519 0.08585882633 0 -0.1653121826 0.3946019381 0.04553817375 0 -0.09299517791 -0.03838185854 -0.004999762834 0 3.590936948 -0.9091406745 0.1846570866 1


mesh: pSphereShape20 tranform: pSphere20 0.02095518651 0.004708275532 0.1134028773 0 -0.007944242235 0.08154235447 -0.001917506855 0 -0.256294461 -0.02383247191 0.04834893267 0 3.523863146 -1.326931244 0.1526974581 1


mesh: pSphereShape21 tranform: pSphere21 -0.03060026119 -0.009318058096 0.2621052536 0 0.07531408212 0.1239448488 0.01319910928 0 -0.2245144898 0.1386906657 -0.02128104748 0 3.507159184 0.2298299695 0.1187917776 1


mesh: pSphereShape22 tranform: pSphere22 -0.0004185622347 -0.0003943788771 0.009983449852 0 -0.001393949296 0.009896784345 0.0003325131306 0 -0.009893518637 -0.001377724546 -0.0004692164331 0 3.505475391 1.184982962 -0.1093947699 1


mesh: pSphereShape23 tranform: pSphere23 -6.337584149e-05 3.369464681e-05 0.009999742405 0 -0.0003055507455 0.009995267392 -3.561607147e-05 0 -0.009995129926 -0.0003057685946 -6.231630574e-05 0 3.602594324 1.171443129 0.1440505002 1


mesh: pSphereShape24 tranform: pSphere24 -0.002298228367 -0.0004163062416 0.009723416863 0 -0.001343860153 0.009908717137 0.0001066048366 0 -0.009639096756 -0.001282191022 -0.002333195217 0 3.425894824 1.162840772 0.4506872079 1


