mesh: pSphereShape1 tranform: pSphere1 0.03460679806 0.1359262624 0.04341146804 0 -0.06051776776 0.03151225081 -0.05042483938 0 -0.1002076125 -0.01075101684 0.1135462671 0 3.630073109 -0.09068143328 -0.5594837776 1


mesh: pSphereShape2 tranform: pSphere2 0.03289720618 0.2473494039 0.07230202927 0 -0.1231135008 0.03358967984 -0.05889595504 0 -0.0615496626 -0.02521829147 0.1142781383 0 3.719286879 0.2324037919 -0.4490143208 1


mesh: pSphereShape3 tranform: pSphere3 -0.01091705454 0.2672113337 0.1213149586 0 -0.1147274873 0.02458226482 -0.06446975788 0 -0.0685417304 -0.04959194449 0.1030644198 0 3.755561242 0.6752130978 -0.2958265349 1


mesh: pSphereShape4 tranform: pSphere4 0.06176428581 -0.003237833548 0.1698324893 0 -0.03319026792 0.1441858359 0.01481944321 0 -0.1573630666 -0.04202325291 0.05642826743 0 3.774284975 0.938036569 -0.06098976624 1


mesh: pSphereShape5 tranform: pSphere5 0.03207321947 -0.006842977017 0.1838876602 0 -0.02944222281 0.1349939741 0.0101587433 0 -0.1699442802 -0.03918576107 0.0281830381 0 3.833307373 0.9477582184 0.2265957611 1


mesh: pSphereShape6 tranform: pSphere6 0.04882947827 -0.2313524554 0.1228848438 0 -0.03296032835 0.04216669353 0.09248336384 0 -0.09793847653 -0.03156624077 -0.0205122334 0 3.89666576 0.6687336728 0.4124708965 1


mesh: pSphereShape7 tranform: pSphere7 -0.02727991204 -0.2100566922 0.1354105216 0 -0.0354668978 0.05412818471 0.07682160483 0 -0.1181582246 -0.01362981908 -0.04494762011 0 3.870659697 0.2471653166 0.6202582395 1


mesh: pSphereShape8 tranform: pSphere8 0.07380591468 -0.1701264019 0.03808874018 0 -0.02313297532 -0.001653663054 0.0374393758 0 -0.08702488 -0.05028976532 -0.05599203201 0 3.866907011 -0.07404153292 0.7586514384 1


mesh: pSphereShape10 tranform: pSphere10 0.0464935838 -0.007828931976 0.1773237119 0 0.007095438545 0.1545471847 0.004962940487 0 -0.2156790823 0.008074641115 0.05690671142 0 3.791646872 1.375791539 0.1007875611 1


mesh: pSphereShape11 tranform: pSphere11 0.01857457288 -0.003664391648 0.07558726489 0 -0.02140094539 0.1694761726 0.01347502774 0 -0.08824762224 -0.01281846314 0.02106426293 0 3.814816756 1.187324011 0.08931191707 1


mesh: pSphereShape12 tranform: pSphere12 0.06301920627 -0.01104922049 0.3099001531 0 -0.02705448491 0.1631668959 0.01131919148 0 -0.1675509007 -0.03007065393 0.03299987877 0 3.789108243 0.7494668564 0.04117010169 1


mesh: pSphereShape13 tranform: pSphere13 0.03528226183 -0.002508536268 0.2162117962 0 -0.0518804297 0.1999707651 0.0107861498 0 -0.1868086055 -0.05007857123 0.02990311507 0 3.839586908 0.5275511462 0.03331413719 1


mesh: pSphereShape14 tranform: pSphere14 0.02851310005 0.007726289701 0.2195822258 0 -0.05690286078 0.2348474325 -0.0008744894365 0 -0.1840461507 -0.04449903495 0.0254644415 0 3.875411298 0.3370766178 0.03030955631 1


mesh: pSphereShape15 tranform: pSphere15 0.04254803506 0.01704125656 0.1446738129 0 -0.04586247203 0.3759939362 -0.03080067479 0 -0.1791029226 -0.01736391354 0.05471882008 0 3.92542746 -0.2672584687 -0.1061315119 1


mesh: pSphereShape16 tranform: pSphere16 0.02135015505 0.01924902913 0.09600471613 0 -0.2865676516 0.2215528537 0.01930724378 0 -0.04784594645 -0.06393065218 0.02345844508 0 4.182854154 -0.8620438635 -0.117639521 1


mesh: pSphereShape17 tranform: pSphere17 0.03425471009 0.06145728397 0.08761826372 0 -0.09112791021 0.05018973812 0.0004226876493 0 -0.1041175012 -0.190511035 0.1743335801 0 4.477578501 -1.283593744 -0.02763434797 1


mesh: pSphereShape18 tranform: pSphere18 -0.0004546807172 -0.005865039036 0.1277075846 0 0.1514326109 0.3242995852 0.01543278123 0 -0.1323976756 0.06171103223 0.002362733144 0 3.78050667 -0.2234087065 0.1923426356 1


mesh: pSphereShape19 tranform: pSphere19 0.001053154798 -0.005539751122 0.08626749025 0 -0.07030559722 0.4235357287 0.02805605215 0 -0.09936717931 -0.01650478753 0.0001532049496 0 3.657848782 -0.9065157419 0.1725935484 1


mesh: pSphereShape20 tranform: pSphere20 0.03153436742 0.001847603811 0.1110120277 0 -0.0002297071117 0.08194024966 -0.001298502982 0 -0.2519358337 0.0004277188286 0.07155843428 0 3.500328831 -1.325839419 0.1755245275 1


mesh: pSphereShape21 tranform: pSphere21 0.03398115992 0.0092079881 0.2616923 0 0.06371289457 0.1303229496 -0.0128588049 0 -0.235622143 0.1178019349 0.02645089254 0 3.965220436 0.1801921635 0.02834826506 1


mesh: pSphereShape22 tranform: pSphere22 0.00341722513 -0.000179139223 0.009396301483 0 -0.002232075463 0.009696627551 0.0009966209263 0 -0.009129096973 -0.002437893205 0.003273570708 0 3.777521866 1.125722221 -0.2095991723 1


mesh: pSphereShape23 tranform: pSphere23 0.002383731571 -0.0004702625527 0.009700344166 0 -0.0003091911529 0.009979531584 0.0005597769128 0 -0.00970681331 -0.0004333618496 0.002364312348 0 3.988584373 1.112787667 0.01794719356 1


mesh: pSphereShape24 tranform: pSphere24 0.001717081436 -0.000366347657 0.009844664582 0 -0.002125173731 0.009744021343 0.000733269853 0 -0.00961952535 -0.002218070661 0.001595272575 0 3.924617814 1.110283179 0.3359886147 1


