mesh: pSphereShape1 tranform: pSphere1 0.09277895358 0.1098353806 0.02977229885 0 -0.03335259923 0.04537425108 -0.06345760833 0 -0.1014109408 0.0596530894 0.09595433679 0 2.358099269 0.2400019362 -0.5961620536 1


mesh: pSphereShape2 tranform: pSphere2 0.1256129621 0.2184660492 0.06313086655 0 -0.1122284246 0.07554110364 -0.0381084841 0 -0.04741893212 -0.008322361202 0.1231503117 0 2.572692235 0.5070136852 -0.5107093669 1


mesh: pSphereShape3 tranform: pSphere3 -0.008203319513 0.2590213224 0.1381269641 0 -0.1165787378 0.02805899419 -0.05954094823 0 -0.06545141213 -0.05627041783 0.1016334449 0 2.686808901 0.9114061603 -0.3540705767 1


mesh: pSphereShape4 tranform: pSphere4 -0.007502321936 -0.008368446287 0.1803942052 0 -0.03935049258 0.1433080202 0.005011499151 0 -0.1660757864 -0.0452872204 -0.009007704461 0 2.647288622 1.163628874 -0.1051090441 1


mesh: pSphereShape5 tranform: pSphere5 -0.02731732884 -0.01063823002 0.1844743368 0 -0.0384668355 0.1330782001 0.001978081693 0 -0.1677413267 -0.0480759389 -0.02761190509 0 2.603002261 1.165424019 0.1866184744 1


mesh: pSphereShape6 tranform: pSphere6 -0.01839733867 -0.2356978772 0.1229512506 0 -0.0848391735 0.03512711095 0.05464418169 0 -0.06337554672 -0.03473359483 -0.07606735127 0 2.583562593 0.8810946824 0.3703010586 1


mesh: pSphereShape7 tranform: pSphere7 -0.2164542965 -0.1007069072 -0.07880147992 0 -0.05105425064 0.07038468881 0.05028696909 0 0.002427837446 0.07506474043 -0.1026002773 0 2.355030674 0.5696139286 0.3556374364 1


mesh: pSphereShape8 tranform: pSphere8 -0.1171979203 -0.1404499845 -0.04878019214 0 -0.03458648618 0.02584559784 0.008680786557 0 0.0005731827782 0.03732046284 -0.1088317619 0 2.078814838 0.402682997 0.2260000032 1


mesh: pSphereShape10 tranform: pSphere10 -0.009473769188 -0.01405402355 0.1827002366 0 0.0001290038878 0.1543330509 0.01187859702 0 -0.2229084724 0.001069636231 -0.01147645326 0 2.593900492 1.595822077 0.06384630612 1


mesh: pSphereShape11 tranform: pSphere11 -0.005783115479 -0.004306913045 0.07758790636 0 -0.02832220062 0.1688397957 0.007261283213 0 -0.09011132084 -0.01479164248 -0.007537650129 0 2.626296674 1.409321704 0.0519999668 1


mesh: pSphereShape12 tranform: pSphere12 -0.03669818171 -0.01810826929 0.313778496 0 -0.03079366761 0.162793403 0.005793370781 0 -0.1691885885 -0.03123503347 -0.02159015372 0 2.623835278 0.972111205 -0.006843667159 1


mesh: pSphereShape13 tranform: pSphere13 -0.02708777213 -0.01773380269 0.2166804938 0 -0.05006584024 0.2004661031 0.01014791044 0 -0.1883369908 -0.04565561773 -0.02728107687 0 2.673835335 0.7511970371 -0.008199386474 1


mesh: pSphereShape14 tranform: pSphere14 -0.0279346759 -0.01488963745 0.2192874801 0 -0.05652346996 0.2347779992 0.008741011913 0 -0.1841851363 -0.04335992942 -0.02640718802 0 2.709102416 0.5599257375 -0.01778810009 1


mesh: pSphereShape15 tranform: pSphere15 -0.0002648123611 -0.006756238737 0.1516098116 0 0.09414627943 0.3678122962 0.01655538488 0 -0.1822154486 0.04656131559 0.001756657159 0 2.657293371 0.001130686734 -0.2235599877 1


mesh: pSphereShape16 tranform: pSphere16 -0.003078688543 0.004622092399 0.1000620692 0 -0.1684374321 0.3206377239 -0.01999342602 0 -0.07366544237 -0.03872771646 -0.0004776022518 0 2.675353886 -0.6547553709 -0.2610027258 1


mesh: pSphereShape17 tranform: pSphere17 -0.02720064325 -0.005267402577 0.1089023532 0 -0.05498445046 0.08780775886 -0.009486421331 0 -0.2265593771 -0.1487603992 -0.06378321037 0 2.732637701 -1.174369644 -0.292618349 1


mesh: pSphereShape18 tranform: pSphere18 -0.009560883391 -0.01502255535 0.1265967809 0 0.01032852243 0.3555100973 0.0429664947 0 -0.145622345 0.005481281858 -0.01034730418 0 2.724025171 -0.05744894025 0.1000662439 1


mesh: pSphereShape19 tranform: pSphere19 -0.004635921608 -0.01102277663 0.08562058443 0 -0.2293410632 0.3624125854 0.03423926392 0 -0.08505387152 -0.05274695178 -0.01139586882 0 2.878348227 -0.7331253077 0.04399578822 1


mesh: pSphereShape20 tranform: pSphere20 0.00870124624 0.01367939629 0.1142745059 0 -0.04772814721 0.06647761788 -0.004323618062 0 -0.2119829961 -0.1499774649 0.03409437121 0 2.921204747 -1.215656629 0.01062184907 1


mesh: pSphereShape21 tranform: pSphere21 -0.03329180929 -0.01774507685 0.2613410298 0 0.06395624598 0.1297337214 0.01695621236 0 -0.2355031541 0.1189638561 -0.02192270893 0 2.797619978 0.4023687459 -0.01302412347 1


mesh: pSphereShape22 tranform: pSphere22 -0.0004150800534 -0.0004630000101 0.009980648252 0 -0.002646356129 0.009637593656 0.0003370278394 0 -0.009634547617 -0.002627245614 -0.0005225635804 0 2.702928569 1.356203186 -0.2360306519 1


mesh: pSphereShape23 tranform: pSphere23 -0.0007421648419 -0.0005527192827 0.009957092585 0 -0.0006914842404 0.009963448989 0.0005015314505 0 -0.009948419015 -0.0006512953593 -0.0007776718217 0 2.815266682 1.33909369 0.03778247791 1


mesh: pSphereShape24 tranform: pSphere24 -0.001462468658 -0.0005695314529 0.009876073073 0 -0.002776580723 0.009605738561 0.0001427802268 0 -0.009494829378 -0.002721290251 -0.001562944164 0 2.646077329 1.328886721 0.3213153173 1


