mesh: pSphereShape1 tranform: pSphere1 0.03741582823 0.1267031475 0.06406639561 0 -0.01116436299 0.04055306625 -0.07368101797 0 -0.1454439847 0.02488203831 0.03573284493 0 -7.812375417 0.01727777849 -0.1059678585 1


mesh: pSphereShape2 tranform: pSphere2 0.04453163074 0.2398966016 0.08920813634 0 -0.04847031957 0.0537923361 -0.1204613917 0 -0.1220275229 0.003767602268 0.05078291954 0 -7.726518981 0.3202154834 0.05355221812 1


mesh: pSphereShape3 tranform: pSphere3 -0.03258433039 0.2781627473 0.0883297547 0 -0.04119866948 0.03414299862 -0.1227190248 0 -0.1260038108 -0.02590433268 0.03509429584 0 -7.695137871 0.7600915429 0.2062833172 1


mesh: pSphereShape4 tranform: pSphere4 -0.09020844117 -0.01189720276 0.1561706717 0 -0.02380152086 0.1467571337 -0.002568335738 0 -0.1468008536 -0.02532635953 -0.08672556024 0 -7.806310411 1.025093855 0.3889118176 1


mesh: pSphereShape5 tranform: pSphere5 -0.09865141342 -0.01262207665 0.158109997 0 -0.02071672176 0.1369681279 -0.001991725254 0 -0.1476724533 -0.02370313131 -0.09403123942 0 -7.96758427 1.02451924 0.6377089986 1


mesh: pSphereShape6 tranform: pSphere6 -0.03911822089 -0.2462467221 0.0940280706 0 -0.08885921574 0.03295953666 0.04934870411 0 -0.05619959902 -0.02367522484 -0.08538274568 0 -8.041152126 0.7282628129 0.7851528927 1


mesh: pSphereShape7 tranform: pSphere7 -0.1048687665 -0.2222869675 0.05286835301 0 -0.08037818271 0.04690860819 0.03779220038 0 -0.05478652711 -0.001441280597 -0.1147335422 0 -8.186065817 0.2878379296 0.8656160283 1


mesh: pSphereShape8 tranform: pSphere8 0.03520464036 -0.1774870608 0.05567795207 0 -0.04131077297 -0.003535846819 0.01484903477 0 -0.03365172545 -0.03895359843 -0.1028964354 0 -8.273111128 -0.04541782698 0.9277636206 1


mesh: pSphereShape10 tranform: pSphere10 -0.1463654079 0.01001976673 0.1101971686 0 0.01237951098 0.1542748309 0.002415074364 0 -0.1334171675 0.01349909465 -0.1784339486 0 -7.886894135 1.459699522 0.4834161182 1


mesh: pSphereShape11 tranform: pSphere11 -0.0561721045 -0.001342042077 0.05398861673 0 -0.01432270095 0.1704196384 -0.01066569147 0 -0.06304063957 -0.009417777334 -0.06582432858 0 -7.887483023 1.269907887 0.5148046384 1


mesh: pSphereShape12 tranform: pSphere12 -0.1685822341 -0.02181481839 0.2669002708 0 -0.01349240027 0.1651565706 0.004976696377 0 -0.1460606576 -0.009129903349 -0.09300252521 0 -7.892095793 0.8357313127 0.4516907922 1


mesh: pSphereShape13 tranform: pSphere13 -0.1197151916 -0.01909427891 0.1824893229 0 -0.02206957965 0.2055716862 0.007031530043 0 -0.1625666946 -0.01375566732 -0.1080849949 0 -7.872579247 0.6117725276 0.4524559909 1


mesh: pSphereShape14 tranform: pSphere14 -0.1221190716 -0.01167657495 0.1844983368 0 -0.02091185955 0.2407338104 0.001394102025 0 -0.1585533887 -0.0131605086 -0.105779069 0 -7.863441197 0.4173373603 0.4427758988 1


mesh: pSphereShape15 tranform: pSphere15 -0.05380193551 0.0003752347708 0.1419030048 0 0.03552708683 0.378161095 0.01246997444 0 -0.1749814331 0.01862829485 -0.06639274324 0 -7.802588476 -0.175606201 0.2777673511 1


mesh: pSphereShape16 tranform: pSphere16 -0.04182463117 0.01113274054 0.09038817444 0 -0.2404624006 0.2327562955 -0.139934972 0 -0.05173297698 -0.06316054474 -0.0161587811 0 -7.646742859 -0.7727470893 0.3397255009 1


mesh: pSphereShape17 tranform: pSphere17 -0.06752440881 -0.03042245687 0.08451196002 0 -0.07058846563 0.06972052505 -0.03130177958 0 -0.1176546305 -0.1924224794 -0.163273032 0 -7.415328333 -1.215207221 0.3861034588 1


mesh: pSphereShape18 tranform: pSphere18 -0.06866019552 0.01794537282 0.106337076 0 0.1357844156 0.3299690187 0.03198853673 0 -0.1100938667 0.05306383957 -0.08004091438 0 -8.080647843 -0.1652607758 0.5621930557 1


mesh: pSphereShape19 tranform: pSphere19 -0.04533167021 0.01076114958 0.07282249095 0 -0.04705195457 0.4178643933 -0.09103842563 0 -0.08505986989 -0.020455151 -0.04992667764 0 -8.212390709 -0.8473440665 0.6073085287 1


mesh: pSphereShape20 tranform: pSphere20 -0.02826276661 0.006638950582 0.111707836 0 -0.001820711006 0.08175775175 -0.005319626849 0 -0.2538614932 -0.009794588654 -0.06364640653 0 -8.374598359 -1.270675604 0.60567118 1


mesh: pSphereShape21 tranform: pSphere21 -0.1455382857 -0.01391583377 0.2198802472 0 0.06788137393 0.1177163725 0.05238060448 0 -0.1832244964 0.1552492076 -0.1114504702 0 -7.809010145 0.2476207474 0.4730379509 1


mesh: pSphereShape22 tranform: pSphere22 -0.004990951454 -0.0006582350903 0.008640435761 0 -0.001600673752 0.009869549652 -0.0001727228956 0 -0.008516351749 -0.001469257032 -0.005031206282 0 -7.679221993 1.21302547 0.3124175098 1


mesh: pSphereShape23 tranform: pSphere23 -0.007208737437 -0.0001722283515 0.006928523794 0 -0.0001648056781 0.009998344855 7.70665738e-05 0 -0.006928704327 -5.863073666e-05 -0.007210382707 0 -7.74226469 1.187657833 0.6287798082 1


mesh: pSphereShape24 tranform: pSphere24 -0.00528143147 -0.0006757392574 0.008464623919 0 -0.001495356962 0.009886518051 -0.0001437650348 0 -0.008358850949 -0.001341691949 -0.005322543896 0 -7.962609955 1.17617813 0.7916362324 1


