mesh: pSphereShape1 tranform: pSphere1 0.08326919022 0.1184800343 -0.02422515776 0 0.04765436033 -0.01971771224 0.06736735379 0 0.09145648864 -0.08243807736 -0.08882330111 0 -5.436594248 -0.04363774037 0.6769726786 1


mesh: pSphereShape2 tranform: pSphere2 0.151489953 0.2093090116 -0.02705677401 0 0.06964893716 -0.03530288794 0.1168617381 0 0.08511919588 -0.07093384948 -0.07215904367 0 -5.254904661 0.2500126867 0.6061288319 1


mesh: pSphereShape3 tranform: pSphere3 0.1782470939 0.2244372747 -0.06398657193 0 0.06829220154 -0.02201427538 0.1130246905 0 0.08125715017 -0.08314888765 -0.06529274405 0 -4.989223111 0.6357291986 0.5305118152 1


mesh: pSphereShape4 tranform: pSphere4 0.02673125835 0.006543037529 -0.1786365401 0 0.04896183017 0.1398517921 0.01244911514 0 0.1607538215 -0.05823104465 0.02192241308 0 -4.797730181 0.8699609823 0.3491573501 1


mesh: pSphereShape5 tranform: pSphere5 0.05114194712 0.002429567817 -0.1796351518 0 0.0453280083 0.1300913019 0.01466432498 0 0.1597814247 -0.06070819108 0.04466853187 0 -4.717947011 0.8930098982 0.06658192779 1


mesh: pSphereShape6 tranform: pSphere6 0.08759696808 -0.2381994613 -0.08122037441 0 0.06778062211 0.04787823151 -0.06731306032 0 0.07341404862 0.001441749409 0.07494947154 0 -4.625604747 0.6164602262 -0.08289731656 1


mesh: pSphereShape7 tranform: pSphere7 0.2165345055 -0.1274090029 0.009152637516 0 0.04336321563 0.06952314115 -0.05809892049 0 0.03406822425 0.06534341008 0.1036195996 0 -4.325446995 0.2870500944 -0.09551266907 1


mesh: pSphereShape8 tranform: pSphere8 0.08820199779 -0.1639445406 0.03440425855 0 0.03475560934 0.01381896003 -0.02325209608 0 0.04604328461 0.04480133006 0.09544817782 0 -4.053518161 0.07284815438 -0.05158663235 1


mesh: pSphereShape10 tranform: pSphere10 0.0208997884 0.005987542455 -0.1821921856 0 -0.01400907834 0.1541155332 0.003457813094 0 0.2208315284 0.01949081421 0.0259727621 0 -4.766911278 1.319121678 0.2293001421 1


mesh: pSphereShape11 tranform: pSphere11 0.01035050202 0.004824023823 -0.07708095121 0 0.01363149743 0.1703522477 0.01249175222 0 0.09052288423 -0.00809778117 0.01164870688 0 -4.781805777 1.130322077 0.2210200876 1


mesh: pSphereShape12 tranform: pSphere12 0.05129684298 0.009186557503 -0.3121151256 0 0.04169781848 0.1600346315 0.01156346968 0 0.1654518034 -0.0449784469 0.02586852552 0 -4.775557987 0.686467217 0.2338126957 1


mesh: pSphereShape13 tranform: pSphere13 0.02541380514 -0.009329522388 -0.2174069228 0 0.07132819176 0.1941868069 4.832431583e-06 0 0.1822938056 -0.06696028732 0.02418270166 0 -4.844307384 0.4699842951 0.2154031683 1


mesh: pSphereShape14 tranform: pSphere14 0.01454225253 -0.009160840694 -0.2208928433 0 0.08043551244 0.2278264641 -0.004153001955 0 0.1797218379 -0.06318843409 0.01445234477 0 -4.899242369 0.2834388594 0.2163850304 1


mesh: pSphereShape15 tranform: pSphere15 -0.02332552395 0.0001413426647 -0.1499571666 0 -0.2004592901 0.3213227751 0.03148388768 0 0.157148501 0.1004239204 -0.02434946608 0 -4.744915003 -0.225846013 0.3594228396 1


mesh: pSphereShape16 tranform: pSphere16 -0.01599221714 0.00671294348 -0.09870382538 0 -0.0005707746359 0.3618960815 0.02470538385 0 0.08215994982 0.001033528496 -0.0132414497 0 -4.503464826 -0.8619636384 0.338222826 1


mesh: pSphereShape17 tranform: pSphere17 -0.006337076963 0.007963676055 -0.1119096259 0 0.003579797101 0.1037262596 0.007178621802 0 0.2778286445 -0.008457950923 -0.01633441153 0 -4.300908511 -1.335895454 0.3081299715 1


mesh: pSphereShape18 tranform: pSphere18 -0.009007694482 -0.01494252226 -0.1266468122 0 0.07965013884 0.3461691467 -0.04650811332 0 0.1420633332 -0.0335136499 -0.006150053279 0 -5.057716049 -0.3047242773 0.0863031576 1


mesh: pSphereShape19 tranform: pSphere19 -0.009724941243 -0.01135356442 -0.08514928035 0 0.3830984002 0.1835564887 -0.06822876045 0 0.04442434987 -0.09013609258 0.006944764996 0 -5.43243539 -0.8356620111 0.1713370782 1


mesh: pSphereShape20 tranform: pSphere20 -0.01006088299 0.002392727717 -0.1149545726 0 0.07636068138 0.02912147139 -0.006076975565 0 0.09229054049 -0.2447476683 -0.01317162793 0 -5.725192615 -1.219871069 0.2536187933 1


mesh: pSphereShape21 tranform: pSphere21 0.01733107266 -0.0109176481 -0.2632542593 0 -0.05071987983 0.1362184158 -0.008988324284 0 0.2475695043 0.09300155175 0.01244153413 0 -5.004016733 0.1361971506 0.21143813 1


mesh: pSphereShape22 tranform: pSphere22 0.00147895708 0.0003620058417 -0.009883402133 0 0.003292727253 0.0094051592 0.0008372142249 0 0.009325804694 -0.003378155147 0.001271784029 0 -4.854700605 1.054270677 0.4909510171 1


mesh: pSphereShape23 tranform: pSphere23 0.001328311483 0.0006190816855 -0.009892033485 0 -0.0001661683264 0.009980461894 0.0006023026392 0 0.009909993779 8.436971373e-05 0.00133600339 0 -4.964316587 1.043691825 0.2156554642 1


mesh: pSphereShape24 tranform: pSphere24 0.002737950523 0.0001300700667 -0.009617001025 0 0.003271828119 0.009390140787 0.001058487955 0 0.009044267117 -0.003436326203 0.002528417398 0 -4.733970862 1.06912876 -0.05769252033 1


