mesh: pSphereShape1 tranform: pSphere1 0.006996762577 0.142423834 -0.03499473766 0 0.033766853 0.01700331388 0.07595244267 0 0.139091274 -0.02087848305 -0.05716302269 0 -7.66905342 -0.04184869704 0.5378085147 1


mesh: pSphereShape2 tranform: pSphere2 0.02996122908 0.2551365987 -0.03871921958 0 0.06215932935 0.01174737542 0.125507574 0 0.1176074589 -0.02233310904 -0.05615633488 0 -7.656317098 0.2984533515 0.4452867258 1


mesh: pSphereShape3 tranform: pSphere3 0.07731702009 0.2771180645 -0.05887320994 0 0.0533851308 0.01108163707 0.1222712513 0 0.1171323293 -0.04272266938 -0.04726939116 0 -7.585958572 0.757806216 0.3612371753 1


mesh: pSphereShape4 tranform: pSphere4 0.06782735518 0.006815115959 -0.1673959052 0 0.03091083773 0.1442801744 0.01839881618 0 0.1557075481 -0.04119070568 0.0614143561 0 -7.452579237 1.035672687 0.1973179136 1


mesh: pSphereShape5 tranform: pSphere5 0.08867966463 0.005326005215 -0.1643098904 0 0.02796779442 0.1342870861 0.01944732811 0 0.1513411222 -0.04314594178 0.08028174336 0 -7.313482846 1.063079766 -0.0614047993 1


mesh: pSphereShape6 tranform: pSphere6 0.04163079675 -0.2477742443 -0.08879055136 0 0.07803678233 0.03588852294 -0.06355989617 0 0.06977494661 -0.01578223676 0.07675612216 0 -7.243580454 0.7744311799 -0.2144274376 1


mesh: pSphereShape7 tranform: pSphere7 0.1266294622 -0.2120501024 -0.04694411845 0 0.06850758875 0.05232444433 -0.05155756975 0 0.06741692785 0.01668001766 0.1065089734 0 -7.067786279 0.3467873278 -0.2863355887 1


mesh: pSphereShape8 tranform: pSphere8 -0.02019282972 -0.1878572232 -0.01195705395 0 0.03433856882 -0.001940205717 -0.02750771351 0 0.07098840437 -0.01333083213 0.08955687155 0 -6.945774848 0.02155256584 -0.3284893538 1


mesh: pSphereShape10 tranform: pSphere10 0.06703391256 -0.009101406394 -0.1705586799 0 -0.000630289449 0.1545549863 -0.008495132051 0 0.2077751511 0.005320224018 0.08137703575 0 -7.359164125 1.479811856 0.06910070337 1


mesh: pSphereShape11 tranform: pSphere11 0.03066649175 -2.291266625e-05 -0.07163409032 0 0.02397228556 0.1693601758 0.01020834355 0 0.08325256313 -0.01393260626 0.0356448063 0 -7.388569065 1.292919097 0.06894754071 1


mesh: pSphereShape12 tranform: pSphere12 0.1390683767 0.00911463949 -0.2840924506 0 0.02185295351 0.1635595062 0.01594495276 0 0.1540677652 -0.02785004803 0.07452542586 0 -7.386949472 0.8537529849 0.09974606086 1


mesh: pSphereShape13 tranform: pSphere13 0.09466338874 0.01156979332 -0.197240093 0 0.03642759349 0.2015205617 0.02930393413 0 0.1730942211 -0.04300259394 0.08055235715 0 -7.420348083 0.6323791542 0.0639330655 1


mesh: pSphereShape14 tranform: pSphere14 0.0957364638 0.01022619818 -0.1995469887 0 0.03894076528 0.2364886366 0.03080192225 0 0.1695241138 -0.03825220637 0.07937210499 0 -7.442821588 0.4406472131 0.04279939321 1


mesh: pSphereShape15 tranform: pSphere15 0.06134575508 0.00154979587 -0.1388003902 0 -0.001216601594 0.3800108921 0.003705363992 0 0.1720265237 -0.0001905891538 0.07602861633 0 -7.543615211 -0.1490170226 0.1956182853 1


mesh: pSphereShape16 tranform: pSphere16 0.04107495938 0.002912991657 -0.0913653214 0 0.08154700486 0.3502030451 0.04782644437 0 0.07357305452 -0.02155522944 0.03238887553 0 -7.602552827 -0.8526492485 0.195736454 1


mesh: pSphereShape17 tranform: pSphere17 0.04130950391 0.01631288282 -0.1032218862 0 -0.006731909096 0.102926976 0.01357215921 0 0.2583125698 0.003196747493 0.1038821579 0 -7.508745477 -1.305928166 0.2229036027 1


mesh: pSphereShape18 tranform: pSphere18 0.05972043534 0.01563663715 -0.1119499788 0 -0.1559462739 0.3202210782 -0.03846359424 0 0.1124333199 0.06301610726 0.06878006492 0 -7.236296742 -0.1299609323 -0.08541480209 1


mesh: pSphereShape19 tranform: pSphere19 0.03796471108 0.00610422891 -0.07742930294 0 0.2288257901 0.3368946982 0.1387560905 0 0.07293554827 -0.0622471053 0.03085403519 0 -7.221291569 -0.7389732423 -0.1608342468 1


mesh: pSphereShape20 tranform: pSphere20 0.009236825124 0.02832847081 -0.1115064082 0 0.03665264516 0.07025893004 0.02088563482 0 0.2333073768 -0.1185069791 -0.0107805648 0 -7.25083279 -1.182118079 -0.2685198219 1


mesh: pSphereShape21 tranform: pSphere21 0.1140961902 0.01218731303 -0.2378148333 0 -0.06491322546 0.1280262966 -0.02458238237 0 0.2075594932 0.1255953444 0.1060170085 0 -7.513583762 0.2809878116 -0.003932289202 1


mesh: pSphereShape22 tranform: pSphere22 0.003752675832 0.0003770590919 -0.00926149289 0 0.002078781726 0.009702971901 0.001237336988 0 0.009033055443 -0.002389594678 0.00356282846 0 -7.559169336 1.215101598 0.3146420517 1


mesh: pSphereShape23 tranform: pSphere23 0.003935524387 -2.94045232e-06 -0.00919302122 0 0.0005114046416 0.009984584233 0.0002157382429 0 0.009178786036 -0.0005550396838 0.003929607851 0 -7.56975898 1.219423243 0.01783639497 1


mesh: pSphereShape24 tranform: pSphere24 0.004747580955 0.0002851346025 -0.008796543261 0 0.002018747782 0.00969299735 0.001403730659 0 0.00856651227 -0.002442232714 0.004544267477 0 -7.319242918 1.234890218 -0.1924267296 1


