mesh: pSphereShape1 tranform: pSphere1 0.00322320968 0.1422866004 -0.0360869656 0 0.03571395534 0.01815821166 0.07478555566 0 0.1376749779 -0.01864539157 -0.0612197236 0 -7.532518087 -0.047702921 0.6060990677 1


mesh: pSphereShape2 tranform: pSphere2 0.02489233563 0.2549685021 -0.04316215655 0 0.07257964309 0.01316660862 0.1196359896 0 0.112520534 -0.02212883494 -0.06582750322 0 -7.529483059 0.2920343889 0.510739423 1


mesh: pSphereShape3 tranform: pSphere3 0.07233138614 0.2767602445 -0.06641035908 0 0.06342468074 0.01157797263 0.1173298521 0 0.112740719 -0.04306889723 -0.05669395706 0 -7.467704215 0.7507743446 0.4182595488 1


mesh: pSphereShape4 tranform: pSphere4 0.05220634909 0.007130059075 -0.1728931588 0 0.03399455782 0.1438498693 0.01619722746 0 0.1602538741 -0.04311952546 0.0466115894 0 -7.348940846 1.02837217 0.2423802848 1


mesh: pSphereShape5 tranform: pSphere5 0.07171187797 0.005335462249 -0.1723923685 0 0.0313071646 0.1338603916 0.01716608837 0 0.1581668587 -0.04524973308 0.06439388428 0 -7.235343788 1.055827794 -0.02876232955 1


mesh: pSphereShape6 tranform: pSphere6 0.02773921853 -0.2489438813 -0.09091997085 0 0.07307501342 0.03379982893 -0.0702509776 0 0.07576876656 -0.01730188093 0.07049016521 0 -7.186382378 0.7660371695 -0.1866088406 1


mesh: pSphereShape7 tranform: pSphere7 0.1138122296 -0.2163224525 -0.05878256411 0 0.06538478457 0.05003552126 -0.05753778538 0 0.07748138733 0.01362032188 0.09989268245 0 -7.030754865 0.3327790504 -0.273450803 1


mesh: pSphereShape8 tranform: pSphere8 -0.02819319481 -0.1868030212 -0.01228140212 0 0.03180268006 -0.002805339745 -0.03033637452 0 0.07772455639 -0.0171920897 0.08307119397 0 -6.92526205 0.003606591374 -0.3280566291 1


mesh: pSphereShape10 tranform: pSphere10 0.05716546388 -0.01250469573 -0.1739033831 0 0.002213152699 0.1544255037 -0.01037661259 0 0.2120729137 0.001637092116 0.0695948229 0 -7.257567703 1.470931845 0.1010047972 1


mesh: pSphereShape11 tranform: pSphere11 0.02530505133 -0.002195487126 -0.0736662158 0 0.02806493627 0.1689760556 0.004604551689 0 0.08535237755 -0.01498714256 0.02976602436 0 -7.291296344 1.284612013 0.1037528321 1


mesh: pSphereShape12 tranform: pSphere12 0.1125985521 0.009233755319 -0.2955806393 0 0.0259268777 0.1630557903 0.01497035182 0 0.1597629634 -0.03090230995 0.05989476859 0 -7.295373267 0.8461689247 0.1380361352 1


mesh: pSphereShape13 tranform: pSphere13 0.07717151673 0.01405538639 -0.2045621536 0 0.04290274265 0.2001482994 0.02993726502 0 0.1786064173 -0.04787148975 0.0640904273 0 -7.335950997 0.6256138834 0.102624904 1


mesh: pSphereShape14 tranform: pSphere14 0.07904526404 0.01293939603 -0.2065755663 0 0.0453631621 0.2351691555 0.03208845112 0 0.1748405675 -0.04249152922 0.06424043431 0 -7.363668587 0.4348937897 0.07993473011 1


mesh: pSphereShape15 tranform: pSphere15 0.05471722666 0.003663896003 -0.1415056636 0 0.02724796599 0.3785068815 0.02033659225 0 0.1749092395 -0.01620268525 0.06721415462 0 -7.48741092 -0.1563220493 0.2205974682 1


mesh: pSphereShape16 tranform: pSphere16 0.03657260994 0.003609207848 -0.09323453 0 0.09643697521 0.3459131827 0.05121948329 0 0.0742603075 -0.02487366535 0.02816680721 0 -7.587289192 -0.8575673238 0.1995491936 1


mesh: pSphereShape17 tranform: pSphere17 0.04124548905 0.01492706905 -0.1034569248 0 -0.004931339548 0.1031138095 0.01291157113 0 0.2586662979 -0.0005326160048 0.1030464377 0 -7.510535512 -1.308981894 0.2226202842 1


mesh: pSphereShape18 tranform: pSphere18 0.05898515184 0.01036567662 -0.1129474975 0 -0.1672957337 0.3112794473 -0.05880025947 0 0.1102049871 0.07133755001 0.06409986969 0 -7.163382655 -0.1245262596 -0.03271349448 1


mesh: pSphereShape19 tranform: pSphere19 0.03816079815 0.003199745768 -0.07750737361 0 0.1599577811 0.3880001158 0.09477315494 0 0.08226110716 -0.04336869564 0.03871090667 0 -7.083580583 -0.7628724475 -0.0523463857 1


mesh: pSphereShape20 tranform: pSphere20 0.01053622508 0.008242633054 -0.1146409492 0 0.02184715929 0.07861277037 0.007660114585 0 0.2512887334 -0.0715841691 0.01794814706 0 -7.029676181 -1.210606376 -0.09120181089 1


mesh: pSphereShape21 tranform: pSphere21 0.09420405898 0.0154208306 -0.2461913065 0 -0.06454472082 0.1294898025 -0.01658683418 0 0.2177252314 0.1201618471 0.09083828482 0 -7.440755055 0.2773478155 0.03612602792 1


mesh: pSphereShape22 tranform: pSphere22 0.002888414328 0.0003944839114 -0.009565638772 0 0.002286164684 0.009674033498 0.00108927816 0 0.009296801262 -0.002501491219 0.002704076178 0 -7.442383336 1.208161544 0.3699162366 1


mesh: pSphereShape23 tranform: pSphere23 0.003247474392 -0.0002817535568 -0.009453810079 0 0.0007269019356 0.009973432374 -4.754216764e-05 0 0.009430033067 -0.0006717600873 0.003259327344 0 -7.477199777 1.214015057 0.06770066699 1


mesh: pSphereShape24 tranform: pSphere24 0.003839188471 0.0002856408971 -0.00922924922 0 0.002259787388 0.009662198048 0.001239068134 0 0.008952876233 -0.002561315708 0.003644951166 0 -7.252339462 1.228458951 -0.157713431 1


