mesh: pSphereShape1 tranform: pSphere1 0.08756511286 0.1112868637 -0.0388036057 0 0.05742722912 -0.02527322337 0.0571092298 0 0.06550643315 -0.0881065633 -0.1048620306 0 -1.245075456 -0.009271002366 0.5517124309 1


mesh: pSphereShape2 tranform: pSphere2 0.1569719051 0.1996791344 -0.05458572643 0 0.08519541024 -0.0382615628 0.1050320383 0 0.06838558787 -0.07654572521 -0.08335454046 0 -1.058514934 0.2709980415 0.4479074824 1


mesh: pSphereShape3 tranform: pSphere3 0.1737778847 0.2159283244 -0.09702888035 0 0.08515432329 -0.02330823181 0.1006404557 0 0.06603298547 -0.08733889939 -0.07609971013 0 -0.7905393173 0.6422597003 0.3227233531 1


mesh: pSphereShape4 tranform: pSphere4 0.00825987995 0.01402890712 -0.1800093029 0 0.03704278317 0.1434320529 0.01287802271 0 0.166754957 -0.04344913819 0.004265512889 0 -0.6189582113 0.8785227738 0.1125423218 1


mesh: pSphereShape5 tranform: pSphere5 0.02494253076 0.01254092959 -0.1846910517 0 0.03594048851 0.133074311 0.01388980289 0 0.1689788398 -0.04768151605 0.01958291612 0 -0.5770241887 0.91699767 -0.1774427641 1


mesh: pSphereShape6 tranform: pSphere6 0.09301187861 -0.226205429 -0.1057773876 0 0.0369020668 0.0545272668 -0.08415818747 0 0.09140463833 0.01446091023 0.04944894971 0 -0.4856618153 0.6558596042 -0.35471277 1


mesh: pSphereShape7 tranform: pSphere7 0.2441394493 -0.04913686341 -0.03443130591 0 0.005206803331 0.07361639484 -0.06813835776 0 0.02962117334 0.08285925323 0.09178429496 0 -0.1436571852 0.4165003042 -0.4376741897 1


mesh: pSphereShape8 tranform: pSphere8 0.1500334206 -0.1150386668 0.009855742171 0 0.02075269054 0.02448187266 -0.03015857682 0 0.04454594722 0.06526172364 0.08363052012 0 0.1890404176 0.314294786 -0.4524787611 1


mesh: pSphereShape10 tranform: pSphere10 0.00694918539 0.00793134919 -0.1831814588 0 -0.0141922315 0.1540156171 0.006130135657 0 0.2221052767 0.02009656033 0.009295938534 0 -0.6026243529 1.331416198 -0.00685163915 1


mesh: pSphereShape11 tranform: pSphere11 0.002235225598 0.004438044654 -0.07776364616 0 0.0140073338 0.1704784072 0.01013198806 0 0.09128333879 -0.007630342644 0.002188362591 0 -0.6180815766 1.142432425 -0.01739013497 1


mesh: pSphereShape12 tranform: pSphere12 0.00725594334 0.02430535329 -0.3154175195 0 0.03149543007 0.1622240385 0.01322514244 0 0.1701926558 -0.03315342646 0.001360427046 0 -0.5949426971 0.7006696955 -0.01329537945 1


mesh: pSphereShape13 tranform: pSphere13 -0.005741275645 0.00624342785 -0.2189217415 0 0.05849012144 0.1983888248 0.004123932131 0 0.1876474947 -0.05518828875 -0.006495015433 0 -0.651126723 0.4804336826 -0.035298232 1


mesh: pSphereShape14 tranform: pSphere14 -0.0178221546 0.002392309284 -0.2208295587 0 0.06366540481 0.2330920534 -0.002612994418 0 0.1836617711 -0.05033658106 -0.01536782109 0 -0.6931699428 0.2907514979 -0.0383616098 1


mesh: pSphereShape15 tranform: pSphere15 -0.03413952388 -0.003124861173 -0.1478376813 0 -0.1907660722 0.3265756827 0.03714992794 0 0.1570669753 0.09610628137 -0.03830221424 0 -0.506767604 -0.2256236526 0.1050741148 1


mesh: pSphereShape16 tranform: pSphere16 -0.02272340361 0.005871531913 -0.09742911169 0 0.03865962746 0.3604489602 0.01270574301 0 0.08057210545 -0.007962365664 -0.01927169121 0 -0.3065354775 -0.8657611934 0.08560915915 1


mesh: pSphereShape17 tranform: pSphere17 -0.004083770983 0.002886742415 -0.1122601113 0 0.004138312329 0.1039230452 0.002521814199 0 0.2780324541 -0.01081932689 -0.01039241334 0 -0.1478750681 -1.340119414 0.0754266068 1


mesh: pSphereShape18 tranform: pSphere18 -0.02719586938 0.001724291732 -0.1249049402 0 0.01132478312 0.3580584314 0.002477162789 0 0.142673776 -0.004297204336 -0.03112404525 0 -0.7805062744 -0.3166321957 -0.209537599 1


mesh: pSphereShape19 tranform: pSphere19 -0.02335950949 -0.001585961778 -0.083220766 0 0.3885207321 0.1471450336 -0.111859342 0 0.03364233929 -0.09463665462 -0.007639660837 0 -1.085296988 -0.8291396041 -0.1472027227 1


mesh: pSphereShape20 tranform: pSphere20 -0.04551597545 0.03515285158 -0.1000703416 0 0.07506727083 0.01687186522 -0.02821681065 0 0.01928464875 -0.2435618532 -0.09433017936 0 -1.430960932 -1.18422092 -0.08509715717 1


mesh: pSphereShape21 tranform: pSphere21 -0.02123997337 0.00285109105 -0.2631788384 0 -0.06039889836 0.1323666463 0.006308487277 0 0.2399677008 0.110363278 -0.01817111076 0 -0.7875367449 0.1365634088 -0.03657282459 1


mesh: pSphereShape22 tranform: pSphere22 0.0004569933735 0.0007761756384 -0.009959352812 0 0.002491160589 0.009645934965 0.0008660586459 0 0.009673948314 -0.002520613028 0.00024745502 0 -0.6781598469 1.052614617 0.2658665968 1


mesh: pSphereShape23 tranform: pSphere23 0.0002868533162 0.0005695478018 -0.009979645809 0 -0.0001523855606 0.009982843176 0.0005653501327 0 0.009994723299 0.0001358581361 0.0002950402531 0 -0.7997218756 1.054963879 -0.003253988733 1


mesh: pSphereShape24 tranform: pSphere24 0.00133533076 0.0006713949439 -0.009887675186 0 0.002594226072 0.00960545784 0.001002582054 0 0.009564877566 -0.002698964342 0.001108471305 0 -0.6250179101 1.094789365 -0.2906040281 1


