mesh: pSphereShape1 tranform: pSphere1 -0.008906392873 0.138580874 -0.04768807363 0 0.06874781092 0.02007087487 0.04548609752 0 0.08849028942 -0.03501922218 -0.1182921278 0 2.361023384 -0.02502865083 1.684005616 1


mesh: pSphereShape2 tranform: pSphere2 0.01107589789 0.2496563632 -0.07099691543 0 0.1123459281 0.01845220729 0.08241263663 0 0.0792521405 -0.03218992505 -0.1008301693 0 2.332202285 0.3058501484 1.564768113 1


mesh: pSphereShape3 tranform: pSphere3 0.04035225475 0.268227763 -0.1125342651 0 0.1031731575 0.0193397092 0.08309217162 0 0.08297218788 -0.05075014861 -0.09121207624 0 2.356842766 0.7539246003 1.416524996 1


mesh: pSphereShape4 tranform: pSphere4 -0.03080971453 -0.0112390997 -0.1777437175 0 0.0171934325 0.147187549 -0.01228724321 0 0.1686790136 -0.0220284687 -0.02784555297 0 2.381277278 1.013407587 1.185321238 1


mesh: pSphereShape5 tranform: pSphere5 -0.004691942269 -0.01110681727 -0.1863996073 0 0.01477139316 0.1374841163 -0.008563953028 0 0.1756028548 -0.01907144636 -0.003283780453 0 2.36638981 1.015051049 0.8913130703 1


mesh: pSphereShape6 tranform: pSphere6 0.06777506571 -0.2360765125 -0.1033604476 0 0.02665203562 0.04782641492 -0.09175995265 0 0.09804102305 0.01276569493 0.03513003405 0 2.43079442 0.7327447655 0.7234928017 1


mesh: pSphereShape7 tranform: pSphere7 0.1578999347 -0.1665957935 -0.1025547126 0 0.017642998 0.06342372749 -0.07586485089 0 0.09638977087 0.05120643563 0.06522529862 0 2.681154418 0.3705128601 0.5713561337 1


mesh: pSphereShape8 tranform: pSphere8 0.04353325415 -0.1836182781 -0.01517371192 0 0.01762663554 0.007456789135 -0.03966451846 0 0.1020639454 0.02013691936 0.04914217553 0 2.87667324 0.09954166957 0.4674278841 1


mesh: pSphereShape10 tranform: pSphere10 -0.0599031995 -0.005553152586 -0.1733418977 0 0.00322795091 0.1546368348 -0.006069430068 0 0.2109245078 -0.007254738374 -0.07265852267 0 2.405011571 1.443644961 1.021812649 1


mesh: pSphereShape11 tranform: pSphere11 -0.01926723663 0.001064977955 -0.07549514257 0 0.03162513214 0.1683126482 -0.005696785645 0 0.08715720537 -0.01713746409 -0.02248528135 0 2.371032862 1.258716852 1.041486226 1


mesh: pSphereShape12 tranform: pSphere12 -0.03728213744 -0.02035486687 -0.3135718931 0 0.007186286504 0.1652204015 -0.01157935222 0 0.1720252344 -0.008875316393 -0.0198768215 0 2.407804929 0.8243150788 1.081902267 1


mesh: pSphereShape13 tranform: pSphere13 -0.02469212363 -0.02444832395 -0.2163128522 0 0.01024407294 0.2051777692 -0.02435916511 0 0.1942140629 -0.01216545723 -0.02079456938 0 2.393394539 0.6006962969 1.094962226 1


mesh: pSphereShape14 tranform: pSphere14 -0.02835944158 -0.01454554711 -0.21925605 0 0.00963935163 0.2408369422 -0.01722402514 0 0.1893290112 -0.009285082578 -0.02387258379 0 2.395931782 0.4070817964 1.110448291 1


mesh: pSphereShape15 tranform: pSphere15 -0.06009790424 -0.007408907205 -0.1391567528 0 -0.1401760654 0.3507443024 0.04186398178 0 0.1581567254 0.07181674629 -0.07212708796 0 2.560538231 -0.1575628603 1.235128065 1


mesh: pSphereShape16 tranform: pSphere16 -0.03855002855 0.003796654052 -0.09242694672 0 0.1020368724 0.3469389769 -0.02830686465 0 0.07316852562 -0.0240899894 -0.03150715468 0 2.659434602 -0.8141293681 1.238747765 1


mesh: pSphereShape17 tranform: pSphere17 -0.007349635397 -0.01646840421 -0.1109149114 0 0.01943898795 0.1009004996 -0.01626958597 0 0.2729263645 -0.05419915946 -0.01003774505 0 2.735625591 -1.302377734 1.284432803 1


mesh: pSphereShape18 tranform: pSphere18 -0.02733782699 -0.02145811143 -0.1230285546 0 -1.944376222e-05 0.3529189556 -0.06155028602 0 0.1427130863 -0.005359760353 -0.03077704472 0 2.344756715 -0.1973144651 1.001787196 1


mesh: pSphereShape19 tranform: pSphere19 -0.01939157324 -0.01377252947 -0.08311535461 0 0.1304563068 0.3984819634 -0.0964666234 0 0.09328961755 -0.0344294028 -0.01606023933 0 2.248438462 -0.8992084261 1.124562617 1


mesh: pSphereShape20 tranform: pSphere20 -0.03233623694 0.0002240411961 -0.1107962899 0 0.006330972572 0.08168862384 -0.001682531178 0 0.2505975417 -0.02092890886 -0.07317998127 0 2.345833872 -1.316334587 1.179357464 1


mesh: pSphereShape21 tranform: pSphere21 -0.03379803381 -0.01733499906 -0.2613035723 0 -0.08814436087 0.1158685878 0.003714163647 0 0.2080106737 0.1594408254 -0.03748229791 0 2.338693592 0.2362184305 1.125000257 1


mesh: pSphereShape22 tranform: pSphere22 -0.001704605329 -0.0006218243026 -0.009834005044 0 0.001156273848 0.009898495467 -0.0008263281915 0 0.00978556853 -0.001277936629 -0.001615402895 0 2.329440362 1.199441705 1.326832291 1


mesh: pSphereShape23 tranform: pSphere23 -0.002472623221 0.000136671868 -0.009688521828 0 0.0009145936767 0.00995765431 -9.294651588e-05 0 0.009646224796 -0.0009090882514 -0.00247465265 0 2.193515543 1.19156215 1.110924131 1


mesh: pSphereShape24 tranform: pSphere24 -0.0002511892197 -0.0005946178797 -0.009979144931 0 0.00106621626 0.009923762693 -0.0006181560449 0 0.009939823281 -0.001079520072 -0.0001858750955 0 2.273317884 1.165419468 0.7670322958 1


