mesh: pSphereShape1 tranform: pSphere1 -0.03788751459 0.1350395851 -0.04343940077 0 0.03583990073 0.03247804189 0.06970484132 0 0.1319160912 0.01321239431 -0.07398298616 0 -6.775444841 -0.1031367524 0.7406998136 1


mesh: pSphereShape2 tranform: pSphere2 -0.03798655806 0.2489332865 -0.06388096349 0 0.09658345556 0.03895837571 0.09438122301 0 0.09409388623 -0.009359753863 -0.09242592534 0 -6.866225116 0.2189796083 0.6285178761 1


mesh: pSphereShape3 tranform: pSphere3 0.03996936256 0.2763110867 -0.09106608346 0 0.08779055562 0.01995661751 0.09908372989 0 0.09901886585 -0.04054679624 -0.0795664874 0 -6.884762153 0.6679138703 0.5030047577 1


mesh: pSphereShape4 tranform: pSphere4 0.005869830556 -0.004972901691 -0.180580177 0 0.06198161589 0.1351522474 -0.001707148935 0 0.1565862633 -0.07172214135 0.007065016839 0 -6.819092559 0.9301501214 0.2929100713 1


mesh: pSphereShape5 tranform: pSphere5 0.03706395252 -0.01453049525 -0.1824974451 0 0.05446095047 0.1273835905 0.0009183220314 0 0.1586156414 -0.06808505951 0.03763467612 0 -6.765552727 0.929198963 0.003984989291 1


mesh: pSphereShape6 tranform: pSphere6 -0.03997879882 -0.2522650332 -0.07598032686 0 0.06599857105 0.01447290331 -0.08277867821 0 0.08100211386 -0.03067354439 0.0592192172 0 -6.803923579 0.6295357976 -0.1380123687 1


mesh: pSphereShape7 tranform: pSphere7 0.05296544316 -0.2381800352 -0.06057185451 0 0.06419212893 0.03214116833 -0.07025408223 0 0.09405747787 -0.0008418746656 0.08555646476 0 -6.760270276 0.169506707 -0.2170050456 1


mesh: pSphereShape8 tranform: pSphere8 -0.06758526892 -0.1768207084 0.002779622418 0 0.02617376754 -0.01053584835 -0.03381576262 0 0.08291504827 -0.03053377787 0.07369044077 0 -6.736989649 -0.1763949571 -0.2641063451 1


mesh: pSphereShape10 tranform: pSphere10 0.03180798572 -0.03218007724 -0.1778182752 0 0.01302562158 0.152166703 -0.02520785597 0 0.2190228825 -0.01190146368 0.04133245996 0 -6.725313675 1.353086116 0.0941382849 1


mesh: pSphereShape11 tranform: pSphere11 0.0122774342 -0.01267064333 -0.07589859382 0 0.04155769645 0.1649290893 -0.02081113367 0 0.08771207008 -0.01989173785 0.01750915554 0 -6.773756398 1.170739634 0.1163351267 1


mesh: pSphereShape12 tranform: pSphere12 0.05523054531 -0.0226303471 -0.3107556352 0 0.05880779822 0.154998225 -0.0008356304381 0 0.1592708439 -0.06025260432 0.0326949917 0 -6.829457255 0.7399100979 0.1933352378 1


mesh: pSphereShape13 tranform: pSphere13 0.04524968002 -0.003600510439 -0.2143319256 0 0.08429530649 0.1883518609 0.01463231759 0 0.1740880375 -0.08087241996 0.03811196098 0 -6.916845996 0.5309241391 0.1783416129 1


mesh: pSphereShape14 tranform: pSphere14 0.05205785093 0.0001881409655 -0.2153578211 0 0.08652409736 0.2246328183 0.02111147473 0 0.1726459327 -0.07041617874 0.04167170719 0 -6.9797565 0.3490310017 0.1660263373 1


mesh: pSphereShape15 tranform: pSphere15 0.04554093019 0.004776386589 -0.144687462 0 0.1090084038 0.3611139366 0.04623181427 0 0.1711071514 -0.05830024131 0.05193203504 0 -7.199208451 -0.2135682596 0.2950957623 1


mesh: pSphereShape16 tranform: pSphere16 0.03129314342 0.004889275978 -0.09507940849 0 0.1864617988 0.301499442 0.07687353031 0 0.06649067934 -0.04609639412 0.01951341938 0 -7.461217764 -0.8645499848 0.2231969715 1


mesh: pSphereShape17 tranform: pSphere17 0.04288199685 0.008581634355 -0.1035124773 0 0.01434336693 0.1020312114 0.01440084136 0 0.254486809 -0.05006941193 0.1012749905 0 -7.499876259 -1.301585769 0.214906361 1


mesh: pSphereShape18 tranform: pSphere18 0.05573237924 -0.00401159985 -0.1149853971 0 -0.1762075933 0.2968511569 -0.09576273812 0 0.1101060377 0.08165480223 0.05051863281 0 -6.825089144 -0.192874435 0.09444789128 1


mesh: pSphereShape19 tranform: pSphere19 0.03669818185 -0.004116677744 -0.07816760368 0 -0.01023678063 0.4292508628 -0.02741236279 0 0.09117135389 0.004891257332 0.04254559482 0 -6.606405029 -0.8483904529 0.2081232715 1


mesh: pSphereShape20 tranform: pSphere20 0.01241398993 -0.01486241129 -0.1137826958 0 -0.01300578424 0.08003633865 -0.01187339295 0 0.2570435013 0.04505643971 0.02215880086 0 -6.379121117 -1.229056056 0.2913106115 1


mesh: pSphereShape21 tranform: pSphere21 0.06204117246 0.0002242214359 -0.2566577659 0 -0.04444462023 0.1382772126 -0.01062267344 0 0.2443289715 0.08307416992 0.05913354234 0 -7.086343231 0.2061591049 0.1358742229 1


mesh: pSphereShape22 tranform: pSphere22 0.0003247594014 -0.0002751351271 -0.009990937493 0 0.00416831959 0.009089110577 -0.0001148073061 0 0.009084032316 -0.004160813573 0.000409862525 0 -6.842756759 1.125859452 0.4287739754 1


mesh: pSphereShape23 tranform: pSphere23 0.001575600564 -0.001626062291 -0.009740297957 0 0.001485646651 0.009790269721 -0.001394084942 0 0.009762701311 -0.001227412002 0.001784130849 0 -6.96801691 1.115073705 0.1191517417 1


mesh: pSphereShape24 tranform: pSphere24 0.001984266808 -0.0007779089244 -0.009770237609 0 0.003931054459 0.00919469505 6.628554746e-05 0 0.008978279126 -0.003853886433 0.002130273055 0 -6.780034485 1.096228085 -0.1324346092 1


