mesh: pSphereShape1 tranform: pSphere1 -0.007493319249 0.1436870953 0.02925754018 0 -0.06175182756 0.008498944134 -0.05755489843 0 -0.1038212711 -0.02727579272 0.1073642376 0 4.524949071 -0.1014846086 -0.472563436 1


mesh: pSphereShape2 tranform: pSphere2 -0.03705177342 0.2549824515 0.03320621533 0 -0.09628206058 -0.0006569425177 -0.1023878285 0 -0.09446310974 -0.02531595804 0.08899235506 0 4.51396173 0.2428901933 -0.3963371902 1


mesh: pSphereShape3 tranform: pSphere3 -0.06602377144 0.2779096415 0.06815783828 0 -0.08774294391 0.003934477137 -0.1010382574 0 -0.09614403254 -0.04290816761 0.08182187091 0 4.446181294 0.7042707679 -0.3154587986 1


mesh: pSphereShape4 tranform: pSphere4 -0.008779293885 0.007102338364 0.1803908694 0 -0.02683200143 0.146085591 -0.007057537489 0 -0.1693388055 -0.03144133879 -0.007003503651 0 4.367130377 0.9840393945 -0.1272093639 1


mesh: pSphereShape5 tranform: pSphere5 -0.03687509854 0.004944257306 0.1830463623 0 -0.02173610204 0.1365864742 -0.0080681176 0 -0.1709567541 -0.02919347845 -0.03365107619 0 4.316354738 1.012342953 0.1616249703 1


mesh: pSphereShape6 tranform: pSphere6 -0.05416624319 -0.2433151733 0.09419504205 0 -0.05963135748 0.04324169926 0.07740699275 0 -0.08441301368 -0.00524786897 -0.06209691984 0 4.25156134 0.7279468299 0.3236104007 1


mesh: pSphereShape7 tranform: pSphere7 -0.135789346 -0.198947417 0.07200830267 0 -0.05124750468 0.05811404283 0.06392003972 0 -0.08510211623 0.0251227251 -0.09107087929 0 4.045736822 0.3200940044 0.428639535 1


mesh: pSphereShape8 tranform: pSphere8 0.006333852516 -0.18881097 0.01230275362 0 -0.03105172491 0.0009922860878 0.03121508863 0 -0.08149849129 -0.007999954721 -0.0808176622 0 3.90312625 0.007146799508 0.4925987005 1


mesh: pSphereShape10 tranform: pSphere10 -0.011191348 -2.814589885e-06 0.1831431081 0 -0.007473403423 0.1546083768 -0.0004543021035 0 -0.2225299095 -0.01079652714 -0.01359832795 0 4.295056415 1.425180964 0.008668381223 1


mesh: pSphereShape11 tranform: pSphere11 -0.00687520505 0.0006776870855 0.0776153943 0 -0.03353060578 0.1679814354 -0.004436860016 0 -0.08949200572 -0.01806862311 -0.007769476951 0 4.337778907 1.240255592 0.01288369988 1


mesh: pSphereShape12 tranform: pSphere12 -0.04386833791 0.009723519125 0.3132293611 0 -0.02138380283 0.1641973139 -0.00809198602 0 -0.1702599424 -0.02331282977 -0.02312151681 0 4.3311375 0.8026561608 -0.0145147124 1


mesh: pSphereShape13 tranform: pSphere13 -0.02912195104 0.008762651289 0.2169649729 0 -0.03479560451 0.2035174242 -0.01288995211 0 -0.1911525095 -0.03421905657 -0.02427527491 0 4.366221853 0.5805697574 0.006843733232 1


mesh: pSphereShape14 tranform: pSphere14 -0.02967111776 0.007822754871 0.2194253304 0 -0.03411283995 0.2388639189 -0.0131285662 0 -0.1874020389 -0.02810115627 -0.02433902912 0 4.384669657 0.3878550721 0.01650078804 1


mesh: pSphereShape15 tranform: pSphere15 -0.02044393502 0.0158639818 0.1495380602 0 -0.009342918897 0.377659953 -0.04134196097 0 -0.1863067334 -0.00731236555 -0.02469498075 0 4.438191784 -0.2069382977 -0.1234791215 1


mesh: pSphereShape16 tranform: pSphere16 -0.0144484079 0.01293259208 0.09832218129 0 -0.1142552271 0.3387647669 -0.0613484423 0 -0.07807354273 -0.02774857941 -0.007823029584 0 4.52422899 -0.9027550597 -0.06735624643 1


mesh: pSphereShape17 tranform: pSphere17 -0.02419787712 0.005315226487 0.1096063601 0 -0.007208321356 0.1035749868 -0.006614128848 0 -0.2712193708 -0.02262915468 -0.05877992776 0 4.4624201 -1.362844531 -0.05069359489 1


mesh: pSphereShape18 tranform: pSphere18 -0.006644672147 0.01846652139 0.1263276237 0 0.1058800496 0.3393962278 -0.04404364874 0 -0.1393592547 0.04173244473 -0.01343055139 0 4.286148673 -0.2039405886 0.2394883443 1


mesh: pSphereShape19 tranform: pSphere19 -0.001966263856 0.009548660909 0.08590014397 0 -0.2406088017 0.3538490965 -0.04484143155 0 -0.08347363591 -0.05621036324 0.004337623753 0 4.342671543 -0.8481305996 0.3407736787 1


mesh: pSphereShape20 tranform: pSphere20 0.03749230129 0.03549768359 0.1032266539 0 -0.02668005896 0.07574046725 -0.01635541082 0 -0.2325607462 -0.05927924972 0.1048519273 0 4.366648198 -1.26495998 0.4429971649 1


mesh: pSphereShape21 tranform: pSphere21 -0.03536125486 0.009322952743 0.2615053161 0 0.07588897377 0.1241594313 0.005835433308 0 -0.2231675356 0.1380545369 -0.03509894239 0 4.457899361 0.2237750446 0.0364360549 1


mesh: pSphereShape22 tranform: pSphere22 -0.0004857309251 0.000392950211 0.009980463697 0 -0.001804476305 0.0098243878 -0.0004746257636 0 -0.009823845008 -0.001824005066 -0.000406293963 0 4.43962961 1.159757363 -0.2727710126 1


mesh: pSphereShape23 tranform: pSphere23 -0.0008823160262 8.696964992e-05 0.009960620197 0 -0.001000563913 0.009948269917 -0.0001754921976 0 -0.009910620076 -0.00101210767 -0.0008690499288 0 4.528988926 1.175178465 0.005993770219 1


mesh: pSphereShape24 tranform: pSphere24 -0.001974156265 0.0002646972327 0.009799624606 0 -0.001568937011 0.009858969846 -0.0005823660696 0 -0.009676835417 -0.001652467536 -0.001904785381 0 4.373108904 1.177947099 0.288404256 1


