mesh: pSphereShape1 tranform: pSphere1 0.08690714516 0.1095542277 0.04475661003 0 -0.01059686826 0.03890265808 -0.07464835008 0 -0.1208917883 0.07328679622 0.05535454601 0 -7.519761311 0.1337930995 -0.1718471413 1


mesh: pSphereShape2 tranform: pSphere2 0.1239350608 0.2164825113 0.07257382584 0 -0.08480693909 0.07612761687 -0.08225754198 0 -0.0844932838 0.01462950675 0.1006512723 0 -7.316644692 0.3977503792 -0.05479930778 1


mesh: pSphereShape3 tranform: pSphere3 0.02852348506 0.2733974687 0.1033374716 0 -0.08613219564 0.04397747151 -0.09257570221 0 -0.10125454 -0.02123177635 0.08412094988 0 -7.168342619 0.8100110377 0.08647748856 1


mesh: pSphereShape4 tranform: pSphere4 -0.04425656846 0.005120173404 0.1751671344 0 -0.004847466237 0.1485135982 -0.005565813475 0 -0.1670335101 -0.007025837416 -0.04199621405 0 -7.192387273 1.087421219 0.2966763834 1


mesh: pSphereShape5 tranform: pSphere5 -0.04571564391 0.004785333712 0.1810452148 0 -0.004130693287 0.1383988947 -0.004701158222 0 -0.1712121231 -0.006572680995 -0.04305896727 0 -7.271743127 1.115305921 0.5815176049 1


mesh: pSphereShape6 tranform: pSphere6 -0.0153186764 -0.2361666196 0.1224729657 0 -0.06886885811 0.04108722971 0.07061519535 0 -0.07999687517 -0.02709492163 -0.06225343079 0 -7.309800722 0.834586098 0.7683063214 1


mesh: pSphereShape7 tranform: pSphere7 -0.07525090897 -0.2138631024 0.1086457133 0 -0.06521341921 0.05157738846 0.05635870069 0 -0.0889051479 -0.01432070199 -0.08976758173 0 -7.421644478 0.406873137 0.9340313213 1


mesh: pSphereShape8 tranform: pSphere8 0.06177385356 -0.168805089 0.05941288376 0 -0.03733237502 -0.005685737653 0.02266146889 0 -0.04812618945 -0.04992486943 -0.0918089058 0 -7.468905781 0.07983370885 1.04782433 1


mesh: pSphereShape10 tranform: pSphere10 -0.06688035998 0.01118443104 0.170495074 0 0.02087245105 0.1533644059 -0.001872995941 0 -0.2056596151 0.0269828065 -0.08244447242 0 -7.21199277 1.532925099 0.4163788316 1


mesh: pSphereShape11 tranform: pSphere11 -0.02609842764 0.002753031941 0.07337008946 0 -0.001881365376 0.1711955052 -0.007092909058 0 -0.08632984984 -0.002217577078 -0.0306251266 0 -7.206373116 1.343252439 0.4361024419 1


mesh: pSphereShape12 tranform: pSphere12 -0.08556758362 0.008678816135 0.3045233609 0 0.00498025982 0.1656733681 -0.003322240694 0 -0.1668558796 0.004073304355 -0.04700068279 0 -7.277242502 0.9119198084 0.3941080099 1


mesh: pSphereShape13 tranform: pSphere13 -0.0541585385 0.006988729783 0.2121713504 0 0.003704199282 0.2067561598 -0.005864830053 0 -0.1895963952 0.002022079349 -0.04846269498 0 -7.2820999 0.6878869566 0.4094083438 1


mesh: pSphereShape14 tranform: pSphere14 -0.05188425535 0.001543499888 0.2153942617 0 0.005946013846 0.2415710506 -0.000298802709 0 -0.1856819582 0.004514999759 -0.04475949804 0 -7.297392771 0.4939617022 0.4097033221 1


mesh: pSphereShape15 tranform: pSphere15 -0.005888262866 0.01173938362 0.1511911607 0 0.01695815793 0.3785634639 -0.02873347632 0 -0.187749363 0.007809416001 -0.007918421465 0 -7.290066384 -0.09578929571 0.2516914624 1


mesh: pSphereShape16 tranform: pSphere16 -0.005375516345 0.01180134454 0.09937349674 0 -0.1274782342 0.3363550564 -0.04684048959 0 -0.07778981991 -0.02957908211 -0.0006952307352 0 -7.224450157 -0.7871591237 0.2839956578 1


mesh: pSphereShape17 tranform: pSphere17 -0.009642293409 0.001886975078 0.1119410941 0 -0.03906951583 0.09629211849 -0.004988521571 0 -0.2569488237 -0.1053089391 -0.02035767671 0 -7.244588192 -1.298934029 0.3108704689 1


mesh: pSphereShape18 tranform: pSphere18 -0.02322091745 0.01817637013 0.1243955029 0 0.176652435 0.3114116551 -0.01252699542 0 -0.1242950758 0.0691681496 -0.03330885351 0 -7.523157905 -0.07935847033 0.5798098239 1


mesh: pSphereShape19 tranform: pSphere19 -0.01459146073 0.01141188142 0.0844436859 0 0.01827536893 0.426394203 -0.05446583373 0 -0.09919133767 0.002027010749 -0.01741371778 0 -7.744374599 -0.746414522 0.6519117646 1


mesh: pSphereShape20 tranform: pSphere20 -0.0007383341857 0.003983117543 0.1153476914 0 0.01017665556 0.0812703186 -0.002741237863 0 -0.2598690218 0.03244685633 -0.002783842671 0 -7.984463999 -1.139164654 0.6696331146 1


mesh: pSphereShape21 tranform: pSphere21 -0.06183428584 0.00183950242 0.2567011949 0 0.09356496149 0.1094583579 0.02175359433 0 -0.1931776895 0.1746247492 -0.0477840671 0 -7.253811585 0.3192431547 0.4257148579 1


mesh: pSphereShape22 tranform: pSphere22 -0.002448577781 0.0002832832113 0.009691450741 0 -0.0003259964779 0.009987673469 -0.0003743059778 0 -0.009690108005 -0.0004075896108 -0.002436324601 0 -7.068727921 1.253623234 0.1766497553 1


mesh: pSphereShape23 tranform: pSphere23 -0.003349290792 0.0003533049828 0.009415807282 0 0.0008042929195 0.009967215577 -8.790070087e-05 0 -0.009388043678 0.000727866212 -0.003366726405 0 -7.033811771 1.245646999 0.475339358 1


mesh: pSphereShape24 tranform: pSphere24 -0.002447446337 0.0002561890518 0.009692490578 0 -0.0002981582239 0.00998979246 -0.0003393350434 0 -0.009691290322 -0.0003720400085 -0.002437309609 0 -7.20171436 1.269104862 0.7162789243 1


