mesh: pSphereShape1 tranform: pSphere1 0.1359252202 0.04600408527 0.03108204445 0 -0.02481268698 0.08044277187 -0.01055355914 0 -0.03639032247 0.008083660258 0.1471743986 0 -0.4089899203 0.7643001155 0.1483306159 1


mesh: pSphereShape2 tranform: pSphere2 0.2548069076 0.04706792348 0.01869726209 0 -0.025157021 0.1381874644 -0.005028237338 0 -0.01021355031 0.002936389786 0.1317986233 0 -0.06600501905 0.8102221273 0.1880359847 1


mesh: pSphereShape3 tranform: pSphere3 0.2746473354 0.07113306684 0.07581112132 0 -0.0303000749 0.1298440151 -0.01206113503 0 -0.03629545751 0.003444090734 0.1282590441 0 0.391428366 0.9018030541 0.2499709195 1


mesh: pSphereShape4 tranform: pSphere4 0.1772645268 0.002800765324 0.03518278307 0 -0.003867200421 0.1484487335 0.007667028133 0 -0.03336004983 -0.009589463816 0.1688442689 0 0.7579897186 1.015822649 0.3440386371 1


mesh: pSphereShape5 tranform: pSphere5 0.1830121509 0.002701102727 0.03727527309 0 -0.004103758725 0.1381077278 0.01014062459 0 -0.03495803342 -0.01371410479 0.1726288652 0 1.046145548 1.039770644 0.4114158208 1


mesh: pSphereShape6 tranform: pSphere6 0.2633709277 -0.03869017904 -0.01215672146 0 0.01577253858 0.1055188933 0.005880141671 0 0.00388859012 -0.00641330542 0.1046559737 0 1.371744861 0.9524756388 0.416818865 1


mesh: pSphereShape7 tranform: pSphere7 0.24902176 -0.0020195003 0.03446884917 0 -0.0004958188584 0.09999971283 0.009440963149 0 -0.01745172365 -0.0119238466 0.1253821589 0 1.835059134 0.895189357 0.4896147237 1


mesh: pSphereShape8 tranform: pSphere8 0.1717360422 -0.05275263805 -0.05970719215 0 0.01156262238 0.04229624938 -0.004112062901 0 0.03784217386 0.0002182741214 0.1086527502 0 2.18052904 0.8724261538 0.4929425503 1


mesh: pSphereShape10 tranform: pSphere10 0.1832346667 0.003980251513 0.008709696761 0 -0.004051130454 0.1540232318 0.01484050947 0 -0.01007853378 -0.02164812008 0.2219252627 0 0.878151082 1.450272727 0.4553275586 1


mesh: pSphereShape11 tranform: pSphere11 0.07725750239 0.004226449351 0.009235398578 0 -0.01434029801 0.1648448085 0.04452296998 0 -0.009156020559 -0.02451361051 0.08781178274 0 0.8832322597 1.267679205 0.4059322089 1


mesh: pSphereShape12 tranform: pSphere12 0.3093253845 0.004443141154 0.06655580787 0 -0.003014855613 0.1657278613 0.002948188852 0 -0.03641543376 -0.003677573738 0.1694902126 0 0.8594899478 0.8362360526 0.4166993631 1


mesh: pSphereShape13 tranform: pSphere13 0.2130412166 0.003753998627 0.05097076697 0 -0.007481607132 0.2061100258 0.01609067276 0 -0.04510194658 -0.01644851573 0.1897228912 0 0.8731596066 0.6101594866 0.4050043015 1


mesh: pSphereShape14 tranform: pSphere14 0.2141741648 0.00873564965 0.05605498981 0 -0.0148380366 0.2404209343 0.01922560418 0 -0.04749273761 -0.01766188643 0.1842120657 0 0.8795865425 0.4149983501 0.4003625563 1


mesh: pSphereShape15 tranform: pSphere15 0.1502745597 -0.01251752118 0.01709152516 0 0.03745332351 0.3741146785 -0.05530771989 0 -0.01859426793 0.02919148133 0.1848664985 0 0.6765527611 -0.1759542028 0.4118970191 1


mesh: pSphereShape16 tranform: pSphere16 0.09936868691 -0.005067716497 0.01197673055 0 0.009995339923 0.3562073915 0.06779264738 0 -0.01055378712 -0.01514870951 0.08115291556 0 0.588661673 -0.8706735305 0.4348818523 1


mesh: pSphereShape17 tranform: pSphere17 0.1081270956 0.003675537271 0.03037045743 0 -0.004935246247 0.1037980711 0.005008820298 0 -0.07464214836 -0.01646886432 0.267739485 0 0.5124312888 -1.343509651 0.5480941246 1


mesh: pSphereShape18 tranform: pSphere18 0.101918951 0.01474904879 0.07575503653 0 -0.001023908205 0.3518978421 -0.06713484704 0 -0.08819341571 0.02157847341 0.1144520399 0 1.052569907 -0.1859904883 0.5099496007 1


mesh: pSphereShape19 tranform: pSphere19 0.07033012629 0.008267253102 0.04959035908 0 -0.1600841861 0.3629822032 0.1665217884 0 -0.04501849685 -0.05321421923 0.07271760186 0 1.186081044 -0.8528028855 0.4752433166 1


mesh: pSphereShape20 tranform: pSphere20 0.09930898615 0.004007955369 0.05867846143 0 -0.01637711048 0.07709525784 0.02245116613 0 -0.1227690462 -0.08834430898 0.2138118358 0 1.212059862 -1.291093465 0.4809465391 1


mesh: pSphereShape21 tranform: pSphere21 0.2552471157 0.01041091664 0.06680485707 0 0.01636962681 0.1197733534 -0.08121041889 0 -0.06091034006 0.1502448263 0.2093111619 0 0.9067398678 0.2470718212 0.3391609407 1


mesh: pSphereShape22 tranform: pSphere22 0.00980749292 0.0001549576025 0.00194655356 0 -0.0002600727174 0.009983311265 0.0005156145594 0 -0.001935315169 -0.0005563131614 0.009795155479 0 0.6333402505 1.185220873 0.229636327 1


mesh: pSphereShape23 tranform: pSphere23 0.009914690837 0.0005423931314 0.001185206858 0 -0.000736052298 0.0098342845 0.001656826905 0 -0.00107570099 -0.001729930076 0.009790312013 0 0.8849162765 1.215537094 0.210683292 1


mesh: pSphereShape24 tranform: pSphere24 0.009797793055 0.0001446070406 0.001995580129 0 -0.0002962140561 0.009968775694 0.000731962024 0 -0.001978764383 -0.000776273132 0.00977148359 0 1.177896611 1.196252931 0.3416038813 1


