mesh: pSphereShape1 tranform: pSphere1 -0.1350536042 0.05655074262 0.0109850961 0 0.02750734282 0.05419304136 0.0591992141 0 0.03354585727 0.1011239422 -0.1081597361 0 -2.617024167 0.2053915436 0.5158985439 1


mesh: pSphereShape2 tranform: pSphere2 -0.213053606 0.1486031895 0.004097589657 0 0.07880549761 0.1121245376 0.03117235613 0 0.01511129325 0.025219928 -0.12891633 0 -2.935727869 0.3567360336 0.5252400738 1


mesh: pSphereShape3 tranform: pSphere3 -0.08645225219 0.263194092 -0.09743344489 0 0.1135801486 0.05420809304 0.04565157454 0 0.05866422921 -0.02414761181 -0.1172817354 0 -3.197931972 0.6975080379 0.4620493788 1


mesh: pSphereShape4 tranform: pSphere4 -0.07288516083 0.005562820427 -0.1653033374 0 0.0406058451 0.1424431472 -0.01311030942 0 0.150551547 -0.04917922449 -0.06803582486 0 -3.301874236 0.9623982075 0.2501932947 1


mesh: pSphereShape5 tranform: pSphere5 -0.06023124368 0.003486586917 -0.1767773467 0 0.03723263574 0.1330635801 -0.01006141483 0 0.1603477038 -0.04907123638 -0.05560120079 0 -3.39481397 0.9869908693 -0.0292440692 1


mesh: pSphereShape6 tranform: pSphere6 -0.1016163096 -0.2129227615 -0.1238829474 0 0.0491643281 0.02907775084 -0.09030470157 0 0.08412821932 -0.056258463 0.02768668479 0 -3.523008708 0.7277255053 -0.2122406221 1


mesh: pSphereShape7 tranform: pSphere7 -0.02284541706 -0.2131830558 -0.131282476 0 0.05381322413 0.04021799244 -0.07467241914 0 0.1067403646 -0.04416205016 0.05313788154 0 -3.599694046 0.3092350477 -0.4138604531 1


mesh: pSphereShape8 tranform: pSphere8 -0.1211665554 -0.1433863508 -0.02449649125 0 0.02079532613 -0.01122359955 -0.03716397764 0 0.06974017984 -0.06916854599 0.05991258168 0 -3.681995346 -0.005947318086 -0.5402928325 1


mesh: pSphereShape10 tranform: pSphere10 -0.03207345347 -0.02755167239 -0.1785464736 0 -0.01597982838 0.1525683618 -0.02067240626 0 0.218558347 0.01721194912 -0.04191703597 0 -3.347391479 1.39944791 0.0528210241 1


mesh: pSphereShape11 tranform: pSphere11 -0.01744843615 -0.0123913836 -0.07492584885 0 0.01200332558 0.1681691277 -0.03060742675 0 0.08907018093 -0.009836615605 -0.01911551367 0 -3.361400132 1.2114736 0.08039445659 1


mesh: pSphereShape12 tranform: pSphere12 -0.08319560514 0.003387799888 -0.3052844979 0 0.03340522355 0.162216697 -0.007303384534 0 0.1636075488 -0.03571685679 -0.04498240391 0 -3.33223171 0.778735961 0.1430486492 1


mesh: pSphereShape13 tranform: pSphere13 -0.05356208255 0.01406222962 -0.2119717636 0 0.05554627607 0.1992741141 -0.0008158439168 0 0.1823434699 -0.05102947276 -0.04946075821 0 -3.389753478 0.5598105102 0.1419607152 1


mesh: pSphereShape14 tranform: pSphere14 -0.04872330559 0.01230167914 -0.2157863631 0 0.05117650092 0.2361553386 0.001907529757 0 0.1819317695 -0.03907606916 -0.04330680739 0 -3.423983105 0.3704531633 0.1397986427 1


mesh: pSphereShape15 tranform: pSphere15 -0.02521084211 0.02152101347 -0.1480962905 0 0.0798018695 0.3693881977 0.04009375267 0 0.1812112806 -0.03524432524 -0.03596972323 0 -3.494246959 -0.2093581149 0.2965452615 1


mesh: pSphereShape16 tranform: pSphere16 -0.01386369582 0.01811241041 -0.09758585087 0 0.2189204655 0.2883585501 0.02241945569 0 0.06535406125 -0.04819909423 -0.01823062038 0 -3.734082654 -0.8584528084 0.2660315705 1


mesh: pSphereShape17 tranform: pSphere17 -0.008283367745 0.00249298549 -0.112038002 0 0.03982612231 0.09610782952 -0.0008059675364 0 0.2564072634 -0.1064314386 -0.02132533287 0 -3.816003645 -1.318579393 0.2390945588 1


mesh: pSphereShape18 tranform: pSphere18 -0.0106971587 -0.002454958884 -0.1273710193 0 -0.2068440365 0.2922635434 0.01173852977 0 0.1186528295 0.0844399149 -0.01159246958 0 -3.270634089 -0.1789650586 -0.02359784686 1


mesh: pSphereShape19 tranform: pSphere19 -0.008409876525 -0.001576002085 -0.08602713552 0 -0.1307252888 0.4098727255 0.00527070051 0 0.09546505119 0.03057494863 -0.009892639928 0 -2.935296239 -0.8144401548 -0.06002433468 1


mesh: pSphereShape20 tranform: pSphere20 -0.01033677141 -0.01700710618 -0.1136899722 0 -0.03557733022 0.07341774734 -0.007747989362 0 0.2347653023 0.1097786897 -0.03776703446 0 -2.601582056 -1.119563383 -0.06738159717 1


mesh: pSphereShape21 tranform: pSphere21 -0.05806714936 0.01466081645 -0.257168491 0 -0.06532577756 0.1282751775 0.02206296927 0 0.2293491439 0.1244853661 -0.04468896576 0 -3.509500019 0.2112886622 0.1457802005 1


mesh: pSphereShape22 tranform: pSphere22 -0.00403250843 0.0003077734893 -0.009145717645 0 0.002730779718 0.009579430164 -0.0008816801371 0 0.008733940571 -0.002853032284 -0.003946959449 0 -3.284232063 1.145265768 0.403716407 1


mesh: pSphereShape23 tranform: pSphere23 -0.002239211011 -0.001590224038 -0.009615462628 0 -0.0002453663562 0.009872058092 -0.001575520349 0 0.009742983599 -0.0001168611484 -0.002249580866 0 -3.531533875 1.13478851 0.1579681755 1


mesh: pSphereShape24 tranform: pSphere24 -0.003224557812 0.0001866589563 -0.00946400472 0 0.002687494755 0.009604683272 -0.0007262445716 0 0.009076320777 -0.002777628066 -0.003147250145 0 -3.489778322 1.159916746 -0.1175456491 1


