mesh: pSphereShape1 tranform: pSphere1 -0.03055011156 0.1397337502 -0.03315576245 0 0.07302040166 0.02441969618 0.03563405634 0 0.07055357718 -0.01623911897 -0.1334480742 0 1.548369634 -0.07156980746 1.876475434 1


mesh: pSphereShape2 tranform: pSphere2 -0.03248815573 0.2533720087 -0.04731471404 0 0.1191612398 0.02816467993 0.06900205736 0 0.06813797072 -0.01229919214 -0.1126488478 0 1.4618175 0.2603352648 1.793927226 1


mesh: pSphereShape3 tranform: pSphere3 -0.00830423283 0.2792734628 -0.09041996928 0 0.1102553832 0.02633897051 0.07122529654 0 0.07554083691 -0.03180582717 -0.1051740259 0 1.408508041 0.7174102871 1.687685517 1


mesh: pSphereShape4 tranform: pSphere4 -0.04349746046 0.01177092831 -0.1750365709 0 0.02059022292 0.1471867756 0.004781301259 0 0.1655977982 -0.02178139009 -0.04261664189 0 1.38503699 1.003466892 1.481608576 1


mesh: pSphereShape5 tranform: pSphere5 -0.0283789265 0.01205647679 -0.1842266735 0 0.01654088746 0.1373983027 0.006443837883 0 0.1733364433 -0.01955506577 -0.02798111307 0 1.338530374 1.042120889 1.192259268 1


mesh: pSphereShape6 tranform: pSphere6 0.03498204389 -0.2376473854 -0.1153643715 0 0.02836018111 0.0483384839 -0.09097624403 0 0.1002191142 -0.0003287702319 0.03106679118 0 1.362046472 0.7660656967 1.007773059 1


mesh: pSphereShape7 tranform: pSphere7 0.1218613836 -0.1853607655 -0.1183013384 0 0.02331932821 0.06299399363 -0.07468122848 0 0.107225916 0.03193352226 0.06041754424 0 1.551319153 0.3777214787 0.8280745246 1


mesh: pSphereShape8 tranform: pSphere8 0.009232762955 -0.1882784073 -0.01752299157 0 0.01694301316 0.004590032122 -0.04039111189 0 0.1060509626 0.001049155943 0.04460482591 0 1.691973173 0.08094510178 0.7072947495 1


mesh: pSphereShape10 tranform: pSphere10 -0.03678046439 0.009568769914 -0.1795056556 0 0.00495063016 0.1545416396 0.007223654938 0 0.2185592704 -0.004895946175 -0.0450434813 0 1.412695685 1.449772897 1.36003961 1


mesh: pSphereShape11 tranform: pSphere11 -0.01378805399 0.006212043399 -0.07644067779 0 0.03494416955 0.1675921355 0.007316490888 0 0.08822489857 -0.01763821667 -0.01734703394 0 1.374854959 1.264063909 1.357583011 1


mesh: pSphereShape12 tranform: pSphere12 -0.04944048876 0.02011586385 -0.3119015881 0 0.01200213887 0.1651149692 0.008746472386 0 0.1708068542 -0.01094426588 -0.02778096699 0 1.398454706 0.8280107729 1.355582758 1


mesh: pSphereShape13 tranform: pSphere13 -0.03490274474 0.02059499354 -0.21530517 0 0.01802598412 0.2054057809 0.01672590774 0 0.1924491687 -0.01423766382 -0.03255950058 0 1.376241457 0.6059310262 1.332992015 1


mesh: pSphereShape14 tranform: pSphere14 -0.03196809714 0.01640743432 -0.21862727 0 0.01885502511 0.2404222137 0.01528607299 0 0.1884660313 -0.01296637861 -0.02853095774 0 1.371580778 0.4117333209 1.318219074 1


mesh: pSphereShape15 tranform: pSphere15 -0.0146771865 0.007857291035 -0.1508446056 0 0.001793151069 0.3795211946 0.01959427091 0 0.1871947184 5.5769688e-05 -0.01821114905 0 1.380303065 -0.1823485498 1.487125282 1


mesh: pSphereShape16 tranform: pSphere16 -0.008611298073 0.008052807662 -0.09952013664 0 0.1186267389 0.3423493824 0.01743710951 0 0.07832444276 -0.02668486261 -0.008936514952 0 1.307302757 -0.8801478821 1.485847573 1


mesh: pSphereShape17 tranform: pSphere17 0.02045564733 -0.00524862099 -0.1103692055 0 0.006806552811 0.1037481084 -0.003672238591 0 0.2731780244 -0.01610305723 0.05139614935 0 1.368339797 -1.338801553 1.518453376 1


mesh: pSphereShape18 tranform: pSphere18 -0.001211195038 0.005010163236 -0.1277390459 0 -0.1708156335 0.3145908574 0.01395847748 0 0.1284085858 0.06965572438 0.001514483735 0 1.508821351 -0.1612411704 1.138102758 1


mesh: pSphereShape19 tranform: pSphere19 -0.003387012013 -0.001041273271 -0.08637894276 0 0.237082993 0.3587738145 -0.01362119622 0 0.08396331779 -0.05558374668 -0.002622246685 0 1.526030312 -0.7818429478 1.114147713 1


mesh: pSphereShape20 tranform: pSphere20 -0.03267027617 0.01905592608 -0.1090459766 0 0.03782409059 0.07268703188 0.001370020484 0 0.220192633 -0.1129659616 -0.08571086654 0 1.491020589 -1.237726983 1.086414646 1


mesh: pSphereShape21 tranform: pSphere21 -0.03809873424 0.01955394709 -0.2605542089 0 -0.08346231966 0.1174773881 0.02102040642 0 0.2135721007 0.1552364904 -0.01957880708 0 1.307880886 0.2427146896 1.310650323 1


mesh: pSphereShape22 tranform: pSphere22 -0.002406578705 0.0006512487192 -0.009684227075 0 0.001384711069 0.009898443458 0.0003215468235 0 0.00960681811 -0.001263602868 -0.002472317455 0 1.348703482 1.171296457 1.648444574 1


mesh: pSphereShape23 tranform: pSphere23 -0.001769463008 0.0007972104696 -0.009809865245 0 0.001096078527 0.009921103053 0.0006085442223 0 0.009780982186 -0.0009675586158 -0.001842883013 0 1.191652194 1.196676257 1.409922542 1


mesh: pSphereShape24 tranform: pSphere24 -0.001519302667 0.0006454591345 -0.009862814097 0 0.001193940407 0.009917568566 0.000465123679 0 0.009811535339 -0.001106894864 -0.001583842811 0 1.233811205 1.207250399 1.100145769 1


