mesh: pSphereShape1 tranform: pSphere1 -0.04010192024 0.1385970879 -0.02721797297 0 0.08160745627 0.02296895057 -0.003276733444 0 0.002084365381 -0.02867260907 -0.1490752885 0 3.652263044 -0.06920806739 1.32692574 1


mesh: pSphereShape2 tranform: pSphere2 -0.04755732154 0.2507366968 -0.04858957974 0 0.1380163637 0.02650568692 0.001692951399 0 0.006201091318 -0.02399356652 -0.1298832989 0 3.542124182 0.2603087242 1.265767424 1


mesh: pSphereShape3 tranform: pSphere3 -0.04550647727 0.2720975072 -0.100650411 0 0.1312796151 0.02495710286 0.008114151232 0 0.0160076277 -0.04356208412 -0.1250028203 0 3.451855255 0.7107969756 1.15683093 1


mesh: pSphereShape4 tranform: pSphere4 -0.135503775 0.01636552653 -0.118487474 0 0.02362969066 0.1466512909 -0.006767691697 0 0.1107364381 -0.02383892458 -0.1299322318 0 3.325402603 0.9955504181 0.9767359316 1


mesh: pSphereShape5 tranform: pSphere5 -0.1238749922 0.01688956252 -0.1387801077 0 0.02258789054 0.1366408603 -0.003532713868 0 0.1290518585 -0.0243882641 -0.118159622 0 3.128146758 1.04140411 0.7624084182 1


mesh: pSphereShape6 tranform: pSphere6 -0.05928657061 -0.2321623005 -0.1165964414 0 -0.02529884573 0.0516792429 -0.09003782613 0 0.0992322797 -0.008800708691 -0.03293367049 0 3.020557705 0.7722315242 0.5938838058 1


mesh: pSphereShape7 tranform: pSphere7 0.008802249382 -0.1880469128 -0.1666280165 0 -0.01836216049 0.06500974116 -0.07433629534 0 0.1249292518 0.01870063547 -0.01450499375 0 3.030952462 0.3810409618 0.3357622092 1


mesh: pSphereShape8 tranform: pSphere8 -0.02937944898 -0.1859207032 -0.02028294663 0 -0.007583714346 0.005887429114 -0.04298140836 0 0.1119204231 -0.01530280746 -0.02184355396 0 3.039873757 0.0804397028 0.1567039083 1


mesh: pSphereShape10 tranform: pSphere10 -0.154566145 0.01804137438 -0.09721347616 0 0.01703116937 0.1538427151 0.001471934041 0 0.1177439728 -0.01122375113 -0.1892919027 0 3.297559222 1.442115938 0.8570658066 1


mesh: pSphereShape11 tranform: pSphere11 -0.06043721169 0.0116177387 -0.04779381474 0 0.04462511502 0.1646236514 -0.01641348283 0 0.052684604 -0.02144350251 -0.07183430728 0 3.263460828 1.258153881 0.8830833058 1


mesh: pSphereShape12 tranform: pSphere12 -0.2124978266 0.0281615283 -0.2327728776 0 0.01907963798 0.1646608807 0.002503386377 0 0.1269231842 -0.01292154401 -0.1174311694 0 3.260843534 0.8228266622 0.8646753663 1


mesh: pSphereShape13 tranform: pSphere13 -0.1482520424 0.02160583971 -0.1598536555 0 0.02966766375 0.2047340516 0.0001573899343 0 0.1413308795 -0.02037713725 -0.1338277604 0 3.223838946 0.6006054321 0.8585296875 1


mesh: pSphereShape14 tranform: pSphere14 -0.1496740321 0.01748175459 -0.1624226545 0 0.03017091438 0.239745152 -0.001998714372 0 0.1388332243 -0.01855480575 -0.1299332232 0 3.206397993 0.4067407809 0.8518876175 1


mesh: pSphereShape15 tranform: pSphere15 -0.09837117993 0.01123946354 -0.1150132048 0 -0.001819034584 0.3780711079 0.03850216173 0 0.1432132897 0.01303360931 -0.1212171206 0 3.324146604 -0.1882222582 0.9549980476 1


mesh: pSphereShape16 tranform: pSphere16 -0.06397430777 0.01074823061 -0.07638732386 0 0.1022533986 0.3460619232 -0.03694378721 0 0.05961185119 -0.02329355874 -0.05320243269 0 3.283258472 -0.8865877793 0.9566259209 1


mesh: pSphereShape17 tranform: pSphere17 -0.06233929926 0.003537795277 -0.09342718462 0 0.009686509285 0.1035528549 -0.002542101649 0 0.230207083 -0.02532834561 -0.1545648068 0 3.338210537 -1.356252882 0.8981287404 1


mesh: pSphereShape18 tranform: pSphere18 -0.07709762051 0.00630539124 -0.1017842401 0 -0.1156926454 0.3215401671 0.1075516623 0 0.1065594659 0.06401267954 -0.07674917325 0 3.196038738 -0.1667911707 0.6205415446 1


mesh: pSphereShape19 tranform: pSphere19 -0.05418763144 0.0002317421532 -0.06736115162 0 0.181671864 0.3620947546 -0.144897395 0 0.06596228486 -0.05440345278 -0.05324949868 0 3.181418806 -0.7978341815 0.5915316709 1


mesh: pSphereShape20 tranform: pSphere20 -0.08694115194 0.02517616114 -0.07161631994 0 0.03336379683 0.07339378389 -0.01470214053 0 0.1352900748 -0.10155274 -0.1999402246 0 3.142550612 -1.249741676 0.5817689161 1


mesh: pSphereShape21 tranform: pSphere21 -0.1783775602 0.02083429362 -0.1935710319 0 -0.05395629559 0.1198976956 0.06262598302 0 0.168773483 0.1488206807 -0.1395086243 0 3.145417499 0.2396981099 0.8844511774 1


mesh: pSphereShape22 tranform: pSphere22 -0.007497000879 0.0009054534963 -0.006555542067 0 0.001589118017 0.009862431624 -0.0004551333726 0 0.006424148329 -0.00138296653 -0.007537753102 0 3.395687815 1.160335637 1.135565896 1


mesh: pSphereShape23 tranform: pSphere23 -0.007756091647 0.00149093983 -0.006133525967 0 0.002034487109 0.009788949892 -0.0001931895609 0 0.005975274434 -0.001397697545 -0.007895729036 0 3.156330027 1.198029408 1.043557024 1


mesh: pSphereShape24 tranform: pSphere24 -0.006631808502 0.0009042046529 -0.007429773209 0 0.001630420092 0.009862895502 -0.0002549953772 0 0.007304850876 -0.001380473203 -0.006688306768 0 2.996492585 1.211679987 0.742607912 1


