mesh: pSphereShape1 tranform: pSphere1 -0.01554837867 0.1332145316 0.05975174741 0 -0.08142968562 -0.01699092061 0.01669136028 0 0.0394730248 -0.05613689338 0.1354268594 0 4.396920152 -0.08090930453 -0.7982084242 1


mesh: pSphereShape2 tranform: pSphere2 -0.03961031345 0.2378673562 0.09665237261 0 -0.1383092996 -0.02466428769 0.004018051334 0 0.01209384448 -0.04783313988 0.1226765901 0 4.384148668 0.2467761572 -0.6693821545 1


mesh: pSphereShape3 tranform: pSphere3 -0.01269977077 0.2634928946 0.1290294868 0 -0.1335779509 -0.008192918994 0.003583417996 0 0.006787727038 -0.05830159875 0.1197265833 0 4.347135231 0.6865422581 -0.4941008911 1


mesh: pSphereShape4 tranform: pSphere4 0.1508397762 0.02407524664 0.09662364824 0 -0.02317052157 0.1468799195 -0.0004257135755 0 -0.09108957022 -0.01394728938 0.1456756713 0 4.438697694 0.9712109346 -0.3090448764 1


mesh: pSphereShape5 tranform: pSphere5 0.1411916888 0.02583577124 0.1195307879 0 -0.02287925487 0.1366151229 -0.002503090933 0 -0.1119232094 -0.01625736267 0.1357194136 0 4.662880072 1.030871474 -0.1271855067 1


mesh: pSphereShape6 tranform: pSphere6 0.0978969888 -0.2114304452 0.1293147625 0 0.02735969862 0.06281723507 0.08199407141 0 -0.09381625288 -0.01654163294 0.04397737529 0 4.814517409 0.7846876141 0.04894937635 1


mesh: pSphereShape7 tranform: pSphere7 0.02208747294 -0.1673872808 0.1862730755 0 0.01766100436 0.0745802363 0.06492455211 0 -0.1246708408 0.009344083218 0.02317964897 0 4.868827228 0.4255115269 0.3430908891 1


mesh: pSphereShape8 tranform: pSphere8 0.03661888571 -0.1823628871 0.03526885922 0 0.01349457171 0.01055622278 0.04057140254 0 -0.1072352066 -0.01393379141 0.03929322852 0 4.89891293 0.147747865 0.5536025302 1


mesh: pSphereShape10 tranform: pSphere10 0.1422780385 0.02560328867 0.11299591 0 -0.01354423155 0.153181829 -0.01765472652 0 -0.1395824248 0.007713070071 0.1740065959 0 4.490026223 1.426580069 -0.2467014703 1


mesh: pSphereShape11 tranform: pSphere11 0.06028782583 0.01080609529 0.0481713971 0 -0.03109422342 0.1685041692 0.001115413303 0 -0.05561980463 -0.01074030178 0.0720190409 0 4.529869248 1.240679057 -0.2503073262 1


mesh: pSphereShape12 tranform: pSphere12 0.2454517222 0.04290381087 0.1950495465 0 -0.02074941432 0.164173527 -0.01000099979 0 -0.1072627342 -0.005263475121 0.1361379529 0 4.520515342 0.8060877613 -0.1960766908 1


mesh: pSphereShape13 tranform: pSphere13 0.1711791103 0.03046390646 0.133297915 0 -0.03246837439 0.2042478813 -0.004983430614 0 -0.1182157003 -0.0150045343 0.155239901 0 4.560854157 0.5838887456 -0.1833061909 1


mesh: pSphereShape14 tranform: pSphere14 0.1733904637 0.02826914082 0.1350024041 0 -0.03204269306 0.2393427156 -0.008963659051 0 -0.116209353 -0.009890579036 0.1513246517 0 4.581619456 0.3916138801 -0.1682465063 1


mesh: pSphereShape15 tranform: pSphere15 0.1202811247 0.03192165745 0.08686029399 0 -0.05574743598 0.3712243557 -0.05922996784 0 -0.1113181768 0.007441811292 0.1514146447 0 4.50375042 -0.2120279813 -0.2080717953 1


mesh: pSphereShape16 tranform: pSphere16 0.07844309355 0.02368729681 0.05769621138 0 -0.124397926 0.3394380367 0.0297729883 0 -0.04322257761 -0.0217789926 0.06770632018 0 4.623902238 -0.903406282 -0.1703187906 1


mesh: pSphereShape17 tranform: pSphere17 0.08751174132 0.01438986074 0.0690070293 0 -0.01312322016 0.1030907131 -0.004854942463 0 -0.1710977301 -0.01144955066 0.2193663151 0 4.636401223 -1.35712911 -0.04987922481 1


mesh: pSphereShape18 tranform: pSphere18 0.1034400554 0.04023997137 0.06344077731 0 0.006442995975 0.2976285347 -0.1992886612 0 -0.08581043345 0.06706061679 0.09737772695 0 4.730719292 -0.1419631284 0.1522708615 1


mesh: pSphereShape19 tranform: pSphere19 0.07203033388 0.02346229415 0.04165368659 0 -0.1872203393 0.3697652874 0.1154760119 0 -0.03437305688 -0.04364401657 0.08402357161 0 4.876759853 -0.7469743571 0.3017206921 1


mesh: pSphereShape20 tranform: pSphere20 0.1046737905 0.04847551559 -0.003875853809 0 -0.0326566571 0.07218955631 0.02093213069 0 0.03584325697 -0.05716330249 0.2530614047 0 5.05165839 -1.174697244 0.4020442049 1


mesh: pSphereShape21 tranform: pSphere21 0.2066421773 0.03369041575 0.1608923012 0 0.04202580513 0.1154740252 -0.0781558328 0 -0.1460428778 0.157746805 0.1545385492 0 4.638439497 0.2227838834 -0.1990714157 1


mesh: pSphereShape22 tranform: pSphere22 0.008345493956 0.001332008243 0.005345884836 0 -0.001558238481 0.009877807104 -2.862962204e-05 0 -0.00528437541 -0.0008091235128 0.008451076598 0 4.34579017 1.124612654 -0.4676552205 1


mesh: pSphereShape23 tranform: pSphere23 0.007736920503 0.001386779156 0.006181982263 0 -0.001217495286 0.009901081798 -0.000697340988 0 -0.006217537001 -0.0002131262472 0.007829227985 0 4.634621044 1.158271973 -0.4022280584 1


mesh: pSphereShape24 tranform: pSphere24 0.007558880331 0.001383151549 0.006399235887 0 -0.001651451106 0.009861037746 -0.0001806760016 0 -0.006335300892 -0.0009202316907 0.007682261141 0 4.794791304 1.201845207 -0.1364680255 1


