mesh: pSphereShape1 tranform: pSphere1 0.05687479037 0.1290409711 0.04088790554 0 -0.03809095709 0.03763981697 -0.06580584897 0 -0.1222503531 0.02663290087 0.08599677017 0 2.282664066 0.1005418618 -0.5935196701 1


mesh: pSphereShape2 tranform: pSphere2 0.06509536176 0.2416949322 0.06955351055 0 -0.1131289695 0.04973509593 -0.06694916483 0 -0.07112458286 -0.01271240794 0.1107407084 0 2.415582818 0.4093569323 -0.485861513 1


mesh: pSphereShape3 tranform: pSphere3 -0.01757595876 0.2694551042 0.1154271658 0 -0.1068021291 0.02579972915 -0.07648995334 0 -0.08000314747 -0.04637084158 0.09606688214 0 2.474142479 0.8457942261 -0.3391880727 1


mesh: pSphereShape4 tranform: pSphere4 -0.004662279038 -0.00772623344 0.1805185682 0 -0.03802878121 0.1436589174 0.005166457677 0 -0.1665833961 -0.04387499033 -0.00618023234 0 2.431695147 1.106153112 -0.1085872092 1


mesh: pSphereShape5 tranform: pSphere5 -0.02631615478 -0.01028222724 0.1846399879 0 -0.0356103019 0.1338643468 0.0023792106 0 -0.1689061294 -0.0444601675 -0.02654955433 0 2.390978436 1.109115053 0.1835280116 1


mesh: pSphereShape6 tranform: pSphere6 -0.04084755901 -0.2451572353 0.09611643096 0 -0.07003331507 0.03930327595 0.07048526908 0 -0.07759663085 -0.01419520336 -0.0691836942 0 2.348679282 0.8174943742 0.3427038988 1


mesh: pSphereShape7 tranform: pSphere7 -0.1988598196 -0.1537218874 0.005326383422 0 -0.04870001938 0.06504596595 0.05904786714 0 -0.0474487977 0.05781851988 -0.102825371 0 2.103604595 0.4521293353 0.3836868129 1


mesh: pSphereShape8 tranform: pSphere8 -0.09078100903 -0.1660723688 -0.004453596388 0 -0.03419934957 0.0181312564 0.02100566686 0 -0.04702425973 0.02841601001 -0.1010878195 0 1.848679185 0.2167979037 0.366058783 1


mesh: pSphereShape10 tranform: pSphere10 -0.008516221591 -0.01085960178 0.1829649894 0 -0.007748254484 0.1543448362 0.008800249768 0 -0.2226856045 -0.01055233242 -0.01099136008 0 2.35957799 1.536416932 0.05224498469 1


mesh: pSphereShape11 tranform: pSphere11 -0.005434756239 -0.003095822799 0.07767082105 0 -0.0359142375 0.1674950334 0.004163079679 0 -0.08936445306 -0.018987273 -0.0070097785 0 2.4018874 1.351707246 0.04413325586 1


mesh: pSphereShape12 tranform: pSphere12 -0.03287611304 -0.01705306345 0.3142609819 0 -0.03027800894 0.162894377 0.005671798295 0 -0.1695260381 -0.03083490391 -0.01940803064 0 2.40907996 0.914963939 -0.009481293838 1


mesh: pSphereShape13 tranform: pSphere13 -0.02425408864 -0.01740444998 0.217042613 0 -0.04770448056 0.2010077957 0.01078774989 0 -0.1891917617 -0.04357803398 -0.02463629329 0 2.457537101 0.6941120687 -0.011044404 1


mesh: pSphereShape14 tranform: pSphere14 -0.02441639363 -0.01240227143 0.2198614785 0 -0.04960654963 0.2363683256 0.007824431552 0 -0.1857956186 -0.03823845111 -0.02279027069 0 2.488368894 0.5028172178 -0.0200257536 1


mesh: pSphereShape15 tranform: pSphere15 0.001147325156 -0.004672207756 0.1516842311 0 0.1433168299 0.3518361089 0.009753290647 0 -0.1741858684 0.07085580171 0.00350003986 0 2.378830867 -0.04236017152 -0.2152752525 1


mesh: pSphereShape16 tranform: pSphere16 0.0001930363171 0.003617165777 0.1001505797 0 -0.06110389946 0.3573265161 -0.01278788378 0 -0.08203709841 -0.01400482754 0.0006639394643 0 2.253768737 -0.7099958214 -0.2514374049 1


mesh: pSphereShape17 tranform: pSphere17 -0.02486426447 0.003008596593 0.1095447842 0 -0.01879416956 0.1020798057 -0.007069438892 0 -0.2668357662 -0.05322100667 -0.05910417888 0 2.139962075 -1.210005193 -0.2891946728 1


mesh: pSphereShape18 tranform: pSphere18 -0.0008228227479 -0.01650649476 0.1267702298 0 0.009867340474 0.3551042642 0.04630145227 0 -0.1460339094 0.004111651695 -0.0004124869501 0 2.50131322 -0.1107066566 0.1000760176 1


mesh: pSphereShape19 tranform: pSphere19 0.0007385748079 -0.0112001723 0.08571982559 0 -0.172249389 0.3907458593 0.05253907108 0 -0.09229996004 -0.04009046394 -0.004442959093 0 2.614053139 -0.8078790484 0.02684988261 1


mesh: pSphereShape20 tranform: pSphere20 0.02171289551 0.01179978255 0.1127422528 0 -0.03657502083 0.07333357172 -0.000631268155 0 -0.2291335811 -0.1137976754 0.05603880683 0 2.583264864 -1.287894156 -0.005950822911 1


mesh: pSphereShape21 tranform: pSphere21 -0.02909881336 -0.01478069968 0.2620251059 0 0.06794128554 0.127963955 0.01476349972 0 -0.2323522698 0.1255253853 -0.01872271855 0 2.572406147 0.342817499 -0.01554354877 1


mesh: pSphereShape22 tranform: pSphere22 -0.0002579493454 -0.000427468378 0.00998752887 0 -0.002557469847 0.009661191811 0.0003474489401 0 -0.009663995556 -0.002545317971 -0.0003585335591 0 2.486871795 1.297818424 -0.2410299619 1


mesh: pSphereShape23 tranform: pSphere23 -0.0006974588385 -0.0003972963788 0.009967733281 0 -0.001140364982 0.009929739111 0.0003159887677 0 -0.00991025322 -0.001114646482 -0.0007378647185 0 2.59381239 1.289831504 0.03071810962 1


mesh: pSphereShape24 tranform: pSphere24 -0.001408869505 -0.0005504723819 0.00988494142 0 -0.00257039282 0.009662483538 0.0001717341758 0 -0.009560761866 -0.002516623141 -0.001502810866 0 2.438415177 1.271457225 0.3181145284 1


