mesh: pSphereShape1 tranform: pSphere1 0.08491120346 0.1191464327 0.01234301129 0 -0.04684953085 0.03946872071 -0.05869776944 0 -0.09117338148 0.05369682009 0.108875942 0 -3.853770728 0.1795167882 -0.1483023987 1


mesh: pSphereShape2 tranform: pSphere2 0.1213140094 0.2286602126 0.02211233798 0 -0.1135377799 0.06518132537 -0.05113219669 0 -0.04755953039 0.0133715934 0.1226503471 0 -3.648414541 0.4640552252 -0.1100494276 1


mesh: pSphereShape3 tranform: pSphere3 0.05853313045 0.2770497307 0.07781849053 0 -0.1136538367 0.04033859176 -0.0581260457 0 -0.06526424586 -0.01845734017 0.1148020436 0 -3.479895698 0.8910242428 -0.03901215417 1


mesh: pSphereShape4 tranform: pSphere4 0.03667434339 0.009765076392 0.1767145178 0 -0.02575617666 0.14642351 -0.002745931117 0 -0.1661277331 -0.02854604197 0.03605464842 0 -3.424337796 1.172306117 0.1581775381 1


mesh: pSphereShape5 tranform: pSphere5 0.019413933 0.009695997001 0.1855243277 0 -0.02511336759 0.1361711709 -0.004488716057 0 -0.1727661582 -0.03121267763 0.01971013016 0 -3.393278367 1.206540518 0.4498088299 1


mesh: pSphereShape6 tranform: pSphere6 0.02772433251 -0.236087609 0.1204282511 0 -0.0411741262 0.04092464743 0.08970758296 0 -0.09620445136 -0.02743677122 -0.03163939925 0 -3.356902247 0.9290125195 0.6388754573 1


mesh: pSphereShape7 tranform: pSphere7 -0.04577293263 -0.2127465411 0.1258879056 0 -0.04179552152 0.05300656284 0.0743825172 0 -0.1132795667 -0.009349593798 -0.05698904655 0 -3.41635078 0.5029211928 0.8306083626 1


mesh: pSphereShape8 tranform: pSphere8 0.0682055384 -0.1698229476 0.0484688438 0 -0.02946357966 -0.002518708274 0.03263632319 0 -0.07479694931 -0.05042348631 -0.07141698877 0 -3.440586135 0.1785409963 0.9593873175 1


mesh: pSphereShape10 tranform: pSphere10 0.0068815529 -0.003290974218 0.1833260975 0 0.01417694723 0.1541227731 0.002234568159 0 -0.2221104226 0.0203046096 0.008701906552 0 -3.409183597 1.620444667 0.302186928 1


mesh: pSphereShape11 tranform: pSphere11 0.005173833153 -0.0006527975229 0.07774755587 0 -0.01451936204 0.170719594 0.002399639226 0 -0.09109537056 -0.007831764672 0.005996326013 0 -3.393310293 1.431085109 0.3004340594 1


mesh: pSphereShape12 tranform: pSphere12 0.03543828024 0.01583949491 0.3140459349 0 -0.01637769335 0.164843763 -0.006466075285 0 -0.1714526213 -0.01624325355 0.02016670261 0 -3.437108376 0.9943320483 0.2802509723 1


mesh: pSphereShape13 tranform: pSphere13 0.02698680282 0.01640668384 0.2167976124 0 -0.03276540751 0.2039453575 -0.01135544522 0 -0.1917227799 -0.02934928404 0.0260865847 0 -3.404394565 0.7709226944 0.2992317181 1


mesh: pSphereShape14 tranform: pSphere14 0.02864815198 0.02025725686 0.2187646527 0 -0.03708821669 0.2381612097 -0.01719648893 0 -0.1871669174 -0.02719540724 0.02702854677 0 -3.385138522 0.5777072057 0.3136830214 1


mesh: pSphereShape15 tranform: pSphere15 0.02791390316 0.01879869501 0.1479820088 0 0.00100258813 0.3769761404 -0.04807777441 0 -0.1848689267 0.004860323959 0.03425447196 0 -3.401363116 -0.02448722491 0.191604227 1


mesh: pSphereShape16 tranform: pSphere16 0.0163840875 0.01706461274 0.09738388179 0 -0.1584552749 0.3248922604 -0.03027210935 0 -0.07361911704 -0.03419291113 0.01837748515 0 -3.30021669 -0.7064469264 0.2370901661 1


mesh: pSphereShape17 tranform: pSphere17 0.003304944846 0.01214233401 0.1116646055 0 -0.06081149312 0.08409225975 -0.007344293844 0 -0.2257687265 -0.1611511058 0.02420555493 0 -3.253428158 -1.239182859 0.2795941516 1


mesh: pSphereShape18 tranform: pSphere18 0.01556595037 0.007387985508 0.1266765623 0 0.1627425414 0.31681975 -0.03847516821 0 -0.1289266817 0.06767111879 0.01189575291 0 -3.51103888 0.01938853914 0.5356477628 1


mesh: pSphereShape19 tranform: pSphere19 0.0124709417 0.001609509256 0.08553223337 0 -0.1706438801 0.39457382 0.01745563755 0 -0.09131847292 -0.04011551045 0.01406947521 0 -3.567586355 -0.6308322263 0.5846416362 1


mesh: pSphereShape20 tranform: pSphere20 0.04674826251 0.02440836229 0.1026661194 0 -0.02697465383 0.07714665074 -0.006058524523 0 -0.2234015321 -0.06883934686 0.1180904592 0 -3.60452371 -1.085238956 0.6391758217 1


mesh: pSphereShape21 tranform: pSphere21 0.03414211125 0.02414206395 0.2607179379 0 0.07439860372 0.123391604 -0.02116867541 0 -0.2250093365 0.1385232315 0.01663889 0 -3.3087424 0.4141264095 0.3230219524 1


mesh: pSphereShape22 tranform: pSphere22 0.002029076937 0.000540271194 0.009777062638 0 -0.001732126118 0.009847113153 -0.000184666345 0 -0.009637561201 -0.001656040333 0.002091636804 0 -3.388131476 1.344676684 -0.003990975752 1


mesh: pSphereShape23 tranform: pSphere23 0.0006639737833 -8.377549647e-05 0.009977580893 0 0.0001206556853 0.009998983821 7.592598146e-05 0 -0.009977203066 0.0001153438999 0.0006649171107 0 -3.214034139 1.345442935 0.2634306256 1


mesh: pSphereShape24 tranform: pSphere24 0.001039350103 0.0005190877851 0.0099322857 0 -0.001812711949 0.009828992773 -0.000324000722 0 -0.009779254918 -0.001766762278 0.001115672128 0 -3.303633063 1.375907556 0.5497952367 1


