mesh: pSphereShape1 tranform: pSphere1 0.02931533063 0.1406376397 0.03032821339 0 -0.05435381927 0.02435894306 -0.06041846419 0 -0.112563714 0.001495828758 0.1018679415 0 1.509364964 -0.2170930586 -0.5640386844 1


mesh: pSphereShape2 tranform: pSphere2 0.0168928198 0.2556383548 0.04307204899 0 -0.1120222818 0.02124877426 -0.08217926836 0 -0.07939160565 -0.0124457079 0.1050042542 0 1.57835791 0.1197351307 -0.4841568744 1


mesh: pSphereShape3 tranform: pSphere3 -0.03912255828 0.2795961417 0.08083205506 0 -0.1025906274 0.0103314868 -0.0853900305 0 -0.08380594924 -0.03945548744 0.09591366838 0 1.578563779 0.5791632026 -0.3878348091 1


mesh: pSphereShape4 tranform: pSphere4 0.01177545145 0.02308776066 0.1788761556 0 -0.04614062485 0.1405478569 -0.01510323489 0 -0.1634813469 -0.05179461623 0.0174472017 0 1.530506782 0.8700558593 -0.1916655455 1


mesh: pSphereShape5 tranform: pSphere5 -0.02593189265 0.01629770966 0.1842609859 0 -0.04254033263 0.1306748332 -0.0175449611 0 -0.166332661 -0.05661908114 -0.01840085326 0 1.499340329 0.9171500908 0.09590255036 1


mesh: pSphereShape6 tranform: pSphere6 -0.07957960199 -0.2281725709 0.1123090657 0 -0.0641409202 0.05469271366 0.0656676123 0 -0.07784857588 -0.007288128128 -0.06996861356 0 1.423065256 0.6547450817 0.2780679765 1


mesh: pSphereShape7 tranform: pSphere7 -0.2212726703 -0.1189492035 0.009670017867 0 -0.03857449657 0.07607033976 0.05305310368 0 -0.03547919215 0.05723107569 -0.1078575795 0 1.123130695 0.3369434809 0.337314377 1


mesh: pSphereShape8 tranform: pSphere8 -0.1071834371 -0.1554800868 -0.01336829241 0 -0.0328347444 0.02086003802 0.02064738199 0 -0.04045137458 0.03659594452 -0.1013011403 0 0.8375445032 0.1391304058 0.3199871758 1


mesh: pSphereShape10 tranform: pSphere10 0.002437030689 0.01006520382 0.1831922402 0 0.02247072464 0.1529025386 -0.008699915778 0 -0.2208219042 0.03251771852 0.001150989215 0 1.5512992 1.329265053 -0.08088534863 1


mesh: pSphereShape11 tranform: pSphere11 -9.453354588e-05 0.006156537394 0.07767860225 0 -0.002684333645 0.1707958252 -0.01353995327 0 -0.09161651746 -0.00143969542 2.609527312e-06 0 1.557123881 1.140028306 -0.06971121106 1


mesh: pSphereShape12 tranform: pSphere12 -0.01779508006 0.03233301957 0.3142761867 0 -0.04258064989 0.1591152714 -0.01878094335 0 -0.167295961 -0.04533742107 -0.004808348075 0 1.53121645 0.6971015259 -0.06279263531 1


mesh: pSphereShape13 tranform: pSphere13 -0.006206781348 0.01377799186 0.2185642111 0 -0.06717776764 0.1951447365 -0.01420937258 0 -0.1850137833 -0.06378003909 -0.001233409799 0 1.599238741 0.4824743779 -0.03262562523 1


mesh: pSphereShape14 tranform: pSphere14 0.0003681751709 0.009484380765 0.221357081 0 -0.07322388727 0.2300771291 -0.009736213862 0 -0.1820708564 -0.05782784169 0.002780553644 0 1.649025946 0.2952107437 -0.02153856246 1


mesh: pSphereShape15 tranform: pSphere15 0.03829183942 0.005182769546 0.1467587332 0 0.1756811003 0.3320331869 -0.05756389269 0 -0.1598813098 0.09126771465 0.03849263197 0 1.515047414 -0.2295781096 -0.13435454 1


mesh: pSphereShape16 tranform: pSphere16 0.02490212946 0.01207248349 0.09631925484 0 -0.07120099768 0.3547268385 -0.02605270819 0 -0.07894367096 -0.01421576963 0.02219167042 0 1.357230329 -0.8732679531 -0.08153363158 1


mesh: pSphereShape17 tranform: pSphere17 0.008008441958 0.008838658036 0.1117366817 0 -0.001382313796 0.1037105951 -0.008104700189 0 -0.2777042553 -0.00213279269 0.02007245429 0 1.233673391 -1.336118982 -0.04595309536 1


mesh: pSphereShape18 tranform: pSphere18 0.02114878908 -0.001620328626 0.1260711539 0 -0.0300821919 0.3568508068 0.009632794431 0 -0.1435562871 -0.01274730549 0.02391813449 0 1.758682526 -0.3026696598 0.1494495952 1


mesh: pSphereShape19 tranform: pSphere19 0.01888453091 -0.003395587836 0.08429544666 0 -0.3877948258 0.1612734874 0.09337327194 0 -0.03767400249 -0.09330069196 0.004681690238 0 2.083048466 -0.8255283685 0.08740656243 1


mesh: pSphereShape20 tranform: pSphere20 0.03596294193 0.02542558239 0.1066850826 0 -0.0766901453 0.0196611645 0.02116609586 0 -0.04317810498 -0.2476201396 0.07356884165 0 2.412107717 -1.194676007 0.02682788806 1


mesh: pSphereShape21 tranform: pSphere21 0.0004387814493 0.01130323462 0.2638075255 0 0.05520236266 0.1346369422 -0.00586054062 0 -0.2449964166 0.1002814524 -0.003889217717 0 1.749515482 0.1452911477 -0.01113530695 1


mesh: pSphereShape22 tranform: pSphere22 0.0006514989703 0.001277373726 0.009896659308 0 -0.003102998651 0.009451970183 -0.001015706173 0 -0.009484036507 -0.003004758895 0.001012163779 0 1.56194605 1.038520895 -0.3588547825 1


mesh: pSphereShape23 tranform: pSphere23 -1.213177817e-05 0.0007900872148 0.009968731866 0 0.0008135984066 0.009935768703 -0.000786484533 0 -0.009966840545 0.0008101002906 -7.633522409e-05 0 1.732050525 1.040125621 -0.08595614266 1


mesh: pSphereShape24 tranform: pSphere24 -0.001388297533 0.0008725190415 0.009864651057 0 -0.003070610462 0.009432260753 -0.001266415605 0 -0.009415093274 -0.00320486624 -0.001041561824 0 1.538115956 1.100142215 0.2042034687 1


