mesh: pSphereShape1 tranform: pSphere1 -0.03333101736 0.1388567016 0.0341466621 0 0.03476284259 0.02624828287 -0.07280562488 0 -0.1341354726 -0.01510844279 -0.06949327073 0 4.714993152 -0.07005867361 -0.1242854568 1


mesh: pSphereShape2 tranform: pSphere2 -0.05405182278 0.252126786 0.0316547222 0 0.05112439938 0.02704294299 -0.1280972646 0 -0.120056787 -0.01921312669 -0.05197152832 0 4.6310343 0.2607500375 -0.03455131216 1


mesh: pSphereShape3 tranform: pSphere3 -0.1033666669 0.27486985 0.0005439333077 0 0.05581409779 0.02122638156 -0.1198217884 0 -0.1117429329 -0.04190399398 -0.05947416779 0 4.51025312 0.7139121359 0.009492057473 1


mesh: pSphereShape4 tranform: pSphere4 -0.1633912905 0.007971727735 0.07686431371 0 -0.006144181833 0.1458711005 -0.02818929087 0 -0.07335358945 -0.03256979677 -0.152550638 0 4.297030393 0.9926233737 0.05086492289 1


mesh: pSphereShape5 tranform: pSphere5 -0.1781305779 0.007340365709 0.05572975488 0 -0.00217027332 0.1362696622 -0.02488547095 0 -0.05309260367 -0.0310885308 -0.1656065958 0 4.019185514 1.023688271 0.1434827727 1


mesh: pSphereShape6 tranform: pSphere6 -0.1010028307 -0.2426581749 0.04386798047 0 -0.09882414856 0.04047146584 -0.003665240813 0 -0.003264876773 -0.01733926354 -0.1034302421 0 3.851250513 0.7397967573 0.2100593287 1


mesh: pSphereShape7 tranform: pSphere7 -0.1322869739 -0.2125177045 -0.02324647661 0 -0.084590031 0.05354737389 -0.008156322297 0 0.01499559909 0.004468467397 -0.1261847509 0 3.654740007 0.3134372345 0.1756968269 1


mesh: pSphereShape8 tranform: pSphere8 -0.01204912945 -0.1802958075 0.05647387096 0 -0.04337875571 0.0005220190615 -0.007588613767 0 0.01847341592 -0.03506698313 -0.108011747 0 3.522810827 -0.01069235867 0.1659355901 1


mesh: pSphereShape10 tranform: pSphere10 -0.1367669379 -0.01020825945 0.1218902804 0 -0.02331495521 0.1524362827 -0.01339406147 0 -0.1449487705 -0.03673064389 -0.165715883 0 4.089943322 1.421755188 0.03798360323 1


mesh: pSphereShape11 tranform: pSphere11 -0.06543414745 -8.452008181e-05 0.04231125548 0 -0.03012697127 0.1622142531 -0.04626717633 0 -0.04707305144 -0.02952309086 -0.07285721608 0 4.141975349 1.244032246 0.07343444612 1


mesh: pSphereShape12 tranform: pSphere12 -0.2991786916 0.01220338631 0.1023464627 0 3.011004712e-05 0.1646257624 -0.01954130547 0 -0.05647996147 -0.0193141376 -0.1627990128 0 4.17915178 0.8128820541 0.06904438522 1


mesh: pSphereShape13 tranform: pSphere13 -0.2077208725 0.01102802361 0.06876840383 0 0.0005157010187 0.2044999274 -0.03123684778 0 -0.06221159829 -0.02786419015 -0.1834470459 0 4.172432396 0.5904466545 0.104462431 1


mesh: pSphereShape14 tranform: pSphere14 -0.2105972621 0.01591980061 0.06696565879 0 0.006709865537 0.2388996795 -0.0356922637 0 -0.0591169544 -0.02521994909 -0.1799186687 0 4.16588551 0.396898326 0.1226872982 1


mesh: pSphereShape15 tranform: pSphere15 -0.1296127969 -0.007640970199 0.07857092524 0 0.01148425142 0.37578256 0.05548934643 0 -0.09766795121 0.0263966708 -0.1585487267 0 4.310522734 -0.2007810698 0.03317362398 1


mesh: pSphereShape16 tranform: pSphere16 -0.08611855527 -0.001525727335 0.05123013134 0 -0.04515355365 0.3539326105 -0.06536298189 0 -0.0412839676 -0.01818321855 -0.06994044687 0 4.3548155 -0.8968877533 -0.01181327634 1


mesh: pSphereShape17 tranform: pSphere17 -0.09927134052 0.005620641774 0.05235410577 0 0.0008313503522 0.1035938271 -0.009545278651 0 -0.1304508334 -0.02153172067 -0.2450429977 0 4.322706676 -1.371253475 -0.1179210163 1


mesh: pSphereShape18 tranform: pSphere18 -0.1261112626 0.011764711 -0.01736011552 0 0.02848498324 0.3554910636 0.03398436066 0 0.02096103206 0.01209367323 -0.1440741362 0 3.967353978 -0.2016128806 0.1642000394 1


mesh: pSphereShape19 tranform: pSphere19 -0.0855193839 0.007434251895 -0.01024913304 0 0.05464478199 0.3901376528 -0.1729713623 0 0.007346113256 -0.04157577899 -0.09145357855 0 3.876393108 -0.8941583706 0.248119726 1


mesh: pSphereShape20 tranform: pSphere20 -0.1111281301 -0.01298885057 -0.02834305423 0 -0.005245181395 0.08016768619 -0.01617323568 0 0.06873167196 -0.04564919606 -0.2485650115 0 3.90588664 -1.319254902 0.2090560347 1


mesh: pSphereShape21 tranform: pSphere21 -0.2509842575 0.0189727981 0.07980790433 0 0.03201554562 0.1227667732 0.07149879189 0 -0.05811719627 0.1411420564 -0.2163239498 0 4.172670928 0.2321864286 0.1968911315 1


mesh: pSphereShape22 tranform: pSphere22 -0.009039930062 0.000441050811 0.004252662538 0 -0.0004132017717 0.009809963117 -0.001895755244 0 -0.004255458703 -0.001889470251 -0.008849913751 0 4.459854188 1.168056076 0.04512769906 1


mesh: pSphereShape23 tranform: pSphere23 -0.008397363649 -1.08467198e-05 0.005429932421 0 -0.001251757763 0.00973450282 -0.001916391752 0 -0.005283690591 -0.00228895985 -0.008175773758 0 4.269194175 1.204262158 0.2253472025 1


mesh: pSphereShape24 tranform: pSphere24 -0.009536451706 0.0003929760063 0.002983564766 0 -0.000156652841 0.009836101989 -0.001796262106 0 -0.003005253524 -0.001759735072 -0.009373995079 0 3.936893862 1.191604226 0.251885135 1


