mesh: pSphereShape1 tranform: pSphere1 -0.008429811179 0.14333627 0.03068854531 0 -0.05252313198 0.01098131651 -0.06571771365 0 -0.11891177 -0.02639660673 0.09062623706 0 4.648742296 -0.08186975548 -0.3931049802 1


mesh: pSphereShape2 tranform: pSphere2 -0.03745954591 0.2548634843 0.0336589367 0 -0.08502912932 0.002279094084 -0.1118873857 0 -0.1035433324 -0.02554202709 0.0781677636 0 4.633846066 0.2613900534 -0.3125816013 1


mesh: pSphereShape3 tranform: pSphere3 -0.07722389559 0.2762236706 0.0630503917 0 -0.07610567972 0.003848304893 -0.1100733838 0 -0.1039441753 -0.04510420385 0.07029099239 0 4.556635686 0.7209331597 -0.2334699314 1


mesh: pSphereShape4 tranform: pSphere4 -0.01856629737 0.01377700057 0.1792592309 0 -0.02492376749 0.1459424214 -0.01379784399 0 -0.1690116249 -0.03029830036 -0.01517634754 0 4.462450118 1.005114143 -0.05255067127 1


mesh: pSphereShape5 tranform: pSphere5 -0.04464184985 0.01188956171 0.1809860019 0 -0.02125583391 0.1361628066 -0.01418792509 0 -0.1693913546 -0.03058723997 -0.03977254851 0 4.397749653 1.044157574 0.2324981561 1


mesh: pSphereShape6 tranform: pSphere6 -0.05449752111 -0.2434661916 0.09361193908 0 -0.06137508861 0.04302042303 0.07615725558 0 -0.08316562801 -0.00587772863 -0.06370286559 0 4.329484672 0.7623975526 0.3954986343 1


mesh: pSphereShape7 tranform: pSphere7 -0.1388039065 -0.1982264564 0.06814517158 0 -0.05243648773 0.05829877028 0.06277729148 0 -0.08266245544 0.02588316836 -0.09308279441 0 4.121544909 0.3549978165 0.4957689041 1


mesh: pSphereShape8 tranform: pSphere8 0.002039115669 -0.1889006415 0.01238739112 0 -0.03183037724 0.001649404576 0.03039214633 0 -0.07950543154 -0.006296215216 -0.08292612322 0 3.97359473 0.04375722628 0.5555817607 1


mesh: pSphereShape10 tranform: pSphere10 -0.005204682924 0.01200433682 0.1830176262 0 -0.01838115873 0.1533297399 -0.01057980035 0 -0.2215364679 -0.02687087218 -0.004537596124 0 4.361244292 1.445796345 0.05206213176 1


mesh: pSphereShape11 tranform: pSphere11 -0.007021030312 0.007228242367 0.07726794149 0 -0.03994090132 0.1655328078 -0.01911449308 0 -0.08872061452 -0.02209930644 -0.00599434865 0 4.418699322 1.265857067 0.06495759734 1


mesh: pSphereShape12 tranform: pSphere12 -0.06225624738 0.02111608082 0.309531713 0 -0.02061007351 0.163780581 -0.01531833289 0 -0.1686358311 -0.0242387181 -0.03226424585 0 4.419747719 0.8279165229 0.06435365087 1


mesh: pSphereShape13 tranform: pSphere13 -0.0424799642 0.01250389012 0.2145641557 0 -0.02767655268 0.204274427 -0.0173837235 0 -0.1901949207 -0.02883044215 -0.03597516423 0 4.450028739 0.6075317349 0.09298431423 1


mesh: pSphereShape14 tranform: pSphere14 -0.04307962418 0.00944437266 0.2171266822 0 -0.02849644317 0.2394196941 -0.01606796935 0 -0.18604836 -0.02454970378 -0.03584560313 0 4.463218116 0.414107551 0.1050832924 1


mesh: pSphereShape15 tranform: pSphere15 -0.07529446072 0.001468873305 0.1317567397 0 0.01601497309 0.3796614388 0.004919400797 0 -0.1631052688 0.008089056679 -0.09329925044 0 4.514749832 -0.1834271758 -0.08280512886 1


mesh: pSphereShape16 tranform: pSphere16 -0.04973725465 0.001055026145 0.08699627683 0 -0.02970784467 0.3608886314 -0.02136107021 0 -0.07193099894 -0.008349413694 -0.04102292296 0 4.518321463 -0.8948185652 -0.1154727268 1


mesh: pSphereShape17 tranform: pSphere17 -0.09757309799 -0.01497693895 0.05368915069 0 -0.006767559809 0.1025277609 0.01630162198 0 -0.1369186767 0.02922955031 -0.2406782396 0 4.462839947 -1.339352016 -0.2847982872 1


mesh: pSphereShape18 tranform: pSphere18 0.01311307474 0.005936496316 0.1270300668 0 0.01629365897 0.3574027914 -0.01838446898 0 -0.145169832 0.007371282859 0.0146411264 0 4.45997577 -0.1952292315 0.3109210515 1


mesh: pSphereShape19 tranform: pSphere19 0.01000751866 0.004238519713 0.08576574126 0 -0.1438666926 0.4054680474 -0.00325113148 0 -0.09421168932 -0.03332649733 0.01264001498 0 4.546033926 -0.9027604611 0.3533531587 1


mesh: pSphereShape20 tranform: pSphere20 0.04612973549 0.02231184355 0.1034201596 0 -0.006480261578 0.0804050423 -0.01445609809 0 -0.239179269 -9.230714465e-05 0.1067039153 0 4.465225684 -1.315031094 0.4206876963 1


mesh: pSphereShape21 tranform: pSphere21 -0.05134115885 0.01125555401 0.258765848 0 0.07782308307 0.1226793361 0.01010451494 0 -0.2177803771 0.1422200205 -0.04939547532 0 4.53180597 0.2487247197 0.1301129824 1


mesh: pSphereShape22 tranform: pSphere22 -0.001027215277 0.000762238435 0.009917853666 0 -0.001676145851 0.009814759512 -0.0009279174572 0 -0.009804864296 -0.001757694026 -0.0008804248119 0 4.544584061 1.174786266 -0.2001532553 1


mesh: pSphereShape23 tranform: pSphere23 -0.0009010302268 0.0009276223816 0.009916030519 0 -0.001381063707 0.009848697416 -0.001046815283 0 -0.009863103344 -0.001463788208 -0.0007592868462 0 4.612275249 1.207805972 0.0634723139 1


mesh: pSphereShape24 tranform: pSphere24 -0.002389959378 0.0006365231193 0.009689320538 0 -0.001534270702 0.009828389026 -0.00102410086 0 -0.009588227552 -0.001731360007 -0.002251285175 0 4.449187967 1.214517843 0.3551775538 1


