mesh: pSphereShape1 tranform: pSphere1 -0.03222465506 0.1399271968 0.03066082258 0 -0.02072043263 0.01302822113 -0.08123432598 0 -0.1434042796 -0.03964712197 0.03021958037 0 4.820769046 -0.09152016397 -0.439375534 1


mesh: pSphereShape2 tranform: pSphere2 -0.05944800127 0.2506137946 0.0339145736 0 -0.02722764176 0.01212860257 -0.1373516899 0 -0.1261434116 -0.03291306237 0.02209945995 0 4.753044019 0.2429360227 -0.3502608253 1


mesh: pSphereShape3 tranform: pSphere3 -0.1102793718 0.2687657066 0.0429168174 0 -0.01988307936 0.01288184642 -0.1317640124 0 -0.1219840563 -0.05217699259 0.01330623313 0 4.627956393 0.6928180614 -0.2781442058 1


mesh: pSphereShape4 tranform: pSphere4 -0.08446263041 0.02789274972 0.1573418049 0 -0.01984160227 0.1429061486 -0.03598483798 0 -0.1506505112 -0.03951670756 -0.07386535846 0 4.460455276 0.9820612819 -0.1394840903 1


mesh: pSphereShape5 tranform: pSphere5 -0.1099068571 0.02636813298 0.1487124529 0 -0.01614009341 0.1329386498 -0.03549972335 0 -0.1413562071 -0.04302256651 -0.09684186781 0 4.29269665 1.043018287 0.09462424512 1


mesh: pSphereShape6 tranform: pSphere6 -0.07808445891 -0.2309795488 0.1075184946 0 -0.08573044628 0.04834606387 0.0415996943 0 -0.05456235831 -0.02199669579 -0.08688048625 0 4.1758284 0.7790595032 0.2644678852 1


mesh: pSphereShape7 tranform: pSphere7 -0.1492802542 -0.1968979364 0.04637483394 0 -0.0729004273 0.06230718634 0.02987745669 0 -0.04417030348 0.005434844782 -0.1191086618 0 3.956039066 0.3748642852 0.350900813 1


mesh: pSphereShape8 tranform: pSphere8 0.00365982958 -0.1841490605 0.04378112593 0 -0.04082072529 0.003051191865 0.0162460649 0 -0.04312691365 -0.02548239462 -0.1035770958 0 3.805177007 0.06395739524 0.4049336052 1


mesh: pSphereShape10 tranform: pSphere10 -0.05573299752 0.02177631171 0.1734539407 0 -0.01845165285 0.1516443047 -0.02496697137 0 -0.2109892965 -0.03608829102 -0.06326288133 0 4.306085554 1.424171913 -0.1089298396 1


mesh: pSphereShape11 tranform: pSphere11 -0.03229668994 0.01258109441 0.06978908955 0 -0.04364638337 0.1583678656 -0.04874794617 0 -0.08005416736 -0.03170721878 -0.03133115967 0 4.35827527 1.246153491 -0.07379066847 1


mesh: pSphereShape12 tranform: pSphere12 -0.1794545836 0.04488929396 0.2567345209 0 -0.01041609556 0.16159297 -0.03553480222 0 -0.1424007101 -0.02991708302 -0.0943056014 0 4.375657721 0.8144857405 -0.03351412704 1


mesh: pSphereShape13 tranform: pSphere13 -0.1248528495 0.03560645723 0.176472711 0 -0.01734797523 0.1993476996 -0.05249542223 0 -0.1599746415 -0.04152004442 -0.1048032188 0 4.389924342 0.5975047547 0.02725716535 1


mesh: pSphereShape14 tranform: pSphere14 -0.1289289586 0.03572540386 0.1766070935 0 -0.01702744601 0.2335406249 -0.05967293734 0 -0.1547904127 -0.0381856817 -0.1052775823 0 4.395842088 0.4077525734 0.06907253635 1


mesh: pSphereShape15 tranform: pSphere15 -0.1053373541 0.001827419138 0.1092334849 0 0.03942169373 0.376647859 0.03171448216 0 -0.1339801597 0.02493711257 -0.1296185515 0 4.481114616 -0.1922567944 -0.07525942512 1


mesh: pSphereShape16 tranform: pSphere16 -0.06993695532 0.003924264472 0.07167065084 0 -0.0359196066 0.3568045268 -0.05458724323 0 -0.05903711662 -0.01463425317 -0.05680773733 0 4.476687717 -0.8943588357 -0.1076131927 1


mesh: pSphereShape17 tranform: pSphere17 -0.09862585986 -0.008516938794 0.05317654158 0 -0.006402944768 0.103730586 0.004738388604 0 -0.1323366075 0.00302097798 -0.2449591837 0 4.434163317 -1.354469132 -0.2352803837 1


mesh: pSphereShape18 tranform: pSphere18 -0.07911019606 0.01473246146 0.09933963982 0 0.1059863723 0.3405257186 0.03390208252 0 -0.1063118201 0.04213988 -0.09091207807 0 4.198197664 -0.1644590659 0.215746057 1


mesh: pSphereShape19 tranform: pSphere19 -0.05215692695 0.008006968272 0.06847934932 0 -0.1135829946 0.3932647707 -0.1324924752 0 -0.07580302565 -0.03977767552 -0.05308394898 0 4.149054462 -0.8405627979 0.2886583724 1


mesh: pSphereShape20 tranform: pSphere20 -0.04663337492 0.02590002429 0.1023524175 0 -0.00617500553 0.07850763547 -0.02267959147 0 -0.238758499 -0.04678488076 -0.09694333848 0 4.067097918 -1.278040471 0.3075734095 1


mesh: pSphereShape21 tranform: pSphere21 -0.1536541293 0.04257659321 0.2104756718 0 0.06783649209 0.1266310362 0.02390698633 0 -0.1764941367 0.123593583 -0.1538479308 0 4.446365545 0.2506705425 0.1429296671 1


mesh: pSphereShape22 tranform: pSphere22 -0.004673053682 0.001543218772 0.008705230905 0 -0.001334365654 0.009610567426 -0.00242001282 0 -0.008739681779 -0.002292481095 -0.004285147936 0 4.589640164 1.142459453 -0.261569423 1


mesh: pSphereShape23 tranform: pSphere23 -0.004144732691 0.001614570205 0.008956246645 0 -0.001688004702 0.009534201757 -0.002499927397 0 -0.008942697079 -0.002547971725 -0.00367913156 0 4.545523464 1.208833457 -0.007540354341 1


mesh: pSphereShape24 tranform: pSphere24 -0.005884006259 0.001411652226 0.007961514199 0 -0.001165010629 0.009595665658 -0.002562411133 0 -0.008001326176 -0.002435249181 -0.005481636695 0 4.29164581 1.226551194 0.208787828 1


