mesh: pSphereShape1 tranform: pSphere1 0.1020939825 0.1030697098 0.02261832172 0 -0.03418727904 0.0473659261 -0.06152873791 0 -0.09034820617 0.06713519418 0.101882148 0 2.383694991 0.2593448328 -0.5840879231 1


mesh: pSphereShape2 tranform: pSphere2 0.145007199 0.2085132934 0.05465030571 0 -0.1099783569 0.08341784128 -0.02646051675 0 -0.03648905127 -0.007870519532 0.1268480199 0 2.622149477 0.5103362294 -0.5148533592 1


mesh: pSphereShape3 tranform: pSphere3 -0.001829875283 0.2545218471 0.1464707447 0 -0.1200458785 0.02890814358 -0.05173335535 0 -0.05901885695 -0.05995632415 0.1034486255 0 2.756273669 0.9015146089 -0.3596748116 1


mesh: pSphereShape4 tranform: pSphere4 -0.007566259907 -0.009587399185 0.1803308584 0 -0.03974926006 0.1431622712 0.005943523032 0 -0.1659454811 -0.04568515895 -0.009391562329 0 2.720935727 1.149406229 -0.103495552 1


mesh: pSphereShape5 tranform: pSphere5 -0.02828287372 -0.01219809316 0.1842321223 0 -0.03894999984 0.1329223651 0.002821340049 0 -0.167416559 -0.04844416593 -0.02890889915 0 2.675553807 1.148861627 0.1880039644 1


mesh: pSphereShape6 tranform: pSphere6 -0.01243181004 -0.2333754762 0.1280246014 0 -0.08728357488 0.03315427231 0.0519611168 0 -0.06032651222 -0.03879699621 -0.07658086882 0 2.661812124 0.865780771 0.3759696282 1


mesh: pSphereShape7 tranform: pSphere7 -0.2144562367 -0.08968582245 -0.09575485723 0 -0.05163163244 0.07034588462 0.04974888175 0 0.01145101667 0.07861434105 -0.09927782308 0 2.44296955 0.566069667 0.3504106053 1


mesh: pSphereShape8 tranform: pSphere8 -0.1085342293 -0.1417913865 -0.06290136387 0 -0.03585883482 0.02492974617 0.005676947273 0 0.01053130109 0.03962781543 -0.1074998876 0 2.174919274 0.4067705094 0.1943878551 1


mesh: pSphereShape10 tranform: pSphere10 -0.00987592188 -0.0149402333 0.1826085976 0 0.00328335071 0.1542248401 0.01279557062 0 -0.2228324258 0.005705099443 -0.01158455922 0 2.67501807 1.581488887 0.06818001831 1


mesh: pSphereShape11 tranform: pSphere11 -0.006057832039 -0.004745592737 0.07754133838 0 -0.02543527755 0.1692475206 0.008370982222 0 -0.09033232085 -0.01318658638 -0.007864143291 0 2.703311385 1.394364913 0.05528534105 1


mesh: pSphereShape12 tranform: pSphere12 -0.03923677338 -0.02067344619 0.3133124555 0 -0.03209647387 0.1625065786 0.006703241127 0 -0.1687520721 -0.03237018659 -0.02326907212 0 2.698766617 0.9570262395 -0.006865359539 1


mesh: pSphereShape13 tranform: pSphere13 -0.02898902661 -0.02091670995 0.216149946 0 -0.05495092661 0.1990857004 0.01189564941 0 -0.186886698 -0.04979823099 -0.02988332284 0 2.752278284 0.7362307512 -0.009906712692 1


mesh: pSphereShape14 tranform: pSphere14 -0.03049357854 -0.01754277297 0.218749718 0 -0.06426607139 0.2327395146 0.009706042089 0 -0.1822865029 -0.04911058611 -0.02934908312 0 2.793309876 0.5457868134 -0.02088429017 1


mesh: pSphereShape15 tranform: pSphere15 -0.003318720652 -0.007039020519 0.1515608463 0 0.07770443524 0.3715187395 0.01895613158 0 -0.184059009 0.03861072627 -0.002237113002 0 2.762061431 -0.01498197119 -0.2306356988 1


mesh: pSphereShape16 tranform: pSphere16 -0.006249085602 0.005232409273 0.09988408575 0 -0.2042507071 0.2984190104 -0.02841123818 0 -0.06858260369 -0.04711439092 -0.0018226806 0 2.82863135 -0.6567532677 -0.2639884178 1


mesh: pSphereShape17 tranform: pSphere17 -0.03237128664 -0.01175823598 0.1069634832 0 -0.06575136555 0.07985342793 -0.01112081261 0 -0.200316292 -0.1760789219 -0.07997938517 0 2.951854136 -1.166514133 -0.2966676671 1


mesh: pSphereShape18 tranform: pSphere18 -0.01180344742 -0.01396899824 0.126528172 0 0.01132742423 0.3557876974 0.04033647444 0 -0.1453949944 0.006090517419 -0.01289107176 0 2.808280786 -0.07148211592 0.09811322102 1


mesh: pSphereShape19 tranform: pSphere19 -0.006056491697 -0.01044616109 0.08560417326 0 -0.2372805014 0.3578933608 0.02688565551 0 -0.08372861074 -0.05456619729 -0.01258243473 0 2.9671941 -0.7438290425 0.05044728039 1


mesh: pSphereShape20 tranform: pSphere20 0.003663378897 0.007417046264 0.1151219673 0 -0.05384523674 0.06173740748 -0.002264152617 0 -0.1972602756 -0.1714083918 0.01732061352 0 3.031837724 -1.235303159 0.01015559396 1


mesh: pSphereShape21 tranform: pSphere21 -0.0363414419 -0.02090701371 0.2607001391 0 0.05944860026 0.1316040548 0.01884116996 0 -0.2389282268 0.1114185277 -0.02437117069 0 2.886843145 0.3911568717 -0.01605016462 1


mesh: pSphereShape22 tranform: pSphere22 -0.0004186175417 -0.0005304408688 0.009977143471 0 -0.002673173602 0.009627791906 0.0003997072863 0 -0.009626988223 -0.002650331206 -0.0005448323108 0 2.776105872 1.342999087 -0.2331072697 1


mesh: pSphereShape23 tranform: pSphere23 -0.0007774200557 -0.000609016385 0.009951116375 0 -0.0005214610226 0.009970146122 0.0005694424504 0 -0.009956088412 -0.0004746423339 -0.000806856986 0 2.89108292 1.320996946 0.04104570165 1


mesh: pSphereShape24 tranform: pSphere24 -0.001514160357 -0.0006530407507 0.009863105809 0 -0.002811456084 0.009594490208 0.0002036475913 0 -0.009476446227 -0.002742133373 -0.001636359211 0 2.717313659 1.31140029 0.3242245711 1


