mesh: pSphereShape1 tranform: pSphere1 0.04676459634 0.1375646836 -0.02114628054 0 0.01772365082 0.006687408933 0.08269968171 0 0.1403771308 -0.0517025841 -0.02590383521 0 -0.1556484739 -0.009404112931 1.100234904 1


mesh: pSphereShape2 tranform: pSphere2 0.08174650731 0.2463431462 -0.0111400222 0 -0.004163822312 0.007725152283 0.140274441 0 0.1254486288 -0.04135748053 0.006001368668 0 -0.04908056341 0.3207855854 1.036313258 1


mesh: pSphereShape3 tranform: pSphere3 0.1239144999 0.2649713416 -0.02595732967 0 -0.007215565489 0.0163716929 0.1326760606 0 0.120674299 -0.05512436259 0.01336497659 0 0.1091386638 0.7656032151 0.9937735995 1


mesh: pSphereShape4 tranform: pSphere4 0.1268639576 -0.01661341533 -0.1276632902 0 0.02134295003 0.1471427743 0.00206094552 0 0.1202602011 -0.0191524323 0.1219996158 0 0.3193727237 1.018483888 0.8838689244 1


mesh: pSphereShape5 tranform: pSphere5 0.1417330975 -0.01745396805 -0.1204046402 0 0.01856014146 0.1372776168 0.001947991396 0 0.112609174 -0.01714119189 0.1350415468 0 0.5442027235 1.010503713 0.691768137 1


mesh: pSphereShape6 tranform: pSphere6 0.09898224011 -0.2474088776 -0.0005699299652 0 0.09546527702 0.03826009197 -0.02898503275 0 0.02650576309 0.01037166716 0.1009900862 0 0.6906799977 0.7143206435 0.6499912669 1


mesh: pSphereShape7 tranform: pSphere7 0.1503908492 -0.1911591259 0.06359872605 0 0.08023563178 0.05430673554 -0.02650173684 0 0.00811780609 0.045762474 0.1183525401 0 0.9140438687 0.3190389317 0.7642004832 1


mesh: pSphereShape8 tranform: pSphere8 0.005604630568 -0.188258227 0.01919598663 0 0.04365584784 0.0007118325045 -0.005765089143 0 0.01478824444 0.01200997848 0.1134661453 0 1.067160514 0.01822066599 0.8563166513 1


mesh: pSphereShape10 tranform: pSphere10 0.1166368553 -0.01261375099 -0.1410793451 0 0.01662211546 0.1538944875 -1.726311848e-05 0 0.1706301076 -0.01841371775 0.1427141953 0 0.4928978195 1.439712113 0.811524786 1


mesh: pSphereShape11 tranform: pSphere11 0.05338853561 -0.003254524676 -0.05666524042 0 0.0320807446 0.16705369 0.02063105372 0 0.06449948951 -0.02003352465 0.06192037422 0 0.4466773518 1.257352968 0.7902497247 1


mesh: pSphereShape12 tranform: pSphere12 0.2375375709 -0.02984386103 -0.2069223451 0 0.01818218152 0.1647560662 -0.002890001609 0 0.1129708019 -0.01016670859 0.1311517308 0 0.4137734611 0.8259700934 0.8497783618 1


mesh: pSphereShape13 tranform: pSphere13 0.169090162 -0.02048985991 -0.1377946091 0 0.02209212033 0.205660186 -0.003471748257 0 0.1226734356 -0.01060983399 0.152112374 0 0.3926276961 0.6032132907 0.8469104139 1


mesh: pSphereShape14 tranform: pSphere14 0.1736925709 -0.003987818987 -0.1374919432 0 0.00728320459 0.2415246384 0.002195634037 0 0.1184707143 -0.004934346592 0.1498063068 0 0.3873604532 0.4099714074 0.8563315796 1


mesh: pSphereShape15 tranform: pSphere15 0.1174769646 -0.02836177098 -0.09179337986 0 0.01560274068 0.3679621637 -0.09372240151 0 0.1188162093 0.03123460402 0.1424100403 0 0.2388548288 -0.1866167844 1.052223405 1


mesh: pSphereShape16 tranform: pSphere16 0.08246814147 -0.007404209461 -0.05645744493 0 0.1607210282 0.2554184257 0.2012700536 0 0.02960260929 -0.05877529184 0.05094911302 0 0.07323453618 -0.7834399913 1.022615885 1


mesh: pSphereShape17 tranform: pSphere17 0.1006974683 -0.04676136749 -0.01734178286 0 0.04364908425 0.07083231703 0.06245818446 0 -0.04030484681 -0.1678226099 0.2184907243 0 -0.1717647062 -1.231867637 0.9247380353 1


mesh: pSphereShape18 tranform: pSphere18 0.08174698171 -0.01775422289 -0.09667497677 0 0.03120162697 0.3547725833 -0.03876983284 0 0.1115996797 0.000487727636 0.09427752718 0 0.4883990506 -0.1901716839 0.7631868637 1


mesh: pSphereShape19 tranform: pSphere19 0.05486934966 -0.0106461205 -0.06595371436 0 0.09981235312 0.4182210795 0.01552917685 0 0.07425001888 -0.0201348031 0.06502147498 0 0.3949000275 -0.9084202021 0.7851653458 1


mesh: pSphereShape20 tranform: pSphere20 0.043103989 0.008835403469 -0.1067027743 0 -0.004226984671 0.08168543061 0.005056324351 0 0.2425765005 0.006453854162 0.0985263718 0 0.496368041 -1.321359164 0.8846704517 1


mesh: pSphereShape21 tranform: pSphere21 0.2070022207 -0.004752577395 -0.1638592683 0 -0.05457694481 0.1140585465 -0.07225481333 0 0.1310403719 0.1645485932 0.1607697772 0 0.3542248786 0.237667393 0.8127928583 1


mesh: pSphereShape22 tranform: pSphere22 0.007018986756 -0.0009191684094 -0.007063211334 0 0.001435332646 0.009895484329 0.0001386004457 0 0.006976649992 -0.00111108925 0.007077558588 0 0.1757458647 1.207062605 0.9174922758 1


mesh: pSphereShape23 tranform: pSphere23 0.006851513554 -0.0004176630746 -0.007272023073 0 0.001180828843 0.009915175822 0.0005430761103 0 0.007187656452 -0.001230790792 0.006842715014 0 0.2890966199 1.19776618 0.6786186231 1


mesh: pSphereShape24 tranform: pSphere24 0.007587865351 -0.0009344208355 -0.006446018703 0 0.0013396925 0.009908857317 0.0001406082743 0 0.006374129229 -0.0009702599562 0.007643891168 0 0.5851464421 1.15550024 0.5367895101 1


