mesh: pSphereShape1 tranform: pSphere1 -0.06495631546 0.1275908824 -0.03254809749 0 0.03630751072 0.03578437974 0.0678183561 0 0.1196550322 0.03928681189 -0.08478870456 0 2.143779273 0.09528479073 0.3002501523 1


mesh: pSphereShape2 tranform: pSphere2 -0.08223848952 0.2402493698 -0.05485078271 0 0.1114911574 0.05342684074 0.06685229015 0 0.06877507265 -0.002236329975 -0.1129106031 0 1.989631666 0.400521403 0.2125977563 1


mesh: pSphereShape3 tranform: pSphere3 -0.003581691861 0.2756870031 -0.1011051232 0 0.1069461533 0.0289497194 0.07514963613 0 0.08019356883 -0.03575983956 -0.1003485415 0 1.898706956 0.8392952077 0.09110731466 1


mesh: pSphereShape4 tranform: pSphere4 -0.008884098751 -0.00647132306 -0.180409478 0 0.02598894807 0.1462625975 -0.006526269651 0 0.1695104406 -0.03044352158 -0.007255370644 0 1.909154973 1.106854797 -0.1290439109 1


mesh: pSphereShape5 tranform: pSphere5 0.002772596654 -0.006978384429 -0.1866381638 0 0.02316982601 0.1365061225 -0.004759753311 0 0.1741580311 -0.02943207854 0.003687661294 0 1.916156093 1.114916303 -0.4247781642 1


mesh: pSphereShape6 tranform: pSphere6 0.03160798995 -0.2478903151 -0.09252182478 0 0.05416084801 0.03819041222 -0.08381933448 0 0.08958669004 -0.008702767104 0.05392227066 0 1.945881746 0.8210803617 -0.5819171809 1


mesh: pSphereShape7 tranform: pSphere7 0.1560377301 -0.187073798 -0.0621259831 0 0.04270083957 0.05867914062 -0.06944578421 0 0.0837706344 0.04120474856 0.08632540799 0 2.153603849 0.4219601947 -0.67851894 1


mesh: pSphereShape8 tranform: pSphere8 0.03614006643 -0.1858357333 0.0001834395276 0 0.02375340925 0.004583074159 -0.03680145364 0 0.09436261089 0.01841338156 0.06319923203 0 2.339408829 0.1315684523 -0.7358820314 1


mesh: pSphereShape10 tranform: pSphere10 0.001412945675 -0.01082366552 -0.1831597559 0 0.001639521987 0.154512072 -0.009118107978 0 0.2231871332 -0.002258750595 0.001855206968 0 1.960194124 1.539529724 -0.291757078 1


mesh: pSphereShape11 tranform: pSphere11 0.00151422127 -0.002744463253 -0.07785918181 0 0.03605106907 0.1674366191 -0.005200855486 0 0.08955925417 -0.01920802559 0.002418831582 0 1.927755438 1.352820013 -0.281750756 1


mesh: pSphereShape12 tranform: pSphere12 0.004723725599 -0.01239908269 -0.3161574919 0 0.01323649977 0.1651329211 -0.006278425156 0 0.1728240981 -0.01373434419 0.003120808176 0 1.942037388 0.9195160334 -0.2325851257 1


mesh: pSphereShape13 tranform: pSphere13 0.00289197121 -0.007981151365 -0.2189214683 0 0.03180087953 0.2042927844 -0.0070277457 0 0.1933592636 -0.02997347309 0.003647025827 0 1.913209635 0.6939871379 -0.2328150644 1


mesh: pSphereShape14 tranform: pSphere14 0.0005481517396 -0.001894738211 -0.2215517001 0 0.04092254473 0.238146208 -0.001935408105 0 0.1882936969 -0.03234995931 0.0007425274617 0 1.89247476 0.4994585756 -0.2296903807 1


mesh: pSphereShape15 tranform: pSphere15 -0.007626139187 -0.004576842745 -0.151499658 0 -0.09985384519 0.3666280144 -0.006049514951 0 0.1812237589 0.04918258833 -0.01060819941 0 1.987794727 -0.0725082736 -0.04089452547 1


mesh: pSphereShape16 tranform: pSphere16 0.0009593606092 0.009592885911 -0.09975127032 0 0.2515279118 0.2599260411 0.02741565916 0 0.05996278729 -0.05750296457 -0.00495325464 0 1.90669801 -0.6749194804 -0.02223462592 1


mesh: pSphereShape17 tranform: pSphere17 0.03170524449 -0.02469882179 -0.1049384997 0 0.07707238306 0.06953743514 0.006919348305 0 0.1697260743 -0.1978536184 0.0978473865 0 1.702081272 -1.1514779 0.02613660474 1


mesh: pSphereShape18 tranform: pSphere18 -0.0006543719354 -0.007655423164 -0.1276119073 0 -0.06903247197 0.3509221375 -0.0206977907 0 0.1433524318 0.02805727956 -0.00241823951 0 1.93215978 -0.104087306 -0.3813578495 1


mesh: pSphereShape19 tranform: pSphere19 -0.002249757665 -0.006564462236 -0.08617264228 0 0.1834425632 0.3876640896 -0.03432072535 0 0.09107650819 -0.04301777376 0.0008992236621 0 1.876885323 -0.7916089536 -0.3509391592 1


mesh: pSphereShape20 tranform: pSphere20 -0.02489376383 0.006605974358 -0.112508497 0 0.03780005535 0.07259669281 -0.004101145884 0 0.2254069619 -0.1205836193 -0.05695392031 0 1.89470284 -1.272904604 -0.3348568431 1


mesh: pSphereShape21 tranform: pSphere21 0.0006532727726 -0.002258098981 -0.2640394675 0 -0.07317728301 0.1259057431 -0.001257813311 0 0.2289025234 0.1330340112 -0.0005713849541 0 1.813573488 0.3368296706 -0.2326379914 1


mesh: pSphereShape22 tranform: pSphere22 -0.0004915294512 -0.000358038104 -0.009981493251 0 0.001747780205 0.009836291645 -0.0004388975222 0 0.00983380207 -0.001766118738 -0.0004209055123 0 1.849481778 1.292863409 0.009379507802 1


mesh: pSphereShape23 tranform: pSphere23 0.0001943246323 -0.0003522053371 -0.009991906191 0 0.001146251281 0.009928682241 -0.000327684223 0 0.009932187369 -0.001138955816 0.0002333103345 0 1.736603848 1.291286751 -0.2589801006 1


mesh: pSphereShape24 tranform: pSphere24 0.0001484345608 -0.0003735968686 -0.009991916361 0 0.001672424867 0.009853169972 -0.0003435645048 0 0.009858040487 -0.001665973255 0.000208736365 0 1.837557048 1.27308421 -0.5493729445 1


