mesh: pSphereShape1 tranform: pSphere1 -0.04839803769 0.1371120154 -0.02039754949 0 0.08003629464 0.02813692429 -0.0007691712884 0 0.005709453151 -0.02035060235 -0.150343473 0 3.764031353 -0.06074263821 1.253631961 1


mesh: pSphereShape2 tranform: pSphere2 -0.06182064378 0.2492958046 -0.03900444897 0 0.1365045331 0.03325850032 -0.003784017499 0 0.001281547445 -0.02012806174 -0.1306791294 0 3.63534605 0.2645362691 1.207745385 1


mesh: pSphereShape3 tranform: pSphere3 -0.05573209503 0.2720753542 -0.09543234957 0 0.1308495128 0.02807614898 0.003628860633 0 0.01243597664 -0.04166594655 -0.1260511792 0 3.52497513 0.7126146254 1.111998082 1


mesh: pSphereShape4 tranform: pSphere4 -0.1412835989 0.01591742383 -0.1115973355 0 0.02322724712 0.1466258507 -0.008492346631 0 0.1040808921 -0.02432032512 -0.1352365615 0 3.385103975 0.9969204986 0.9406797946 1


mesh: pSphereShape5 tranform: pSphere5 -0.1302962273 0.0163596162 -0.1328361601 0 0.02212364081 0.1366757601 -0.004868131938 0 0.1234024083 -0.02439341114 -0.1240470597 0 3.177643179 1.042003458 0.7361208264 1


mesh: pSphereShape6 tranform: pSphere6 -0.06993821557 -0.2343121033 -0.1059030011 0 -0.02954715235 0.0494861328 -0.08997596527 0 0.09699986878 -0.01165783357 -0.03826545223 0 3.057276157 0.7702016593 0.5802746422 1


mesh: pSphereShape7 tranform: pSphere7 -0.008636278077 -0.1948271096 -0.1586563234 0 -0.02126956253 0.06255361591 -0.07565692985 0 0.1241910535 0.0137015798 -0.02358549337 0 3.041673713 0.3694807973 0.3361050803 1


mesh: pSphereShape8 tranform: pSphere8 -0.03911157501 -0.1848553224 -0.01182591537 0 -0.009133438949 0.004672386804 -0.04282902175 0 0.1100144519 -0.02162497605 -0.02582012121 0 3.028599127 0.06193301327 0.1695301898 1


mesh: pSphereShape10 tranform: pSphere10 -0.1595854898 0.01633304826 -0.08906372614 0 0.01572794909 0.1539884301 5.780132188e-05 0 0.1077912867 -0.01093625083 -0.1951473215 0 3.347233355 1.44355083 0.8220740338 1


mesh: pSphereShape11 tranform: pSphere11 -0.06272000961 0.0110473187 -0.04490027039 0 0.04209500971 0.1651038521 -0.01817905626 0 0.04949409717 -0.02079485832 -0.07425339867 0 3.316166545 1.259522126 0.8508666125 1


mesh: pSphereShape12 tranform: pSphere12 -0.2207363029 0.02733903808 -0.2250770359 0 0.01934565343 0.1646456736 0.001026165665 0 0.1225829967 -0.0136437417 -0.1218761575 0 3.315491352 0.8236984616 0.8331261271 1


mesh: pSphereShape13 tranform: pSphere13 -0.1530295649 0.02336335681 -0.1550315367 0 0.03073001232 0.2045767499 0.0004966678934 0 0.1369980791 -0.02024312933 -0.1382796323 0 3.277791735 0.6018425954 0.8283091242 1


mesh: pSphereShape14 tranform: pSphere14 -0.1536109392 0.01959262731 -0.1584577377 0 0.03149684097 0.2395811706 -0.0009102410427 0 0.1354094299 -0.01830909784 -0.1335314597 0 3.259278121 0.4081573183 0.8209478448 1


mesh: pSphereShape15 tranform: pSphere15 -0.09703165062 0.01326847662 -0.1159312648 0 0.01626246743 0.378518558 0.02971062712 0 0.144388702 0.003253066394 -0.1204775164 0 3.360259008 -0.1902810053 0.9320448277 1


mesh: pSphereShape16 tranform: pSphere16 -0.06307744514 0.01169321224 -0.07699197663 0 0.1123801587 0.3425589922 -0.04004363088 0 0.05931054027 -0.02559194325 -0.05247831724 0 3.291343111 -0.888060163 0.9459916121 1


mesh: pSphereShape17 tranform: pSphere17 -0.06254744884 0.004939298311 -0.09322426202 0 0.01120672823 0.1034105032 -0.002039994017 0 0.2293647574 -0.02792152415 -0.1553682792 0 3.333309788 -1.355819483 0.8902346423 1


mesh: pSphereShape18 tranform: pSphere18 -0.08113442255 0.004979577274 -0.0986723967 0 -0.111926392 0.322615641 0.1083137033 0 0.1032635238 0.06326099288 -0.08171701143 0 3.240095033 -0.1662133058 0.5920339728 1


mesh: pSphereShape19 tranform: pSphere19 -0.05616040819 0.0008838180752 -0.06571990011 0 0.09911605983 0.4111212185 -0.07916996229 0 0.07297983353 -0.02968092015 -0.0627634821 0 3.283213697 -0.8361993325 0.512447974 1


mesh: pSphereShape20 tranform: pSphere20 -0.09198959844 0.01756219658 -0.06746097615 0 0.01784576562 0.07990615997 -0.003532369943 0 0.1475414319 -0.0423319668 -0.2122074156 0 3.33715237 -1.282456689 0.4262097214 1


mesh: pSphereShape21 tranform: pSphere21 -0.1830694621 0.023349976 -0.1888457487 0 -0.05166881768 0.11970172 0.06488901675 0 0.166066532 0.148966559 -0.1425679174 0 3.198171634 0.2412073276 0.8537496407 1


mesh: pSphereShape22 tranform: pSphere22 -0.007816780494 0.0008806613724 -0.006174332211 0 0.001562053325 0.009860720748 -0.0005711179729 0 0.00603804042 -0.001410893999 -0.007845472963 0 3.463235263 1.162300923 1.095165891 1


mesh: pSphereShape23 tranform: pSphere23 -0.008049050064 0.001417736091 -0.005762188598 0 0.001921291025 0.009809977788 -0.0002701418149 0 0.005614395235 -0.001324522623 -0.008168488597 0 3.217275046 1.19806533 1.016055319 1


mesh: pSphereShape24 tranform: pSphere24 -0.006975577657 0.0008758332884 -0.007111556258 0 0.001596910009 0.009865414605 -0.0003513873996 0 0.006985069418 -0.001380764546 -0.007021559263 0 3.044863567 1.21198633 0.7221869401 1


