mesh: pSphereShape1 tranform: pSphere1 0.05649263191 0.1342533263 0.01851382599 0 -0.0479797477 0.02897266553 -0.06369156188 0 -0.1107517194 0.03302631557 0.09845417138 0 1.00774191 -0.05558921779 -0.5150651989 1


mesh: pSphereShape2 tranform: pSphere2 0.06119870198 0.2505990085 0.03076350148 0 -0.119664916 0.03704705251 -0.06373192253 0 -0.06196384094 0.0007930654095 0.1168061195 0 1.138553739 0.2678087266 -0.4609475468 1


mesh: pSphereShape3 tranform: pSphere3 -0.004104129049 0.2831104591 0.07791034735 0 -0.1131373286 0.0174617544 -0.06941228842 0 -0.07126366017 -0.03086170216 0.1083911919 0 1.204545192 0.7226361852 -0.3807100833 1


mesh: pSphereShape4 tranform: pSphere4 0.0358924354 0.02393980252 0.1755192409 0 -0.03549260864 0.1438685179 -0.01236484237 0 -0.1638555531 -0.03710864086 0.03856869683 0 1.206427138 1.01894374 -0.1873570551 1


mesh: pSphereShape5 tranform: pSphere5 0.01238590304 0.02267235362 0.1849939002 0 -0.03358937213 0.1336616982 -0.01413230694 0 -0.1709940525 -0.04122634585 0.01650116054 0 1.228969395 1.073924613 0.1011951674 1


mesh: pSphereShape6 tranform: pSphere6 -0.05684539033 -0.2152195931 0.1464858004 0 -0.05898612579 0.06025267519 0.06563412202 0 -0.08457685012 -0.01809179499 -0.05940174947 0 1.185227598 0.824221491 0.3154178379 1


mesh: pSphereShape7 tranform: pSphere7 -0.2138419403 -0.1231859865 0.04796721955 0 -0.03579807113 0.0807593317 0.0478095036 0 -0.04916002281 0.04283218815 -0.1091609929 0 0.9074189035 0.5073353624 0.4444586758 1


mesh: pSphereShape8 tranform: pSphere8 -0.09871270111 -0.1602280773 0.0205869789 0 -0.03091544844 0.02192784445 0.0224272311 0 -0.05581705903 0.02176707716 -0.09822498743 0 0.6311598419 0.299226582 0.4859713348 1


mesh: pSphereShape10 tranform: pSphere10 0.009826671626 0.007697769593 0.1830596219 0 0.02751644963 0.1521205305 -0.007873849481 0 -0.2193256603 0.04019481943 0.01008322188 0 1.256000824 1.477677773 -0.07499334294 1


mesh: pSphereShape11 tranform: pSphere11 0.006249586133 0.004752324392 0.07752570685 0 -0.0006865985368 0.1710336639 -0.0104290116 0 -0.09133191753 8.199153979e-05 0.007357521241 0 1.254853218 1.288111431 -0.06561434264 1


mesh: pSphereShape12 tranform: pSphere12 0.03355714537 0.03874886742 0.3122563911 0 -0.02842351709 0.1624288763 -0.01710172489 0 -0.1698369372 -0.02743965988 0.02165687789 0 1.206486221 0.8487681213 -0.05395969796 1


mesh: pSphereShape13 tranform: pSphere13 0.02734970343 0.02671950772 0.2157237428 0 -0.05157483707 0.1995144138 -0.0181731059 0 -0.1879419715 -0.04589518338 0.02951206857 0 1.257744645 0.6290416526 -0.02344489152 1


mesh: pSphereShape14 tranform: pSphere14 0.03034148624 0.02241764153 0.218325193 0 -0.05944551522 0.2336893092 -0.01573385936 0 -0.1833249587 -0.0446101672 0.03005794411 0 1.295158146 0.4383038031 -0.006917861651 1


mesh: pSphereShape15 tranform: pSphere15 0.03897047157 0.007228631746 0.1464933482 0 0.04191164926 0.3765409022 -0.02972962464 0 -0.1805843771 0.02380051773 0.04686501632 0 1.257425635 -0.1497910142 -0.1499363735 1


mesh: pSphereShape16 tranform: pSphere16 0.02431368498 0.009452839537 0.09676129552 0 -0.1167565647 0.3434088416 -0.004210426693 0 -0.07616643267 -0.02563069213 0.02164263571 0 1.277382283 -0.8415943782 -0.1440465462 1


mesh: pSphereShape17 tranform: pSphere17 0.008359537373 0.003659667358 0.1120003037 0 -0.02587625312 0.1007573912 -0.001360934083 0 -0.2688902121 -0.06875426506 0.02231614946 0 1.225570009 -1.337503801 -0.1354230011 1


mesh: pSphereShape18 tranform: pSphere18 0.02784013915 0.006378260852 0.124611705 0 0.07406646538 0.3488135813 -0.03440162152 0 -0.1393504051 0.03249585878 0.02946968428 0 1.287171984 -0.1548651283 0.2050884343 1


mesh: pSphereShape19 tranform: pSphere19 0.02378197451 -2.41781046e-05 0.0831161534 0 -0.3700841911 0.1921595023 0.1059478632 0 -0.04325927153 -0.09012404164 0.01235153243 0 1.482563567 -0.6886150655 0.1828677862 1


mesh: pSphereShape20 tranform: pSphere20 0.04060482155 0.05243447392 0.09446361566 0 -0.0725223921 0.03658358296 0.01086680682 0 -0.07991122119 -0.2019078 0.1464236791 0 1.764418078 -1.063870111 0.173268355 1


mesh: pSphereShape21 tranform: pSphere21 0.03616018232 0.02671675337 0.2601942014 0 0.06218481568 0.1298419596 -0.02197424021 0 -0.2366431026 0.1168696472 0.02088701503 0 1.38663865 0.2825553604 0.0005654515537 1


mesh: pSphereShape22 tranform: pSphere22 0.001985816409 0.001324514543 0.009710931697 0 -0.002386909953 0.009675287633 -0.000831546805 0 -0.009505745319 -0.002152782023 0.002237484189 0 1.231064514 1.182162417 -0.360775047 1


mesh: pSphereShape23 tranform: pSphere23 0.0008020284432 0.0006098802789 0.009949110333 0 0.0009266234592 0.009933480381 -0.0006836201356 0 -0.009924621874 0.0009767361826 0.0007401804431 0 1.426085178 1.185627772 -0.09755946152 1


mesh: pSphereShape24 tranform: pSphere24 0.0006630953965 0.00121379388 0.009903888575 0 -0.00242451977 0.009647856128 -0.001020086277 0 -0.009678946656 -0.002333575914 0.0009340316245 0 1.304136741 1.254819249 0.1925502796 1


