mesh: pSphereShape1 tranform: pSphere1 -0.129958809 0.06796798341 -0.007013987939 0 0.02645306027 0.05651216385 0.05748649869 0 0.05245103458 0.08879121441 -0.1114222327 0 1.872091027 0.08589914056 0.2490983418 1


mesh: pSphereShape2 tranform: pSphere2 -0.1945542556 0.1707144634 -0.02228790761 0 0.08450391905 0.1023427776 0.04624908339 0 0.03685195732 0.02576401282 -0.1243461498 0 1.571568016 0.2677714721 0.2164360197 1


mesh: pSphereShape3 tranform: pSphere3 -0.05853129204 0.2704903986 -0.09822133285 0 0.1091676225 0.04621210286 0.06220856458 0 0.0724644149 -0.02401743537 -0.1093237201 0 1.345260207 0.6342975788 0.1284967401 1


mesh: pSphereShape4 tranform: pSphere4 -0.06022950808 -0.009013734281 -0.1701750391 0 0.03443931178 0.1432951193 -0.01977896966 0 0.1575433726 -0.04522940652 -0.05336313732 0 1.271393266 0.8931828733 -0.08883459123 1


mesh: pSphereShape5 tranform: pSphere5 -0.05086511698 -0.01082839905 -0.1794036649 0 0.03158744007 0.1338116234 -0.01703234152 0 0.165148274 -0.04460203454 -0.04413130386 0 1.194811814 0.894915147 -0.3747160717 1


mesh: pSphereShape6 tranform: pSphere6 -0.1540562469 -0.18875314 -0.1079253738 0 0.04020017019 0.02233760549 -0.09644979821 0 0.07596910376 -0.07074130996 0.01528027486 0 1.021013326 0.651382538 -0.5421688101 1


mesh: pSphereShape7 tranform: pSphere7 -0.1027954924 -0.1921062724 -0.1254284009 0 0.04845565821 0.02843521229 -0.08326348586 0 0.09849878621 -0.07369942307 0.03215292696 0 0.820363642 0.2665391202 -0.7300868035 1


mesh: pSphereShape8 tranform: pSphere8 -0.1670752013 -0.08413341869 -0.02912907095 0 0.01537085702 -0.01759919507 -0.03733069912 0 0.03626626806 -0.09224562874 0.05842088379 0 0.6277502736 -0.0002697973947 -0.8495672748 1


mesh: pSphereShape10 tranform: pSphere10 -0.01860071155 -0.01774525085 -0.1816748852 0 0.01007747079 0.1536263514 -0.01603736404 0 0.2215803861 -0.01673273506 -0.02105203623 0 1.304834132 1.316999215 -0.2755958302 1


mesh: pSphereShape11 tranform: pSphere11 -0.01090228992 -0.008503529346 -0.07668576922 0 0.03918242749 0.1650949726 -0.02387754792 0 0.0882741129 -0.02240605412 -0.01006522384 0 1.258573951 1.13294335 -0.2572929946 1


mesh: pSphereShape12 tranform: pSphere12 -0.06577328374 -0.02021804104 -0.3088635888 0 0.02554085027 0.16300815 -0.01610941282 0 0.1674929533 -0.02957713635 -0.03373194562 0 1.258356351 0.7016480217 -0.1860944237 1


mesh: pSphereShape13 tranform: pSphere13 -0.03448227971 -0.00515193706 -0.2162940163 0 0.04262628355 0.2021000919 -0.01160946765 0 0.1890097152 -0.04153940493 -0.02914309686 0 1.214078083 0.4805691414 -0.1739011931 1


mesh: pSphereShape14 tranform: pSphere14 -0.02480867855 0.003741680565 -0.2201353575 0 0.04609255774 0.2372048505 -0.001162696771 0 0.1863219519 -0.03631117666 -0.0216151839 0 1.187152673 0.288592195 -0.1687705599 1


mesh: pSphereShape15 tranform: pSphere15 -0.01072039912 0.01800758532 -0.150306526 0 0.09174257535 0.3668884502 0.03741193543 0 0.1820315953 -0.04366075862 -0.01821395427 0 1.089534546 -0.3059469616 -0.02112312401 1


mesh: pSphereShape16 tranform: pSphere16 0.0008107383658 0.0189104142 -0.09841239099 0 0.3147013091 0.1766565003 0.03653796011 0 0.04138435643 -0.07097315669 -0.01329690185 0 0.7520196805 -0.8567021919 -0.05773636825 1


mesh: pSphereShape17 tranform: pSphere17 0.004504349957 0.0005854652763 -0.1122796113 0 0.09334222257 0.04576950259 0.003983292118 0 0.1224507298 -0.2500398018 0.003608592098 0 0.4332486305 -1.265564194 -0.0852321485 1


mesh: pSphereShape18 tranform: pSphere18 0.003291685233 0.001581840683 -0.1277908258 0 -0.2038464675 0.2945917032 -0.00160419392 0 0.1200770672 0.08311129552 0.004121772701 0 1.351036107 -0.2501712603 -0.3369535707 1


mesh: pSphereShape19 tranform: pSphere19 0.001159186695 -0.0006018554418 -0.08644172551 0 -0.009253984853 0.4301362209 -0.003118944234 0 0.1006963246 0.002176070281 0.001335190376 0 1.592709388 -0.902903777 -0.351350083 1


mesh: pSphereShape20 tranform: pSphere20 -0.01804210921 0.000739852008 -0.1139975227 0 -0.01067638547 0.08122218724 0.002216863181 0 0.2564219005 0.0348073095 -0.04035736534 0 1.826862784 -1.296904737 -0.3531720208 1


mesh: pSphereShape21 tranform: pSphere21 -0.02956632817 0.004459236121 -0.2623515077 0 -0.06982306205 0.1274080168 0.01003445347 0 0.2304413427 0.12816193 -0.02379174456 0 1.104581224 0.1277865862 -0.1663680934 1


mesh: pSphereShape22 tranform: pSphere22 -0.003332310669 -0.0004987017804 -0.009415253695 0 0.002316074789 0.009636726057 -0.001330153555 0 0.009139557056 -0.00262389166 -0.003095753443 0 1.268247892 1.086216677 0.05276058636 1


mesh: pSphereShape23 tranform: pSphere23 -0.001399124106 -0.001091283848 -0.009841318575 0 0.00134173341 0.009826512228 -0.001280394038 0 0.009810311065 -0.00149958561 -0.001228429814 0 1.071879175 1.08063655 -0.200259367 1


mesh: pSphereShape24 tranform: pSphere24 -0.002723130062 -0.0005797123989 -0.009604608071 0 0.002280017996 0.009658677903 -0.001229414131 0 0.009348052236 -0.002524653383 -0.002498008145 0 1.096853847 1.056943522 -0.4789743967 1


