mesh: pSphereShape1 tranform: pSphere1 -0.1081725508 0.09540750133 0.02746348066 0 0.04181426355 0.02771307641 0.06842250618 0 0.07028531257 0.1042021097 -0.0851575006 0 -3.119471907 0.1108813402 0.4688804197 1


mesh: pSphereShape2 tranform: pSphere2 -0.1611987145 0.1975659214 0.04974151526 0 0.1053538755 0.07075297713 0.06040290826 0 0.03047047851 0.05423768282 -0.1166775034 0 -3.37667658 0.3461571651 0.524796794 1


mesh: pSphereShape3 tranform: pSphere3 -0.06733469994 0.2858193224 -0.003428014529 0 0.117042252 0.028275255 0.05852055161 0 0.05705771678 0.01200369939 -0.1199163565 0 -3.583185996 0.7471576302 0.5774070014 1


mesh: pSphereShape4 tranform: pSphere4 -0.06567274295 0.0523453743 -0.1600482353 0 0.03008464883 0.1416044517 0.03396848837 0 0.1567615475 -0.01657425083 -0.06974488757 0 -3.668263919 1.066642997 0.4620251285 1


mesh: pSphereShape5 tranform: pSphere5 -0.05618601301 0.05425675044 -0.1696747662 0 0.02841386978 0.1316000237 0.03267266966 0 0.1645419579 -0.02038089286 -0.0610035177 0 -3.753673852 1.170880886 0.1985182206 1


mesh: pSphereShape6 tranform: pSphere6 -0.02850280609 -0.1791533543 -0.1951938193 0 0.05063211862 0.06552356568 -0.06753248686 0 0.0917129804 -0.04351178281 0.02654389654 0 -3.806025621 0.9663063224 -0.06631561062 1


mesh: pSphereShape7 tranform: pSphere7 0.07627043562 -0.1596168963 -0.1786316991 0 0.04822903043 0.07492734144 -0.04635918804 0 0.1046522444 -0.02557581109 0.06753674692 0 -3.72264958 0.6286927256 -0.3778351844 1


mesh: pSphereShape8 tranform: pSphere8 -0.04851362905 -0.1633055423 -0.08257593748 0 0.02494719319 0.01020094638 -0.03483036397 0 0.09011461101 -0.05174465953 0.0493897254 0 -3.662005925 0.3606908835 -0.5940198409 1


mesh: pSphereShape10 tranform: pSphere10 -0.02497400104 0.03583229161 -0.1782105229 0 -0.01342975715 0.1508056589 0.0322040866 0 0.2202794519 0.02512970804 -0.02581668108 0 -3.701798326 1.538294242 0.4234337708 1


mesh: pSphereShape11 tranform: pSphere11 -0.01462208563 0.01540376097 -0.07497196741 0 0.01508261021 0.1677512006 0.03152458526 0 0.08963805485 -0.004596545985 -0.0184268795 0 -3.719056203 1.352699571 0.3856154933 1


mesh: pSphereShape12 tranform: pSphere12 -0.08405809724 0.09205347927 -0.2908470453 0 0.02226562155 0.1583640052 0.04368740234 0 0.1655371573 -0.009266969214 -0.05077512549 0 -3.681457893 0.9240428398 0.3003859161 1


mesh: pSphereShape13 tranform: pSphere13 -0.05617307124 0.06840369976 -0.2004100583 0 0.04213187242 0.1949971723 0.05474700945 0 0.1849138684 -0.02318032765 -0.05974151286 0 -3.724197392 0.7112396745 0.2340655519 1


mesh: pSphereShape14 tranform: pSphere14 -0.05246967163 0.07023066267 -0.2034788291 0 0.04730550087 0.2274983757 0.06632266189 0 0.1818119395 -0.02193112946 -0.05445210474 0 -3.751929481 0.526680284 0.1789619687 1


mesh: pSphereShape15 tranform: pSphere15 -0.02699026205 0.05478029719 -0.1389312659 0 0.02326492573 0.3543982446 0.1352187688 0 0.1847216406 0.001361058604 -0.0353493237 0 -3.752224081 -0.08695696427 0.1631527693 1


mesh: pSphereShape16 tranform: pSphere16 -0.0166065386 0.03881501537 -0.09088936803 0 0.1366867331 0.317299666 0.1105310569 0 0.07584807567 -0.02424028133 -0.02421032225 0 -3.860804759 -0.7479913698 -0.04592301147 1


mesh: pSphereShape17 tranform: pSphere17 8.877507075e-07 0.0367796283 -0.1061819288 0 0.04610521793 0.08812488757 0.03052535942 0 0.2496018378 -0.1165977954 -0.0403854219 0 -3.857749115 -1.24537674 -0.2047978218 1


mesh: pSphereShape18 tranform: pSphere18 -0.01434437923 0.02968806354 -0.1235179754 0 -0.1644790958 0.3045754797 0.09230726688 0 0.1287451154 0.06902886575 0.001639960439 0 -3.640377088 0.02609533465 -0.1388458901 1


mesh: pSphereShape19 tranform: pSphere19 -0.01097338905 0.0184746434 -0.08373858213 0 0.04857881943 0.4187518835 0.08602029376 0 0.09926453029 -0.008460022395 -0.01487443631 0 -3.488938114 -0.6257098239 -0.3256938803 1


mesh: pSphereShape20 tranform: pSphere20 -0.03561113541 0.01836906806 -0.1082401249 0 0.003767808212 0.0809056946 0.01249062012 0 0.2488327536 0.001023861775 -0.08169252854 0 -3.314508852 -1.040847633 -0.4486873073 1


mesh: pSphereShape21 tranform: pSphere21 -0.0625319695 0.08369904976 -0.242500697 0 -0.06705654548 0.1158879508 0.05729010014 0 0.2265004436 0.1366224969 -0.0112508776 0 -3.834703765 0.3703106361 0.1418242378 1


mesh: pSphereShape22 tranform: pSphere22 -0.003633467863 0.002896106158 -0.00885496925 0 0.002023219777 0.009523027138 0.00228441149 0 0.009094201066 -0.0009615213173 -0.004046107232 0 -3.671569295 1.193429229 0.6650902971 1


mesh: pSphereShape23 tranform: pSphere23 -0.001876496831 0.001976811611 -0.009621381164 0 -7.251809691e-05 0.009792331029 0.002026078515 0 0.009822092484 0.0004499654164 -0.001823192353 0 -3.892961231 1.257680335 0.4252659834 1


mesh: pSphereShape24 tranform: pSphere24 -0.003007991138 0.002904705561 -0.009083758854 0 0.002050946018 0.009499042078 0.002358351124 0 0.009313732321 -0.001153639977 -0.00345304287 0 -3.857978251 1.356884059 0.1632738223 1


