mesh: pSphereShape1 tranform: pSphere1 -0.133533536 0.06103773371 0.001150937249 0 0.02791771841 0.06007671974 0.05300448411 0 0.03858771434 0.08665437912 -0.1185407593 0 -2.198532835 0.1217109542 0.4897135959 1


mesh: pSphereShape2 tranform: pSphere2 -0.2071036652 0.1564105846 -0.01163348953 0 0.08094434663 0.1097164702 0.03412100682 0 0.02394876052 0.02218028387 -0.1281339454 0 -2.511764215 0.283666966 0.4761929836 1


mesh: pSphereShape3 tranform: pSphere3 -0.0735980113 0.2636707441 -0.1062989631 0 0.1121694974 0.05200874603 0.05134323674 0 0.06466492115 -0.02762372432 -0.1132915806 0 -2.759375437 0.6321111621 0.3917416083 1


mesh: pSphereShape4 tranform: pSphere4 -0.06734325845 -0.009869253131 -0.1674391483 0 0.04033428797 0.141003635 -0.02453334831 0 0.1529775778 -0.05391168071 -0.0583492011 0 -2.84887118 0.8839669231 0.1679701571 1


mesh: pSphereShape5 tranform: pSphere5 -0.06417338245 -0.01156749061 -0.1750375945 0 0.0360313122 0.1319628665 -0.02193089096 0 0.1594233481 -0.05266435301 -0.05496842614 0 -2.942974978 0.8839719065 -0.1132399711 1


mesh: pSphereShape6 tranform: pSphere6 -0.1661503015 -0.1912381716 -0.0826498664 0 0.02832875573 0.01914005819 -0.1012359899 0 0.07717081376 -0.07061029418 0.008244775339 0 -3.135581828 0.6385116884 -0.2535004368 1


mesh: pSphereShape7 tranform: pSphere7 -0.120639814 -0.1937171294 -0.1054690757 0 0.03799339838 0.02508630562 -0.08953490458 0 0.1006551282 -0.07456435091 0.02182038725 0 -3.3610428 0.2504431848 -0.4032671996 1


mesh: pSphereShape8 tranform: pSphere8 -0.1713979824 -0.07967032361 -0.01079022528 0 0.01048064758 -0.01724583075 -0.03914477433 0 0.04046788945 -0.0941451258 0.05231197849 0 -3.571873881 -0.01370627843 -0.4949135739 1


mesh: pSphereShape10 tranform: pSphere10 -0.02662295522 -0.03460811908 -0.1782137499 0 -0.0237621357 0.1507751321 -0.02572991956 0 0.2181698275 0.02789719097 -0.038009384 0 -2.915009703 1.306341052 -0.0506406362 1


mesh: pSphereShape11 tranform: pSphere11 -0.01568869034 -0.01813441352 -0.07414098178 0 0.0001267279614 0.166439882 -0.04073695507 0 0.08975143742 -0.004450290991 -0.01790344638 0 -2.921050942 1.117655115 -0.01958751704 1


mesh: pSphereShape12 tranform: pSphere12 -0.07733671105 -0.02474069698 -0.3058407127 0 0.03408459789 0.1607919885 -0.02162595196 0 0.1643158135 -0.03998485393 -0.03831534178 0 -2.876119329 0.6909369112 0.07684225216 1


mesh: pSphereShape13 tranform: pSphere13 -0.04168570969 -0.006394147165 -0.2149885766 0 0.05436054975 0.198922937 -0.01645669126 0 0.185117214 -0.05342579601 -0.03430475311 0 -2.932753459 0.4731351616 0.09562684069 1


mesh: pSphereShape14 tranform: pSphere14 -0.03233272384 0.0004227109007 -0.2191881899 0 0.05890533829 0.2342099939 -0.008237519178 0 0.1831808016 -0.04702473128 -0.02711191756 0 -2.970357005 0.2833349917 0.1055700422 1


mesh: pSphereShape15 tranform: pSphere15 -0.0162591471 0.01801575601 -0.149807625 0 0.1311827751 0.3555295923 0.02851800334 0 0.1753639601 -0.06257523122 -0.02655811758 0 -3.116155765 -0.2911984447 0.2721651224 1


mesh: pSphereShape16 tranform: pSphere16 -0.004943161241 0.01693686087 -0.09865073575 0 0.2998222138 0.203203186 0.01986355729 0 0.04666481383 -0.06749173708 -0.01392559163 0 -3.48258567 -0.8555579902 0.2579039213 1


mesh: pSphereShape17 tranform: pSphere17 -0.001495308457 0.00388634482 -0.1122942716 0 0.08835554849 0.05492046171 0.0007241781066 0 0.1469525652 -0.2362823458 -0.01013421316 0 -3.763233766 -1.289494841 0.2412999576 1


mesh: pSphereShape18 tranform: pSphere18 0.002418932395 -0.0007039252585 -0.1278181749 0 -0.2124755849 0.2883797664 -0.005609232628 0 0.1175907272 0.08667377764 0.00174804685 0 -2.820768874 -0.2533122711 -0.04474810745 1


mesh: pSphereShape19 tranform: pSphere19 0.0006243952299 -0.001987127605 -0.08642649655 0 -0.0347293375 0.428723956 -0.01010817371 0 0.100397356 0.008145503137 0.0005380465239 0 -2.550304659 -0.8982011654 -0.04946380735 1


mesh: pSphereShape20 tranform: pSphere20 -0.02022652207 -0.006053924661 -0.1134713095 0 -0.01662491248 0.08023602885 -0.001317326073 0 0.2523154469 0.05149625691 -0.04772323895 0 -2.293458882 -1.274928512 -0.04947777572 1


mesh: pSphereShape21 tranform: pSphere21 -0.03853328673 0.0005037756924 -0.2612226985 0 -0.06236400665 0.1312636019 0.009452538298 0 0.2361101333 0.114669298 -0.03460775773 0 -3.061448741 0.1274360506 0.1145185456 1


mesh: pSphereShape22 tranform: pSphere22 -0.003725892271 -0.0005460349678 -0.009263885394 0 0.002712517256 0.009482621671 -0.001649889808 0 0.008874681793 -0.003127576068 -0.003385009752 0 -2.837253943 1.080010981 0.3049113995 1


mesh: pSphereShape23 tranform: pSphere23 -0.002013377465 -0.002327244578 -0.009514738244 0 -0.0009424179227 0.009714616465 -0.002176712061 0 0.009749777415 0.0004584316839 -0.002175242688 0 -3.08601941 1.033591054 0.06142120651 1


mesh: pSphereShape24 tranform: pSphere24 -0.003435605328 -0.0006192806249 -0.009370864823 0 0.002600781831 0.009525232493 -0.001582997101 0 0.009023998554 -0.002981012825 -0.003111432571 0 -3.041135041 1.048431516 -0.2134217799 1


