mesh: pSphereShape1 tranform: pSphere1 0.05664819512 0.1314639519 0.03265495647 0 -0.07651533981 0.03536427522 -0.009636254628 0 -0.02951412016 -0.02379919909 0.1470116307 0 1.088423692 0.007723042128 -0.1183763002 1


mesh: pSphereShape2 tranform: pSphere2 0.07088515876 0.2425419589 0.0603343155 0 -0.1328218365 0.04291224348 -0.01645701319 0 -0.02383043403 -0.02479573088 0.1276757543 0 1.23188898 0.3200899088 -0.03847136985 1


mesh: pSphereShape3 tranform: pSphere3 0.05452559291 0.2636305842 0.117321238 0 -0.1266199793 0.03661950484 -0.02343984821 0 -0.03552943227 -0.04604826552 0.1199867538 0 1.352060047 0.7551247955 0.09618444576 1


mesh: pSphereShape4 tranform: pSphere4 0.112305651 -0.01416230904 0.1409086752 0 -0.007327817224 0.1470774425 0.02062265842 0 -0.1347940556 -0.02147690914 0.1052736569 0 1.472020514 1.008973731 0.3104156174 1


mesh: pSphereShape5 tranform: pSphere5 0.1104457776 -0.01462736799 0.1499265141 0 -0.003640870891 0.1375531824 0.01610228749 0 -0.1423987406 -0.0158677707 0.1033522056 0 1.64542946 1.005550893 0.5507706521 1


mesh: pSphereShape6 tranform: pSphere6 0.09240884405 -0.2477423085 0.03306532193 0 0.02483380542 0.02279612151 0.1013962762 0 -0.09534429403 -0.03150188553 0.03043388349 0 1.772523404 0.7055855617 0.6389564866 1


mesh: pSphereShape7 tranform: pSphere7 0.04778679922 -0.2329666871 0.08152889908 0 0.01480974192 0.03550890676 0.09278528587 0 -0.123417319 -0.0162460379 0.0259163688 0 1.846320969 0.2509340735 0.741861079 1


mesh: pSphereShape8 tranform: pSphere8 0.07320086198 -0.1650348099 -0.05697546078 0 0.01192467153 -0.009012613854 0.04142645302 0 -0.1014295454 -0.0512213945 0.01805308705 0 1.92223361 -0.08760417272 0.7892290399 1


mesh: pSphereShape10 tranform: pSphere10 0.1629650955 -0.01235163332 0.08340539018 0 0.01100433119 0.1543918897 0.001362863069 0 -0.1013329699 0.005467643486 0.1988033557 0 1.571722432 1.438771184 0.4561028814 1


mesh: pSphereShape11 tranform: pSphere11 0.06159396797 -0.001166991369 0.04771476059 0 -0.01316445903 0.1695333087 0.02114010766 0 -0.05568076713 -0.01324606036 0.07155314848 0 1.568252152 1.252227015 0.4266356534 1


mesh: pSphereShape12 tranform: pSphere12 0.1712882287 -0.02411240881 0.264972725 0 0.002686023485 0.1652253749 0.01329909552 0 -0.1457697584 -0.005177053978 0.09375988589 0 1.493351376 0.8193703811 0.4114789823 1


mesh: pSphereShape13 tranform: pSphere13 0.1110697101 -0.01281884313 0.1884087798 0 -0.008226461038 0.2058471379 0.01885492181 0 -0.1685091086 -0.01573531041 0.09826797557 0 1.501423318 0.593730373 0.3959419231 1


mesh: pSphereShape14 tranform: pSphere14 0.1061424651 -0.0004692956661 0.1944803414 0 -0.01627838001 0.2409095939 0.009465662177 0 -0.1672082954 -0.01488258828 0.09122215749 0 1.501864682 0.3990932256 0.3886206488 1


mesh: pSphereShape15 tranform: pSphere15 0.06360626033 -0.01160552047 0.1372982425 0 0.1056311773 0.3646057246 -0.01811650988 0 -0.1625631022 0.05105317455 0.07962614423 0 1.311088792 -0.1795623803 0.2474270969 1


mesh: pSphereShape16 tranform: pSphere16 0.03536302675 0.006082902813 0.09357197441 0 -0.2629022172 0.2353644168 0.08405635678 0 -0.04925105655 -0.06312638786 0.02271682441 0 1.384657084 -0.7566718977 0.1726007414 1


mesh: pSphereShape17 tranform: pSphere17 0.01010912903 -0.02888484795 0.1081240682 0 -0.0781655971 0.0641557861 0.02444706603 0 -0.1820318474 -0.2071775259 -0.03832733978 0 1.589375446 -1.208914863 0.02453533178 1


mesh: pSphereShape18 tranform: pSphere18 0.05235463507 -0.01190341093 0.1160221254 0 0.09820243472 0.344406577 -0.008978801392 0 -0.1271212756 0.03784344564 0.06124568098 0 1.491856564 -0.1953762656 0.549897639 1


mesh: pSphereShape19 tranform: pSphere19 0.03661247944 -0.008736015648 0.07782728462 0 -0.07223318933 0.4163882762 0.08071990031 0 -0.08966885435 -0.02322742888 0.03957588806 0 1.438303257 -0.8977069553 0.5185830264 1


mesh: pSphereShape20 tranform: pSphere20 0.07270488722 0.007137702289 0.0893563252 0 -0.004175149677 0.08178434219 -0.003135743323 0 -0.2029699009 -0.004017464665 0.1654676285 0 1.313695987 -1.317099759 0.5596531307 1


mesh: pSphereShape21 tranform: pSphere21 0.1264977879 -0.0005592941859 0.2317765368 0 0.07425629277 0.1186398919 -0.04024092473 0 -0.1891662669 0.1535424192 0.1036126867 0 1.559510835 0.2299126935 0.3614705372 1


mesh: pSphereShape22 tranform: pSphere22 0.006213521094 -0.0007835563502 0.007796037138 0 -0.0004928023197 0.009891090708 0.001386892385 0 -0.007819801883 -0.001245939028 0.006107236237 0 1.451784172 1.196867945 0.1634210873 1


mesh: pSphereShape23 tranform: pSphere23 0.007904541707 -0.0001497635605 0.006123380706 0 -0.0001754147166 0.009987375263 0.0004707069446 0 -0.006122699574 -0.0004794853766 0.007891935358 0 1.662140036 1.177687085 0.2639315067 1


mesh: pSphereShape24 tranform: pSphere24 0.005912858067 -0.0007830951319 0.008026510543 0 -0.0002628022763 0.009928747962 0.001162281754 0 -0.008060337738 -0.0008981792288 0.005850147829 0 1.796784208 1.151849428 0.5998342272 1


