mesh: pSphereShape1 tranform: pSphere1 0.03462624959 0.137268101 0.03894388406 0 -0.07021988346 0.02852888528 -0.03812292308 0 -0.07731959355 -0.01724043854 0.1295158387 0 4.347506415 -0.01055229823 -0.2977813239 1


mesh: pSphereShape2 tranform: pSphere2 0.03231023355 0.2500705485 0.06254843556 0 -0.1243573744 0.0305563101 -0.05792658735 0 -0.05937868787 -0.02139017491 0.116191428 0 4.437551085 0.316323728 -0.1998779457 1


mesh: pSphereShape3 tranform: pSphere3 0.001279183494 0.2721939947 0.1102142961 0 -0.1158622502 0.02564086576 -0.06197998665 0 -0.0668029362 -0.043040767 0.1070722396 0 4.483651536 0.7655441121 -0.06488759083 1


mesh: pSphereShape4 tranform: pSphere4 0.05354144594 -0.01831715161 0.1716571598 0 -0.01909736104 0.1458861903 0.02152383154 0 -0.1631433712 -0.02841668194 0.04785363643 0 4.509306897 1.021034281 0.163704843 1


mesh: pSphereShape5 tranform: pSphere5 0.02013518771 -0.02129510096 0.1844756955 0 -0.01640286642 0.136442976 0.01754074831 0 -0.1743865791 -0.02306897233 0.01637099349 0 4.553146275 1.007992868 0.4539127948 1


mesh: pSphereShape6 tranform: pSphere6 -0.04891957683 -0.2478991976 0.08462756186 0 -0.03132280429 0.03848657064 0.09463219161 0 -0.0984483575 0.007291038662 -0.0355511761 0 4.513106256 0.7100362722 0.5993185364 1


mesh: pSphereShape7 tranform: pSphere7 -0.1338363304 -0.1929922286 0.08969868021 0 -0.02497665201 0.05471194274 0.08044930307 0 -0.1028877642 0.04293351514 -0.06114121212 0 4.301912913 0.3111285378 0.7227053337 1


mesh: pSphereShape8 tranform: pSphere8 -0.01605012781 -0.188618825 -0.002527856516 0 -0.01995991069 0.001172551079 0.0392403249 0 -0.1020946101 0.009387267543 -0.05221175806 0 4.144844337 0.008399873521 0.8008886758 1


mesh: pSphereShape10 tranform: pSphere10 0.03717241119 -0.02742258682 0.177574936 0 -0.003164584474 0.1528429532 0.02426572403 0 -0.2185300879 -0.01150524594 0.043968968 0 4.499481335 1.437076862 0.3737078055 1


mesh: pSphereShape11 tranform: pSphere11 0.0149591462 -0.01099791556 0.07567791577 0 -0.02591003967 0.1668177141 0.02936443456 0 -0.08884977135 -0.01647029975 0.01516925699 0 4.538474926 1.254393009 0.33931477 1


mesh: pSphereShape12 tranform: pSphere12 0.05401667215 -0.03512696821 0.3098062391 0 -0.01508543016 0.163727632 0.02119427962 0 -0.1701218783 -0.01923198028 0.02748123017 0 4.504334034 0.8256937413 0.2550734127 1


mesh: pSphereShape13 tranform: pSphere13 0.03014021355 -0.03088240873 0.2147941245 0 -0.02241526463 0.2030949045 0.03234567394 0 -0.1926784872 -0.02499918179 0.02344261424 0 4.530647749 0.6038162347 0.2293651627 1


mesh: pSphereShape14 tranform: pSphere14 0.02804394014 -0.01883029455 0.2189703262 0 -0.01966932626 0.2397288657 0.02313450707 0 -0.1888781229 -0.01768475277 0.02266917967 0 4.537344568 0.4118844529 0.207166535 1


mesh: pSphereShape15 tranform: pSphere15 0.01631659651 -0.01031182368 0.1505280267 0 0.06018878695 0.3747454759 0.01914748491 0 -0.1846003982 0.02852687288 0.02196411106 0 4.462305342 -0.1795828963 0.002889131181 1


mesh: pSphereShape16 tranform: pSphere16 0.009084924756 -0.001114014523 0.09979720876 0 -0.1248083254 0.3402536012 0.01515996005 0 -0.07777995064 -0.02883157742 0.006758768221 0 4.474726418 -0.8616878249 -0.06421954991 1


mesh: pSphereShape17 tranform: pSphere17 -0.02545068887 -0.0108621039 0.1089110655 0 -0.01547085758 0.1026657696 0.006623957542 0 -0.2680220701 -0.03611524048 -0.06623416799 0 4.429396346 -1.330540816 -0.1459004656 1


mesh: pSphereShape18 tranform: pSphere18 0.03285630377 -0.008234374714 0.1232740482 0 -0.002717478414 0.357390305 0.02459700181 0 -0.1411807779 -0.003646503271 0.03738541823 0 4.599238207 -0.1982347592 0.3488726543 1


mesh: pSphereShape19 tranform: pSphere19 0.022827162 -0.0040574049 0.08328466841 0 -0.08148984815 0.4202846771 0.04281036524 0 -0.09526221317 -0.02102582489 0.02508571779 0 4.66229133 -0.9198042 0.3086523075 1


mesh: pSphereShape20 tranform: pSphere20 0.04842864461 0.004580072556 0.1046670416 0 -0.001337093167 0.08188630509 -0.002964558893 0 -0.2376932165 0.0001002338979 0.1099744586 0 4.523569325 -1.33830298 0.3355700824 1


mesh: pSphereShape21 tranform: pSphere21 0.03342202753 -0.02244144794 0.2609630542 0 0.08328746013 0.1194646273 -0.0003934525182 0 -0.2145825633 0.1497339939 0.04035832581 0 4.601664482 0.2439456957 0.188679178 1


mesh: pSphereShape22 tranform: pSphere22 0.002962281068 -0.00101343082 0.009497254806 0 -0.00128431476 0.009810977921 0.00144749709 0 -0.009464429537 -0.001648535775 0.002776131 0 4.538040225 1.214776373 0.02601121784 1


mesh: pSphereShape23 tranform: pSphere23 0.001919752841 -0.001411396036 0.00971197767 0 -0.0005647260049 0.009863762154 0.001545082749 0 -0.009797736145 -0.0008450783346 0.001813893337 0 4.717167796 1.190619398 0.2697047111 1


mesh: pSphereShape24 tranform: pSphere24 0.00107796341 -0.001140060872 0.009876145812 0 -0.001183977889 0.009848611982 0.001266111522 0 -0.009870977218 -0.001305796017 0.0009266636492 0 4.65346241 1.15326057 0.5786233547 1


