mesh: pSphereShape1 tranform: pSphere1 -0.03105148641 0.1353460932 0.04770089191 0 0.05601755168 0.03222503036 -0.05496969996 0 -0.109409832 0.01176348721 -0.1045993009 0 -7.573534419 0.02721340877 0.1381681293 1


mesh: pSphereShape2 tranform: pSphere2 -0.04539049573 0.2499670378 0.05429291052 0 0.07705102277 0.03814102127 -0.1111860448 0 -0.1081457105 -0.003126882756 -0.07601673498 0 -7.654743816 0.3501639988 0.2551306732 1


mesh: pSphereShape3 tranform: pSphere3 -0.08613597981 0.2803422644 0.01507335037 0 0.07987872935 0.03008837559 -0.1031363758 0 -0.09960125045 -0.02604653272 -0.08473944442 0 -7.756830505 0.8029996184 0.333444678 1


mesh: pSphereShape4 tranform: pSphere4 -0.1797411954 -0.01017361801 0.01606191661 0 -0.01032316508 0.1465959491 -0.02266770843 0 -0.01362271411 -0.02719496657 -0.1696705435 0 -7.965899929 1.07077644 0.3399343678 1


mesh: pSphereShape5 tranform: pSphere5 -0.1864766692 -0.01071257593 -0.001371820815 0 -0.007745027772 0.1371359845 -0.01808739543 0 0.002607124543 -0.02295384317 -0.1751490504 0 -8.261292893 1.073345056 0.3399551665 1


mesh: pSphereShape6 tranform: pSphere6 -0.09639689446 -0.2342278201 -0.08278845591 0 -0.07933813627 0.05055904388 -0.05066388349 0 0.05915315966 0.006207095266 -0.0864378397 0 -8.420198123 0.7927026176 0.2601201555 1


mesh: pSphereShape7 tranform: pSphere7 -0.06348801556 -0.1617891459 -0.1816523081 0 -0.06524904224 0.0669175995 -0.03679561866 0 0.09118186308 0.04791782189 -0.07454647375 0 -8.51981664 0.4334676662 -0.0151456314 1


mesh: pSphereShape8 tranform: pSphere8 0.006182174709 -0.1836528589 -0.04554630561 0 -0.04227622741 0.001611245442 -0.01223521531 0 0.03202030532 0.02761482543 -0.1070028941 0 -8.593246018 0.1612422868 -0.2224647673 1


mesh: pSphereShape10 tranform: pSphere10 -0.1757503854 0.01592461335 -0.05024791586 0 0.01292257782 0.1542054833 0.00367208594 0 0.06135471116 -3.113784095e-05 -0.2146081047 0 -8.070648603 1.504890331 0.3101105509 1


mesh: pSphereShape11 tranform: pSphere11 -0.07676651026 0.001773431995 -0.01325273473 0 0.007968557539 0.1695507196 -0.02346924536 0 0.01513422766 -0.0130883293 -0.08941649618 0 -8.104803873 1.31789073 0.3388732708 1


mesh: pSphereShape12 tranform: pSphere12 -0.3154774673 -0.0189668253 0.01567921246 0 -0.0104704041 0.1650864015 -0.01097068053 0 -0.007867923329 -0.0119825285 -0.1728035166 0 -8.068129915 0.8816356678 0.3087600246 1


mesh: pSphereShape13 tranform: pSphere13 -0.2180166447 -0.02044933012 0.007017056245 0 -0.0196619589 0.2056025528 -0.01171429028 0 -0.005195270791 -0.01162344524 -0.1952880421 0 -8.057979381 0.6590502425 0.3260161453 1


mesh: pSphereShape14 tranform: pSphere14 -0.221213065 -0.007846510064 0.009605126933 0 -0.00919491068 0.2410103619 -0.01488206717 0 -0.007844164641 -0.01206308176 -0.1905112559 0 -8.047016273 0.4643917714 0.3264272066 1


mesh: pSphereShape15 tranform: pSphere15 -0.1493476434 0.01901607507 -0.01910293587 0 0.04144668737 0.3745914402 0.04885604341 0 0.02636532791 0.02121261044 -0.185009206 0 -7.906304027 -0.1405289471 0.2740883498 1


mesh: pSphereShape16 tranform: pSphere16 -0.09837538717 0.01411240638 -0.01289895142 0 0.05605774061 0.3564032254 -0.03759955127 0 0.009310282863 -0.01012383498 -0.08208220346 0 -7.957829676 -0.8449783437 0.2325929356 1


mesh: pSphereShape17 tranform: pSphere17 -0.09948646915 -0.008628930246 -0.05152986584 0 -0.007618144758 0.1037225546 -0.002660832957 0 0.1278442211 0.003044888108 -0.2473331548 0 -7.91171337 -1.30539705 0.09926778885 1


mesh: pSphereShape18 tranform: pSphere18 -0.1126976727 0.009912589468 0.05953828784 0 0.0370041785 0.3561677451 0.01074502109 0 -0.06730281484 0.01089045297 -0.1292080016 0 -8.269861004 -0.13440995 0.3672861891 1


mesh: pSphereShape19 tranform: pSphere19 -0.07550180783 0.006095294201 0.04166776038 0 -0.06715259388 0.3858437147 -0.1781226811 0 -0.04647873289 -0.04399739346 -0.07778318948 0 -8.28006446 -0.8247645189 0.4931628818 1


mesh: pSphereShape20 tranform: pSphere20 -0.03369740283 0.01060586268 0.1098794839 0 -0.0259391509 0.07621460674 -0.01531135395 0 -0.2363762305 -0.09320504422 -0.06349452061 0 -8.3915626 -1.286292809 0.5658220706 1


mesh: pSphereShape21 tranform: pSphere21 -0.2636358911 -0.009351263555 0.01144713671 0 -0.0004138091702 0.1173074612 0.08629913853 0 -0.01480148657 0.1566100588 -0.2129529181 0 -8.042484063 0.2942595276 0.3873922673 1


mesh: pSphereShape22 tranform: pSphere22 -0.009944519259 -0.0005628745266 0.0008886557069 0 -0.0006942421653 0.009858709843 -0.001524423843 0 -0.0007902939415 -0.001577660453 -0.009843090113 0 -7.828655247 1.258229914 0.3977809678 1


mesh: pSphereShape23 tranform: pSphere23 -0.00985168032 0.0002275899351 -0.001700763855 0 0.0003026917294 0.009986717398 -0.0004169572322 0 0.001689015272 -0.0004622536511 -0.009845483684 0 -8.114193232 1.242125197 0.5259967572 1


mesh: pSphereShape24 tranform: pSphere24 -0.009983270537 -0.0005735116577 -7.3442208e-05 0 -0.0005590450717 0.009898634139 -0.001305569144 0 0.0001475736671 -0.001299279246 -0.009914136143 0 -8.38830233 1.22593095 0.4254238932 1


