mesh: pSphereShape1 tranform: pSphere1 0.0366965112 0.1389628984 0.03001355981 0 -0.04991531789 0.02681951264 -0.06314476521 0 -0.1167545056 0.009982381111 0.09653311464 0 3.404213591 -0.1667522345 -0.527090574 1


mesh: pSphereShape2 tranform: pSphere2 0.03545603823 0.2535497629 0.0441239649 0 -0.1121416159 0.02950302817 -0.0794214297 0 -0.07763770738 -0.007721241804 0.1067547887 0 3.495154352 0.1648317275 -0.4473925994 1


mesh: pSphereShape3 tranform: pSphere3 -0.02686107327 0.2804607008 0.08281712476 0 -0.1035069193 0.01477646854 -0.08361224428 0 -0.0836833594 -0.03669055943 0.09711077492 0 3.521472969 0.6218316612 -0.3489404978 1


mesh: pSphereShape4 tranform: pSphere4 0.01464926856 -0.003500597604 0.1801153234 0 -0.05555363435 0.1377417338 0.007195381646 0 -0.1592818096 -0.06485201582 0.01169440309 0 3.482936976 0.8894050556 -0.1433879392 1


mesh: pSphereShape5 tranform: pSphere5 -0.01641242377 -0.01285352134 0.1856222203 0 -0.04958088937 0.1292837272 0.004568464802 0 -0.1642329522 -0.06231845365 -0.01883649693 0 3.462580666 0.8913393041 0.1499985116 1


mesh: pSphereShape6 tranform: pSphere6 0.02185105633 -0.2525211183 0.08224705184 0 -0.05766917875 0.02330779701 0.08688266972 0 -0.08791098677 -0.02447401688 -0.05178615031 0 3.489354635 0.5921657955 0.2975402655 1


mesh: pSphereShape7 tranform: pSphere7 -0.08501588232 -0.2265145685 0.06831886182 0 -0.05392704332 0.04237413871 0.07338682821 0 -0.09827782912 0.01286400077 -0.0796455419 0 3.395155426 0.1452716109 0.3919995386 1


mesh: pSphereShape8 tranform: pSphere8 0.03082220233 -0.1866702127 -0.006729140953 0 -0.02138412868 -0.004907417092 0.03818654615 0 -0.09882158616 -0.01425607882 -0.05717128832 0 3.318581565 -0.1907965578 0.451659487 1


mesh: pSphereShape10 tranform: pSphere10 -0.005676022825 -0.01598336904 0.1826990941 0 -0.01074706559 0.1538571103 0.01312625219 0 -0.2225605519 -0.01484536384 -0.008213164429 0 3.411535021 1.318657736 0.034225302 1


mesh: pSphereShape11 tranform: pSphere11 -0.002127652108 -0.00734661062 0.07754597053 0 -0.0391732598 0.1661687718 0.01466781816 0 -0.08916621603 -0.02063189413 -0.004401120751 0 3.458040552 1.134452549 0.02285575735 1


mesh: pSphereShape12 tranform: pSphere12 -0.01689955071 -0.01882826215 0.3154227517 0 -0.05491255923 0.1562924109 0.006387354417 0 -0.1633462415 -0.0568944303 -0.01214782802 0 3.499623546 0.6993202114 -0.04348151069 1


mesh: pSphereShape13 tranform: pSphere13 -0.0196941101 -0.00554329823 0.2181285984 0 -0.08358947925 0.1892129124 -0.002738553357 0 -0.1781487981 -0.07896347397 -0.01809116347 0 3.58498032 0.488431529 -0.03942327268 1


mesh: pSphereShape14 tranform: pSphere14 -0.02708648811 -0.001601642134 0.2198927085 0 -0.08876246214 0.2245590928 -0.0092981713 0 -0.1761559491 -0.07054969072 -0.02221283922 0 3.648551846 0.3058348573 -0.03618129982 1


mesh: pSphereShape15 tranform: pSphere15 -0.01918121962 0.01297486603 0.1499832841 0 -0.1337072241 0.352534244 -0.04759698562 0 -0.174441045 -0.06837445881 -0.01639411062 0 3.866862418 -0.2550012144 -0.1710034852 1


mesh: pSphereShape16 tranform: pSphere16 -0.01588728256 0.01187835051 0.09823318586 0 -0.253333027 0.2496752959 -0.07116234702 0 -0.05808714175 -0.0595629092 -0.002192107679 0 4.205232766 -0.8557696887 -0.09878989364 1


mesh: pSphereShape17 tranform: pSphere17 -0.03121574864 0.003866225767 0.1078794345 0 -0.07234376945 0.07098370205 -0.02347717109 0 -0.1845449064 -0.2033320674 -0.04611240091 0 4.400332353 -1.326852612 -0.05209566092 1


mesh: pSphereShape18 tranform: pSphere18 -0.03128376692 0.0002022280918 0.1239561116 0 0.1861051964 0.3025642731 0.04647519605 0 -0.1196040544 0.07822384135 -0.03031302263 0 3.503817331 -0.239113188 0.08617066697 1


mesh: pSphereShape19 tranform: pSphere19 -0.0199222687 -0.002227796804 0.08409529109 0 -0.05918843444 0.4261476208 -0.002732585668 0 -0.09703316957 -0.01362683313 -0.02334825966 0 3.32997224 -0.898080795 0.05292436431 1


mesh: pSphereShape20 tranform: pSphere20 -0.008053573535 0.008105095276 0.1148518509 0 0.00439013087 0.08165121508 -0.005454284201 0 -0.2608862725 0.01274494357 -0.01919312353 0 3.1639746 -1.311247016 0.01078697007 1


mesh: pSphereShape21 tranform: pSphere21 -0.03228096148 -0.001908794814 0.262062325 0 0.04512666924 0.1383084332 0.0065661277 0 -0.2496332836 0.08288043319 -0.03014626642 0 3.758136639 0.1630175675 -0.01954835856 1


mesh: pSphereShape22 tranform: pSphere22 0.0008104983001 -0.0001936771379 0.009965218596 0 -0.003736032032 0.009263255875 0.0004838959076 0 -0.009240408928 -0.003762257269 0.0006784269149 0 3.499210821 1.082977036 -0.2833385986 1


mesh: pSphereShape23 tranform: pSphere23 -0.0002730480822 -0.0009428129403 0.009951710833 0 -0.001331760389 0.009870108225 0.0008985420986 0 -0.009907162006 -0.001300794909 -0.000395061505 0 3.650480848 1.077795583 -0.001649259255 1


mesh: pSphereShape24 tranform: pSphere24 -0.0008786604103 -0.0006881299494 0.009937526506 0 -0.003578805999 0.009331849114 0.0003297570787 0 -0.009296241364 -0.003527473499 -0.001066220996 0 3.49860586 1.057964346 0.2828782949 1


