mesh: pSphereShape1 tranform: pSphere1 -0.06664809753 0.07855378223 -0.1046205966 0 -0.02176983574 0.05831280149 0.05765221614 0 0.1295490056 0.07458830008 -0.02652442988 0 0.1348182838 0.2064514871 1.511824318 1


mesh: pSphereShape2 tranform: pSphere2 -0.10600789 0.1721075708 -0.1631957368 0 -0.0002404971756 0.09662916805 0.102062139 0 0.1207171221 0.03932258806 -0.03694491296 0 -0.0174593772 0.3982853544 1.257635294 1


mesh: pSphereShape3 tranform: pSphere3 -0.03220367833 0.2510776833 -0.1488667799 0 0.001964750345 0.06845694965 0.1150339931 0 0.1325215564 0.01157225504 -0.009150104465 0 -0.1533790532 0.7485855537 0.9891620792 1


mesh: pSphereShape4 tranform: pSphere4 0.1318363044 0.01145937874 -0.1231107487 0 0.01415011547 0.1452189896 0.0286702694 0 0.1167715964 -0.03541530779 0.1217513374 0 -0.06852836415 1.007980767 0.7934424988 1


mesh: pSphereShape5 tranform: pSphere5 0.1532967551 0.009399773038 -0.1063105755 0 0.008322091553 0.136184335 0.02404136613 0 0.1003818558 -0.03120033969 0.1419890408 0 0.1677281629 1.043396661 0.6209981456 1


mesh: pSphereShape6 tranform: pSphere6 0.09627621657 -0.2465403817 -0.03094659407 0 0.09834679758 0.03994292846 -0.01224972439 0 0.015683736 -0.006869284388 0.1035179106 0 0.3195153074 0.7575128276 0.5474661516 1


mesh: pSphereShape7 tranform: pSphere7 0.1392487638 -0.2052987766 0.04081924791 0 0.0836026302 0.05505355203 -0.008308238089 0 -0.002726933456 0.02300841135 0.1250224116 0 0.524377785 0.3405554036 0.61234489 1


mesh: pSphereShape8 tranform: pSphere8 0.0003875535313 -0.1882147276 -0.02039911565 0 0.04402201175 -4.798957959e-05 0.001279135439 0 -0.003335735607 -0.01239881117 0.1143356472 0 0.6593255169 0.02144511949 0.6609473701 1


mesh: pSphereShape10 tranform: pSphere10 0.1389235544 0.01039878328 -0.1194100317 0 0.01186224753 0.1519483686 0.02703310349 0 0.1448033775 -0.04064656457 0.1649268893 0 0.09133240311 1.440260745 0.8070258047 1


mesh: pSphereShape11 tranform: pSphere11 0.06111577184 0.006024913383 -0.04796290221 0 0.02386630726 0.161915265 0.05075033253 0 0.05539104293 -0.02914003188 0.06692047449 0 0.05472629576 1.263688199 0.7489132428 1


mesh: pSphereShape12 tranform: pSphere12 0.2593624653 0.01584718028 -0.1805867908 0 0.007832043755 0.1636047778 0.02560548625 0 0.09899793285 -0.0266262939 0.1398463096 0 0.03501381944 0.8289491855 0.7340524956 1


mesh: pSphereShape13 tranform: pSphere13 0.1792317914 0.024439213 -0.1236016237 0 -2.326016472e-05 0.2029498563 0.04009466588 0 0.1125469974 -0.03101752545 0.1570687785 0 0.03442130312 0.6097499113 0.6880585252 1


mesh: pSphereShape14 tranform: pSphere14 0.1843223435 0.02410153872 -0.1205547006 0 -0.004853676009 0.2382266955 0.04020572375 0 0.1059432184 -0.02435750217 0.1571124885 0 0.04222332282 0.4179054506 0.6635188649 1


mesh: pSphereShape15 tranform: pSphere15 0.1447112107 0.001365245187 -0.04569522354 0 0.01148411291 0.3768595873 0.04762829575 0 0.05637006792 -0.02418781048 0.1777944795 0 -0.1478121365 -0.1808746053 0.6870718242 1


mesh: pSphereShape16 tranform: pSphere16 0.09560845289 0.00130449932 -0.03000969478 0 0.0271812927 0.3471316708 0.1016869512 0 0.02415358804 -0.02412581324 0.07590264058 0 -0.2107609367 -0.8820744142 0.5861217962 1


mesh: pSphereShape17 tranform: pSphere17 0.1103316208 -0.01072360855 0.01841957432 0 0.01021407332 0.1035293802 -0.0009080947191 0 -0.04518632424 0.006867169197 0.2746600512 0 -0.2916752553 -1.328650793 0.6738400928 1


mesh: pSphereShape18 tranform: pSphere18 0.09448357284 0.01230530978 -0.08523653205 0 -0.1117134503 0.331805325 -0.07593127565 0 0.08723444824 0.05325863811 0.104387006 0 0.2903314619 -0.1648292465 0.6130046774 1


mesh: pSphereShape19 tranform: pSphere19 0.0630559514 0.009270308691 -0.05841135354 0 -0.07993512465 0.4223170785 -0.01926638545 0 0.06631965999 0.01593431404 0.07412198151 0 0.4943966805 -0.8534884265 0.7052591742 1


mesh: pSphereShape20 tranform: pSphere20 0.05434064474 0.003881551277 -0.1017522882 0 -0.01405909623 0.08061410115 -0.004433046117 0 0.2266476926 0.04628058448 0.1228063017 0 0.746549626 -1.22821756 0.859257585 1


mesh: pSphereShape21 tranform: pSphere21 0.2196705031 0.02872357759 -0.1436739097 0 -0.05406008337 0.1220338654 -0.05825801309 0 0.109192841 0.1415856229 0.1952566893 0 0.02130042911 0.2536032895 0.5910668647 1


mesh: pSphereShape22 tranform: pSphere22 0.007294091184 0.0006340116539 -0.006811333425 0 0.0009516080317 0.009766108069 0.001928101484 0 0.006774265713 -0.002054546763 0.007063155219 0 -0.2221404039 1.181552637 0.8534198623 1


mesh: pSphereShape23 tranform: pSphere23 0.00784317334 0.0007731955042 -0.006155225477 0 0.0008000886207 0.009713082691 0.002239616674 0 0.006151787558 -0.002249042765 0.007556276628 0 -0.08318985523 1.22146457 0.6073502685 1


mesh: pSphereShape24 tranform: pSphere24 0.008206940768 0.0005032290508 -0.005691474656 0 0.0006006982036 0.009829942971 0.001735333643 0 0.005682014159 -0.001766063902 0.008037147093 0 0.2124456238 1.212584022 0.4941330938 1


