mesh: pSphereShape1 tranform: pSphere1 0.1324758288 0.06289921717 -0.007209582765 0 -0.03657751127 0.07621047183 -0.007220543194 0 0.001161230669 0.01487206955 0.1510873185 0 -0.5668897002 0.8236684887 0.5339498921 1


mesh: pSphereShape2 tranform: pSphere2 0.2481189809 0.02745575139 -0.07193532002 0 -0.02055571284 0.1378284382 -0.01829531287 0 0.03408536973 0.02179343948 0.1258850653 0 -0.2351736237 0.8661708812 0.4658630907 1


mesh: pSphereShape3 tranform: pSphere3 0.2873614964 0.05145312207 -0.03184877904 0 -0.02566278225 0.1294753142 -0.02237405585 0 0.0100812523 0.02457816467 0.130667083 0 0.2206625242 0.9212480648 0.3594177113 1


mesh: pSphereShape4 tranform: pSphere4 0.1800119506 0.01293320468 0.009839453509 0 -0.01098727112 0.1481578323 0.006269101909 0 -0.008829833944 -0.007931334081 0.1719661765 0 0.5953435415 1.025752735 0.3444697002 1


mesh: pSphereShape5 tranform: pSphere5 0.1861838092 0.01356930783 0.006453866576 0 -0.01045571615 0.1375928947 0.01234062058 0 -0.00491915743 -0.01614638295 0.1758577894 0 0.888688422 1.066392734 0.367188387 1


mesh: pSphereShape6 tranform: pSphere6 0.2639121759 0.005971927299 -0.03638215032 0 -0.002509066867 0.1068215636 -0.0006663345666 0 0.01430655464 0.0009843964745 0.1039397803 0 1.218215392 1.027013755 0.3362997311 1


mesh: pSphereShape7 tranform: pSphere7 0.2480821213 0.04057393407 0.003610243274 0 -0.01626360403 0.09899134874 0.005052548429 0 -0.0007672699952 -0.006607007161 0.1269771055 0 1.689850076 1.052236189 0.3596925443 1


mesh: pSphereShape8 tranform: pSphere8 0.1634054405 -0.04608988104 -0.08375823961 0 0.01095449898 0.04260604487 -0.00207362058 0 0.05056336504 -0.007985536827 0.1030391925 0 2.036703887 1.066665763 0.3239049549 1


mesh: pSphereShape10 tranform: pSphere10 0.1819461559 0.01887331468 -0.01435404704 0 -0.01386613443 0.1522255372 0.02439107298 0 0.02079002429 -0.03331274987 0.2197250003 0 0.6968239043 1.460794589 0.4642500504 1


mesh: pSphereShape11 tranform: pSphere11 0.07724641773 0.01007508889 -0.001833212598 0 -0.01962675555 0.1606968709 0.05615207978 0 0.005903905031 -0.02951899936 0.08654150208 0 0.7099905852 1.281892141 0.4036129605 1


mesh: pSphereShape12 tranform: pSphere12 0.3155010308 0.02253775983 0.009097222509 0 -0.01195868372 0.1652643958 0.005307969888 0 -0.004574027837 -0.005894997595 0.1732364506 0 0.7185646521 0.8521300815 0.4009525825 1


mesh: pSphereShape13 tranform: pSphere13 0.2182956865 0.01593593818 0.009576570269 0 -0.01601942471 0.2048095119 0.02434479006 0 -0.006793956174 -0.02360966505 0.1941544245 0 0.7431901035 0.6264162704 0.3819026002 1


mesh: pSphereShape14 tranform: pSphere14 0.2204907804 0.01691096155 0.0136704597 0 -0.02020453816 0.2388739666 0.03038126964 0 -0.009819611575 -0.02489033562 0.1891709119 0 0.7577584996 0.4319781361 0.3691878331 1


mesh: pSphereShape15 tranform: pSphere15 0.1516719884 -0.002066152562 0.004752978028 0 0.006487098947 0.3775475072 -0.04288689022 0 -0.005562958791 0.02131302371 0.186784154 0 0.5784499266 -0.1643667529 0.3950295235 1


mesh: pSphereShape16 tranform: pSphere16 0.1001493314 0.000707635795 0.003587539192 0 -0.004535366222 0.3583738593 0.05592014838 0 -0.002852900884 -0.01285899103 0.08217766626 0 0.5373870085 -0.8683962598 0.41828742 1


mesh: pSphereShape17 tranform: pSphere17 0.108807291 0.0001109308626 0.02807675504 0 -0.0006966395706 0.1040084643 0.002288787139 0 -0.06954486711 -0.006397156263 0.2695360709 0 0.479114187 -1.336983849 0.5487216641 1


mesh: pSphereShape18 tranform: pSphere18 0.126982903 0.008199327215 0.01232663584 0 -0.01220733546 0.3430686683 -0.1024455812 0 -0.0161688856 0.04101614171 0.1392810891 0 0.9538044506 -0.1572508838 0.4742432689 1


mesh: pSphereShape19 tranform: pSphere19 0.08613644195 0.003566735223 0.006455200964 0 -0.02934526888 0.3919476334 0.1750098295 0 -0.005161303568 -0.04133662165 0.09171102695 0 1.007641445 -0.8362112606 0.4645247352 1


mesh: pSphereShape20 tranform: pSphere20 0.1115790632 0.01628371941 -0.02462627474 0 -0.008249539897 0.08003871137 0.01554648392 0 0.06158626437 -0.04240596897 0.2510006426 0 1.056281305 -1.267980361 0.5170211251 1


mesh: pSphereShape21 tranform: pSphere21 0.2627750914 0.02015403754 0.01629209299 0 -0.004536843892 0.1225936745 -0.0784790482 0 -0.02464098269 0.1414743199 0.2224243211 0 0.7789797751 0.2672165777 0.2978748169 1


mesh: pSphereShape22 tranform: pSphere22 0.0099594993 0.0007155538423 0.0005443862477 0 -0.0007389038961 0.009963747897 0.0004216027595 0 -0.0005122447856 -0.0004601201508 0.009976266573 0 0.4467117566 1.185934263 0.2466351073 1


mesh: pSphereShape23 tranform: pSphere23 0.009913268309 0.001292966875 -0.0002352617621 0 -0.001202480801 0.00964632364 0.002345736592 0 0.0005302370809 -0.002297101846 0.009718136228 0 0.6863056865 1.239840801 0.2073618826 1


mesh: pSphereShape24 tranform: pSphere24 0.009967591899 0.0007264505078 0.0003455161245 0 -0.0007547056974 0.009931614442 0.0008907602815 0 -0.0002784439673 -0.0009139497954 0.0099542536 0 0.997597025 1.230626079 0.2783904131 1


