mesh: pSphereShape1 tranform: pSphere1 -0.04387440017 0.1342202899 -0.04022543489 0 0.06928388398 0.03338401868 0.0358236976 0 0.0749681898 -0.01481082753 -0.1311880888 0 1.908611064 -0.05180320433 1.915907595 1


mesh: pSphereShape2 tranform: pSphere2 -0.05343544635 0.2460612085 -0.06395367034 0 0.1218237279 0.04119482316 0.05670890624 0 0.06007195036 -0.01724040228 -0.1165244412 0 1.792840535 0.266187924 1.816024106 1


mesh: pSphereShape3 tranform: pSphere3 -0.02156967362 0.2704447704 -0.1123956115 0 0.1139443202 0.03452909906 0.06121655798 0 0.06931288158 -0.03895737189 -0.1070404224 0 1.711303003 0.7090864177 1.678098952 1


mesh: pSphereShape4 tranform: pSphere4 -0.06509171186 0.003452422075 -0.1685809444 0 0.02437708249 0.1465449386 -0.006411229053 0 0.1583067001 -0.02903376829 -0.06171925876 0 1.660653693 0.9814348661 1.454005286 1


mesh: pSphereShape5 tranform: pSphere5 -0.04735131263 0.002761314825 -0.1806665925 0 0.01763969266 0.137389561 -0.002523359542 0 0.1694083255 -0.02257245766 -0.04474560642 0 1.581457814 1.005895465 1.170663627 1


mesh: pSphereShape6 tranform: pSphere6 0.008474207709 -0.2497754252 -0.09246289077 0 0.02062620271 0.03701226297 -0.09809300703 0 0.102896893 -0.003964639388 0.02014039489 0 1.571824999 0.7138811057 1.01206685 1


mesh: pSphereShape7 tranform: pSphere7 0.08610159895 -0.2088201699 -0.1103841845 0 0.01940950578 0.05219314623 -0.08359704995 0 0.1169076314 0.02545465909 0.04303594557 0 1.707419604 0.2925635143 0.8552351693 1


mesh: pSphereShape8 tranform: pSphere8 -0.01713517551 -0.1884500497 -0.005832866292 0 0.01905801217 -0.0005040901993 -0.03970030321 0 0.103199717 -0.01092129451 0.04967938832 0 1.803258318 -0.02888081182 0.7564096184 1


mesh: pSphereShape10 tranform: pSphere10 -0.05857920468 -0.001072180038 -0.1738791866 0 0.003015123674 0.1547476542 -0.001969993645 0 0.2114806197 -0.005027121437 -0.07121597917 0 1.661215821 1.421970651 1.305348243 1


mesh: pSphereShape11 tranform: pSphere11 -0.02276747749 0.0009642322575 -0.07451569876 0 0.02867241046 0.1688087581 -0.006576166066 0 0.08627773059 -0.01568924217 -0.02656425954 0 1.625132229 1.236171982 1.317654515 1


mesh: pSphereShape12 tranform: pSphere12 -0.07815294371 0.004417972965 -0.3066010591 0 0.01670113114 0.16492738 -0.001880612733 0 0.1671148782 -0.01741123405 -0.04284865182 0 1.654639272 0.7990478514 1.339087159 1


mesh: pSphereShape13 tranform: pSphere13 -0.05505831425 0.01609490172 -0.2114431548 0 0.02396693056 0.2052650902 0.009383811268 0 0.1880600991 -0.01965100837 -0.05046535128 0 1.625302216 0.5774917047 1.328133804 1


mesh: pSphereShape14 tranform: pSphere14 -0.05231746214 0.01156012821 -0.2149844016 0 0.02349086169 0.2403917972 0.007209721808 0 0.1847197192 -0.01667555325 -0.04584908662 0 1.616027142 0.3834554252 1.319043563 1


mesh: pSphereShape15 tranform: pSphere15 -0.01605929855 0.01494513934 -0.1501665528 0 0.08000521422 0.3704337248 0.02831093829 0 0.1827830766 -0.03769629785 -0.02329909261 0 1.557970692 -0.2023418726 1.489278088 1


mesh: pSphereShape16 tranform: pSphere16 -0.009366739213 0.01190234325 -0.09906491904 0 0.1732688985 0.3179330337 0.02181583081 0 0.07270292259 -0.03883022571 -0.01153950361 0 1.35486002 -0.8768113985 1.474101475 1


mesh: pSphereShape17 tranform: pSphere17 0.01591657359 -0.003858914219 -0.1111715545 0 0.01765807338 0.1025212903 -0.00103052297 0 0.2715479268 -0.04636393276 0.04048721833 0 1.346858453 -1.329879479 1.492354972 1


mesh: pSphereShape18 tranform: pSphere18 -0.03679934193 -0.001630588044 -0.1224213307 0 -0.1473520927 0.3240824621 0.03997681636 0 0.1263477895 0.06223432528 -0.03880854772 0 1.703677175 -0.206024689 1.125626713 1


mesh: pSphereShape19 tranform: pSphere19 -0.02605283383 -3.316985707e-05 -0.0824325579 0 -0.1028344598 0.4165239092 0.03233325669 0 0.09297954095 0.02523740146 -0.02939636611 0 1.94770548 -0.8832625503 1.036383821 1


mesh: pSphereShape20 tranform: pSphere20 -0.0402964254 -0.01102422285 -0.1075925875 0 -0.02490417854 0.07806381929 0.00132868291 0 0.2321572173 0.07567545953 -0.09470326309 0 2.256567275 -1.224136643 0.9523562103 1


mesh: pSphereShape21 tranform: pSphere21 -0.06235057025 0.01377705562 -0.2562127344 0 -0.07948708797 0.1192774725 0.02575733658 0 0.2128492377 0.1512726973 -0.0436636337 0 1.549601104 0.215343299 1.321899149 1


mesh: pSphereShape22 tranform: pSphere22 -0.003601321227 0.0001910117363 -0.009327057411 0 0.001639380791 0.00985527934 -0.0004311609382 0 0.00918383994 -0.00168433478 -0.003580516765 0 1.649630131 1.159172619 1.614033125 1


mesh: pSphereShape23 tranform: pSphere23 -0.002921819803 0.0001237428655 -0.009562826818 0 0.0007523941822 0.009971144887 -0.000100859526 0 0.009533985108 -0.0007489708624 -0.0029226992 0 1.452111185 1.16601652 1.395021852 1


mesh: pSphereShape24 tranform: pSphere24 -0.002535013985 0.0001478305734 -0.009672220542 0 0.00127325344 0.009916937585 -0.0001821390133 0 0.009589188171 -0.001277691302 -0.002532780125 0 1.468344627 1.166990492 1.081374462 1


