mesh: pSphereShape1 tranform: pSphere1 0.1021774687 0.1054414108 -9.28889622e-05 0 -0.0425102455 0.04114076481 -0.06081449736 0 -0.07810518614 0.07578069721 0.1058620355 0 -0.1303942952 0.05288381228 -0.3593470143 1


mesh: pSphereShape2 tranform: pSphere2 0.1454511032 0.2151190438 0.007701349424 0 -0.1107408187 0.07633655747 -0.0407815553 0 -0.0338983737 0.01839219739 0.126477047 0 0.1092666978 0.3118087835 -0.3468340881 1


mesh: pSphereShape3 tranform: pSphere3 0.05271133777 0.2777700734 0.07939583942 0 -0.1185859297 0.03681062868 -0.05005385753 0 -0.0570673559 -0.02298429191 0.1182989586 0 0.290744701 0.7258458655 -0.288031157 1


mesh: pSphereShape4 tranform: pSphere4 0.04821854984 0.007466665468 0.1740333455 0 -0.03874507331 0.1434873485 0.004578773201 0 -0.1599412034 -0.04466325359 0.04623032694 0 0.3463925458 1.003755866 -0.08845385645 1


mesh: pSphereShape5 tranform: pSphere5 0.03824409421 0.006017847276 0.1827330405 0 -0.036165963 0.1336989768 0.003166118568 0 -0.1666600192 -0.04594384714 0.03639322431 0 0.4022060869 1.032116196 0.2008561655 1


mesh: pSphereShape6 tranform: pSphere6 0.0178464504 -0.2373127154 0.1198880341 0 -0.06390422697 0.03473835715 0.07827568074 0 -0.08379791353 -0.03337944694 -0.05359894282 0 0.4407475706 0.7524249253 0.3825330942 1


mesh: pSphereShape7 tranform: pSphere7 -0.08437761614 -0.2162550488 0.09653076518 0 -0.05968007938 0.05118819604 0.06250901455 0 -0.09294548194 -0.002450141287 -0.08673269714 0 0.3467661535 0.3216996319 0.5366774124 1


mesh: pSphereShape8 tranform: pSphere8 0.066018994 -0.1772916539 0.007086586285 0 -0.02669708035 -0.008583973655 0.03395816995 0 -0.08223965568 -0.0335472995 -0.07313491377 0 0.294067267 -0.01196530301 0.6234855619 1


mesh: pSphereShape10 tranform: pSphere10 0.00808436143 -0.0146396219 0.1827210138 0 0.01676761013 0.1534444664 0.01155211164 0 -0.2216747738 0.02334426613 0.01167818729 0 0.375467127 1.447679365 0.08427731394 1


mesh: pSphereShape11 tranform: pSphere11 0.007754607196 -0.007466536225 0.07717508692 0 -0.01087602464 0.1701042525 0.01755007887 0 -0.09098729576 -0.006693925817 0.008494843673 0 0.3890350995 1.257881047 0.07276496644 1


mesh: pSphereShape12 tranform: pSphere12 0.05149096061 0.00854815594 0.3121012985 0 -0.03160056719 0.1627400917 0.0007562156257 0 -0.1678629786 -0.03272817414 0.02859069026 0 0.3582377135 0.821512745 0.02661656764 1


mesh: pSphereShape13 tranform: pSphere13 0.03152878395 0.009385114789 0.2166022321 0 -0.05086133951 0.2005185785 -0.001284814515 0 -0.1875933271 -0.04739474067 0.02935978314 0 0.4112673226 0.6015342632 0.03365033915 1


mesh: pSphereShape14 tranform: pSphere14 0.02769620936 0.01032759645 0.2195798421 0 -0.0478851313 0.2367974796 -0.005097517959 0 -0.1857359105 -0.03701767371 0.02516844992 0 0.4421712923 0.4112412792 0.03735597954 1


mesh: pSphereShape15 tranform: pSphere15 0.02585541664 0.02085665273 0.1480802124 0 -0.02721271821 0.3759778455 -0.04820389622 0 -0.1848388114 -0.009076671385 0.0335520417 0 0.4629662812 -0.1839903481 -0.09519984514 1


mesh: pSphereShape16 tranform: pSphere16 0.01464230988 0.01830728077 0.09743565053 0 -0.1836268445 0.3112974896 -0.03089515358 0 -0.0707372261 -0.03992663828 0.01813201382 0 0.6161003058 -0.8557566736 -0.04917231417 1


mesh: pSphereShape17 tranform: pSphere17 0.00490844572 0.005982934041 0.1121046596 0 -0.03222522559 0.09884375015 -0.003864244967 0 -0.2644632375 -0.08558953516 0.01614723238 0 0.6479035075 -1.328167533 -0.01369327211 1


mesh: pSphereShape18 tranform: pSphere18 0.004549061125 0.001033771342 0.1277578567 0 0.1974604671 0.2987646532 -0.009448452741 0 -0.1217859288 0.08060764829 0.003684170739 0 0.2831121479 -0.1328278207 0.2180482658 1


mesh: pSphereShape19 tranform: pSphere19 0.004161582383 -0.0007751206293 0.08634789095 0 0.01201642102 0.4300667044 0.003281449557 0 -0.1005725709 0.002772907062 0.004872039978 0 0.04755595298 -0.7904064261 0.2450756097 1


mesh: pSphereShape20 tranform: pSphere20 0.0266510011 -0.001533365107 0.112289239 0 0.01028517458 0.08129198572 -0.001331026072 0 -0.2526951196 0.03296070502 0.06042536902 0 -0.18816687 -1.184992665 0.2634120726 1


mesh: pSphereShape21 tranform: pSphere21 0.03300761117 0.01230815681 0.2616894592 0 0.06870781104 0.1275652542 -0.01466613854 0 -0.2310786402 0.1271246238 0.02316747537 0 0.5259305431 0.2510372718 0.03850656824 1


mesh: pSphereShape22 tranform: pSphere22 0.002667781844 0.0004131072924 0.009628721743 0 -0.002605641137 0.009649653644 0.0003079266289 0 -0.009278662312 -0.002591047454 0.002681958014 0 0.3555014177 1.183747073 -0.2460651844 1


mesh: pSphereShape23 tranform: pSphere23 0.0009951723849 -0.0009582033589 0.009904114208 0 0.0003311322237 0.009951201246 0.0009294865366 0 -0.009944847076 0.0002354572028 0.001022045269 0 0.5651537859 1.172574024 0.02228036068 1


mesh: pSphereShape24 tranform: pSphere24 0.002047447225 0.0003221732653 0.009782850517 0 -0.002610501082 0.009650546941 0.000228534104 0 -0.009433623056 -0.002600605338 0.002060001922 0 0.488283594 1.205423237 0.2971582326 1


