mesh: pSphereShape1 tranform: pSphere1 -0.06554270961 0.127247666 -0.03271573844 0 0.02818795746 0.03323462754 0.07279412873 0 0.1261444873 0.04690951832 -0.07026357621 0 3.979094084 0.009167788089 0.2811540717 1


mesh: pSphereShape2 tranform: pSphere2 -0.09004607745 0.2388495494 -0.04831287491 0 0.09567919648 0.05382324427 0.08776379618 0 0.08532802354 0.01187882281 -0.1003087138 0 3.820557642 0.3121308355 0.1936988714 1


mesh: pSphereShape3 tranform: pSphere3 -0.01798223711 0.2819748623 -0.08003258293 0 0.09128152791 0.03208328099 0.09252772293 0 0.09719722157 -0.01913420363 -0.08925349723 0 3.709121338 0.7531274478 0.09259626456 1


mesh: pSphereShape4 tranform: pSphere4 0.02037180446 0.002900143273 -0.1795688273 0 0.002975742841 0.1486418918 0.002738248288 0 0.171242136 -0.003784946079 0.01936602514 0 3.722331249 1.035101107 -0.1047102219 1


mesh: pSphereShape5 tranform: pSphere5 0.03114784675 0.004028968963 -0.1841297596 0 0.00450151211 0.1384152758 0.003790170915 0 0.17409778 -0.006464537577 0.02930936076 0 3.773475952 1.060814541 -0.3952695219 1


mesh: pSphereShape6 tranform: pSphere6 0.02669946754 -0.2455383521 -0.1000350811 0 0.0510387149 0.04012596434 -0.08486779391 0 0.09157971675 -0.01046431487 0.0501276177 0 3.816901928 0.7722479292 -0.5628736698 1


mesh: pSphereShape7 tranform: pSphere7 0.09795889567 -0.2113736761 -0.0944946597 0 0.04702909094 0.05346620782 -0.070844544 0 0.1008397623 0.01256714331 0.07642536098 0 3.968702235 0.3478873664 -0.698997466 1


mesh: pSphereShape8 tranform: pSphere8 -0.03552908228 -0.1831874926 -0.03195441564 0 0.03218109729 -0.0009998544779 -0.03004918098 0 0.07551957558 -0.02892275378 0.08183987964 0 4.060199155 0.02220557189 -0.7882384713 1


mesh: pSphereShape10 tranform: pSphere10 0.03792982482 0.01138730835 -0.1791599897 0 -0.01943567885 0.1534609474 0.005639178894 0 0.2165792615 0.02568466044 0.04748433291 0 3.732715497 1.479847805 -0.2205995167 1


mesh: pSphereShape11 tranform: pSphere11 0.01471885149 0.004476458299 -0.07638844068 0 0.008321775364 0.1707562757 0.0116100069 0 0.08986823723 -0.005535015502 0.0169918375 0 3.725031504 1.290448264 -0.2375062408 1


mesh: pSphereShape12 tranform: pSphere12 0.04408190345 0.004962171745 -0.3133109848 0 -0.007600266616 0.1655999035 0.001553411679 0 0.1715221799 0.007644559293 0.02425372284 0 3.796635463 0.8594237912 -0.2100463495 1


mesh: pSphereShape13 tranform: pSphere13 0.02703709118 0.002803003339 -0.2173932162 0 0.0004937893135 0.2068539056 0.002728524952 0 0.1942060947 -0.0007820607312 0.02414323622 0 3.800070407 0.6335471026 -0.2219695904 1


mesh: pSphereShape14 tranform: pSphere14 0.02352478267 0.003534643805 -0.2202796795 0 -0.002964210711 0.2415999904 0.003560189929 0 0.1899594346 0.002031205135 0.0203193232 0 3.812520605 0.4395354619 -0.2241683973 1


mesh: pSphereShape15 tranform: pSphere15 -0.008426240673 0.02033876311 -0.1501552032 0 -0.04558020703 0.3735247789 0.05315234919 0 0.1864285582 0.02377972643 -0.007240785892 0 3.86547778 -0.149940973 -0.09409959277 1


mesh: pSphereShape16 tranform: pSphere16 -0.004112076337 0.01814314866 -0.09847424408 0 0.1167021365 0.3386036613 0.0575119771 0 0.07872764399 -0.02576923931 -0.008035291146 0 3.842797802 -0.8376466025 -0.163871634 1


mesh: pSphereShape17 tranform: pSphere17 0.004325132899 0.005081434074 -0.1121731488 0 0.03215132996 0.09877815047 0.005714321489 0 0.2645901494 -0.08648506923 0.006284207852 0 3.885666312 -1.340554952 -0.2137885605 1


mesh: pSphereShape18 tranform: pSphere18 0.009751794348 0.01357825224 -0.1267452806 0 -0.1751268076 0.3118866717 0.01993821997 0 0.1269585464 0.07018310239 0.0172869356 0 4.018920854 -0.1259454626 -0.4153697633 1


mesh: pSphereShape19 tranform: pSphere19 0.004429907162 0.005217705514 -0.08618021423 0 0.1990944867 0.3799593813 0.03323832828 0 0.08914584054 -0.04686407881 0.001745004192 0 4.071345473 -0.7584168803 -0.4807103933 1


mesh: pSphereShape20 tranform: pSphere20 -0.02452784773 0.01874432157 -0.1112139171 0 0.03664002566 0.07318034033 0.004253198464 0 0.227559589 -0.1099410164 -0.06871726948 0 4.076501571 -1.22875817 -0.5378299545 1


mesh: pSphereShape21 tranform: pSphere21 0.02803621496 0.004212495176 -0.2625235069 0 -0.09427871691 0.1106865507 -0.008292407175 0 0.1998203615 0.1720051167 0.02409985074 0 3.765142069 0.2654864468 -0.2361881557 1


mesh: pSphereShape22 tranform: pSphere22 0.001127108348 0.0001604558742 -0.009934982672 0 0.0002001213909 0.009996301332 0.0001841496679 0 0.009934262841 -0.0002195759178 0.001123480403 0 3.612950379 1.201359102 0.02838839352 1


mesh: pSphereShape23 tranform: pSphere23 0.001888915088 0.000574477542 -0.009803161497 0 -0.0004676514274 0.009976809506 0.0004945444555 0 0.00980883795 0.0003650309983 0.001911400125 0 3.545527645 1.198840091 -0.2526747161 1


mesh: pSphereShape24 tranform: pSphere24 0.001667540407 0.0002156960832 -0.009857625687 0 0.0003249243559 0.009990974864 0.0002735789249 0 0.009854630036 -0.0003659186589 0.001659026938 0 3.69294458 1.214090248 -0.5246527185 1


