mesh: pSphereShape1 tranform: pSphere1 -0.06914945023 0.1205893131 -0.04727267643 0 0.03904085475 0.04582331138 0.05978396429 0 0.1142654084 0.02789101089 -0.09599694098 0 -6.160171895 -0.05790671762 0.7852655489 1


mesh: pSphereShape2 tranform: pSphere2 -0.08331739675 0.2327203573 -0.07994362941 0 0.106554264 0.06149372571 0.06796061145 0 0.07507661774 -0.0103426048 -0.1083528868 0 -6.31850945 0.2328046734 0.6626403754 1


mesh: pSphereShape3 tranform: pSphere3 0.02734000126 0.2653790607 -0.122739059 0 0.1022036904 0.02740317462 0.08201527572 0 0.08522614318 -0.05015054922 -0.08944848422 0 -6.384177275 0.6565634224 0.500547313 1


mesh: pSphereShape4 tranform: pSphere4 0.0001621113985 -0.02421857075 -0.1791139848 0 0.07365679272 0.1280161229 -0.01724280171 0 0.1497413453 -0.08459789306 0.01157427679 0 -6.328122578 0.891963907 0.2613900305 1


mesh: pSphereShape5 tranform: pSphere5 0.03395324953 -0.03725390262 -0.1798597034 0 0.06760503265 0.1203127736 -0.01215786397 0 0.1508227859 -0.08019330052 0.0450820108 0 -6.278835315 0.8550471613 -0.02517374643 1


mesh: pSphereShape6 tranform: pSphere6 -0.03345890577 -0.2555334588 -0.06776514197 0 0.06682830747 0.0130861941 -0.08234266647 0 0.08080412926 -0.02684022939 0.06131410312 0 -6.317303323 0.5468797664 -0.1529299184 1


mesh: pSphereShape7 tranform: pSphere7 0.08773256243 -0.2323107078 -0.03922689652 0 0.06208363226 0.03536690091 -0.07059833647 0 0.08956664566 0.01892443902 0.08824459276 0 -6.235820311 0.09346045276 -0.2035531627 1


mesh: pSphereShape8 tranform: pSphere8 -0.01569286777 -0.1885798159 0.005696030411 0 0.02802216587 -0.00335310969 -0.0338096271 0 0.08824574185 -0.005118942497 0.07364769756 0 -6.14517518 -0.2419146915 -0.2311825547 1


mesh: pSphereShape10 tranform: pSphere10 0.03597510022 -0.03567637513 -0.1763508796 0 0.0006818688903 0.1517415806 -0.0305587319 0 0.2188717908 0.007694744356 0.04309257793 0 -6.25971524 1.304583979 0.04409395908 1


mesh: pSphereShape11 tranform: pSphere11 0.01171328279 -0.01633516374 -0.07528504877 0 0.03739595496 0.1645308636 -0.02988122128 0 0.08835200323 -0.01691816925 0.01741717758 0 -6.289734944 1.118034284 0.0709933245 1


mesh: pSphereShape12 tranform: pSphere12 0.0323514514 -0.05510433759 -0.3099169342 0 0.07097983293 0.1486063974 -0.01901334139 0 0.1556940178 -0.07067787542 0.02881928663 0 -6.35672215 0.6937875218 0.1808588936 1


mesh: pSphereShape13 tranform: pSphere13 0.0285879524 -0.03912826809 -0.2136594935 0 0.1103062208 0.1741696884 -0.01713721777 0 0.1635799367 -0.09965026497 0.04013656302 0 -6.467965203 0.4938087527 0.1964963383 1


mesh: pSphereShape14 tranform: pSphere14 0.03868290672 -0.02812801374 -0.2163365293 0 0.1214689864 0.2088248067 -0.005431600319 0 0.1617577249 -0.09302414783 0.04101870137 0 -6.558252933 0.3227951156 0.2085021577 1


mesh: pSphereShape15 tranform: pSphere15 0.03470411842 -0.01236611845 -0.14722077 0 0.08095542357 0.371111262 -0.01208877807 0 0.1786575193 -0.03749846769 0.04526441615 0 -6.747117491 -0.2376173475 0.4025570908 1


mesh: pSphereShape16 tranform: pSphere16 0.03028807908 -0.0007418293778 -0.09552665449 0 0.2917691747 0.1953729695 0.0909923463 0 0.04257415644 -0.07012053346 0.01404327301 0 -7.065229414 -0.8005056387 0.3802476141 1


mesh: pSphereShape17 tranform: pSphere17 0.05005605949 -0.001682666094 -0.1005927562 0 0.08704748991 0.03773926665 0.04268450246 0 0.0887058141 -0.2594378586 0.0484807354 0 -7.383118393 -1.230419095 0.3021426239 1


mesh: pSphereShape18 tranform: pSphere18 0.03900090287 -0.01605386428 -0.1206856893 0 -0.1408063865 0.3175146494 -0.08773959329 0 0.1267261472 0.06512138541 0.03229035933 0 -6.473547864 -0.2268646141 0.1260952915 1


mesh: pSphereShape19 tranform: pSphere19 0.02457014355 -0.01371133574 -0.08174463389 0 0.1587906577 0.3994081526 -0.01926621909 0 0.08913292331 -0.03386977335 0.03247196088 0 -6.424659282 -0.8851774341 0.2228447923 1


mesh: pSphereShape20 tranform: pSphere20 -0.002535808918 0.01030778547 -0.1149296285 0 -0.001059362281 0.08161432961 0.007343183412 0 0.2618165103 0.003886796033 -0.005428124932 0 -6.349282427 -1.287223964 0.2689358538 1


mesh: pSphereShape21 tranform: pSphere21 0.04610126705 -0.03352222423 -0.2578241645 0 -0.0229659009 0.1420274123 -0.0225728721 0 0.2573225641 0.04793147229 0.03977954007 0 -6.687333474 0.1966957794 0.197573702 1


mesh: pSphereShape22 tranform: pSphere22 8.969117632e-06 -0.001339937918 -0.009909817654 0 0.004953485766 0.008609199765 -0.001159593972 0 0.008686938375 -0.004907774016 0.0006714580332 0 -6.330370071 1.102065957 0.3761646545 1


mesh: pSphereShape23 tranform: pSphere23 0.001503201293 -0.002096341368 -0.00966155985 0 0.00123714338 0.009735671846 -0.001919940092 0 0.009808662607 -0.0009066678377 0.001722814936 0 -6.482576227 1.058120706 0.07914060307 1


mesh: pSphereShape24 tranform: pSphere24 0.001817731286 -0.001994436034 -0.009629022686 0 0.00487980953 0.008684315295 -0.0008775686978 0 0.008537172361 -0.004539261258 0.002551821957 0 -6.276632711 1.007585158 -0.1782948219 1


