mesh: pSphereShape1 tranform: pSphere1 0.01099305994 0.1385170035 -0.04743761396 0 0.07569240443 0.00690300954 0.03769741321 0 0.06763171957 -0.04881252913 -0.1268589462 0 2.389883387 -0.03104208029 1.654505734 1


mesh: pSphereShape2 tranform: pSphere2 0.04291996007 0.246586147 -0.06960378117 0 0.1147105283 0.002942567436 0.0811589193 0 0.07321391907 -0.04152791258 -0.1019753432 0 2.404553355 0.3013503395 1.53707191 1


mesh: pSphereShape3 tranform: pSphere3 0.06028654045 0.2645829845 -0.1122487215 0 0.1066319646 0.009793334863 0.08035389531 0 0.07583474861 -0.05702491205 -0.09368486915 0 2.474306539 0.7463166672 1.390459992 1


mesh: pSphereShape4 tranform: pSphere4 -0.03987745778 -0.008275384809 -0.1760956881 0 0.01762867378 0.1472444607 -0.01091163156 0 0.1668809487 -0.02270107761 -0.036723942 0 2.50821577 1.005344961 1.160647839 1


mesh: pSphereShape5 tranform: pSphere5 -0.01442367528 -0.008590995526 -0.1860331737 0 0.01495876201 0.1375254242 -0.00751070684 0 0.1751025233 -0.0197377167 -0.0126647052 0 2.478075539 1.011273458 0.867730231 1


mesh: pSphereShape6 tranform: pSphere6 0.07457604839 -0.2314470441 -0.1089937622 0 0.01837462196 0.04963392247 -0.09282474284 0 0.09910255302 0.01812920018 0.02931109939 0 2.544931375 0.7349163842 0.6938070037 1


mesh: pSphereShape7 tranform: pSphere7 0.1746333959 -0.1438419238 -0.1096206863 0 0.006935394128 0.06592919704 -0.07546231823 0 0.09104581556 0.06252706595 0.06299565104 0 2.818203521 0.4011854116 0.5279019487 1


mesh: pSphereShape8 tranform: pSphere8 0.07259663476 -0.174280124 -0.01404367444 0 0.01189261775 0.008304715113 -0.04158333031 0 0.1016154512 0.0393529469 0.03692077378 0 3.044134601 0.1601880189 0.4126665188 1


mesh: pSphereShape10 tranform: pSphere10 -0.06923678556 -0.001384793558 -0.1699146674 0 0.007291012658 0.1545598639 -0.00423059289 0 0.2064378264 -0.01203805391 -0.08402112378 0 2.534171635 1.436754401 1.001770413 1


mesh: pSphereShape11 tranform: pSphere11 -0.02359077862 0.002601982085 -0.07421982209 0 0.0346102505 0.1677428515 -0.005120180196 0 0.08534417448 -0.01845676058 -0.02777370828 0 2.495345245 1.25270067 1.02090869 1


mesh: pSphereShape12 tranform: pSphere12 -0.05782330443 -0.01544520309 -0.3107241891 0 0.008868689212 0.165249942 -0.009864490562 0 0.1702249417 -0.01099403616 -0.03113102824 0 2.526961266 0.8173294422 1.052711854 1


mesh: pSphereShape13 tranform: pSphere13 -0.03754012767 -0.02208232606 -0.2147132535 0 0.009008656914 0.2054256107 -0.02270219171 0 0.192619823 -0.01203210572 -0.03243989716 0 2.511551864 0.5943183434 1.064221205 1


mesh: pSphereShape14 tranform: pSphere14 -0.04206828501 -0.01285855532 -0.2171496334 0 0.00938863225 0.2409255763 -0.01608530696 0 0.1874314381 -0.009689999305 -0.03573719947 0 2.514500376 0.4004281979 1.077731165 1


mesh: pSphereShape15 tranform: pSphere15 -0.05956572371 -0.004716946576 -0.1395024259 0 -0.1283276654 0.3551406149 0.04278600113 0 0.1609054444 0.06669103386 -0.07095953513 0 2.674065606 -0.1715823097 1.200875339 1


mesh: pSphereShape16 tranform: pSphere16 -0.03942547522 -0.001493441137 -0.09212307692 0 -0.04349217294 0.3598952489 0.012778744 0 0.07586213884 0.01032641523 -0.03263376418 0 2.885231058 -0.8460212856 1.168615813 1


mesh: pSphereShape17 tranform: pSphere17 -0.0302068578 0.008950762509 -0.1078646033 0 -0.007211439996 0.1032443577 0.0105868898 0 0.2674929501 0.02614287932 -0.07274047799 0 3.13788901 -1.291498725 1.108028734 1


mesh: pSphereShape18 tranform: pSphere18 -0.03645827409 -0.0207189079 -0.1207698377 0 0.02044200456 0.3514330266 -0.06646186558 0 0.139777363 -0.01560426794 -0.0395192882 0 2.423727975 -0.2009640385 0.976951118 1


mesh: pSphereShape19 tranform: pSphere19 -0.02554430117 -0.01329801616 -0.08151398221 0 0.1571993124 0.3845238594 -0.1119924561 0 0.08891549043 -0.04244844577 -0.02093878746 0 2.28266828 -0.8909510576 1.116943844 1


mesh: pSphereShape20 tranform: pSphere20 -0.03339064177 -0.006127737076 -0.1103132637 0 0.009828093053 0.08101527215 -0.007475135749 0 0.2487270148 -0.03693078898 -0.07323554948 0 2.351898877 -1.307567834 1.186404513 1


mesh: pSphereShape21 tranform: pSphere21 -0.05013587151 -0.01532448678 -0.2587932006 0 -0.08733215985 0.1161076024 0.01004348075 0 0.2058175227 0.1590727576 -0.0492924436 0 2.457684921 0.2296391665 1.094624086 1


mesh: pSphereShape22 tranform: pSphere22 -0.002206295257 -0.000457851209 -0.009742824719 0 0.001185544217 0.00990232283 -0.0007338170673 0 0.009681257467 -0.001316956662 -0.002130464504 0 2.465000324 1.189496005 1.307419617 1


mesh: pSphereShape23 tranform: pSphere23 -0.003027476548 0.0003339202943 -0.009524856061 0 0.001107167873 0.009938519362 -3.491019724e-06 0 0.009466180067 -0.001055618361 -0.003045834011 0 2.320845858 1.187898395 1.099613226 1


mesh: pSphereShape24 tranform: pSphere24 -0.0007721901787 -0.0004599300968 -0.00995952743 0 0.001079740761 0.009926744346 -0.0005421315155 0 0.009911502521 -0.001117233636 -0.0007168729218 0 2.379386324 1.163668584 0.7504488594 1


