mesh: pSphereShape1 tranform: pSphere1 0.03963453933 0.1340632852 0.04488066036 0 -0.0741963113 0.03099481567 -0.02706132632 0 -0.0611698582 -0.02751262876 0.136202821 0 1.43908904 -0.02836878598 -0.2734508572 1


mesh: pSphereShape2 tranform: pSphere2 0.04190473786 0.2448299507 0.07611718194 0 -0.1294165906 0.03521330207 -0.0420155164 0 -0.0469576082 -0.02929710284 0.1200852984 0 1.542662897 0.2903120694 -0.1627967453 1


mesh: pSphereShape3 tranform: pSphere3 0.01929729981 0.2637766666 0.1276239888 0 -0.1213544826 0.03156926592 -0.04689887816 0 -0.05562168854 -0.04945879417 0.1106329962 0 1.610989532 0.728705817 -0.002877111369 1


mesh: pSphereShape4 tranform: pSphere4 0.09246026734 -0.01380381165 0.1546898146 0 -0.01009467001 0.1471112127 0.01916125743 0 -0.147650673 -0.0213781606 0.0863451846 0 1.686270697 0.9830383032 0.2286585131 1


mesh: pSphereShape5 tranform: pSphere5 0.08814163625 -0.01427203946 0.1640656886 0 -0.005991254285 0.1375750626 0.01518632993 0 -0.1555725476 -0.0158487542 0.08220015391 0 1.824602512 0.9801872843 0.4906715624 1


mesh: pSphereShape6 tranform: pSphere6 0.06348711791 -0.2529049369 0.05493123091 0 0.004344979409 0.02370150323 0.1041006521 0 -0.101813656 -0.02347457221 0.009594184737 0 1.915106039 0.6761540006 0.6041846133 1


mesh: pSphereShape7 tranform: pSphere7 0.006071831503 -0.2330196816 0.09417525005 0 -0.002381080903 0.03757369935 0.09312286378 0 -0.1270783655 -0.003976126292 -0.001644989096 0 1.924798248 0.2210607048 0.7271516814 1


mesh: pSphereShape8 tranform: pSphere8 0.06682267453 -0.173769532 -0.03435022166 0 -0.001661326481 -0.009148435528 0.04304790507 0 -0.1075614384 -0.03890744025 -0.01241957939 0 1.951030162 -0.121425775 0.7944715758 1


mesh: pSphereShape10 tranform: pSphere10 0.1496437537 -0.01209607979 0.1054849569 0 0.009735997208 0.1544338991 0.003897367072 0 -0.1283964347 0.003487683329 0.1825465195 0 1.764621576 1.41282879 0.3854396246 1


mesh: pSphereShape11 tranform: pSphere11 0.05428650093 -0.000780262282 0.05589493846 0 -0.01454475253 0.1699352889 0.01649841369 0 -0.0652708376 -0.01172519899 0.06322892113 0 1.767608824 1.226927555 0.352993357 1


mesh: pSphereShape12 tranform: pSphere12 0.1303418909 -0.02388914672 0.2873532855 0 -0.001367356742 0.1651535794 0.01435028643 0 -0.1579974742 -0.007481235168 0.07104484358 0 1.695417179 0.7929110329 0.3302906166 1


mesh: pSphereShape13 tranform: pSphere13 0.08267579597 -0.005871463166 0.2028026386 0 -0.01101875462 0.2063135865 0.0104650854 0 -0.1809331022 -0.01338501347 0.07337280584 0 1.707329303 0.5685013204 0.3192531357 1


mesh: pSphereShape14 tranform: pSphere14 0.07563995703 0.006413567681 0.2081502087 0 -0.01715436348 0.2410317852 -0.001192976711 0 -0.1790623317 -0.01242000997 0.06545236602 0 1.708607389 0.3738026024 0.3184149188 1


mesh: pSphereShape15 tranform: pSphere15 0.04182245385 -5.528804578e-05 0.1458839647 0 -0.008921948113 0.3799165531 0.00270175415 0 -0.1807416928 -0.004613003052 0.05181382394 0 1.665719532 -0.2344759893 0.143629604 1


mesh: pSphereShape16 tranform: pSphere16 0.02020713021 0.009446224555 0.09770210076 0 -0.2893271784 0.2152817944 0.03902548427 0 -0.04731105596 -0.0665232391 0.01621678665 0 1.886180891 -0.8218731904 0.07904337076 1


mesh: pSphereShape17 tranform: pSphere17 0.004309507782 0.0006171270764 0.112287089 0 -0.08944305276 0.05304297681 0.00314124516 0 -0.1418089308 -0.239523797 0.006758954376 0 2.15753579 -1.269716164 0.02487693036 1


mesh: pSphereShape18 tranform: pSphere18 0.04276103053 -0.005323790994 0.1203618881 0 0.1332541075 0.3309290475 -0.03270375648 0 -0.1264999975 0.05562179101 0.04740195701 0 1.642224694 -0.2056947033 0.5184000175 1


mesh: pSphereShape19 tranform: pSphere19 0.03006439955 -0.004306343213 0.08094112144 0 -0.02533923747 0.4282916233 0.03219846277 0 -0.0942550574 -0.008175745086 0.0345746895 0 1.512370106 -0.9001720978 0.5505226436 1


mesh: pSphereShape20 tranform: pSphere20 0.07529668247 0.01012098664 0.08688771784 0 -0.001277321779 0.08151047954 -0.00838770312 0 -0.1984516317 0.01441444023 0.1702986511 0 1.345155425 -1.3130542 0.6405029353 1


mesh: pSphereShape21 tranform: pSphere21 0.09014570397 0.007643520651 0.2480679238 0 0.07964913627 0.1174919365 -0.03256398239 0 -0.2023815148 0.1562457474 0.06872938777 0 1.769429437 0.2040154731 0.3059542137 1


mesh: pSphereShape22 tranform: pSphere22 0.005115537967 -0.0007637218083 0.00855850456 0 -0.0006788756662 0.009893361781 0.00128861185 0 -0.008565652289 -0.001240210333 0.005009139566 0 1.685778252 1.170633106 0.07990003717 1


mesh: pSphereShape23 tranform: pSphere23 0.006966752181 -0.0001001334376 0.007173167873 0 -0.0001541026809 0.0099946297 0.0002891876859 0 -0.007172211403 -0.0003120103341 0.006961467743 0 1.882731252 1.149152936 0.2062224109 1


mesh: pSphereShape24 tranform: pSphere24 0.004718776907 -0.0007640721581 0.008783469601 0 -0.0004324556709 0.009930327299 0.001096166877 0 -0.008806027856 -0.0008971028186 0.00465285718 0 1.967379685 1.126720941 0.5603947424 1


