mesh: pSphereShape1 tranform: pSphere1 0.02627460205 0.1376113827 0.04394186467 0 -0.04055719391 0.02958379981 -0.06839590194 0 -0.1305545153 0.0001817958022 0.0774944529 0 -1.160446703 0.1326033486 -0.3781965523 1


mesh: pSphereShape2 tranform: pSphere2 0.02509455306 0.2488652522 0.07019890921 0 -0.1111401625 0.0335532764 -0.07922105846 0 -0.07992528249 -0.02105398431 0.1032109251 0 -1.088318605 0.4586051122 -0.2642481254 1


mesh: pSphereShape3 tranform: pSphere3 -0.03370912726 0.2701460922 0.1101053211 0 -0.1020002781 0.02150952661 -0.08400188861 0 -0.08499727303 -0.04769408342 0.09099638664 0 -1.076444169 0.9045106776 -0.1195089629 1


mesh: pSphereShape4 tranform: pSphere4 -0.02921217814 -0.01319900332 0.1778786664 0 -0.02688876585 0.1461043216 0.00642545861 0 -0.1672288217 -0.02947250902 -0.02965013164 0 -1.147950514 1.162781182 0.1031401562 1


mesh: pSphereShape5 tranform: pSphere5 -0.04475834058 -0.01409828594 0.1807985581 0 -0.02579428477 0.136052324 0.004223458365 0 -0.1683356209 -0.03054730852 -0.04405504018 0 -1.220635806 1.159419328 0.3897383711 1


mesh: pSphereShape6 tranform: pSphere6 -0.06489486768 -0.2446168506 0.08342789657 0 -0.06254446549 0.04236621854 0.07557035953 0 -0.08114393289 -0.00115643123 -0.06650901655 0 -1.296970547 0.8670571505 0.5352788719 1


mesh: pSphereShape7 tranform: pSphere7 -0.2172014323 -0.1265793029 0.002287956881 0 -0.03808211524 0.06651969811 0.06491688879 0 -0.04214128579 0.07055787931 -0.09702125673 0 -1.582381042 0.5334178918 0.5630249897 1


mesh: pSphereShape8 tranform: pSphere8 -0.1076658396 -0.1536921193 -0.02505708026 0 -0.03058207576 0.01707057113 0.02670034181 0 -0.05072499988 0.05024366138 -0.09022220769 0 -1.865058826 0.332537534 0.5369708855 1


mesh: pSphereShape10 tranform: pSphere10 -0.02451466513 -0.0116695313 0.1814648659 0 0.01251249254 0.1538475202 0.01158388433 0 -0.2204680399 0.02007611609 -0.02849268524 0 -1.183123361 1.594461574 0.2705710652 1


mesh: pSphereShape11 tranform: pSphere11 -0.01172855269 -0.004733383592 0.07688896715 0 -0.01548696218 0.1704575815 0.008131224683 0 -0.09020461915 -0.007517116079 -0.01422246992 0 -1.166600183 1.40524765 0.2630064772 1


mesh: pSphereShape12 tranform: pSphere12 -0.05880422427 -0.0244772896 0.3099589264 0 -0.01874205527 0.1644484775 0.00943073658 0 -0.1692452271 -0.01736872787 -0.0334801575 0 -1.198275963 0.9706227533 0.1926714885 1


mesh: pSphereShape13 tranform: pSphere13 -0.04017406529 -0.02076450819 0.2143677943 0 -0.03622603408 0.2032670302 0.01290022535 0 -0.1893073092 -0.03129420663 -0.03850883029 0 -1.164693698 0.7464157091 0.1879387058 1


mesh: pSphereShape14 tranform: pSphere14 -0.03669214313 -0.01200730059 0.2181709369 0 -0.03967254316 0.2382784287 0.006441784163 0 -0.1857865054 -0.03004339826 -0.03289918109 0 -1.142958828 0.5531031392 0.178890568 1


mesh: pSphereShape15 tranform: pSphere15 0.005736787462 -0.0007150177521 0.151650354 0 0.1322760436 0.356251998 -0.003324179815 0 -0.1761744933 0.06547849666 0.006973237345 0 -1.245929626 -0.006074366646 0.005202118752 1


mesh: pSphereShape16 tranform: pSphere16 -2.295138773e-06 0.01150507058 0.09955346859 0 -0.1992927192 0.3010827874 -0.03479975308 0 -0.06954014243 -0.04542345556 0.005247837825 0 -1.242595475 -0.6314164671 0.002230440411 1


mesh: pSphereShape17 tranform: pSphere17 -0.02918040156 -0.01398930998 0.1076110888 0 -0.06273703136 0.08275528116 -0.006254025448 0 -0.2100159302 -0.1651398911 -0.07841703305 0 -1.134376146 -1.138536159 -0.02446040844 1


mesh: pSphereShape18 tranform: pSphere18 -0.004056713791 -0.01130381593 0.1272776469 0 0.01685884974 0.3563983972 0.03218988965 0 -0.1458568543 0.007261164381 -0.004004007451 0 -1.148041194 -0.05729168446 0.3213475729 1


mesh: pSphereShape19 tranform: pSphere19 -0.0009461097535 -0.008507129218 0.08602680676 0 -0.2209398036 0.3676238359 0.03392419506 0 -0.08642609347 -0.05138495969 -0.006031922856 0 -1.006621425 -0.7372968139 0.2779948988 1


mesh: pSphereShape20 tranform: pSphere20 0.0231905372 0.00367612277 0.1130052449 0 -0.05054096736 0.06397513914 0.008290692335 0 -0.1993348373 -0.1634667525 0.04622445459 0 -0.9650316968 -1.230643287 0.2513344939 1


mesh: pSphereShape21 tranform: pSphere21 -0.04372872754 -0.01430998386 0.2600103631 0 0.07252883966 0.1248387313 0.01906860188 0 -0.2253589197 0.1355785624 -0.03043929351 0 -1.066290753 0.3895836497 0.1869925903 1


mesh: pSphereShape22 tranform: pSphere22 -0.001616218627 -0.0007302596516 0.009841471343 0 -0.001808293764 0.009825647449 0.0004321178888 0 -0.009701438605 -0.001709787427 -0.001720091841 0 -1.060665628 1.353345774 -0.01256473446 1


mesh: pSphereShape23 tranform: pSphere23 -0.001505160927 -0.0006074495483 0.009867395585 0 5.502721646e-05 0.009980435332 0.0006228022072 0 -0.009885922445 0.000148039286 -0.001498873503 0 -0.9831676738 1.320437238 0.2611399286 1


mesh: pSphereShape24 tranform: pSphere24 -0.002396195861 -0.0007547700376 0.00967928549 0 -0.00186186134 0.009820414264 0.0003048541147 0 -0.009528468804 -0.001729099728 -0.002493691316 0 -1.17472172 1.313302001 0.5344130944 1


