mesh: pSphereShape1 tranform: pSphere1 -0.0457525519 0.1386152545 0.01583193164 0 -0.06053601304 -0.01336560177 -0.0579209669 0 -0.09527250171 -0.04397837884 0.1097221826 0 3.602612949 -0.1076106169 -0.3087452844 1


mesh: pSphereShape2 tranform: pSphere2 -0.1008386658 0.2393362039 0.006425123755 0 -0.08117035486 -0.03123527784 -0.1104068163 0 -0.09496420181 -0.04220575645 0.0817575109 0 3.500580194 0.227301657 -0.2647522953 1


mesh: pSphereShape3 tranform: pSphere3 -0.1220323572 0.2637950852 0.04193632035 0 -0.07674802507 -0.01831011259 -0.108155047 0 -0.09416075824 -0.05567975178 0.0762438276 0 3.328987976 0.6680464285 -0.227691683 1


mesh: pSphereShape4 tranform: pSphere4 -0.02122457858 0.02205423944 0.1781334129 0 -0.01805643722 0.1462004836 -0.02025212837 0 -0.1698981104 -0.02338629337 -0.01734794631 0 3.197562042 0.9494842852 -0.06751700555 1


mesh: pSphereShape5 tranform: pSphere5 -0.05216737169 0.02196617661 0.1780062969 0 -0.01544653622 0.1360170663 -0.02131149382 0 -0.1684886724 -0.02636111243 -0.04612510057 0 3.124450577 1.003588202 0.2121874571 1


mesh: pSphereShape6 tranform: pSphere6 -0.1332100702 -0.2102800551 0.09511223374 0 -0.04501055107 0.06214739703 0.07435951326 0 -0.07940091945 0.02072561713 -0.0653839984 0 2.976592097 0.7607002923 0.3782248749 1


mesh: pSphereShape7 tranform: pSphere7 -0.2279782761 -0.09882817088 0.03824807391 0 -0.02280965574 0.07630611158 0.06120798256 0 -0.04515387925 0.0658688646 -0.09894365276 0 2.618291403 0.487307377 0.4505805614 1


mesh: pSphereShape8 tranform: pSphere8 -0.1088892458 -0.1548470935 -0.002562733869 0 -0.02688309799 0.01841398706 0.02962769199 0 -0.0626570137 0.04546934308 -0.08511248649 0 2.320775549 0.3056656513 0.4755862637 1


mesh: pSphereShape10 tranform: pSphere10 0.006856667158 0.02513345373 0.181625824 0 0.001927919939 0.1533066768 -0.02128742097 0 -0.223033044 0.003898991176 0.007880312402 0 3.148954681 1.403047595 0.009920217279 1


mesh: pSphereShape11 tranform: pSphere11 -0.001982676468 0.01303891382 0.07679800035 0 -0.02214439134 0.1674232412 -0.02899714011 0 -0.09082954725 -0.01206500857 -0.0002965051032 0 3.18042895 1.217883127 0.03401668363 1


mesh: pSphereShape12 tranform: pSphere12 -0.04243987312 0.03754330251 0.3113213262 0 -0.01051938909 0.1640808126 -0.02122108756 0 -0.1714778508 -0.01380167263 -0.02171177266 0 3.142133003 0.7805822915 0.0591318358 1


mesh: pSphereShape13 tranform: pSphere13 -0.02961013502 0.01233439556 0.2167251119 0 -0.0250212622 0.2047997339 -0.0150742286 0 -0.1924568557 -0.02534251685 -0.02485216783 0 3.164454088 0.5576782879 0.09066356114 1


mesh: pSphereShape14 tranform: pSphere14 -0.02674224692 0.0207855378 0.218956297 0 -0.02226059042 0.2392690212 -0.02543262545 0 -0.1888386986 -0.01982029321 -0.02118228942 0 3.173411917 0.364777588 0.1079204817 1


mesh: pSphereShape15 tranform: pSphere15 0.00233840158 0.0217193365 0.1501800724 0 0.1487148262 0.3457883303 -0.05232417297 0 -0.1730555904 0.0732319722 -0.007896363088 0 3.044438378 -0.2189553133 0.02399016397 1


mesh: pSphereShape16 tranform: pSphere16 0.00127756592 0.01293279576 0.09936986657 0 0.1255683073 0.3372552774 -0.04550751215 0 -0.078073694 0.02870015214 -0.002731501253 0 2.753586856 -0.8699295265 0.08050822251 1


mesh: pSphereShape17 tranform: pSphere17 0.006673598246 0.0287307144 0.1084313248 0 0.03112812245 0.09546755675 -0.0272115802 0 -0.2651662513 0.08471383605 -0.006126237051 0 2.401105206 -1.245001491 0.1285875291 1


mesh: pSphereShape18 tranform: pSphere18 0.003220519808 0.0001116564283 0.1278023801 0 -0.05803555821 0.3535120514 0.001153599578 0 -0.1441156307 -0.02367117135 0.003652281602 0 3.248775155 -0.2066359388 0.3239181063 1


mesh: pSphereShape19 tranform: pSphere19 0.003415898724 0.0003343768298 0.08638343406 0 -0.2395946972 0.3572694246 0.008091465808 0 -0.08357001726 -0.05612411499 0.003521894242 0 3.489487655 -0.875481226 0.3354172863 1


mesh: pSphereShape20 tranform: pSphere20 0.0191631751 0.01492153789 0.1128344836 0 -0.01935554139 0.07930611808 -0.007200419504 0 -0.2507494638 -0.05665151423 0.05007763065 0 3.50140521 -1.28986495 0.3432610821 1


mesh: pSphereShape21 tranform: pSphere21 -0.03187070392 0.02477165523 0.2609463345 0 0.08207036158 0.1202965489 -0.001396089513 0 -0.2163623336 0.1471408958 -0.04039352933 0 3.238558725 0.1984715275 0.1358569719 1


mesh: pSphereShape22 tranform: pSphere22 -0.001174289678 0.001220192224 0.009855565671 0 -0.001214311694 0.009832114431 -0.001361973905 0 -0.009856291943 -0.001356708055 -0.00100640568 0 3.289971202 1.109043246 -0.2202344636 1


mesh: pSphereShape23 tranform: pSphere23 -0.0002544429162 0.001673323565 0.009855721539 0 -0.0003250508243 0.009852315475 -0.00168113704 0 -0.009991476406 -0.0003631363822 -0.0001962936676 0 3.365929891 1.137923099 0.02772622866 1


mesh: pSphereShape24 tranform: pSphere24 -0.002792847958 0.001175987777 0.009529798163 0 -0.001114948869 0.009817869327 -0.001538288298 0 -0.009537132132 -0.001492144301 -0.002610865006 0 3.176777649 1.177582075 0.3292633537 1


