mesh: pSphereShape1 tranform: pSphere1 -0.002980008027 0.1450385517 0.02265111288 0 -0.06179488055 0.007728605107 -0.0576172543 0 -0.1039825169 -0.01915197046 0.1089529391 0 -2.942885413 0.01372047779 -0.2147836341 1


mesh: pSphereShape2 tranform: pSphere2 -0.03401579954 0.2555618457 0.03197820564 0 -0.1199610923 -0.006843417817 -0.07291390913 0 -0.06668719586 -0.02287356719 0.1118634611 0 -2.944153834 0.3612753952 -0.1535262249 1


mesh: pSphereShape3 tranform: pSphere3 -0.06555864345 0.2768107943 0.07291259542 0 -0.1108028764 -0.006525249542 -0.07485437501 0 -0.06866206343 -0.04404428793 0.1054761876 0 -3.011486436 0.8220879224 -0.07509025001 1


mesh: pSphereShape4 tranform: pSphere4 0.02280397444 0.01571557516 0.1786095866 0 -0.02563918351 0.1461557244 -0.00958652903 0 -0.1683949611 -0.02796885871 0.02396075804 0 -3.067424915 1.10794574 0.1164513677 1


mesh: pSphereShape5 tranform: pSphere5 0.003104774692 0.01603100955 0.1860740617 0 -0.02460676038 0.1358688584 -0.01129505371 0 -0.1738322093 -0.03101889023 0.005572909842 0 -3.06089371 1.152055259 0.4080944344 1


mesh: pSphereShape6 tranform: pSphere6 -0.09411103857 -0.2195923194 0.1180308734 0 -0.04144758168 0.05981745759 0.07824037076 0 -0.0893281658 0.009106227662 -0.05428332961 0 -3.147102758 0.8969699231 0.5955076723 1


mesh: pSphereShape7 tranform: pSphere7 -0.2028038851 -0.1276936485 0.07595349354 0 -0.02425229461 0.0753195771 0.06187170354 0 -0.06858658443 0.05390577348 -0.09250661912 0 -3.454157738 0.5829875499 0.727659156 1


mesh: pSphereShape8 tranform: pSphere8 -0.08333700002 -0.1647763855 0.04177014491 0 -0.02975983352 0.02126874734 0.02452689757 0 -0.06802883577 0.01105226436 -0.09212721009 0 -3.716157952 0.3646799044 0.803208579 1


mesh: pSphereShape10 tranform: pSphere10 0.0006796669284 0.001639287626 0.1834761432 0 0.01902614003 0.1536090242 -0.001442916807 0 -0.2215121692 0.02744208423 0.000575382852 0 -3.049218295 1.561024857 0.2478542619 1


mesh: pSphereShape11 tranform: pSphere11 0.002985860415 0.002107052791 0.07783650881 0 -0.01020955613 0.1709957911 -0.004237251316 0 -0.09139763014 -0.00536655055 0.003651347877 0 -3.039733622 1.371428028 0.2510966181 1


mesh: pSphereShape12 tranform: pSphere12 0.03159430011 0.02617581947 0.3137646207 0 -0.01574421197 0.1645846919 -0.01214512909 0 -0.171742929 -0.0150601242 0.01854992038 0 -3.089213609 0.9343471837 0.2459749953 1


mesh: pSphereShape13 tranform: pSphere13 0.02669637985 0.02137114391 0.2164006679 0 -0.0345577248 0.2033512818 -0.01581919036 0 -0.1914734415 -0.03046757115 0.02663011455 0 -3.055985211 0.7110246509 0.2719202161 1


mesh: pSphereShape14 tranform: pSphere14 0.03036028942 0.02169543508 0.2183955294 0 -0.04022139944 0.2375917916 -0.01801100953 0 -0.1865607482 -0.02939507619 0.02885488221 0 -3.034422031 0.5179236117 0.2888560275 1


mesh: pSphereShape15 tranform: pSphere15 0.03937254161 0.01489376639 0.1458054544 0 0.02123570051 0.3768505404 -0.04422898607 0 -0.18133429 0.01577608752 0.04735506323 0 -3.068836254 -0.08174911386 0.1668832263 1


mesh: pSphereShape16 tranform: pSphere16 0.02433756348 0.01441016554 0.09614202981 0 -0.1348090534 0.3363638166 -0.01628979947 0 -0.07457516147 -0.0287654408 0.02318957166 0 -3.011696541 -0.7708885591 0.1987355067 1


mesh: pSphereShape17 tranform: pSphere17 0.001378326712 0.006419135705 0.11217949 0 -0.04632946484 0.09302937087 -0.004754086665 0 -0.2492808464 -0.1236260757 0.01013699569 0 -3.017289908 -1.294202467 0.2144169276 1


mesh: pSphereShape18 tranform: pSphere18 0.02231595201 0.008538005761 0.1255903393 0 0.1167179427 0.3358846042 -0.04357386662 0 -0.1357465782 0.04986054111 0.02073093004 0 -3.104088149 -0.05989066341 0.516827265 1


mesh: pSphereShape19 tranform: pSphere19 0.01921446288 0.001033009821 0.08428294702 0 -0.3350295082 0.2598276291 0.07319401819 0 -0.05909969299 -0.08027753826 0.01445721093 0 -2.983657462 -0.6294443408 0.5294564362 1


mesh: pSphereShape20 tranform: pSphere20 0.04347846858 0.04964596165 0.09469108477 0 -0.06516792061 0.04953240346 0.003953039365 0 -0.124435283 -0.1756231656 0.1492140102 0 -2.774475635 -1.047943066 0.5547343199 1


mesh: pSphereShape21 tranform: pSphere21 0.03618259145 0.02585604679 0.2602780265 0 0.07265380938 0.12420424 -0.02243844331 0 -0.2265676965 0.1357849415 0.01800745402 0 -2.955902199 0.3553571984 0.2982930418 1


mesh: pSphereShape22 tranform: pSphere22 0.001261672721 0.000869493716 0.009881910879 0 -0.001724258223 0.009829104332 -0.0006447027265 0 -0.0097690898 -0.001622556225 0.001390034449 0 -3.018918075 1.275019069 -0.04803184234 1


mesh: pSphereShape23 tranform: pSphere23 0.0003831845708 0.000270404509 0.009988996495 0 0.000374185784 0.009988938806 -0.0002847569637 0 -0.009985647429 0.000384685496 0.0003726425706 0 -2.861744559 1.280098822 0.2224148375 1


mesh: pSphereShape24 tranform: pSphere24 0.0001662181432 0.0008582409051 0.009961716422 0 -0.001776144454 0.009807171509 -0.000815290054 0 -0.009839597675 -0.001755793138 0.0003154489662 0 -2.980320844 1.324967095 0.5097225123 1


