mesh: pSphereShape1 tranform: pSphere1 0.03223122226 0.1316216279 0.0565245984 0 -0.01944661836 0.03656189365 -0.07404825156 0 -0.1439728374 0.01569104787 0.04555785148 0 -7.758990668 -0.02469316495 -0.08323698976 1


mesh: pSphereShape2 tranform: pSphere2 0.0386240765 0.24442309 0.07910164982 0 -0.05797265929 0.04762356097 -0.1188490698 0 -0.1188391936 1.702950107e-05 0.05797466567 0 -7.680402146 0.2878734412 0.06054511127 1


mesh: pSphereShape3 tranform: pSphere3 -0.03938441383 0.2791590771 0.08220386696 0 -0.04996270775 0.02854649205 -0.1208795243 0 -0.122407168 -0.03007638146 0.04349138871 0 -7.659741704 0.7334551193 0.1982075254 1


mesh: pSphereShape4 tranform: pSphere4 -0.07610495997 -0.01038828615 0.1636108296 0 -0.0237173077 0.1467832477 -0.00171246839 0 -0.1539132415 -0.02572369309 -0.07322734194 0 -7.766122894 1.000579576 0.3827387576 1


mesh: pSphereShape5 tranform: pSphere5 -0.08412708915 -0.01105286383 0.1664050973 0 -0.01989238196 0.1371014506 -0.0009502384722 0 -0.1556803454 -0.02314419208 -0.08024239715 0 -7.904306645 1.00257545 0.6450719775 1


mesh: pSphereShape6 tranform: pSphere6 -0.02056955336 -0.2426042863 0.1083005778 0 -0.08441976138 0.03253714806 0.05685264956 0 -0.06381055082 -0.02938119314 -0.07793640712 0 -7.95523087 0.709821949 0.809731667 1


mesh: pSphereShape7 tranform: pSphere7 -0.08227346801 -0.2235709661 0.08031884245 0 -0.07849607778 0.04467609084 0.04395148311 0 -0.06754529831 -0.01353802053 -0.1068727338 0 -8.067453104 0.2680005292 0.9309753613 1


mesh: pSphereShape8 tranform: pSphere8 0.05199830422 -0.1661463131 0.07438169675 0 -0.0409750621 -0.006139537494 0.01493071917 0 -0.02793012044 -0.05277107707 -0.09834947727 0 -8.121867484 -0.06438094422 1.026303517 1


mesh: pSphereShape10 tranform: pSphere10 -0.1368640329 0.008856332619 0.1218870223 0 0.01439930923 0.1540380002 0.004976212839 0 -0.1472073634 0.01914562095 -0.1666867647 0 -7.831974741 1.436628008 0.4924416801 1


mesh: pSphereShape11 tranform: pSphere11 -0.05170154902 -0.001589096929 0.05827779798 0 -0.01265247683 0.1707586569 -0.006568549377 0 -0.06821895047 -0.007390530075 -0.06072243295 0 -7.832156418 1.246270105 0.5189103498 1


mesh: pSphereShape12 tranform: pSphere12 -0.1473871158 -0.01891524496 0.2793758439 0 -0.01144846718 0.1653054484 0.005152329821 0 -0.1529718807 -0.008061923309 -0.08124745942 0 -7.847189241 0.8123961263 0.4535507063 1


mesh: pSphereShape13 tranform: pSphere13 -0.1052710501 -0.01586679547 0.1914808668 0 -0.01750456024 0.2059960529 0.00744603795 0 -0.1708293298 -0.01108826264 -0.09483620189 0 -7.830855683 0.5885577485 0.4540984717 1


mesh: pSphereShape14 tranform: pSphere14 -0.1081238032 -0.009303472872 0.1931624573 0 -0.01631981211 0.2410799633 0.002476261452 0 -0.1662591207 -0.01029383703 -0.09356029702 0 -7.826052564 0.3940066093 0.4443188204 1


mesh: pSphereShape15 tranform: pSphere15 -0.03736593442 0.001914033897 0.1470760867 0 0.02286987148 0.3793411312 0.000873577324 0 -0.1819367306 0.01107545217 -0.04636671323 0 -7.765770729 -0.2026234582 0.2860127782 1


mesh: pSphereShape16 tranform: pSphere16 -0.03149780608 0.01171489646 0.09441350103 0 -0.2598749035 0.225589839 -0.114689645 0 -0.05183835436 -0.06444374695 -0.009297850417 0 -7.584945134 -0.7963803035 0.3403073195 1


mesh: pSphereShape17 tranform: pSphere17 -0.05364250834 -0.02262933628 0.09611314943 0 -0.07293962376 0.07012669751 -0.02419797676 0 -0.1474871607 -0.1978835623 -0.1289059301 0 -7.353041817 -1.235277915 0.3781474351 1


mesh: pSphereShape18 tranform: pSphere18 -0.063475623 0.0200033616 0.1091537603 0 0.1574929567 0.3200811026 0.03292846256 0 -0.1093457901 0.06150367073 -0.07485836759 0 -8.059329888 -0.1780232452 0.5653922546 1


mesh: pSphereShape19 tranform: pSphere19 -0.04180787998 0.0116477021 0.07476837607 0 -0.05044326106 0.4169985399 -0.09316773934 0 -0.08737227533 -0.02076209062 -0.04562114537 0 -8.212008848 -0.8476019442 0.6117302205 1


mesh: pSphereShape20 tranform: pSphere20 -0.02912152794 0.005537676197 0.1115471695 0 -0.001746816074 0.08180761493 -0.004517317985 0 -0.2533665533 -0.009037806199 -0.06569752285 0 -8.37109311 -1.269380206 0.611580443 1


mesh: pSphereShape21 tranform: pSphere21 -0.1288590942 -0.01108763337 0.2302059173 0 0.07377290267 0.116474303 0.04690467522 0 -0.1881865345 0.1585394851 -0.09770260884 0 -7.772632879 0.223331908 0.4707525778 1


mesh: pSphereShape22 tranform: pSphere22 -0.004210649865 -0.0005747514445 0.009052076474 0 -0.001595010341 0.009871305842 -0.0001151650443 0 -0.00892896241 -0.001492307527 -0.004248134711 0 -7.645995072 1.187580259 0.2937377038 1


mesh: pSphereShape23 tranform: pSphere23 -0.006635017421 -0.000203933654 0.007478967501 0 -1.299353511e-05 0.00999658347 0.000261055749 0 -0.007481736094 0.0001634931216 -0.006633015529 0 -7.679521006 1.160062178 0.6194807219 1


mesh: pSphereShape24 tranform: pSphere24 -0.004503852917 -0.0005917294123 0.008908712881 0 -0.001435855161 0.009896141443 -6.858931311e-05 0 -0.008812129644 -0.001310053755 -0.004542040324 0 -7.88450313 1.155025475 0.7970113289 1


