mesh: pSphereShape1 tranform: pSphere1 -0.006518798619 0.1387673278 -0.04753176654 0 0.06922544068 0.018773732 0.04531525065 0 0.08751503727 -0.03650213022 -0.118569041 0 2.359262247 -0.02587270609 1.680629152 1


mesh: pSphereShape2 tranform: pSphere2 0.01469790221 0.2495624422 -0.07066892039 0 0.1125710545 0.01672447223 0.08247414075 0 0.0788156248 -0.03319832971 -0.1008453483 0 2.335547472 0.3055476515 1.56179388 1


mesh: pSphereShape3 tranform: pSphere3 0.04319965085 0.2678993783 -0.1122591262 0 0.103446608 0.01811095448 0.08302906953 0 0.08233642776 -0.05155117965 -0.09133889062 0 2.36578412 0.753543026 1.414061307 1


mesh: pSphereShape4 tranform: pSphere4 -0.03138954548 -0.01097329059 -0.1776588538 0 0.01699014152 0.1472270299 -0.01209552891 0 0.1686094469 -0.02179456815 -0.02844449159 0 2.392044794 1.013021989 1.183171523 1


mesh: pSphereShape5 tranform: pSphere5 -0.004927759093 -0.01090123898 -0.1864056585 0 0.01469590982 0.1375005017 -0.008429699747 0 0.1756073754 -0.01898526885 -0.003532016644 0 2.376596466 1.015028633 0.8892111664 1


mesh: pSphereShape6 tranform: pSphere6 0.0694081712 -0.2352431322 -0.1041735856 0 0.02626341496 0.04831873624 -0.09161396531 0 0.09796497618 0.01334988325 0.03512504123 0 2.442482111 0.7336657039 0.7205651749 1


mesh: pSphereShape7 tranform: pSphere7 0.1603605054 -0.1640603912 -0.1028236997 0 0.01693273227 0.06393225864 -0.07559939861 0 0.09555116302 0.05227585866 0.06560972797 0 2.696540153 0.3748122261 0.5674793686 1


mesh: pSphereShape8 tranform: pSphere8 0.04694305153 -0.1827203596 -0.01583281062 0 0.0175054721 0.007930993658 -0.03962617563 0 0.1016472215 0.02184457308 0.04927631143 0 2.896378859 0.107322513 0.4628487736 1


mesh: pSphereShape10 tranform: pSphere10 -0.06045901758 -0.00508234519 -0.1731632792 0 0.003673265546 0.154636446 -0.005821083015 0 0.2106745299 -0.007764739383 -0.0733279716 0 2.416508012 1.443369383 1.020421421 1


mesh: pSphereShape11 tranform: pSphere11 -0.01949893987 0.001279116736 -0.07543230304 0 0.03196395767 0.1682581172 -0.005409373684 0 0.08705054773 -0.01726981761 -0.02279505516 0 2.381971929 1.258534895 1.039937027 1


mesh: pSphereShape12 tranform: pSphere12 -0.03846372742 -0.01991440865 -0.3134574429 0 0.007423020717 0.1652218794 -0.01140765086 0 0.1719361025 -0.009141271088 -0.02051717232 0 2.418041585 0.8239865131 1.079397367 1


mesh: pSphereShape13 tranform: pSphere13 -0.0255200929 -0.02409748478 -0.2162561159 0 0.01095979521 0.2051649303 -0.02415494127 0 0.1940936566 -0.0128958626 -0.02146774105 0 2.403071006 0.6002867128 1.09225667 1


mesh: pSphereShape14 tranform: pSphere14 -0.02932302389 -0.01438931023 -0.2191395773 0 0.01004670408 0.2408250358 -0.01715758486 0 0.1892065858 -0.00965189986 -0.02468392575 0 2.405128124 0.4067282682 1.10755401 1


mesh: pSphereShape15 tranform: pSphere15 -0.0613786287 -0.007241182503 -0.1386054871 0 -0.1393130123 0.3509064357 0.04335949635 0 0.1575870527 0.07164883564 -0.07352738841 0 2.570998573 -0.1579401059 1.230320529 1


mesh: pSphereShape16 tranform: pSphere16 -0.0396264356 0.003314856056 -0.09198922271 0 0.08870284832 0.3507954507 -0.02556974842 0 0.07368502909 -0.02100096918 -0.03249826623 0 2.680614765 -0.8181079407 1.229678693 1


mesh: pSphereShape17 tranform: pSphere17 -0.008089915919 -0.01416065574 -0.1111817078 0 0.01628436606 0.1017750115 -0.0141474716 0 0.2742732872 -0.04584716108 -0.01411762779 0 2.774759035 -1.305122858 1.268082588 1


mesh: pSphereShape18 tranform: pSphere18 -0.02800595415 -0.02160030279 -0.1228532703 0 0.001335611739 0.3527794074 -0.06233083644 0 0.1425427709 -0.006091701111 -0.03142336958 0 2.351839456 -0.1975838759 0.9999720936 1


mesh: pSphereShape19 tranform: pSphere19 -0.01984531608 -0.01387721961 -0.08299074682 0 0.1327413623 0.3973077504 -0.09817746565 0 0.09298289465 -0.03510941869 -0.01636391854 0 2.252159279 -0.8984828443 1.124917344 1


mesh: pSphereShape20 tranform: pSphere20 -0.03260572649 -0.0005987014242 -0.1107158906 0 0.006483331074 0.08166016777 -0.002350916179 0 0.2503778624 -0.02199787531 -0.07361709234 0 2.347221701 -1.315306088 1.181078762 1


mesh: pSphereShape21 tranform: pSphere21 -0.03494640577 -0.01714880007 -0.2611647632 0 -0.08789618369 0.1160424931 0.004141700337 0 0.2081669213 0.1590425722 -0.03829794973 0 2.347611438 0.2359728294 1.122273755 1


mesh: pSphereShape22 tranform: pSphere22 -0.001736685565 -0.0006071179143 -0.009829309797 0 0.001142602346 0.00990115059 -0.0008134352322 0 0.009781532759 -0.001264367366 -0.001650149096 0 2.340474795 1.19875952 1.325168853 1


mesh: pSphereShape23 tranform: pSphere23 -0.002502358405 0.0001641529507 -0.009680457439 0 0.0009354027616 0.009955887526 -7.29743044e-05 0 0.009636556651 -0.0009237734485 -0.002506674795 0 2.204528852 1.191595946 1.10977188 1


mesh: pSphereShape24 tranform: pSphere24 -0.0002638139794 -0.0005836119787 -0.009979468886 0 0.001060767785 0.009924945413 -0.0006084654876 0 0.009940079169 -0.001074642081 -0.0001999262559 0 2.283293495 1.165491746 0.7652185735 1


