mesh: pSphereShape1 tranform: pSphere1 -0.01473847438 0.1430067108 0.02983274844 0 -0.04719841164 0.009702988287 -0.06983014069 0 -0.1252361064 -0.0297043586 0.08052001904 0 4.699252575 -0.08778427134 -0.4099578655 1


mesh: pSphereShape2 tranform: pSphere2 -0.04560402404 0.2539226925 0.03057901943 0 -0.07475057363 0.0009079517168 -0.1190187445 0 -0.1095424203 -0.02793315502 0.06858580831 0 4.669611468 0.2548006808 -0.3307074537 1


mesh: pSphereShape3 tranform: pSphere3 -0.08796935261 0.2744262395 0.05648035229 0 -0.06608554556 0.002771565359 -0.1163961033 0 -0.1088659761 -0.04738687553 0.0606818562 0 4.57636988 0.7124476855 -0.2579633308 1


mesh: pSphereShape4 tranform: pSphere4 -0.03243900315 0.01725101278 0.1769703326 0 -0.02406134936 0.1455537453 -0.01859902538 0 -0.1672666318 -0.03118011212 -0.02762086849 0 4.463452557 0.998008964 -0.08627386598 1


mesh: pSphereShape5 tranform: pSphere5 -0.05517127791 0.01599675096 0.17773695 0 -0.02109235987 0.1356347674 -0.01875472739 0 -0.1666269581 -0.03265737075 -0.04878338686 0 4.379790181 1.043038816 0.193167028 1


mesh: pSphereShape6 tranform: pSphere6 -0.05574975057 -0.2405472307 0.1001896028 0 -0.06565467352 0.04492747397 0.07133422604 0 -0.07981811576 -0.009584764061 -0.06742644255 0 4.306296229 0.7656477778 0.3626604211 1


mesh: pSphereShape7 tranform: pSphere7 -0.1401266903 -0.1972240445 0.06834620549 0 -0.05615748353 0.05993684452 0.05782068748 0 -0.07804610901 0.02147046986 -0.09805738295 0 4.09845647 0.3596048766 0.4678014854 1


mesh: pSphereShape8 tranform: pSphere8 0.00403125507 -0.188274927 0.01942572168 0 -0.03347012939 0.002227733215 0.02853705753 0 -0.07473857833 -0.01055957277 -0.08683396924 0 3.951212154 0.04876433386 0.5313023979 1


mesh: pSphereShape10 tranform: pSphere10 -0.01237193491 0.01412498793 0.1825214077 0 -0.0168946439 0.1533138065 -0.01300984433 0 -0.2213617411 -0.0254990962 -0.01303134058 0 4.35294731 1.440853236 0.00660331838 1


mesh: pSphereShape11 tranform: pSphere11 -0.01101839517 0.008702060372 0.07664689329 0 -0.04158408811 0.1643936498 -0.02464226924 0 -0.08793938403 -0.0237356743 -0.009946934323 0 4.406823807 1.260293945 0.02279316044 1


mesh: pSphereShape12 tranform: pSphere12 -0.08189546788 0.02764545607 0.3044018259 0 -0.0183428454 0.1635707546 -0.01979023613 0 -0.1663868558 -0.02381296332 -0.04260161427 0 4.410806043 0.8234140212 0.03094192798 1


mesh: pSphereShape13 tranform: pSphere13 -0.05552681244 0.02042744555 0.2109458796 0 -0.02730667129 0.2032937389 -0.02687430638 0 -0.1875420305 -0.03131594258 -0.04633371583 0 4.438720523 0.6031957302 0.06789655214 1


mesh: pSphereShape14 tranform: pSphere14 -0.05663310194 0.01807713938 0.213436068 0 -0.0299574833 0.2381259956 -0.02811718785 0 -0.183182129 -0.02849943974 -0.04619174225 0 4.452678812 0.4102343233 0.08872796726 1


mesh: pSphereShape15 tranform: pSphere15 -0.08371598599 0.002326286495 0.1265601593 0 0.02282091772 0.3792580776 0.008124299855 0 -0.1564668061 0.01163668242 -0.1037122841 0 4.50822868 -0.1872845121 -0.09360228211 1


mesh: pSphereShape16 tranform: pSphere16 -0.05542937838 0.002350440031 0.08345848792 0 -0.03382403077 0.3596845967 -0.03259419314 0 -0.06890169312 -0.01059917418 -0.04546290486 0 4.511111858 -0.8968450344 -0.1202725707 1


mesh: pSphereShape17 tranform: pSphere17 -0.09804753873 -0.01396721562 0.05309369163 0 -0.007037251821 0.1028412306 0.01405855194 0 -0.1347228105 0.02393068271 -0.2424957575 0 4.462773091 -1.344263403 -0.2768238699 1


mesh: pSphereShape18 tranform: pSphere18 -0.003874335387 0.008094410393 0.1275276544 0 0.04346995797 0.3549658282 -0.02120968904 0 -0.1449452658 0.01742115673 -0.005509240863 0 4.402229499 -0.1934972615 0.3002595553 1


mesh: pSphereShape19 tranform: pSphere19 -0.0009850372053 0.004634160119 0.08632167812 0 -0.1821929892 0.3890896467 -0.02296723881 0 -0.09124432572 -0.04265186943 0.001248545429 0 4.484461683 -0.884899317 0.3599383977 1


mesh: pSphereShape20 tranform: pSphere20 0.03789138321 0.02897974262 0.1050995617 0 -0.01236695723 0.07913037454 -0.01736046033 0 -0.2442082889 -0.01777498538 0.09294524354 0 4.439410084 -1.29914014 0.4324755489 1


mesh: pSphereShape21 tranform: pSphere21 -0.06749383584 0.02154385749 0.2543674714 0 0.07574585104 0.1240131241 0.009595004231 0 -0.215761035 0.1371124448 -0.06886285717 0 4.52130928 0.2469809438 0.1250660047 1


mesh: pSphereShape22 tranform: pSphere22 -0.001794748782 0.000954444686 0.009791216071 0 -0.001618147453 0.009788620694 -0.001250801237 0 -0.009703632084 -0.001808850534 -0.001602368283 0 4.556457181 1.165016749 -0.2304254405 1


mesh: pSphereShape23 tranform: pSphere23 -0.001414024247 0.00111676194 0.009836329508 0 -0.001484774079 0.009799846946 -0.001326064018 0 -0.009787542151 -0.001647981376 -0.001219908202 0 4.601137275 1.205550509 0.03223814372 1


mesh: pSphereShape24 tranform: pSphere24 -0.002953665977 0.0008564068267 0.009515378324 0 -0.001522470956 0.009790274551 -0.001353737937 0 -0.009431751666 -0.001848537682 -0.002761334633 0 4.423117543 1.216667884 0.3143876638 1


