mesh: pSphereShape1 tranform: pSphere1 -0.04239066956 0.1348307367 -0.03977233203 0 0.06949473307 0.03252767331 0.03620109302 0 0.07525542521 -0.01498325744 -0.1310039225 0 1.876493818 -0.05283050896 1.919113587 1


mesh: pSphereShape2 tranform: pSphere2 -0.0511065984 0.2468060462 -0.06297958699 0 0.1220200922 0.03987094397 0.05723057836 0 0.06024391301 -0.01723716486 -0.1164361077 0 1.763953351 0.2666531268 1.820328439 1


mesh: pSphereShape3 tranform: pSphere3 -0.02001912305 0.2711028799 -0.1110894296 0 0.1140227249 0.03364576394 0.06156146958 0 0.06928087586 -0.03878064383 -0.1071252832 0 1.685694774 0.7108594171 1.684307513 1


mesh: pSphereShape4 tranform: pSphere4 -0.06497385288 0.004865207276 -0.1685915573 0 0.02469355681 0.1465367902 -0.005287949668 0 0.1582848217 -0.02890468725 -0.0618358486 0 1.636505181 0.9848523931 1.461643505 1


mesh: pSphereShape5 tranform: pSphere5 -0.04743757736 0.00430204383 -0.1806138367 0 0.01697255347 0.1374916392 -0.001182864857 0 0.1694975375 -0.0213108604 -0.04502552491 0 1.556910489 1.01182146 1.17862018 1


mesh: pSphereShape6 tranform: pSphere6 0.01002032064 -0.248745936 -0.09504742958 0 0.0204098856 0.03815399064 -0.09770002786 0 0.1029169401 -0.003540956603 0.02011689651 0 1.548985902 0.7214111331 1.017046456 1


mesh: pSphereShape7 tranform: pSphere7 0.08798122001 -0.2068891387 -0.1125175812 0 0.01904038303 0.05324575141 -0.08301610663 0 0.1166466361 0.02598911235 0.04342297648 0 1.687726987 0.3028441108 0.8559002762 1


mesh: pSphereShape8 tranform: pSphere8 -0.01547924673 -0.1885161303 -0.007944769535 0 0.01911664688 0.0001023722002 -0.03967517286 0 0.1032223418 -0.01057057869 0.04970823774 0 1.786436679 -0.01667522596 0.7537198398 1


mesh: pSphereShape10 tranform: pSphere10 -0.05824712267 -0.0005439025125 -0.1739931642 0 0.003674625364 0.1547364474 -0.001713848347 0 0.2115946363 -0.005809232993 -0.07081668488 0 1.639138339 1.426124181 1.31390049 1


mesh: pSphereShape11 tranform: pSphere11 -0.02275321843 0.00119976556 -0.07451663405 0 0.02962272812 0.1686540214 -0.006329688975 0 0.08619108772 -0.01613625349 -0.02657774861 0 1.60230336 1.240444296 1.325808129 1


mesh: pSphereShape12 tranform: pSphere12 -0.07883487571 0.007076956041 -0.3063765487 0 0.01657195334 0.1649505059 -0.0004540177875 0 0.1670327488 -0.01690052264 -0.04337019365 0 1.630545853 0.8034989806 1.345036371 1


mesh: pSphereShape13 tranform: pSphere13 -0.05540335891 0.01746707376 -0.2112440312 0 0.02431530166 0.2051655509 0.01058724553 0 0.1879391808 -0.01964628796 -0.05091564001 0 1.601112826 0.5818857331 1.332490863 1


mesh: pSphereShape14 tranform: pSphere14 -0.05251459806 0.01269739795 -0.2148721466 0 0.02406140872 0.2402995076 0.008319381059 0 0.1846321964 -0.01689060267 -0.04612208906 0 1.591434772 0.3878728627 1.32242429 1


mesh: pSphereShape15 tranform: pSphere15 -0.0169820254 0.01487491324 -0.1500719815 0 0.07428586513 0.3716139986 0.02842770182 0 0.1832456356 -0.03478093704 -0.0241833647 0 1.53926636 -0.1993690685 1.491241214 1


mesh: pSphereShape16 tranform: pSphere16 -0.01004541591 0.01182063255 -0.09900819172 0 0.1670068839 0.3212935777 0.0214147908 0 0.0734084449 -0.03736361258 -0.01190891253 0 1.347877924 -0.8775392124 1.47613373 1


mesh: pSphereShape17 tranform: pSphere17 0.01604847721 -0.00421359981 -0.1111397094 0 0.01591123754 0.1027995989 -0.001599835364 0 0.2722726954 -0.04150579432 0.04088953425 0 1.348552308 -1.33099929 1.49541879 1


mesh: pSphereShape18 tranform: pSphere18 -0.03786372609 -0.000489545799 -0.1221062291 0 -0.1489726163 0.3226938056 0.04490094392 0 0.1256189812 0.06344787403 -0.03920736372 0 1.680961538 -0.1991346088 1.122487004 1


mesh: pSphereShape19 tranform: pSphere19 -0.02674491054 0.000505944104 -0.08220907269 0 -0.09163963901 0.4191246149 0.03239238065 0 0.09335373298 0.0227477523 -0.0302305824 0 1.91809284 -0.8765392043 1.027710603 1


mesh: pSphereShape20 tranform: pSphere20 -0.04211911486 -0.00735926114 -0.1072069107 0 -0.02244356159 0.07874380689 0.003412156063 0 0.2330523689 0.07060215271 -0.0964073967 0 2.217101029 -1.22536466 0.9413275893 1


mesh: pSphereShape21 tranform: pSphere21 -0.06258551164 0.01513242367 -0.256078952 0 -0.07918054451 0.1193399914 0.026403803 0 0.2131573092 0.1509792453 -0.04317370587 0 1.524618142 0.2199048549 1.324556508 1


mesh: pSphereShape22 tranform: pSphere22 -0.003594800457 0.0002691767313 -0.009327644588 0 0.001660663975 0.009854731352 -0.0003556193861 0 0.00918257071 -0.001676846407 -0.003587280487 0 1.625755727 1.161399004 1.623002981 1


mesh: pSphereShape23 tranform: pSphere23 -0.002919989895 0.0001539695723 -0.009562946846 0 0.0008085094758 0.009966887549 -8.640036372e-05 0 0.009529951282 -0.000798402133 -0.002922769678 0 1.42888144 1.17115225 1.403055946 1


mesh: pSphereShape24 tranform: pSphere24 -0.00253963228 0.0002303155006 -0.009669396189 0 0.00122509856 0.009924305703 -8.538055493e-05 0 0.009594237927 -0.001206279856 -0.00254862463 0 1.442981543 1.173233245 1.090954985 1


