mesh: pSphereShape1 tranform: pSphere1 -0.02030087033 0.1362854495 0.05071770659 0 0.0261184052 0.03154210407 -0.07430350713 0 -0.1429153417 -0.002239608051 -0.05118685377 0 4.733967923 -0.06694601243 -0.3497126385 1


mesh: pSphereShape2 tranform: pSphere2 -0.03966254681 0.2494939057 0.0605905157 0 0.019832767 0.03580608439 -0.1344563864 0 -0.1293373906 -0.01496040721 -0.02306169322 0 4.681362661 0.2573394748 -0.2207789361 1


mesh: pSphereShape3 tranform: pSphere3 -0.1003826078 0.2743388667 0.02999860634 0 0.02755573363 0.02416289864 -0.1287628426 0 -0.1222655928 -0.04103471469 -0.03386563756 0 4.578995221 0.7063634548 -0.1306210073 1


mesh: pSphereShape4 tranform: pSphere4 -0.1421719906 0.01656006426 0.1103688105 0 -0.01092356352 0.1439416125 -0.03566865588 0 -0.1056808676 -0.04025695825 -0.1300929261 0 4.380974652 0.9905647897 -0.04119222271 1


mesh: pSphereShape5 tranform: pSphere5 -0.1623500251 0.01497437403 0.09115057212 0 -0.007166207574 0.13391616 -0.03476384816 0 -0.08688695874 -0.04298993134 -0.1476935614 0 4.129564082 1.033435189 0.105375285 1


mesh: pSphereShape6 tranform: pSphere6 -0.09405989474 -0.2310513629 0.09368545927 0 -0.09695896843 0.04368631795 0.01039470742 0 -0.02393190794 -0.02986998482 -0.09769427952 0 3.975098178 0.7637497653 0.2380806495 1


mesh: pSphereShape7 tranform: pSphere7 -0.1380136183 -0.2080622051 0.02943428033 0 -0.08358918298 0.05567401424 0.001603999751 0 -0.009931721636 -0.01127389262 -0.1262603929 0 3.768696617 0.3449575151 0.2969170717 1


mesh: pSphereShape8 tranform: pSphere8 -0.002804210033 -0.1721335199 0.07876068529 0 -0.04396163538 -0.0004707418009 -0.002594036624 0 0.006673326609 -0.04787997495 -0.1044053284 0 3.635885348 0.02543360985 0.3486150531 1


mesh: pSphereShape10 tranform: pSphere10 -0.1129779631 0.003503299212 0.1445349476 0 -0.01917574952 0.1524565346 -0.01868432532 0 -0.1736888345 -0.03837121466 -0.1348364892 0 4.192861866 1.425501594 -0.04219346089 1


mesh: pSphereShape11 tranform: pSphere11 -0.05645187507 0.005516046003 0.05342879537 0 -0.03318639485 0.1599989054 -0.05158258799 0 -0.06061598108 -0.03215055789 -0.0607264643 0 4.242490974 1.247215188 -0.005737853807 1


mesh: pSphereShape12 tranform: pSphere12 -0.2721568591 0.02518006753 0.15946228 0 -0.002505872967 0.1630217435 -0.03001894256 0 -0.08842425738 -0.02832521323 -0.1464423898 0 4.269171844 0.8150407813 0.01384153763 1


mesh: pSphereShape13 tranform: pSphere13 -0.1883236229 0.02476372464 0.1091771156 0 -0.001217781401 0.2012812787 -0.04775553137 0 -0.0999951019 -0.03940770062 -0.1635467133 0 4.266064284 0.5956564144 0.06665461412 1


mesh: pSphereShape14 tranform: pSphere14 -0.1917838449 0.02658400979 0.1077093014 0 0.001961054552 0.235385916 -0.05460441057 0 -0.09565338236 -0.03661654594 -0.1612800251 0 4.260346131 0.4042920993 0.1011874057 1


mesh: pSphereShape15 tranform: pSphere15 -0.1276614125 -0.003010490614 0.08200458866 0 0.02047443226 0.3767167043 0.04570350397 0 -0.1011915884 0.02450235406 -0.1566314424 0 4.398719956 -0.1900189701 0.0003606873441 1


mesh: pSphereShape16 tranform: pSphere16 -0.08464516904 0.0007711093123 0.05364569425 0 -0.03277689112 0.3567544675 -0.05684523659 0 -0.0439165728 -0.0150416982 -0.0690778074 0 4.421899276 -0.8910206811 -0.0420927977 1


mesh: pSphereShape17 tranform: pSphere17 -0.09973926286 0.001792427386 0.05173209547 0 -0.00148037652 0.1038251937 -0.006451522605 0 -0.1281988385 -0.01714951188 -0.2465726215 0 4.378446434 -1.365504472 -0.1608245033 1


mesh: pSphereShape18 tranform: pSphere18 -0.1270924997 0.01374089077 0.001586513556 0 0.03869617892 0.3508255924 0.06135337617 0 0.0009137636495 0.02506879513 -0.1439225454 0 4.073029709 -0.1874450859 0.1519103574 1


mesh: pSphereShape19 tranform: pSphere19 -0.08602332846 0.008126703401 0.002796695171 0 0.03102333415 0.3899996865 -0.179026059 0 -0.006893705746 -0.04147067468 -0.09153648328 0 3.987483476 -0.8736652831 0.2125446886 1


mesh: pSphereShape20 tranform: pSphere20 -0.114130477 -0.01139943956 -0.01287584047 0 -0.004890844374 0.077737982 -0.02547212565 0 0.03575514533 -0.07875243148 -0.2472085777 0 4.010787151 -1.322522361 0.1797883382 1


mesh: pSphereShape21 tranform: pSphere21 -0.2285629234 0.03168212108 0.128365102 0 0.04769024079 0.1267165663 0.05364052342 0 -0.1002895023 0.1265586374 -0.2098086435 0 4.280502126 0.2453007631 0.184839966 1


mesh: pSphereShape22 tranform: pSphere22 -0.007865932437 0.0009162166616 0.006106361758 0 -0.0007346195022 0.009680203305 -0.002398749289 0 -0.006130859734 -0.002335425228 -0.007547075455 0 4.540048591 1.16143699 -0.09428939749 1


mesh: pSphereShape23 tranform: pSphere23 -0.007244641247 0.0007078910017 0.006856680212 0 -0.001286146163 0.0096336309 -0.002353504563 0 -0.006772075107 -0.002586898918 -0.006888174848 0 4.394332334 1.211975314 0.1228938994 1


mesh: pSphereShape24 tranform: pSphere24 -0.008691619329 0.0008016725511 0.004879864195 0 -0.0005172651597 0.009666223477 -0.00250929481 0 -0.004918149062 -0.0024334019 -0.008360045753 0 4.072251768 1.210823225 0.2147715342 1


