mesh: pSphereShape1 tranform: pSphere1 0.1336540124 0.06068089877 -0.003545182654 0 -0.03505059866 0.07662069608 -0.009940375109 0 -0.004040899336 0.01770662449 0.1507317197 0 -0.5544716028 0.8229625386 0.4944930326 1


mesh: pSphereShape2 tranform: pSphere2 0.2504896168 0.0273893861 -0.06321637925 0 -0.01959952157 0.1380246388 -0.01786034789 0 0.02982602158 0.02068801888 0.1271464919 0 -0.2198380976 0.8636300358 0.4369954218 1


mesh: pSphereShape3 tranform: pSphere3 0.288252527 0.05200825237 -0.02107179316 0 -0.02500812559 0.1296492512 -0.02210653924 0 0.005366260381 0.02339945189 0.1311612492 0 0.2393452459 0.9192825817 0.3470694969 1


mesh: pSphereShape4 tranform: pSphere4 0.1798916565 0.01188737682 0.01288670513 0 -0.01027070968 0.1481915482 0.006674025952 0 -0.01173942342 -0.008549199954 0.1717624377 0 0.6151225211 1.023451907 0.3434401899 1


mesh: pSphereShape5 tranform: pSphere5 0.1860970188 0.01242603842 0.01018246056 0 -0.009881000344 0.1376062191 0.01266143296 0 -0.008491590957 -0.01677285074 0.1756628311 0 0.9082212316 1.062289181 0.3717546093 1


mesh: pSphereShape6 tranform: pSphere6 0.264367072 0.00236261525 -0.0333681087 0 -0.00100786472 0.1068475263 -0.0004197615705 0 0.01313432956 0.0005328512591 0.1040976941 0 1.23793811 1.018979618 0.3450784242 1


mesh: pSphereShape7 tranform: pSphere7 0.2485025738 0.03736280718 0.007382976059 0 -0.01506275707 0.0991798309 0.00507884638 0 -0.00273150988 -0.006914919378 0.1269336413 0 1.709469993 1.037796627 0.3746929056 1


mesh: pSphereShape8 tranform: pSphere8 0.1666727535 -0.04104282517 -0.07985447738 0 0.009055154571 0.04298135257 -0.003191162248 0 0.0491702848 -0.002638643566 0.1039847034 0 2.055880409 1.054932275 0.3435581046 1


mesh: pSphereShape10 tranform: pSphere10 0.182300119 0.01765742637 -0.01102389258 0 -0.01333564427 0.1524009689 0.02357781953 0 0.01647532121 -0.03262431935 0.2201936823 0 0.7166661972 1.458162119 0.4642748159 1


mesh: pSphereShape11 tranform: pSphere11 0.07730780145 0.009763771437 -0.00022302463 0 -0.02013490819 0.160702741 0.05595502139 0 0.003995091984 -0.02965420277 0.0866044254 0 0.7295802041 1.278852521 0.4049194118 1


mesh: pSphereShape12 tranform: pSphere12 0.3153358763 0.02063456606 0.0164045837 0 -0.01109608736 0.16532349 0.005340943615 0 -0.008600093151 -0.00616854026 0.1730737648 0 0.7360127676 0.8490377059 0.4016370203 1


mesh: pSphereShape13 tranform: pSphere13 0.2180634728 0.01489254953 0.01500684332 0 -0.01565221861 0.2048622049 0.02413942801 0 -0.01172257734 -0.02374371241 0.1939028932 0 0.759796178 0.6232584225 0.3828505198 1


mesh: pSphereShape14 tranform: pSphere14 0.2201332035 0.01584682331 0.01947555471 0 -0.01984423266 0.2389704446 0.02985548306 0 -0.01491982134 -0.02483204541 0.1888447933 0 0.773691904 0.428795204 0.3704322355 1


mesh: pSphereShape15 tranform: pSphere15 0.1515381821 -0.003525655818 0.007416264251 0 0.01105503471 0.3769923279 -0.04666967845 0 -0.008580988029 0.02333049822 0.1864284478 0 0.5894626331 -0.1654651629 0.3958012601 1


mesh: pSphereShape16 tranform: pSphere16 0.1000710485 -2.22201827e-05 0.005389296574 0 -0.003008130202 0.3581666069 0.05733313552 0 -0.00442215849 -0.01317255922 0.08205845309 0 0.5418440162 -0.8680565438 0.4211621688 1


mesh: pSphereShape17 tranform: pSphere17 0.1085863235 0.0005310398354 0.02891489918 0 -0.00130820218 0.1039843968 0.003003054157 0 -0.07157258379 -0.008667418405 0.2689411585 0 0.4806787346 -1.337965613 0.5489514926 1


mesh: pSphereShape18 tranform: pSphere18 0.1249044791 0.01046894199 0.02516157662 0 -0.006290944804 0.3407106373 -0.1105301451 0 -0.03103700378 0.04353311254 0.1359579017 0 0.9613289613 -0.1584754833 0.4909524232 1


mesh: pSphereShape19 tranform: pSphere19 0.0850155363 0.004665609866 0.0149822737 0 -0.0546173512 0.3815944857 0.1910893142 0 -0.01306814687 -0.04621035907 0.08854430563 0 1.02671501 -0.8264063989 0.4798012801 1


mesh: pSphereShape20 tranform: pSphere20 0.1131984981 0.01834972156 -0.0130724146 0 -0.01033614667 0.07858797458 0.02080955819 0 0.03901897505 -0.06148332922 0.2515745945 0 1.079788995 -1.264152879 0.5127609303 1


mesh: pSphereShape21 tranform: pSphere21 0.2623489407 0.01888582568 0.02321045197 0 -0.001875797023 0.1226097621 -0.07856259043 0 -0.02980860041 0.1416041 0.2217080649 0 0.7959886803 0.263929104 0.2996912803 1


mesh: pSphereShape22 tranform: pSphere22 0.009952843805 0.0006576914516 0.0007129811674 0 -0.0006907144927 0.009966015317 0.0004488342668 0 -0.0006810386775 -0.0004959643777 0.009964447082 0 0.4690306895 1.184841186 0.2437817025 1


mesh: pSphereShape23 tranform: pSphere23 0.009921145868 0.001253014558 -2.862143076e-05 0 -0.001211796745 0.009648095366 0.002333624744 0 0.0003200208071 -0.002311754813 0.009723856044 0 0.7097867585 1.237150571 0.2081633646 1


mesh: pSphereShape24 tranform: pSphere24 0.009962945459 0.000665244096 0.0005451312431 0 -0.000713222045 0.009932576213 0.0009139168905 0 -0.0004806579802 -0.0009494103754 0.009943218184 0 1.01983726 1.22619541 0.2857582947 1


