mesh: pSphereShape1 tranform: pSphere1 -0.06075825939 0.1314099704 0.02445380172 0 -0.05855501617 -0.01604542373 -0.0592616322 0 -0.09013017872 -0.06133473621 0.1056622248 0 -2.222540363 -0.07582074187 -0.2276457187 1


mesh: pSphereShape2 tranform: pSphere2 -0.1199091467 0.2288337447 0.02735783283 0 -0.09029851526 -0.03514499988 -0.1018083558 0 -0.08088465714 -0.05315415618 0.09008953331 0 -2.352827122 0.2450256749 -0.1607943095 1


mesh: pSphereShape3 tranform: pSphere3 -0.1408731724 0.2492072894 0.06548949793 0 -0.08644804236 -0.02267330111 -0.09967793715 0 -0.0792129294 -0.0668260533 0.08389990949 0 -2.558454571 0.6660908276 -0.08737126272 1


mesh: pSphereShape4 tranform: pSphere4 -0.01868189872 0.02156496148 0.1784777972 0 -0.03512535479 0.1429617336 -0.02095035157 0 -0.1665466421 -0.04271843581 -0.01227147641 0 -2.710229164 0.9334937811 0.09206185844 1


mesh: pSphereShape5 tranform: pSphere5 -0.03207755927 0.02061815825 0.1828554376 0 -0.03333895331 0.1328462804 -0.02082780765 0 -0.1687690503 -0.04617946077 -0.02439940448 0 -2.764958502 0.9847026834 0.3783208008 1


mesh: pSphereShape6 tranform: pSphere6 -0.09942980697 -0.2171376732 0.118211276 0 -0.05088890154 0.06182124004 0.07075337347 0 -0.08354240901 0.003756271431 -0.06336939942 0 -2.86618356 0.7347900536 0.5678354649 1


mesh: pSphereShape7 tranform: pSphere7 -0.249822709 -0.01037330775 -0.02617299093 0 -0.00957948421 0.08026471381 0.05962490577 0 0.007463483597 0.07626512427 -0.1014660228 0 -3.209662632 0.534225893 0.6006464695 1


mesh: pSphereShape8 tranform: pSphere8 -0.1706686401 -0.07588462001 -0.03089979862 0 -0.01899658106 0.03800500206 0.01158989802 0 0.004068769395 0.03539568707 -0.1093987584 0 -3.544941785 0.4934426542 0.5258388107 1


mesh: pSphereShape10 tranform: pSphere10 -0.009169736188 0.00919046721 0.1830248496 0 0.01919312418 0.1534469148 -0.006743635942 0 -0.2212026758 0.02712110728 -0.01244435296 0 -2.716033911 1.39120613 0.2041394479 1


mesh: pSphereShape11 tranform: pSphere11 -0.004430834767 0.006500119048 0.07752414651 0 -0.005384896713 0.1706433041 -0.01461559307 0 -0.09143424844 -0.003309169996 -0.004948394342 0 -2.705803468 1.202272355 0.2143263894 1


mesh: pSphereShape12 tranform: pSphere12 -0.02846942087 0.03711373147 0.3129595398 0 -0.02924470762 0.1617138146 -0.02183791229 0 -0.1699633353 -0.03230709192 -0.01163000493 0 -2.743077472 0.7611445271 0.2230241304 1


mesh: pSphereShape13 tranform: pSphere13 -0.005259013986 0.01588299197 0.218446206 0 -0.04969154371 0.2001969998 -0.01575241762 0 -0.189914842 -0.04722893225 -0.001138166066 0 -2.693951722 0.5424241503 0.2581903935 1


mesh: pSphereShape14 tranform: pSphere14 0.007186745178 0.008525340505 0.2212797225 0 -0.05405068728 0.2354082461 -0.007314212624 0 -0.1861099946 -0.04249293774 0.007681643173 0 -2.660062886 0.3513849958 0.2699772804 1


mesh: pSphereShape15 tranform: pSphere15 0.03564048002 0.009518337549 0.1472087269 0 0.1405819435 0.3485111141 -0.0565703851 0 -0.1690619766 0.07406265497 0.03614253557 0 -2.78414451 -0.1990173472 0.1532813491 1


mesh: pSphereShape16 tranform: pSphere16 0.02265102301 0.01387623902 0.09663146956 0 -0.08487583281 0.3513428559 -0.03055726069 0 -0.07869927409 -0.01719265539 0.02091646203 0 -2.893706148 -0.8609344598 0.2084617437 1


mesh: pSphereShape17 tranform: pSphere17 0.003900995538 0.007928783788 0.1120234782 0 -0.006959626649 0.1035606882 -0.00708745029 0 -0.2776449732 -0.01791023634 0.01093608422 0 -2.998239164 -1.331411775 0.2419440223 1


mesh: pSphereShape18 tranform: pSphere18 0.02432190374 0.003408965403 0.1254617732 0 0.02158066834 0.3573254778 -0.01389262311 0 -0.1431538766 0.009714484761 0.02748772297 0 -2.619804965 -0.2519930785 0.4634848102 1


mesh: pSphereShape19 tranform: pSphere19 0.02171938905 -0.001103185111 0.08367155415 0 -0.3902810425 0.1487565855 0.1032701249 0 -0.03401522554 -0.09450778528 0.007583584912 0 -2.351010994 -0.7639017165 0.4203669281 1


mesh: pSphereShape20 tranform: pSphere20 0.03927901161 0.04755123763 0.09755787677 0 -0.07689638029 0.01698084853 0.02268349336 0 -0.01600392201 -0.2323895889 0.1197138682 0 -1.999289747 -1.115330119 0.3873336832 1


mesh: pSphereShape21 tranform: pSphere21 0.008564973181 0.01016027575 0.2637153317 0 0.06604073555 0.1296010114 -0.007138072446 0 -0.2358106684 0.1203284321 0.003022736654 0 -2.572159055 0.1935850734 0.2773502702 1


mesh: pSphereShape22 tranform: pSphere22 -0.001033611138 0.001193122001 0.00987461938 0 -0.002362211801 0.009614305567 -0.001408930045 0 -0.009661863351 -0.002478222822 -0.0007119046451 0 -2.640816866 1.100730202 -0.06457482062 1


mesh: pSphereShape23 tranform: pSphere23 -0.0005686225351 0.000834180096 0.00994891009 0 0.0006548096183 0.009946693024 -0.0007965690477 0 -0.009962323664 0.0006061694907 -0.0006202142953 0 -2.528277049 1.105889013 0.2081298529 1


mesh: pSphereShape24 tranform: pSphere24 -0.001717313773 0.001103819865 0.009789403205 0 -0.00240644425 0.009588998325 -0.00150337527 0 -0.009553002642 -0.002613942011 -0.001381103792 0 -2.718816312 1.166424984 0.4858692065 1


