mesh: pSphereShape1 tranform: pSphere1 0.0266366909 0.1392195073 -0.03829556537 0 0.05128339699 0.008627498158 0.0670348123 0 0.1177687607 -0.04569779233 -0.08421481761 0 1.912386082 0.133490038 0.2999016842 1


mesh: pSphereShape2 tranform: pSphere2 0.0674450778 0.2450277235 -0.05388982659 0 0.1005596875 -0.006125877245 0.09800080134 0 0.08576291467 -0.04356016617 -0.090725137 0 1.966674274 0.4673575255 0.1995797719 1


mesh: pSphereShape3 tranform: pSphere3 0.1003143758 0.2605636088 -0.09100565859 0 0.09229310047 -0.00166541217 0.09696516785 0 0.08517681379 -0.06147684692 -0.08212863133 0 2.091005149 0.9083431637 0.08190049306 1


mesh: pSphereShape4 tranform: pSphere4 0.008013356008 -0.002138415078 -0.1805535884 0 0.02437278745 0.1466843636 -0.0006555628893 0 0.1698721585 -0.02819043935 0.00787316915 0 2.197685855 1.168362603 -0.127586217 1


mesh: pSphereShape5 tranform: pSphere5 0.02315887972 -0.002313052195 -0.1853334978 0 0.02310056366 0.1365956985 0.001181816549 0 0.1728101063 -0.02941501741 0.02196109708 0 2.2356466 1.18359604 -0.4203628177 1


mesh: pSphereShape6 tranform: pSphere6 0.08355454004 -0.2390948479 -0.08283268632 0 0.04542513982 0.04545083984 -0.08537191404 0 0.08909051805 0.01242024535 0.05401612314 0 2.322557836 0.9021374989 -0.5704546529 1


mesh: pSphereShape7 tranform: pSphere7 0.2299302955 -0.09760175964 -0.02846001808 0 0.01951877214 0.06703816401 -0.072209572 0 0.04509372817 0.0808032759 0.08720557804 0 2.642421043 0.6062249767 -0.6263409263 1


mesh: pSphereShape8 tranform: pSphere8 0.1299024042 -0.1353889676 0.025224009 0 0.02218627075 0.01475401128 -0.03506657312 0 0.06037873804 0.07058181043 0.06789781964 0 2.95005197 0.4438192881 -0.6351334393 1


mesh: pSphereShape10 tranform: pSphere10 0.0118301012 -0.002873456206 -0.1830804093 0 0.004142941863 0.154719023 -0.002160618478 0 0.2226617287 -0.005760073088 0.01447813074 0 2.263020544 1.604578173 -0.2715275985 1


mesh: pSphereShape11 tranform: pSphere11 0.005295182406 -0.0004734659981 -0.0777406844 0 0.03436996302 0.1678651738 0.001318701684 0 0.0895494918 -0.01838382403 0.006211483894 0 2.225749891 1.418305172 -0.2729678705 1


mesh: pSphereShape12 tranform: pSphere12 0.01868031112 -0.005168589829 -0.315841641 0 0.01351106065 0.1652190329 -0.001904620918 0 0.1725168237 -0.01398758724 0.01043232941 0 2.241000246 0.9833912885 -0.2342540277 1


mesh: pSphereShape13 tranform: pSphere13 0.01359129878 -0.01027205805 -0.2184226018 0 0.02858951567 0.2047370321 -0.007849471691 0 0.1934441532 -0.02650329893 0.0132834271 0 2.214047401 0.7585038011 -0.2370879852 1


mesh: pSphereShape14 tranform: pSphere14 0.008837233754 -0.003863336411 -0.2213504557 0 0.03417050138 0.2391996948 -0.002810638813 0 0.1889804763 -0.02690234186 0.00801442868 0 2.197892401 0.5640392292 -0.2332297355 1


mesh: pSphereShape15 tranform: pSphere15 -0.01481109057 -0.003521590502 -0.1509949729 0 -0.1502506352 0.3490052951 0.00659837884 0 0.1717767433 0.07430311122 -0.01858251291 0 2.344544525 0.0093107824 -0.06428963677 1


mesh: pSphereShape16 tranform: pSphere16 -0.009013168678 0.005422306218 -0.09966253633 0 0.0793539762 0.3537466969 0.0120696521 0 0.08086495824 -0.01785730357 -0.008284730726 0 2.46435952 -0.6519366436 -0.0471954085 1


mesh: pSphereShape17 tranform: pSphere17 0.0190653919 -0.003269641262 -0.1106940077 0 0.02746916913 0.1003284831 0.001767686713 0 0.2643683908 -0.07322239885 0.04769633031 0 2.55196207 -1.161301427 -0.01418157191 1


mesh: pSphereShape18 tranform: pSphere18 -0.003983973451 -0.0111218618 -0.1272959729 0 -0.04276774924 0.3544477838 -0.02962963872 0 0.1449761208 0.01698947616 -0.00602168006 0 2.207716919 -0.0409846835 -0.3812618691 1


mesh: pSphereShape19 tranform: pSphere19 -0.004397390339 -0.008460836988 -0.08592412378 0 0.1899598574 0.383114367 -0.04744646403 0 0.09023393383 -0.04476673947 -0.0002098333154 0 2.117645402 -0.7300901977 -0.3309846838 1


mesh: pSphereShape20 tranform: pSphere20 -0.02624133412 0.002612875585 -0.1123657668 0 0.04495447046 0.06793744402 -0.008918669981 0 0.2107286319 -0.1463472021 -0.05261555757 0 2.116256255 -1.224166018 -0.2984208121 1


mesh: pSphereShape21 tranform: pSphere21 0.01053198189 -0.004604222346 -0.2637996297 0 -0.07663432799 0.1237283083 -0.005219052044 0 0.2248857626 0.139564786 0.006542486337 0 2.123816651 0.3991842178 -0.2374568415 1


mesh: pSphereShape22 tranform: pSphere22 0.0004433539734 -0.000118311831 -0.00998946643 0 0.001639091946 0.009864655793 -4.408719577e-05 0 0.009854786393 -0.001635410773 0.0004567458311 0 2.122733719 1.350169229 0.008977558908 1


mesh: pSphereShape23 tranform: pSphere23 0.0006795469029 -6.076133512e-05 -0.009976699057 0 0.001048708944 0.009944852514 1.086375342e-05 0 0.00992161406 -0.001047003596 0.0006821714681 0 2.034428932 1.354251854 -0.2612529965 1


mesh: pSphereShape24 tranform: pSphere24 0.001239840687 -0.0001238322517 -0.009922069373 0 0.00166742543 0.009859635668 8.530488683e-05 0 0.00978174256 -0.001665007526 0.00124308585 0 2.170601248 1.344781395 -0.5488429307 1


