mesh: pSphereShape1 tranform: pSphere1 0.1413043966 0.0379034677 -0.01243098826 0 -0.02169454229 0.08195508471 0.00328595745 0 0.01393454379 -0.002372153545 0.1511625156 0 -1.294781892 0.8093649716 0.6463859606 1


mesh: pSphereShape2 tranform: pSphere2 0.2500015908 0.03622688605 -0.06064943955 0 -0.0184128281 0.1391503057 0.007217642158 0 0.03150858297 -0.002490359752 0.1283932374 0 -0.9543265299 0.8387294965 0.5772638465 1


mesh: pSphereShape3 tranform: pSphere3 0.2835199556 0.07642558485 0.003736692198 0 -0.0348716424 0.1292227635 0.002911995358 0 -0.0008828841319 -0.003242078225 0.1332978389 0 -0.5003993796 0.9263653217 0.5091311213 1


mesh: pSphereShape4 tranform: pSphere4 0.1807327113 -0.0006128564721 -0.001922618751 0 0.0005094132451 0.1486952155 0.0004882984566 0 0.001831658871 -0.0005723011277 0.1723646002 0 -0.1230664649 1.043269424 0.5125046832 1


mesh: pSphereShape5 tranform: pSphere5 0.1867869762 -0.0006384972167 -0.0006381017694 0 0.0004730631174 0.1385394226 -0.0001488892941 0 0.0006041644812 0.0001877999407 0.1766648397 0 0.17310057 1.062530419 0.5170920126 1


mesh: pSphereShape6 tranform: pSphere6 0.2582435598 -0.06570274546 -0.001540923503 0 0.02635094725 0.1035478416 0.001028565684 0 0.0003389414786 -0.001128427538 0.1049177594 0 0.4929995273 0.9480633592 0.5220665482 1


mesh: pSphereShape7 tranform: pSphere7 0.2355554285 -0.007837406766 0.08749989732 0 0.003203193417 0.1003938419 0.0003691178936 0 -0.04424607726 0.0009734630861 0.1192005183 0 0.932870328 0.8652781018 0.6544565119 1


mesh: pSphereShape8 tranform: pSphere8 0.1732101488 -0.07598047972 0.008140569985 0 0.01769901724 0.04032720741 -0.0001927192527 0 -0.00432808225 0.002448849591 0.1149468082 0 1.263017266 0.8196160538 0.7561200744 1


mesh: pSphereShape10 tranform: pSphere10 0.1834605987 0.0004832551701 -0.002935902796 0 -0.000376261666 0.1547766381 0.001964445177 0 0.003578641971 -0.002823672448 0.2231597194 0 0.01783993185 1.480964834 0.5505996793 1


mesh: pSphereShape11 tranform: pSphere11 0.07791417586 0.0007114893962 -0.0008672485321 0 -0.00134130125 0.170269947 0.01918582702 0 0.001107018142 -0.01025023591 0.09104595639 0 0.01985656645 1.29519979 0.5101659585 1


mesh: pSphereShape12 tranform: pSphere12 0.3164326503 -0.001063754819 -0.0009256338039 0 0.00055796447 0.1657804063 0.0002252185228 0 0.0005064235606 -0.0002372692521 0.1733961585 0 -0.01152248931 0.8624926516 0.5677241337 1


mesh: pSphereShape13 tranform: pSphere13 0.2190848225 -0.0004569908697 -0.0005506779132 0 0.0004307872065 0.206871838 -0.0002898290797 0 0.0004924736038 0.0002731542585 0.1957018077 0 -0.003887408272 0.6388824546 0.5645026025 1


mesh: pSphereShape14 tranform: pSphere14 0.2215592256 -0.0002425840724 -0.0007050145748 0 0.0002628334182 0.2416436393 -0.0005471227153 0 0.0006084130431 0.0004319137592 0.1910524294 0 -0.004117749934 0.4442200022 0.5761396364 1


mesh: pSphereShape15 tranform: pSphere15 0.1517602682 0.0002318767316 -0.0001380974533 0 -0.0005740407917 0.3799631183 0.007154523363 0 0.0001765251954 -0.003540531668 0.1880450615 0 -0.1899293051 -0.1586599057 0.5698943546 1


mesh: pSphereShape16 tranform: pSphere16 0.1002158143 0.0002117417055 -7.41769086e-05 0 -0.0007135647881 0.3580623962 0.05805399926 0 8.89505434e-05 -0.01331971843 0.08215375046 0 -0.2259707387 -0.8693158315 0.5395516316 1


mesh: pSphereShape17 tranform: pSphere17 0.1103394204 -0.0001454913783 0.02127285084 0 0.0001469024703 0.104035861 -5.043106946e-05 0 -0.05271018818 0.0002069595625 0.2734020828 0 -0.2769727358 -1.332848852 0.6722701603 1


mesh: pSphereShape18 tranform: pSphere18 0.1276692853 0.00665319251 -0.0003481500188 0 -0.01866802599 0.3570260289 -0.02289425281 0 -8.938336595e-05 0.009344297891 0.1457931913 0 0.1876429222 -0.1734288132 0.579880194 1


mesh: pSphereShape19 tranform: pSphere19 0.08626414419 0.005589098759 -0.001066421623 0 -0.02643038976 0.4225495277 0.07658892681 0 0.002379537278 -0.01781565625 0.09911209816 0 0.2474100313 -0.8934512078 0.5542610673 1


mesh: pSphereShape20 tranform: pSphere20 0.1146280174 0.0009010172649 -0.01345756537 0 -0.0005991552009 0.08194777356 0.0003831589045 0 0.0305455315 -0.0009928622893 0.2601123632 0 0.2692586788 -1.312636004 0.7073961485 1


mesh: pSphereShape21 tranform: pSphere21 0.2640484361 -0.0002891052935 -0.0008402177586 0 -0.0001760775304 0.1114889354 -0.09369599386 0 0.0008314438976 0.1703359462 0.2026813114 0 -0.0003235305227 0.270489514 0.5262840319 1


mesh: pSphereShape22 tranform: pSphere22 0.009999376739 -3.39074355e-05 -0.0001063724938 0 3.425850034e-05 0.009999887399 3.283851176e-05 0 0.0001062599491 -3.320088128e-05 0.009999380307 0 -0.265415842 1.21053048 0.4172076159 1


mesh: pSphereShape23 tranform: pSphere23 0.009998963745 9.130760351e-05 -0.0001112966483 0 -8.962319182e-05 0.009998459499 0.0001509149665 0 0.0001126574715 -0.0001499018517 0.009998241732 0 -0.005743769063 1.213972411 0.326888816 1


mesh: pSphereShape24 tranform: pSphere24 0.009999883225 -3.418277729e-05 -3.41616065e-05 0 3.414624352e-05 0.009999935927 -1.074700163e-05 0 3.419812385e-05 1.063022708e-05 0.009999935874 0 0.2906553759 1.208996029 0.4100992621 1


