mesh: pSphereShape1 tranform: pSphere1 0.09198376397 0.107258258 -0.0399097494 0 0.05698177831 -0.02791015695 0.05632216856 0 0.06005020453 -0.09085724385 -0.1057773081 0 -1.415244329 0.004148235639 0.5572021516 1


mesh: pSphereShape2 tranform: pSphere2 0.1622532529 0.1947003993 -0.0570716535 0 0.08346615281 -0.03837662849 0.1063699671 0 0.06706701584 -0.07975020056 -0.08139863015 0 -1.220019383 0.2769362877 0.44985351 1


mesh: pSphereShape3 tranform: pSphere3 0.1822649597 0.2079764729 -0.09881128136 0 0.08316669472 -0.02440878735 0.102032082 0 0.06379064663 -0.09094473867 -0.07375237154 0 -0.9399020929 0.6375297023 0.3206330717 1


mesh: pSphereShape4 tranform: pSphere4 0.01070956521 0.01125586544 -0.1800749724 0 0.038234052 0.1432579641 0.01122844787 0 0.1662661771 -0.04492962212 0.007079921592 0 -0.7589791105 0.8651713075 0.1085062342 1


mesh: pSphereShape5 tranform: pSphere5 0.03159626022 0.009279706239 -0.1838634078 0 0.03668494317 0.1329595777 0.01301473122 0 0.1677182376 -0.04885507829 0.02635602354 0 -0.7089608798 0.8986661605 -0.1803021884 1


mesh: pSphereShape6 tranform: pSphere6 0.09293104908 -0.2261448949 -0.1059776769 0 0.03619150113 0.05447220042 -0.08450171894 0 0.0916908818 0.01480374145 0.04881348066 0 -0.6154201258 0.6364318796 -0.3572713194 1


mesh: pSphereShape7 tranform: pSphere7 0.2482391249 -0.02939564955 -0.02678151455 0 0.001283735467 0.07335008862 -0.06861076236 0 0.02004658302 0.08558587277 0.09187284392 0 -0.2705312938 0.4162300548 -0.4333383397 1


mesh: pSphereShape8 tranform: pSphere8 0.1595602601 -0.09890638873 0.02447667234 0 0.01860935098 0.02173647859 -0.03347825509 0 0.03835087636 0.07999898404 0.07325892927 0 0.06975781651 0.3422484412 -0.4395133783 1


mesh: pSphereShape10 tranform: pSphere10 0.01203325272 0.007091559224 -0.1829523297 0 -0.01135966781 0.1542834419 0.005233146871 0 0.2221225713 0.01583819877 0.01522349874 0 -0.7322673138 1.31601404 -0.01208609568 1


mesh: pSphereShape11 tranform: pSphere11 0.004101936124 0.004151308197 -0.07770339695 0 0.0176300136 0.1701485074 0.01002087571 0 0.09101383933 -0.009682938359 0.004287278382 0 -0.750926374 1.127303863 -0.02238939205 1


mesh: pSphereShape12 tranform: pSphere12 0.01029474032 0.01938820092 -0.3156734492 0 0.03157328807 0.1623748067 0.01100249067 0 0.1701298148 -0.03331851389 0.003501898008 0 -0.7338720792 0.6854896123 -0.01436359607 1


mesh: pSphereShape13 tranform: pSphere13 -0.003171628766 -0.0006119536813 -0.219062178 0 0.05655461787 0.1989872166 -0.001374683733 0 0.1882262741 -0.05351401936 -0.002575687731 0 -0.7889143854 0.4650880464 -0.03171157774 1


mesh: pSphereShape14 tranform: pSphere14 -0.0151907221 -0.001789319228 -0.2210318679 0 0.06120930294 0.2336840755 -0.006098436996 0 0.184358257 -0.04860968582 -0.01227676728 0 -0.828975695 0.2750405484 -0.03095512127 1


mesh: pSphereShape15 tranform: pSphere15 -0.03605502216 -0.006414597947 -0.1472757283 0 -0.2072159127 0.3164173329 0.03694759762 0 0.1511953553 0.1038654538 -0.04153846043 0 -0.6279941894 -0.233996289 0.1081881002 1


mesh: pSphereShape16 tranform: pSphere16 -0.0245566342 0.002608462014 -0.09712583284 0 -0.004678141816 0.3625442536 0.01091946705 0 0.08068216241 0.001654156996 -0.02035470364 0 -0.3735950406 -0.8633362186 0.08985967628 1


mesh: pSphereShape17 tranform: pSphere17 -0.007722817518 0.007481717233 -0.1118558226 0 -0.005378136851 0.1036398529 0.007303495015 0 0.2774053817 0.01567110412 -0.01810459504 0 -0.1607754199 -1.320349319 0.07339628591 1


mesh: pSphereShape18 tranform: pSphere18 -0.02676754929 -0.002468639926 -0.1249849459 0 0.0460481474 0.3548734377 -0.01687123819 0 0.141614583 -0.01979911556 -0.02993799306 0 -0.9562753516 -0.3261635913 -0.1851180804 1


mesh: pSphereShape19 tranform: pSphere19 -0.02223487131 -0.003587220974 -0.08346628179 0 0.3775954444 0.1756151963 -0.1081365605 0 0.04074545643 -0.09186064564 -0.006906328317 0 -1.291740061 -0.8582315297 -0.1038771639 1


mesh: pSphereShape20 tranform: pSphere20 -0.03629334276 0.01940291778 -0.1078323714 0 0.07325833487 0.03143473233 -0.01900045695 0 0.08364911055 -0.2378270897 -0.07094757546 0 -1.579681347 -1.235389116 -0.02897527626 1


mesh: pSphereShape21 tranform: pSphere21 -0.01810390158 -0.00213246342 -0.2634199452 0 -0.06187488446 0.1317956911 0.003185511743 0 0.2389813284 0.1126149567 -0.01733597554 0 -0.9217118034 0.1198948468 -0.02747871692 1


mesh: pSphereShape22 tranform: pSphere22 0.0005925268121 0.0006227518986 -0.009962986101 0 0.002571274493 0.009634227336 0.0007551232499 0 0.009645592748 -0.00260650028 0.0004107271938 0 -0.8184942519 1.042081448 0.2584458457 1


mesh: pSphereShape23 tranform: pSphere23 0.0005264139694 0.0005327500381 -0.009971913845 0 6.088671172e-05 0.009985402454 0.0005366848568 0 0.009985949186 -8.896754494e-05 0.0005224017944 0 -0.9347750126 1.044002226 -0.01217711667 1


mesh: pSphereShape24 tranform: pSphere24 0.001691546804 0.0004968011189 -0.009843366196 0 0.002647961672 0.009597176257 0.0009394183678 0 0.009493522444 -0.002765392654 0.00149185625 0 -0.7512226986 1.074993107 -0.2979521033 1


