mesh: pSphereShape1 tranform: pSphere1 0.02792863853 0.1412487972 0.02875592566 0 -0.05459508956 0.02314765284 -0.06067659314 0 -0.1125668166 0.001519585875 0.1018641615 0 3.628134881 -0.1519883457 -0.5300296538 1


mesh: pSphereShape2 tranform: pSphere2 0.02420710556 0.2556982633 0.03903781988 0 -0.1087865051 0.02340690305 -0.08585771587 0 -0.08281020979 -0.007852542551 0.1027843511 0 3.70180973 0.1846393011 -0.4539846237 1


mesh: pSphereShape3 tranform: pSphere3 -0.02666815273 0.2826110157 0.07522115115 0 -0.09971000086 0.01407232037 -0.08822085522 0 -0.08815019608 -0.03341741956 0.09429964687 0 3.719297593 0.6459573076 -0.3653403318 1


mesh: pSphereShape4 tranform: pSphere4 0.006299785641 0.003294173361 0.1806041143 0 -0.04547551324 0.141568891 -0.0009959157616 0 -0.164006275 -0.05263597018 0.006680890917 0 3.677522659 0.9227998857 -0.1685869794 1


mesh: pSphereShape5 tranform: pSphere5 -0.02302888336 -0.002985134458 0.1853400896 0 -0.04060665905 0.1324236894 -0.002912610528 0 -0.1674967039 -0.05183762839 -0.02164671635 0 3.646594219 0.9394074794 0.1236953402 1


mesh: pSphereShape6 tranform: pSphere6 0.002015235088 -0.2511291236 0.0891014224 0 -0.0600437109 0.02912665406 0.08345044446 0 -0.086788389 -0.02033416535 -0.0553481862 0 3.648256097 0.6445429397 0.2802851103 1


mesh: pSphereShape7 tranform: pSphere7 -0.09670157186 -0.2206943545 0.07174137428 0 -0.05504643999 0.04680205078 0.06977662699 0 -0.09444509372 0.01409052899 -0.08395836959 0 3.526839627 0.2050034201 0.3828040079 1


mesh: pSphereShape8 tranform: pSphere8 0.03264728001 -0.1864748777 -0.001527390085 0 -0.02525388041 -0.004714347505 0.03577139166 0 -0.09214756595 -0.01558315666 -0.06710804125 0 3.439376671 -0.1281181711 0.4444449183 1


mesh: pSphereShape10 tranform: pSphere10 -0.006608516306 -0.009292159807 0.1831300838 0 -0.01408428755 0.1539743002 0.007304521093 0 -0.2221349491 -0.01989089533 -0.009025342954 0 3.594669145 1.356733847 -0.00973698916 1


mesh: pSphereShape11 tranform: pSphere11 -0.003982574949 -0.003577667124 0.07773812792 0 -0.04113796291 0.1662488693 0.005543587236 0 -0.08882468586 -0.02179431339 -0.005553565269 0 3.645449835 1.173759236 -0.0151232889 1


mesh: pSphereShape12 tranform: pSphere12 -0.03101380935 -0.003576830736 0.3148919822 0 -0.04346982948 0.1599618892 -0.0024643638 0 -0.1664647148 -0.04549752464 -0.01691196402 0 3.675651695 0.7365301187 -0.06024578404 1


mesh: pSphereShape13 tranform: pSphere13 -0.02649275718 0.005889308861 0.2173985313 0 -0.06517988596 0.1958883807 -0.01324959304 0 -0.1842211998 -0.06270132239 -0.02075110642 0 3.742681949 0.5206914325 -0.04378476622 1


mesh: pSphereShape14 tranform: pSphere14 -0.03113001266 0.00479885022 0.2193101449 0 -0.06849766825 0.2312607651 -0.01478326073 0 -0.1812402178 -0.05524922017 -0.02451723126 0 3.78940802 0.3330671702 -0.03394182121 1


mesh: pSphereShape15 tranform: pSphere15 -0.01820210418 0.0156979044 0.1498449567 0 -0.1256488556 0.3548051138 -0.05243266432 0 -0.1760619049 -0.06451143389 -0.0146284724 0 3.99242682 -0.2307866401 -0.1654092943 1


mesh: pSphereShape16 tranform: pSphere16 -0.01403684445 0.0127466492 0.09840604501 0 -0.2229977325 0.2779444029 -0.06781132486 0 -0.06459852486 -0.05241959482 -0.002424497995 0 4.295897714 -0.8583974169 -0.09062124949 1


mesh: pSphereShape17 tranform: pSphere17 -0.02776616663 0.00590133983 0.1087269848 0 -0.05568727453 0.08582527666 -0.01887945546 0 -0.2249025437 -0.1566901954 -0.04892989004 0 4.41799342 -1.336423436 -0.05237593243 1


mesh: pSphereShape18 tranform: pSphere18 -0.02894764225 0.007640312924 0.1242879407 0 0.1960436851 0.2985993462 0.02730441906 0 -0.1177169162 0.08024450657 -0.03235004373 0 3.622463154 -0.2162963177 0.104971752 1


mesh: pSphereShape19 tranform: pSphere19 -0.01851077522 0.003449515007 0.08437612162 0 -0.001444781808 0.4298724785 -0.01789126554 0 -0.09839200022 -0.001226996046 -0.02153547264 0 3.394012704 -0.8725563107 0.1046709489 1


mesh: pSphereShape20 tranform: pSphere20 -0.008909026853 0.002752531871 0.1150415276 0 0.01429445955 0.08069035524 -0.0008236421442 0 -0.2570930983 0.04533026344 -0.02099435187 0 3.174649329 -1.259700953 0.0738941615 1


mesh: pSphereShape21 tranform: pSphere21 -0.03709992729 0.005719143007 0.2613680412 0 0.05698080296 0.1339228851 0.005157706001 0 -0.2407909876 0.1038543225 -0.0364516098 0 3.885694529 0.1815315317 -0.01277301229 1


mesh: pSphereShape22 tranform: pSphere22 0.0003485474741 0.0001822563289 0.009992261871 0 -0.003058269294 0.009520635646 -6.697623351e-05 0 -0.009514489139 -0.003053568326 0.000387578244 0 3.714301667 1.108422174 -0.3152594289 1


mesh: pSphereShape23 tranform: pSphere23 -0.0005110959859 -0.0004591329302 0.009976370976 0 -0.001449492717 0.009887061719 0.0003807642797 0 -0.009881181698 -0.001426606997 -0.0005718747395 0 3.838980939 1.118078714 -0.03212818613 1


mesh: pSphereShape24 tranform: pSphere24 -0.001232881163 -0.000159813048 0.009922422276 0 -0.002931035664 0.009558495223 -0.0002102356001 0 -0.009480982754 -0.002934216908 -0.001225290645 0 3.689947494 1.109252907 0.25015395 1


