mesh: pSphereShape1 tranform: pSphere1 0.103154654 0.1042322717 0.007272257331 0 -0.04528501876 0.04850514272 -0.05286402177 0 -0.07145479377 0.06244770374 0.1185090776 0 -0.4459245528 -0.03158386576 -0.35966713 1


mesh: pSphereShape2 tranform: pSphere2 0.143085935 0.215904042 0.02008474717 0 -0.1096830822 0.07668396258 -0.04293163791 0 -0.03914388337 0.01426783536 0.125491041 0 -0.2069706582 0.2264425825 -0.3294584036 1


mesh: pSphereShape3 tranform: pSphere3 0.04909001179 0.2753952238 0.08936464377 0 -0.1166279371 0.03815793504 -0.05352504136 0 -0.06155931828 -0.02643709754 0.1152871832 0 -0.02989299997 0.6397202902 -0.2512550783 1


mesh: pSphereShape4 tranform: pSphere4 0.04933439285 0.0008124114183 0.173878816 0 -0.04908482196 0.139732777 0.01327389638 0 -0.1557619716 -0.05893987429 0.04446950988 0 0.02126946913 0.9082005614 -0.04096707616 1


mesh: pSphereShape5 tranform: pSphere5 0.04284078695 -0.0008860707215 0.1818077864 0 -0.04200564125 0.1315973521 0.01053947868 0 -0.1634008092 -0.05521938778 0.03823428638 0 0.08276167365 0.9254865995 0.2483066829 1


mesh: pSphereShape6 tranform: pSphere6 0.06154096338 -0.239862281 0.09842640589 0 -0.0536511986 0.02296424866 0.08950853618 0 -0.08744411575 -0.03975752517 -0.04221362663 0 0.1673769435 0.6406058631 0.4075794293 1


mesh: pSphereShape7 tranform: pSphere7 -0.008383710775 -0.229891697 0.1014077805 0 -0.05571738479 0.03542291162 0.0756974937 0 -0.1057110277 -0.02525432456 -0.06599109238 0 0.1790516525 0.1917681381 0.5520796221 1


mesh: pSphereShape8 tranform: pSphere8 0.1030171113 -0.1581114395 0.01514282982 0 -0.02878394616 -0.01595100283 0.02926817318 0 -0.06052525766 -0.04762151694 -0.08547737825 0 0.2180990491 -0.1455403116 0.6311840585 1


mesh: pSphereShape10 tranform: pSphere10 0.00861131554 -0.02175418242 0.1819869366 0 0.01506816008 0.1530478231 0.01758188604 0 -0.221899045 0.02036102128 0.01293378585 0 0.04950841982 1.344351339 0.1542680103 1


mesh: pSphereShape11 tranform: pSphere11 0.00817026611 -0.01287102931 0.07641636273 0 -0.009190142048 0.1685657834 0.02937461251 0 -0.09099015582 -0.006466256071 0.00863933314 0 0.066764092 1.154470096 0.1373503574 1


mesh: pSphereShape12 tranform: pSphere12 0.04517859261 -0.006899023804 0.3131180429 0 -0.04212736168 0.1600516705 0.009604860735 0 -0.1658678582 -0.04503490855 0.02294016474 0 0.04604431324 0.7211066701 0.06227079561 1


mesh: pSphereShape13 tranform: pSphere13 0.02320440131 0.002592689529 0.2178382549 0 -0.05473949786 0.199468956 0.003456859323 0 -0.1875854551 -0.05183533763 0.02059877462 0 0.1078953624 0.5058184104 0.06002502354 1


mesh: pSphereShape14 tranform: pSphere14 0.02056541952 0.003681292816 0.2205732485 0 -0.04537024477 0.237346762 0.0002689137877 0 -0.1868163054 -0.03573145786 0.01801439513 0 0.1388456402 0.3168712765 0.05920343704 1


mesh: pSphereShape15 tranform: pSphere15 0.02233931066 0.02467511602 0.1480653427 0 -0.1088989533 0.3614492837 -0.04380549388 0 -0.1780517433 -0.04939093005 0.03509450654 0 0.2469048744 -0.2687376607 -0.08241087415 1


mesh: pSphereShape16 tranform: pSphere16 0.01135067452 0.02022519386 0.09749545366 0 -0.2481029626 0.2633653883 -0.02574971413 0 -0.05997829348 -0.05471007745 0.01833230107 0 0.5437260024 -0.8907899214 -0.04522892899 1


mesh: pSphereShape17 tranform: pSphere17 0.009393065473 0.008903036252 0.1116236952 0 -0.03979157775 0.0960288091 -0.004310761016 0 -0.2562107597 -0.104823228 0.0299206135 0 0.6592243836 -1.322379832 -0.005504257686 1


mesh: pSphereShape18 tranform: pSphere18 -0.001960583251 -0.002821699719 0.1277968181 0 0.2121211539 0.2885345795 0.009624958915 0 -0.1177082282 0.08653173148 0.0001047739835 0 -0.02302240763 -0.2209447907 0.2135255202 1


mesh: pSphereShape19 tranform: pSphere19 -0.0002192114921 -0.002205689435 0.08642317243 0 0.1140585811 0.4147106687 0.01087354081 0 -0.09712436353 0.02670087078 0.0004351038139 0 -0.3533945341 -0.8558266514 0.2132455452 1


mesh: pSphereShape20 tranform: pSphere20 0.01707292135 -0.008112510265 0.1138604532 0 0.02900608378 0.07663782372 0.001111066582 0 -0.2418647298 0.09092189676 0.04274480025 0 -0.6773733065 -1.183726327 0.2091444151 1


mesh: pSphereShape21 tranform: pSphere21 0.02450932408 0.004387267595 0.2628733746 0 0.07039873905 0.1271900772 -0.008686472784 0 -0.2304589914 0.1288778665 0.01933620104 0 0.2209487725 0.1558101483 0.05839810505 1


mesh: pSphereShape22 tranform: pSphere22 0.002729517954 4.494818774e-05 0.009620172109 0 -0.003300998563 0.009397155326 0.0008926815075 0 -0.009036212715 -0.003419276451 0.002579807808 0 0.01556705613 1.097276234 -0.1877288192 1


mesh: pSphereShape23 tranform: pSphere23 0.001048515161 -0.001651778435 0.00980674482 0 0.0004290855775 0.009859431272 0.001614775699 0 -0.009935617823 0.0002514815963 0.001104651747 0 0.2417645216 1.071324864 0.07985691937 1


mesh: pSphereShape24 tranform: pSphere24 0.002293537138 -4.743694622e-05 0.009733315834 0 -0.003032015819 0.009498849236 0.0007607517736 0 -0.009249138742 -0.003125638003 0.002164213392 0 0.1635697109 1.097812223 0.350740546 1


