mesh: pSphereShape1 tranform: pSphere1 -0.02984359355 0.1403885615 -0.03096040294 0 0.0830641613 0.01661287355 -0.00473752387 0 -0.001837325588 -0.03306616167 -0.148165981 0 3.479963931 -0.08718639085 1.397722812 1


mesh: pSphereShape2 tranform: pSphere2 -0.02850409724 0.2526739991 -0.05324381501 0 0.1391111607 0.01768424072 0.009449168378 0 0.01205585842 -0.02584704399 -0.1291139136 0 3.394213973 0.2477607413 1.327630369 1


mesh: pSphereShape3 tranform: pSphere3 -0.02914420588 0.2740212119 -0.1014957578 0 0.1316366233 0.01945058918 0.01471420284 0 0.02037049355 -0.04385927089 -0.1242618676 0 3.333333509 0.7025539373 1.213327227 1


mesh: pSphereShape4 tranform: pSphere4 -0.1238735086 0.01741692919 -0.1304622146 0 0.0244365225 0.1466303729 -0.003627003868 0 0.1222873215 -0.02332879357 -0.1192259044 0 3.230561327 0.9894974418 1.024836249 1


mesh: pSphereShape5 tranform: pSphere5 -0.1104238689 0.01802069157 -0.1495727688 0 0.02343053845 0.1365419708 -0.0008471459348 0 0.1393217861 -0.02456406325 -0.1058154648 0 3.054302876 1.037062144 0.7932793322 1


mesh: pSphereShape6 tranform: pSphere6 -0.02998611002 -0.2309595442 -0.1294893182 0 -0.0191464433 0.05329012146 -0.09061546524 0 0.1025487553 -0.0008768191409 -0.02218351715 0 2.980009337 0.7702927404 0.6079292565 1


mesh: pSphereShape7 tranform: pSphere7 0.04562974449 -0.1773845512 -0.1722111038 0 -0.01534808747 0.06708481573 -0.07316682238 0 0.1235206988 0.03011905796 0.001704665589 0 3.050912182 0.3941195151 0.339028817 1


mesh: pSphereShape8 tranform: pSphere8 -0.00881289852 -0.1861007482 -0.03361401719 0 -0.001616063382 0.007896894112 -0.04329669054 0 0.1148520262 -0.004515800614 -0.005110528089 0 3.110584869 0.1060482726 0.1495974396 1


mesh: pSphereShape10 tranform: pSphere10 -0.1452550578 0.02099780071 -0.1101213189 0 0.01820895625 0.1536242898 0.005274448536 0 0.1338227694 -0.009737669428 -0.1783751225 0 3.216940902 1.43686337 0.9089435173 1


mesh: pSphereShape11 tranform: pSphere11 -0.05625358631 0.01272962901 -0.05239625664 0 0.04685043919 0.1644991896 -0.01033454682 0 0.05824506973 -0.0208351752 -0.06759486909 0 3.178721545 1.252917308 0.9290142825 1


mesh: pSphereShape12 tranform: pSphere12 -0.1958742272 0.02989107417 -0.2467213435 0 0.0189060912 0.1646259646 0.004935247581 0 0.1347409552 -0.0122227569 -0.1084528457 0 3.175586041 0.817690795 0.9054158862 1


mesh: pSphereShape13 tranform: pSphere13 -0.1389636792 0.01794249183 -0.1684215972 0 0.0257548463 0.2052621106 0.0006170559115 0 0.1493223864 -0.01835966608 -0.1251609455 0 3.140668366 0.5954470808 0.8963958262 1


mesh: pSphereShape14 tranform: pSphere14 -0.1425710666 0.01273489224 -0.1691164091 0 0.02462168388 0.240372073 -0.002656319913 0 0.1449422658 -0.01621047168 -0.1234121051 0 3.127374291 0.4012833199 0.8899040209 1


mesh: pSphereShape15 tranform: pSphere15 -0.1015686773 0.009230505073 -0.1123826206 0 -0.02482918756 0.3754576467 0.05327809068 0 0.1392047203 0.02674657394 -0.1236130183 0 3.267140838 -0.1866080395 0.9791275682 1


mesh: pSphereShape16 tranform: pSphere16 -0.06619049252 0.009844643207 -0.07460000981 0 0.08616269799 0.3510671957 -0.03012090936 0 0.05928084932 -0.01928047697 -0.05514259368 0 3.264663045 -0.8839866651 0.9582416616 1


mesh: pSphereShape17 tranform: pSphere17 -0.06148621334 0.002978432272 -0.09401019925 0 0.007730830148 0.1037332476 -0.001769776267 0 0.2321375436 -0.01990134439 -0.1524572169 0 3.340422102 -1.355194305 0.8928254318 1


mesh: pSphereShape18 tranform: pSphere18 -0.07685262822 0.009210669308 -0.1017480697 0 -0.09943837517 0.3278298644 0.1047846213 0 0.1094791777 0.05796145701 -0.07744519138 0 3.106168176 -0.1808393655 0.6583001318 1


mesh: pSphereShape19 tranform: pSphere19 -0.05516632318 0.001228690873 -0.0665510703 0 0.2551989258 0.2781766975 -0.2064067968 0 0.04944785861 -0.07682962554 -0.04240737821 0 3.017735803 -0.7548126279 0.6790514142 1


mesh: pSphereShape20 tranform: pSphere20 -0.08469386781 0.02909289643 -0.07281519351 0 0.0485531549 0.05669853105 -0.03382027669 0 0.08707057134 -0.1772037736 -0.1720755503 0 2.86580867 -1.187509349 0.7558843013 1


mesh: pSphereShape21 tranform: pSphere21 -0.1699124335 0.01517710838 -0.2015484718 0 -0.05950934798 0.1190408852 0.05913254731 0 0.1713655243 0.1517531573 -0.1330397541 0 3.068907227 0.2330850433 0.9211002086 1


mesh: pSphereShape22 tranform: pSphere22 -0.006853534546 0.0009636243235 -0.007218067081 0 0.001643378185 0.009861024872 -0.0002439192825 0 0.007094249246 -0.001353372321 -0.006916647381 0 3.286095307 1.153145708 1.190535853 1


mesh: pSphereShape23 tranform: pSphere23 -0.007219194246 0.001633632103 -0.006724171368 0 0.00210490056 0.009775283119 0.0001150372689 0 0.006591860744 -0.001332323569 -0.007400830078 0 3.058455048 1.19136869 1.079319015 1


mesh: pSphereShape24 tranform: pSphere24 -0.005911685155 0.0009647611147 -0.00800757233 0 0.001691243393 0.009855757541 -6.11479744e-05 0 0.007886169819 -0.001390424137 -0.00598957814 0 2.925811024 1.208050063 0.7621067251 1


