mesh: pSphereShape1 tranform: pSphere1 0.004879541632 0.1427354148 0.03407236797 0 -0.07040983237 0.01325420244 -0.04544082103 0 -0.08455333292 -0.0265361909 0.1232739599 0 2.472836233 -0.08260940412 -0.4442107163 1


mesh: pSphereShape2 tranform: pSphere2 -0.01937413523 0.2542681918 0.04963735241 0 -0.1193955702 0.005340822947 -0.0739601759 0 -0.06906151849 -0.02665070696 0.109563053 0 2.49205531 0.2589195535 -0.3574834764 1


mesh: pSphereShape3 tranform: pSphere3 -0.04997628763 0.2744404592 0.09177801022 0 -0.110218434 0.005280976575 -0.07580924648 0 -0.07220654516 -0.04715783562 0.1016954167 0 2.450978456 0.716313005 -0.2472837919 1


mesh: pSphereShape4 tranform: pSphere4 0.03551681221 0.01337339003 0.1767147234 0 -0.02468528428 0.1465055473 -0.006125880162 0 -0.1665743637 -0.02658278201 0.03549049102 0 2.418990344 0.9994822053 -0.03966651448 1


mesh: pSphereShape5 tranform: pSphere5 0.01397674378 0.0136722171 0.1857630492 0 -0.02425475879 0.136154136 -0.008196066785 0 -0.1734343663 -0.02997759566 0.01525549838 0 2.443957712 1.039878718 0.251265711 1


mesh: pSphereShape6 tranform: pSphere6 -0.02385337958 -0.2408901991 0.1114086607 0 -0.02825052588 0.0455488501 0.09243806531 0 -0.1007540044 -0.003472679593 -0.02908084498 0 2.428669581 0.7615902889 0.4336921945 1


mesh: pSphereShape7 tranform: pSphere7 -0.1112429768 -0.1925154831 0.1173320322 0 -0.0242135698 0.06055266402 0.07639632259 0 -0.1098291101 0.02848680813 -0.0573889789 0 2.258686318 0.3625827238 0.6098171485 1


mesh: pSphereShape8 tranform: pSphere8 0.003815499365 -0.1880989248 0.02110199627 0 -0.02034129738 0.003947105107 0.03886165194 0 -0.1020204635 -0.007969390519 -0.05259098527 0 2.133259808 0.05756821378 0.7266701701 1


mesh: pSphereShape10 tranform: pSphere10 0.08837656328 0.007290158898 0.1606333744 0 -0.002973676942 0.1546673368 -0.005383352722 0 -0.1955620962 -1.500706084e-05 0.1075941749 0 2.400089764 1.447973695 0.09419395768 1


mesh: pSphereShape11 tranform: pSphere11 0.02781151146 0.008056983088 0.07234280884 0 -0.03546874947 0.1675662583 -0.005026608488 0 -0.08346519312 -0.01664890503 0.03394163373 0 2.4282737 1.261725013 0.08232115229 1


mesh: pSphereShape12 tranform: pSphere12 0.04318806653 0.02225663765 0.3126836157 0 -0.01557883898 0.1647698284 -0.009576460937 0 -0.170999893 -0.0147342115 0.02466739022 0 2.40479323 0.8242700228 0.08749713251 1


mesh: pSphereShape13 tranform: pSphere13 0.03322285873 0.01870399141 0.2157430739 0 -0.03172837626 0.2040236386 -0.0128020287 0 -0.1910965201 -0.02772073042 0.03183073678 0 2.436652773 0.6009471456 0.1095192803 1


mesh: pSphereShape14 tranform: pSphere14 0.03467483219 0.01575102495 0.2182627031 0 -0.03414936188 0.2389271749 -0.01181706477 0 -0.1867580159 -0.02513578525 0.03148369897 0 2.454095617 0.4074865482 0.1220231224 1


mesh: pSphereShape15 tranform: pSphere15 0.03509471643 0.00951614758 0.1473399323 0 0.04418158379 0.3758464679 -0.03479810618 0 -0.1816693222 0.02521121483 0.04164329117 0 2.391662021 -0.1797825756 -0.02236199937 1


mesh: pSphereShape16 tranform: pSphere16 0.02235777272 0.009571976803 0.09722019863 0 -0.08234413428 0.3529149183 -0.01581010937 0 -0.07889844709 -0.01751892682 0.01986916645 0 2.380578594 -0.8794939834 -0.002119681577 1


mesh: pSphereShape17 tranform: pSphere17 0.01093823202 0.00301063059 0.1117972908 0 -0.005490040373 0.1038664371 -0.002259912878 0 -0.2767248428 -0.01402946209 0.02745252628 0 2.272777129 -1.348562027 0.02359440344 1


mesh: pSphereShape18 tranform: pSphere18 0.02026080136 0.01100500245 0.1257466597 0 0.1606947552 0.3156788345 -0.05351912231 0 -0.1285013044 0.06791546309 0.01476086577 0 2.33129222 -0.1585828893 0.3484518703 1


mesh: pSphereShape19 tranform: pSphere19 0.01674164385 0.002585893225 0.08477563547 0 -0.2711625442 0.3312035062 0.04344703306 0 -0.07573331864 -0.06422318241 0.01691493709 0 2.354074614 -0.7585733572 0.3945360425 1


mesh: pSphereShape20 tranform: pSphere20 0.04965903699 0.02643597018 0.1007800565 0 -0.04837550911 0.06582232353 0.006570786294 0 -0.1788677462 -0.1440269737 0.1259167066 0 2.452786978 -1.214011312 0.4280349367 1


mesh: pSphereShape21 tranform: pSphere21 0.04132454962 0.01877165572 0.2601197276 0 0.07555710201 0.1227383187 -0.02086102705 0 -0.2225086911 0.1412508419 0.02515595157 0 2.528385454 0.2427296102 0.1263162998 1


mesh: pSphereShape22 tranform: pSphere22 0.00196503435 0.0007399079237 0.009777074014 0 -0.001660107639 0.009852630235 -0.0004119709679 0 -0.009663471562 -0.001542145816 0.002058908364 0 2.45755646 1.168003018 -0.2053002288 1


mesh: pSphereShape23 tranform: pSphere23 0.003569136061 0.001033977205 0.009283973229 0 -0.001176917062 0.009909130782 -0.0006511477441 0 -0.009266937682 -0.0008602431599 0.003658394142 0 2.598408538 1.191905769 -0.001483295397 1


mesh: pSphereShape24 tranform: pSphere24 0.0007482631204 0.0007319598894 0.009945065964 0 -0.001750736572 0.009827763175 -0.0005916015899 0 -0.009817078168 -0.001696851704 0.0008635221687 0 2.531498612 1.210983103 0.3501526973 1


