mesh: pSphereShape1 tranform: pSphere1 0.08605139323 0.1123788866 -0.03904200821 0 0.05808008306 -0.02478912789 0.0566594183 0 0.06580734815 -0.08705873209 -0.1055465529 0 -1.203554976 -0.006683074044 0.5508810108 1


mesh: pSphereShape2 tranform: pSphere2 0.1557956161 0.2006084706 -0.05454818715 0 0.08578443663 -0.03818490558 0.1045795276 0 0.06843067486 -0.07594779109 -0.08386293495 0 -1.019459713 0.2752803313 0.4470380606 1


mesh: pSphereShape3 tranform: pSphere3 0.1713292874 0.2177463323 -0.09732013261 0 0.08590254276 -0.02284779202 0.1001087674 0 0.06638982766 -0.08652524202 -0.07671621519 0 -0.7546446036 0.6488260643 0.3217369689 1


mesh: pSphereShape4 tranform: pSphere4 0.006610445159 0.01398816891 -0.1800805879 0 0.03683656604 0.1435185495 0.01250033576 0 0.1668831872 -0.04307564708 0.002779992755 0 -0.5864581104 0.886532336 0.1110451758 1


mesh: pSphereShape5 tranform: pSphere5 0.02301694182 0.01256994585 -0.1849389255 0 0.03556717663 0.1332165701 0.01348105977 0 0.1693513171 -0.04702418388 0.01788081097 0 -0.547539429 0.9250800998 -0.1793745859 1


mesh: pSphereShape6 tranform: pSphere6 0.0945875637 -0.226168537 -0.1044506919 0 0.03666226149 0.05431186132 -0.08440193232 0 0.09124685691 0.01530722623 0.0494855978 0 -0.4552830772 0.6639864031 -0.3552847271 1


mesh: pSphereShape7 tranform: pSphere7 0.2424529291 -0.05500229389 -0.03735427312 0 0.006081055372 0.07327870991 -0.06842931848 0 0.03273408127 0.0823947616 0.09114279863 0 -0.1131327717 0.4193984969 -0.4398642074 1


mesh: pSphereShape8 tranform: pSphere8 0.1470178563 -0.1191329894 0.00584282185 0 0.02106887994 0.02453414645 -0.02989571818 0 0.04716923691 0.06234976074 0.0844101197 0 0.2167656258 0.3089697709 -0.4589235699 1


mesh: pSphereShape10 tranform: pSphere10 0.005888103301 0.007283845199 -0.1832455188 0 -0.01396711838 0.1540536456 0.005674698501 0 0.2221803153 0.01985171003 0.007928256257 0 -0.5714635866 1.33932055 -0.009935057928 1


mesh: pSphereShape11 tranform: pSphere11 0.001814718242 0.004166188016 -0.07778963178 0 0.01374791982 0.1705384457 0.009454265472 0 0.09130751081 -0.007456681954 0.001730712223 0 -0.587434059 1.150347064 -0.01972118016 1


mesh: pSphereShape12 tranform: pSphere12 0.005268422402 0.02405027408 -0.3154765262 0 0.03091548919 0.1623622011 0.01289392698 0 0.1703308866 -0.03246217603 0.0003697607222 0 -0.5628681857 0.7087436417 -0.01476892909 1


mesh: pSphereShape13 tranform: pSphere13 -0.006944454399 0.006943736974 -0.2188657822 0 0.05808824442 0.1984997234 0.004454504921 0 0.187726745 -0.05476302227 -0.007693847004 0 -0.6184964924 0.4882676926 -0.03669059886 1


mesh: pSphereShape14 tranform: pSphere14 -0.01914282243 0.002481363534 -0.2207180136 0 0.06301822351 0.2332651644 -0.002843134457 0 0.1837024689 -0.0498295326 -0.01649266803 0 -0.6600831897 0.2985026229 -0.03983002063 1


mesh: pSphereShape15 tranform: pSphere15 -0.03446750363 -0.003328777675 -0.1477571057 0 -0.1857553221 0.329589434 0.03590617361 0 0.1584221295 0.09354167151 -0.03906272205 0 -0.4756565991 -0.2206430186 0.1055976886 1


mesh: pSphereShape16 tranform: pSphere16 -0.02274938191 0.006015321625 -0.09741427663 0 0.05047751129 0.359059402 0.01038375111 0 0.08022216197 -0.01071691586 -0.01939623596 0 -0.2905754017 -0.8630782084 0.08930982487 1


mesh: pSphereShape17 tranform: pSphere17 -0.004915957393 0.001719405552 -0.1122507018 0 0.005995776637 0.1038545666 0.001328215623 0 0.2777070967 -0.01587405371 -0.01240518027 0 -0.1465171803 -1.339555431 0.08098579911 1


mesh: pSphereShape18 tranform: pSphere18 -0.02807718384 0.002910663586 -0.1246877394 0 0.001820646427 0.3581531798 0.007950619674 0 0.1425235779 -1.206167617e-05 -0.03209373932 0 -0.7370475492 -0.3097574566 -0.2155456751 1


mesh: pSphereShape19 tranform: pSphere19 -0.02409529641 -0.0009967408426 -0.08301988347 0 0.3888755589 0.1440704438 -0.1145951109 0 0.03269994212 -0.09490647318 -0.00835122396 0 -1.031582509 -0.8196245895 -0.1572806126 1


mesh: pSphereShape20 tranform: pSphere20 -0.04655636371 0.03775836083 -0.09863220295 0 0.07489548997 0.01560624072 -0.0293777845 0 0.01190687175 -0.2424129483 -0.09842075844 0 -1.382977561 -1.171331001 -0.09585012177 1


mesh: pSphereShape21 tranform: pSphere21 -0.02281391042 0.002957223555 -0.2630459019 0 -0.06071796415 0.1321986716 0.006752263419 0 0.2395559855 0.1110239082 -0.01952847865 0 -0.7540204118 0.1440585011 -0.0375780338 1


mesh: pSphereShape22 tranform: pSphere22 0.0003657352954 0.0007739217201 -0.009963296787 0 0.002477292301 0.009651751941 0.0008406588577 0 0.009681387326 -0.002498945704 0.0001612756029 0 -0.6446681243 1.060542039 0.2648416471 1


mesh: pSphereShape23 tranform: pSphere23 0.000232888325 0.0005346596107 -0.009982980623 0 -0.0001677092017 0.009984492729 0.0005308281845 0 0.009995880984 0.0001550614024 0.0002414939125 0 -0.7688359944 1.062599374 -0.004311570576 1


mesh: pSphereShape24 tranform: pSphere24 0.001232241857 0.0006729483675 -0.009900945435 0 0.002567279989 0.009615726269 0.0009730785024 0 0.00958596127 -0.002661756714 0.001012125352 0 -0.5973640619 1.102644944 -0.2920998613 1


