mesh: pSphereShape1 tranform: pSphere1 0.03871268023 0.1380564838 -0.03162072901 0 0.06023555711 -0.003226043518 0.05966034608 0 0.09914039656 -0.05136251909 -0.1028736027 0 -4.790906124 -0.1186794341 0.7350003828 1


mesh: pSphereShape2 tranform: pSphere2 0.08589830981 0.2415263922 -0.04216656811 0 0.1032998834 -0.02048868476 0.09307675367 0 0.07828041793 -0.04472667089 -0.09672392243 0 -4.711391872 0.2147537912 0.6517322093 1


mesh: pSphereShape3 tranform: pSphere3 0.1180777605 0.2567808541 -0.07974731073 0 0.09547271429 -0.01513676932 0.09262220472 0 0.07657048702 -0.06291529351 -0.08920891637 0 -4.555044089 0.6506589237 0.5550145285 1


mesh: pSphereShape4 tranform: pSphere4 -0.008813410962 0.01768838702 -0.1796603177 0 0.04535194071 0.1411303444 0.01167015003 0 0.1639469081 -0.05159887024 -0.01312272122 0 -4.440606163 0.919684637 0.3580723808 1


mesh: pSphereShape5 tranform: pSphere5 0.009376317809 0.01568745146 -0.1858929204 0 0.04329133113 0.1309357104 0.01323321445 0 0.167584724 -0.05578710516 0.003745006135 0 -4.423631697 0.9629086328 0.06657939968 1


mesh: pSphereShape6 tranform: pSphere6 0.07801986816 -0.2248134585 -0.11991985 0 0.05765732954 0.05709444831 -0.06952296167 0 0.08282481699 -0.005490905938 0.06417962375 0 -4.355351912 0.7036394682 -0.1222281067 1


mesh: pSphereShape7 tranform: pSphere7 0.2190595083 -0.1190593011 -0.03227741497 0 0.03385746445 0.07712927381 -0.05471807206 0 0.04533813874 0.05485192462 0.1053714672 0 -4.054859292 0.3886351587 -0.2112135839 1


mesh: pSphereShape8 tranform: pSphere8 0.1045999771 -0.1574775715 0.01003579047 0 0.0294390047 0.01780175549 -0.02749579082 0 0.05728552531 0.04376472823 0.089668919 0 -3.770531155 0.1881528399 -0.2257067603 1


mesh: pSphereShape10 tranform: pSphere10 -0.0004038240202 0.004336909478 -0.183433019 0 -0.02246237347 0.1531071058 0.003669363935 0 0.2208430239 0.03239322017 0.0002796919885 0 -4.453543084 1.375923638 0.2356158342 1


mesh: pSphereShape11 tranform: pSphere11 -0.0005389215791 0.004816968691 -0.07777135407 0 0.00983563209 0.1707471888 0.01050750933 0 0.0914745637 -0.00521038562 -0.0009565974722 0 -4.456661095 1.186454562 0.231244394 1


mesh: pSphereShape12 tranform: pSphere12 -0.002895885779 0.02792507567 -0.3151879035 0 0.03676952948 0.1610510298 0.01393099731 0 0.1690708628 -0.03817361244 -0.004935503253 0 -4.434060532 0.7441093824 0.2303201181 1


mesh: pSphereShape13 tranform: pSphere13 -0.01089517001 0.01387933554 -0.2183742908 0 0.06578881502 0.1959182856 0.009169739221 0 0.1852873461 -0.06160304853 -0.01315972913 0 -4.498177999 0.5260811387 0.205556638 1


mesh: pSphereShape14 tranform: pSphere14 -0.01925213992 0.005871000933 -0.2206443582 0 0.07650228135 0.2292140613 -0.0005761156026 0 0.1804645397 -0.06027529282 -0.01735011447 0 -4.549462393 0.3378336217 0.2003515953 1


mesh: pSphereShape15 tranform: pSphere15 -0.02724582803 0.003998491575 -0.1492411765 0 -0.1256012713 0.3571995867 0.032500214 0 0.1742683063 0.06401622133 -0.03009970899 0 -4.446765444 -0.2014650116 0.3611345341 1


mesh: pSphereShape16 tranform: pSphere16 -0.01666359439 0.0104154448 -0.09827055965 0 0.1058806264 0.3464342273 0.0187636538 0 0.07839001755 -0.02310573665 -0.0157413979 0 -4.372374108 -0.8684632392 0.3429429739 1


mesh: pSphereShape17 tranform: pSphere17 -0.004422286507 0.001164289525 -0.1122783633 0 0.01018947983 0.1035336034 0.0006722781542 0 0.276881469 -0.02717723594 -0.01118729663 0 -4.294526853 -1.339718836 0.3267128596 1


mesh: pSphereShape18 tranform: pSphere18 -0.02076025742 0.002935738451 -0.1261119571 0 -0.03590090104 0.356159637 0.01420090155 0 0.1434078884 0.01538252539 -0.0232493863 0 -4.590419907 -0.2728563802 0.02746875099 1


mesh: pSphereShape19 tranform: pSphere19 -0.01970902591 -0.001764364652 -0.08415651589 0 0.3984819877 0.1307532002 -0.09606372198 0 0.03025804079 -0.09594250886 -0.005074817252 0 -4.848827782 -0.769515832 0.06487151883 1


mesh: pSphereShape20 tranform: pSphere20 -0.04409575815 0.03345577915 -0.1012806755 0 0.0756009989 0.01441631409 -0.0281531924 0 0.01434866203 -0.2463870642 -0.08763553654 0 -5.208568185 -1.1108416 0.1184902049 1


mesh: pSphereShape21 tranform: pSphere21 -0.02294419213 0.006996903924 -0.2629581213 0 -0.05290127548 0.1354350276 0.008219570835 0 0.2455938235 0.09707336221 -0.01884611458 0 -4.652238092 0.1891100763 0.2012016446 1


mesh: pSphereShape22 tranform: pSphere22 -0.0004876185165 0.0009786432374 -0.009940044547 0 0.00304995893 0.009491142995 0.0007848281183 0 0.00951104509 -0.002993403091 -0.0007612878749 0 -4.47551664 1.092929984 0.5195915602 1


mesh: pSphereShape23 tranform: pSphere23 -6.916144939e-05 0.0006181762788 -0.009980634989 0 -0.0003967189868 0.009972846363 0.0006204429599 0 0.009991888247 0.0004002418134 -4.44494242e-05 0 -4.635338281 1.094131447 0.2511109642 1


mesh: pSphereShape24 tranform: pSphere24 0.0005019733446 0.0008398480767 -0.009952018789 0 0.003124818404 0.009451091176 0.0009551887405 0 0.009485965038 -0.003157773075 0.0002119823121 0 -4.472771954 1.145292679 -0.03849224522 1


