mesh: pSphereShape1 tranform: pSphere1 0.03091388196 0.1422779065 0.01895953711 0 -0.06006494239 0.02055110371 -0.05628446876 0 -0.1023480438 0.007326832089 0.111897722 0 -3.277016232 0.05856819446 -0.190986176 1


mesh: pSphereShape2 tranform: pSphere2 0.02431256379 0.2570093105 0.02909726431 0 -0.124794467 0.01880863807 -0.06185879336 0 -0.05955462191 -0.007703382389 0.1178037393 0 -3.198258716 0.3985416591 -0.1382525859 1


mesh: pSphereShape3 tranform: pSphere3 -0.01701091567 0.2835748667 0.07439302291 0 -0.1161437769 0.01029104287 -0.06578564647 0 -0.0658674223 -0.03309987215 0.1111102405 0 -3.174733072 0.8621254628 -0.06268645052 1


mesh: pSphereShape4 tranform: pSphere4 0.03137710406 0.01290715284 0.1775310332 0 -0.02430099303 0.1465597886 -0.006360436169 0 -0.1674042641 -0.02638990178 0.03150592553 0 -3.184358081 1.151265269 0.1307914999 1


mesh: pSphereShape5 tranform: pSphere5 0.01009241276 0.01338801185 0.1860351947 0 -0.02456685399 0.1360819945 -0.008460380447 0 -0.1736039618 -0.03061816727 0.01162145275 0 -3.166021651 1.191011201 0.4223073633 1


mesh: pSphereShape6 tranform: pSphere6 -0.0593656375 -0.2314319578 0.1179997092 0 -0.03986150846 0.05295725457 0.08381035263 0 -0.09450200819 0.001001603579 -0.04557950963 0 -3.21666856 0.9224485819 0.6094639838 1


mesh: pSphereShape7 tranform: pSphere7 -0.1538049521 -0.1707095757 0.1020112461 0 -0.03053495948 0.06784020529 0.06748809512 0 -0.09285586655 0.03658123742 -0.07878469187 0 -3.451885494 0.5536535816 0.7699778823 1


mesh: pSphereShape8 tranform: pSphere8 -0.02918922809 -0.1803933241 0.04947014662 0 -0.03027978303 0.01292173616 0.02925302521 0 -0.08164106119 -0.008887786516 -0.08058065686 0 -3.638289736 0.2781286142 0.8777161401 1


mesh: pSphereShape10 tranform: pSphere10 0.002262644534 -0.0006271690581 0.1834697016 0 0.01699609347 0.1538533102 0.0003163242603 0 -0.2218395941 0.02450070503 0.002819594867 0 -3.165639899 1.602104744 0.266461487 1


mesh: pSphereShape11 tranform: pSphere11 0.003789418991 0.001266081286 0.07781975635 0 -0.01182817076 0.1709297588 -0.002204955168 0 -0.09130059829 -0.006259247068 0.004547700394 0 -3.153316417 1.412675078 0.2671671254 1


mesh: pSphereShape12 tranform: pSphere12 0.03646374676 0.0215003095 0.313591681 0 -0.01470980086 0.1648487891 -0.009591853724 0 -0.1715534473 -0.0140911762 0.02091396713 0 -3.202126024 0.9759010972 0.2573113296 1


mesh: pSphereShape13 tranform: pSphere13 0.02941533158 0.01898429571 0.2162706784 0 -0.03208595896 0.2039203075 -0.01353611279 0 -0.1915404971 -0.0282441778 0.02853102002 0 -3.170832983 0.7522574318 0.2800212019 1


mesh: pSphereShape14 tranform: pSphere14 0.0319882054 0.02191073283 0.2181415156 0 -0.0363996138 0.2381632103 -0.01858413854 0 -0.1868488481 -0.02621353354 0.03003241747 0 -3.152111365 0.5590799246 0.2962753522 1


mesh: pSphereShape15 tranform: pSphere15 0.03569639878 0.01534208977 0.1467025536 0 0.01106621148 0.3775213968 -0.0421737107 0 -0.1827195488 0.0102035629 0.04339314989 0 -3.180434387 -0.04518351034 0.1735621658 1


mesh: pSphereShape16 tranform: pSphere16 0.02152739981 0.01507192772 0.09670919199 0 -0.1542878686 0.3278628784 -0.01675237834 0 -0.07317037029 -0.03333530967 0.02148291337 0 -3.095143602 -0.7286230153 0.202838468 1


mesh: pSphereShape17 tranform: pSphere17 0.0004840659311 0.007551568279 0.1121163795 0 -0.06301879015 0.08260818168 -0.00529196606 0 -0.2215385161 -0.1682166132 0.01228668366 0 -3.049207908 -1.268459003 0.220713063 1


mesh: pSphereShape18 tranform: pSphere18 0.02062185352 0.008033722773 0.1259127914 0 0.1353147804 0.3288898716 -0.04314614561 0 -0.1332016287 0.05718625825 0.01816690668 0 -3.245536159 -0.009685804756 0.525872477 1


mesh: pSphereShape19 tranform: pSphere19 0.01726264394 0.0009152681588 0.08470561528 0 -0.2902405537 0.3126699784 0.05577130209 0 -0.07158512557 -0.06918551227 0.01533631302 0 -3.180025603 -0.6113636245 0.5511753565 1


mesh: pSphereShape20 tranform: pSphere20 0.04752672451 0.04153989388 0.09662891879 0 -0.05500834431 0.06073822987 0.0009449221147 0 -0.1614221241 -0.1484217918 0.1432003015 0 -3.047050411 -1.05666944 0.5887173199 1


mesh: pSphereShape21 tranform: pSphere21 0.03812269874 0.02611263296 0.2599752996 0 0.07456134499 0.1229122978 -0.02327930161 0 -0.224187175 0.1395682525 0.01885612053 0 -3.076231156 0.3952704353 0.3058097672 1


mesh: pSphereShape22 tranform: pSphere22 0.001735997221 0.0007141124755 0.009822237883 0 -0.001634263706 0.009856278014 -0.0004277450709 0 -0.009711616538 -0.001530956263 0.001827751934 0 -3.141643137 1.320103883 -0.03349511788 1


mesh: pSphereShape23 tranform: pSphere23 0.0004863076929 0.0001624800717 0.009986846602 0 0.0002791430778 0.009994550181 -0.0001761982261 0 -0.009984266822 0.000287344565 0.0004815071453 0 -2.974807113 1.323335805 0.2355966026 1


mesh: pSphereShape24 tranform: pSphere24 0.0005403104174 0.0007167445922 0.009959635628 0 -0.001773263964 0.009822555919 -0.0006106800561 0 -0.009826677952 -0.001733110616 0.0006578206645 0 -3.08115143 1.362246313 0.5232743774 1


