mesh: pSphereShape1 tranform: pSphere1 -0.02016011701 0.1278038094 -0.06941102804 0 0.004312354822 0.04096349554 0.07417197733 0 0.1501858866 0.01457633251 -0.01678197628 0 0.06963557854 0.005184242986 1.347999533 1


mesh: pSphereShape2 tranform: pSphere2 -0.0263357665 0.241390052 -0.09235154242 0 0.006946532204 0.05082055031 0.1308546963 0 0.1313827835 0.01015647774 -0.01091907716 0 0.0233491565 0.3101651915 1.176529528 1


mesh: pSphereShape3 tranform: pSphere3 0.02742697237 0.2782174034 -0.08989569383 0 0.0005596853273 0.04111170498 0.127407018 0 0.1327561902 -0.01202222033 0.003296147183 0 0.004391148208 0.7509741454 1.012907696 1


mesh: pSphereShape4 tranform: pSphere4 0.1264798522 -0.007130934822 -0.1289200595 0 0.02418251386 0.1458796353 0.01565576851 0 0.1199053923 -0.0326954893 0.1194442957 0 0.1364509744 1.018128024 0.8551363189 1


mesh: pSphereShape5 tranform: pSphere5 0.1469315031 -0.009229334001 -0.1149614811 0 0.01747874883 0.1369643431 0.01134370535 0 0.1067794381 -0.02509666499 0.1384888981 0 0.3646707353 1.024116655 0.6683436654 1


mesh: pSphereShape6 tranform: pSphere6 0.08496805256 -0.2512825466 -0.025425837 0 0.09905603779 0.03539481702 -0.01878015392 0 0.02070603461 -0.003400736565 0.1028047644 0 0.499877207 0.7262623163 0.6016086526 1


mesh: pSphereShape7 tranform: pSphere7 0.1317911113 -0.21050786 0.03900718846 0 0.08543242022 0.05080259094 -0.01448166143 0 0.005371744582 0.02638967434 0.1242664718 0 0.6903777263 0.3026082278 0.6703798286 1


mesh: pSphereShape8 tranform: pSphere8 -0.00763833972 -0.1885207382 -0.01557706181 0 0.04399675089 -0.001701361681 -0.000983508317 0 0.002192850357 -0.009560925091 0.1146354134 0 0.8141271003 -0.02081084038 0.7204541832 1


mesh: pSphereShape10 tranform: pSphere10 0.1290162152 -0.0001807751719 -0.1304661943 0 0.01415451665 0.153523438 0.01378448225 0 0.1573922913 -0.02848955842 0.1556825355 0 0.2999609775 1.444646034 0.8205056813 1


mesh: pSphereShape11 tranform: pSphere11 0.05746786483 0.001097918656 -0.05261289028 0 0.02653648425 0.1661457575 0.03245230604 0 0.06023139805 -0.02237909408 0.0653223839 0 0.2580878239 1.264556425 0.778515148 1


mesh: pSphereShape12 tranform: pSphere12 0.248943134 -0.01572634022 -0.1947090363 0 0.01945811631 0.1642254794 0.01161373266 0 0.1050894215 -0.02207930936 0.1361442549 0 0.2261684273 0.8283967802 0.8062238619 1


mesh: pSphereShape13 tranform: pSphere13 0.1753790485 -6.219793494e-05 -0.1313044441 0 0.01297801643 0.2057442318 0.01723685227 0 0.1166458102 -0.02041126155 0.1558096597 0 0.2096535585 0.6077141372 0.7822148441 1


mesh: pSphereShape14 tranform: pSphere14 0.1808139164 0.01135859076 -0.1275396268 0 -0.00093084206 0.2408030128 0.02012608742 0 0.1104115724 -0.01256242849 0.1554125399 0 0.2109122096 0.4146661335 0.7758694373 1


mesh: pSphereShape15 tranform: pSphere15 0.1366764234 -0.01335041562 -0.06459546078 0 0.0382202709 0.378094257 0.002726111853 0 0.07952722458 -0.009266198663 0.1701853983 0 0.01222011687 -0.1937649738 0.85480165 1


mesh: pSphereShape16 tranform: pSphere16 0.09159889976 -0.003936779683 -0.04046483772 0 0.08504138504 0.3131966614 0.1620347793 0 0.02755476943 -0.04185885992 0.06644721254 0 -0.1232611809 -0.8609928447 0.7535521411 1


mesh: pSphereShape17 tranform: pSphere17 0.1082033249 -0.02438766404 0.01801736308 0 0.01778365699 0.09887547628 0.02703453776 0 -0.05813219168 -0.06203884084 0.2651394655 0 -0.2822176924 -1.315579571 0.7511314701 1


mesh: pSphereShape18 tranform: pSphere18 0.09480997129 -0.003248305882 -0.08569918573 0 -0.03471693942 0.3527801839 -0.05177937152 0 0.09697492518 0.0251500347 0.1063311721 0 0.3832370648 -0.1864449432 0.6991847889 1


mesh: pSphereShape19 tranform: pSphere19 0.06352939594 -0.0008207858704 -0.05862780922 0 0.006005773517 0.4302048674 0.0004850443415 0 0.06830215117 -0.00103697959 0.07402708036 0 0.4361706641 -0.9082757916 0.7493771669 1


mesh: pSphereShape20 tranform: pSphere20 0.03803712684 0.008653802495 -0.1086268335 0 -0.01175527833 0.08106954451 0.002342172791 0 0.2444000982 0.03289041731 0.08820016565 0 0.6269821483 -1.30661278 0.8592415472 1


mesh: pSphereShape21 tranform: pSphere21 0.2154892522 0.01353686861 -0.1519983603 0 -0.05443220327 0.1174558425 -0.06670842009 0 0.1166999432 0.1559335452 0.1793337464 0 0.1859303799 0.2451732859 0.7181603156 1


mesh: pSphereShape22 tranform: pSphere22 0.006997735403 -0.0003945323637 -0.007132744454 0 0.001626295875 0.009810537088 0.001052864557 0 0.006956066486 -0.001896762047 0.006929316905 0 -0.003495195083 1.205497692 0.9064082797 1


mesh: pSphereShape23 tranform: pSphere23 0.007375026311 0.0001408992487 -0.006751972624 0 0.000903961422 0.009887260894 0.001193702545 0 0.006692670667 -0.001490711045 0.007279144175 0 0.1105781509 1.208584902 0.6522144741 1


mesh: pSphereShape24 tranform: pSphere24 0.007866168737 -0.0004941043757 -0.006154612113 0 0.001261636327 0.009886244859 0.0008188017862 0 0.006044142881 -0.001420571523 0.007839025027 0 0.4112471548 1.178743804 0.5246779502 1


