mesh: pSphereShape1 tranform: pSphere1 -0.01536746221 0.1429017004 0.03001799403 0 -0.04631638391 0.009808224188 -0.07040367825 0 -0.1262060373 -0.03013095995 0.07882934818 0 4.705685363 -0.0887178724 -0.4134981155 1


mesh: pSphereShape2 tranform: pSphere2 -0.04651050595 0.2537524506 0.03062684827 0 -0.07321873173 0.001059058877 -0.1199659531 0 -0.110356369 -0.02832644185 0.06710365567 0 4.674368561 0.2536059969 -0.3337610472 1


mesh: pSphereShape3 tranform: pSphere3 -0.08928462633 0.2740967006 0.05601475132 0 -0.06458833341 0.002918175387 -0.1172299672 0 -0.109534543 -0.04776981629 0.05915938599 0 4.579234975 0.7108713563 -0.2610903328 1


mesh: pSphereShape4 tranform: pSphere4 -0.03425047004 0.01789780676 0.1765643192 0 -0.02411550247 0.1454374412 -0.01942056317 0 -0.1669273565 -0.03157533676 -0.02918036425 0 4.463910503 0.99667518 -0.09041031823 1


mesh: pSphereShape5 tranform: pSphere5 -0.05698026496 0.01670238469 0.1771001668 0 -0.02081837144 0.1355742605 -0.01948417009 0 -0.1661376839 -0.03274978165 -0.0503645477 0 4.377502359 1.042809088 0.1879932766 1


mesh: pSphereShape6 tranform: pSphere6 -0.05698337066 -0.2400518947 0.1006823953 0 -0.06637245677 0.04529573273 0.07043138118 0 -0.07910748271 -0.009835599496 -0.06822310183 0 4.302047487 0.7661826173 0.35792242 1


mesh: pSphereShape7 tranform: pSphere7 -0.1407593958 -0.1969255054 0.06790548376 0 -0.05675381829 0.06020565807 0.05695263852 0 -0.07705737463 0.02096016613 -0.0989457377 0 4.093015234 0.3606458766 0.4628443579 1


mesh: pSphereShape8 tranform: pSphere8 0.003923189531 -0.1881730584 0.02040996025 0 -0.03375440369 0.002353852808 0.02818999145 0 -0.07386302513 -0.01103287917 -0.08752158007 0 3.945242842 0.05006780347 0.52641084 1


mesh: pSphereShape10 tranform: pSphere10 -0.01368905262 0.01426721478 0.1824162842 0 -0.01665303103 0.1533204297 -0.01324125053 0 -0.2212850625 -0.02529832412 -0.01462723711 0 4.351871025 1.43987596 0.000912499742 1


mesh: pSphereShape11 tranform: pSphere11 -0.01168265683 0.008818385551 0.07653514711 0 -0.04216825163 0.1641372425 -0.02534865057 0 -0.08774106891 -0.02417955726 -0.01060720689 0 4.405031184 1.2591571 0.01749144125 1


mesh: pSphereShape12 tranform: pSphere12 -0.08520458679 0.028804553 0.3033843876 0 -0.01789733202 0.1635261315 -0.0205522504 0 -0.1659403902 -0.02373558738 -0.04435030259 0 4.409930943 0.8225843782 0.02684372332 1


mesh: pSphereShape13 tranform: pSphere13 -0.05772709083 0.02154524804 0.210242852 0 -0.02709805214 0.2031340823 -0.02825715999 0 -0.1870383238 -0.03164368075 -0.04811296679 0 4.437322066 0.6024138404 0.06509110607 1


mesh: pSphereShape14 tranform: pSphere14 -0.05879580023 0.01907899021 0.2127629957 0 -0.02990198474 0.2379530709 -0.02960108458 0 -0.1826804411 -0.02891368765 -0.0478899008 0 4.451205287 0.4095517996 0.0870699094 1


mesh: pSphereShape15 tranform: pSphere15 -0.08482206915 0.002610520238 0.1258159514 0 0.02359788759 0.379212303 0.008040953875 0 -0.1555207744 0.01190633544 -0.1050953831 0 4.507478499 -0.187683238 -0.09427302093 1


mesh: pSphereShape16 tranform: pSphere16 -0.05617615338 0.002634613158 0.0829491312 0 -0.03435801445 0.3594383679 -0.03468489786 0 -0.0684693044 -0.01098575477 -0.04602096341 0 4.510400378 -0.8970056947 -0.1190805739 1


mesh: pSphereShape17 tranform: pSphere17 -0.09814930234 -0.01368681101 0.05297856838 0 -0.007090937071 0.1029186661 0.01345181321 0 -0.1342468658 0.02249798594 -0.2428965321 0 4.463139073 -1.345269495 -0.2731905351 1


mesh: pSphereShape18 tranform: pSphere18 -0.006600747159 0.008395062525 0.1273961759 0 0.04821605629 0.3543734586 -0.02085404311 0 -0.1445664883 0.01915464633 -0.00875262764 0 4.392801887 -0.19353334 0.2979407215 1


mesh: pSphereShape19 tranform: pSphere19 -0.002756288242 0.004674413501 0.08628111373 0 -0.1870641318 0.3865165882 -0.0269159834 0 -0.09065286115 -0.04390967104 -0.0005170709352 0 4.473032934 -0.8821656637 0.3600450398 1


mesh: pSphereShape20 tranform: pSphere20 0.03632547322 0.02964291216 0.1054668575 0 -0.01320574074 0.07893345388 -0.0176369402 0 -0.2449836999 -0.02082487496 0.09023174672 0 4.43263425 -1.296762623 0.4336823341 1


mesh: pSphereShape21 tranform: pSphere21 -0.07007128257 0.02273783687 0.2535653216 0 0.07552613153 0.1241357965 0.009739633946 0 -0.2151887849 0.1365505816 -0.07171098511 0 4.519623525 0.2465503171 0.1249080034 1


mesh: pSphereShape22 tranform: pSphere22 -0.001894971591 0.0009902297779 0.009768752615 0 -0.001621789299 0.009780799141 -0.001306050395 0 -0.009683949718 -0.001831778685 -0.001692839245 0 4.558084981 1.163268226 -0.2342820024 1


mesh: pSphereShape23 tranform: pSphere23 -0.001499270971 0.001131690305 0.009821988781 0 -0.001520803366 0.009789651055 -0.001360106372 0 -0.009769306203 -0.00169764816 -0.001295626122 0 4.599521077 1.205368285 0.0286368378 1


mesh: pSphereShape24 tranform: pSphere24 -0.003050512447 0.0008941838444 0.009481287311 0 -0.001502694154 0.00978590709 -0.001406389956 0 -0.009404056789 -0.001853768508 -0.002850834654 0 4.419688479 1.216873207 0.3089923243 1


