mesh: pSphereShape1 tranform: pSphere1 -0.03732808924 0.1372031679 -0.03660654745 0 0.06534902545 0.003371085929 -0.05400210407 0 -0.08879755778 -0.05372318939 -0.1108093741 0 4.287214829 -0.0331219602 0.7127637796 1


mesh: pSphereShape2 tranform: pSphere2 -0.04193118394 0.2448325366 -0.0760942969 0 0.1269583347 0.003027278414 -0.06021919143 0 -0.05255712405 -0.04412889928 -0.1130230289 0 4.188641921 0.296775098 0.6358103832 1


mesh: pSphereShape3 tranform: pSphere3 -0.07576987002 0.2637430842 -0.1045796848 0 0.1214728163 0.01320440276 -0.05470861382 0 -0.04425398962 -0.05714461306 -0.1120521396 0 4.08651204 0.7400307266 0.5016957631 1


mesh: pSphereShape4 tranform: pSphere4 -0.1740080794 -0.01438692612 -0.04671819414 0 -0.007642187065 0.147527898 -0.01696706586 0 0.04577041612 -0.01664599597 -0.1653517999 0 3.89336721 0.9941134871 0.3669158965 1


mesh: pSphereShape5 tranform: pSphere5 -0.1715335374 -0.0138355711 -0.07262927672 0 -0.006125021317 0.1379006044 -0.01180360155 0 0.06949078988 -0.01078556871 -0.1620665527 0 3.618967455 0.9915695646 0.2595323005 1


mesh: pSphereShape6 tranform: pSphere6 -0.03848518987 -0.2278962462 -0.1326316423 0 -0.07512076114 0.04729907088 -0.05947482675 0 0.07306331647 0.02828018115 -0.06979332061 0 3.52101572 0.71711718 0.1030406114 1


mesh: pSphereShape7 tranform: pSphere7 0.009255716902 -0.1217047045 -0.219786973 0 -0.06757601803 0.06377103761 -0.03815831151 0 0.09395737497 0.07656286472 -0.03843912061 0 3.54554071 0.413067077 -0.2403904412 1


mesh: pSphereShape8 tranform: pSphere8 0.04205994647 -0.1609293614 -0.09040884558 0 -0.02836572416 0.01055910062 -0.03199167229 0 0.08421802177 0.05395663139 -0.05686391316 0 3.589543932 0.2056471484 -0.5182598373 1


mesh: pSphereShape10 tranform: pSphere10 -0.1824499066 -0.01938952994 0.001649859464 0 -0.01641613197 0.1534221263 -0.01232761492 0 -0.0001107978167 -0.01788899775 -0.2224882281 0 3.717879456 1.415012165 0.2615950478 1


mesh: pSphereShape11 tranform: pSphere11 -0.07726342231 -0.004525488962 -0.009042160124 0 -0.005283782639 0.1669134403 -0.03838925626 0 0.01154930934 -0.02002655012 -0.08866346341 0 3.740844155 1.233594057 0.3085727615 1


mesh: pSphereShape12 tranform: pSphere12 -0.2988948217 -0.02511033219 -0.1008115436 0 -0.0114789979 0.165230191 -0.007121922027 0 0.05564902413 -0.003211134205 -0.1641932254 0 3.815677416 0.8048301463 0.2948334921 1


mesh: pSphereShape13 tranform: pSphere13 -0.2045537335 -0.02185821091 -0.07535688617 0 -0.01786228134 0.2057949762 -0.0112068545 0 0.06802106017 -0.004086342416 -0.1834555856 0 3.825374821 0.581221919 0.3062649273 1


mesh: pSphereShape14 tranform: pSphere14 -0.208079016 -0.0023434091 -0.07607021659 0 -0.002778665103 0.2416283742 0.0001570623852 0 0.06559046787 0.0008709127058 -0.1794400165 0 3.837317169 0.388138425 0.299891101 1


mesh: pSphereShape15 tranform: pSphere15 -0.1506040035 -0.01607226976 -0.009558667469 0 -0.04597872158 0.3550818103 0.1273827035 0 0.004391956065 0.06399490592 -0.1768017941 0 4.023576181 -0.1994342406 0.2107111001 1


mesh: pSphereShape16 tranform: pSphere16 -0.09976728192 0.0004502657052 -0.009462900253 0 0.01822626558 0.3160301736 -0.1771219587 0 0.006664145349 -0.04085163229 -0.07220384223 0 4.094359076 -0.8328737014 0.2039729018 1


mesh: pSphereShape17 tranform: pSphere17 -0.1028228979 -0.02103207042 -0.04015528267 0 -0.003114063656 0.09518325223 -0.04188001434 0 0.1120098233 -0.09958316776 -0.2346574052 0 4.169458476 -1.315715127 0.2590834102 1


mesh: pSphereShape18 tranform: pSphere18 -0.1159415555 -0.01353727182 -0.05213569371 0 -0.04037633503 0.3559537031 -0.002634412956 0 0.05931050411 0.005740472348 -0.1333877416 0 3.690448309 -0.2015742504 0.2469452543 1


mesh: pSphereShape19 tranform: pSphere19 -0.07883503938 -0.00815304664 -0.03453175709 0 0.001686548079 0.4178540735 -0.1025068844 0 0.04133885623 -0.0220421139 -0.08917125091 0 3.720241285 -0.9199482168 0.3137700648 1


mesh: pSphereShape20 tranform: pSphere20 -0.1074345538 -0.001062037838 -0.04216857838 0 -0.0003837375 0.08194276358 -0.001086108429 0 0.09570896416 -0.002782858043 -0.2437714229 0 3.825144331 -1.337397092 0.2120192491 1


mesh: pSphereShape21 tranform: pSphere21 -0.2479830782 -0.002792813102 -0.09065847596 0 -0.03336451469 0.1112671662 0.08783609665 0 0.06776142547 0.1707918182 -0.1906129164 0 3.818176161 0.2142641892 0.3455379175 1


mesh: pSphereShape22 tranform: pSphere22 -0.009627323846 -0.000795983712 -0.002584771846 0 -0.0005139439751 0.009921384247 -0.001141050487 0 0.002655277228 -0.0009656834649 -0.009592547018 0 3.995566532 1.179959757 0.4779906436 1


mesh: pSphereShape23 tranform: pSphere23 -0.009915450558 -0.0005807697965 -0.001160407978 0 -0.0004291226536 0.009906955726 -0.001291542487 0 0.001224619933 -0.001230826832 -0.009848115116 0 3.746205456 1.174473112 0.5017559532 1


mesh: pSphereShape24 tranform: pSphere24 -0.009183270582 -0.0007407052579 -0.003888302604 0 -0.0004421111302 0.009953825284 -0.0008519976263 0 0.00393345639 -0.0006105062879 -0.009173614495 0 3.462775389 1.135672596 0.2989925417 1


