mesh: pSphereShape1 tranform: pSphere1 0.03837047151 0.1379127906 -0.03264818447 0 0.02381028515 0.01242707097 0.08047810149 0 0.1402151749 -0.04710952622 -0.03420967715 0 0.3004820782 -0.03114482142 1.40859992 1


mesh: pSphereShape2 tranform: pSphere2 0.07823956579 0.2458966292 -0.03008247471 0 0.02925652717 0.007483981149 0.1372660913 0 0.1230466099 -0.04207880209 -0.023931617 0 0.3892662771 0.2989908164 1.321145887 1


mesh: pSphereShape3 tranform: pSphere3 0.1245281246 0.2620542123 -0.0453732756 0 0.02303161796 0.01179829012 0.1313521172 0 0.1185592397 -0.0590208454 -0.01548712042 0 0.5430332652 0.7408649672 1.250426613 1


mesh: pSphereShape4 tranform: pSphere4 0.09283776866 -0.01158037 -0.1546461404 0 0.02483053856 0.1465563047 0.003931786198 0 0.1450706349 -0.02696942453 0.08910891614 0 0.7306424388 0.9948344971 1.103042893 1


mesh: pSphereShape5 tranform: pSphere5 0.1152561883 -0.01318723869 -0.146397736 0 0.01904606978 0.1371995506 0.002635930001 0 0.1368862704 -0.02110959241 0.1096695033 0 0.9085590313 0.994209335 0.867601512 1


mesh: pSphereShape6 tranform: pSphere6 0.1205814691 -0.2369273049 -0.01828996664 0 0.08219059717 0.04574334185 -0.05069357247 0 0.04734190607 0.01698560565 0.09208342734 0 1.066296679 0.7107189775 0.7972517014 1


mesh: pSphereShape7 tranform: pSphere7 0.1903046775 -0.1569990728 0.04836773447 0 0.06334650279 0.06238530083 -0.04673986534 0 0.02175550877 0.0602147165 0.1098558706 0 1.357558084 0.3597173726 0.8809856754 1


mesh: pSphereShape8 tranform: pSphere8 0.0458160668 -0.1790937773 0.040833378 0 0.03966002165 0.00599993028 -0.01818404599 0 0.04155888974 0.03384396849 0.101808361 0 1.57862458 0.1018016555 0.9646567989 1


mesh: pSphereShape10 tranform: pSphere10 0.08503309464 0.002575415767 -0.1625711671 0 0.008459988766 0.1544053929 0.006871065324 0 0.1974135015 -0.0154005515 0.1030134583 0 0.861161431 1.42373877 1.022034097 1


mesh: pSphereShape11 tranform: pSphere11 0.03919099469 0.003072340131 -0.06727929695 0 0.02789841994 0.1673693434 0.02389416137 0 0.07777757927 -0.01930677895 0.04442471666 0 0.8207683226 1.240222714 0.9979578168 1


mesh: pSphereShape12 tranform: pSphere12 0.1747594449 -0.02161312189 -0.2629137119 0 0.01930015323 0.164652695 -0.0007065995165 0 0.1431381286 -0.01636419226 0.09648953258 0 0.811958498 0.8036857011 1.038430197 1


mesh: pSphereShape13 tranform: pSphere13 0.1221120998 -0.02817475307 -0.1797038952 0 0.03102079019 0.2042405416 -0.0109425174 0 0.1598127981 -0.01830102403 0.1114650473 0 0.7840686702 0.5815391243 1.036346544 1


mesh: pSphereShape14 tranform: pSphere14 0.1212416913 -0.02278357578 -0.1840391461 0 0.02783758084 0.239767401 -0.0113436919 0 0.1583884224 -0.01337433138 0.1059991622 0 0.7686376114 0.3888886515 1.05163217 1


mesh: pSphereShape15 tranform: pSphere15 0.05621498007 -0.003549947289 -0.1409202815 0 -0.1056190827 0.3614453694 -0.05123809406 0 0.1666962012 0.05793053338 0.06503800015 0 0.7697011714 -0.1785707575 1.25414787 1


mesh: pSphereShape16 tranform: pSphere16 0.03725795642 -0.003978777389 -0.09294769377 0 -0.08672025831 0.3486977602 -0.04968827284 0 0.07465509158 0.02269238391 0.02895400731 0 0.966212756 -0.851975085 1.395067397 1


mesh: pSphereShape17 tranform: pSphere17 0.03769716269 0.02471408037 -0.1029343539 0 -0.03506111979 0.09738120805 0.01054052631 0 0.2449429743 0.07649180081 0.1080696507 0 1.256976954 -1.245334645 1.536856792 1


mesh: pSphereShape18 tranform: pSphere18 0.05451451245 -0.01914716785 -0.1140411613 0 0.06385394462 0.3513580278 -0.02846818148 0 0.1295533957 -0.01827795031 0.06499855929 0 0.7588611392 -0.2229016337 0.9201565464 1


mesh: pSphereShape19 tranform: pSphere19 0.03585815218 -0.01259283519 -0.07764979894 0 0.2201945704 0.3672219025 0.042130251 0 0.07578349748 -0.0503941454 0.04316896371 0 0.5341464242 -0.8994898077 0.906408138 1


mesh: pSphereShape20 tranform: pSphere20 0.04226263734 -0.002576841649 -0.1073719221 0 0.01109906451 0.08115967746 0.002420931804 0 0.241117162 -0.03583082064 0.09576598171 0 0.5194690648 -1.302702988 0.9740786768 1


mesh: pSphereShape21 tranform: pSphere21 0.144492647 -0.02715286416 -0.2193329959 0 -0.06459926305 0.1173742281 -0.05708746616 0 0.1879179789 0.1543425482 0.1046897839 0 0.7092576441 0.2197148975 1.028469261 1


mesh: pSphereShape22 tranform: pSphere22 0.005136423937 -0.0006407057227 -0.008556088202 0 0.001669876121 0.009856043721 0.0002644161692 0 0.008415976644 -0.001564576092 0.005169471808 0 0.6036190307 1.183220581 1.178520532 1


mesh: pSphereShape23 tranform: pSphere23 0.00502949984 0.0003942827765 -0.00863415731 0 0.0007973889444 0.009925819629 0.0009177557237 0 0.008606294338 -0.001150063385 0.004960751151 0 0.6449623633 1.177102004 0.9208098038 1


mesh: pSphereShape24 tranform: pSphere24 0.006170389648 -0.0007059959404 -0.007837592827 0 0.001374767368 0.00990322241 0.0001902644793 0 0.007748309898 -0.001194887284 0.006207732123 0 0.9187485256 1.144195972 0.7122987795 1


