mesh: pSphereShape1 tranform: pSphere1 -0.001656829229 0.1421561365 -0.03670180653 0 0.04247373702 0.01882349561 0.07099115627 0 0.13141573 -0.01756537999 -0.07396802053 0 1.957824385 0.1046233813 0.2998196488 1


mesh: pSphereShape2 tranform: pSphere2 0.01892785284 0.2531839751 -0.05505586557 0 0.108499897 0.01116378005 0.08864015204 0 0.08349635652 -0.02770787488 -0.0987139717 0 1.945141341 0.4435805628 0.202745219 1


mesh: pSphereShape3 tranform: pSphere3 0.0658374333 0.2710134231 -0.0919540919 0 0.09854683632 0.006721573112 0.09036799917 0 0.08515980426 -0.05091264036 -0.0890803861 0 1.998120757 0.8966884666 0.08517767772 1


mesh: pSphereShape4 tranform: pSphere4 0.002141802389 -0.00285382488 -0.1807087528 0 0.02337837545 0.1468334015 -0.002041765815 0 0.1702192532 -0.02706780315 0.002444943957 0 2.072110192 1.164159544 -0.1258029989 1


mesh: pSphereShape5 tranform: pSphere5 0.01679675513 -0.002891170017 -0.1860099446 0 0.02289125157 0.136636031 -5.665959883e-05 0 0.1735119099 -0.02906254963 0.0161199007 0 2.100374911 1.178359122 -0.4197383724 1


mesh: pSphereShape6 tranform: pSphere6 0.06518382114 -0.2434938633 -0.08643361265 0 0.04901369683 0.04314465227 -0.08458003535 0 0.08963245674 0.004705025777 0.0543416037 0 2.167532326 0.8916536294 -0.572886176 1


mesh: pSphereShape7 tranform: pSphere7 0.2054372775 -0.138696248 -0.0419868156 0 0.02936025978 0.06492119905 -0.07079924609 0 0.06316878257 0.0670289537 0.08765985874 0 2.449853833 0.5490764259 -0.6446788469 1


mesh: pSphereShape8 tranform: pSphere8 0.0926920589 -0.164423494 0.01463402381 0 0.02362722636 0.01013715472 -0.03575707312 0 0.07908355421 0.05050786234 0.0665751093 0 2.715270535 0.324314136 -0.6733391457 1


mesh: pSphereShape10 tranform: pSphere10 0.008515028254 -0.004660531214 -0.1832277764 0 0.004322218073 0.1546841514 -0.003733639735 0 0.2228786622 -0.005974050449 0.01050965302 0 2.135250415 1.599445567 -0.2739364966 1


mesh: pSphereShape11 tranform: pSphere11 0.004118371997 -0.0008540509982 -0.0778086547 0 0.03601723241 0.1675246379 6.757316583e-05 0 0.08944984903 -0.01923341089 0.004945646068 0 2.098353402 1.413180797 -0.2724624146 1


mesh: pSphereShape12 tranform: pSphere12 0.01419570781 -0.006226968902 -0.3160558768 0 0.01202190469 0.1653227013 -0.002717240642 0 0.1727655092 -0.01243156391 0.008004722694 0 2.113446516 0.9791340534 -0.2322421849 1


mesh: pSphereShape13 tranform: pSphere13 0.01099828917 -0.01010918606 -0.2185761047 0 0.02875652994 0.2047070008 -0.008020769375 0 0.1935534704 -0.02675962931 0.01097684082 0 2.087357913 0.7536650996 -0.2342500976 1


mesh: pSphereShape14 tranform: pSphere14 0.007387546694 -0.005388683755 -0.2213717068 0 0.03309150582 0.2393212871 -0.004721297507 0 0.1891467098 -0.02601673253 0.006945449882 0 2.071682242 0.5594166423 -0.2292465086 1


mesh: pSphereShape15 tranform: pSphere15 -0.01207997978 -0.003263611391 -0.1512437595 0 -0.1318343953 0.3564198673 0.002838734586 0 0.1757624604 0.06513491736 -0.01544382416 0 2.206815269 -0.001437468136 -0.0519217503 1


mesh: pSphereShape16 tranform: pSphere16 -0.005385938908 0.00820393972 -0.09973438122 0 0.1610495206 0.3245282482 0.01799787881 0 0.0744397149 -0.03655156797 -0.007026610166 0 2.237162363 -0.6466333827 -0.0353967192 1


mesh: pSphereShape17 tranform: pSphere17 0.0246492046 -0.00927176511 -0.1092419065 0 0.05102683455 0.09058207042 0.003825594207 0 0.2348330562 -0.1350083082 0.06444608662 0 2.19734231 -1.162550292 0.001679235248 1


mesh: pSphereShape18 tranform: pSphere18 -0.005151872608 -0.008821746604 -0.1274341696 0 -0.05193288239 0.3537540346 -0.02238941776 0 0.1444292325 0.0207425094 -0.007274863338 0 2.099114401 -0.04750660926 -0.3810064655 1


mesh: pSphereShape19 tranform: pSphere19 -0.005381919607 -0.007300758739 -0.08597448293 0 0.2044760589 0.3759017559 -0.04472073118 0 0.08840394903 -0.04825917192 -0.001435942052 0 2.008091473 -0.7297778689 -0.3409969778 1


mesh: pSphereShape20 tranform: pSphere20 -0.02732797145 0.004886720905 -0.1120303629 0 0.05019928684 0.06408332402 -0.009450003834 0 0.1975087401 -0.1628696036 -0.05528332989 0 1.981640357 -1.2296374 -0.3131321744 1


mesh: pSphereShape21 tranform: pSphere21 0.008804283126 -0.006422091044 -0.2638249562 0 -0.07721439978 0.123351366 -0.005579423422 0 0.2243039089 0.1405915632 0.004063085302 0 1.998310894 0.3942128852 -0.2318201932 1


mesh: pSphereShape22 tranform: pSphere22 0.0001184992403 -0.0001578932221 -0.009998051193 0 0.001572216842 0.009874678729 -0.0001373105932 0 0.009874922386 -0.001570283327 0.0001418384311 0 2.000458312 1.346060571 0.01239671595 1


mesh: pSphereShape23 tranform: pSphere23 0.0005285232351 -0.0001096029686 -0.009985421893 0 0.001145443667 0.009934063375 -4.841149911e-05 0 0.009920111995 -0.001141215167 0.0005375927339 0 1.906616642 1.351054147 -0.2575940088 1


mesh: pSphereShape24 tranform: pSphere24 0.0008992360888 -0.0001547825397 -0.009958283829 0 0.001652317042 0.009862546916 -4.089755444e-06 0 0.009821467449 -0.001645056442 0.0009124507943 0 2.030685365 1.339011506 -0.5464385485 1


