mesh: pSphereShape1 tranform: pSphere1 0.03020922443 0.1420523933 -0.02160220242 0 0.02141049361 0.007873677137 0.08171708856 0 0.1435486946 -0.0357235481 -0.03416877394 0 -8.033433124 -0.03837635564 0.1949714734 1


mesh: pSphereShape2 tranform: pSphere2 0.06771818383 0.2507329226 -0.006227865091 0 0.02678862636 -0.003809364107 0.1379195143 0 0.1251427477 -0.0344260406 -0.02525780091 0 -7.96012757 0.302035429 0.1375186868 1


mesh: pSphereShape3 tranform: pSphere3 0.1123432914 0.2705643497 -0.02030555795 0 0.02065799961 0.001348884445 0.1322666297 0 0.1214669345 -0.05181941505 -0.01844278854 0 -7.825998207 0.7550370273 0.1089468774 1


mesh: pSphereShape4 tranform: pSphere4 0.1033775614 0.0001876673882 -0.1482613556 0 0.02688618352 0.1450156514 0.01893037323 0 0.1379189278 -0.03811768677 0.09611789215 0 -7.639850757 1.022948842 -0.007096114274 1


mesh: pSphereShape5 tranform: pSphere5 0.1229460677 -0.001212170462 -0.1406164443 0 0.0236454916 0.1351062173 0.01950944259 0 0.1295375244 -0.03907427147 0.1135962014 0 -7.446667558 1.040136865 -0.2294585352 1


mesh: pSphereShape6 tranform: pSphere6 0.07380298027 -0.2515734519 -0.04767472923 0 0.08785388691 0.0351761673 -0.04961771543 0 0.05217723011 -0.001940038811 0.0910104245 0 -7.331877066 0.7461515076 -0.3326660762 1


mesh: pSphereShape7 tranform: pSphere7 0.1488338945 -0.2023417206 0.01050318152 0 0.07445632372 0.05257605187 -0.04220586234 0 0.04022016503 0.03556713291 0.1152594636 0 -7.117938957 0.3315986386 -0.3104376315 1


mesh: pSphereShape8 tranform: pSphere8 0.001426688378 -0.1891481851 0.007873146994 0 0.04064645628 -0.0003989219408 -0.01694940892 0 0.04428341789 0.004749701142 0.1060844811 0 -6.964145431 0.01906085686 -0.278911983 1


mesh: pSphereShape10 tranform: pSphere10 0.0973414528 -0.009842418167 -0.1552237504 0 0.001716592507 0.1545340893 -0.008722205948 0 0.1891902659 0.00457844079 0.118351685 0 -7.522288141 1.462574553 -0.1192656651 1


mesh: pSphereShape11 tranform: pSphere11 0.04317984636 -0.0008868077635 -0.06485824217 0 0.01914614217 0.1699604075 0.01042281206 0 0.07558290342 -0.01161005748 0.05047861207 0 -7.55358044 1.276039889 -0.1261926228 1


mesh: pSphereShape12 tranform: pSphere12 0.1882137713 -0.001528816539 -0.2543714794 0 0.01965206666 0.1640535459 0.01355490723 0 0.1378663848 -0.02495602369 0.1021596661 0 -7.554618384 0.837254882 -0.08208033305 1


mesh: pSphereShape13 tranform: pSphere13 0.126795369 -0.01197000032 -0.1782647611 0 0.03238131208 0.2041095086 0.00932663034 0 0.1566294611 -0.03003154627 0.1134232465 0 -7.582431725 0.6158626993 -0.1056839103 1


mesh: pSphereShape14 tranform: pSphere14 0.1232992422 -0.01635034502 -0.1833548729 0 0.03544965076 0.2390166629 0.002524667949 0 0.1562421533 -0.02430567346 0.1072343753 0 -7.601956799 0.4229798925 -0.1049021979 1


mesh: pSphereShape15 tranform: pSphere15 0.05244795607 -0.001326707083 -0.1424033132 0 -0.07188957279 0.3719661371 -0.02994278131 0 0.1728663591 0.03850601612 0.06330892732 0 -7.642235559 -0.1460120568 0.07895100975 1


mesh: pSphereShape16 tranform: pSphere16 0.03521525307 0.00279804372 -0.09378334962 0 0.05130253694 0.3578422712 0.02994017757 0 0.07702482845 -0.01342915127 0.02852183767 0 -7.59793976 -0.8412182689 0.1291659892 1


mesh: pSphereShape17 tranform: pSphere17 0.04286195625 0.01268260266 -0.1030987262 0 -0.006636519985 0.1033458269 0.009953952557 0 0.2567727402 0.006134568275 0.1075045702 0 -7.470407715 -1.300637619 0.1811437625 1


mesh: pSphereShape18 tranform: pSphere18 0.05301053339 0.007947561136 -0.1160627081 0 -0.02418282457 0.3571771426 0.01341294524 0 0.1325747631 0.006684941236 0.0610100178 0 -7.526552858 -0.1984775626 -0.2758420937 1


mesh: pSphereShape19 tranform: pSphere19 0.03426060563 0.004570650242 -0.07924139013 0 0.1911055356 0.3711709975 0.1040350779 0 0.08093819106 -0.05066223497 0.03207202806 0 -7.630545977 -0.8792622108 -0.3840459726 1


mesh: pSphereShape20 tranform: pSphere20 -0.01269390924 0.02561891146 -0.1118214484 0 0.00879940678 0.07963116575 0.0172450361 0 0.2587893991 -0.02118366167 -0.03423092398 0 -7.589652182 -1.281287231 -0.4757504256 1


mesh: pSphereShape21 tranform: pSphere21 0.1469447819 -0.01948590956 -0.2185174972 0 -0.06003083797 0.1223736799 -0.05128093172 0 0.19098808 0.1421960623 0.1157522051 0 -7.666202952 0.2573401125 -0.1383410247 1


mesh: pSphereShape22 tranform: pSphere22 0.00571955777 1.038305076e-05 -0.008202837991 0 0.001808120099 0.009752433394 0.001273084679 0 0.008001084966 -0.002211319761 0.005576083239 0 -7.768807944 1.206668325 0.0762005379 1


mesh: pSphereShape23 tranform: pSphere23 0.005541401336 -0.0001138067441 -0.008323455968 0 0.0003122449451 0.009994870229 7.121932519e-05 0 0.008318375702 -0.0002993611916 0.005542112283 0 -7.721317941 1.198065868 -0.2076048956 1


mesh: pSphereShape24 tranform: pSphere24 0.006582077324 -6.489511914e-05 -0.007528083868 0 0.00170675896 0.009752123192 0.001408214154 0 0.007332341505 -0.002211759904 0.006429998925 0 -7.422337118 1.206253343 -0.3655911956 1


