mesh: pSphereShape1 tranform: pSphere1 -0.06899950452 0.1256121949 -0.03191832856 0 0.03848624867 0.03778269002 0.06549323316 0 0.1149626808 0.0401045282 -0.09069241189 0 -1.824282046 0.1593104264 0.5314073683 1


mesh: pSphereShape2 tranform: pSphere2 -0.09447140191 0.2356875858 -0.05493681209 0 0.1127349018 0.05908356895 0.05961466253 0 0.06263539684 -0.002033063541 -0.11643234 0 -1.992551684 0.4575702325 0.4459909478 1


mesh: pSphereShape3 tranform: pSphere3 -0.02462875551 0.272835988 -0.1057938853 0 0.1093852332 0.03628986088 0.06812452215 0 0.07606030351 -0.03355809757 -0.104251085 0 -2.111221803 0.8896506135 0.3213866892 1


mesh: pSphereShape4 tranform: pSphere4 -0.01639541468 -0.0180779158 -0.1790887052 0 0.02788454821 0.1450433782 -0.01719405311 0 0.1685937354 -0.03383687848 -0.01201898222 0 -2.122943728 1.144812166 0.09466389376 1


mesh: pSphereShape5 tranform: pSphere5 -0.003877720036 -0.01948826784 -0.1857292654 0 0.02576797109 0.1353227423 -0.01473718651 0 0.1735444838 -0.03306288349 -0.0001540876886 0 -2.126519549 1.133017615 -0.2009604863 1


mesh: pSphereShape6 tranform: pSphere6 0.01722458398 -0.2553906601 -0.07408026617 0 0.04774781086 0.02958663562 -0.09089754357 0 0.09362069444 -0.007264890024 0.04681358143 0 -2.114089008 0.8274845014 -0.3369489468 1


mesh: pSphereShape7 tranform: pSphere7 0.1383219269 -0.2007028771 -0.06155823698 0 0.03906321949 0.05067145434 -0.07743247888 0 0.0939577644 0.04182214455 0.07476813019 0 -1.932028337 0.4109239897 -0.4195101152 1


mesh: pSphereShape8 tranform: pSphere8 0.02752912999 -0.1870303081 0.01014241945 0 0.02066003563 0.0009324022228 -0.03888276692 0 0.100222024 0.01766251938 0.05367568528 0 -1.767971144 0.1068850072 -0.4712056607 1


mesh: pSphereShape10 tranform: pSphere10 0.003948884242 -0.02680467483 -0.1814733039 0 -0.02199617269 0.1515042816 -0.02285671365 0 0.2208888964 0.03208007139 6.815768288e-05 0 -2.143201034 1.567438148 -0.1115722884 1


mesh: pSphereShape11 tranform: pSphere11 0.0001949399928 -0.01207323255 -0.07698101189 0 0.007862915873 0.169108159 -0.02650198124 0 0.091531023 -0.004118314407 0.0008776764925 0 -2.148190497 1.378628029 -0.08729736392 1


mesh: pSphereShape12 tranform: pSphere12 -0.004909918144 -0.03351840135 -0.3146172596 0 0.01831325386 0.1638093667 -0.01773756686 0 0.1723148466 -0.01933230125 -0.0006295393954 0 -2.099614701 0.9498547264 0.003298081687 1


mesh: pSphereShape13 tranform: pSphere13 -0.0005457113416 -0.021305878 -0.2180468604 0 0.04101506296 0.2017947951 -0.01982049943 0 0.1918170967 -0.03866316846 0.003297804811 0 -2.137105311 0.7255366126 0.01883350142 1


mesh: pSphereShape14 tranform: pSphere14 0.000153541893 -0.01195173974 -0.2212378328 0 0.04912285617 0.2362560799 -0.01272896559 0 0.1870645311 -0.03877499387 0.002224533079 0 -2.165286829 0.5329376181 0.03247984862 1


mesh: pSphereShape15 tranform: pSphere15 -0.01490002461 0.001929756368 -0.1510149567 0 -0.09898760786 0.3666279999 0.01445168451 0 0.1806448954 0.04945081481 -0.0171915777 0 -2.0808701 -0.03228045682 0.207031171 1


mesh: pSphereShape16 tranform: pSphere16 -0.004377485008 0.01337934298 -0.09922242977 0 0.2409004561 0.2699668209 0.02577482289 0 0.06211639233 -0.05446571427 -0.01008470615 0 -2.152128764 -0.6449069099 0.2042960782 1


mesh: pSphereShape17 tranform: pSphere17 0.02557956933 -0.02509148579 -0.106505615 0 0.07859135002 0.06810930564 0.002829608672 0 0.1710781666 -0.2010822609 0.08846067427 0 -2.343760365 -1.134467342 0.2498709368 1


mesh: pSphereShape18 tranform: pSphere18 -0.007232900966 -0.004806466094 -0.1275476994 0 -0.05436944677 0.3539477752 -0.01025490199 0 0.1441633554 0.02188399065 -0.008999801154 0 -2.150527588 -0.07670339593 -0.1226195723 1


mesh: pSphereShape19 tranform: pSphere19 -0.006499929683 -0.004143669206 -0.08610725156 0 0.1693525327 0.3942383099 -0.03175542883 0 0.09228709057 -0.04004956527 -0.005039151072 0 -2.212457241 -0.7725575165 -0.1061545095 1


mesh: pSphereShape20 tranform: pSphere20 -0.02926073127 0.009427883953 -0.1112493815 0 0.04088984965 0.07086187227 -0.004749593991 0 0.2170423236 -0.1298048133 -0.06808668706 0 -2.187748423 -1.265812577 -0.1023846996 1


mesh: pSphereShape21 tranform: pSphere21 0.0001829871748 -0.01424376791 -0.2636654087 0 -0.06878549437 0.1281744905 -0.006971997451 0 0.2333609331 0.124876195 -0.006584122994 0 -2.249763915 0.3731680477 0.03690321531 1


mesh: pSphereShape22 tranform: pSphere22 -0.0009071071141 -0.001000194649 -0.009908419014 0 0.001875261025 0.009754298045 -0.001156315585 0 0.009780621288 -0.001962977409 -0.0006972567107 0 -2.174080338 1.340484335 0.2227989253 1


mesh: pSphereShape23 tranform: pSphere23 2.501724364e-05 -0.001549394743 -0.009879207968 0 -0.0005119000372 0.009866088029 -0.001548633383 0 0.009986857989 0.0005095909465 -5.463128988e-05 0 -2.326040167 1.29047252 -0.04932531723 1


mesh: pSphereShape24 tranform: pSphere24 -0.0002075987755 -0.001043329715 -0.009943257306 0 0.001859961987 0.009767752215 -0.001063747185 0 0.009823311262 -0.001871491323 -8.7219789e-06 0 -2.206172997 1.284253573 -0.3332547381 1


