mesh: pSphereShape1 tranform: pSphere1 0.1232703629 0.0789214788 0.01157379188 0 -0.02694151596 0.05118327492 -0.06206862072 0 -0.06692162839 0.08945020675 0.1028108015 0 -4.77400936 0.08456604597 -0.1023582238 1


mesh: pSphereShape2 tranform: pSphere2 0.1785264966 0.1864462862 0.02928497244 0 -0.0908863802 0.09486895968 -0.04993476308 0 -0.04377588882 0.02264436592 0.1226976786 0 -4.491625287 0.2915775475 -0.05890466691 1


mesh: pSphereShape3 tranform: pSphere3 0.05392450153 0.2717912469 0.0972628623 0 -0.1084810839 0.04461617151 -0.06453127496 0 -0.07420328428 -0.02398325533 0.1081585894 0 -4.281204208 0.6737872534 0.03469600262 1


mesh: pSphereShape4 tranform: pSphere4 0.05506144099 0.002084690499 0.1721402822 0 -0.0383291298 0.1432859743 0.01052484744 0 -0.1580552643 -0.04603440173 0.0511136497 0 -4.216443238 0.9427489127 0.2496689565 1


mesh: pSphereShape5 tranform: pSphere5 0.04538696674 0.0005403162555 0.1811902885 0 -0.0331702313 0.134278103 0.00790850081 0 -0.166069134 -0.04348113606 0.04172888011 0 -4.148120621 0.962846664 0.5369485286 1


mesh: pSphereShape6 tranform: pSphere6 0.1178850228 -0.1964606258 0.1360709569 0 -0.05016108654 0.03149812715 0.08893435366 0 -0.0801776306 -0.06378478171 -0.0226312535 0 -4.011251579 0.7170978769 0.7347798803 1


mesh: pSphereShape7 tranform: pSphere7 0.05883063006 -0.1959280002 0.1461341596 0 -0.05591299662 0.03844868062 0.07405913822 0 -0.1013532609 -0.06307976178 -0.04377084314 0 -3.884072726 0.3240584084 0.9642687447 1


mesh: pSphereShape8 tranform: pSphere8 0.142791397 -0.1138804992 0.04982877328 0 -0.02148571566 -0.01079590653 0.03689699763 0 -0.05055952178 -0.08747667591 -0.05503693135 0 -3.752268279 0.03947226396 1.119698064 1


mesh: pSphereShape10 tranform: pSphere10 0.01670655746 -0.01863070921 0.1817702724 0 0.009106745945 0.1537987901 0.0149267431 0 -0.2218908696 0.01104938601 0.02152656983 0 -4.198578106 1.379934892 0.4356831457 1


mesh: pSphereShape11 tranform: pSphere11 0.01014795813 -0.01027107973 0.0765728477 0 -0.01526164796 0.1688785755 0.02467506348 0 -0.09048019455 -0.009737922641 0.01068486116 0 -4.174190377 1.191218982 0.4194649302 1


mesh: pSphereShape12 tranform: pSphere12 0.04988229074 -0.00252802417 0.3124691612 0 -0.03157775577 0.1626220847 0.006356734045 0 -0.1680134611 -0.03366242699 0.02654917002 0 -4.200710562 0.7570108215 0.3564705465 1


mesh: pSphereShape13 tranform: pSphere13 0.02495588065 -0.0004154663593 0.2176596034 0 -0.03864178666 0.2031743663 0.004818312235 0 -0.1909614449 -0.03683657878 0.02182447543 0 -4.154640859 0.5382909569 0.3551861509 1


mesh: pSphereShape14 tranform: pSphere14 0.01860138483 0.003229456836 0.2207546272 0 -0.0311744663 0.2396234494 -0.0008786467782 0 -0.1887770815 -0.02449982815 0.01626528207 0 -4.136547155 0.3468354451 0.3536928042 1


mesh: pSphereShape15 tranform: pSphere15 0.01786601416 0.0316305192 0.1473484565 0 -0.1134316453 0.3572072809 -0.06292621308 0 -0.1781342898 -0.05083937427 0.03251222076 0 -4.022830507 -0.2455181499 0.2379745995 1


mesh: pSphereShape16 tranform: pSphere16 0.008111297067 0.02492548702 0.0967273835 0 -0.2562750351 0.2529687329 -0.04369647743 0 -0.05851405168 -0.05594121434 0.01932221053 0 -3.713137287 -0.8560651671 0.3106052722 1


mesh: pSphereShape17 tranform: pSphere17 0.0161700697 0.01331451632 0.1104019726 0 -0.0597216526 0.08517325748 -0.001524768418 0 -0.2244419121 -0.1564475735 0.05174060752 0 -3.554392096 -1.307118963 0.3846557028 1


mesh: pSphereShape18 tranform: pSphere18 0.007612874817 0.002450227395 0.127592606 0 0.1887470459 0.3040104905 -0.01709975627 0 -0.1238659919 0.07723534145 0.005907334012 0 -4.286029083 -0.2030905864 0.5454641197 1


mesh: pSphereShape19 tranform: pSphere19 0.006352512203 0.002018075143 0.08619426207 0 0.1187264236 0.4131309345 -0.01842280781 0 -0.09653427015 0.02803021422 0.006458295914 0 -4.592677367 -0.8538596098 0.5976598446 1


mesh: pSphereShape20 tranform: pSphere20 0.01482275499 -0.00877897377 0.1141258771 0 0.03712902166 0.07305301966 0.0007971562169 0 -0.2310440495 0.1170019225 0.03900838493 0 -4.914766242 -1.159164399 0.6192431522 1


mesh: pSphereShape21 tranform: pSphere21 0.02216863939 0.003848781403 0.263089537 0 0.07791977061 0.1227491283 -0.008361449427 0 -0.2225633483 0.1424162734 0.0166703608 0 -4.064164344 0.1811768931 0.3541752589 1


mesh: pSphereShape22 tranform: pSphere22 0.00304637765 0.0001153394177 0.009523984462 0 -0.002577668561 0.009636111051 0.0007078054863 0 -0.009169253405 -0.002670591813 0.002965254013 0 -4.213305979 1.127514274 0.09744196917 1


mesh: pSphereShape23 tranform: pSphere23 0.001302318407 -0.001318118978 0.009826827012 0 7.103063384e-05 0.009912221375 0.001320159863 0 -0.009914581253 -0.0001021262739 0.001300249518 0 -3.997191448 1.113267676 0.3608240862 1


mesh: pSphereShape24 tranform: pSphere24 0.002429850178 2.892653208e-05 0.009700257284 0 -0.0023942657 0.009692348943 0.0005708447449 0 -0.009400176587 -0.00246120605 0.002362021361 0 -4.054730739 1.131841175 0.634097594 1


