mesh: pSphereShape1 tranform: pSphere1 0.008026467511 0.1424712892 -0.03457806239 0 0.03270632393 0.01671874231 0.07647788322 0 0.1398412997 -0.0212646514 -0.05515550956 0 -7.694378714 -0.04251535868 0.5218154399 1


mesh: pSphereShape2 tranform: pSphere2 0.03126793057 0.2551587286 -0.0375216863 0 0.05949424026 0.01135973813 0.1268279382 0 0.1187339323 -0.02244482484 -0.05368704923 0 -7.679047216 0.2979396945 0.4302558281 1


mesh: pSphereShape3 tranform: pSphere3 0.07801351344 0.277253508 -0.05729556826 0 0.05087493594 0.01117121256 0.1233287423 0 0.1181410033 -0.04251786425 -0.04488361572 0 -7.60695846 0.757489155 0.348123182 1


mesh: pSphereShape4 tranform: pSphere4 0.07096372497 0.006665040168 -0.1660966946 0 0.03048895864 0.1443159722 0.01881724278 0 0.1545436085 -0.04104425629 0.06438074241 0 -7.470886452 1.035350145 0.1867675332 1


mesh: pSphereShape5 tranform: pSphere5 0.09161319711 0.005311489593 -0.1626929609 0 0.02725713528 0.1343910384 0.01973613297 0 0.1499827777 -0.04261799193 0.08306466783 0 -7.327213559 1.062714511 -0.06944046113 1


mesh: pSphereShape6 tranform: pSphere6 0.04500688012 -0.2477537636 -0.08718609254 0 0.0788405787 0.03626160012 -0.06234456979 0 0.06856827748 -0.01498992487 0.0779924223 0 -7.252717991 0.7741171111 -0.2203021612 1


mesh: pSphereShape7 tranform: pSphere7 0.1296563667 -0.2109567372 -0.04347986299 0 0.06889707632 0.05276904707 -0.05057608856 0 0.06527517673 0.01793477806 0.1076332737 0 -7.071913938 0.3478908001 -0.2871611036 1


mesh: pSphereShape8 tranform: pSphere8 -0.01856115988 -0.1880528435 -0.01151821259 0 0.0350377178 -0.00182785107 -0.02661941586 0 0.06878712582 -0.01238712689 0.09139140163 0 -6.946147005 0.02356825235 -0.3250161283 1


mesh: pSphereShape10 tranform: pSphere10 0.06914312704 -0.008874609197 -0.1697265849 0 -0.001100697433 0.1545504599 -0.008529486385 0 0.2067456714 0.006103052195 0.08390482864 0 -7.376557107 1.479619293 0.06011700467 1


mesh: pSphereShape11 tranform: pSphere11 0.03164340085 0.0001408169247 -0.07120781201 0 0.02358093654 0.1693775353 0.01081387321 0 0.08277767417 -0.01387117193 0.03675739719 0 -7.405080717 1.292596478 0.05980144833 1


mesh: pSphereShape12 tranform: pSphere12 0.1431943768 0.009040432411 -0.2820376776 0 0.02090511176 0.1636915307 0.01586077686 0 0.1530735562 -0.02699562782 0.07685221538 0 -7.402738446 0.8535098728 0.09070145903 1


mesh: pSphereShape13 tranform: pSphere13 0.09746051496 0.0107600987 -0.1959192177 0 0.03562390696 0.201736655 0.0288008022 0 0.1720018286 -0.04225712879 0.08324194078 0 -7.434912101 0.631843924 0.05522157082 1


mesh: pSphereShape14 tranform: pSphere14 0.09862001873 0.009204775728 -0.1981878158 0 0.03842787146 0.2366611083 0.03011370706 0 0.168364192 -0.03777534897 0.08202505327 0 -7.456917293 0.4399225553 0.03477119873 1


mesh: pSphereShape15 tranform: pSphere15 0.06170197193 0.001545389246 -0.1386424548 0 -0.00653818147 0.3799723449 0.001325614771 0 0.1718013285 0.002689335666 0.07648910164 0 -7.553978251 -0.1481935761 0.1896355773 1


mesh: pSphereShape16 tranform: pSphere16 0.04131487849 0.003012437149 -0.09125385362 0 0.07834244103 0.3510377466 0.04705760261 0 0.07366365575 -0.02081846528 0.03266372377 0 -7.604641143 -0.852075865 0.1929662605 1


mesh: pSphereShape17 tranform: pSphere17 0.04131418488 0.01631970103 -0.103218935 0 -0.006854751352 0.1029244873 0.01352947884 0 0.2582848316 0.003538749124 0.1039400243 0 -7.507189101 -1.306018505 0.2210706446 1


mesh: pSphereShape18 tranform: pSphere18 0.05968888171 0.0166930577 -0.1118141843 0 -0.1530692811 0.3221488843 -0.03361724028 0 0.1131106462 0.0609958133 0.06948720023 0 -7.25053941 -0.1337419066 -0.09625758519 1


mesh: pSphereShape19 tranform: pSphere19 0.03783674386 0.006793480666 -0.07743453549 0 0.2372709993 0.3284238727 0.1447507005 0 0.07153327632 -0.06458745513 0.02928683709 0 -7.245139157 -0.7384062685 -0.1815982623 1


mesh: pSphereShape20 tranform: pSphere20 0.009239296713 0.03253109104 -0.1103533587 0 0.03807447749 0.06868122006 0.02343432449 0 0.2309695466 -0.122334752 -0.01672524338 0 -7.284992896 -1.177802872 -0.3007420826 1


mesh: pSphereShape21 tranform: pSphere21 0.1175327349 0.01097000872 -0.2361950069 0 -0.06458299774 0.1278727927 -0.02619805888 0 0.2059660674 0.1262234356 0.1083529568 0 -7.52695206 0.2799947536 -0.01213817849 1


mesh: pSphereShape22 tranform: pSphere22 0.003926201382 0.0003687558669 -0.009189611625 0 0.002050409977 0.009705379334 0.001265476554 0 0.008965531866 -0.002381098715 0.003734917305 0 -7.579753642 1.214854232 0.3018646855 1


mesh: pSphereShape23 tranform: pSphere23 0.00406089411 1.807146529e-05 -0.009138315624 0 0.0004936988887 0.009984942429 0.0002391361318 0 0.009124987695 -0.0005482682777 0.004053887204 0 -7.585446158 1.218923113 0.006095602173 1


mesh: pSphereShape24 tranform: pSphere24 0.004904631424 0.0002843574899 -0.008709978841 0 0.001967451583 0.009700500752 0.001424576928 0 0.008489624542 -0.002412348643 0.004701792122 0 -7.331065179 1.234308054 -0.2008161696 1


