mesh: pSphereShape1 tranform: pSphere1 -0.04285756241 0.1338286856 -0.04255874879 0 0.06727013143 0.03394363296 0.03899545859 0 0.08121017175 -0.01452382274 -0.1274514469 0 1.954268623 -0.05061827878 1.912509995 1


mesh: pSphereShape2 tranform: pSphere2 -0.04904424011 0.2456768207 -0.06876844822 0 0.1214048955 0.0404969706 0.05809286443 0 0.06176876205 -0.01991618345 -0.1152032194 0 1.843438374 0.2670481107 1.806055708 1


mesh: pSphereShape3 tranform: pSphere3 -0.01572547713 0.2688549179 -0.1170817689 0 0.1133747909 0.03389744474 0.06261113163 0 0.07055239791 -0.04168120436 -0.1051885961 0 1.770463136 0.7086919979 1.659690366 1


mesh: pSphereShape4 tranform: pSphere4 -0.0649523244 -0.0009521945681 -0.1686673468 0 0.02474797087 0.1462568227 -0.01035590597 0 0.1582814377 -0.03108606089 -0.06077730815 0 1.724624733 0.9760706056 1.430431708 1


mesh: pSphereShape5 tranform: pSphere5 -0.04749174474 -0.002026745196 -0.1806394636 0 0.01756201992 0.1372846602 -0.006157524888 0 0.1693862818 -0.02365410125 -0.04426778656 0 1.645231951 0.9930886419 1.146556477 1


mesh: pSphereShape6 tranform: pSphere6 0.008026815675 -0.2518259769 -0.08676525199 0 0.0215858709 0.03470428007 -0.09872815707 0 0.102712486 -0.003981343298 0.02105750651 0 1.635175271 0.6972324269 0.9949401822 1


mesh: pSphereShape7 tranform: pSphere7 0.08328664523 -0.2127026633 -0.1049996601 0 0.02058587234 0.04988189827 -0.08471917299 0 0.1171066632 0.02464464016 0.0429662392 0 1.767515035 0.2707304043 0.8486238544 1


mesh: pSphereShape8 tranform: pSphere8 -0.02036370253 -0.1882128879 -0.001512035435 0 0.02068958863 -0.001926560864 -0.03883046864 0 0.1008110162 -0.01134329298 0.05427675929 0 1.859577872 -0.05461693051 0.7600025281 1


mesh: pSphereShape10 tranform: pSphere10 -0.05765381648 -0.002965168999 -0.1741662698 0 0.001176350489 0.1547555469 -0.003024107055 0 0.2118944322 -0.002980366413 -0.07009213341 0 1.718620376 1.41413074 1.278053241 1


mesh: pSphereShape11 tranform: pSphere11 -0.0224611348 -0.0002629864984 -0.07461437796 0 0.02493362136 0.169335207 -0.008102597918 0 0.08671973937 -0.01401573195 -0.02605580668 0 1.683921363 1.228011896 1.291243496 1


mesh: pSphereShape12 tranform: pSphere12 -0.07627609324 -0.003828795502 -0.3070812734 0 0.01741325306 0.164740972 -0.006379335299 0 0.1672956546 -0.0192831139 -0.04131423486 0 1.718076225 0.790576234 1.320836064 1


mesh: pSphereShape13 tranform: pSphere13 -0.05221462132 0.01004764738 -0.2125355256 0 0.02337655468 0.2055090833 0.003972441071 0 0.1887724124 -0.02055753201 -0.04734848364 0 1.688710201 0.5691386373 1.316129339 1


mesh: pSphereShape14 tranform: pSphere14 -0.04836164591 0.007322139507 -0.2160939236 0 0.02227958067 0.2405942904 0.003166159214 0 0.1856129716 -0.01663411157 -0.04210366467 0 1.680340603 0.3751173312 1.311415107 1


mesh: pSphereShape15 tranform: pSphere15 -0.01474495255 0.01400756017 -0.1503915772 0 0.08618206707 0.3692198115 0.02593973884 0 0.1822646817 -0.04101974024 -0.02169051368 0 1.611455978 -0.2098688114 1.485425623 1


mesh: pSphereShape16 tranform: pSphere16 -0.008104504939 0.0117293382 -0.09919677106 0 0.1900511656 0.3082568523 0.02092183285 0 0.07056873194 -0.04277351118 -0.01082323148 0 1.387051014 -0.8749598677 1.473819349 1


mesh: pSphereShape17 tranform: pSphere17 0.01728938141 -0.002311069094 -0.1110093658 0 0.02374751242 0.1012769054 0.001590152979 0 0.2676796199 -0.06344110988 0.04301107205 0 1.35361426 -1.328799238 1.493436112 1


mesh: pSphereShape18 tranform: pSphere18 -0.02877823024 -0.002794748178 -0.1245304598 0 -0.1467820321 0.3257101937 0.02661075168 0 0.1291454381 0.06074940441 -0.03120807909 0 1.76881188 -0.2162761496 1.132664736 1


mesh: pSphereShape19 tranform: pSphere19 -0.02064040165 -0.0008020825272 -0.08394765235 0 -0.1013527917 0.4176147638 0.0209297196 0 0.0948939751 0.02421116252 -0.02356312601 0 2.012387371 -0.8964109945 1.067130479 1


mesh: pSphereShape20 tranform: pSphere20 -0.03877500632 -0.007244149719 -0.1084689884 0 -0.02329160184 0.07851077006 0.003082800352 0 0.2351811646 0.07326390678 -0.08896446802 0 2.321933472 -1.241483024 0.9989318775 1


mesh: pSphereShape21 tranform: pSphere21 -0.0576361329 0.008726332567 -0.2575350335 0 -0.08048389136 0.1193508064 0.02205631991 0 0.212947121 0.1514590987 -0.04252534481 0 1.614623926 0.2067695762 1.316170277 1


mesh: pSphereShape22 tranform: pSphere22 -0.003593609353 -5.268195307e-05 -0.009331837784 0 0.001664323369 0.009835903286 -0.0006964440201 0 0.009182374396 -0.001803394344 -0.003525871424 0 1.713921203 1.158102846 1.585579492 1


mesh: pSphereShape23 tranform: pSphere23 -0.002882505912 -3.374985918e-05 -0.00957549062 0 0.0005305522486 0.009984013604 -0.000194901663 0 0.009560840652 -0.0005642103275 -0.002876107217 0 1.512173126 1.154762882 1.368579776 1


mesh: pSphereShape24 tranform: pSphere24 -0.0025425322 -0.0001085044348 -0.00967076816 0 0.001267646931 0.009909365721 -0.0004444572756 0 0.009587940408 -0.001338916652 -0.002505733612 0 1.531961362 1.151714184 1.053140916 1


