mesh: pSphereShape1 tranform: pSphere1 -0.04571489498 0.1354233297 -0.03359769295 0 0.04576434432 -0.002266284936 -0.07140430892 0 -0.1187803704 -0.0585229265 -0.07427109405 0 4.530023867 -0.03327535527 0.5217577079 1


mesh: pSphereShape2 tranform: pSphere2 -0.06111061795 0.2407886998 -0.07601204922 0 0.1042613147 -0.003274730689 -0.09419548068 0 -0.0830372773 -0.04954491704 -0.09018829118 0 4.414779699 0.2934767059 0.4553616622 1


mesh: pSphereShape3 tranform: pSphere3 -0.102058612 0.2590994722 -0.09321964048 0 0.1004634416 0.00786168109 -0.08813809986 0 -0.07496686911 -0.06227123945 -0.09100475631 0 4.279720733 0.7305415982 0.3300447426 1


mesh: pSphereShape4 tranform: pSphere4 -0.180313311 -0.008450105556 0.009170090968 0 -0.007771983666 0.1475318361 -0.01687360796 0 -0.007762490509 -0.01997104601 -0.1710384137 0 4.057395008 0.9857044837 0.2464410221 1


mesh: pSphereShape5 tranform: pSphere5 -0.1858764313 -0.008549339714 -0.0163416768 0 -0.005049081619 0.1376766242 -0.01459696949 0 0.01621163333 -0.01795974098 -0.1750014186 0 3.763377735 0.9916064529 0.2272686465 1


mesh: pSphereShape6 tranform: pSphere6 -0.07749289587 -0.2308622452 -0.1081962857 0 -0.08959108946 0.04650073504 -0.0350528773 0 0.04835990206 0.02571023256 -0.08949540924 0 3.62010292 0.7162686644 0.1163865813 1


mesh: pSphereShape7 tranform: pSphere7 -0.05734648959 -0.1246910498 -0.2106360347 0 -0.07585587188 0.06360904325 -0.01700283819 0 0.07813861907 0.07554281275 -0.06599292545 0 3.539249979 0.4058955176 -0.211265811 1


mesh: pSphereShape8 tranform: pSphere8 0.01719076929 -0.1604892855 -0.09893798315 0 -0.03764697777 0.008934757421 -0.02103452362 0 0.05878257535 0.05638856677 -0.08125537678 0 3.497689777 0.1953673706 -0.4870636419 1


mesh: pSphereShape10 tranform: pSphere10 -0.1716310293 -0.01759346023 0.06244921344 0 -0.0211865368 0.1525731248 -0.01524403371 0 -0.07277295278 -0.03095981748 -0.2087262015 0 3.854274508 1.405621382 0.1768406366 1


mesh: pSphereShape11 tranform: pSphere11 -0.07610623875 -0.00377234453 0.01629377111 0 -0.01762345152 0.1646116385 -0.04420602141 0 -0.01726152801 -0.02505803543 -0.08642796719 0 3.894004976 1.227329449 0.2240778012 1


mesh: pSphereShape12 tranform: pSphere12 -0.3160365877 -0.01540521392 -0.003894248819 0 -0.007949145825 0.1653469451 -0.008983539959 0 0.00258577601 -0.009282045127 -0.1731291366 0 3.95548359 0.7979653403 0.2075396605 1


mesh: pSphereShape13 tranform: pSphere13 -0.2182408297 -0.01657156371 -0.009746541241 0 -0.01514651195 0.2060170577 -0.0111257377 0 0.009466384641 -0.009846968081 -0.1952253556 0 3.962047566 0.5747558206 0.2225620885 1


mesh: pSphereShape14 tranform: pSphere14 -0.221290551 0.003058214335 -0.01049693647 0 0.003563084116 0.2415717387 -0.004734590259 0 0.008997224866 -0.003872266432 -0.1908026284 0 3.966715113 0.3815093106 0.2178209339 1


mesh: pSphereShape15 tranform: pSphere15 -0.1303522118 -0.01927430084 0.0752864799 0 -0.02788452898 0.3759584769 0.04797045583 0 -0.09531870679 0.01354563439 -0.1615684734 0 4.119639848 -0.2416928472 0.1700548541 1


mesh: pSphereShape16 tranform: pSphere16 -0.08704380588 -0.008943569813 0.04885333335 0 -0.08122550917 0.3439443484 -0.08175669678 0 -0.03679514766 -0.02537749176 -0.07020513903 0 4.237101434 -0.9283851046 0.1474490919 1


mesh: pSphereShape17 tranform: pSphere17 -0.09867132081 0.007815896417 0.05319986152 0 -0.002397533988 0.1021721257 -0.01945746787 0 -0.1330804153 -0.04876396001 -0.2396638999 0 4.245986677 -1.409741317 0.06947158488 1


mesh: pSphereShape18 tranform: pSphere18 -0.1242881961 -0.002862793058 -0.02980069317 0 -0.009743537368 0.358059147 0.006240037492 0 0.03397994031 0.003400139157 -0.1420449972 0 3.773948747 -0.2027540548 0.2187227565 1


mesh: pSphereShape19 tranform: pSphere19 -0.08425923392 -0.001026137939 -0.01931855049 0 0.01944704941 0.4162930847 -0.1069318122 0 0.02207605168 -0.02541722062 -0.0949361925 0 3.753461892 -0.9208299485 0.2818281819 1


mesh: pSphereShape20 tranform: pSphere20 -0.1090399011 -0.006463872743 -0.03728295304 0 -0.004579140051 0.08181898501 -0.0007928161889 0 0.08460606113 0.002333502238 -0.2478483931 0 3.830189662 -1.332370514 0.1787157449 1


mesh: pSphereShape21 tranform: pSphere21 -0.2637282369 0.003644699111 -0.01250997178 0 -0.002753470017 0.113560859 0.09113233623 0 0.01206784546 0.1657105695 -0.2061288774 0 3.957651416 0.2090239488 0.2711961088 1


mesh: pSphereShape22 tranform: pSphere22 -0.009976172632 -0.0004675179625 0.0005073525078 0 -0.0005226729136 0.009921649087 -0.001134765359 0 -0.0004503250358 -0.001158579453 -0.009922444306 0 4.194634843 1.168772449 0.3169568679 1


mesh: pSphereShape23 tranform: pSphere23 -0.009766945664 -0.0004841164752 0.002091029326 0 -0.0008409764295 0.009826502294 -0.001653061196 0 -0.001974723031 -0.001790386525 -0.009638204451 0 3.960783797 1.178849101 0.4085609177 1


mesh: pSphereShape24 tranform: pSphere24 -0.009951136023 -0.0004576999989 -0.0008748728795 0 -0.0003644485571 0.009937658133 -0.001053626158 0 0.0009176432278 -0.001016593106 -0.009905779594 0 3.63140963 1.143117015 0.3069412547 1


