mesh: pSphereShape1 tranform: pSphere1 -0.09253440012 0.09652805729 -0.0606453113 0 0.005167337148 0.04854709378 0.06938706582 0 0.1175128664 0.07443390696 -0.06082947033 0 4.960736709 -0.009935595856 0.357435065 1


mesh: pSphereShape2 tranform: pSphere2 -0.1400881661 0.199691774 -0.08938701424 0 0.05041116797 0.08141580366 0.1028791293 0 0.1007509725 0.0358729374 -0.07775725048 0 4.745420813 0.2252156929 0.205931329 1


mesh: pSphereShape3 tranform: pSphere3 -0.04805521855 0.2742773946 -0.09327917713 0 0.05526706889 0.0478293502 0.1121647811 0 0.1194717289 0.000796471587 -0.05920706058 0 4.566487834 0.620386785 0.0542321093 1


mesh: pSphereShape4 tranform: pSphere4 0.02454930737 -0.008212334689 -0.178880614 0 0.01457357874 0.1479034499 -0.00479012985 0 0.1699401952 -0.01596587969 0.0240553246 0 4.558422813 0.884651747 -0.1570625075 1


mesh: pSphereShape5 tranform: pSphere5 0.04563416195 -0.006718167267 -0.1810043613 0 0.01168957299 0.1380291152 -0.002175963132 0 0.170662802 -0.01376693967 0.04353786004 0 4.626399458 0.8927436126 -0.443949272 1


mesh: pSphereShape6 tranform: pSphere6 -0.02182254284 -0.2289153226 -0.1346495937 0 0.0705786622 0.03556964777 -0.07190993309 0 0.07830804848 -0.0408022464 0.0566758387 0 4.625721291 0.61337121 -0.6401813767 1


mesh: pSphereShape7 tranform: pSphere7 0.0374115857 -0.2151919113 -0.1244862701 0 0.06920516398 0.04509402767 -0.0571532513 0 0.09019313299 -0.03261251404 0.08348083162 0 4.668454818 0.1846785523 -0.834071791 1


mesh: pSphereShape8 tranform: pSphere8 -0.08777414399 -0.1465006392 -0.0816965126 0 0.03616499158 -0.008472744959 -0.02366182551 0 0.0382832898 -0.06943082351 0.08337414678 0 4.661296088 -0.1342704216 -0.9782073573 1


mesh: pSphereShape10 tranform: pSphere10 0.1038955036 0.007543904506 -0.1510478671 0 -0.03210031318 0.1507236559 -0.01455189919 0 0.1780580567 0.04998736153 0.1249705256 0 4.542226216 1.319620439 -0.3139257378 1


mesh: pSphereShape11 tranform: pSphere11 0.03727171027 -0.002799039593 -0.06837296343 0 -0.004870071316 0.1710111151 -0.009655611456 0 0.08042412861 0.004754686746 0.04364643734 0 4.557655367 1.128448239 -0.3226599972 1


mesh: pSphereShape12 tranform: pSphere12 0.08844516149 -0.01054023626 -0.3036411819 0 0.0002892926215 0.1656843548 -0.005667102535 0 0.166485949 0.00136639578 0.04844690176 0 4.624120307 0.700307534 -0.2455097251 1


mesh: pSphereShape13 tranform: pSphere13 0.06852280372 -0.00105065215 -0.20809179 0 0.001965034054 0.2068627749 -0.000397378371 0 0.1858749181 -0.001648072768 0.0612153035 0 4.62189647 0.4757397958 -0.2483497617 1


mesh: pSphereShape14 tranform: pSphere14 0.07664855808 0.004859574849 -0.2078230724 0 -0.002401842228 0.2415855124 0.004763210963 0 0.1792469056 0.0004784121332 0.06612038587 0 4.63247318 0.2815503028 -0.2452584572 1


mesh: pSphereShape15 tranform: pSphere15 0.02557959879 0.0005791047209 -0.1495881032 0 -0.02511348403 0.3791896783 -0.00282644344 0 0.1849704832 0.0124866012 0.03167833335 0 4.605180605 -0.3162226596 -0.07225643055 1


mesh: pSphereShape16 tranform: pSphere16 0.02652869152 0.01229050499 -0.09585630796 0 0.303321778 0.1686158734 0.1055653439 0 0.03997453772 -0.07297799153 0.00170605163 0 4.393119419 -0.8603214989 -0.1181268181 1


mesh: pSphereShape17 tranform: pSphere17 0.04499536153 -0.007536146089 -0.1026935587 0 0.0903970119 0.03584036004 0.03697747056 0 0.08102324235 -0.2607249437 0.0546337221 0 4.055263865 -1.261207654 -0.2056958442 1


mesh: pSphereShape18 tranform: pSphere18 0.0550201249 0.01256566988 -0.1147114745 0 -0.1996170839 0.2905298527 -0.06391910399 0 0.1037461675 0.08426033455 0.0589907389 0 4.907861456 -0.2606658296 -0.3357152247 1


mesh: pSphereShape19 tranform: pSphere19 0.03610890334 0.005264586136 -0.07837288488 0 0.07104777173 0.4199413105 0.06094294386 0 0.08999737796 -0.02103857342 0.04005144438 0 5.090526904 -0.8992149979 -0.3244244314 1


mesh: pSphereShape20 tranform: pSphere20 0.03296360036 -0.0008109103039 -0.1106085157 0 0.004096813879 0.08184603838 0.0006208919736 0 0.2506514202 -0.01311379386 0.07479539257 0 5.227583241 -1.325410895 -0.2888153388 1


mesh: pSphereShape21 tranform: pSphere21 0.09134772807 0.005791513018 -0.2476780513 0 -0.08877930009 0.111439324 -0.03013745072 0 0.1888295694 0.1703445049 0.07362664749 0 4.58850075 0.1079447579 -0.2699525875 1


mesh: pSphereShape22 tranform: pSphere22 0.001358236543 -0.0004543628426 -0.009896905976 0 0.0009800863192 0.009946640451 -0.0003221405542 0 0.009858733402 -0.0009262279076 0.001395520535 0 4.459480906 1.065686899 -0.03558036951 1


mesh: pSphereShape23 tranform: pSphere23 0.004783192219 -0.0003592092851 -0.008774510863 0 -0.001133948244 0.009882722672 -0.001022718908 0 0.008708342757 0.001484170231 0.004686363745 0 4.396762631 1.019493206 -0.3782127063 1


mesh: pSphereShape24 tranform: pSphere24 0.002443084094 -0.000359665805 -0.009690303433 0 0.0008437669124 0.009963101347 -0.0001570635382 0 0.009660196556 -0.0007792637976 0.002464416854 0 4.56466983 1.043253244 -0.5862695436 1


