mesh: pSphereShape1 tranform: pSphere1 0.03179223607 0.140284373 0.02945646358 0 -0.05258389329 0.02488424629 -0.06175593125 0 -0.1145200847 0.005050855326 0.09954669156 0 3.545592645 -0.1573702609 -0.5303168636 1


mesh: pSphereShape2 tranform: pSphere2 0.02950210617 0.2548077631 0.04116025758 0 -0.1096209929 0.02625326633 -0.08395199887 0 -0.08137902489 -0.007370350734 0.1039564732 0 3.627085668 0.177040866 -0.4523873449 1


mesh: pSphereShape3 tranform: pSphere3 -0.02737020505 0.2818547152 0.07776367747 0 -0.1007058082 0.014239245 -0.08705525748 0 -0.0869750371 -0.03464174041 0.09494681216 0 3.648302566 0.6365840904 -0.3600678597 1


mesh: pSphereShape4 tranform: pSphere4 0.008705369801 0.000902246524 0.1805319569 0 -0.04963475182 0.1401580907 0.001692950792 0 -0.1622763824 -0.05756558503 0.008112770128 0 3.606576518 0.9100938372 -0.1603237533 1


mesh: pSphereShape5 tranform: pSphere5 -0.0197566024 -0.006167713247 0.1856389649 0 -0.04427404782 0.1312749158 -0.0003503505964 0 -0.1663556156 -0.05615766618 -0.01957017018 0 3.579936408 0.9218032056 0.1326935883 1


mesh: pSphereShape6 tranform: pSphere6 0.01074927612 -0.2517579579 0.08666801648 0 -0.05858969109 0.02683958759 0.08523186325 0 -0.08764282181 -0.02208776674 -0.05329156413 0 3.592669295 0.6253902688 0.2862639109 1


mesh: pSphereShape7 tranform: pSphere7 -0.09120403886 -0.2231455379 0.07135761398 0 -0.05420541138 0.0450416976 0.07157051797 0 -0.0965989465 0.01339138688 -0.08158885249 0 3.48331844 0.1826632059 0.386992042 1


mesh: pSphereShape8 tranform: pSphere8 0.0311742897 -0.1866885892 -0.004073343937 0 -0.02345698459 -0.004723696431 0.03697340362 0 -0.09551581558 -0.01458691302 -0.06246157879 0 3.400405475 -0.1515740531 0.4486514377 1


mesh: pSphereShape10 tranform: pSphere10 -0.005976834926 -0.01135598644 0.1830354155 0 -0.01304230547 0.1539688579 0.009126739491 0 -0.2222936665 -0.01833222933 -0.008396151602 0 3.52779912 1.342577487 0.004852534567 1


mesh: pSphereShape11 tranform: pSphere11 -0.003258412882 -0.004877366524 0.07770116588 0 -0.03991115809 0.1664088413 0.008771938906 0 -0.08902531421 -0.02108508918 -0.005056821662 0 3.577518328 1.159224109 -0.002320235574 1


mesh: pSphereShape12 tranform: pSphere12 -0.02734523479 -0.009163989112 0.3151188188 0 -0.04816237735 0.1586307109 0.0004337366821 0 -0.1652403901 -0.05012597051 -0.0157968703 0 3.611673359 0.7223283803 -0.05484189083 1


mesh: pSphereShape13 tranform: pSphere13 -0.02509660156 0.001900942737 0.2176355177 0 -0.07193042626 0.1937072761 -0.009986585418 0 -0.1821170116 -0.06867831741 -0.02040091882 0 3.685695846 0.5082954144 -0.04234995881 1


mesh: pSphereShape14 tranform: pSphere14 -0.03036372738 0.002198169149 0.2194590131 0 -0.07575111755 0.2291082079 -0.0127755285 0 -0.1795243692 -0.06070811711 -0.02423041195 0 3.738504256 0.3223041623 -0.03471918209 1


mesh: pSphereShape15 tranform: pSphere15 -0.019048149 0.01488421165 0.1498228291 0 -0.1305091607 0.3531576269 -0.05167724339 0 -0.1750555681 -0.06697477312 -0.01560254776 0 3.950342128 -0.2389396731 -0.1668284363 1


mesh: pSphereShape16 tranform: pSphere16 -0.01492652121 0.01245682786 0.09831218728 0 -0.2334782593 0.2687687579 -0.06950332947 0 -0.06247680018 -0.05492658359 -0.002526139364 0 4.268271278 -0.8570677539 -0.09153443883 1


mesh: pSphereShape17 tranform: pSphere17 -0.02871494173 0.004571053682 0.1085444639 0 -0.06124059425 0.08177506787 -0.01964465293 0 -0.213543974 -0.1717545254 -0.04925910933 0 4.413650648 -1.333208886 -0.05117013224 1


mesh: pSphereShape18 tranform: pSphere18 -0.02975158799 0.005167817223 0.1242254775 0 0.1932799758 0.2997319137 0.03382097252 0 -0.1182141359 0.07979875953 -0.03163154409 0 3.579709536 -0.2257853667 0.09811611607 1


mesh: pSphereShape19 tranform: pSphere19 -0.01901779212 0.001584958545 0.08431897379 0 -0.01817544887 0.4296904953 -0.01217636416 0 -0.09816904883 -0.00477733978 -0.02205181817 0 3.366936021 -0.8835335827 0.0861968156 1


mesh: pSphereShape20 tranform: pSphere20 -0.008792627258 0.005264702114 0.1149629196 0 0.01088003441 0.08117415677 -0.002885223068 0 -0.2588153315 0.03393104645 -0.02134865397 0 3.162745304 -1.280787125 0.05053619457 1


mesh: pSphereShape21 tranform: pSphere21 -0.03618668872 0.002619719962 0.2615454584 0 0.05278866808 0.1355977896 0.005945501304 0 -0.244066462 0.09653890606 -0.03473530775 0 3.839565273 0.1737017962 -0.01506549036 1


mesh: pSphereShape22 tranform: pSphere22 0.0004816409363 4.991848372e-05 0.009988269628 0 -0.003337981842 0.009425758051 0.0001138524682 0 -0.009414132952 -0.003339549866 0.0004706457926 0 3.635833897 1.098798891 -0.3047382448 1


mesh: pSphereShape23 tranform: pSphere23 -0.0004181620599 -0.0006259273169 0.009971627524 0 -0.001376111665 0.009888848315 0.000563023698 0 -0.009896032396 -0.001348663781 -0.0004996487064 0 3.770479782 1.102512899 -0.02215684779 1


mesh: pSphereShape24 tranform: pSphere24 -0.001057695354 -0.0003301965346 0.009938422953 0 -0.003195752032 0.009475575414 -2.528871168e-05 0 -0.009416392594 -0.00317874831 -0.001107749834 0 3.620768394 1.09103191 0.2608074062 1


