mesh: pSphereShape1 tranform: pSphere1 -0.04734851091 0.1378112468 -0.01800870908 0 0.03718076925 0.002815704722 -0.07620858742 0 -0.1273817165 -0.05213810127 -0.06407356271 0 4.658114094 -0.04350467908 0.3202687769 1


mesh: pSphereShape2 tranform: pSphere2 -0.06775725552 0.2449695528 -0.05376253089 0 0.08634304914 -0.0004565734763 -0.1108990694 0 -0.09846885608 -0.04402160042 -0.07648397982 0 4.540934188 0.2878826421 0.289747375 1


mesh: pSphereShape3 tranform: pSphere3 -0.1098940409 0.2630319112 -0.07054014164 0 0.08480238377 0.007725810512 -0.103304895 0 -0.09030990941 -0.05879195209 -0.0785317199 0 4.397031671 0.7307824169 0.2021132515 1


mesh: pSphereShape4 tranform: pSphere4 -0.1758941818 -0.003990974242 0.04139678646 0 -0.007849818015 0.1472485084 -0.01915782312 0 -0.03860512125 -0.02369677582 -0.1663170025 0 4.1700505 0.992076165 0.1611567563 1


mesh: pSphereShape5 tranform: pSphere5 -0.1860334471 -0.004352782829 0.0162110819 0 -0.004646098864 0.1374876079 -0.0164008849 0 -0.01472863446 -0.0213439109 -0.1747523124 0 3.877597197 1.00474637 0.1937971868 1


mesh: pSphereShape6 tranform: pSphere6 -0.09781149743 -0.2407998397 -0.05879889091 0 -0.0946255345 0.04403067856 -0.02291055311 0 0.0298695875 0.01224497515 -0.09983482753 0 3.71323624 0.7203110154 0.1430507727 1


mesh: pSphereShape7 tranform: pSphere7 -0.1039372133 -0.1731552832 -0.1497274873 0 -0.0789082597 0.06031898928 -0.01498086351 0 0.05853640484 0.05164945226 -0.1003655815 0 3.562495233 0.3482377702 -0.09343625902 1


mesh: pSphereShape8 tranform: pSphere8 -0.005568085314 -0.1835643761 -0.04598014853 0 -0.04190937302 0.00447108531 -0.01277457859 0 0.0351958178 0.02560981948 -0.106503002 0 3.458295425 0.07129810635 -0.2800866726 1


mesh: pSphereShape10 tranform: pSphere10 -0.1569591308 -0.0161351151 0.09364899172 0 -0.02478489363 0.1520195511 -0.01534840238 0 -0.1099375831 -0.03717405394 -0.1906642538 0 3.956280605 1.412374817 0.1174688518 1


mesh: pSphereShape11 tranform: pSphere11 -0.07208413257 -0.002858547218 0.02945477341 0 -0.02501679154 0.1633318457 -0.04537199816 0 -0.03212421729 -0.02750075927 -0.08128592685 0 4.006076809 1.23582663 0.161075275 1


mesh: pSphereShape12 tranform: pSphere12 -0.3129287095 -0.00783323808 0.04632357612 0 -0.005768499546 0.1653146533 -0.01101340017 0 -0.02502725396 -0.01227490972 -0.1711417649 0 4.060056902 0.8062383875 0.1451102556 1


mesh: pSphereShape13 tranform: pSphere13 -0.2174389268 -0.005548206092 0.02623360619 0 -0.007009641517 0.2062459921 -0.01448042086 0 -0.02301578043 -0.01438960384 -0.1938110622 0 4.061255581 0.5830524614 0.164383589 1


mesh: pSphereShape14 tranform: pSphere14 -0.2200431122 0.009052784583 0.02425123043 0 0.008467644759 0.2411359032 -0.01318302102 0 -0.021293957 -0.009618853371 -0.1896197051 0 4.058943298 0.3892724566 0.1649594927 1


mesh: pSphereShape15 tranform: pSphere15 -0.1324299276 -0.01568987397 0.0724388983 0 -0.009892960089 0.3746323253 0.06305741929 0 -0.09172541631 0.02489525895 -0.1622965981 0 4.207344698 -0.2230983744 0.08841521151 1


mesh: pSphereShape16 tranform: pSphere16 -0.08825415793 -0.006323296908 0.04705825419 0 -0.06380637737 0.3496066923 -0.07268674216 0 -0.03661343325 -0.02156092187 -0.07156287221 0 4.291826381 -0.9124631951 0.04262867772 1


mesh: pSphereShape17 tranform: pSphere17 -0.09769874793 0.008615777934 0.05484583919 0 0.001492499638 0.1031398354 -0.01354368139 0 -0.1375070373 -0.02956508671 -0.2403015314 0 4.275819414 -1.387203835 -0.04933958411 1


mesh: pSphereShape18 tranform: pSphere18 -0.1254222012 0.004499700941 -0.02434864902 0 0.009737753594 0.3577580928 0.01595464026 0 0.02801547982 0.005626769338 -0.1432705513 0 3.855114272 -0.2011295428 0.188557994 1


mesh: pSphereShape19 tranform: pSphere19 -0.08499526809 0.003459903411 -0.01541788972 0 0.04018142703 0.4081931438 -0.129908979 0 0.01582605908 -0.0315794131 -0.09433209597 0 3.796581203 -0.9114521178 0.258978649 1


mesh: pSphereShape20 tranform: pSphere20 -0.1103846557 -0.008843027549 -0.03253504144 0 -0.005154561749 0.08165315118 -0.004704974531 0 0.07471045995 -0.00973694157 -0.250830612 0 3.84586421 -1.325423361 0.1750830005 1


mesh: pSphereShape21 tranform: pSphere21 -0.2622415723 0.01078886968 0.02890197622 0 0.01432898424 0.1161700292 0.08664847104 0 -0.01668013299 0.1592962382 -0.2108108667 0 4.054343967 0.2187233354 0.2247432976 1


mesh: pSphereShape22 tranform: pSphere22 -0.009731676005 -0.0002208081465 0.00229035497 0 -0.0005279073438 0.00990259504 -0.00128838089 0 -0.002239597277 -0.00137472006 -0.009648541278 0 4.321154135 1.173430622 0.2011491197 1


mesh: pSphereShape23 tranform: pSphere23 -0.009250776514 -0.0003668460801 0.003780020878 0 -0.001113130636 0.009778016291 -0.001775200723 0 -0.00363098803 -0.00206296422 -0.009086259107 0 4.104077004 1.192436918 0.3324143245 1


mesh: pSphereShape24 tranform: pSphere24 -0.009959542066 -0.0002330318788 0.0008678813122 0 -0.0003353607953 0.00992401472 -0.001183834861 0 -0.0008336995656 -0.001208150647 -0.009891679183 0 3.764598228 1.160733245 0.2918690164 1


