mesh: pSphereShape1 tranform: pSphere1 -0.1228861287 0.07917348599 0.01373656848 0 0.03599008152 0.04506458306 0.062225268 0 0.05249907382 0.09921979625 -0.1022212503 0 -2.892691846 0.1898540331 0.5126436011 1


mesh: pSphereShape2 tranform: pSphere2 -0.1895269777 0.1768683694 0.01698946305 0 0.09353277283 0.09620943461 0.0418246253 0 0.02086931709 0.03446033969 -0.1259395597 0 -3.18402945 0.3882073071 0.5329730095 1


mesh: pSphereShape3 tranform: pSphere3 -0.07833496278 0.2755410125 -0.06464659455 0 0.1162630789 0.04458923894 0.0491704181 0 0.05572745176 -0.01242767687 -0.1204973376 0 -3.42150437 0.7636187973 0.507706523 1


mesh: pSphereShape4 tranform: pSphere4 -0.07034659262 0.02011580811 -0.1652727932 0 0.03404709148 0.1447128746 0.003121624148 0 0.1538000758 -0.03468189123 -0.06968458223 0 -3.518219084 1.050839325 0.3280240556 1


mesh: pSphereShape5 tranform: pSphere5 -0.05831350577 0.01974338665 -0.1763517027 0 0.03183130847 0.13475675 0.004561109508 0 0.1628537818 -0.03650719064 -0.05793735115 0 -3.608201967 1.101045634 0.05092032 1


mesh: pSphereShape6 tranform: pSphere6 -0.05777767585 -0.2089671636 -0.1549303911 0 0.05333452141 0.04517562443 -0.08082188849 0 0.08802703148 -0.04765698274 0.03145120324 0 -3.690978798 0.8523981985 -0.1667625162 1


mesh: pSphereShape7 tranform: pSphere7 0.04094803323 -0.1987587546 -0.148398898 0 0.05364122062 0.0576255767 -0.06237974469 0 0.10548801 -0.02722016798 0.06556499646 0 -3.668350679 0.4533640894 -0.4106145526 1


mesh: pSphereShape8 tranform: pSphere8 -0.0812286811 -0.1649879414 -0.04496596913 0 0.02323044558 -0.00124545419 -0.03739480246 0 0.08436502549 -0.05633053061 0.0542854647 0 -3.664089786 0.1436185358 -0.5726263119 1


mesh: pSphereShape10 tranform: pSphere10 -0.02822169651 -0.003405487797 -0.1812693654 0 -0.01426293107 0.1541295606 -0.000675029812 0 0.2195891597 0.02016908085 -0.03456659193 0 -3.557164784 1.505425807 0.189664897 1


mesh: pSphereShape11 tranform: pSphere11 -0.01617742336 -0.001585113758 -0.07620797547 0 0.01413879399 0.170642704 -0.006550723215 0 0.08931198135 -0.008121373998 -0.01879021747 0 -3.57338625 1.315810157 0.1924245884 1


mesh: pSphereShape12 tranform: pSphere12 -0.08906059898 0.0326538002 -0.3018833377 0 0.02642917996 0.1633631497 0.009873446723 0 0.164075318 -0.02346546218 -0.05094313163 0 -3.539324781 0.8786063404 0.1999959869 1


mesh: pSphereShape13 tranform: pSphere13 -0.05682174665 0.02870950908 -0.2096323562 0 0.047674866 0.2007758184 0.0145741148 0 0.1835460699 -0.03957877539 -0.05517132807 0 -3.587821709 0.6579316605 0.1791387287 1


mesh: pSphereShape14 tranform: pSphere14 -0.05167267014 0.02935368598 -0.2134416609 0 0.05092330751 0.2353661065 0.02004069632 0 0.1813702058 -0.03509129029 -0.04873435434 0 -3.619252038 0.4671881948 0.162125514 1


mesh: pSphereShape15 tranform: pSphere15 -0.02642170463 0.03101864233 -0.1461881979 0 0.02834476305 0.3717268264 0.07375112815 0 0.1846740733 -0.007158197923 -0.03489639706 0 -3.626428037 -0.133867002 0.2582046572 1


mesh: pSphereShape16 tranform: pSphere16 -0.01551674766 0.02427866983 -0.09598456384 0 0.1672469882 0.3174451261 0.05325873128 0 0.07271943723 -0.03486078415 -0.02057354377 0 -3.766662258 -0.8086852865 0.1652618065 1


mesh: pSphereShape17 tranform: pSphere17 0.001104994727 0.009997585682 -0.1119203749 0 0.04618215492 0.09281265203 0.008746695849 0 0.2494849141 -0.123333748 -0.008553940241 0 -3.798541111 -1.31184815 0.1068740805 1


mesh: pSphereShape18 tranform: pSphere18 -0.01589459969 0.006724142136 -0.1266727287 0 -0.1801534492 0.3071983143 0.03891218053 0 0.1249630128 0.07476677626 -0.01171123926 0 -3.491101132 -0.07620128056 -0.05853457718 1


mesh: pSphereShape19 tranform: pSphere19 -0.01185555892 0.003946176594 -0.0855438558 0 -0.04407378652 0.4272044034 0.02581533612 0 0.0992420546 0.01103895741 -0.01324476598 0 -3.252049328 -0.7406080286 -0.1409270159 1


mesh: pSphereShape20 tranform: pSphere20 -0.02545885804 -0.008792457039 -0.1122320788 0 -0.01575061795 0.08037687093 -0.002723975544 0 0.250442324 0.04702640277 -0.0604947647 0 -2.987853852 -1.11755555 -0.1867834466 1


mesh: pSphereShape21 tranform: pSphere21 -0.06158212418 0.03498294804 -0.2543741368 0 -0.06516815777 0.125961412 0.03309965086 0 0.2285742723 0.128165876 -0.03771007995 0 -3.704494535 0.3078618303 0.1565500038 1


mesh: pSphereShape22 tranform: pSphere22 -0.003892057375 0.001112944869 -0.009144027729 0 0.00228969762 0.00973207138 0.0002099320403 0 0.008922397335 -0.002011999099 -0.004042608741 0 -3.511746814 1.216634613 0.5006252411 1


mesh: pSphereShape23 tranform: pSphere23 -0.002076098064 -0.0002034224815 -0.009780001847 0 -0.000123888261 0.009997582472 -0.0001816491331 0 0.009781332656 8.345060076e-05 -0.002078116328 0 -3.745632908 1.231051922 0.2555982019 1


mesh: pSphereShape24 tranform: pSphere24 -0.003121889224 0.001056987832 -0.009441217315 0 0.002297620699 0.009726898234 0.0003292261651 0 0.009218174808 -0.002066452871 -0.00327948559 0 -3.709201027 1.278417743 -0.02019283372 1


