mesh: pSphereShape1 tranform: pSphere1 -0.05953639743 0.1339490397 -0.008438422569 0 0.07749271962 0.03451859823 0.001196400234 0 0.00550320743 -0.007101592315 -0.1515558868 0 3.89855269 -0.05214659637 1.129930557 1


mesh: pSphereShape2 tranform: pSphere2 -0.08003694706 0.2462045429 -0.02165519231 0 0.1335935433 0.04257651747 -0.009692240424 0 -0.00530259063 -0.01328564206 -0.1314503341 0 3.745809529 0.2653571023 1.11055234 1


mesh: pSphereShape3 tranform: pSphere3 -0.06979925407 0.2727076519 -0.08364806561 0 0.1297991786 0.03275498636 -0.001522455147 0 0.007884478917 -0.03718456793 -0.1278074618 0 3.609021642 0.7095353144 1.040296058 1


mesh: pSphereShape4 tranform: pSphere4 -0.1450875396 0.01479110144 -0.1067671024 0 0.02308301946 0.1464761733 -0.01107564536 0 0.09925225169 -0.02611306624 -0.1384930908 0 3.454555455 0.9930515641 0.8812814631 1


mesh: pSphereShape5 tranform: pSphere5 -0.1355045402 0.01508480351 -0.1276759869 0 0.02184327666 0.1366262139 -0.007040349487 0 0.1183630596 -0.02555223038 -0.1286395566 0 3.239308159 1.036165743 0.6843666504 1


mesh: pSphereShape6 tranform: pSphere6 -0.07861369278 -0.2409995091 -0.0821467304 0 -0.03639408796 0.04284544856 -0.09086981774 0 0.09366869282 -0.01530716001 -0.04473244124 0 3.108222433 0.7568822676 0.5535916151 1


mesh: pSphereShape7 tranform: pSphere7 -0.02936275124 -0.208733842 -0.137011054 0 -0.02671273151 0.05573177744 -0.07918155812 0 0.1216693863 0.006721752465 -0.03631535554 0 3.065088575 0.3361424427 0.3470941792 1


mesh: pSphereShape8 tranform: pSphere8 -0.04752201478 -0.1830122451 0.009446378487 0 -0.01071226788 0.0005768762466 -0.04271405553 0 0.1077971412 -0.02940714098 -0.02743162923 0 3.029152587 0.0142696433 0.2145902196 1


mesh: pSphereShape10 tranform: pSphere10 -0.1636379912 0.01311783452 -0.08195837087 0 0.01410208735 0.1541063078 -0.003490750228 0 0.0989011063 -0.01357244274 -0.199638173 0 3.406058866 1.438645011 0.7585271167 1


mesh: pSphereShape11 tranform: pSphere11 -0.06465986511 0.009696202964 -0.042390596 0 0.03835097593 0.1657317903 -0.0205894688 0 0.04684145632 -0.02029229241 -0.07609047141 0 3.377823254 1.255223865 0.7931221105 1


mesh: pSphereShape12 tranform: pSphere12 -0.2268681425 0.02518710259 -0.2191530659 0 0.01936142938 0.1646432028 -0.001120706561 0 0.1191712625 -0.01486546891 -0.1250750517 0 3.381525565 0.8187837652 0.778171744 1


mesh: pSphereShape13 tranform: pSphere13 -0.157557014 0.02203335628 -0.1506286497 0 0.02932297389 0.2047825093 -0.0007169567096 0 0.1331242765 -0.01955970471 -0.1421086192 0 3.344394734 0.5972959008 0.7757007278 1


mesh: pSphereShape14 tranform: pSphere14 -0.1586186601 0.01577166196 -0.1538844426 0 0.02776712074 0.2400100456 -0.004022669025 0 0.1315722532 -0.01752494332 -0.1374161782 0 3.327951899 0.4033729007 0.7700272372 1


mesh: pSphereShape15 tranform: pSphere15 -0.09869298363 0.01596269722 -0.1141759131 0 0.04723254492 0.376897571 0.01186573411 0 0.140950492 -0.01376747668 -0.1237615735 0 3.404918634 -0.1923996223 0.9013223468 1


mesh: pSphereShape16 tranform: pSphere16 -0.06430312861 0.01267932834 -0.07581294115 0 0.1246152463 0.3370723466 -0.04932270397 0 0.05707377796 -0.02889065182 -0.05324073283 0 3.292550777 -0.886938616 0.9412598644 1


mesh: pSphereShape17 tranform: pSphere17 -0.06277586869 0.00605946462 -0.09300438835 0 0.0135222052 0.1031253339 -0.002408315027 0 0.228083969 -0.03355360647 -0.1561376451 0 3.318496765 -1.352684241 0.8954555796 1


mesh: pSphereShape18 tranform: pSphere18 -0.09463784711 0.00119331838 -0.08594234386 0 -0.0915614745 0.3299184763 0.1054064644 0 0.09084590192 0.05692096987 -0.09924718542 0 3.28230586 -0.1845446288 0.5574019626 1


mesh: pSphereShape19 tranform: pSphere19 -0.06475921098 0.0008177547009 -0.05726651485 0 -0.008801708252 0.4298559337 0.01609157454 0 0.06669880087 0.004187026232 -0.07536581839 0 3.382075329 -0.8781568651 0.4096515124 1


mesh: pSphereShape20 tranform: pSphere20 -0.09841485513 -0.004843562664 -0.06010454611 0 -0.006476755453 0.08159508102 0.004029613021 0 0.1352532034 0.02175961447 -0.2232163679 0 3.533225498 -1.279610299 0.2207771844 1


mesh: pSphereShape21 tranform: pSphere21 -0.1890375317 0.01879625037 -0.1833954163 0 -0.05151613731 0.1195164409 0.06535029407 0 0.1593660561 0.1501015233 -0.1488849646 0 3.270440393 0.2358371423 0.8061721719 1


mesh: pSphereShape22 tranform: pSphere22 -0.00802724066 0.0008183454707 -0.005907090492 0 0.001552353885 0.009850654808 -0.0007448471432 0 0.005757916707 -0.001514896215 -0.008034393857 0 3.538238849 1.160161213 1.030923007 1


mesh: pSphereShape23 tranform: pSphere23 -0.008297997635 0.00124434329 -0.005440114432 0 0.001731893044 0.009841132742 -0.0003907081222 0 0.005305071323 -0.001266379142 -0.00838167657 0 3.28676238 1.19286743 0.9624247026 1


mesh: pSphereShape24 tranform: pSphere24 -0.007254411447 0.0008075845364 -0.006835299684 0 0.001576672999 0.009861838305 -0.0005081805773 0 0.006699822148 -0.001446358345 -0.007281512942 0 3.105993093 1.205992829 0.6741387586 1


