mesh: pSphereShape1 tranform: pSphere1 -0.04179955539 0.1355812438 -0.03779759686 0 0.07142249772 0.03132991862 0.03339685031 0 0.06961815169 -0.01588814579 -0.1339805378 0 1.826916196 -0.05114249955 1.91482667 1


mesh: pSphereShape2 tranform: pSphere2 -0.04932481522 0.2480680117 -0.05933684688 0 0.1229776824 0.03796089386 0.05647472317 0 0.05889006043 -0.0163375853 -0.1172555337 0 1.71603212 0.2704536281 1.821124752 1


mesh: pSphereShape3 tranform: pSphere3 -0.02069734231 0.272626842 -0.1071663342 0 0.1148709147 0.03253220228 0.06057526341 0 0.06783476172 -0.03749941526 -0.108498126 0 1.63883457 0.7170758391 1.691761748 1


mesh: pSphereShape4 tranform: pSphere4 -0.06419942734 0.006646250651 -0.1688272664 0 0.02357674342 0.1467812817 -0.003187093226 0 0.1588002378 -0.02684141646 -0.06144315035 0 1.589600726 0.993843276 1.472867268 1


mesh: pSphereShape5 tranform: pSphere5 -0.04666733059 0.006104484982 -0.1807625095 0 0.0186669544 0.1372768327 -0.0001832933634 0 0.1693991079 -0.02309438818 -0.04451356388 0 1.512305736 1.023398193 1.189430225 1


mesh: pSphereShape6 tranform: pSphere6 0.01321577244 -0.2464107821 -0.1005784828 0 0.02027671819 0.04057703743 -0.09674680671 0 0.1028863901 -0.002803582336 0.02038762147 0 1.507047959 0.7362034058 1.022155317 1


mesh: pSphereShape7 tranform: pSphere7 0.09373188606 -0.2019711014 -0.1167305642 0 0.01837869921 0.05566908448 -0.08156283857 0 0.1156668155 0.02769203008 0.04496405027 0 1.653924377 0.3243907309 0.8522883212 1


mesh: pSphereShape8 tranform: pSphere8 -0.009470439238 -0.1889128714 -0.007955853911 0 0.01526151761 0.0009742359049 -0.04130027789 0 0.1077717388 -0.007072867597 0.03965759387 0 1.758668478 0.009764133856 0.7406657513 1


mesh: pSphereShape10 tranform: pSphere10 -0.05705267467 0.001075658249 -0.1743860074 0 0.005589019505 0.1546861553 -0.0008743767625 0 0.2119887175 -0.008051753629 -0.06940456088 0 1.598745218 1.435713196 1.327590235 1


mesh: pSphereShape11 tranform: pSphere11 -0.02234608892 0.001941425857 -0.07462412688 0 0.03191483345 0.1682746897 -0.005179006962 0 0.08610435605 -0.017137752 -0.02622968407 0 1.559591738 1.250446608 1.338302003 1


mesh: pSphereShape12 tranform: pSphere12 -0.07911520033 0.01013057273 -0.3062184957 0 0.01667948922 0.164936302 0.001147213763 0 0.1669812332 -0.01658239977 -0.04369018563 0 1.58430393 0.8136116034 1.354074496 1


mesh: pSphereShape13 tranform: pSphere13 -0.05444275306 0.01815046104 -0.2114360872 0 0.02405390878 0.2051518475 0.01141734901 0 0.1881931111 -0.01927657961 -0.05011268427 0 1.555016851 0.5920576041 1.340225056 1


mesh: pSphereShape14 tranform: pSphere14 -0.05106321418 0.01448509938 -0.2151087548 0 0.02350394635 0.2402649144 0.01059963421 0 0.1849794758 -0.01611058237 -0.04499589051 0 1.545749244 0.3982067501 1.328890714 1


mesh: pSphereShape15 tranform: pSphere15 -0.01859259721 0.01418928943 -0.1499474283 0 0.06122380092 0.3740349319 0.02780294724 0 0.1841860379 -0.02825211047 -0.02551143579 0 1.50641181 -0.1953573051 1.492712631 1


mesh: pSphereShape16 tranform: pSphere16 -0.01120499506 0.01136902295 -0.09893661186 0 0.1546731841 0.3274920325 0.02011542675 0 0.07470384226 -0.03451901687 -0.012427186 0 1.339976464 -0.8803036956 1.479159567 1


mesh: pSphereShape17 tranform: pSphere17 0.01652353351 -0.005248700508 -0.1110259746 0 0.01262324284 0.1032236945 -0.003001186733 0 0.2733302897 -0.03219863622 0.04220078424 0 1.357358325 -1.334137226 1.501592919 1


mesh: pSphereShape18 tranform: pSphere18 -0.03305403094 0.001243093776 -0.1234897499 0 -0.1521138395 0.3213564216 0.04395062528 0 0.1267606773 0.06455361319 -0.03327972693 0 1.640512447 -0.182895706 1.123629652 1


mesh: pSphereShape19 tranform: pSphere19 -0.02345325275 0.0008972763109 -0.08320467344 0 -0.04688421506 0.4273133777 0.01782358437 0 0.09632782765 0.01169623654 -0.02702619985 0 1.847867102 -0.864620229 1.041088905 1


mesh: pSphereShape20 tranform: pSphere20 -0.04519930518 0.003540731064 -0.1061413506 0 -0.01172371799 0.08074295384 0.007685911169 0 0.238053305 0.04407457854 -0.09990251389 0 2.107813074 -1.247005648 0.9645303882 1


mesh: pSphereShape21 tranform: pSphere21 -0.06085579064 0.01726295905 -0.2563609353 0 -0.0796080856 0.1189424954 0.02690703406 0 0.2131345266 0.1517839946 -0.04037366002 0 1.479268957 0.2300919261 1.329084103 1


mesh: pSphereShape22 tranform: pSphere22 -0.003551953909 0.0003677163015 -0.009340685636 0 0.001585557266 0.009871173624 -0.0002143348949 0 0.009212471524 -0.001557149965 -0.0035644989 0 1.576701979 1.168100012 1.63654179 1


mesh: pSphereShape23 tranform: pSphere23 -0.002867741724 0.0002491490995 -0.009576741728 0 0.0009425623293 0.009955452567 -2.324728836e-05 0 0.009533500598 -0.000909334321 -0.002878450526 0 1.384855436 1.183041518 1.414246417 1


mesh: pSphereShape24 tranform: pSphere24 -0.002498396119 0.0003268115273 -0.009677355582 0 0.001347402381 0.009908800724 -1.323032718e-05 0 0.009588666417 -0.001307234655 -0.00251964559 0 1.400717912 1.18678963 1.102423606 1


