mesh: pSphereShape1 tranform: pSphere1 0.03215205937 0.1419216215 -0.01956101396 0 -0.0798375435 0.02081212352 0.01977141257 0 0.03916014594 0.01128591833 0.1462498402 0 4.205604298 -0.142760307 -0.3251036495 1


mesh: pSphereShape2 tranform: pSphere2 0.03447100633 0.2569078883 -0.01736732152 0 -0.126770264 0.0208622769 0.05699122513 0 0.05433359198 0.0008586689906 0.1205443469 0 4.291959741 0.1958504269 -0.3742918837 1


mesh: pSphereShape3 tranform: pSphere3 0.051782819 0.2876977407 0.02805258911 0 -0.1235335767 0.01750181068 0.04854045546 0 0.04569847992 -0.02027838545 0.1236124606 0 4.366615438 0.6616951807 -0.3869018281 1


mesh: pSphereShape4 tranform: pSphere4 0.1673757955 0.01965677302 0.06532487544 0 -0.02020181629 0.1471277054 0.007489324073 0 -0.06069859508 -0.01650383831 0.1604884475 0 4.52433852 0.9599322615 -0.3035253398 1


mesh: pSphereShape5 tranform: pSphere5 0.1612490284 0.02105314927 0.09190051723 0 -0.02032504841 0.1369743108 0.004283476416 0 -0.08532173529 -0.01746729264 0.1537073878 0 4.779815661 1.012205918 -0.1666852705 1


mesh: pSphereShape6 tranform: pSphere6 0.1354201275 -0.2004317868 0.1117919912 0 0.03821864144 0.06704356248 0.07390589999 0 -0.08220415859 -0.02113621902 0.06168355548 0 4.975160924 0.7743916891 -0.01970940962 1


mesh: pSphereShape7 tranform: pSphere7 0.07040891963 -0.1600456002 0.1806433137 0 0.02461801256 0.07745383572 0.0590269174 0 -0.1180177325 0.001465536101 0.04729792359 0 5.111163686 0.4285456109 0.2642001113 1


mesh: pSphereShape8 tranform: pSphere8 0.0559058565 -0.178738906 0.02771274974 0 0.02115272928 0.01229386887 0.03661965103 0 -0.09502317096 -0.02016160077 0.06165715463 0 5.203344275 0.1590191796 0.4673770429 1


mesh: pSphereShape10 tranform: pSphere10 0.153258284 0.02727726302 0.09713132152 0 -0.01768114799 0.1530353601 -0.01507858995 0 -0.1200520584 0.004664490677 0.1881137581 0 4.583309203 1.412188976 -0.250539146 1


mesh: pSphereShape11 tranform: pSphere11 0.06650541942 0.009702123428 0.03943063689 0 -0.02961311301 0.1685617149 0.008471228578 0 -0.04504678654 -0.01187910384 0.07890077893 0 4.627392244 1.226732176 -0.2588954026 1


mesh: pSphereShape12 tranform: pSphere12 0.2805293443 0.03476726988 0.1422186151 0 -0.01925490848 0.1646438783 -0.002268699513 0 -0.07765735514 -0.006947787175 0.1548793207 0 4.624048086 0.7910676729 -0.2124299496 1


mesh: pSphereShape13 tranform: pSphere13 0.195465702 0.01937025555 0.09703929159 0 -0.02305635273 0.2055121913 0.00541948008 0 -0.08565887604 -0.01423501747 0.175383682 0 4.658833776 0.5682308202 -0.2124267361 1


mesh: pSphereShape14 tranform: pSphere14 0.1990188727 0.01643073695 0.09597169135 0 -0.01926927757 0.2408714927 -0.00127898378 0 -0.08256766724 -0.005690927591 0.1721969255 0 4.672262021 0.3756702677 -0.2035954709 1


mesh: pSphereShape15 tranform: pSphere15 0.1362625563 0.02622299072 0.06145016164 0 -0.03660942595 0.3703702493 -0.07687077664 0 -0.08079355178 0.02682222779 0.167709516 0 4.545677011 -0.2197541915 -0.1892583481 1


mesh: pSphereShape16 tranform: pSphere16 0.08868649776 0.02172129499 0.04130557132 0 -0.1111359612 0.3400801623 0.05978074061 0 -0.02918745065 -0.02264784814 0.07457767243 0 4.634571395 -0.9064173095 -0.1498773601 1


mesh: pSphereShape17 tranform: pSphere17 0.08889250826 0.000157620433 0.06874183723 0 -0.00136910167 0.1040156875 0.001531932926 0 -0.1702913382 -0.005484865154 0.2202223468 0 4.625746742 -1.356498029 -0.0641760231 1


mesh: pSphereShape18 tranform: pSphere18 0.1167200475 0.05074320722 0.01205777798 0 -0.08666256774 0.2553787321 -0.2358209699 0 -0.04799312491 0.08446725867 0.1091096728 0 4.936524816 -0.1151394055 0.1114522206 1


mesh: pSphereShape19 tranform: pSphere19 0.08093298526 0.02967891438 0.006549182439 0 -0.1485718379 0.3689423014 0.1640747383 0 0.006643716337 -0.03859584713 0.09280349899 0 5.161191174 -0.6697184414 0.2579016957 1


mesh: pSphereShape20 tranform: pSphere20 0.08395992186 0.045466756 -0.06484601678 0 -0.008179642612 0.07136508815 0.03944693941 0 0.1777987742 -0.07701833782 0.1762050745 0 5.41415613 -1.108604199 0.2674505519 1


mesh: pSphereShape21 tranform: pSphere21 0.2371854385 0.01958171854 0.1143765282 0 0.03147630548 0.11412667 -0.08481213585 0 -0.1013059942 0.1632852727 0.1821256575 0 4.711538276 0.204416267 -0.246159575 1


mesh: pSphereShape22 tranform: pSphere22 0.009260380282 0.001087547891 0.003614221439 0 -0.001358590372 0.00989447093 0.000503663801 0 -0.003521305046 -0.0009574364782 0.009310409559 0 4.404607535 1.118524071 -0.4370703361 1


mesh: pSphereShape23 tranform: pSphere23 0.008534843247 0.001245103081 0.005060253854 0 -0.001243353326 0.009916475466 -0.0003429093621 0 -0.005060684071 -0.0003365005804 0.008618366672 0 4.709330444 1.146789743 -0.4254460376 1


mesh: pSphereShape24 tranform: pSphere24 0.008632676042 0.001127107674 0.00492001348 0 -0.001467085527 0.009886964342 0.0003091862871 0 -0.00482955116 -0.0009887185621 0.008700452356 0 4.911018692 1.181283235 -0.1969735684 1


