mesh: pSphereShape1 tranform: pSphere1 -0.06850071286 0.1296990331 0.006629327925 0 0.0750361255 0.03947151689 0.003108989644 0 0.001725326075 0.008658202293 -0.1515650471 0 4.028324438 -0.0499970282 0.9656851758 1


mesh: pSphereShape2 tranform: pSphere2 -0.09431535409 0.2420661269 -0.0003760094175 0 0.1299429244 0.05060192368 -0.01755607839 0 -0.01532072819 -0.006173143011 -0.1311906387 0 3.857084481 0.2583113368 0.9792830095 1


mesh: pSphereShape3 tranform: pSphere3 -0.08574208618 0.273153465 -0.06537489832 0 0.128042994 0.03793359316 -0.009437582728 0 -0.0003323893477 -0.03113489638 -0.1296538165 0 3.696166281 0.69765115 0.9434242427 1


mesh: pSphereShape4 tranform: pSphere4 -0.14862501 0.01071366954 -0.1022947149 0 0.01872317303 0.1470404571 -0.01180304293 0 0.09566052398 -0.02353516418 -0.1414510449 0 3.524851337 0.9782574847 0.8021506502 1


mesh: pSphereShape5 tranform: pSphere5 -0.140465365 0.01091885433 -0.1226395091 0 0.01703467567 0.1372958034 -0.007286958858 0 0.1144078147 -0.02125009636 -0.1329291211 0 3.301420121 1.015067964 0.6128925841 1


mesh: pSphereShape6 tranform: pSphere6 -0.0696532687 -0.2476235226 -0.06956992583 0 -0.04157522395 0.03728831388 -0.09109702672 0 0.09268376558 -0.01272350194 -0.04750743686 0 3.178703026 0.7274865755 0.4960045289 1


mesh: pSphereShape7 tranform: pSphere7 -0.02753650364 -0.2165788732 -0.1246569273 0 -0.0320021837 0.05051932794 -0.08070302306 0 0.1197178092 0.008897281723 -0.04190359296 0 3.145456388 0.2956196816 0.310621377 1


mesh: pSphereShape8 tranform: pSphere8 -0.04287296568 -0.1829926557 0.02273003671 0 -0.007189844769 -0.003692995373 -0.04329253893 0 0.1104799144 -0.02786788868 -0.01597082241 0 3.121204499 -0.03550390846 0.201241856 1


mesh: pSphereShape10 tranform: pSphere10 -0.1662873905 0.008430375873 -0.07709783938 0 0.01020039923 0.1543681826 -0.005120973176 0 0.09319370339 -0.01287282713 -0.2024111265 0 3.459327848 1.421891892 0.6808087615 1


mesh: pSphereShape11 tranform: pSphere11 -0.06630988736 0.007612957266 -0.04021092958 0 0.03133588987 0.1672709752 -0.02000581806 0 0.04511205534 -0.017750437 -0.07775270702 0 3.435612539 1.238518175 0.7190463025 1


mesh: pSphereShape12 tranform: pSphere12 -0.2334090375 0.01820436777 -0.2128859618 0 0.01558708246 0.1650202311 -0.002978481695 0 0.115940045 -0.01326602145 -0.1282515465 0 3.452955057 0.8014974673 0.7025112266 1


mesh: pSphereShape13 tranform: pSphere13 -0.1629564157 0.01890920136 -0.1452112952 0 0.02251846668 0.2056377222 0.001507571983 0 0.1290615494 -0.01305868491 -0.1465336204 0 3.421712858 0.5802735328 0.7003625013 1


mesh: pSphereShape14 tranform: pSphere14 -0.1639425784 0.01055560737 -0.1486622227 0 0.01714595443 0.241028657 -0.001794323444 0 0.1277987251 -0.01014570644 -0.1416549963 0 3.412757918 0.3861570544 0.692534042 1


mesh: pSphereShape15 tranform: pSphere15 -0.09804560509 0.01752960295 -0.1145033807 0 0.07502652831 0.372481406 -0.007218740697 0 0.138673623 -0.03032333443 -0.1233840887 0 3.471735457 -0.2038655908 0.8452318615 1


mesh: pSphereShape16 tranform: pSphere16 -0.06371031518 0.01364198473 -0.07614559577 0 0.149261992 0.3237704582 -0.06688051824 0 0.05435447404 -0.0357763232 -0.05188744913 0 3.308279729 -0.885085061 0.9205928818 1


mesh: pSphereShape17 tranform: pSphere17 -0.06297421966 0.009511878986 -0.09258031578 0 0.01871665665 0.1023144464 -0.00221930778 0 0.2250991848 -0.04459861802 -0.1576972604 0 3.301145409 -1.343840717 0.8934781799 1


mesh: pSphereShape18 tranform: pSphere18 -0.1097765496 -0.004975440346 -0.06533136099 0 -0.07410718067 0.3362502314 0.09891478658 0 0.06850357943 0.05008066767 -0.1189208344 0 3.347349804 -0.2167545263 0.4999750097 1


mesh: pSphereShape19 tranform: pSphere19 -0.07484904039 -0.001939507724 -0.04321732656 0 -0.05136445194 0.4213875611 0.07004819015 0 0.048949674 0.02021009556 -0.08568400819 0 3.456646305 -0.9124374597 0.3205181085 1


mesh: pSphereShape20 tranform: pSphere20 -0.1070426035 -0.01064408339 -0.04183401496 0 -0.01229307304 0.08026910995 0.0110314882 0 0.08972801052 0.04693592958 -0.2415333505 0 3.611816777 -1.28126915 0.05956542833 1


mesh: pSphereShape21 tranform: pSphere21 -0.1953824371 0.01257989421 -0.1771717125 0 -0.05458016989 0.1163781365 0.06845354195 0 0.1478885047 0.1586608616 -0.1518237829 0 3.363770004 0.2158516189 0.7282902009 1


mesh: pSphereShape22 tranform: pSphere22 -0.008222957852 0.0005927538919 -0.00565964725 0 0.001259150279 0.009888603402 -0.0007937652862 0 0.005549549958 -0.00136534449 -0.008205993522 0 3.608459853 1.147743806 0.9491375189 1


mesh: pSphereShape23 tranform: pSphere23 -0.008509750021 0.0009769940176 -0.005160391194 0 0.00134272869 0.009903636278 -0.0003392169384 0 0.005077522452 -0.0009815656657 -0.008558930692 0 3.352474092 1.171095314 0.8904695555 1


mesh: pSphereShape24 tranform: pSphere24 -0.007519995642 0.0005845550395 -0.006565665309 0 0.001229582612 0.009910170052 -0.0005259811272 0 0.00647593948 -0.001202840369 -0.007524319431 0 3.162267921 1.180394794 0.6081533534 1


