mesh: pSphereShape1 tranform: pSphere1 0.09768444944 0.1059261272 -0.02820529638 0 0.05040937678 -0.03019123953 0.0612002482 0 0.06863058875 -0.09019021806 -0.1010221341 0 2.267018436 0.01651170745 0.2651582005 1


mesh: pSphereShape2 tranform: pSphere2 0.1691375033 0.1938785482 -0.03598820302 0 0.06285462647 -0.03228140627 0.1214954358 0 0.08109437719 -0.08260754788 -0.06390235609 0 2.477223736 0.2864131008 0.1813472822 1


mesh: pSphereShape3 tranform: pSphere3 0.187238813 0.211850433 -0.07936887976 0 0.06598357293 -0.01504200897 0.1155116437 0 0.07894743106 -0.09111643632 -0.05696229068 0 2.766916116 0.6498021972 0.08319454417 1


mesh: pSphereShape4 tranform: pSphere4 0.02838733629 0.007086561753 -0.1783600986 0 0.01835893576 0.1472980817 0.008774374134 0 0.1689004203 -0.02259923519 0.02598385059 0 2.957874546 0.8808166719 -0.1118839554 1


mesh: pSphereShape5 tranform: pSphere5 0.05245824198 0.008030891175 -0.179091672 0 0.01758724824 0.1369546521 0.01129289826 0 0.1680661085 -0.02554727443 0.04808311361 0 3.036461156 0.9120780897 -0.3941096104 1


mesh: pSphereShape6 tranform: pSphere6 0.1311267152 -0.2235737951 -0.06188298712 0 0.03114355006 0.04382509944 -0.09234189637 0 0.08607053314 0.03751742914 0.04683407197 0 3.181544249 0.6513967345 -0.5271664041 1


mesh: pSphereShape7 tranform: pSphere7 0.2495173189 -0.01935925441 -0.02388187003 0 -0.003010827912 0.06026014061 -0.08030548273 0 0.01507429154 0.1012555199 0.07541559509 0 3.559470134 0.4546128114 -0.5630914483 1


mesh: pSphereShape8 tranform: pSphere8 0.1614863897 -0.0826272523 0.05418432354 0 0.01911027466 0.01269751499 -0.0375918412 0 0.03336830661 0.09805895906 0.0500848734 0 3.903203072 0.3979932147 -0.5539084394 1


mesh: pSphereShape10 tranform: pSphere10 0.01913738119 0.004080487549 -0.1824383583 0 -0.0005985993345 0.1547510926 0.003398431605 0 0.2219872106 0.0003471331831 0.02329373264 0 3.021978396 1.32529871 -0.2350769551 1


mesh: pSphereShape11 tranform: pSphere11 0.008831023505 0.003372386085 -0.07734673344 0 0.02754520405 0.1687976989 0.01050468868 0 0.08983803682 -0.01525712681 0.009591987402 0 2.990090955 1.138482586 -0.2436406091 1


mesh: pSphereShape12 tranform: pSphere12 0.03570590222 0.01056767686 -0.3142372086 0 0.008455529528 0.1654371235 0.006524365406 0 0.1720625092 -0.009552520201 0.01922973797 0 3.019406584 0.7026347238 -0.2241849316 1


mesh: pSphereShape13 tranform: pSphere13 0.01838002559 -0.004963715283 -0.2182572055 0 0.01720168778 0.2061306276 -0.003239326203 0 0.1943325678 -0.01595425386 0.01672810726 0 3.00239289 0.4784345575 -0.2371985681 1


mesh: pSphereShape14 tranform: pSphere14 0.007962318986 -0.004041311268 -0.221380477 0 0.0135203155 0.2412340594 -0.00391745862 0 0.1906309937 -0.01056971719 0.007049313104 0 3.000634028 0.2845772493 -0.235527062 1


mesh: pSphereShape15 tranform: pSphere15 -0.0249183301 0.005191428127 -0.1496107541 0 -0.1942365373 0.3237222466 0.04358397208 0 0.1586795439 0.09830822752 -0.02301752423 0 3.207467816 -0.248318168 -0.1089511797 1


mesh: pSphereShape16 tranform: pSphere16 -0.01700809445 0.006368276075 -0.09855673263 0 -0.07679242707 0.3526803693 0.03604075253 0 0.08010441298 0.01873087069 -0.01261344642 0 3.508242317 -0.880998293 -0.1526092167 1


mesh: pSphereShape17 tranform: pSphere17 0.003304896388 0.009518241256 -0.1119188268 0 -0.02715305767 0.1001333526 0.007714120937 0 0.2686614076 0.07177122675 0.01403726264 0 3.807334808 -1.284530229 -0.1742180136 1


mesh: pSphereShape18 tranform: pSphere18 -0.02044200902 -0.008972244368 -0.125878734 0 0.01480822855 0.356855517 -0.02784032483 0 0.1440861506 -0.007761374147 -0.02284558601 0 2.962208481 -0.3215615605 -0.390694638 1


mesh: pSphereShape19 tranform: pSphere19 -0.01775366129 -0.008292374238 -0.08420167393 0 0.3628926716 0.20971372 -0.09716788093 0 0.0500020733 -0.08742037721 -0.001933422245 0 2.673933538 -0.8821311435 -0.3052902109 1


mesh: pSphereShape20 tranform: pSphere20 -0.02769940414 0.003328827227 -0.1119962597 0 0.05845688238 0.05599160922 -0.01279359168 0 0.1724547062 -0.1910912079 -0.04833199101 0 2.470552036 -1.259300909 -0.2234408291 1


mesh: pSphereShape21 tranform: pSphere21 0.009489281571 -0.004816328083 -0.2638354083 0 -0.08698717388 0.1166804663 -0.005258646674 0 0.2121228658 0.1583545878 0.004738582894 0 2.940944355 0.1139627751 -0.2387057502 1


mesh: pSphereShape22 tranform: pSphere22 0.001570582703 0.0003920773403 -0.009868107485 0 0.001234654994 0.009905928893 0.000590084577 0 0.009798412985 -0.001311048482 0.001507400033 0 2.860744364 1.052910249 0.02328506933 1


mesh: pSphereShape23 tranform: pSphere23 0.001133312172 0.0004327885885 -0.009926142129 0 0.0006492450214 0.009965929735 0.0005086505798 0 0.009914337316 -0.0007020958252 0.001101352364 0 2.801145598 1.066765229 -0.2438599445 1


mesh: pSphereShape24 tranform: pSphere24 0.002808420077 0.0004299441834 -0.009587905124 0 0.001269467941 0.009885545354 0.0008151344714 0 0.009513213328 -0.001446077819 0.002721696368 0 2.986842645 1.077816451 -0.523676407 1


