mesh: pSphereShape1 tranform: pSphere1 0.05045914857 0.1316177829 -0.04109462722 0 0.06371267823 -0.007073450596 0.05557650152 0 0.08560827989 -0.06608872108 -0.1065523725 0 1.972744658 0.1132358879 0.3090494488 1


mesh: pSphereShape2 tranform: pSphere2 0.1067604607 0.2305747725 -0.05412038004 0 0.09140092108 -0.0176023015 0.1053089018 0 0.08448148244 -0.05862725206 -0.08312364605 0 2.081950099 0.4317094496 0.2036098142 1


mesh: pSphereShape3 tranform: pSphere3 0.1282040903 0.2469227635 -0.09397477456 0 0.08664612875 -0.006218518062 0.1018666392 0 0.08332763098 -0.07190967237 -0.07526692058 0 2.264786515 0.8518762615 0.081448248 1


mesh: pSphereShape4 tranform: pSphere4 0.01587221026 -0.0008613217502 -0.1800436504 0 0.02397988211 0.1467437787 0.001411991603 0 0.1694442315 -0.02783445259 0.0150709502 0 2.400229067 1.102714752 -0.1291342607 1


mesh: pSphereShape5 tranform: pSphere5 0.03608325871 -0.0009077161982 -0.1832685565 0 0.02342272523 0.13648921 0.003935616676 0 0.170745529 -0.03027508089 0.03376758345 0 2.456030964 1.120010078 -0.4183703984 1


mesh: pSphereShape6 tranform: pSphere6 0.1019352095 -0.2329448545 -0.07971743363 0 0.04149018706 0.04764605029 -0.08617426615 0 0.08796761071 0.02018141763 0.05351200154 0 2.56512201 0.8458262551 -0.5660597576 1


mesh: pSphereShape7 tranform: pSphere7 0.2487707673 -0.03492668772 -0.009861475592 0 0.006523176631 0.06740751842 -0.07418217316 0 0.01639299198 0.09259756068 0.08558263917 0 2.915785414 0.6183039547 -0.6018752513 1


mesh: pSphereShape8 tranform: pSphere8 0.1593533807 -0.0901700903 0.04813431911 0 0.02062420982 0.01804405403 -0.03447651509 0 0.03091350889 0.08951209402 0.06534093567 0 3.254716917 0.5455721189 -0.57974376 1


mesh: pSphereShape10 tranform: pSphere10 0.01581296464 -0.0004159971335 -0.1828015903 0 0.00268715015 0.1547661888 -0.0001197499462 0 0.2223420638 -0.003845557443 0.01924210248 0 2.467823115 1.540715877 -0.2651027851 1


mesh: pSphereShape11 tranform: pSphere11 0.007515717334 0.0009363045982 -0.07755330079 0 0.03301087089 0.1680615934 0.005228110385 0 0.08947604558 -0.01783804353 0.008455795148 0 2.432672876 1.354184436 -0.2692207209 1


mesh: pSphereShape12 tranform: pSphere12 0.03058950841 -0.0028625741 -0.3149407852 0 0.01439477314 0.1651553362 -0.000103004613 0 0.1719269851 -0.01497448355 0.01683499812 0 2.447572946 0.9182275091 -0.2354923359 1


mesh: pSphereShape13 tranform: pSphere13 0.01762385281 -0.009949645324 -0.2181492057 0 0.03260796958 0.2041772533 -0.006678058685 0 0.1926139139 -0.03020724062 0.0169386388 0 2.418176747 0.6930848378 -0.2411921944 1


mesh: pSphereShape14 tranform: pSphere14 0.01375040645 -0.001740577784 -0.2211265317 0 0.03502254706 0.2390927655 0.0002958247502 0 0.1886643749 -0.02765053085 0.01194944684 0 2.400146723 0.4994333487 -0.2389550465 1


mesh: pSphereShape15 tranform: pSphere15 -0.01340029446 0.003079765377 -0.151136359 0 -0.1706752973 0.3388329851 0.02203722096 0 0.1672211613 0.08508335493 -0.01309265385 0 2.561613004 -0.05370683167 -0.09692440303 1


mesh: pSphereShape16 tranform: pSphere16 -0.009185975829 0.005192803017 -0.09965898057 0 -0.04704790689 0.3589361283 0.02303922369 0 0.08217019123 0.01121916985 -0.006989379657 0 2.810309057 -0.7091406831 -0.1047844396 1


mesh: pSphereShape17 tranform: pSphere17 0.01030233166 0.01296612802 -0.111144431 0 -0.01110551382 0.1028582037 0.01097004987 0 0.2756665473 0.02670598806 0.0286679362 0 3.070783624 -1.153700996 -0.1027711802 1


mesh: pSphereShape18 tranform: pSphere18 -0.00937522305 -0.01580984157 -0.1265147686 0 -0.007552513693 0.3554706115 -0.04386150019 0 0.145666445 0.001736209178 -0.01101139906 0 2.386029 -0.09604140907 -0.3837453082 1


mesh: pSphereShape19 tranform: pSphere19 -0.007509027597 -0.0104807419 -0.08548477295 0 0.1579107674 0.3953357772 -0.06234055929 0 0.09328963208 -0.03782404467 -0.003557246062 0 2.280072878 -0.7971610724 -0.3063099662 1


mesh: pSphereShape20 tranform: pSphere20 -0.02863964972 -0.001292742083 -0.111801608 0 0.03128872928 0.07521980219 -0.008884827939 0 0.2331745137 -0.1039056234 -0.05852968789 0 2.330501699 -1.270755078 -0.2656174955 1


mesh: pSphereShape21 tranform: pSphere21 0.01638737141 -0.002074374653 -0.263532763 0 -0.07608586432 0.1240448167 -0.005707687818 0 0.2251487775 0.1386943785 0.01290880306 0 2.325633798 0.3348915862 -0.2464445266 1


mesh: pSphereShape22 tranform: pSphere22 0.000878159847 -4.765424373e-05 -0.009961253152 0 0.001612668707 0.009868651513 9.495770924e-05 0 0.009829961085 -0.001614758929 0.000874310401 0 2.318909159 1.283384237 0.005278336812 1


mesh: pSphereShape23 tranform: pSphere23 0.0009645149206 0.0001201588238 -0.009952651547 0 0.0009705444403 0.009950485756 0.0002141884752 0 0.00990594541 -0.0009866078606 0.0009480772501 0 2.24159976 1.288543202 -0.2641150335 1


mesh: pSphereShape24 tranform: pSphere24 0.001931764092 -4.859576491e-05 -0.009811520063 0 0.001690679426 0.009851949205 0.0002840773683 0 0.009664879232 -0.001713690556 0.001911380157 0 2.400695674 1.282484025 -0.5497438286 1


