mesh: pSphereShape1 tranform: pSphere1 -0.001911884154 0.1375414595 -0.05135003848 0 0.05372198843 0.02362156947 0.06127035178 0 0.1174912921 -0.03219352155 -0.09060506706 0 -5.507736547 -0.05497489574 0.7950757392 1


mesh: pSphereShape2 tranform: pSphere2 0.02362171543 0.2471538504 -0.07647565622 0 0.1029067565 0.01918488347 0.09378738663 0 0.08925494968 -0.03652200769 -0.09046277137 0 -5.516705882 0.2729616654 0.664969576 1


mesh: pSphereShape3 tranform: pSphere3 0.07752909085 0.2606667563 -0.1108173287 0 0.09249964922 0.01324616485 0.09587172565 0 0.08973663415 -0.05997510327 -0.07829385593 0 -5.450113884 0.7127064607 0.5112967797 1


mesh: pSphereShape4 tranform: pSphere4 0.03563638471 -0.01467333191 -0.1765874469 0 0.05017579457 0.1399674629 -0.001504665964 0 0.1586660313 -0.05648422058 0.03671322942 0 -5.331965487 0.9585749341 0.2907634043 1


mesh: pSphereShape5 tranform: pSphere5 0.06517561859 -0.0198314845 -0.1739225123 0 0.04684065113 0.1303538945 0.002689457323 0 0.1544123365 -0.05681319169 0.06434250131 0 -5.23266645 0.9467940439 0.01451372432 1


mesh: pSphereShape6 tranform: pSphere6 0.101641519 -0.2421581917 -0.04513727071 0 0.07518265292 0.0431958832 -0.06244413705 0 0.0629063178 0.01088307402 0.08326751072 0 -5.122625941 0.6584028376 -0.09272158988 1


mesh: pSphereShape7 tranform: pSphere7 0.2005539833 -0.1489657869 0.02813025019 0 0.05453224658 0.06277763068 -0.05634290867 0 0.03336938739 0.06462081633 0.1042979417 0 -4.830263914 0.3091871245 -0.05350015293 1


mesh: pSphereShape8 tranform: pSphere8 0.06501458717 -0.1748047732 0.03251849538 0 0.03920247177 0.01152405683 -0.01642980009 0 0.03446063963 0.03233166759 0.1049029336 0 -4.589282531 0.06594279782 0.01531622776 1


mesh: pSphereShape10 tranform: pSphere10 0.03293727148 -0.00317566711 -0.1804763021 0 -0.0009811931236 0.1547592411 -0.002902218464 0 0.2195760005 0.002142926952 0.04003533448 0 -5.255868899 1.390292981 0.1544486144 1


mesh: pSphereShape11 tranform: pSphere11 0.01584803623 -3.930538724e-05 -0.07629361271 0 0.02925439946 0.1687307051 0.005989921575 0 0.08833835327 -0.01596775131 0.01835824773 0 -5.285390912 1.202837952 0.1512349312 1


mesh: pSphereShape12 tranform: pSphere12 0.06865577111 -0.02816410637 -0.3076114087 0 0.04384995802 0.159803688 -0.004844343685 0 0.1629344885 -0.04348595957 0.04034680051 0 -5.307225986 0.7625743696 0.1990589923 1


mesh: pSphereShape13 tranform: pSphere13 0.04181262545 -0.03336096899 -0.2124556934 0 0.06842512687 0.1944807893 -0.01707195191 0 0.180871367 -0.05968934596 0.04496938156 0 -5.375186637 0.5465032843 0.2020928542 1


mesh: pSphereShape14 tranform: pSphere14 0.03258360716 -0.02828812265 -0.2173180549 0 0.06655318075 0.2314235237 -0.0201455619 0 0.1815029156 -0.04926966911 0.03362705481 0 -5.421669639 0.3603716234 0.2181697762 1


mesh: pSphereShape15 tranform: pSphere15 0.003555501673 -0.01143709616 -0.1512871544 0 -0.1889110047 0.3284499698 -0.02927008112 0 0.1631355924 0.09354041021 -0.003237563671 0 -5.280819149 -0.1534936659 0.4320135799 1


mesh: pSphereShape16 tranform: pSphere16 0.00186373257 -0.004765416046 -0.1000853489 0 -0.07492184518 0.3544465001 -0.0182715986 0 0.08141725305 0.01724556257 0.0006949838953 0 -4.993650016 -0.7893181936 0.5154250947 1


mesh: pSphereShape17 tranform: pSphere17 0.01394907551 0.006232432792 -0.111327998 0 -0.02489174359 0.1009824857 0.002534400596 0 0.2681312702 0.06515846823 0.03724381274 0 -4.700584786 -1.198832636 0.575413425 1


mesh: pSphereShape18 tranform: pSphere18 0.003764860685 -0.02140374216 -0.1259822933 0 0.0490236817 0.3501015797 -0.05801542756 0 0.1446540581 -0.01900410786 0.007551548522 0 -5.527736729 -0.2427456535 0.1081254528 1


mesh: pSphereShape19 tranform: pSphere19 0.0007208499488 -0.0148959749 -0.08515555272 0 0.2776871463 0.3241125915 -0.05434527889 0 0.07693536832 -0.06393091475 0.01183448554 0 -5.786206624 -0.885390797 0.196295731 1


mesh: pSphereShape20 tranform: pSphere20 -0.007806178791 -0.0018464298 -0.1151397175 0 0.02247875349 0.078758375 -0.002787005096 0 0.2512328272 -0.07226713115 -0.01587403741 0 -5.838146223 -1.279440917 0.264231375 1


mesh: pSphereShape21 tranform: pSphere21 0.03883228284 -0.0337130378 -0.2589939209 0 -0.05800813023 0.1310735427 -0.02575919696 0 0.2397032181 0.1103242922 0.02157910159 0 -5.516600995 0.206528072 0.2197379927 1


mesh: pSphereShape22 tranform: pSphere22 0.001971649923 -0.0008118296503 -0.0097700322 0 0.003374367455 0.009412938162 -0.0001011901437 0 0.00920468581 -0.003276816715 0.002129843036 0 -5.393388751 1.15868351 0.4069738923 1


mesh: pSphereShape23 tranform: pSphere23 0.00203382681 -5.044180186e-06 -0.009790991935 0 0.0007643923517 0.009969558517 0.0001536466804 0 0.009761109201 -0.0007796650088 0.002028021112 0 -5.474695263 1.133568324 0.1367657657 1


mesh: pSphereShape24 tranform: pSphere24 0.003489261341 -0.001061704265 -0.009311167454 0 0.00338101243 0.009409095026 0.0001941281434 0 0.00874035527 -0.003215853673 0.003642042684 0 -5.23502907 1.106851303 -0.1307269296 1


