mesh: pSphereShape1 tranform: pSphere1 0.02646518006 0.140466538 -0.03356904478 0 0.02077515957 0.01539671061 0.08080483054 0 0.1446337733 -0.03456319684 -0.03060002926 0 -8.089338178 0.01458101722 0.07214042837 1


mesh: pSphereShape2 tranform: pSphere2 0.06250297375 0.2503614499 -0.03006758847 0 0.03558443433 0.007421450565 0.1357667275 0 0.1238994087 -0.03460445336 -0.03058242037 0 -8.025563925 0.3505433562 -0.01514306433 1


mesh: pSphereShape3 tranform: pSphere3 0.1112924579 0.2682882636 -0.04328734904 0 0.02821399513 0.009357540427 0.1305352086 0 0.1201513423 -0.05341398551 -0.02214058481 0 -7.897228414 0.8004108767 -0.0829240607 1


mesh: pSphereShape4 tranform: pSphere4 0.09784830824 -0.01700436689 -0.1510130626 0 0.03666669054 0.1439071186 0.007553811409 0 0.1385579722 -0.04025421561 0.09431078598 0 -7.712738925 1.052304841 -0.2234181074 1


mesh: pSphereShape5 tranform: pSphere5 0.1213803016 -0.02013770228 -0.1405399753 0 0.03119177631 0.1347675455 0.007628850848 0 0.1282546966 -0.03624880879 0.1159638846 0 -7.523905125 1.040512162 -0.4493301723 1


mesh: pSphereShape6 tranform: pSphere6 0.06668691537 -0.2545499926 -0.04202520619 0 0.08775521362 0.03159758906 -0.05213636663 0 0.05379747986 -0.0007779592618 0.09007968917 0 -7.419414549 0.7364754467 -0.5425395671 1


mesh: pSphereShape7 tranform: pSphere7 0.1445352973 -0.2052220795 0.01405214627 0 0.07483646609 0.04962412472 -0.04501410642 0 0.04300348575 0.03805477126 0.1134458512 0 -7.2148696 0.3178928692 -0.5121166382 1


mesh: pSphereShape8 tranform: pSphere8 -0.00556179013 -0.1888181433 0.0125631629 0 0.04001839979 -0.002391812712 -0.01823137186 0 0.04791778196 0.005538494463 0.1044543399 0 -7.069126351 0.001940551555 -0.4753811063 1


mesh: pSphereShape10 tranform: pSphere10 0.1107599799 -0.01416252421 -0.1455963395 0 0.006703056474 0.1543263431 -0.009912475647 0 0.1776889036 0.0009585183904 0.1350806238 0 -7.579379178 1.478390853 -0.3421589456 1


mesh: pSphereShape11 tranform: pSphere11 0.04611316929 -0.005841818799 -0.06254059408 0 0.02814684919 0.1689520161 0.00497202437 0 0.07231108094 -0.0136533726 0.05459260015 0 -7.61329851 1.291611685 -0.3532445082 1


mesh: pSphereShape12 tranform: pSphere12 0.1779566962 -0.03166455962 -0.2597313621 0 0.0316263604 0.162726542 0.00183057723 0 0.1395104816 -0.02822825947 0.09902793251 0 -7.643139522 0.8562877226 -0.2881632186 1


mesh: pSphereShape13 tranform: pSphere13 0.1230508602 -0.0336621272 -0.1781123762 0 0.05006370693 0.2006954797 -0.00334313975 0 0.1548374745 -0.03672685232 0.1139122886 0 -7.689554886 0.6360764698 -0.2959264746 1


mesh: pSphereShape14 tranform: pSphere14 0.123118191 -0.02614682412 -0.1823384242 0 0.04829848096 0.2367646081 -0.001339382859 0 0.1541821082 -0.03083822475 0.1085286547 0 -7.722175497 0.4453199747 -0.2881498684 1


mesh: pSphereShape15 tranform: pSphere15 0.05253349544 -0.01207814855 -0.1418647315 0 -0.07408229379 0.3680778414 -0.05877077835 0 0.1725995073 0.04434122274 0.0601396518 0 -7.76220758 -0.1262515354 -0.08656893491 1


mesh: pSphereShape16 tranform: pSphere16 0.03486518182 -0.006198090172 -0.09375106686 0 0.01100897579 0.3620284768 -0.01984036304 0 0.0779866424 -0.000779248451 0.02905405144 0 -7.68115699 -0.8176297415 0.03628044307 1


mesh: pSphereShape17 tranform: pSphere17 0.03936705625 0.003067188525 -0.105205372 0 -0.0002414151185 0.1039941035 0.00294153913 0 0.2607905618 -0.002153095109 0.09752308816 0 -7.508737836 -1.285983986 0.141403348 1


mesh: pSphereShape18 tranform: pSphere18 0.04444314292 -0.003042037089 -0.119830654 0 0.01545617631 0.357896759 -0.00335318342 0 0.1368352964 -0.005432612429 0.05088778738 0 -7.691241382 -0.1668312299 -0.4535282499 1


mesh: pSphereShape19 tranform: pSphere19 0.02938638849 -0.0008842036727 -0.08129905416 0 0.11301335 0.4135444781 0.03635216535 0 0.09096086263 -0.02777448905 0.03318082331 0 -7.781391862 -0.8831174602 -0.4925651699 1


mesh: pSphereShape20 tranform: pSphere20 -0.0045395964 0.01101261289 -0.114802503 0 -0.004192442434 0.08145364798 0.007979351204 0 0.2613557542 0.01432980241 -0.008960092746 0 -7.66235147 -1.288259115 -0.4997893259 1


mesh: pSphereShape21 tranform: pSphere21 0.1467290099 -0.03116109474 -0.2173061205 0 -0.05308388338 0.1245277121 -0.05370012338 0 0.1978312996 0.133669532 0.1144114197 0 -7.795114794 0.282832703 -0.3191338239 1


mesh: pSphereShape22 tranform: pSphere22 0.005413641451 -0.0009407985391 -0.008355081349 0 0.002465868021 0.009677883563 0.0005080006325 0 0.008038157821 -0.002335266119 0.005471247665 0 -7.826767505 1.249486799 -0.1496760237 1


mesh: pSphereShape23 tranform: pSphere23 0.005917843613 -0.0007496984179 -0.008026025122 0 0.0008696670087 0.009957921677 -0.0002889206973 0 0.008013913293 -0.0005270181756 0.005958141117 0 -7.781068405 1.219642845 -0.439948162 1


mesh: pSphereShape24 tranform: pSphere24 0.006498252003 -0.001078098031 -0.007523990002 0 0.002251458527 0.009727677464 0.0005506592868 0 0.007259728329 -0.002051827426 0.006564019257 0 -7.491780041 1.192670249 -0.5994456324 1


