mesh: pSphereShape1 tranform: pSphere1 0.110503177 0.09520178218 0.01684646446 0 -0.03770959318 0.05334894282 -0.05412913702 0 -0.07375890101 0.0651572982 0.1156030092 0 2.425952342 0.2493381194 -0.5758823338 1


mesh: pSphereShape2 tranform: pSphere2 0.1606378552 0.1983555559 0.04839514573 0 -0.1064100514 0.09027186002 -0.01678768674 0 -0.02787926194 -0.008883063721 0.128948261 0 2.684419267 0.4830290082 -0.5191449971 1


mesh: pSphereShape3 tranform: pSphere3 0.008572143502 0.2494234797 0.1547670645 0 -0.1219833132 0.03205136695 -0.04489782779 0 -0.05480513659 -0.06272473278 0.1041230488 0 2.839106381 0.8607114409 -0.3631677217 1


mesh: pSphereShape4 tranform: pSphere4 -0.008105742819 -0.01101105214 0.1802260765 0 -0.04114842817 0.1427248603 0.006869218519 0 -0.1654633031 -0.04720707893 -0.0103259341 0 2.810813034 1.103467794 -0.09983554074 1


mesh: pSphereShape5 tranform: pSphere5 -0.02704229136 -0.01390127153 0.184297744 0 -0.04014674837 0.132532252 0.004105892667 0 -0.1671399852 -0.04975409486 -0.02827757544 0 2.766213869 1.100261785 0.1920308334 1


mesh: pSphereShape6 tranform: pSphere6 -0.007338712515 -0.2334860893 0.1282160317 0 -0.08652819649 0.03224445694 0.05376571479 0 -0.0614938701 -0.03942807018 -0.07531968988 0 2.758235832 0.816504289 0.379871002 1


mesh: pSphereShape7 tranform: pSphere7 -0.2163684173 -0.08489538452 -0.09582013652 0 -0.05030226275 0.0699971404 0.05156939874 0 0.01172765511 0.08045229821 -0.0977615281 0 2.541555307 0.5213701877 0.3547414549 1


mesh: pSphereShape8 tranform: pSphere8 -0.101017116 -0.148664862 -0.05945888396 0 -0.03691448046 0.02380515977 0.003195545392 0 0.01297641228 0.03474264487 -0.1089130811 0 2.275759973 0.3586808414 0.1966585646 1


mesh: pSphereShape10 tranform: pSphere10 -0.009976247499 -0.01716465981 0.1824074923 0 0.006643625954 0.1539324294 0.01484849228 0 -0.2226701163 0.01068801698 -0.01117254554 0 2.77137724 1.534861875 0.07699949574 1


mesh: pSphereShape11 tranform: pSphere11 -0.006380247204 -0.005481413361 0.07746691997 0 -0.02348827482 0.1694371774 0.01005453952 0 -0.09045230835 -0.01204632186 -0.008302110853 0 2.794758218 1.347294254 0.06128644962 1


mesh: pSphereShape12 tranform: pSphere12 -0.04223654913 -0.02379744005 0.312700122 0 -0.03447127081 0.1619765247 0.007670860813 0 -0.1680206321 -0.03455823706 -0.02532461199 0 2.790909623 0.9100388006 -0.005033695195 1


mesh: pSphereShape13 tranform: pSphere13 -0.02993232361 -0.02262850638 0.2158487393 0 -0.06011670092 0.1975577957 0.01237443083 0 -0.1853384254 -0.05443107293 -0.03140765904 0 2.848817353 0.689831621 -0.008806611779 1


mesh: pSphereShape14 tranform: pSphere14 -0.03106670333 -0.02006301386 0.2184522413 0 -0.0711652511 0.2306623424 0.01106380055 0 -0.1806046816 -0.05425023794 -0.03066672741 0 2.895257911 0.5005305316 -0.02065663995 1


mesh: pSphereShape15 tranform: pSphere15 -0.007430212137 -0.007914569198 0.1513717391 0 0.0531714969 0.3756344047 0.0222502563 0 -0.186000679 0.02678646253 -0.007729455965 0 2.896015184 -0.06144510433 -0.2368664274 1


mesh: pSphereShape16 tranform: pSphere16 -0.01069205796 0.005387487314 0.09949831476 0 -0.2469534166 0.2625501862 -0.0407537158 0 -0.06031058431 -0.05725263563 -0.003380925758 0 3.025773813 -0.678255331 -0.2639062383 1


mesh: pSphereShape17 tranform: pSphere17 -0.04031193704 -0.01552208574 0.1037369541 0 -0.07659768014 0.06760284817 -0.01965031335 0 -0.1597621169 -0.2081166621 -0.09322353021 0 3.23332724 -1.16383355 -0.287161882 1


mesh: pSphereShape18 tranform: pSphere18 -0.009757516726 -0.01256359585 0.1268494364 0 0.01017592766 0.3562802778 0.03606995296 0 -0.1456070986 0.005240156993 -0.01068139145 0 2.916905268 -0.1182951715 0.09979835484 1


mesh: pSphereShape19 tranform: pSphere19 -0.004903919658 -0.009178250381 0.08582301058 0 -0.2165298109 0.3707871676 0.02728094307 0 -0.08685494612 -0.04996269233 -0.01030609124 0 3.061642492 -0.8008803112 0.05676192981 1


mesh: pSphereShape20 tranform: pSphere20 -0.001957080789 0.008802529918 0.1150660053 0 -0.04618690444 0.06743425602 -0.005944271358 0 -0.2162989902 -0.1474767679 0.007603062787 0 3.09127827 -1.287442673 0.01089411018 1


mesh: pSphereShape21 tranform: pSphere21 -0.0370244769 -0.02391057027 0.2603456143 0 0.05543686969 0.1331576644 0.02011325141 0 -0.2419908145 0.1044954268 -0.02481715735 0 2.993295059 0.3486972624 -0.0164571157 1


mesh: pSphereShape22 tranform: pSphere22 -0.0004484654472 -0.0006092071428 0.009971346218 0 -0.002767268919 0.009598375625 0.000461961143 0 -0.009599015651 -0.002738622286 -0.0005990379809 0 2.864568066 1.298548232 -0.2278009887 1


mesh: pSphereShape23 tranform: pSphere23 -0.0008187965768 -0.0007034464893 0.009941566034 0 -0.0004071012423 0.009969095533 0.0006718651898 0 -0.009958104275 -0.0003497102965 -0.0008449035236 0 2.98170927 1.27188684 0.04690586095 1


mesh: pSphereShape24 tranform: pSphere24 -0.001447744169 -0.0007442226158 0.009866618951 0 -0.002897838779 0.009566331395 0.0002963680865 0 -0.009460791047 -0.002816280584 -0.001600623766 0 2.807317281 1.262105106 0.3292751587 1


