mesh: pSphereShape1 tranform: pSphere1 -0.0491621515 0.1306258184 -0.04558632752 0 0.03297911671 0.03652986228 0.06910885337 0 0.1303185722 0.02308517809 -0.0743911891 0 -6.538145001 -0.1027428941 0.7575559882 1


mesh: pSphereShape2 tranform: pSphere2 -0.05178187892 0.2445341963 -0.0708039622 0 0.1011146723 0.04629655073 0.0859440901 0 0.08797719644 -0.009810052345 -0.09822215571 0 -6.651012386 0.2103599416 0.6398780954 1


mesh: pSphereShape3 tranform: pSphere3 0.03850129271 0.2728241442 -0.1016023373 0 0.09318518546 0.02172066828 0.09363635804 0 0.09412758437 -0.04433826149 -0.08338897305 0 -6.681905112 0.6519024537 0.5008999395 1


mesh: pSphereShape4 tranform: pSphere4 -0.001149954767 -0.01289622677 -0.1802796437 0 0.07015936486 0.1307378766 -0.00979980526 0 0.1519777059 -0.08119483172 0.004838812953 0 -6.620198059 0.9029983097 0.2797863486 1


mesh: pSphereShape5 tranform: pSphere5 0.03461391782 -0.0261534608 -0.1816812112 0 0.06322490766 0.123141205 -0.005680867682 0 0.1537492834 -0.07707693642 0.04038774095 0 -6.57189916 0.8846407274 -0.00863701849 1


mesh: pSphereShape6 tranform: pSphere6 -0.05611611582 -0.2510450053 -0.06954385848 0 0.065673875 0.008548857284 -0.08385371225 0 0.07976306196 -0.03416973838 0.05898650174 0 -6.630252842 0.5829748979 -0.141606343 1


mesh: pSphereShape7 tranform: pSphere7 0.04426629365 -0.2417349975 -0.05299719918 0 0.06469874583 0.02757047677 -0.07171653426 0 0.09464953907 -0.001280085838 0.08489553989 0 -6.609309765 0.1203650076 -0.2077684778 1


mesh: pSphereShape8 tranform: pSphere8 -0.05685346924 -0.1805672221 0.002054055327 0 0.0255696163 -0.008447280807 -0.03484844585 0 0.08707176873 -0.02661530181 0.07033939637 0 -6.586020373 -0.2254062679 -0.2506844564 1


mesh: pSphereShape10 tranform: pSphere10 0.02970179984 -0.035228711 -0.1776045757 0 0.01173278558 0.1517574032 -0.02813966268 0 0.21961169 -0.009807958558 0.03867233806 0 -6.529839926 1.31937077 0.07073259156 1


mesh: pSphereShape11 tranform: pSphere11 0.01091092382 -0.01463876995 -0.07575312068 0 0.0433787933 0.163812337 -0.02540764514 0 0.08770970943 -0.02064793595 0.01662313488 0 -6.575605977 1.136539614 0.09642946328 1


mesh: pSphereShape12 tranform: pSphere12 0.0467365611 -0.04055462255 -0.3103266456 0 0.06808817933 0.150857578 -0.00946024076 0 0.156009436 -0.0683796324 0.03243180972 0 -6.645973468 0.7098734882 0.1898245505 1


mesh: pSphereShape13 tranform: pSphere13 0.04158424339 -0.01844500285 -0.2143109986 0 0.09981415069 0.181160442 0.00377577946 0 0.167342932 -0.09304476884 0.04047874489 0 -6.748667995 0.5063666209 0.1871679856 1


mesh: pSphereShape14 tranform: pSphere14 0.05108202467 -0.0114762675 -0.215285783 0 0.1062832073 0.2165847386 0.01367288161 0 0.1658311331 -0.08414438739 0.04383314774 0 -6.827379616 0.3299313527 0.1826871981 1


mesh: pSphereShape15 tranform: pSphere15 0.04478932302 -0.0009456977502 -0.1449974967 0 0.1155141293 0.3605121914 0.03333067255 0 0.1703648141 -0.05948899856 0.05301321385 0 -7.064201384 -0.223451881 0.3255610083 1


mesh: pSphereShape16 tranform: pSphere16 0.03235896801 0.002716944403 -0.09480915128 0 0.2278913625 0.2689549182 0.08548821245 0 0.05891125842 -0.05579953992 0.01850774166 0 -7.368381829 -0.8445111583 0.2602516869 1


mesh: pSphereShape17 tranform: pSphere17 0.04178160677 0.007438710931 -0.1040495361 0 0.0403940279 0.09310459478 0.02287665707 0 0.2347800557 -0.122867273 0.0854930658 0 -7.483054212 -1.29174595 0.2261695402 1


mesh: pSphereShape18 tranform: pSphere18 0.05333388493 -0.007254947961 -0.1159598854 0 -0.1700318701 0.3000419546 -0.09697533694 0 0.1132278458 0.07939180815 0.04711023509 0 -6.691141847 -0.2106222947 0.1130766881 1


mesh: pSphereShape19 tranform: pSphere19 0.03488379324 -0.007211823512 -0.07877174889 0 0.05960126221 0.4259125188 -0.01259954011 0 0.09110197398 -0.0115239186 0.04139924449 0 -6.532683826 -0.8676342327 0.2165274967 1


mesh: pSphereShape20 tranform: pSphere20 0.003122470766 -0.0002680741831 -0.1153762479 0 -0.008157201226 0.08154284256 -0.0004102244103 0 0.2605046209 0.0260949436 0.006989503447 0 -6.365911634 -1.268197949 0.2711310711 1


mesh: pSphereShape21 tranform: pSphere21 0.06087820849 -0.01367711264 -0.2565719129 0 -0.03197784306 0.1412713937 -0.01511832889 0 0.2509764209 0.06282487528 0.0562015219 0 -6.946388924 0.1962333062 0.1573124649 1


mesh: pSphereShape22 tranform: pSphere22 -6.362340755e-05 -0.0007135079702 -0.009974309923 0 0.004718280587 0.008792240159 -0.0006590457454 0 0.008816676265 -0.004710352361 0.0002807138525 0 -6.626593816 1.105336483 0.4076123824 1


mesh: pSphereShape23 tranform: pSphere23 0.001400232121 -0.001878637981 -0.009721628945 0 0.001591448527 0.00973340643 -0.001651693327 0 0.00977274995 -0.001315871801 0.001661878398 0 -6.770509658 1.083576431 0.1035870728 1


mesh: pSphereShape24 tranform: pSphere24 0.001853101021 -0.001400159472 -0.00972653947 0 0.004563647036 0.008888474751 -0.0004100516066 0 0.008702823814 -0.004362862598 0.002286107526 0 -6.57569134 1.045279887 -0.1532033891 1


