mesh: pSphereShape1 tranform: pSphere1 -0.03705906456 0.1412980125 -0.01481999413 0 0.07998046916 0.02274422246 0.01684967329 0 0.03312478373 -0.006835779364 -0.1480065051 0 -7.612216916 -0.04161789592 0.427834712 1


mesh: pSphereShape2 tranform: pSphere2 -0.03265422036 0.2555673599 -0.0333251205 0 0.1388640053 0.01908777372 0.01031402439 0 0.01184906212 -0.01553858011 -0.1307744943 0 -7.706304729 0.2962014705 0.3878458521 1


mesh: pSphereShape3 tranform: pSphere3 -0.01484688791 0.2791147951 -0.09007163376 0 0.1321559067 0.01260863256 0.01728792844 0 0.02021733135 -0.03950140568 -0.1257398221 0 -7.758255633 0.7559252388 0.3006188803 1


mesh: pSphereShape4 tranform: pSphere4 -0.1147569681 0.009261118555 -0.1393321749 0 0.0364818426 0.1426778654 -0.02056372853 0 0.1262806397 -0.04773676131 -0.1071804065 0 -7.837633647 1.036143733 0.1098009273 1


mesh: pSphereShape5 tranform: pSphere5 -0.09950045079 0.007336226944 -0.1579114606 0 0.03407586356 0.1334128245 -0.01527322348 0 0.1430606992 -0.0471102974 -0.09233158781 0 -7.995936061 1.066994208 -0.1366356527 1


mesh: pSphereShape6 tranform: pSphere6 -0.07374358833 -0.2400327164 -0.08919158933 0 -0.01086486507 0.03994225862 -0.0985096775 0 0.1002605835 -0.02319830055 -0.02046408315 0 -8.112166375 0.786471331 -0.2811513301 1


mesh: pSphereShape7 tranform: pSphere7 0.008483374585 -0.2092833292 -0.139041495 0 -0.004256464416 0.05541439398 -0.08366867776 0 0.1269645045 0.006553912995 -0.00211834086 0 -8.116590275 0.3637382118 -0.481832702 1


mesh: pSphereShape8 tranform: pSphere8 -0.04027047657 -0.1849510914 0.003527085275 0 -0.003499821228 -7.517694663e-05 -0.04390127116 0 0.1120488275 -0.02456658776 -0.008890494826 0 -8.115695665 0.04114729259 -0.6173989662 1


mesh: pSphereShape10 tranform: pSphere10 -0.05413909654 0.006843952367 -0.1751820849 0 0.01603460292 0.1539531681 0.001059179275 0 0.2120117083 -0.02162495374 -0.06636593295 0 -7.825922224 1.475261193 -0.01946101613 1


mesh: pSphereShape11 tranform: pSphere11 -0.03012913917 0.00224221336 -0.07182676792 0 0.04647746535 0.1643021249 -0.01436686673 0 0.08076391167 -0.02587933185 -0.03468587256 0 -7.878778401 1.29171496 -0.01602436472 1


mesh: pSphereShape12 tranform: pSphere12 -0.1777901585 0.01262991825 -0.2614627225 0 0.0284967856 0.1629079571 -0.0115080797 0 0.1403096866 -0.03139066987 -0.09692449759 0 -7.896493663 0.8556191031 0.00715470165 1


mesh: pSphereShape13 tranform: pSphere13 -0.1235967956 0.007266076778 -0.1807476357 0 0.04112867542 0.2017526015 -0.0200136648 0 0.1568323704 -0.04278040884 -0.108963108 0 -7.945290747 0.6356223181 0.02049996008 1


mesh: pSphereShape14 tranform: pSphere14 -0.1262465684 0.008141284703 -0.181891643 0 0.04448544087 0.2366466005 -0.02028420243 0 0.1530137545 -0.03801297818 -0.1079045501 0 -7.973327123 0.4437663483 0.03121375295 1


mesh: pSphereShape15 tranform: pSphere15 -0.110854339 0.02003083172 -0.1016923456 0 0.02512344325 0.3763084047 0.04673633601 0 0.1278468825 0.008563802993 -0.1376784209 0 -7.914422175 -0.149853884 0.1346433934 1


mesh: pSphereShape16 tranform: pSphere16 -0.07203558729 0.01661550293 -0.06766135521 0 0.1191344549 0.3398600248 -0.04337742246 0 0.05099663541 -0.02560864774 -0.06058219098 0 -7.997488959 -0.8438290289 0.1274047344 1


mesh: pSphereShape17 tranform: pSphere17 -0.09668670548 0.01937605796 -0.05388499248 0 0.02152675628 0.1017641838 -0.002033264101 0 0.1296637494 -0.03230917282 -0.2442755311 0 -8.038089326 -1.311749581 0.00946524285 1


mesh: pSphereShape18 tranform: pSphere18 -0.05849777993 0.02446829916 -0.1110096602 0 -0.07741520694 0.3307843649 0.113704956 0 0.1260064964 0.04863017116 -0.0556816651 0 -8.028315623 -0.1296622983 -0.2100892114 1


mesh: pSphereShape19 tranform: pSphere19 -0.04110916483 0.01486689228 -0.07458478352 0 0.1436193089 0.4055652829 0.001681650403 0 0.08198455702 -0.02882128974 -0.05093263665 0 -8.053260445 -0.802513962 -0.3577245386 1


mesh: pSphereShape20 tranform: pSphere20 -0.07690780086 0.005095015487 -0.08591118237 0 0.01451346214 0.08023404348 -0.008234140681 0 0.1896990416 -0.05205924956 -0.1729062316 0 -8.008343802 -1.247070039 -0.4793904262 1


mesh: pSphereShape21 tranform: pSphere21 -0.1504573275 0.009702568188 -0.2167736583 0 -0.05427502985 0.1279823101 0.0433993369 0 0.1939088897 0.125960665 -0.1289495762 0 -8.047882658 0.2838915658 0.07075848788 1


mesh: pSphereShape22 tranform: pSphere22 -0.006349144816 0.0005123887801 -0.007708814295 0 0.00245343683 0.009595215176 -0.001382929297 0 0.007325913446 -0.002769350728 -0.00621785242 0 -7.778027994 1.215555965 0.2567007361 1


mesh: pSphereShape23 tranform: pSphere23 -0.003866564292 0.0002877500769 -0.009217748123 0 0.001844934998 0.009817215681 -0.0004674303488 0 0.00903581183 -0.001881349561 -0.003848977579 0 -8.049571455 1.243095188 0.08046203748 1


mesh: pSphereShape24 tranform: pSphere24 -0.005326885788 0.0003927544321 -0.008453995018 0 0.002459635285 0.00962989214 -0.001102438954 0 0.008097807238 -0.002666631084 -0.005226336824 0 -8.108519943 1.241529155 -0.196478593 1


