mesh: pSphereShape1 tranform: pSphere1 -0.124145596 0.0534175731 -0.05738090893 0 -0.01070251661 0.04879224319 0.06857739959 0 0.07876864162 0.1112453606 -0.06685712813 0 4.848583368 0.2251004072 0.4006206298 1


mesh: pSphereShape2 tranform: pSphere2 -0.1961805969 0.1415690828 -0.09467262229 0 0.03943647777 0.1083733531 0.08033626049 0 0.07834040595 0.04355308642 -0.09720969885 0 4.561083032 0.367726978 0.2536598374 1


mesh: pSphereShape3 tranform: pSphere3 -0.09329871198 0.2537835617 -0.1145759674 0 0.06058241899 0.06691019644 0.09887279651 0 0.1111041184 0.007744437016 -0.0733178216 0 4.299984284 0.6924983381 0.08378865608 1


mesh: pSphereShape4 tranform: pSphere4 0.02926508459 -0.002000815879 -0.1783477966 0 0.001530859309 0.1486822591 -0.001416810875 0 0.1700914945 -0.001485173245 0.02792696982 0 4.256093691 0.9471621567 -0.1422507256 1


mesh: pSphereShape5 tranform: pSphere5 0.04126245046 -0.0009220630185 -0.1821723066 0 -0.0003531225675 0.1385376578 -0.0007811898307 0 0.1723009543 0.0006592280172 0.03902322956 0 4.320886451 0.9653456256 -0.4306151417 1


mesh: pSphereShape6 tranform: pSphere6 -0.01845914387 -0.2244603236 -0.1424281733 0 0.07819398361 0.03432403674 -0.06422730965 0 0.07113884421 -0.04540830375 0.06234160132 0 4.326295656 0.6915662285 -0.6343916204 1


mesh: pSphereShape7 tranform: pSphere7 0.03138605956 -0.2120571677 -0.1313418812 0 0.07634677345 0.04216202573 -0.04982824458 0 0.08108732478 -0.04261604452 0.08818245328 0 4.361398177 0.2671408994 -0.840319848 1


mesh: pSphereShape8 tranform: pSphere8 -0.1022385182 -0.135222091 -0.0842812512 0 0.03617662124 -0.0146260458 -0.02041829742 0 0.02108961875 -0.07088109834 0.08813963786 0 4.332694458 -0.04730700458 -0.9898220839 1


mesh: pSphereShape10 tranform: pSphere10 0.07852524256 0.01103476447 -0.165464995 0 -0.02777573023 0.1522469908 -0.003028352125 0 0.1977166186 0.03798793483 0.09636439022 0 4.247019822 1.386833554 -0.2763711936 1


mesh: pSphereShape11 tranform: pSphere11 0.02927061223 0.001016586757 -0.07220855177 0 -0.006247611297 0.1712387293 -0.0001217637376 0 0.0848518321 0.003120291579 0.03443964822 0 4.250847226 1.196393847 -0.2940506095 1


mesh: pSphereShape12 tranform: pSphere12 0.08209403386 -9.625625439e-05 -0.3056013267 0 -0.009462814932 0.1654908782 -0.002594132003 0 0.1671673699 0.01026255071 0.04490312932 0 4.336618402 0.769423251 -0.2351922973 1


mesh: pSphereShape13 tranform: pSphere13 0.05812205196 0.003629920754 -0.2112044562 0 -0.0113558401 0.2065601393 0.0004250488372 0 0.1883840978 0.01024955456 0.05201819882 0 4.34821611 0.5456432702 -0.2419825294 1


mesh: pSphereShape14 tranform: pSphere14 0.06046409481 0.003234083014 -0.2131259728 0 -0.01462539598 0.2412009025 -0.0004891360075 0 0.183437779 0.0112287676 0.05221190962 0 4.370290053 0.3521525202 -0.2385472642 1


mesh: pSphereShape15 tranform: pSphere15 0.01672467227 0.007453069686 -0.15065188 0 0.02861040384 0.3783195113 0.02189246699 0 0.1863958482 -0.01524996745 0.01993835327 0 4.31113705 -0.2464230717 -0.07668564633 1


mesh: pSphereShape16 tranform: pSphere16 0.01633119889 0.01230654754 -0.09810759702 0 0.2511401043 0.2512604331 0.07332324585 0 0.05850204056 -0.0591506302 0.002318560686 0 4.088714856 -0.8665354204 -0.1227401893 1


mesh: pSphereShape17 tranform: pSphere17 0.01169847343 0.007805341229 -0.1114879609 0 0.07051142551 0.07543762497 0.01268022512 0 0.2026675265 -0.1907626858 0.007910565502 0 3.910660882 -1.333174399 -0.1927291827 1


mesh: pSphereShape18 tranform: pSphere18 0.04329177339 0.01297211913 -0.1195883734 0 -0.16582736 0.3165140773 -0.02569733234 0 0.1196766634 0.06680647737 0.05057043927 0 4.595709063 -0.2262140149 -0.3679396659 1


mesh: pSphereShape19 tranform: pSphere19 0.02816382224 0.009114216485 -0.08122566114 0 -0.09014292183 0.4203967831 0.01591637477 0 0.09286583702 0.01861443343 0.03428858397 0 4.862206684 -0.8954634957 -0.3663738961 1


mesh: pSphereShape20 tranform: pSphere20 0.03374643245 -0.009766915297 -0.1099421936 0 -0.02232763449 0.07764233937 -0.01375090047 0 0.2400771829 0.08081861155 0.06651131527 0 5.147810264 -1.237780862 -0.2927760915 1


mesh: pSphereShape21 tranform: pSphere21 0.07205951201 0.00385429476 -0.2539979081 0 -0.09647940031 0.1060035756 -0.02576276919 0 0.184690739 0.1815004673 0.05515116614 0 4.33369522 0.1759661993 -0.2559098226 1


mesh: pSphereShape22 tranform: pSphere22 0.001619145776 -0.0001106988968 -0.009867426854 0 0.0001029516697 0.009999016068 -9.528180964e-05 0 0.009867510725 -8.615929308e-05 0.001620126127 0 4.138763528 1.116013931 -0.01959735992 1


mesh: pSphereShape23 tranform: pSphere23 0.003756386912 0.000130461678 -0.009266743609 0 -0.001260816902 0.009913239158 -0.0003715240692 0 0.009181497596 0.001307925512 0.003740245012 0 4.084885766 1.089206574 -0.3366118298 1


mesh: pSphereShape24 tranform: pSphere24 0.002209038845 -4.936384056e-05 -0.009752830901 0 -2.548879577e-05 0.009999808538 -5.638718644e-05 0 0.009752922521 3.731494002e-05 0.002208870728 0 4.242645368 1.111347092 -0.5694699597 1


