mesh: pSphereShape1 tranform: pSphere1 0.02876948273 0.1355479712 -0.04855099584 0 0.08111726002 -0.008902445737 0.02321256512 0 0.0330796761 -0.05613804912 -0.1371282582 0 2.621968241 -0.05484150165 1.618327564 1


mesh: pSphereShape2 tranform: pSphere2 0.0724706798 0.2386509679 -0.07269974756 0 0.1214670183 -0.01589731587 0.06889828008 0 0.05535876248 -0.05006010943 -0.1091476475 0 2.675804528 0.2733899901 1.500775525 1


mesh: pSphereShape3 tranform: pSphere3 0.07700917634 0.2584611725 -0.1162144879 0 0.1154915103 -0.004019218299 0.06759135072 0 0.05766622443 -0.06317517931 -0.1022893332 0 2.78744736 0.7090363166 1.349973137 1


mesh: pSphereShape4 tranform: pSphere4 -0.06483226088 0.003284812081 -0.1686842404 0 0.01790700106 0.1475602685 -0.004008931779 0 0.1595597678 -0.02104041059 -0.06173507532 0 2.815920293 0.9727545334 1.123380294 1


mesh: pSphereShape5 tranform: pSphere5 -0.04596358727 0.003298130922 -0.1810156355 0 0.01537018608 0.1376779972 -0.001394292979 0 0.1701083279 -0.01943168439 -0.04354804595 0 2.739093459 0.9975324499 0.8395201094 1


mesh: pSphereShape6 tranform: pSphere6 0.07609817948 -0.2245919668 -0.1215585329 0 0.00633232568 0.05242356656 -0.09289379526 0 0.1003625574 0.02321266439 0.01994125712 0 2.794832979 0.7327996886 0.6526494197 1


mesh: pSphereShape7 tranform: pSphere7 0.1793354719 -0.1213428421 -0.1277447457 0 -0.006004394125 0.06835268121 -0.0733565158 0 0.08878568896 0.07010241579 0.05805324534 0 3.076081372 0.428575721 0.4546945594 1


mesh: pSphereShape8 tranform: pSphere8 0.09343993007 -0.1631005376 -0.02254444325 0 0.009353121814 0.01110552254 -0.04157838971 0 0.09703473577 0.05070191982 0.03537051404 0 3.319959701 0.2186572852 0.3181927885 1


mesh: pSphereShape10 tranform: pSphere10 -0.1013402498 0.006496831878 -0.1528220837 0 0.01129555691 0.1543740857 -0.0009275627905 0 0.1853592981 -0.01430494866 -0.1235246502 0 2.830735273 1.411174825 0.975873282 1


mesh: pSphereShape11 tranform: pSphere11 -0.03656339374 0.006954264978 -0.06845899191 0 0.03961958758 0.1666557403 -0.004231122813 0 0.0780915805 -0.01967459721 -0.04370668461 0 2.791381981 1.227796973 0.9977664552 1


mesh: pSphereShape12 tranform: pSphere12 -0.1065244259 0.004763375941 -0.2979286281 0 0.009840293249 0.1654868952 -0.0008725421794 0 0.1629518524 -0.00999759412 -0.05842330406 0 2.815883291 0.7919313085 1.001621552 1


mesh: pSphereShape13 tranform: pSphere13 -0.07486285162 -0.008102650197 -0.2057390874 0 0.003227258881 0.2066375859 -0.009312347516 0 0.1838973774 -0.005877280239 -0.06668378242 0 2.801243689 0.5698741539 0.9999389908 1


mesh: pSphereShape14 tranform: pSphere14 -0.08168174673 -0.005232526613 -0.2058877346 0 0.002461443059 0.241527095 -0.007114809069 0 0.1775857797 -0.003882291847 -0.07035485876 0 2.808852294 0.375467234 1.001747333 1


mesh: pSphereShape15 tranform: pSphere15 -0.09371568457 0.006659248418 -0.1191816963 0 -0.09391816033 0.3561098239 0.09374785575 0 0.1404418604 0.06515301216 -0.1067926988 0 2.966826772 -0.1973926069 1.06328764 1


mesh: pSphereShape16 tranform: pSphere16 -0.06187018262 0.006354607699 -0.07858090879 0 -0.01290299243 0.3603725453 0.03930136081 0 0.06540525786 0.007888315347 -0.05085851208 0 3.120727116 -0.8762512716 0.94409441 1


mesh: pSphereShape17 tranform: pSphere17 -0.06004765425 0.01397251047 -0.09394887559 0 0.008290602542 0.1032168072 0.0100519211 0 0.234301115 -0.004175086294 -0.1503750704 0 3.309304248 -1.344902593 0.7958181744 1


mesh: pSphereShape18 tranform: pSphere18 -0.05117389779 -0.009783154584 -0.1167448271 0 0.02676550748 0.3548299972 -0.04146695128 0 0.133431866 -0.01673633514 -0.05708599418 0 2.682607552 -0.2325056756 0.8902308092 1


mesh: pSphereShape19 tranform: pSphere19 -0.03650920218 -0.007363675088 -0.07801751276 0 0.2533438827 0.3145673914 -0.148245627 0 0.06941741448 -0.06818304526 -0.02604923634 0 2.458992995 -0.8713251766 1.029462975 1


mesh: pSphereShape20 tranform: pSphere20 -0.03727549048 -0.0167179464 -0.1079469701 0 0.03297491787 0.07157928916 -0.02247228389 0 0.2243493811 -0.1217545203 -0.05861440733 0 2.40968298 -1.287816016 1.146003165 1


mesh: pSphereShape21 tranform: pSphere21 -0.09734614945 -0.006235987084 -0.2453715668 0 -0.08571878721 0.1135451258 0.03112148661 0 0.1904829083 0.1656685289 -0.07978057409 0 2.758861856 0.202861551 1.02150826 1


mesh: pSphereShape22 tranform: pSphere22 -0.003586966614 0.0001817383985 -0.009332772453 0 0.001204261977 0.009923561187 -0.0002696042791 0 0.009256534103 -0.001220616456 -0.003581434331 0 2.796742379 1.147245759 1.286187408 1


mesh: pSphereShape23 tranform: pSphere23 -0.004692291799 0.0008924620278 -0.008785551161 0 0.00147488035 0.009888262958 0.00021675706 0 0.008706728756 -0.00119405494 -0.00477148899 0 2.631694366 1.164582288 1.104291309 1


mesh: pSphereShape24 tranform: pSphere24 -0.002460720307 0.00017656972 -0.009690907012 0 0.001109437827 0.00993775724 -0.0001006416815 0 0.009628811104 -0.001099910985 -0.002464993417 0 2.624023112 1.157378743 0.7504879043 1


