mesh: pSphereShape1 tranform: pSphere1 -0.006831830146 0.1430887049 0.03220378004 0 -0.0567352812 0.01126021403 -0.0620677214 0 -0.1126604586 -0.02743597325 0.09800404672 0 4.63455254 -0.07412356491 -0.3797962559 1


mesh: pSphereShape2 tranform: pSphere2 -0.03628302869 0.2545668605 0.03702421634 0 -0.09023844392 0.002804910053 -0.1077176397 0 -0.09967746721 -0.0262521282 0.0828193479 0 4.623314275 0.2685547182 -0.2962343833 1


mesh: pSphereShape3 tranform: pSphere3 -0.07497113037 0.2755951146 0.06830124864 0 -0.08121908241 0.004260293679 -0.1063406992 0 -0.1003845166 -0.04585394726 0.07483293888 0 4.548830585 0.7273679406 -0.2107060821 1


mesh: pSphereShape4 tranform: pSphere4 -0.008856192135 0.0109190009 0.1801963603 0 -0.02598041352 0.1460589629 -0.01012731598 0 -0.1695135269 -0.03060150941 -0.006476859206 0 4.463500716 1.008781971 -0.02307964539 1


mesh: pSphereShape5 tranform: pSphere5 -0.03684974944 0.008662609354 0.1829132157 0 -0.02115826352 0.1364942536 -0.01072679795 0 -0.1710794806 -0.02911960291 -0.03308664289 0 4.412719749 1.043068099 0.2651977921 1


mesh: pSphereShape6 tranform: pSphere6 -0.05774490269 -0.2447595717 0.08813194474 0 -0.05816156987 0.04219773482 0.07908330319 0 -0.08503177106 -0.002060756661 -0.06143676142 0 4.344286868 0.7589805698 0.422518542 1


mesh: pSphereShape7 tranform: pSphere7 -0.1416187912 -0.196826215 0.06638957705 0 -0.0492312492 0.05764899968 0.0658953498 0 -0.08457747108 0.03053135807 -0.08989946673 0 4.129408276 0.3538069947 0.5170039793 1


mesh: pSphereShape8 tranform: pSphere8 -0.002331675302 -0.189121055 0.008297449165 0 -0.03099448569 0.001752682797 0.0312385334 0 -0.08172546571 -0.002543734497 -0.08094427435 0 3.975567794 0.04464851498 0.5728194313 1


mesh: pSphereShape10 tranform: pSphere10 -0.0004797627073 0.01047782287 0.1831846865 0 -0.01878655278 0.1533917525 -0.008822924726 0 -0.2215554601 -0.02707914351 0.0009686203864 0 4.369523769 1.447840982 0.08916783191 1


mesh: pSphereShape11 tranform: pSphere11 -0.004504833715 0.006207750769 0.07754384206 0 -0.03906653827 0.1661120279 -0.01556758468 0 -0.08905729015 -0.02126994762 -0.003470936472 0 4.428235804 1.267993817 0.0995877978 1


mesh: pSphereShape12 tranform: pSphere12 -0.04829986392 0.0158782082 0.3123245366 0 -0.02174717895 0.1639321202 -0.01169723697 0 -0.1698489273 -0.02431811065 -0.0250302206 0 4.427624968 0.8296290915 0.09270048758 1


mesh: pSphereShape13 tranform: pSphere13 -0.03421931787 0.006054206938 0.2163124047 0 -0.02820029651 0.2046878957 -0.01018997404 0 -0.1914509697 -0.02784556491 -0.02950704 0 4.459381944 0.608984655 0.1146578791 1


mesh: pSphereShape14 tranform: pSphere14 -0.03497390717 0.003430458092 0.2187558093 0 -0.02734279854 0.2399546215 -0.008134361217 0 -0.1874158709 -0.02235987437 -0.02961274802 0 4.472117032 0.415525672 0.1205577445 1


mesh: pSphereShape15 tranform: pSphere15 -0.07042172186 -0.0002771750822 0.1344319758 0 0.01583403551 0.3795923797 0.009077257 0 -0.1664189894 0.009026135976 -0.08715939711 0 4.51597185 -0.1812045067 -0.07656997935 1


mesh: pSphereShape16 tranform: pSphere16 -0.04649612136 -0.0002211965521 0.08877680741 0 -0.02852571727 0.361342806 -0.01403978658 0 -0.07343574113 -0.007292387148 -0.03847953404 0 4.51705257 -0.8923607661 -0.1196996965 1


mesh: pSphereShape17 tranform: pSphere17 -0.09701633691 -0.01611765193 0.05436354221 0 -0.006769855036 0.1022041335 0.01822000687 0 -0.1393257585 0.03333440741 -0.2387556407 0 4.458084777 -1.334073863 -0.2970629957 1


mesh: pSphereShape18 tranform: pSphere18 0.01466039241 0.002194852959 0.1269806603 0 0.0006541750625 0.3581906283 -0.006266830094 0 -0.1451283561 0.0005580365881 0.01674596617 0 4.493955386 -0.1964668393 0.3106306832 1


mesh: pSphereShape19 tranform: pSphere19 0.01079678497 0.002287184433 0.08574424805 0 -0.1253854146 0.4115433005 0.004810630901 0 -0.09553166512 -0.02925548678 0.01280957691 0 4.583731079 -0.9104546974 0.3334507096 1


mesh: pSphereShape20 tranform: pSphere20 0.0481771904 0.0183433574 0.1032665475 0 -0.004153996827 0.08089586941 -0.01243165361 0 -0.2376239998 0.004705843993 0.1100233907 0 4.48556273 -1.322815847 0.39526982 1


mesh: pSphereShape21 tranform: pSphere21 -0.04168097929 0.004088329393 0.2607073986 0 0.07902520211 0.1218555692 0.01072337081 0 -0.2184228592 0.1449236049 -0.03719332154 0 4.54038718 0.2490702617 0.1382790092 1


mesh: pSphereShape22 tranform: pSphere22 -0.0004899854653 0.0006041142347 0.009969702114 0 -0.00174720625 0.009822597031 -0.0006810711371 0 -0.009833981115 -0.00177528408 -0.000375741761 0 4.537112312 1.180999499 -0.1722225072 1


mesh: pSphereShape23 tranform: pSphere23 -0.0005781190457 0.0007966595833 0.009951437679 0 -0.001326714246 0.009873564387 -0.000867499626 0 -0.009894726256 -0.00137042322 -0.0004651156003 0 4.621148423 1.208350501 0.09115147971 1


mesh: pSphereShape24 tranform: pSphere24 -0.001972799168 0.0004637640361 0.009792496431 0 -0.001527227958 0.009852313259 -0.0007742726955 0 -0.009683782226 -0.001648285886 -0.0018728362 0 4.470176832 1.210867307 0.388732667 1


