mesh: pSphereShape1 tranform: pSphere1 0.06852214011 0.1243521574 -0.03740844944 0 -0.03079093608 0.03784691602 0.06940904693 0 0.122448954 -0.04392696151 0.07827247569 0 -0.8416069742 0.06308476127 0.8279534692 1


mesh: pSphereShape2 tranform: pSphere2 0.1093320491 0.2289849935 -0.05571277244 0 -0.06654886386 0.05834002051 0.1091861938 0 0.1023105029 -0.02980318786 0.07828248265 0 -0.675482218 0.3537380443 0.7173315828 1


mesh: pSphereShape3 tranform: pSphere3 0.1560524504 0.2468847559 -0.03056056571 0 -0.06871742185 0.05586336848 0.1004003673 0 0.08985893524 -0.0460161774 0.08710618562 0 -0.4583112429 0.7626029964 0.6241680283 1


mesh: pSphereShape4 tranform: pSphere4 0.1738949765 0.007805932211 -0.04866199281 0 -0.001228825377 0.1474392084 0.01925966964 0 0.04698058345 -0.02109701624 0.1645022145 0 -0.1969972909 1.022281818 0.576267569 1


mesh: pSphereShape5 tranform: pSphere5 0.1855062033 0.00779668718 -0.02041689368 0 -0.004170594454 0.1376962506 0.01468898522 0 0.01997459161 -0.01802135505 0.1746055908 0 0.09246880612 1.054410531 0.5342601011 1


mesh: pSphereShape6 tranform: pSphere6 0.1041600601 -0.2398332939 0.05137737256 0 0.09241305291 0.04603412324 0.02753675773 0 -0.03305166399 0.006926652579 0.09934149915 0 0.2658022822 0.7750284 0.5771435762 1


mesh: pSphereShape7 tranform: pSphere7 0.1092841582 -0.1877857043 0.1264812986 0 0.07730201371 0.06009051384 0.0224242951 0 -0.05947225763 0.03689112855 0.1061580038 0 0.4263073022 0.3860138032 0.7848871989 1


mesh: pSphereShape8 tranform: pSphere8 0.02376499763 -0.1873424838 0.01338194567 0 0.03692361398 0.006337699217 0.02315288985 0 -0.06102536003 -0.0007744007853 0.09753360252 0 0.5330307566 0.08975190153 0.9368935948 1


mesh: pSphereShape10 tranform: pSphere10 0.1764431909 0.006512674063 -0.04992023434 0 0.001550626692 0.1526834719 0.02540002517 0 0.06120095921 -0.03582951986 0.2116405638 0 -0.05218387301 1.454327956 0.6501098846 1


mesh: pSphereShape11 tranform: pSphere11 0.07593831783 0.005314490901 -0.01664347346 0 0.0002864566147 0.1628496719 0.0533071498 0 0.02054380939 -0.02781202228 0.08485341663 0 -0.06438764827 1.276115961 0.5877913414 1


mesh: pSphereShape12 tranform: pSphere12 0.3129497759 0.01313664036 -0.0449608382 0 -0.005167652296 0.1652429575 0.01231119567 0 0.02509168978 -0.01196690649 0.1711541434 0 -0.07663220954 0.8438278539 0.5868725491 1


mesh: pSphereShape13 tranform: pSphere13 0.2154866379 0.01898441736 -0.03469542254 0 -0.01547249233 0.2056382972 0.01642314355 0 0.03215370177 -0.01296315483 0.1926074006 0 -0.05659610864 0.6220392994 0.5652031391 1


mesh: pSphereShape14 tranform: pSphere14 0.2185270179 0.01403237896 -0.03373545755 0 -0.01369197746 0.240979823 0.01154432824 0 0.02958850587 -0.007354135765 0.1886054731 0 -0.0427151796 0.4286816392 0.564612372 1


mesh: pSphereShape15 tranform: pSphere15 0.1514616487 0.005953939666 -0.007427746377 0 -0.01396507915 0.3792854633 0.01926140784 0 0.009561216334 -0.009175489434 0.1876110477 0 -0.2223408422 -0.1649274598 0.5646474634 1


mesh: pSphereShape16 tranform: pSphere16 0.1000245511 0.003671892157 -0.00498659784 0 -0.01002342535 0.3572584172 0.06201136914 0 0.00459996402 -0.01408622686 0.08189676471 0 -0.2347725675 -0.8764209608 0.5197830224 1


mesh: pSphereShape17 tranform: pSphere17 0.1106582713 -0.001545858341 0.01948590159 0 0.00176981629 0.1040053537 -0.001799622535 0 -0.04820220236 0.005564358248 0.2741763871 0 -0.2727173065 -1.33558372 0.6501378124 1


mesh: pSphereShape18 tranform: pSphere18 0.1271697923 0.01290135911 0.002287232308 0 -0.03333865217 0.3448083899 -0.09130134647 0 -0.006273042124 0.03679329534 0.1412440472 0 0.1537582963 -0.1808299455 0.6229077945 1


mesh: pSphereShape19 tranform: pSphere19 0.08613301362 0.007414592815 -7.503164304e-05 0 -0.03459711307 0.4033773725 0.1456099846 0 0.003005716297 -0.0339573 0.09478467837 0 0.2357718418 -0.8700343408 0.6216615003 1


mesh: pSphereShape20 tranform: pSphere20 0.1148070324 -0.001982151285 -0.01170113916 0 0.002628821241 0.08101460306 0.01206924932 0 0.02558579403 -0.03921863295 0.2576814365 0 0.2604193972 -1.30336516 0.7044375173 1


mesh: pSphereShape21 tranform: pSphere21 0.2604347311 0.01672341881 -0.04020502773 0 -0.0208007762 0.1149902152 -0.08690990222 0 0.02182351294 0.1615936376 0.2085808486 0 -0.03657167756 0.2577422846 0.5060952432 1


mesh: pSphereShape22 tranform: pSphere22 0.00962106622 0.0004318778622 -0.002692316158 0 -8.26396153e-05 0.009915419786 0.00129523016 0 0.002725482614 -0.001223900317 0.009543260058 0 -0.3614250527 1.193120168 0.5431178118 1


mesh: pSphereShape23 tranform: pSphere23 0.00974539586 0.0006820248209 -0.002135907694 0 -0.0002007626578 0.009753303509 0.002198355069 0 0.002233148873 -0.002099502988 0.009518672876 0 -0.1271009072 1.231050673 0.4010296157 1


mesh: pSphereShape24 tranform: pSphere24 0.009931315384 0.0004174057685 -0.001093044905 0 -0.0003010383364 0.009939074795 0.00106026796 0 0.001130641703 -0.001020080708 0.009883374155 0 0.1926219955 1.216254377 0.431816634 1


