mesh: pSphereShape1 tranform: pSphere1 0.02430965128 0.1419832346 0.02842422873 0 -0.05380063793 0.02161144094 -0.06193967687 0 -0.1146698738 -0.0002865282172 0.09950197326 0 3.689829816 -0.1478634035 -0.5304059181 1


mesh: pSphereShape2 tranform: pSphere2 0.01895139593 0.2562867978 0.03807176218 0 -0.107639853 0.02101677157 -0.08789705081 0 -0.08447448027 -0.008808012337 0.1013424748 0 3.755619147 0.1905083147 -0.4549478561 1


mesh: pSphereShape3 tranform: pSphere3 -0.02900582252 0.2827896396 0.07366871885 0 -0.09841992246 0.0132925168 -0.08977673211 0 -0.08942696743 -0.03342260623 0.09308786864 0 3.766792326 0.6528444088 -0.3680988079 1


mesh: pSphereShape4 tranform: pSphere4 0.004274230362 0.004476232074 0.1806379785 0 -0.04340413664 0.1421992001 -0.002496691699 0 -0.1648179102 -0.05021783072 0.005144302367 0 3.7222482 0.9311730936 -0.1731573835 1


mesh: pSphereShape5 tranform: pSphere5 -0.02375371889 -0.0008454360407 0.1852707084 0 -0.03885102546 0.132909285 -0.004374625889 0 -0.1680822833 -0.0498493184 -0.0217774507 0 3.689559054 0.9507440736 0.1188608701 1


mesh: pSphereShape6 tranform: pSphere6 -0.001666333904 -0.2505298806 0.09077975352 0 -0.05989478041 0.03049770776 0.08306678625 0 -0.08688870516 -0.0195259215 -0.05548167055 0 3.686715039 0.6571789042 0.2775945446 1


mesh: pSphereShape7 tranform: pSphere7 -0.0993593123 -0.2190498225 0.07313630566 0 -0.0546723574 0.04793648422 0.06929896828 0 -0.09408695454 0.01453645347 -0.08428382445 0 3.559535166 0.2198282322 0.3828843513 1


mesh: pSphereShape8 tranform: pSphere8 0.03076182402 -0.1868011516 -0.0003126685816 0 -0.02538984877 -0.004240932519 0.03573438233 0 -0.09213215545 -0.01505947153 -0.06724861435 0 3.468315378 -0.111891155 0.4465943186 1


mesh: pSphereShape10 tranform: pSphere10 -0.007019495717 -0.008122254285 0.1831704124 0 -0.01404599654 0.1540225162 0.006291486787 0 -0.2221213341 -0.01987253054 -0.009393381155 0 3.638063086 1.36615682 -0.01804830651 1


mesh: pSphereShape11 tranform: pSphere11 -0.004311262 -0.002784443752 0.07775305158 0 -0.04164839789 0.1661743048 0.003641604332 0 -0.08873540732 -0.022114647 -0.005712169121 0 3.688511821 1.183151758 -0.02248116225 1


mesh: pSphereShape12 tranform: pSphere12 -0.03236276745 -0.0002083333795 0.3147764579 0 -0.04042982811 0.1607250114 -0.004050292544 0 -0.1672239722 -0.04249858461 -0.01722074272 0 3.715774221 0.745824005 -0.06313077924 1


mesh: pSphereShape13 tranform: pSphere13 -0.02660743783 0.008340792625 0.2173042728 0 -0.06139131201 0.1969771609 -0.01507752759 0 -0.1853691745 -0.05933649964 -0.02041968752 0 3.7786326 0.5289198103 -0.04443746796 1


mesh: pSphereShape14 tranform: pSphere14 -0.03096195058 0.006668671332 0.2192850491 0 -0.06444336317 0.2323311835 -0.01616449704 0 -0.1821886423 -0.0522142521 -0.02413623763 0 3.821949508 0.3404892425 -0.03319635982 1


mesh: pSphereShape15 tranform: pSphere15 -0.01831552643 0.01577249095 0.1498233022 0 -0.1214599686 0.3562723442 -0.05235437664 0 -0.176762444 -0.06247064834 -0.01503223762 0 4.017812321 -0.2260152817 -0.1645864114 1


mesh: pSphereShape16 tranform: pSphere16 -0.01397311333 0.01270930071 0.09841994484 0 -0.2169499741 0.2828073863 -0.06732121932 0 -0.06568307342 -0.05103839341 -0.002734554861 0 4.311596329 -0.8590847894 -0.09035117509 1


mesh: pSphereShape17 tranform: pSphere17 -0.02714720734 0.006788723745 0.1088314542 0 -0.05259351604 0.08781550949 -0.01859685083 0 -0.2306281731 -0.1483485695 -0.0482747696 0 4.420959659 -1.337750817 -0.05237787841 1


mesh: pSphereShape18 tranform: pSphere18 -0.02796494604 0.009342515909 0.1243965907 0 0.1975315516 0.2980546499 0.022021334 0 -0.1176134507 0.08034598346 -0.03247426163 0 3.648962744 -0.2091764738 0.1112721223 1


mesh: pSphereShape19 tranform: pSphere19 -0.01785836907 0.004682254907 0.08445728503 0 0.005752534395 0.4296145107 -0.02260117369 0 -0.09854693227 0.0002226677617 -0.02084994887 0 3.413521245 -0.8643864244 0.1204799765 1


mesh: pSphereShape20 tranform: pSphere20 -0.008114792352 0.00223827785 0.1151114266 0 0.01562031025 0.08044709343 -0.0004630936718 0 -0.2564398412 0.04968297348 -0.01904381195 0 3.187402675 -1.247418148 0.09548672018 1


mesh: pSphereShape21 tranform: pSphere21 -0.03689963534 0.007947546447 0.2613381327 0 0.05931878357 0.1329332954 0.004332884496 0 -0.2389488499 0.1078326418 -0.03701767613 0 3.915575664 0.1874214936 -0.01113582971 1


mesh: pSphereShape22 tranform: pSphere22 0.0002364798235 0.0002476559476 0.009994135472 0 -0.002918967349 0.009563024501 -0.0001679047693 0 -0.009561574499 -0.002913284904 0.0002984361971 0 3.763394599 1.115207213 -0.3206685813 1


mesh: pSphereShape23 tranform: pSphere23 -0.0005532773973 -0.0003573361563 0.009978286175 0 -0.001480085682 0.009886120574 0.0002719675829 0 -0.00987437241 -0.001461824498 -0.0005998655189 0 3.8822775 1.127873827 -0.03806921037 1


mesh: pSphereShape24 tranform: pSphere24 -0.001271686174 -4.526151584e-05 0.009918707863 0 -0.002804311999 0.009593546076 -0.0003157655616 0 -0.009514128887 -0.002821670617 -0.001232690731 0 3.734672073 1.121251848 0.2438035376 1


