mesh: pSphereShape1 tranform: pSphere1 0.04408626596 0.138125034 -0.02315191098 0 0.01843556852 0.007932943445 0.08243351754 0 0.1410087666 -0.04949415631 -0.02677239188 0 -0.1489157647 -0.01359403307 1.107841289 1


mesh: pSphereShape2 tranform: pSphere2 0.07762689726 0.24752344 -0.01406231444 0 -0.002990083158 0.008904739369 0.1402344437 0 0.1261541618 -0.0392692719 0.005183420326 0 -0.0485280333 0.3177034302 1.039724203 1


mesh: pSphereShape3 tranform: pSphere3 0.1203055914 0.2664380021 -0.02785235829 0 -0.006470658723 0.01678969475 0.1326622422 0 0.1214664964 -0.05351876275 0.01269790038 0 0.1028643519 0.7643749425 0.9931854399 1


mesh: pSphereShape4 tranform: pSphere4 0.1269367876 -0.01622209053 -0.1276412187 0 0.0213503564 0.1471343301 0.002533031556 0 0.1201885136 -0.019540779 0.1220086761 0 0.310202019 1.018600633 0.8819834448 1


mesh: pSphereShape5 tranform: pSphere5 0.141732022 -0.0170685312 -0.1204611493 0 0.01865551456 0.1372557175 0.00250147293 0 0.112584755 -0.01776231592 0.1349816245 0 0.5351153778 1.011208371 0.689951248 1


mesh: pSphereShape6 tranform: pSphere6 0.09857042394 -0.2475716752 -0.001048111526 0 0.09557809529 0.03817592742 -0.02872302461 0 0.02635121574 0.0100638598 0.1010616476 0 0.6811508981 0.7150038791 0.6474905761 1


mesh: pSphereShape7 tranform: pSphere7 0.1495566796 -0.1921873492 0.06245669937 0 0.08047471762 0.05413112809 -0.02613352222 0 0.008266199183 0.04498768374 0.1186389684 0 0.9033089752 0.3184210184 0.7602161795 1


mesh: pSphereShape8 tranform: pSphere8 0.004414926338 -0.1884283288 0.01778570027 0 0.04366599409 0.0004839866425 -0.005711630784 0 0.01473254839 0.01106497643 0.1135694334 0 1.054855503 0.01621900591 0.8504020223 1


mesh: pSphereShape10 tranform: pSphere10 0.117187265 -0.01257038239 -0.1406263657 0 0.01687530554 0.1538666211 0.0003086806493 0 0.1700192485 -0.0189344732 0.1433735716 0 0.4841552721 1.439925122 0.8105895477 1


mesh: pSphereShape11 tranform: pSphere11 0.05352172992 -0.003252906962 -0.0565395451 0 0.03216952225 0.1670102006 0.02084381534 0 0.064334 -0.02013730005 0.0620587189 0 0.4376565398 1.257699121 0.7887107245 1


mesh: pSphereShape12 tranform: pSphere12 0.2383139641 -0.02919071627 -0.2061212437 0 0.01810639994 0.164772269 -0.002400590043 0 0.1124921168 -0.01044503353 0.1315407369 0 0.4045523774 0.8262286811 0.8475058236 1


mesh: pSphereShape13 tranform: pSphere13 0.1695784875 -0.01955102004 -0.1373301342 0 0.02135029674 0.2057469864 -0.002927343138 0 0.1222524045 -0.01051694625 0.1524573977 0 0.3838833681 0.6035494547 0.8439989639 1


mesh: pSphereShape14 tranform: pSphere14 0.1741790588 -0.003123339681 -0.1368975769 0 0.00656166934 0.2415386259 0.00283787503 0 0.1179648884 -0.004969417054 0.1502037865 0 0.3791969308 0.4102392882 0.8529414533 1


mesh: pSphereShape15 tranform: pSphere15 0.1186952601 -0.02823208113 -0.09025318096 0 0.01917097986 0.3686931502 -0.09011838032 0 0.1168117381 0.02924008773 0.1444768036 0 0.2259901513 -0.1877098932 1.043756558 1


mesh: pSphereShape16 tranform: pSphere16 0.08313391033 -0.007566109055 -0.05545057899 0 0.1577145264 0.2572188651 0.2013555045 0 0.02916631217 -0.05834617257 0.0516886052 0 0.05855835615 -0.7871943577 1.010167573 1


mesh: pSphereShape17 tranform: pSphere17 0.1010017369 -0.04727576151 -0.01382007819 0 0.04211498163 0.07169884973 0.06252269802 0 -0.04679862606 -0.1642643352 0.2198959354 0 -0.1868933534 -1.235558633 0.9129682263 1


mesh: pSphereShape18 tranform: pSphere18 0.08164252772 -0.01711908553 -0.09687758854 0 0.02895426463 0.3550105632 -0.03833246575 0 0.11180008 0.00103523149 0.09403535999 0 0.4831523178 -0.1898966716 0.7591374685 1


mesh: pSphereShape19 tranform: pSphere19 0.05479482829 -0.0102001158 -0.06608602184 0 0.09628750274 0.4190603154 0.01515590451 0 0.07457912982 -0.01948121207 0.06484368574 0 0.394846488 -0.9089330423 0.780868209 1


mesh: pSphereShape20 tranform: pSphere20 0.04269322595 0.00902110065 -0.1068522741 0 -0.00433589781 0.0816730547 0.005162897905 0 0.2429306411 0.006725110852 0.09763162031 0 0.5000189428 -1.322277101 0.8799997459 1


mesh: pSphereShape21 tranform: pSphere21 0.2075820041 -0.003722313779 -0.1631509182 0 -0.05466307799 0.1140821651 -0.0721523423 0 0.1299954958 0.1645211508 0.1616437498 0 0.3467218531 0.2379506111 0.8088479053 1


mesh: pSphereShape22 tranform: pSphere22 0.007023016213 -0.0008975176299 -0.007061990185 0 0.001435830731 0.009894916445 0.0001703486575 0 0.006972491189 -0.001133618391 0.007078084201 0 0.1665667653 1.207082027 0.9161128278 1


mesh: pSphereShape23 tranform: pSphere23 0.006868606786 -0.0004174554685 -0.007255892209 0 0.001187736683 0.00991374796 0.0005539701838 0 0.00717018287 -0.001242309271 0.006858946369 0 0.2802949889 1.198333787 0.6766532632 1


mesh: pSphereShape24 tranform: pSphere24 0.007587807773 -0.0009137859734 -0.006449043991 0 0.00134657664 0.009907276605 0.0001805592123 0 0.006372747018 -0.001005418059 0.007640499327 0 0.5761743157 1.156798159 0.5355604027 1


