mesh: pSphereShape1 tranform: pSphere1 0.006710688053 0.1415071985 0.03858515602 0 -0.05014982132 0.0202061183 -0.0653819149 0 -0.1222625883 -0.01823616934 0.08814310156 0 2.059234354 -0.1859184477 -0.5699735383 1


mesh: pSphereShape2 tranform: pSphere2 -0.02326314253 0.2524840607 0.05658765336 0 -0.1093438615 0.009599432794 -0.08778214525 0 -0.08222854848 -0.02980200189 0.09916714472 0 2.073225118 0.1523038051 -0.4699175197 1


mesh: pSphereShape3 tranform: pSphere3 -0.08152409255 0.2665808908 0.09234093955 0 -0.09847115585 0.001300460971 -0.09069053994 0 -0.08240390262 -0.05591525762 0.08867178354 0 2.002879344 0.6012515483 -0.3508824326 1


mesh: pSphereShape4 tranform: pSphere4 0.006437543132 0.003858292111 0.1805880855 0 -0.04919489945 0.140317778 -0.001244227647 0 -0.1625523806 -0.0569281027 0.007010890046 0 1.915292424 0.8662795718 -0.1399512261 1


mesh: pSphereShape5 tranform: pSphere5 -0.03229531899 -0.004049103683 0.1839315265 0 -0.0446921002 0.1310397184 -0.004962456645 0 -0.1644076435 -0.05721338304 -0.03012675595 0 1.874514705 0.8816761743 0.1496036208 1


mesh: pSphereShape6 tranform: pSphere6 -0.07900618388 -0.2422015628 0.07813697768 0 -0.05753121367 0.04409415063 0.07850765065 0 -0.08276439915 0.006291237465 -0.06418410259 0 1.797056539 0.5986384537 0.295096833 1


mesh: pSphereShape7 tranform: pSphere7 -0.2030293979 -0.1461216509 0.02513053103 0 -0.03822075558 0.06458766878 0.06676022074 0 -0.0572917511 0.06341226155 -0.09414864258 0 1.50942122 0.2501540214 0.3404438015 1


mesh: pSphereShape8 tranform: pSphere8 -0.08919624819 -0.1669850473 0.001039758363 0 -0.03297798991 0.01775966854 0.02316511092 0 -0.0536338988 0.02803964761 -0.09785029864 0 1.248460838 0.01954040118 0.3424717053 1


mesh: pSphereShape10 tranform: pSphere10 -0.003790368346 0.0003806990503 0.1834451757 0 0.008077023507 0.1545786089 -0.0001539044854 0 -0.2228544944 0.01163995853 -0.004628804978 0 1.894874984 1.311667434 0.0001975239113 1


mesh: pSphereShape11 tranform: pSphere11 -0.001650913919 0.0002317110435 0.07790441535 0 -0.0164515878 0.1705589709 -0.000855927769 0 -0.09118387876 -0.008804879015 -0.00190613775 0 1.919553358 1.123182113 0.00373099379 1


mesh: pSphereShape12 tranform: pSphere12 -0.01262194906 0.0009965185638 0.3161823902 0 -0.04463641333 0.1596429592 -0.002285028294 0 -0.1668503448 -0.04674483668 -0.00651331168 0 1.91555291 0.6806555439 -0.02812267997 1


mesh: pSphereShape13 tranform: pSphere13 -0.002730611101 -0.01277710626 0.2186960468 0 -0.06058040412 0.1975094192 0.01078289867 0 -0.1871074419 -0.05708028518 -0.005671060565 0 1.981348853 0.4655646571 -0.02293522881 1


mesh: pSphereShape14 tranform: pSphere14 0.0037478074 -0.009184907311 0.221338288 0 -0.05924892286 0.2340230353 0.01071451966 0 -0.1851937525 -0.04694092554 0.001187876115 0 2.021556986 0.2771034849 -0.03078208908 1


mesh: pSphereShape15 tranform: pSphere15 0.022890543 -0.008916211597 0.14975906 0 0.2078169999 0.3179163378 -0.0128368503 0 -0.154889528 0.102451124 0.02977436758 0 1.849888823 -0.2354177967 -0.1932973613 1


mesh: pSphereShape16 tranform: pSphere16 0.01591718173 -0.001535679057 0.098932021 0 0.05979973094 0.3577525676 -0.004067945396 0 -0.08101651754 0.01369285842 0.0132473031 0 1.550328317 -0.8620803803 -0.2087101455 1


mesh: pSphereShape17 tranform: pSphere17 0.005755473235 0.0029086152 0.1121862627 0 0.01619342158 0.1027085777 -0.003493658898 0 -0.2746733208 0.04374677761 0.01295731196 0 1.272088576 -1.29192502 -0.2064133171 1


mesh: pSphereShape18 tranform: pSphere18 0.01532799126 -0.01081182107 0.1264594393 0 -0.08771967442 0.3450146062 0.04012988369 0 -0.1405579298 -0.03734696041 0.01384382277 0 2.190301666 -0.3110134789 0.1038152978 1


mesh: pSphereShape19 tranform: pSphere19 0.01231541332 -0.007586124781 0.0852329699 0 -0.3154709165 0.2838509535 0.07084680361 0 -0.06697340691 -0.07517922413 0.002985771968 0 2.523833483 -0.916669473 0.02424331226 1


mesh: pSphereShape20 tranform: pSphere20 0.01975087936 -0.006637554707 0.1135224467 0 -0.03011066171 0.07560417191 0.009659225164 0 -0.239424032 -0.09993018357 0.03581268047 0 2.621850874 -1.295023008 -0.04180587545 1


mesh: pSphereShape21 tranform: pSphere21 0.004466537922 -0.01094633006 0.2637851286 0 0.06318971144 0.1311361909 0.004371818807 0 -0.2384912019 0.1146269405 0.008794939784 0 2.112890341 0.1211371739 -0.03465353152 1


mesh: pSphereShape22 tranform: pSphere22 0.000356169166 0.0002134672584 0.009991375043 0 -0.003308401373 0.009436497167 -8.367543185e-05 0 -0.009430144425 -0.00330256763 0.0004067224697 0 1.94697845 1.052482673 -0.2870754509 1


mesh: pSphereShape23 tranform: pSphere23 -0.0002118668169 2.973618469e-05 0.009997711149 0 9.360582634e-06 0.009999951975 -2.954448449e-05 0 -0.009997750989 8.732490547e-06 -0.0002118936342 0 2.102264497 1.039199697 -0.01645238873 1


mesh: pSphereShape24 tranform: pSphere24 -0.001728971822 -0.0002167740215 0.009847013022 0 -0.003225927537 0.009458598588 -0.0003581958661 0 -0.009306129591 -0.003238506102 -0.001705294772 0 1.905847578 1.052623167 0.2781109452 1


