mesh: pSphereShape1 tranform: pSphere1 0.06481483525 0.1293970408 0.02477050262 0 -0.05836681469 0.03844345237 -0.04809888257 0 -0.08746009308 0.02037467482 0.1224153155 0 3.604029548 -0.1153050681 -0.5017666014 1


mesh: pSphereShape2 tranform: pSphere2 0.08378790945 0.2422340143 0.04235334382 0 -0.120876531 0.05068173034 -0.05073618667 0 -0.05227941297 -0.003144920016 0.1214116492 0 3.762309292 0.1931016642 -0.435313387 1


mesh: pSphereShape3 tranform: pSphere3 0.02806602509 0.2759287218 0.09650925773 0 -0.11630727 0.03211682573 -0.05800139849 0 -0.06479257276 -0.03254873282 0.1119022203 0 3.873920606 0.6343121146 -0.3307378432 1


mesh: pSphereShape4 tranform: pSphere4 0.06879023991 0.01083000513 0.1667902841 0 -0.0378405149 0.1436643395 0.006278378684 0 -0.1532480231 -0.04324970332 0.0660132144 0 3.928369738 0.9143449249 -0.1209467675 1


mesh: pSphereShape5 tranform: pSphere5 0.04033709825 0.007342930452 0.182233886 0 -0.03200002967 0.1347838493 0.001652162041 0 -0.1676013538 -0.04026610896 0.03872069936 0 4.000128204 0.9467752208 0.1621434766 1


mesh: pSphereShape6 tranform: pSphere6 0.05799969779 -0.2250538028 0.1303678729 0 -0.03721191884 0.0428539338 0.09053396782 0 -0.09566813303 -0.03722612517 -0.02170134532 0 4.076437645 0.6788391212 0.3576300605 1


mesh: pSphereShape7 tranform: pSphere7 -0.01380774742 -0.2076477754 0.1410523462 0 -0.0402609336 0.05352567845 0.07485572229 0 -0.1162807417 -0.02339008928 -0.04581614763 0 4.072954868 0.2618045241 0.5771254918 1


mesh: pSphereShape8 tranform: pSphere8 0.08428659116 -0.1649895912 0.03892638118 0 -0.02278662309 -0.002773185975 0.0375853064 0 -0.0840827708 -0.05595557626 -0.05510498182 0 4.090095331 -0.05589973482 0.7220654945 1


mesh: pSphereShape10 tranform: pSphere10 0.05856463413 0.00189086147 0.1738771192 0 0.0004312727934 0.1547781612 -0.001828425707 0 -0.2115303643 0.001430876455 0.07123129747 0 3.937788299 1.361784378 0.01811800994 1


mesh: pSphereShape11 tranform: pSphere11 0.02232814826 0.001370795677 0.07464215868 0 -0.02473504852 0.1695038513 0.004286219604 0 -0.08678346222 -0.01332661538 0.02620478979 0 3.969671913 1.174732292 0.01121965852 1


mesh: pSphereShape12 tranform: pSphere12 0.06553925453 0.01184662377 0.3093474974 0 -0.03265340026 0.1625323946 0.0006937808877 0 -0.1661634924 -0.03353865484 0.03648825784 0 3.953844989 0.7339828959 -0.008304751382 1


mesh: pSphereShape13 tranform: pSphere13 0.03860539894 0.01549567452 0.2151003924 0 -0.05508462376 0.1993536714 -0.004474913877 0 -0.185458373 -0.05041644217 0.03691732575 0 4.010048944 0.5144152659 -0.0001924601512 1


mesh: pSphereShape14 tranform: pSphere14 0.03222802422 0.01847555447 0.2184240249 0 -0.05553443806 0.2348864824 -0.01167404907 0 -0.1838515132 -0.04194363084 0.03067475227 0 4.046259932 0.3248143115 0.007820863795 1


mesh: pSphereShape15 tranform: pSphere15 0.05425878093 0.02339244221 0.139785658 0 -0.09382792 0.3674119948 -0.02506462644 0 -0.1693975966 -0.03833666968 0.07216831508 0 4.150463279 -0.2707735416 -0.1342625699 1


mesh: pSphereShape16 tranform: pSphere16 0.03269141949 0.01957584773 0.09268935775 0 -0.23167923 0.2781668906 0.02296455877 0 -0.05799984212 -0.05088282903 0.03120284521 0 4.410639807 -0.9099179912 -0.1512983502 1


mesh: pSphereShape17 tranform: pSphere17 0.07206304425 0.04540712275 0.07329702525 0 -0.05540170969 0.0880575284 -8.217448071e-05 0 -0.1538123058 -0.09657461341 0.2110502885 0 4.584797308 -1.348830779 -0.03776109839 1


mesh: pSphereShape18 tranform: pSphere18 -0.007170342331 -0.005311655441 0.1275311926 0 0.1677141911 0.3157566848 0.02258081978 0 -0.1288337851 0.06874333556 -0.004380429751 0 3.937388715 -0.2325623677 0.1579149184 1


mesh: pSphereShape19 tranform: pSphere19 -0.003694882184 -0.004372519962 0.08626185001 0 0.009790751285 0.4295627136 0.02219344023 0 -0.1006105361 0.002509231348 -0.00418229395 0 3.73477203 -0.91037835 0.134258553 1


mesh: pSphereShape20 tranform: pSphere20 0.03085918421 -0.002931309561 0.1111783182 0 0.005067385111 0.08179060198 0.0007499502083 0 -0.2518468833 0.01495874772 0.07029822189 0 3.502137928 -1.317796461 0.1396224818 1


mesh: pSphereShape21 tranform: pSphere21 0.03840850848 0.02201867809 0.2603119868 0 0.06425025374 0.1290911612 -0.02039926475 0 -0.2344532574 0.1205454769 0.02439667859 0 4.135104196 0.1674308859 0.01222701127 1


mesh: pSphereShape22 tranform: pSphere22 0.003805949238 0.0005991903771 0.009227985765 0 -0.002544808768 0.009661556448 0.000422226631 0 -0.008890371124 -0.002509043221 0.003829621833 0 3.918560943 1.091095472 -0.2821428233 1


mesh: pSphereShape23 tranform: pSphere23 0.002865439343 0.0001759183887 0.009579055804 0 -0.0005183439743 0.009986516711 -2.834608309e-05 0 -0.009566638746 -0.0004884021874 0.002870694412 0 4.141465083 1.099570728 -0.06415687078 1


mesh: pSphereShape24 tranform: pSphere24 0.002159498914 0.0003931133131 0.009756127632 0 -0.002309799191 0.009728854298 0.000119254969 0 -0.009486906352 -0.002279222669 0.00219174631 0 4.092508268 1.118645582 0.255123359 1


