mesh: pSphereShape1 tranform: pSphere1 -0.1111577665 0.0932202125 -0.02262913496 0 0.03652577054 0.05618463135 0.05203116257 0 0.0746100174 0.06041572371 -0.117614584 0 2.177862634 0.09652879429 0.2710686785 1


mesh: pSphereShape2 tranform: pSphere2 -0.1526247503 0.2056238061 -0.04377297282 0 0.09777550107 0.08437750114 0.05544657676 0 0.05466231003 0.01514650834 -0.1194421669 0 1.925783502 0.3340562842 0.2040261441 1


mesh: pSphereShape3 tranform: pSphere3 -0.04463602835 0.2717756536 -0.101901998 0 0.1064765327 0.04323732914 0.06867543317 0 0.07824522225 -0.02640285493 -0.1046908728 0 1.743002341 0.7347176857 0.09318629994 1


mesh: pSphereShape4 tranform: pSphere4 -0.02740754343 -0.01359437588 -0.1781359158 0 0.03385782662 0.1438829653 -0.0161896547 0 0.165799594 -0.04152885513 -0.02234024895 0 1.707332627 0.9914146492 -0.1300586719 1


mesh: pSphereShape5 tranform: pSphere5 -0.02307151964 -0.01489565764 -0.1847593399 0 0.0299120317 0.1344848695 -0.01457764788 0 0.1711133042 -0.04002527241 -0.01814057793 0 1.677976565 0.9866303481 -0.4251368876 1


mesh: pSphereShape6 tranform: pSphere6 -0.03725612615 -0.2430318241 -0.1027447076 0 0.05533324771 0.02826807187 -0.08692947537 0 0.08855333865 -0.03288403611 0.04567352454 0 1.629119428 0.6928092095 -0.5879349854 1


mesh: pSphereShape7 tranform: pSphere7 0.05768691785 -0.2253329343 -0.09540076058 0 0.05408450629 0.04436439739 -0.0720831923 0 0.1030963986 -0.005042485108 0.07425047136 0 1.685158484 0.249434034 -0.728782895 1


mesh: pSphereShape8 tranform: pSphere8 -0.06028567543 -0.1777747515 -0.02455265492 0 0.02551681525 -0.003722274519 -0.03570172014 0 0.08632155875 -0.03834578749 0.06569388829 0 1.720162352 -0.0851763838 -0.8251881859 1


mesh: pSphereShape10 tranform: pSphere10 -0.004286705735 -0.01720488154 -0.1826260127 0 0.00107626139 0.1541011197 -0.01454286323 0 0.2231399524 -0.002034638703 -0.005045993076 0 1.739265575 1.417590201 -0.3131137695 1


mesh: pSphereShape11 tranform: pSphere11 -0.003048440028 -0.007560649191 -0.07749464971 0 0.03069889302 0.1676627133 -0.01756537641 0 0.09007405062 -0.0166930684 -0.001914647113 0 1.704837571 1.231038865 -0.2979326773 1


mesh: pSphereShape12 tranform: pSphere12 -0.02293406654 -0.02617971287 -0.3145159165 0 0.02167782199 0.1636534399 -0.01520292115 0 0.1714482805 -0.0236885445 -0.01052998213 0 1.719104876 0.798317921 -0.226479299 1


mesh: pSphereShape13 tranform: pSphere13 -0.009778178374 -0.01339666673 -0.2184572913 0 0.04120004648 0.2022272212 -0.01424549427 0 0.1915832289 -0.03946511661 -0.006155134319 0 1.6788465 0.5752350399 -0.2149614881 1


mesh: pSphereShape14 tranform: pSphere14 -0.005346118002 -0.002442694243 -0.2214825018 0 0.04881148248 0.2366328531 -0.003787990682 0 0.1870587245 -0.03865102561 -0.004088925172 0 1.65082235 0.382492713 -0.207502561 1


mesh: pSphereShape15 tranform: pSphere15 -0.005731716187 -0.000834096499 -0.1516499376 0 -0.03519161926 0.3783972432 -0.0007511473062 0 0.1871355691 0.01738971191 -0.007168566543 0 1.668165384 -0.2121171379 -0.02731363947 1


mesh: pSphereShape16 tranform: pSphere16 0.00596919841 0.01164231958 -0.09935836567 0 0.3144459052 0.1764585767 0.03956765103 0 0.04119469518 -0.07206954397 -0.005969878325 0 1.465283692 -0.7610165685 -0.02411081604 1


mesh: pSphereShape17 tranform: pSphere17 0.03119168077 -0.03965138352 -0.1004101085 0 0.09611833249 0.03672857126 0.0153545664 0 0.07333471907 -0.2412707672 0.1180573654 0 1.108878823 -1.156182762 0.0198460909 1


mesh: pSphereShape18 tranform: pSphere18 0.002432879318 -0.002198493334 -0.1278009402 0 -0.1263261068 0.3351345908 -0.008169950356 0 0.1366798687 0.05156210928 0.001714906572 0 1.73767219 -0.1954743543 -0.3765672297 1


mesh: pSphereShape19 tranform: pSphere19 -8.747805019e-05 -0.003579256223 -0.08637742254 0 0.1457739587 0.4044460961 -0.01690682803 0 0.09477084813 -0.03410306778 0.001317164199 0 1.77534275 -0.8760668449 -0.3732469488 1


mesh: pSphereShape20 tranform: pSphere20 -0.01879381407 0.00636300095 -0.1137005059 0 0.0139614626 0.080722599 0.002209742515 0 0.2545249969 -0.04280439213 -0.04446646754 0 1.856772891 -1.315473578 -0.3656070237 1


mesh: pSphereShape21 tranform: pSphere21 -0.006371362303 -0.002911138514 -0.2639569987 0 -0.06892658739 0.1282880221 0.000248874093 0 0.2331358639 0.1252728322 -0.007009019007 0 1.566467661 0.2225976618 -0.2078474761 1


mesh: pSphereShape22 tranform: pSphere22 -0.001516373822 -0.000752134381 -0.009855704151 0 0.002276969387 0.009676259232 -0.001088768885 0 0.009618524879 -0.002409211728 -0.001296023924 0 1.673106079 1.186612467 0.00428228321 1


mesh: pSphereShape23 tranform: pSphere23 -0.0003912156034 -0.0009702811627 -0.009945124676 0 0.0008299268461 0.009915200639 -0.001000008855 0 0.00995781963 -0.0008644945023 -0.0003073718816 0 1.517290761 1.166116549 -0.2597874027 1


mesh: pSphereShape24 tranform: pSphere24 -0.001235163752 -0.0007974583668 -0.009891331086 0 0.00215908508 0.009707273586 -0.001052231502 0 0.009685696781 -0.002265590358 -0.0010268292 0 1.59211886 1.144058931 -0.5458160137 1


