mesh: pSphereShape1 tranform: pSphere1 -0.08562392891 0.08552075703 -0.08314371743 0 -0.0138215126 0.05082517614 0.06651205794 0 0.1208279516 0.08341475115 -0.0386327599 0 5.051508712 0.1630250345 0.4625827618 1


mesh: pSphereShape2 tranform: pSphere2 -0.1296478449 0.1835424266 -0.1303654524 0 0.03358237957 0.09399978634 0.09894543007 0 0.1101424171 0.0306004249 -0.06645357807 0 4.855108358 0.3725764733 0.2572977656 1


mesh: pSphereShape3 tranform: pSphere3 -0.04364465618 0.2584959974 -0.1323380574 0 0.03725855971 0.06352701673 0.1117996048 0 0.1265298096 -0.0001738878022 -0.04206877029 0 4.688551857 0.7404139539 0.03565376801 1


mesh: pSphereShape4 tranform: pSphere4 0.08435135305 -0.01025937213 -0.1595242286 0 0.02082251003 0.1472236747 0.001541987895 0 0.1505292657 -0.02213860845 0.08101888707 0 4.732312169 0.9904361321 -0.1860745562 1


mesh: pSphereShape5 tranform: pSphere5 0.1191165108 -0.008444049026 -0.1436319749 0 0.01336549865 0.1378619024 0.002979412508 0 0.1350107508 -0.01552859166 0.1128796966 0 4.907378473 0.9956882902 -0.4205523046 1


mesh: pSphereShape6 tranform: pSphere6 0.1253191546 -0.2307542098 -0.04534937203 0 0.08443402384 0.05332520643 -0.03801189096 0 0.04123347026 0.003443918817 0.09642128818 0 5.073009092 0.7187147095 -0.5150084771 1


mesh: pSphereShape7 tranform: pSphere7 0.1855450496 -0.1672666801 0.02826498186 0 0.06636659056 0.06817871493 -0.03219407827 0 0.01741136851 0.03952284623 0.1195918703 0 5.360887069 0.3549182025 -0.4734760127 1


mesh: pSphereShape8 tranform: pSphere8 0.03371733748 -0.1856322632 0.01564806177 0 0.03902605963 0.005430082982 -0.01967376116 0 0.04922391982 0.01758079324 0.1024959478 0 5.571413115 0.07848631184 -0.4308017251 1


mesh: pSphereShape10 tranform: pSphere10 0.1513156426 0.01267170842 -0.1030031476 0 -0.01967386676 0.1532046451 -0.01005405393 0 0.1230174716 0.02788204692 0.1841475856 0 4.788752852 1.426864042 -0.299533744 1


mesh: pSphereShape11 tranform: pSphere11 0.05864542286 -0.001150269049 -0.05129589064 0 0.006749687072 0.1711757884 0.003878284179 0 0.06022532449 -0.003936776255 0.06894252014 0 4.800640675 1.236048803 -0.3221648349 1


mesh: pSphereShape12 tranform: pSphere12 0.1797757033 -0.01652597239 -0.2598830493 0 0.008584335257 0.1654955788 -0.004585602876 0 0.1424127789 -0.004649145706 0.09881055808 0 4.818305146 0.8031842558 -0.2487549217 1


mesh: pSphereShape13 tranform: pSphere13 0.1260633108 -0.01141217938 -0.1788196728 0 0.01906208216 0.2059921812 0.0002919671257 0 0.1590398772 -0.01487747487 0.1130685319 0 4.804349837 0.5774329802 -0.2537347951 1


mesh: pSphereShape14 tranform: pSphere14 0.1285346033 -0.00476694367 -0.1804028224 0 0.01483219901 0.2411522755 0.004195563538 0 0.1551750279 -0.01147292055 0.1108632956 0 4.79907173 0.3832822294 -0.2491968477 1


mesh: pSphereShape15 tranform: pSphere15 0.09594456065 -0.007391757295 -0.1173509909 0 -0.05081560189 0.3709817694 -0.06491370668 0 0.143536108 0.0397570552 0.1148489179 0 4.745733092 -0.1983144572 -0.02615636981 1


mesh: pSphereShape16 tranform: pSphere16 0.06761412634 0.006716540757 -0.07366463034 0 0.1694083309 0.2656727596 0.1797171607 0 0.04756958759 -0.05639095877 0.0385208467 0 4.651932923 -0.8110326142 -0.06557646155 1


mesh: pSphereShape17 tranform: pSphere17 0.09221679967 -0.03969508643 -0.05047479593 0 0.05391888809 0.08231328179 0.03377516313 0 0.06702197418 -0.139000415 0.2317629074 0 4.470383162 -1.25866217 -0.1112366643 1


mesh: pSphereShape18 tranform: pSphere18 0.06423085888 0.006961223559 -0.1103166838 0 -0.1282865751 0.3301236926 -0.05386213465 0 0.1149721245 0.05617873232 0.07048644644 0 5.024504151 -0.1997686538 -0.3388927635 1


mesh: pSphereShape19 tranform: pSphere19 0.04224008325 0.003215505409 -0.07536122175 0 0.06705925341 0.4213409187 0.055564551 0 0.08647303086 -0.02004177298 0.04761312926 0 5.13222376 -0.8861192225 -0.3335846976 1


mesh: pSphereShape20 tranform: pSphere20 0.02910538155 0.01088774327 -0.1111567995 0 0.00282570827 0.08143696851 0.008716588885 0 0.2532766589 -0.01572174255 0.06477821893 0 5.275493345 -1.318113328 -0.3008569069 1


mesh: pSphereShape21 tranform: pSphere21 0.1531841471 -0.005681117623 -0.2149993213 0 -0.06903936269 0.1170844151 -0.05228344981 0 0.1753596654 0.1573370958 0.1207839637 0 4.750016975 0.2129504343 -0.2847351439 1


mesh: pSphereShape22 tranform: pSphere22 0.004666897052 -0.0005676190343 -0.008825977597 0 0.001400332586 0.009900924954 0.0001037000771 0 0.008732647969 -0.001284326162 0.004700145291 0 4.604381196 1.175803759 -0.1048732865 1


mesh: pSphereShape23 tranform: pSphere23 0.007526145923 -0.0001476175342 -0.006582958044 0 -0.0002452739539 0.009984263466 -0.0005043051922 0 0.006580043179 0.0005410102614 0.007510681704 0 4.664442167 1.142924482 -0.4388764547 1


mesh: pSphereShape24 tranform: pSphere24 0.006377057024 -0.0004520631252 -0.007689524214 0 0.0009647371673 0.00995103173 0.0002150574443 0 0.007642147991 -0.0008789803394 0.006389441889 0 4.91509788 1.145996934 -0.5756860475 1


