mesh: pSphereShape1 tranform: pSphere1 0.03516877718 0.1394059719 0.02978702618 0 -0.05285551881 0.02634902643 -0.06091066844 0 -0.1130548361 0.006919484853 0.101097129 0 1.414437819 -0.2048530889 -0.5661156551 1


mesh: pSphereShape2 tranform: pSphere2 0.02688807907 0.254788146 0.04302986232 0 -0.1125431439 0.02543105034 -0.08025731505 0 -0.07801371552 -0.009722336742 0.106316285 0 1.497025965 0.1291545174 -0.4872690895 1


mesh: pSphereShape3 tranform: pSphere3 -0.03129960083 0.2803774415 0.08153050617 0 -0.1035141237 0.01284768592 -0.08392137349 0 -0.0833558834 -0.03753236981 0.09707070782 0 1.512316097 0.5877870091 -0.3907198732 1


mesh: pSphereShape4 tranform: pSphere4 0.01464720046 0.02464308408 0.1784560532 0 -0.04651672544 0.1403732574 -0.0155662424 0 -0.1631266528 -0.05177908977 0.02053920381 0 1.472775741 0.880497081 -0.1942576292 1


mesh: pSphereShape5 tranform: pSphere5 -0.02253213294 0.01887822513 0.1844616625 0 -0.04300058381 0.1303785411 -0.01859578991 0 -0.166583084 -0.05701138563 -0.01451357635 0 1.446627338 0.9310099509 0.09307401455 1


mesh: pSphereShape6 tranform: pSphere6 -0.07599417576 -0.2253923892 0.1201337485 0 -0.06463511403 0.05595724958 0.06409894016 0 -0.07800972623 -0.01066321177 -0.06935346414 0 1.375240505 0.6721386831 0.2831623872 1


mesh: pSphereShape7 tranform: pSphere7 -0.2217954875 -0.1178426009 0.01113103929 0 -0.03864116843 0.07753048056 0.05084491001 0 -0.03451477565 0.05461714664 -0.109513123 0 1.078102894 0.3561093195 0.3509479733 1


mesh: pSphereShape8 tranform: pSphere8 -0.1080426659 -0.1551212398 -0.01025870865 0 -0.03282330992 0.02154198174 0.01995368031 0 -0.03966278303 0.0343959358 -0.1023781282 0 0.7917166774 0.1592681663 0.3366974563 1


mesh: pSphereShape10 tranform: pSphere10 0.003114122959 0.01017093586 0.183176141 0 0.02363521781 0.1527164183 -0.008881461643 0 -0.2205563654 0.0342419859 0.001848311669 0 1.497615456 1.340785133 -0.08536975316 1


mesh: pSphereShape11 tranform: pSphere11 0.0003973140195 0.006580489969 0.07764287753 0 -0.002982231515 0.170716001 -0.01445348351 0 -0.09161275934 -0.001549570399 0.0006001318808 0 1.501363096 1.151554926 -0.07442759999 1


mesh: pSphereShape12 tranform: pSphere12 -0.01375831233 0.03564274617 0.3141208589 0 -0.04094727976 0.1594100174 -0.01988144395 0 -0.1678554131 -0.04341910714 -0.002425279832 0 1.473799633 0.7089737732 -0.06382228338 1


mesh: pSphereShape13 tranform: pSphere13 -0.004093959087 0.01556596026 0.2184939632 0 -0.06525696108 0.1957236156 -0.0151664847 0 -0.1856747662 -0.06183476386 0.00092621589 0 1.539767623 0.4938315451 -0.03254909835 1


mesh: pSphereShape14 tranform: pSphere14 0.001569669409 0.01034540132 0.2213132512 0 -0.07253358876 0.230273396 -0.01024980171 0 -0.1822387497 -0.05722659866 0.00396761927 0 1.588558497 0.3060177384 -0.02096071556 1


mesh: pSphereShape15 tranform: pSphere15 0.03692244964 0.00581375085 0.1470856379 0 0.1630470883 0.3389509505 -0.05432667936 0 -0.1636105116 0.08474815124 0.03772085651 0 1.466601821 -0.2273909486 -0.1370557087 1


mesh: pSphereShape16 tranform: pSphere16 0.02362022333 0.01259155358 0.09657534671 0 -0.08759199924 0.3511603888 -0.02436141671 0 -0.07834529819 -0.018049555 0.02151486326 0 1.336003237 -0.8764464019 -0.08930682958 1


mesh: pSphereShape17 tranform: pSphere17 0.008454527581 0.007599479654 0.1117949548 0 -0.002399044697 0.1037809571 -0.00687328407 0 -0.2775734609 -0.00500373295 0.02133171619 0 1.231755711 -1.337591593 -0.05550815947 1


mesh: pSphereShape18 tranform: pSphere18 0.02235191348 0.0009093270089 0.1258705592 0 -0.01263147623 0.3580231211 -0.0003433879234 0 -0.1437498513 -0.005047145215 0.02556335465 0 1.678385247 -0.292652351 0.1607712212 1


mesh: pSphereShape19 tranform: pSphere19 0.02006721812 -0.002090212192 0.08406435405 0 -0.3915322144 0.1495680535 0.09718258597 0 -0.03459977447 -0.09441490189 0.005911828475 0 1.986169698 -0.8071252298 0.1070639494 1


mesh: pSphereShape20 tranform: pSphere20 0.04166125506 0.03264370289 0.1025681664 0 -0.0760603348 0.01655729757 0.02562469036 0 -0.02386150832 -0.2455721543 0.08784874627 0 2.332125161 -1.165110097 0.05336720006 1


mesh: pSphereShape21 tranform: pSphere21 0.001870690564 0.01232937619 0.2637552903 0 0.05560357038 0.1344336011 -0.006678537185 0 -0.2446895833 0.1010584789 -0.002988563782 0 1.688618692 0.1558151408 -0.01050141317 1


mesh: pSphereShape22 tranform: pSphere22 0.0008103838788 0.001363424916 0.009873416352 0 -0.003128291755 0.00944022821 -0.001046843846 0 -0.009463459656 -0.003003858159 0.001191539968 0 1.501339169 1.047536878 -0.3633817662 1


mesh: pSphereShape23 tranform: pSphere23 5.098851952e-05 0.0008444943413 0.009964147203 0 0.0007962554871 0.009932294913 -0.0008458693521 0 -0.009968118046 0.000797713651 -1.660002401e-05 0 1.676304902 1.051774956 -0.09125310172 1


mesh: pSphereShape24 tranform: pSphere24 -0.001206286984 0.001010670287 0.009875394538 0 -0.003103831925 0.009410874046 -0.001342265646 0 -0.009429268216 -0.003227072242 -0.0008215264171 0 1.487202679 1.115546228 0.1980442965 1


