mesh: pSphereShape1 tranform: pSphere1 0.0463904695 0.1338094665 0.03874384904 0 -0.05185884921 0.03463511476 -0.05752525685 0 -0.1101682065 0.008036694351 0.1041550889 0 4.351495324 -0.02237397694 -0.3055564182 1


mesh: pSphereShape2 tranform: pSphere2 0.04776439304 0.2487006061 0.05794918888 0 -0.1076961217 0.03959561529 -0.08116444293 0 -0.08140787844 -0.008561275559 0.1038425634 0 4.460983235 0.2980145055 -0.205775352 1


mesh: pSphereShape3 tranform: pSphere3 -0.005078207672 0.2771794541 0.09687187497 0 -0.09964263719 0.0278664976 -0.08495785386 0 -0.08902295645 -0.03420092867 0.09319235001 0 4.516869356 0.7476110289 -0.08283480589 1


mesh: pSphereShape4 tranform: pSphere4 0.02087004449 -0.009577820528 0.1792793674 0 -0.02379594225 0.1463978938 0.01059126409 0 -0.1689856103 -0.02877935032 0.01813423262 0 4.511329563 1.01378173 0.1353282393 1


mesh: pSphereShape5 tranform: pSphere5 -0.009379077119 -0.01146285743 0.1862010342 0 -0.0169747423 0.1372864449 0.007596561075 0 -0.1751103111 -0.02109154953 -0.01011886183 0 4.507028608 1.016205343 0.4295516291 1


mesh: pSphereShape6 tranform: pSphere6 -0.06831361445 -0.2471807865 0.07241457212 0 -0.0469873681 0.03871188545 0.08781322816 0 -0.09031483634 0.009567144442 -0.05254354903 0 4.437378213 0.7225369415 0.5665120296 1


mesh: pSphereShape7 tranform: pSphere7 -0.1478057812 -0.1930004969 0.06409583564 0 -0.03844056267 0.05440560715 0.0751776113 0 -0.09061601213 0.04354347379 -0.0778468419 0 4.202909068 0.3250919983 0.6481325831 1


mesh: pSphereShape8 tranform: pSphere8 -0.01362703201 -0.1887838661 -0.004001712962 0 -0.03005612015 0.001487932575 0.03215574144 0 -0.08368668295 0.007706439369 -0.07857892701 0 4.033761669 0.02210693063 0.6910931757 1


mesh: pSphereShape10 tranform: pSphere10 0.01645163675 -0.01318222007 0.1822696273 0 -0.01231068782 0.1538133658 0.01223534954 0 -0.2215973388 -0.01921637139 0.01861157307 0 4.454249154 1.439160957 0.3103277379 1


mesh: pSphereShape11 tranform: pSphere11 0.004507633962 -0.004177592561 0.07767950884 0 -0.03503117933 0.1673703023 0.0110339609 0 -0.08953582971 -0.01901526377 0.004173001699 0 4.504556864 1.257085976 0.2934316421 1


mesh: pSphereShape12 tranform: pSphere12 0.001541760844 -0.0186713151 0.3158806982 0 -0.01661082778 0.1646550281 0.00981362854 0 -0.1725223896 -0.01739341887 -0.0001860504288 0 4.48802417 0.8235872885 0.2349189019 1


mesh: pSphereShape13 tranform: pSphere13 -0.003667755833 -0.01932642406 0.2182010735 0 -0.02593393494 0.2044779975 0.01767502372 0 -0.1941310903 -0.02415463979 -0.005402577685 0 4.516223585 0.6004517888 0.2260200973 1


mesh: pSphereShape14 tranform: pSphere14 -0.005622716687 -0.009826150102 0.2212710513 0 -0.02121005347 0.2404980466 0.01014100927 0 -0.1902547296 -0.01654414758 -0.005569249628 0 4.524947925 0.4077228739 0.2139764066 1


mesh: pSphereShape15 tranform: pSphere15 -0.03569199933 -0.01867499446 0.1463167031 0 0.08826392133 0.3633478959 0.06790636716 0 -0.1775071416 0.05001909124 -0.03691634934 0 4.455342461 -0.1701567867 -0.03988059347 1


mesh: pSphereShape16 tranform: pSphere16 -0.02431877985 -0.007627110198 0.09692101887 0 -0.0631525606 0.3569891008 0.01224710601 0 -0.07942814486 -0.01333139453 -0.02097868561 0 4.399022899 -0.8494683902 -0.1636604219 1


mesh: pSphereShape17 tranform: pSphere17 -0.08156367663 -0.02703800063 0.07241309433 0 -0.01031302097 0.1002528001 0.02581670321 0 -0.1895273733 0.03236511336 -0.2013926013 0 4.342288524 -1.285056671 -0.3489090509 1


mesh: pSphereShape18 tranform: pSphere18 0.02303080803 -0.01096393334 0.1252725294 0 -0.01625499347 0.356242362 0.03416697311 0 -0.1435492213 -0.009005552564 0.02560272628 0 4.573238914 -0.1998210942 0.3577872405 1


mesh: pSphereShape19 tranform: pSphere19 0.01614897006 -0.005916722687 0.08472355641 0 -0.1004264558 0.4155806182 0.04816439811 0 -0.0961219607 -0.02514806553 0.01656536381 0 4.664308019 -0.9171806301 0.3024964213 1


mesh: pSphereShape20 tranform: pSphere20 0.04696923794 0.007138302181 0.105187621 0 -0.002354288227 0.08179337165 -0.004499452264 0 -0.2391162519 -0.001005282444 0.1068403681 0 4.542015319 -1.334059923 0.3202646837 1


mesh: pSphereShape21 tranform: pSphere21 -0.006701005314 -0.01171054629 0.2637049977 0 0.08324854996 0.1192623164 0.007411599591 0 -0.2171288721 0.1514870597 0.001209740059 0 4.590107216 0.2390999481 0.2122924789 1


mesh: pSphereShape22 tranform: pSphere22 0.001154674414 -0.0005299109116 0.00991896776 0 -0.001600298586 0.009845390441 0.0007122720656 0 -0.009803355111 -0.001669575241 0.001052020475 0 4.563751662 1.201440631 -0.003801904771 1


mesh: pSphereShape23 tranform: pSphere23 0.0005784784099 -0.0005361231906 0.009968848211 0 -0.00108725972 0.009922790414 0.0005967383799 0 -0.009923871675 -0.001118392738 0.0005157214871 0 4.693184907 1.195674074 0.2548076246 1


mesh: pSphereShape24 tranform: pSphere24 -0.0005021210679 -0.0006136789517 0.009968514061 0 -0.001225256553 0.009909494546 0.0005483285737 0 -0.009911943342 -0.001193865984 -0.0005727680141 0 4.588620965 1.167357269 0.560755815 1


