mesh: pSphereShape1 tranform: pSphere1 -0.0218270577 0.1362631052 0.05014060772 0 0.02986204444 0.03159277038 -0.0728576815 0 -0.1403030938 -0.001133059764 -0.05799709286 0 4.725334909 -0.06904633215 -0.3047693193 1


mesh: pSphereShape2 tranform: pSphere2 -0.04076883938 0.2498742646 0.0582433759 0 0.02859452336 0.03564600793 -0.1329121873 0 -0.1277871797 -0.01359165369 -0.0311371122 0 4.668325882 0.2555198327 -0.1784035945 1


mesh: pSphereShape3 tranform: pSphere3 -0.09896854701 0.2753916358 0.02455751996 0 0.03576253476 0.02415309718 -0.126730828 0 -0.1203806914 -0.03956008127 -0.04151016157 0 4.565402394 0.7055906746 -0.09383193146 1


mesh: pSphereShape4 tranform: pSphere4 -0.1491015749 0.01484755366 0.1010774728 0 -0.008448505978 0.1445809988 -0.03370048332 0 -0.09693841692 -0.03770458575 -0.1374574313 0 4.364587312 0.9895049742 -0.01562595002 1


mesh: pSphereShape5 tranform: pSphere5 -0.167758793 0.01370547372 0.08098973196 0 -0.004750275069 0.1345636392 -0.03261103313 0 -0.07745297714 -0.03997513097 -0.15366812 0 4.104326788 1.030300986 0.1153732358 1


mesh: pSphereShape6 tranform: pSphere6 -0.1002774992 -0.233296698 0.08078387987 0 -0.09731929478 0.04376464253 0.005585409991 0 -0.01782980461 -0.02690661028 -0.09983615002 0 3.941241346 0.757937879 0.2306482808 1


mesh: pSphereShape7 tranform: pSphere7 -0.1397375215 -0.20841019 0.01557673555 0 -0.08348128822 0.0558217369 -0.00203184497 0 -0.002246019838 -0.007977229595 -0.1268808329 0 3.730879235 0.338270298 0.2650335701 1


mesh: pSphereShape8 tranform: pSphere8 -0.008061488729 -0.1732128765 0.07598269288 0 -0.04376830203 -0.0001075272773 -0.00488878149 0 0.01179804575 -0.04643547876 -0.1046042557 0 3.594239891 0.01821987065 0.302125716 1


mesh: pSphereShape10 tranform: pSphere10 -0.1204014772 -7.943236451e-05 0.1384562108 0 -0.01872454289 0.1527969745 -0.01619519692 0 -0.1662515097 -0.03569894925 -0.1445927408 0 4.174350128 1.424560835 -0.01805860246 1


mesh: pSphereShape11 tranform: pSphere11 -0.0592031148 0.004196741329 0.05049015446 0 -0.03107010819 0.1609816869 -0.04981259629 0 -0.05721196552 -0.03100284157 -0.06450793608 0 4.222625767 1.245584651 0.01679378241 1


mesh: pSphereShape12 tranform: pSphere12 -0.2809660015 0.0229865265 0.1437405166 0 -0.0004265352776 0.1635689467 -0.02699116386 0 -0.07976491567 -0.02526925479 -0.1518735116 0 4.248919206 0.8132979522 0.02882777444 1


mesh: pSphereShape13 tranform: pSphere13 -0.193408082 0.0252961135 0.09976017244 0 0.003877533528 0.202157614 -0.04374346515 0 -0.09185963749 -0.03486117422 -0.1692513522 0 4.241018004 0.5932810164 0.07726586234 1


mesh: pSphereShape14 tranform: pSphere14 -0.1967249334 0.02853910141 0.09784613735 0 0.009083721486 0.2361116747 -0.05060414912 0 -0.08759552958 -0.03235314365 -0.1666789872 0 4.230449499 0.4014633281 0.1080593249 1


mesh: pSphereShape15 tranform: pSphere15 -0.1293707611 -0.003583609358 0.07925664495 0 0.01998231081 0.37624611 0.04962922467 0 -0.09782539692 0.02610266436 -0.158500329 0 4.36764197 -0.194908753 0.01174732139 1


mesh: pSphereShape16 tranform: pSphere16 -0.08580840358 0.0007043315116 0.05176564069 0 -0.03378348125 0.3560001299 -0.06084438754 0 -0.04228935855 -0.01595694944 -0.06988309842 0 4.393105325 -0.8943631245 -0.03104519115 1


mesh: pSphereShape17 tranform: pSphere17 -0.09909527397 0.004535462808 0.05279109117 0 0.0005290592937 0.1037328064 -0.007918931025 0 -0.1312813632 -0.01802469016 -0.2448824613 0 4.347656038 -1.36871038 -0.1431256841 1


mesh: pSphereShape18 tranform: pSphere18 -0.126833059 0.01431889766 -0.00722335793 0 0.03687047715 0.3525949828 0.05155165701 0 0.01047889435 0.02000708939 -0.1443360235 0 4.034143374 -0.1916276949 0.1547716437 1


mesh: pSphereShape19 tranform: pSphere19 -0.08595658372 0.008671150997 -0.003186645179 0 0.04578749432 0.3864598415 -0.1834797777 0 -0.0009734764875 -0.04310513569 -0.0910344299 0 3.939917889 -0.8773134042 0.2284610688 1


mesh: pSphereShape20 tranform: pSphere20 -0.1131299374 -0.01189254579 -0.01953675758 0 -0.004235190194 0.07847138298 -0.02324324861 0 0.05010327938 -0.07051752053 -0.2472031502 0 3.961539621 -1.31745195 0.2005897478 1


mesh: pSphereShape21 tranform: pSphere21 -0.2344515823 0.03401214766 0.1166104435 0 0.04704163764 0.1249668341 0.05813026486 0 -0.08671769005 0.131600338 -0.2127348893 0 4.243276975 0.240866096 0.1900730119 1


mesh: pSphereShape22 tranform: pSphere22 -0.008249324703 0.0008214687957 0.005592301043 0 -0.0005681696495 0.009723202615 -0.002266387909 0 -0.005623684307 -0.002187354549 -0.007974312189 0 4.526934242 1.160995747 -0.05506610813 1


mesh: pSphereShape23 tranform: pSphere23 -0.00759771623 0.0005385806104 0.006479555464 0 -0.00119924581 0.009678569444 -0.002210679308 0 -0.006390345653 -0.00245666938 -0.007288913361 0 4.367637753 1.208005538 0.1524518431 1


mesh: pSphereShape24 tranform: pSphere24 -0.00898118474 0.0007337403257 0.004335890428 0 -0.0003428803544 0.009712959273 -0.002353902128 0 -0.004384148005 -0.002262752152 -0.008698229646 0 4.040493967 1.205762001 0.2242656553 1


