mesh: pSphereShape1 tranform: pSphere1 0.001883716649 0.1206523098 0.08365169808 0 0.03931766211 0.04242096476 -0.06206987826 0 -0.1345208434 0.04151009916 -0.05684152622 0 -7.702797001 0.1030224828 -0.09313970189 1


mesh: pSphereShape2 tranform: pSphere2 -0.009252313388 0.2328912767 0.1147500987 0 0.01330874974 0.06226587304 -0.1252987327 0 -0.1315479835 0.00133220031 -0.01331049836 0 -7.708714874 0.3935116474 0.1073731964 1


mesh: pSphereShape3 tranform: pSphere3 -0.08141074216 0.2727856868 0.07210172163 0 0.02182951392 0.03980416278 -0.125944967 0 -0.1262555668 -0.02943682939 -0.03118668491 0 -7.768008078 0.8224671714 0.277717614 1


mesh: pSphereShape4 tranform: pSphere4 -0.1589053596 -0.01348860021 0.0850619147 0 -0.0220711091 0.1459327762 -0.01809021886 0 -0.07805041453 -0.03047822588 -0.1506401289 0 -7.965797859 1.081752748 0.3841583342 1


mesh: pSphereShape5 tranform: pSphere5 -0.1705142041 -0.01431181118 0.07490171962 0 -0.01885960034 0.1362051032 -0.01690866417 0 -0.06799618579 -0.02932699172 -0.1603973571 0 -8.237021473 1.078200564 0.5019099689 1


mesh: pSphereShape6 tranform: pSphere6 -0.1238446851 -0.2336852911 -0.03259816036 0 -0.0920721247 0.05126121743 -0.01768042187 0 0.0213826232 0.002991286173 -0.1026789175 0 -8.414490552 0.7969219929 0.4986722851 1


mesh: pSphereShape7 tranform: pSphere7 -0.1301179034 -0.1622332685 -0.1412576181 0 -0.07333307575 0.06785195664 -0.01037748373 0 0.05673759052 0.04535994214 -0.1043587468 0 -8.61648086 0.4361854937 0.2908491779 1


mesh: pSphereShape8 tranform: pSphere8 -0.01119368046 -0.1822171871 -0.0501264007 0 -0.04395186858 0.002240558348 0.001670076674 0 -0.002649554876 0.03066002912 -0.1108622585 0 -8.76283219 0.166185107 0.1226297224 1


mesh: pSphereShape10 tranform: pSphere10 -0.1819483184 0.01449419057 0.01874492392 0 0.01207885471 0.1543036927 -0.002068817434 0 -0.02296698548 -0.001178848308 -0.2220183958 0 -8.079053215 1.513437261 0.3946452188 1


mesh: pSphereShape11 tranform: pSphere11 -0.07598568527 0.0004147342567 0.01725922267 0 -0.005044358869 0.1692510173 -0.02627541627 0 -0.02012076926 -0.014298579 -0.08824037785 0 -8.099449352 1.326140408 0.4347844434 1


mesh: pSphereShape12 tranform: pSphere12 -0.2813249531 -0.02509333021 0.1426821857 0 -0.01846017942 0.1645818353 -0.007452947002 0 -0.07700149 -0.01563651086 -0.1545729944 0 -8.067837552 0.8899617018 0.3975290421 1


mesh: pSphereShape13 tranform: pSphere13 -0.1949143098 -0.03046737395 0.0952828554 0 -0.03627778484 0.2034609771 -0.009153144215 0 -0.08250542117 -0.02262929623 -0.1760121732 0 -8.041321174 0.6669067061 0.4136222075 1


mesh: pSphereShape14 tranform: pSphere14 -0.1972543089 -0.02183139269 0.09850469146 0 -0.03397721144 0.2387653581 -0.01512182867 0 -0.08275151028 -0.02258780996 -0.1707148672 0 -8.016472125 0.4735278077 0.4145116966 1


mesh: pSphereShape15 tranform: pSphere15 -0.1429577981 -0.007419883228 0.05039112175 0 0.01499008834 0.3672424024 0.09660125822 0 -0.06268618979 0.04749850676 -0.1708445057 0 -7.855415304 -0.1027691691 0.2383852823 1


mesh: pSphereShape16 tranform: pSphere16 -0.09516866023 0.003102555897 0.03124996033 0 -0.03413836856 0.3340786876 -0.1371329933 0 -0.02487577684 -0.03232146459 -0.0725477786 0 -7.81601167 -0.7693788535 0.2162875095 1


mesh: pSphereShape17 tranform: pSphere17 -0.1088492895 -0.0272669082 -0.00597418957 0 -0.02388183784 0.09947774837 -0.01890290715 0 0.02643027851 -0.04560703566 -0.2734018001 0 -7.732947033 -1.236256051 0.1803080519 1


mesh: pSphereShape18 tranform: pSphere18 -0.08649531245 0.0156704902 0.09282687781 0 0.08519561869 0.3473492357 0.02074710374 0 -0.1018141005 0.03095094192 -0.1000944886 0 -8.237657789 -0.1226542739 0.512813602 1


mesh: pSphereShape19 tranform: pSphere19 -0.05757513545 0.0102789897 0.06366572077 0 -0.03892970857 0.4160710272 -0.1023812025 0 -0.07458562921 -0.02267506321 -0.06378944452 0 -8.321126747 -0.8243674497 0.5762105775 1


mesh: pSphereShape20 tranform: pSphere20 -0.02906179384 0.009903327937 0.1112602198 0 -0.002884967346 0.08150756223 -0.008008598635 0 -0.2532956065 -0.01533215787 -0.06479751095 0 -8.487242442 -1.251527837 0.5808240781 1


mesh: pSphereShape21 tranform: pSphere21 -0.2350824781 -0.02601807748 0.1173952909 0 0.02476745504 0.1214173127 0.0765059628 0 -0.1118411598 0.1438452776 -0.1920802721 0 -7.973990487 0.3075143922 0.4721061076 1


mesh: pSphereShape22 tranform: pSphere22 -0.008791737508 -0.0007462821434 0.004706210211 0 -0.001484302 0.009814110865 -0.00121658354 0 -0.004527935419 -0.001768132037 -0.008739079468 0 -7.821672338 1.272920691 0.3822118656 1


mesh: pSphereShape23 tranform: pSphere23 -0.009751474667 5.322411166e-05 0.002214928668 0 -8.007288306e-05 0.009982116692 -0.0005923974001 0 -0.002214120625 -0.0005954103964 -0.009733609624 0 -8.034716201 1.253264764 0.6118226735 1


mesh: pSphereShape24 tranform: pSphere24 -0.009128699247 -0.0007662013887 0.004009960785 0 -0.001361307788 0.009831442046 -0.001220486957 0 -0.003848855826 -0.001660024921 -0.009079131351 0 -8.323252685 1.231375906 0.6276885378 1


