mesh: pSphereShape1 tranform: pSphere1 -0.1250671909 0.05544630604 -0.05331078437 0 -0.007707663784 0.04887762184 0.06891775239 0 0.07832936936 0.1100576609 -0.06929448685 0 4.731229187 0.2753058022 0.3956699486 1


mesh: pSphereShape2 tranform: pSphere2 -0.1974480303 0.1432793809 -0.08931310948 0 0.0443555162 0.1090145812 0.07682671047 0 0.07512103444 0.04058683889 -0.1009621453 0 4.440843034 0.4211814142 0.2577974723 1


mesh: pSphereShape3 tranform: pSphere3 -0.09701157297 0.2517254652 -0.1160234589 0 0.06497697359 0.06871641285 0.0947580143 0 0.1079401949 0.005608933137 -0.07808366408 0 4.175582898 0.7460676599 0.09200165409 1


mesh: pSphereShape4 tranform: pSphere4 0.03035856727 -0.0004638135611 -0.1781755518 0 0.0009836805261 0.1486934742 -0.0002194628722 0 0.1699225287 -0.001081385012 0.02895518507 0 4.129942544 1.000677385 -0.1343620472 1


mesh: pSphereShape5 tranform: pSphere5 0.03959333829 0.0001899937956 -0.1825445721 0 -0.0002742688673 0.1385400129 8.470546495e-05 0 0.1726511652 0.0003189028457 0.03744782165 0 4.193931901 1.020874611 -0.4230453044 1


mesh: pSphereShape6 tranform: pSphere6 -0.008445460742 -0.2295978994 -0.1349905189 0 0.0770995675 0.03536822676 -0.06497946679 0 0.072569831 -0.04037422504 0.06413007128 0 4.208340258 0.7430946101 -0.6200360738 1


mesh: pSphereShape7 tranform: pSphere7 0.04592932 -0.2153791331 -0.1212697138 0 0.07453319852 0.04439860578 -0.0506249574 0 0.08201223886 -0.03380359585 0.09109739921 0 4.266779478 0.313668904 -0.8088092825 1


mesh: pSphereShape8 tranform: pSphere8 -0.09010954687 -0.1486692264 -0.07495857854 0 0.03651220068 -0.01102882084 -0.02201818162 0 0.0337632032 -0.06514613219 0.08862011878 0 4.263091591 -0.007967141044 -0.9456911313 1


mesh: pSphereShape10 tranform: pSphere10 0.07138551839 0.01247034288 -0.1685682136 0 -0.02570609427 0.1526395763 0.0004059186919 0 0.2022521177 0.03382693656 0.08815247816 0 4.12696128 1.441968771 -0.2599811533 1


mesh: pSphereShape11 tranform: pSphere11 0.02721048554 0.00240630766 -0.07297723136 0 -0.004093211291 0.1712542436 0.004120629487 0 0.08583177479 0.001280430722 0.03204568511 0 4.127447989 1.251946568 -0.279796131 1


mesh: pSphereShape12 tranform: pSphere12 0.08278917964 0.002233607226 -0.3054055881 0 -0.009122953516 0.1655254756 -0.001262461966 0 0.1670850786 0.009554896183 0.0453632121 0 4.210977741 0.8236059295 -0.2285060598 1


mesh: pSphereShape13 tranform: pSphere13 0.05570822203 0.005541373732 -0.2118125557 0 -0.009526729861 0.2066326616 0.002900260652 0 0.1890555364 0.008015496085 0.04993266156 0 4.221560793 0.5994999099 -0.2381422968 1


mesh: pSphereShape14 tranform: pSphere14 0.05619779153 0.002729174422 -0.2142974712 0 -0.01287022832 0.2413012284 -0.0003020346756 0 0.1845255451 0.009902724343 0.04851645854 0 4.242226034 0.4060017701 -0.2363105132 1


mesh: pSphereShape15 tranform: pSphere15 0.01060449023 0.0123131239 -0.1508879837 0 0.02232160693 0.3779875027 0.03241421945 0 0.1872932345 -0.01210447052 0.01217529313 0 4.191749932 -0.1868412991 -0.08118875496 1


mesh: pSphereShape16 tranform: pSphere16 0.01037206866 0.01387559634 -0.09870738463 0 0.2064983513 0.2915622572 0.06268442113 0 0.06788011515 -0.04815412016 0.0003636007733 0 4.015696188 -0.8420433505 -0.1303936488 1


mesh: pSphereShape17 tranform: pSphere17 0.008614594564 0.008498010472 -0.1117180184 0 0.06101855426 0.08353390101 0.01105929096 0 0.2245044715 -0.1646265881 0.004788990512 0 3.910162085 -1.339713542 -0.1897256705 1


mesh: pSphereShape18 tranform: pSphere18 0.03127835156 0.01333639692 -0.1232381346 0 -0.159112128 0.3209230258 -0.005654160751 0 0.1259175703 0.06311272763 0.03878824063 0 4.454155732 -0.18103603 -0.3841289934 1


mesh: pSphereShape19 tranform: pSphere19 0.01990150829 0.01017913269 -0.08351163438 0 -0.1280477159 0.4102880353 0.01949469297 0 0.09332673013 0.02790816804 0.02564221926 0 4.740522963 -0.8477652792 -0.4088535334 1


mesh: pSphereShape20 tranform: pSphere20 0.01962905828 -0.01354896327 -0.1129275252 0 -0.03225940562 0.0739302261 -0.01447742407 0 0.2366005057 0.1087391472 0.02807944653 0 5.064916623 -1.155391783 -0.3683594272 1


mesh: pSphereShape21 tranform: pSphere21 0.06697504438 0.003252558029 -0.255394069 0 -0.09620009373 0.1066985146 -0.02386884888 0 0.1870807976 0.1801615712 0.05135487579 0 4.204004379 0.2300825982 -0.2528577181 1


mesh: pSphereShape22 tranform: pSphere22 0.001679644759 -2.566135649e-05 -0.009857897087 0 6.615340288e-05 0.009999770292 -1.475907616e-05 0 0.009857708517 -6.273434327e-05 0.001679775935 0 4.011236832 1.168107019 -0.01108427841 1


mesh: pSphereShape23 tranform: pSphere23 0.003492004572 0.0003088087987 -0.009365390605 0 -0.001146050442 0.009933610292 -9.977449532e-05 0 0.009300132927 0.001108162303 0.003504212302 0 3.959004872 1.147797306 -0.320090336 1


mesh: pSphereShape24 tranform: pSphere24 0.002119680759 1.017156446e-05 -0.009772760614 0 -1.979704439e-05 0.009999978535 6.114138532e-06 0 0.009772745856 1.805117539e-05 0.002119696345 0 4.114514261 1.167782663 -0.5602663608 1


