mesh: pSphereShape1 tranform: pSphere1 0.04807322321 0.1358466015 -0.02815672053 0 0.01803657002 0.01065766526 0.08221425001 0 0.1397755719 -0.05435886246 -0.02361796562 0 0.1543955091 0.00167583543 1.315884506 1


mesh: pSphereShape2 tranform: pSphere2 0.09011642766 0.2424632816 -0.02412724103 0 0.01683255853 0.007608354525 0.1393295091 0 0.1230011724 -0.04693952585 -0.0122966907 0 0.2647714062 0.3272234265 1.236400755 1


mesh: pSphereShape3 tranform: pSphere3 0.1366483592 0.2572593703 -0.03719194054 0 0.01170921473 0.01296942849 0.132731767 0 0.1174472904 -0.06299245884 -0.004205770515 0 0.4400106726 0.7627837899 1.175926571 1


mesh: pSphereShape4 tranform: pSphere4 0.1044510591 -0.01431616068 -0.1468107924 0 0.02509048485 0.1465214553 0.003563110115 0 0.1376376946 -0.02601223857 0.100461268 0 0.6459892932 1.011121245 1.041467045 1


mesh: pSphereShape5 tranform: pSphere5 0.1258946095 -0.01571043377 -0.1370909147 0 0.01970363074 0.1371113134 0.002381650816 0 0.1280683122 -0.0204877758 0.1199567603 0 0.8414387254 1.00630669 0.8204263242 1


mesh: pSphereShape6 tranform: pSphere6 0.1197050417 -0.2378746438 -0.009763105434 0 0.08546171469 0.04488707373 -0.04581519192 0 0.04177457409 0.01713483016 0.09471223266 0 1.001926898 0.7209446648 0.7622028074 1


mesh: pSphereShape7 tranform: pSphere7 0.1859015921 -0.1579672668 0.06075325144 0 0.06651494417 0.06169687521 -0.043111228 0 0.01541717876 0.06070163706 0.1106573469 0 1.284988581 0.3684503165 0.8653355596 1


mesh: pSphereShape8 tranform: pSphere8 0.04165026985 -0.1790973245 0.04506063916 0 0.04019725775 0.004999314019 -0.01728477185 0 0.0396094815 0.0349293634 0.1022180338 0 1.499247832 0.1091269924 0.9617459199 1


mesh: pSphereShape10 tranform: pSphere10 0.09579291365 -0.003320543937 -0.1564587358 0 0.01059012172 0.1543935613 0.003207158803 0 0.1897589666 -0.01543608928 0.1165088061 0 0.7896595081 1.437393404 0.9590774264 1


mesh: pSphereShape11 tranform: pSphere11 0.04370568861 0.0008243385565 -0.0645058942 0 0.02905735986 0.1674543942 0.02182763378 0 0.07424953253 -0.01940930786 0.05005941158 0 0.7478851616 1.25391912 0.9376481895 1


mesh: pSphereShape12 tranform: pSphere12 0.1925861419 -0.02627819587 -0.2497031135 0 0.01971808986 0.1645911163 -0.002113416742 0 0.136030684 -0.01492921108 0.1064862067 0 0.7317369935 0.8188163912 0.9862304255 1


mesh: pSphereShape13 tranform: pSphere13 0.132866036 -0.02739813707 -0.1720308987 0 0.03116288224 0.2043361887 -0.008474886097 0 0.152788376 -0.01828639072 0.1209166439 0 0.7042684832 0.5962297817 0.9836571711 1


mesh: pSphereShape14 tranform: pSphere14 0.1324849013 -0.02153773815 -0.1762751346 0 0.02842494379 0.2398353495 -0.007940059657 0 0.151476155 -0.01412656087 0.1155724978 0 0.6880891954 0.4033173763 0.9970068872 1


mesh: pSphereShape15 tranform: pSphere15 0.06480107729 -0.009375180401 -0.1369093796 0 -0.1033083289 0.3582719712 -0.07343072769 0 0.162203555 0.06164180561 0.07255209311 0 0.6753704536 -0.1568392917 1.215176008 1


mesh: pSphereShape16 tranform: pSphere16 0.0428340358 -0.003932016459 -0.09051543728 0 -0.0125988083 0.3618710043 -0.02168183251 0 0.07518581816 0.004737110873 0.0353739177 0 0.8031516979 -0.8358103502 1.355721154 1


mesh: pSphereShape17 tranform: pSphere17 0.06660449533 0.004142659492 -0.09041030156 0 -0.007314354278 0.1037766045 -0.0006333099082 0 0.2233999971 0.01675465382 0.165344575 0 0.977714428 -1.290390375 1.512587181 1


mesh: pSphereShape18 tranform: pSphere18 0.06324411293 -0.02206795577 -0.1088899449 0 0.06078114548 0.3512244958 -0.03587803276 0 0.1245204894 -0.01387383849 0.07513416561 0 0.6937371608 -0.211152179 0.8822790816 1


mesh: pSphereShape19 tranform: pSphere19 0.04203231426 -0.0142391258 -0.07419170915 0 0.1884330287 0.3853965505 0.03278757614 0 0.07616857296 -0.04159159469 0.05113468052 0 0.4976331436 -0.9016813822 0.8851796687 1


mesh: pSphereShape20 tranform: pSphere20 0.04477331541 0.002634360736 -0.1063480637 0 0.00475501953 0.08171367206 0.00402603737 0 0.2409140525 -0.01899319934 0.1009561016 0 0.5136534618 -1.308123944 0.9667635807 1


mesh: pSphereShape21 tranform: pSphere21 0.1578920079 -0.02566810775 -0.210080052 0 -0.06094698731 0.1177735502 -0.06019641684 0 0.1809839827 0.1535907861 0.1172578707 0 0.6303149887 0.2343158921 0.9690265492 1


mesh: pSphereShape22 tranform: pSphere22 0.005778951048 -0.0007920684812 -0.00812258286 0 0.001687357744 0.009853700065 0.00023962237 0 0.007984769792 -0.001509046903 0.00582805532 0 0.5143380015 1.201075435 1.103968883 1


mesh: pSphereShape23 tranform: pSphere23 0.005608884276 0.0001057898803 -0.008278238078 0 0.0009020399397 0.009931844727 0.0007380950199 0 0.008229625819 -0.001160719093 0.005561114103 0 0.5766621175 1.191643244 0.8501944321 1


mesh: pSphereShape24 tranform: pSphere24 0.006739931333 -0.0008410784644 -0.007339340069 0 0.001422230879 0.009896853347 0.0001719103134 0 0.007249178226 -0.001159689979 0.006790031973 0 0.8643257793 1.154238977 0.6645065475 1


