mesh: pSphereShape1 tranform: pSphere1 -0.01338466561 0.1396709557 -0.0432551697 0 0.05507069518 0.0238499525 0.05997070027 0 0.1146590822 -0.01924924996 -0.09763537261 0 -7.841227821 0.01173762519 0.2961517227 1


mesh: pSphereShape2 tranform: pSphere2 0.001120762568 0.2516012639 -0.06470768978 0 0.1088849978 0.02168046929 0.08618554802 0 0.08360640211 -0.02586450347 -0.09912019511 0 -7.880562281 0.3444386058 0.1853127676 1


mesh: pSphereShape3 tranform: pSphere3 0.04755708953 0.27090306 -0.1028992394 0 0.0992272961 0.01616095999 0.08840701809 0 0.08686803664 -0.04888925037 -0.0885629144 0 -7.858579901 0.7950840713 0.05030731726 1


mesh: pSphereShape4 tranform: pSphere4 -0.01292165655 -0.01117163966 -0.1799350167 0 0.03212601528 0.1447450617 -0.01129386066 0 0.1678523915 -0.03801104378 -0.009693973422 0 -7.809316848 1.054317354 -0.1730531453 1


mesh: pSphereShape5 tranform: pSphere5 0.01438657138 -0.01278423765 -0.1857949923 0 0.02763145158 0.1355663883 -0.00718852031 0 0.1725809322 -0.03434193608 0.01572638388 0 -7.792891316 1.05359609 -0.4667226709 1


mesh: pSphereShape6 tranform: pSphere6 0.02478319615 -0.2465185112 -0.09809881868 0 0.04367914255 0.0398153067 -0.08901943459 0 0.09525904028 -0.007659873455 0.04331473241 0 -7.767010506 0.7594758606 -0.6292664154 1


mesh: pSphereShape7 tranform: pSphere7 0.1214463674 -0.2003299157 -0.09122895162 0 0.0375676399 0.05650280959 -0.07406365592 0 0.1006631033 0.02803353179 0.07244644431 0 -7.592192464 0.3475694284 -0.7627888045 1


mesh: pSphereShape8 tranform: pSphere8 -0.001645276624 -0.1891304408 -0.008247862881 0 0.0213072642 0.001494225446 -0.03851420247 0 0.1006875207 -0.003299510025 0.05557548274 0 -7.46016512 0.03566163688 -0.8509262964 1


mesh: pSphereShape10 tranform: pSphere10 0.05091652864 -0.005169006395 -0.1762028172 0 0.01200551156 0.1543196582 -0.001057873705 0 0.2137402129 -0.01620156377 0.06223882132 0 -7.730602954 1.480959997 -0.3067767568 1


mesh: pSphereShape11 tranform: pSphere11 0.01451559824 -0.003025437796 -0.07649850502 0 0.04300859736 0.1658597187 0.001601302644 0 0.08703680802 -0.02273738867 0.0174144827 0 -7.776848918 1.29616965 -0.3202308007 1


mesh: pSphereShape12 tranform: pSphere12 -0.005235198797 -0.02153517984 -0.3156587386 0 0.02056603984 0.1640958845 -0.01153619794 0 0.1720337086 -0.02165759177 -0.001375632851 0 -7.787059118 0.8627536198 -0.2720736987 1


mesh: pSphereShape13 tranform: pSphere13 -0.002110789433 -0.02384773563 -0.2177739691 0 0.0327263829 0.2030190765 -0.02254917696 0 0.1932290815 -0.0309794715 0.00151957713 0 -7.821758257 0.6402028837 -0.2599826546 1


mesh: pSphereShape14 tranform: pSphere14 -0.005386267607 -0.01798119076 -0.2207639265 0 0.03850508699 0.2376916261 -0.02029940872 0 0.1885555536 -0.03072440972 -0.00209793876 0 -7.841623169 0.4469992126 -0.24246078 1


mesh: pSphereShape15 tranform: pSphere15 -0.0650404818 -0.001728255525 -0.1371058012 0 -0.0227137333 0.3793041646 0.005993748129 0 0.1695580168 0.01142689101 -0.08057925775 0 -7.821568071 -0.144579834 -0.07547013986 1


mesh: pSphereShape16 tranform: pSphere16 -0.0399179249 0.005788797823 -0.09174044285 0 0.1822692776 0.3078495421 -0.05988343206 0 0.06386549808 -0.04375565127 -0.03055000268 0 -7.91305241 -0.8081932362 -0.008504297486 1


mesh: pSphereShape17 tranform: pSphere17 -0.07072440795 0.04239967443 -0.07633916938 0 0.04887632524 0.09166719504 0.005631578962 0 0.1723535734 -0.07937942768 -0.2037652027 0 -8.013570734 -1.268465952 -0.07833206646 1


mesh: pSphereShape18 tranform: pSphere18 0.004197848961 0.006909330491 -0.1275871145 0 -0.06397722796 0.3520787569 0.01696144441 0 0.1436637964 0.02581050475 0.00612453874 0 -7.827121414 -0.1569822521 -0.4263215791 1


mesh: pSphereShape19 tranform: pSphere19 0.001671889637 0.004755324817 -0.08630451624 0 0.08864101965 0.4202815322 0.02487440166 0 0.09854850441 -0.02082979598 0.0007613712512 0 -7.815291188 -0.8687809972 -0.482681059 1


mesh: pSphereShape20 tranform: pSphere20 -0.009566990946 -0.003852038175 -0.1149570996 0 0.001124750982 0.08189398947 -0.002837747796 0 0.2609755959 -0.004331864183 -0.02157382767 0 -7.673795278 -1.288028701 -0.4943419729 1


mesh: pSphereShape21 tranform: pSphere21 -0.006419211543 -0.02142950847 -0.2631006196 0 -0.07442283019 0.1249005612 -0.008357341559 0 0.2274813591 0.1344422028 -0.01650046015 0 -7.918967407 0.2839686774 -0.2314529017 1


mesh: pSphereShape22 tranform: pSphere22 -0.0007149149207 -0.0006180919487 -0.00995524279 0 0.002160503513 0.009734235996 -0.0007595223194 0 0.009737613734 -0.002205133086 -0.0005623760728 0 -7.858013726 1.246591372 -0.03896193465 1


mesh: pSphereShape23 tranform: pSphere23 0.00186283098 -0.0003882636568 -0.00981728639 0 0.001577066865 0.009874438157 -9.127537071e-05 0 0.009697562624 -0.001531248648 0.001900672706 0 -7.971385462 1.242330425 -0.330263055 1


mesh: pSphereShape24 tranform: pSphere24 0.0007702037729 -0.0006844207571 -0.009946776079 0 0.001994470167 0.009785338867 -0.0005188757188 0 0.009768770388 -0.001943890811 0.0008901761696 0 -7.858506057 1.210075365 -0.6006170251 1


