mesh: pSphereShape1 tranform: pSphere1 -0.1195599273 0.06230744451 -0.05814929904 0 -0.009933097571 0.04650956275 0.07025867019 0 0.08631469601 0.1094174778 -0.060228677 0 4.939856338 0.1288556703 0.3866479832 1


mesh: pSphereShape2 tranform: pSphere2 -0.1852907447 0.1559124136 -0.09407548252 0 0.04384238341 0.1032212794 0.08471804462 0 0.08299766067 0.04190942612 -0.09401491593 0 4.664604999 0.2928102815 0.2384909241 1


mesh: pSphereShape3 tranform: pSphere3 -0.07933273593 0.2607780525 -0.1092681219 0 0.06154933924 0.06138595394 0.1018158989 0 0.1128008991 0.004585287558 -0.07095446916 0 4.42373685 0.6364074561 0.07289881504 1


mesh: pSphereShape4 tranform: pSphere4 0.02410449884 -0.003858010057 -0.1790878943 0 0.004231128197 0.1486133745 -0.002632018599 0 0.1707650788 -0.004453040622 0.02308021174 0 4.387694018 0.8949218923 -0.1503223434 1


mesh: pSphereShape5 tranform: pSphere5 0.03604811606 -0.002844889176 -0.1832556391 0 0.0004557216372 0.1385242321 -0.002060827072 0 0.1733438662 -6.297582641e-05 0.03409935431 0 4.443798052 0.9100825721 -0.4406330531 1


mesh: pSphereShape6 tranform: pSphere6 -0.01414695696 -0.2236514146 -0.1441834586 0 0.07516195634 0.03773682897 -0.06591052977 0 0.07436987963 -0.04337028872 0.05997719168 0 4.451154817 0.6366947699 -0.6462000529 1


mesh: pSphereShape7 tranform: pSphere7 0.03404530934 -0.209327801 -0.135006687 0 0.0734996169 0.04514765301 -0.05146664872 0 0.08493703741 -0.04114135984 0.08520865417 0 4.494666802 0.215881914 -0.8580396631 1


mesh: pSphereShape8 tranform: pSphere8 -0.0970552923 -0.136681922 -0.08797374749 0 0.03723835575 -0.0145573222 -0.01846524412 0 0.01715541168 -0.06993722164 0.08973279646 0 4.472050544 -0.09813429898 -1.009202475 1


mesh: pSphereShape10 tranform: pSphere10 0.08643163294 0.01220632874 -0.1613915199 0 -0.03036028442 0.1517074913 -0.004785241807 0 0.1919619925 0.04175846945 0.1059616149 0 4.367631749 1.332289891 -0.2911421301 1


mesh: pSphereShape11 tranform: pSphere11 0.03153118041 -0.000395671983 -0.07125661543 0 -0.009924171572 0.1709816822 -0.005340886642 0 0.08362286406 0.006008478236 0.03696990393 0 4.375239755 1.141427956 -0.3102630853 1


mesh: pSphereShape12 tranform: pSphere12 0.08047916359 -0.002622177822 -0.3060193441 0 -0.007308266959 0.1655866335 -0.003340837205 0 0.1675210168 0.008281071637 0.04398492165 0 4.462644566 0.7153468091 -0.2429842487 1


mesh: pSphereShape13 tranform: pSphere13 0.05885960256 0.0007801798438 -0.2110298796 0 -0.008237428172 0.2067027346 -0.00153336789 0 0.1883464974 0.007895820465 0.05256203606 0 4.471014468 0.4913414455 -0.2478645158 1


mesh: pSphereShape14 tranform: pSphere14 0.06285514292 0.002351461749 -0.2124446939 0 -0.01290122865 0.2412970396 -0.001146217434 0 0.1829202929 0.01003765742 0.05423098176 0 4.490951407 0.2979198341 -0.2429373055 1


mesh: pSphereShape15 tranform: pSphere15 0.02278525841 0.001774662056 -0.1500297785 0 0.02334960473 0.379227863 0.008031925989 0 0.1855871479 -0.01202081404 0.02804322104 0 4.432830099 -0.3075022616 -0.07341993797 1


mesh: pSphereShape16 tranform: pSphere16 0.02268203698 0.01033295674 -0.09706706427 0 0.2868238547 0.2035799263 0.08869467636 0 0.0473397747 -0.06834669041 0.003786445255 0 4.184044256 -0.8856851459 -0.1168630988 1


mesh: pSphereShape17 tranform: pSphere17 0.02126881638 0.007879544687 -0.1100585902 0 0.08149192592 0.06145409808 0.02014806038 0 0.1648687039 -0.2238182562 0.01583680324 0 3.931025597 -1.314417966 -0.2028722636 1


mesh: pSphereShape18 tranform: pSphere18 0.05342551319 0.01141557248 -0.1155821432 0 -0.1834803346 0.3027544818 -0.05490826811 0 0.109622753 0.07700454665 0.05827632742 0 4.737916085 -0.2592472825 -0.347065485 1


mesh: pSphereShape19 tranform: pSphere19 0.03515228145 0.006289301546 -0.07873144002 0 -0.0143483877 0.4291035097 0.02787174734 0 0.09196447573 0.0004059790537 0.04109304311 0 4.967509155 -0.9192151165 -0.3208981703 1


mesh: pSphereShape20 tranform: pSphere20 0.03800471937 -0.009914100658 -0.1085304206 0 0.0006196357267 0.08162810294 -0.00723963054 0 0.2472883475 0.00575629933 0.08606854808 0 5.180355843 -1.331368688 -0.2443730498 1


mesh: pSphereShape21 tranform: pSphere21 0.07490910003 0.002802410036 -0.2531859779 0 -0.09542930035 0.106630583 -0.02705402743 0 0.1853528126 0.1803020442 0.05683526693 0 4.4532986 0.1219611292 -0.2603459314 1


mesh: pSphereShape22 tranform: pSphere22 0.001333626676 -0.0002134516533 -0.009908374149 0 0.0002845471887 0.009994383518 -0.0001770056255 0 0.009906587343 -0.0002583340585 0.001338951354 0 4.277057565 1.066830831 -0.02571083136 1


mesh: pSphereShape23 tranform: pSphere23 0.004046492519 -5.077779196e-05 -0.009144578717 0 -0.001461361508 0.009867745061 -0.0007014484662 0 0.009027198947 0.001620194131 0.003985555186 0 4.213066046 1.029368958 -0.3548303891 1


mesh: pSphereShape24 tranform: pSphere24 0.001929882685 -0.0001523048348 -0.00981082851 0 3.289451541e-05 0.009998839459 -0.0001487528841 0 0.009811955502 -3.564683424e-06 0.001930159714 0 4.362508976 1.055296179 -0.5785600273 1


