mesh: pSphereShape1 tranform: pSphere1 -0.0203714099 0.1439379399 -0.02061576924 0 0.07133952812 0.003539033063 -0.04578464332 0 -0.07942928404 -0.02929203661 -0.1260272596 0 -7.637723273 -0.06293053307 0.5267132037 1


mesh: pSphereShape2 tranform: pSphere2 -0.01170710745 0.2540304709 -0.05313191809 0 0.1249368591 -0.007613080463 -0.06392774381 0 -0.06027355016 -0.02674902389 -0.1146097944 0 -7.694513183 0.282632887 0.4833942886 1


mesh: pSphereShape3 tranform: pSphere3 -0.03857141494 0.2776611951 -0.08749231283 0 0.1213047577 -0.000993954332 -0.05663216036 0 -0.0536263793 -0.04340442746 -0.1141046516 0 -7.737384258 0.7437459054 0.384145792 1


mesh: pSphereShape4 tranform: pSphere4 -0.1727910188 0.006812015679 -0.05258559913 0 0.01342572923 0.1459276319 -0.02521192377 0 0.04811531332 -0.03246872362 -0.1623081529 0 -7.891518623 1.022716088 0.2559915622 1


mesh: pSphereShape5 tranform: pSphere5 -0.1720879384 0.006555916296 -0.07233913708 0 0.01403458037 0.1362118417 -0.02104239325 0 0.06632694872 -0.03165229401 -0.1606540819 0 -8.162840103 1.052222607 0.1435685561 1


mesh: pSphereShape6 tranform: pSphere6 -0.1018505525 -0.2320297663 -0.08244764331 0 -0.05812699409 0.05157534095 -0.07334045705 0 0.07837699507 -0.009865860278 -0.06905675858 0 -8.32856695 0.7794129664 0.03842280139 1


mesh: pSphereShape7 tranform: pSphere7 -0.05501548137 -0.1867395424 -0.1590775189 0 -0.04553802164 0.06545316988 -0.06108593395 0 0.1098645838 0.01955373235 -0.06094958021 0 -8.419514672 0.3893155189 -0.2036532122 1


mesh: pSphereShape8 tranform: pSphere8 -0.01629073058 -0.1886096442 -0.001439452561 0 -0.03282733543 0.003058231959 -0.02919913142 0 0.07605713838 -0.005911949193 -0.0861269902 0 -8.484442855 0.08763561511 -0.369145454 1


mesh: pSphereShape10 tranform: pSphere10 -0.1394396947 0.01979674102 -0.1176065683 0 0.01420002824 0.1538700659 0.009064784889 0 0.1436269919 -0.003190938182 -0.1708278235 0 -7.959190834 1.466811768 0.1899315067 1


mesh: pSphereShape11 tranform: pSphere11 -0.0652360853 0.004833316749 -0.04234110723 0 0.02507659173 0.168392447 -0.01941386743 0 0.04828433807 -0.01597737961 -0.0762168291 0 -8.005359481 1.280905471 0.2012325956 1


mesh: pSphereShape12 tranform: pSphere12 -0.2995385093 0.01036203492 -0.1014934492 0 0.01022969736 0.1649259277 -0.01335278369 0 0.05487092296 -0.01665218982 -0.1636411529 0 -7.992850033 0.8429034159 0.1880338154 1


mesh: pSphereShape13 tranform: pSphere13 -0.2089192442 0.001164582259 -0.06595502035 0 0.007604985191 0.2057180008 -0.02045715727 0 0.05848388297 -0.02062036688 -0.185617754 0 -8.013837941 0.6203660929 0.2081377213 1


mesh: pSphereShape14 tranform: pSphere14 -0.212977848 -0.0001772663791 -0.06106923242 0 0.005886546361 0.2406382118 -0.02122772777 0 0.05245478188 -0.01741619077 -0.1828845528 0 -8.017425355 0.4260676911 0.2150659769 1


mesh: pSphereShape15 tranform: pSphere15 -0.142668691 0.0306525378 -0.04168115154 0 0.06727952895 0.3715533721 0.04295398267 0 0.05479729357 0.01083950329 -0.1795919638 0 -7.903521466 -0.163695003 0.2236578316 1


mesh: pSphereShape16 tranform: pSphere16 -0.093569171 0.02244966953 -0.02800147032 0 0.09912010071 0.3445783466 -0.05495838711 0 0.01926547371 -0.01812765648 -0.07891065276 0 -8.016889789 -0.8590681765 0.2096062121 1


mesh: pSphereShape17 tranform: pSphere17 -0.1004713434 -0.0006820470488 -0.05032282804 0 0.001050478489 0.1039715611 -0.003506489764 0 0.1246709645 -0.009649813902 -0.2487792945 0 -8.026377571 -1.316926915 0.09702733955 1


mesh: pSphereShape18 tranform: pSphere18 -0.1198498976 0.0444836807 0.001018226984 0 0.1060249085 0.2811932076 0.1950110922 0 0.02675796537 0.07489754167 -0.1225452898 0 -8.304267738 -0.1002417497 -0.003154528488 1


mesh: pSphereShape19 tranform: pSphere19 -0.08272476003 0.024846004 0.003628776003 0 0.08511012685 0.3229833748 -0.2712020252 0 -0.02142181945 -0.05991983295 -0.07808320613 0 -8.503851384 -0.6500582929 -0.02130039127 1


mesh: pSphereShape20 tranform: pSphere20 -0.08742181227 0.05404796309 0.05251423329 0 -0.005363718342 0.05235769083 -0.06281597031 0 -0.1701381316 -0.1598532624 -0.1187114461 0 -8.69204858 -1.109897239 0.1248696551 1


mesh: pSphereShape21 tranform: pSphere21 -0.2538213769 -0.0002112613909 -0.07278069903 0 -0.02293438716 0.1197536214 0.07963565189 0 0.05989145189 0.1506587188 -0.2093076785 0 -8.039429706 0.2577537861 0.2772632263 1


mesh: pSphereShape22 tranform: pSphere22 -0.009559987687 0.0003768875631 -0.002909397048 0 0.000902892404 0.009813764903 -0.00169552462 0 0.00279131165 -0.001883606699 -0.009415976055 0 -7.768014724 1.199065425 0.3607237688 1


mesh: pSphereShape23 tranform: pSphere23 -0.008371945728 0.000620274275 -0.005433763387 0 0.0009455924418 0.009950012964 -0.0003210871365 0 0.005386685405 -0.000782624967 -0.00838874952 0 -8.091143243 1.21033401 0.3700656207 1


mesh: pSphereShape24 tranform: pSphere24 -0.009212951156 0.0003509794887 -0.003872769602 0 0.001013032261 0.00983192844 -0.001518864308 0 0.003754370337 -0.001791646322 -0.009093663004 0 -8.29608673 1.219923747 0.1725585473 1


