mesh: pSphereShape1 tranform: pSphere1 -0.03594189666 0.1393839192 -0.02895579332 0 0.08225044961 0.02006469639 -0.005509817593 0 -0.002278980494 -0.03144003092 -0.1485134184 0 3.587504466 -0.0772647893 1.35573417 1


mesh: pSphereShape2 tranform: pSphere2 -0.04030109347 0.2516368915 -0.05046022099 0 0.1385897948 0.02301994748 0.004109132876 0 0.007950969465 -0.02472516055 -0.1296505481 0 3.48676658 0.2545615707 1.291022259 1


mesh: pSphereShape3 tranform: pSphere3 -0.03970147441 0.2729327239 -0.1008460178 0 0.1315238834 0.02286111051 0.01009314095 0 0.01716218828 -0.04362600403 -0.1248272224 0 3.40738007 0.7069332583 1.180113122 1


mesh: pSphereShape4 tranform: pSphere4 -0.1315386635 0.017314585 -0.1227443283 0 0.02398305992 0.1466644193 -0.005012582679 0 0.1149043913 -0.02310944772 -0.1263968835 0 3.289266865 0.993104357 0.9972917895 1


mesh: pSphereShape5 tranform: pSphere5 -0.1195301042 0.0179007618 -0.142415962 0 0.02322495198 0.1365598742 -0.002328075775 0 0.1324876051 -0.02448052475 -0.1142742503 0 3.09905571 1.040486508 0.7769505685 1


mesh: pSphereShape6 tranform: pSphere6 -0.05141483572 -0.2319544912 -0.120675557 0 -0.02387860159 0.05218543266 -0.09013367229 0 0.1002471601 -0.006458422888 -0.0302971966 0 3.00051574 0.7721642463 0.6028114345 1


mesh: pSphereShape7 tranform: pSphere7 0.01866999889 -0.1852054109 -0.1689804834 0 -0.01773961458 0.06565512316 -0.07391908458 0 0.1247957877 0.02204270688 -0.01037096907 0 3.027253548 0.3849808976 0.3403228246 1


mesh: pSphereShape8 tranform: pSphere8 -0.02304534322 -0.1863543313 -0.024125364 0 -0.006347069097 0.006366342485 -0.04311334372 0 0.1129885022 -0.01159749038 -0.01834651081 0 3.050014294 0.08761041574 0.1572035734 1


mesh: pSphereShape10 tranform: pSphere10 -0.1514863286 0.01953898865 -0.1016698799 0 0.01796160069 0.1537187842 0.002779315124 0 0.1232510138 -0.0110428186 -0.1857640544 0 3.267757543 1.440116559 0.8786553893 1


mesh: pSphereShape11 tranform: pSphere11 -0.05899379298 0.01213695464 -0.04943990148 0 0.04594223738 0.164445241 -0.01445072479 0 0.05458866805 -0.02143727929 -0.07040013762 0 3.231616051 1.256238318 0.9026060909 1


mesh: pSphereShape12 tranform: pSphere12 -0.2063251649 0.02981523108 -0.2380600531 0 0.01929517827 0.1646087659 0.003892999035 0 0.1299104321 -0.0125279717 -0.1141615964 0 3.227835526 0.8211317385 0.8820243803 1


mesh: pSphereShape13 tranform: pSphere13 -0.1447175371 0.02012791022 -0.1632494203 0 0.02860028681 0.2048859244 -9.2114113e-05 0 0.1444172207 -0.02021806184 -0.1305159417 0 3.191216507 0.598778146 0.8746942371 1


mesh: pSphereShape14 tranform: pSphere14 -0.1470191243 0.0155188554 -0.1650260239 0 0.0286816414 0.2399175638 -0.002990460588 0 0.1411211032 -0.01845944266 -0.1274585058 0 3.174876419 0.404761979 0.8686215724 1


mesh: pSphereShape15 tranform: pSphere15 -0.1000074463 0.01058163408 -0.1136564629 0 -0.01119445537 0.3771950146 0.04496768933 0 0.1413563313 0.01881455742 -0.1226291633 0 3.302149955 -0.18753107 0.9648573731 1


mesh: pSphereShape16 tranform: pSphere16 -0.06508104269 0.01052136222 -0.07547859685 0 0.09625013264 0.348032611 -0.0344770827 0 0.05931102566 -0.02176950309 -0.05417520186 0 3.276489792 -0.8856441507 0.9569748076 1


mesh: pSphereShape17 tranform: pSphere17 -0.06212775974 0.003091667792 -0.09358379194 0 0.008718495472 0.1036430601 -0.002363985009 0 0.2308345102 -0.02293051646 -0.154002357 0 3.339296303 -1.355750891 0.8958464979 1


mesh: pSphereShape18 tranform: pSphere18 -0.07690414914 0.007581857812 -0.1018435067 0 -0.1116892223 0.3226818532 0.108361278 0 0.1074486484 0.06286621431 -0.07645656003 0 3.163177844 -0.1702509191 0.6346306946 1


mesh: pSphereShape19 tranform: pSphere19 -0.05454179932 0.00051210472 -0.06707315207 0 0.2177577095 0.3274417695 -0.1745737669 0 0.05923434814 -0.06533867384 -0.04866638993 0 3.116756769 -0.775997145 0.6272528779 1


mesh: pSphereShape20 tranform: pSphere20 -0.08665586484 0.02624110828 -0.07157978484 0 0.0398734053 0.06763849717 -0.02347527721 0 0.1170009719 -0.135355171 -0.1912647563 0 3.0272896 -1.222594612 0.6552589643 1


mesh: pSphereShape21 tranform: pSphere21 -0.1752135112 0.01849496218 -0.1966736587 0 -0.05576370822 0.1199307515 0.06095717089 0 0.1701582578 0.1490432468 -0.1375754982 0 3.114413984 0.2375336563 0.9011982807 1


mesh: pSphereShape22 tranform: pSphere22 -0.007277623642 0.000957961939 -0.006791060525 0 0.001612882418 0.009863314525 -0.0003371007076 0 0.006665943626 -0.00134064742 -0.007332657094 0 3.354480728 1.156747194 1.159431577 1


mesh: pSphereShape23 tranform: pSphere23 -0.007570853323 0.001557572394 -0.006344773298 0 0.002090841642 0.009778521217 -9.436124167e-05 0 0.006189552584 -0.001398031134 -0.007728838707 0 3.119656524 1.196045354 1.059722757 1


mesh: pSphereShape24 tranform: pSphere24 -0.006399199283 0.0009583405186 -0.007624423387 0 0.001676403924 0.009857049831 -0.0001680432049 0 0.007499327864 -0.001385695524 -0.006468379202 0 2.968738767 1.211367703 0.7538017609 1


