mesh: pSphereShape1 tranform: pSphere1 -0.03110087706 0.1428198334 0.01390559153 0 0.06482397441 0.01911016519 -0.05129074497 0 -0.09251745036 -0.008455452661 -0.1200788551 0 -7.571024624 -0.03833018598 0.3225393258 1


mesh: pSphereShape2 tranform: pSphere2 -0.03772265344 0.2569901917 -0.00495782229 0 0.1008553807 0.01293229711 -0.09703031517 0 -0.09006841714 -0.0150656386 -0.09562699859 0 -7.65208814 0.3034588341 0.3568945795 1


mesh: pSphereShape3 tranform: pSphere3 -0.07074428884 0.2818506831 -0.04235370319 0 0.1004026798 0.0120166174 -0.0877378855 0 -0.08214472992 -0.0354740579 -0.09886070483 0 -7.738748196 0.7673109714 0.337142343 1


mesh: pSphereShape4 tranform: pSphere4 -0.1801500781 -0.002069771859 -0.01449311496 0 0.0008581093591 0.1453364727 -0.03142194143 0 0.01392682112 -0.03638562637 -0.1679147633 0 -7.930334361 1.041755731 0.2713886887 1


mesh: pSphereShape5 tranform: pSphere5 -0.1836292254 -0.00319766726 -0.03406276331 0 0.002702785492 0.1357933363 -0.02731816862 0 0.03217427507 -0.03487519609 -0.1701746238 0 -8.220459209 1.056006712 0.2187976686 1


mesh: pSphereShape6 tranform: pSphere6 -0.09473022941 -0.2384356072 -0.07199726567 0 -0.07219698981 0.04762933397 -0.06274254605 0 0.06776359238 -0.002747615749 -0.08006041853 0 -8.380257869 0.7740018611 0.1404737327 1


mesh: pSphereShape7 tranform: pSphere7 -0.05719573066 -0.1829827425 -0.162634502 0 -0.05902991898 0.06351476745 -0.05070170776 0 0.09872642284 0.03373778807 -0.07267930688 0 -8.469724867 0.386688961 -0.1028420562 1


mesh: pSphereShape8 tranform: pSphere8 0.003220209023 -0.1890523702 -0.009481000715 0 -0.03922101616 0.0003364061538 -0.02002934675 0 0.05229663035 0.006021397132 -0.1023049516 0 -8.532823051 0.08770512015 -0.2736984827 1


mesh: pSphereShape10 tranform: pSphere10 -0.1660831761 0.01397898001 -0.07673076991 0 0.0124013926 0.1542867852 0.001265583725 0 0.09317762209 -0.0058264426 -0.2027437384 0 -8.02632022 1.479790089 0.2105754232 1


mesh: pSphereShape11 tranform: pSphere11 -0.07384342539 0.001777685691 -0.02481663751 0 0.01332603129 0.1685934553 -0.02757559818 0 0.02837527982 -0.0162431497 -0.08559592621 0 -8.063931707 1.293590066 0.2386859378 1


mesh: pSphereShape12 tranform: pSphere12 -0.314574248 -0.005390586261 -0.03384663404 0 -0.0005987494484 0.1644914292 -0.02063289602 0 0.01877021936 -0.02138677491 -0.1710462664 0 -8.0355 0.8554045403 0.2324264463 1


mesh: pSphereShape13 tranform: pSphere13 -0.2178210172 -0.01001942358 -0.02126704476 0 -0.006992407115 0.2052286379 -0.02507068709 0 0.01993087255 -0.02293796614 -0.1933290581 0 -8.040509435 0.6338248545 0.2621704114 1


mesh: pSphereShape14 tranform: pSphere14 -0.2209644597 -0.003333182754 -0.01589477143 0 -0.001715350699 0.24017862 -0.02651989653 0 0.01393852596 -0.02081400711 -0.1894045461 0 -8.037268044 0.4395874648 0.2732116841 1


mesh: pSphereShape15 tranform: pSphere15 -0.1486624516 0.02376686867 -0.01912755346 0 0.05554756693 0.3744497255 0.03354636922 0 0.02595688696 0.01279842141 -0.1858385108 0 -7.913348008 -0.1614689747 0.2627142993 1


mesh: pSphereShape16 tranform: pSphere16 -0.09766536754 0.0181342869 -0.01326210332 0 0.07441606933 0.3474548663 -0.07291652814 0 0.007522420173 -0.01856359887 -0.08078036592 0 -7.995771991 -0.8603852104 0.2675833197 1


mesh: pSphereShape17 tranform: pSphere17 -0.1003108421 -0.009954376635 -0.04965871927 0 -0.007160157039 0.1035977133 -0.006303208773 0 0.1240217055 -0.006590546688 -0.2492033044 0 -7.97348496 -1.318353597 0.1748793688 1


mesh: pSphereShape18 tranform: pSphere18 -0.1179447156 0.02695284155 0.04130884853 0 0.09824566593 0.3394122896 0.05905348505 0 -0.03964677355 0.0351631005 -0.1361420884 0 -8.327101792 -0.1407023631 0.2501791462 1


mesh: pSphereShape19 tranform: pSphere19 -0.07936201023 0.01545608901 0.030604877 0 -0.03353402361 0.3415697461 -0.2594573383 0 -0.03916945559 -0.05854164457 -0.07200623173 0 -8.430874922 -0.774658302 0.3806577314 1


mesh: pSphereShape20 tranform: pSphere20 -0.04354863917 0.02298437008 0.1043874275 0 -0.03941110814 0.0649437357 -0.03074116356 0 -0.2072768086 -0.1509817596 -0.05322865444 0 -8.542501218 -1.241390342 0.5429329044 1


mesh: pSphereShape21 tranform: pSphere21 -0.2633396099 -0.003972399214 -0.01894296899 0 -0.007610208836 0.1212030345 0.08037824418 0 0.01360908893 0.1467241497 -0.2199580788 0 -8.043832546 0.2724381714 0.3417702793 1


mesh: pSphereShape22 tranform: pSphere22 -0.009967141465 -0.0001145140159 -0.0008018588088 0 5.770862861e-05 0.009774008915 -0.002113153911 0 0.0008079360886 -0.002110837814 -0.009741232109 0 -7.795812041 1.226628288 0.3424310698 1


mesh: pSphereShape23 tranform: pSphere23 -0.009476551926 0.0002281358249 -0.003184794756 0 0.0004737550269 0.009964500831 -0.0006959018291 0 0.003157612986 -0.0008103562344 -0.009453719004 0 -8.102440133 1.22435573 0.4246092638 1


mesh: pSphereShape24 tranform: pSphere24 -0.009830828936 -0.0001711912674 -0.001823594249 0 0.0001950901861 0.009801720238 -0.00197185704 0 0.001821192536 -0.001974075459 -0.009632563721 0 -8.352407398 1.219074283 0.2709263435 1


