mesh: pSphereShape1 tranform: pSphere1 0.1403875436 0.04095530302 -0.0131200451 0 -0.02300253103 0.08130344031 0.007662946713 0 0.01682559435 -0.00943310528 0.1505915689 0 -1.292681965 0.7581574874 0.6350843696 1


mesh: pSphereShape2 tranform: pSphere2 0.248216325 0.05230433286 -0.05607539534 0 -0.02560267482 0.137399141 0.01482947287 0 0.03071006818 -0.008130717512 0.1283534154 0 -0.9527304946 0.8046373832 0.567428333 1


mesh: pSphereShape3 tranform: pSphere3 0.2801222658 0.08775768131 0.008276697915 0 -0.04017916926 0.1273344476 0.009726591446 0 -0.0006794249536 -0.01036875855 0.1329346893 0 -0.5025910728 0.9167064201 0.5065802514 1


mesh: pSphereShape4 tranform: pSphere4 0.1806796165 -0.0009864470877 -0.004721028033 0 0.0008390335801 0.1486908697 0.001042270881 0 0.004495661446 -0.001233216508 0.1723122343 0 -0.1280294318 1.042983455 0.5118899858 1


mesh: pSphereShape5 tranform: pSphere5 0.1867860555 -0.0009904759466 -0.0004215899911 0 0.000734344498 0.1385383059 -0.0001270130763 0 0.0003995946721 0.0001598502436 0.1766654484 0 0.1680747791 1.061676596 0.51486322 1


mesh: pSphereShape6 tranform: pSphere6 0.2521514196 -0.08612303938 -0.003383055328 0 0.03455853259 0.1009759161 0.005211340232 0 -0.000395062062 -0.005273029994 0.104791047 0 0.4823379462 0.9270222579 0.5183237134 1


mesh: pSphereShape7 tranform: pSphere7 0.2299277177 -0.02578707055 0.09834779366 0 0.009828070447 0.09991176321 0.003220060841 0 -0.04989453811 0.001138901962 0.1169472724 0 0.9092321827 0.8083238984 0.6583287193 1


mesh: pSphereShape8 tranform: pSphere8 0.1655147694 -0.08912838 0.02240648971 0 0.02080617977 0.03880992703 0.0006844390586 0 -0.01284165123 0.004869916118 0.1142316672 0 1.228721515 0.7384966201 0.7781187991 1


mesh: pSphereShape10 tranform: pSphere10 0.1833095342 0.001552191108 -0.007864458492 0 -0.001077132694 0.1546907325 0.005424516772 0 0.009627052908 -0.007748101262 0.2228639202 0 0.01015949031 1.479694849 0.5576361283 1


mesh: pSphereShape11 tranform: pSphere11 0.07786580607 0.001914860286 -0.002264220012 0 -0.003488310424 0.1696912861 0.02354674083 0 0.002946069829 -0.0125278813 0.09071952305 0 0.01117783724 1.295032741 0.5134431587 1


mesh: pSphereShape12 tranform: pSphere12 0.3164239645 -0.001685709558 -0.002154899799 0 0.0008865602682 0.1657783775 0.0004987329173 0 0.001178017552 -0.0005279386254 0.173392255 0 -0.01669762672 0.861889373 0.5650265567 1


mesh: pSphereShape13 tranform: pSphere13 0.2190757334 0.0003621061467 -0.002088887704 0 -0.0003514853037 0.2068697642 -0.001002010537 0 0.00186434633 0.0009510339153 0.1956914266 0 -0.008785085959 0.6385435704 0.5619030175 1


mesh: pSphereShape14 tranform: pSphere14 0.221545908 0.0006872652351 -0.002446355597 0 -0.0007679903815 0.2416374367 -0.001666199557 0 0.002105370477 0.001323982889 0.1910376978 0 -0.008103988632 0.4439843716 0.5743427984 1


mesh: pSphereShape15 tranform: pSphere15 0.1517588432 0.0006331434555 -0.000323259831 0 -0.001569995623 0.3799605388 0.007142269866 0 0.0004152921652 -0.003533037658 0.1880448267 0 -0.1932685023 -0.1587147171 0.569303648 1


mesh: pSphereShape16 tranform: pSphere16 0.1002146981 0.0004862930854 -0.0001938213857 0 -0.00162463903 0.3580254807 0.05826295007 0 0.0002237381866 -0.01336691122 0.08214582857 0 -0.2274376178 -0.8694328281 0.5388406293 1


mesh: pSphereShape17 tranform: pSphere17 0.1103277431 -0.0001746123191 0.02133311199 0 0.0001651208016 0.1040358459 -2.412449656e-06 0 -0.05285966169 9.023552335e-05 0.2733732863 0 -0.2775198222 -1.333037304 0.6712856092 1


mesh: pSphereShape18 tranform: pSphere18 0.1276414724 0.007102790356 -0.001018561204 0 -0.0200533812 0.3568314793 -0.02468571695 0 0.0006000642201 0.0101160951 0.1457404647 0 0.1848131252 -0.1739188061 0.5792993553 1


mesh: pSphereShape19 tranform: pSphere19 0.08623953028 0.005853653993 -0.001534928118 0 -0.02730598181 0.4224435687 0.07686577393 0 0.002974468638 -0.01783803379 0.09909200217 0 0.2468273668 -0.893534579 0.5553768931 1


mesh: pSphereShape20 tranform: pSphere20 0.1146291551 0.00104241901 -0.01343764967 0 -0.0007044112008 0.08194709297 0.0003480628545 0 0.0305005756 -0.000842647648 0.2601181685 0 0.269644711 -1.312543891 0.7082476252 1


mesh: pSphereShape21 tranform: pSphere21 0.2640325645 0.0008190645642 -0.00291550202 0 -0.001384734311 0.1110497603 -0.09420608385 0 0.001697855996 0.1712797488 0.201878936 0 -0.00396301934 0.2700411659 0.5252625224 1


mesh: pSphereShape22 tranform: pSphere22 0.009996439168 -5.457703806e-05 -0.0002611997439 0 5.642576526e-05 0.009999595142 7.00936571e-05 0 0.0002608066186 -7.154253747e-05 0.00999634241 0 -0.2714727857 1.210906225 0.419439544 1


mesh: pSphereShape23 tranform: pSphere23 0.009992756303 0.0002457398589 -0.0002905742577 0 -0.0002337918743 0.009988951246 0.0004076694391 0 0.0003002712724 -0.0004005807457 0.00998746075 0 -0.01662047659 1.218080001 0.3286478533 1


mesh: pSphereShape24 tranform: pSphere24 0.009999833938 -5.302641547e-05 -2.257036741e-05 0 5.300583609e-05 0.009999855315 -9.167950906e-06 0 2.261865521e-05 9.048162541e-06 0.009999970326 0 0.2860294519 1.207936601 0.4080294141 1


