mesh: pSphereShape1 tranform: pSphere1 -0.128217435 0.0710690573 -0.008222729753 0 0.02896200316 0.05851901563 0.05417392154 0 0.05278812779 0.08175355902 -0.1165318578 0 1.9513897 0.07814943097 0.2441113694 1


mesh: pSphereShape2 tranform: pSphere2 -0.1888979486 0.17658619 -0.02502837785 0 0.08763248485 0.1001507122 0.04521411978 0 0.03799051846 0.0229865166 -0.1245478087 0 1.656375053 0.2681251434 0.2082455038 1


mesh: pSphereShape3 tranform: pSphere3 -0.05136702269 0.2707108577 -0.1015650463 0 0.110282691 0.04410163738 0.06177222207 0 0.07190738588 -0.02722714536 -0.1089385827 0 1.440623822 0.6403979083 0.1152032966 1


mesh: pSphereShape4 tranform: pSphere4 -0.05695351021 -0.0122166116 -0.1711006635 0 0.03653974148 0.1423972725 -0.02233000522 0 0.158014972 -0.04825512103 -0.04915231231 0 1.37609648 0.8964586294 -0.1061380666 1


mesh: pSphereShape5 tranform: pSphere5 -0.04917942395 -0.01405858946 -0.1796494633 0 0.03182251037 0.1334683035 -0.01915613189 0 0.1655311869 -0.04546038293 -0.04175698286 0 1.302704406 0.8931263458 -0.3929997138 1


mesh: pSphereShape6 tranform: pSphere6 -0.1442453232 -0.1980976547 -0.1046879522 0 0.04173740975 0.02045477886 -0.09621422206 0 0.07812548269 -0.0672426005 0.01959505279 0 1.139112594 0.639780773 -0.5562311404 1


mesh: pSphereShape7 tranform: pSphere7 -0.08880866178 -0.2017137282 -0.1209487922 0 0.04949998693 0.02787624188 -0.08283710896 0 0.10111185 -0.06718784398 0.03781023629 0 0.9611114809 0.2399773984 -0.7349144732 1


mesh: pSphereShape8 tranform: pSphere8 -0.1580522309 -0.1007395038 -0.02668524849 0 0.01786671934 -0.01857111913 -0.03571372122 0 0.04280849912 -0.08447159437 0.06534125826 0 0.7902688311 -0.04457070985 -0.8457726485 1


mesh: pSphereShape10 tranform: pSphere10 -0.01509181627 -0.01968201509 -0.1818007142 0 0.007429969471 0.1536457523 -0.01725070093 0 0.2221918068 -0.0126617054 -0.0170740256 0 1.402816791 1.318984896 -0.2972954165 1


mesh: pSphereShape11 tranform: pSphere11 -0.009846306866 -0.009903520758 -0.07666060041 0 0.03449240774 0.1658419568 -0.02585476872 0 0.08900234089 -0.01989255636 -0.008861631812 0 1.358799788 1.134231608 -0.2786129899 1


mesh: pSphereShape12 tranform: pSphere12 -0.06366038398 -0.02606193763 -0.3088684857 0 0.02731748503 0.1623686525 -0.01933082706 0 0.1674313929 -0.03195670669 -0.0318125465 0 1.3629498 0.70295588 -0.1999565512 1


mesh: pSphereShape13 tranform: pSphere13 -0.03259849264 -0.008401633105 -0.2164842313 0 0.04467988257 0.201465451 -0.01454672059 0 0.1888519267 -0.0438130744 -0.02673722114 0 1.316399521 0.4826689916 -0.1839296158 1


mesh: pSphereShape14 tranform: pSphere14 -0.02222712191 0.003577343905 -0.220413711 0 0.04776866426 0.23687386 -0.0009726285327 0 0.1863003373 -0.03764951271 -0.01939809254 0 1.287915105 0.2912225356 -0.1776453105 1


mesh: pSphereShape15 tranform: pSphere15 -0.01023523042 0.01402550672 -0.150763978 0 0.07409425019 0.3715657823 0.02953640989 0 0.1840325009 -0.03544282182 -0.01579103058 0 1.20563082 -0.3086093445 -0.02531338677 1


mesh: pSphereShape16 tranform: pSphere16 0.002226219505 0.01725304367 -0.09869466143 0 0.3229929321 0.1612352057 0.03547153574 0 0.03783321684 -0.07316304592 -0.0119364124 0 0.8800192841 -0.8488602736 -0.05219235125 1


mesh: pSphereShape17 tranform: pSphere17 0.01527402435 -0.00693136092 -0.1111125712 0 0.1001362475 0.02545447285 0.01217728408 0 0.06535165612 -0.2694273591 0.02579079059 0 0.5067847186 -1.242252477 -0.067325277 1


mesh: pSphereShape18 tranform: pSphere18 0.004133729152 0.001252465492 -0.1277700129 0 -0.1990641322 0.2978276385 -0.00352084465 0 0.1213703951 0.08117822587 0.004722432542 0 1.448921779 -0.2476290732 -0.3475878353 1


mesh: pSphereShape19 tranform: pSphere19 0.001621211136 -0.001393666559 -0.08642515386 0 0.03728243524 0.4285836739 -0.006211849338 0 0.1003320139 -0.008698556381 0.002022354112 0 1.650034428 -0.9028679464 -0.3574535173 1


mesh: pSphereShape20 tranform: pSphere20 -0.01892786933 0.001387655346 -0.1138477512 0 -0.003453556643 0.08186296613 0.001571977045 0 0.2581200057 0.01171063717 -0.04277125688 0 1.840672603 -1.315966258 -0.3578542063 1


mesh: pSphereShape21 tranform: pSphere21 -0.02648969712 0.004263384028 -0.2626832421 0 -0.06903770734 0.1279095914 0.009037941087 0 0.2315966816 0.1265067502 -0.02130162185 0 1.20419339 0.1310035621 -0.1759675704 1


mesh: pSphereShape22 tranform: pSphere22 -0.003151059933 -0.0006759069844 -0.009466465605 0 0.002457330581 0.009576345048 -0.001501712998 0 0.009166915932 -0.002799422309 -0.002851471029 0 1.372464228 1.092710724 0.03094971186 1


mesh: pSphereShape23 tranform: pSphere23 -0.001263606581 -0.001270949014 -0.009838088585 0 0.001061611172 0.009843301536 -0.001407976064 0 0.009862873827 -0.001222335257 -0.001108880693 0 1.173163471 1.077166065 -0.2226982626 1


mesh: pSphereShape24 tranform: pSphere24 -0.002632884297 -0.0007526448353 -0.009617767206 0 0.002296985642 0.009633896672 -0.001382711779 0 0.009369726636 -0.002573239332 -0.002363612089 0 1.205824792 1.053277062 -0.5010961719 1


