mesh: pSphereShape1 tranform: pSphere1 0.06122602656 0.1290347638 -0.03405199322 0 0.05645029282 -0.01029320772 0.06249400697 0 0.09400826219 -0.07006083907 -0.09645636423 0 -5.568614455 -0.07197794937 0.6898016914 1


mesh: pSphereShape2 tranform: pSphere2 0.1220362564 0.2258988766 -0.03960286463 0 0.07565415288 -0.02041529925 0.1166773281 0 0.09252022951 -0.06241336182 -0.07091118028 0 -5.433451159 0.2411428594 0.5995677466 1


mesh: pSphereShape3 tranform: pSphere3 0.1538858791 0.2388919813 -0.07408208687 0 0.07094062966 -0.01064418414 0.11303611 0 0.08891044169 -0.07682010512 -0.06303339755 0 -5.21553361 0.6510749616 0.5043779147 1


mesh: pSphereShape4 tranform: pSphere4 0.03620372837 -0.007366759088 -0.1769276855 0 0.05169954672 0.1393380738 0.004777354787 0 0.1578899333 -0.05977602221 0.03479704036 0 -5.035832762 0.8852063715 0.3146342151 1


mesh: pSphereShape5 tranform: pSphere5 0.06348614861 -0.01266419194 -0.1752122042 0 0.04765958834 0.1298453967 0.007883792617 0 0.1546343167 -0.06042547018 0.06039748778 0 -4.937922923 0.8848216756 0.03726834613 1


mesh: pSphereShape6 tranform: pSphere6 0.08727834455 -0.2448296915 -0.05873562891 0 0.07162435337 0.04171139206 -0.06743661953 0 0.06986841421 0.006186512218 0.07803368647 0 -4.842169461 0.5963864596 -0.08621384819 1


mesh: pSphereShape7 tranform: pSphere7 0.2061167026 -0.1425897129 0.01970014098 0 0.0495693124 0.06334084497 -0.06016760602 0 0.03691539438 0.06736132983 0.1013268546 0 -4.553693024 0.2497612199 -0.06827037725 1


mesh: pSphereShape8 tranform: pSphere8 0.07704410646 -0.1690380452 0.036488392 0 0.03621534503 0.01172533621 -0.02214816662 0 0.0457593073 0.04178207172 0.0969424683 0 -4.298665211 0.01832827166 -0.01139482835 1


mesh: pSphereShape10 tranform: pSphere10 0.02825494363 0.004860403636 -0.1812310099 0 -0.00578527273 0.154647359 0.00324550435 0 0.2203860976 0.007519206836 0.03456110048 0 -4.976441581 1.324130357 0.1933512903 1


mesh: pSphereShape11 tranform: pSphere11 0.01402111489 0.003331735233 -0.0765779669 0 0.02105287846 0.1696827959 0.01123721368 0 0.08942647547 -0.01214466692 0.01584523749 0 -5.001615671 1.136327999 0.1831916553 1


mesh: pSphereShape12 tranform: pSphere12 0.06426607855 -0.01454116627 -0.3094996546 0 0.04542424444 0.1594251307 0.001941878508 0 0.1630003035 -0.0468819947 0.03604885828 0 -5.012503691 0.6931236363 0.2138254412 1


mesh: pSphereShape13 tranform: pSphere13 0.03275601675 -0.02773908178 -0.214840076 0 0.06820077607 0.1947496209 -0.01474673606 0 0.1824301378 -0.06118220063 0.03571411283 0 -5.081417968 0.4780904005 0.2096587334 1


mesh: pSphereShape14 tranform: pSphere14 0.01981004403 -0.02387684002 -0.2193775399 0 0.07008224626 0.2304964514 -0.01875850425 0 0.1820426459 -0.05353786061 0.02226566934 0 -5.129684536 0.2914688931 0.223046123 1


mesh: pSphereShape15 tranform: pSphere15 -0.01367211862 -0.005582697282 -0.1510402546 0 -0.2038087821 0.3206898313 0.006595484082 0 0.1578370788 0.1006809563 -0.01800869955 0 -4.973413048 -0.2177363249 0.3953357686 1


mesh: pSphereShape16 tranform: pSphere16 -0.009690692751 -0.0004783908382 -0.09974528249 0 -0.08070084508 0.3535945045 0.006144558496 0 0.08074065468 0.0185652942 -0.00793335107 0 -4.662024848 -0.8449670158 0.4175983868 1


mesh: pSphereShape17 tranform: pSphere17 -0.004776639457 0.01461185498 -0.1113149606 0 -0.02835174365 0.09908267149 0.01422277541 0 0.2676366236 0.07678390504 -0.001405456821 0 -4.359004471 -1.244858253 0.415441486 1


mesh: pSphereShape18 tranform: pSphere18 0.001174564289 -0.02078628605 -0.1261363678 0 0.1013925557 0.3391759739 -0.05494939215 0 0.140112591 -0.04058993156 0.007993611923 0 -5.307700848 -0.2931936962 0.1058797788 1


mesh: pSphereShape19 tranform: pSphere19 -0.00135829356 -0.0143897008 -0.08523478986 0 0.3381973888 0.2613126004 -0.04950538948 0 0.06224611961 -0.07824584691 0.01221784935 0 -5.671405911 -0.876775679 0.1869293927 1


mesh: pSphereShape20 tranform: pSphere20 -0.004797137823 -0.004279561047 -0.1152396334 0 0.04278198834 0.06976055066 -0.004371548354 0 0.2231153012 -0.1370926964 -0.0041966316 0 -5.811222793 -1.261665087 0.259735283 1


mesh: pSphereShape21 tranform: pSphere21 0.02360908751 -0.02845578762 -0.2614483607 0 -0.05664079394 0.1327325597 -0.01956121269 0 0.2427578405 0.1051359766 0.01047841367 0 -5.227532176 0.1394961811 0.2265666502 1


mesh: pSphereShape22 tranform: pSphere22 0.002003039277 -0.0004075797842 -0.009788856541 0 0.003476841161 0.009370611175 0.0003212814197 0 0.009159662068 -0.003467783865 0.00201867924 0 -5.095557311 1.080733556 0.4392264905 1


mesh: pSphereShape23 tranform: pSphere23 0.001799372424 0.0004275717408 -0.009827483975 0 0.0002764989676 0.009984402801 0.0004850247648 0 0.009832894142 -0.000359002936 0.001784743593 0 -5.187572888 1.058213482 0.1704711588 1


mesh: pSphereShape24 tranform: pSphere24 0.003398813373 -0.0006779939539 -0.009380212783 0 0.003440124266 0.009372391066 0.0005690612789 0 0.008752920238 -0.00342032307 0.003418739154 0 -4.94061247 1.051021173 -0.1008955025 1


