mesh: pSphereShape1 tranform: pSphere1 0.09659435648 0.1086433454 -0.02059826734 0 0.04929310267 -0.03224975352 0.06105923368 0 0.07275291901 -0.0842573359 -0.1032357441 0 2.509648967 -0.03346594435 0.2337645724 1


mesh: pSphereShape2 tranform: pSphere2 0.1653759242 0.1989820258 -0.02341995584 0 0.06284635104 -0.03813282432 0.1197921452 0 0.08308539865 -0.07707104441 -0.0681225861 0 2.715710636 0.24436918 0.1679656315 1


mesh: pSphereShape3 tranform: pSphere3 0.1789661851 0.2227206801 -0.06786016053 0 0.06682158324 -0.01881597441 0.1144721315 0 0.08213937532 -0.08486184213 -0.0618966491 0 2.994776945 0.6211525851 0.09123088924 1


mesh: pSphereShape4 tranform: pSphere4 0.02828336848 0.01159399387 -0.1781404372 0 0.01324357776 0.1476421611 0.01171174458 0 0.1695581109 -0.01725585607 0.02579768137 0 3.17709401 0.8644425983 -0.09300773516 1


mesh: pSphereShape5 tranform: pSphere5 0.04757585826 0.013475629 -0.1801253299 0 0.01465218435 0.1370375709 0.01412215435 0 0.169814572 -0.02260465069 0.04316140393 0 3.25093111 0.9038864946 -0.3759543354 1


mesh: pSphereShape6 tranform: pSphere6 0.1428775632 -0.216942384 -0.05942192661 0 0.03229496641 0.04614149426 -0.09080519549 0 0.08269531624 0.0407372074 0.05011076797 0 3.406317923 0.6519528319 -0.5077519112 1


mesh: pSphereShape7 tranform: pSphere7 0.2450937947 -0.04884964417 -0.02732692705 0 0.003473976654 0.0617189117 -0.07917087604 0 0.02796581713 0.09722657237 0.07702164148 0 3.790535885 0.4334067041 -0.5436776745 1


mesh: pSphereShape8 tranform: pSphere8 0.1465796285 -0.1164287604 0.02828098417 0 0.02200512265 0.01977999736 -0.03262058079 0 0.04469029616 0.07456955528 0.07536349738 0 4.124170373 0.330986678 -0.5404536166 1


mesh: pSphereShape10 tranform: pSphere10 0.01908191586 0.009309378761 -0.1822521887 0 -0.007522233845 0.154443502 0.00710133817 0 0.2217307947 0.009709239605 0.02371129471 0 3.222744258 1.313625994 -0.205458148 1


mesh: pSphereShape11 tranform: pSphere11 0.008472955454 0.005591602898 -0.07725813964 0 0.02099167808 0.1694371618 0.01456528573 0 0.09039023022 -0.01197615507 0.00904638002 0 3.199628405 1.12575735 -0.218581411 1


mesh: pSphereShape12 tranform: pSphere12 0.03169729098 0.01783927061 -0.3143384366 0 0.00296874548 0.1654714249 0.00969016309 0 0.1724969907 -0.004099791546 0.01716159842 0 3.244684922 0.6907070657 -0.2093553686 1


mesh: pSphereShape13 tranform: pSphere13 0.01447525793 0.001436001457 -0.2186025534 0 0.01108406556 0.2065647565 0.002090881337 0 0.1949932681 -0.01059314276 0.01284232978 0 3.234618505 0.466200816 -0.2276644012 1


mesh: pSphereShape14 tranform: pSphere14 0.003202392775 -0.001704697858 -0.2215307767 0 0.008535325967 0.2414873811 -0.001734881089 0 0.1909146963 -0.006727645118 0.002811584267 0 3.237531434 0.2719635839 -0.2294317541 1


mesh: pSphereShape15 tranform: pSphere15 -0.0183944366 0.007801845648 -0.1504394488 0 -0.1997291687 0.3206967885 0.04105261236 0 0.1583767257 0.1004487059 -0.01415563111 0 3.455544487 -0.2516019326 -0.09156786911 1


mesh: pSphereShape16 tranform: pSphere16 -0.0125878003 0.01257171488 -0.09862433286 0 0.01933926294 0.3596168711 0.04337227807 0 0.08244810977 -0.003116762313 -0.01092046311 0 3.678138255 -0.8869006306 -0.1372993768 1


mesh: pSphereShape17 tranform: pSphere17 0.01005673989 0.0001306551654 -0.1119204537 0 0.00363876727 0.103971356 0.0004483410225 0 0.2771485446 -0.009806923941 0.02489204972 0 3.856802764 -1.359935778 -0.1552448331 1


mesh: pSphereShape18 tranform: pSphere18 -0.02846335568 0.006829679571 -0.124446878 0 -0.05362441199 0.3527951526 0.03162641459 0 0.1407366337 0.02415853735 -0.03086330373 0 3.273021806 -0.3339200812 -0.4411727479 1


mesh: pSphereShape19 tranform: pSphere19 -0.02452450215 0.0005541911616 -0.08289824798 0 0.3818615552 0.1636403838 -0.111875422 0 0.03656862443 -0.09315633596 -0.01144117939 0 3.04579518 -0.8507997447 -0.411391069 1


mesh: pSphereShape20 tranform: pSphere20 -0.05750088901 0.03369620575 -0.09423223309 0 0.071019529 0.01623857299 -0.0375297034 0 0.007353890828 -0.2450569796 -0.09211652299 0 2.702618574 -1.220925442 -0.3469553125 1


mesh: pSphereShape21 tranform: pSphere21 0.003816527169 -0.002031613904 -0.2640145315 0 -0.08943025175 0.1149184204 -0.002177087917 0 0.2089199314 0.1626163387 0.001768747262 0 3.181259694 0.1002005623 -0.2330670849 1


mesh: pSphereShape22 tranform: pSphere22 0.001564830488 0.0006414594888 -0.009855954305 0 0.0008906425532 0.009929068541 0.0007876253898 0 0.009836567561 -0.001001063253 0.001496599806 0 3.073947597 1.030364785 0.04538222933 1


mesh: pSphereShape23 tranform: pSphere23 0.001087360207 0.0007175874485 -0.009914772616 0 0.0002627454295 0.0099683521 0.0007502807741 0 0.00993723365 -0.0003420886647 0.001065064658 0 3.013614259 1.046764161 -0.2201904774 1


mesh: pSphereShape24 tranform: pSphere24 0.002547035327 0.0007214352905 -0.009643243343 0 0.00105761163 0.009891530528 0.001019353452 0 0.009612183346 -0.001279513556 0.002443107934 0 3.194076197 1.071362649 -0.5002041336 1


