mesh: pSphereShape1 tranform: pSphere1 -0.01730486406 0.1329852021 0.05977970001 0 -0.08001941058 -0.01954687588 0.02031994502 0 0.04717549912 -0.05401453441 0.1338163185 0 4.394893155 -0.08198287109 -0.7973025337 1


mesh: pSphereShape2 tranform: pSphere2 -0.04313608997 0.2378275946 0.09523051084 0 -0.138471959 -0.02386999942 -0.00311028819 0 0.005553073316 -0.04823929013 0.1229876024 0 4.378305328 0.2455039873 -0.6683147852 1


mesh: pSphereShape3 tranform: pSphere3 -0.01668660486 0.263624837 0.1283039387 0 -0.1336603443 -0.006961722345 -0.003079051484 0 0.0002764222208 -0.05833735192 0.1199011316 0 4.335833238 0.6853741896 -0.4944210655 1


mesh: pSphereShape4 tranform: pSphere4 0.1466180094 0.02507305596 0.1026785575 0 -0.02425130701 0.1467011052 -0.001193692843 0 -0.09680203374 -0.0148482011 0.1418525117 0 4.420467527 0.9709127697 -0.3058866151 1


mesh: pSphereShape5 tranform: pSphere5 0.1362502742 0.02666095932 0.1249609753 0 -0.02321599637 0.136527937 -0.00381543039 0 -0.1171663188 -0.01625654607 0.131219832 0 4.637121386 1.032027483 -0.1154863023 1


mesh: pSphereShape6 tranform: pSphere6 0.09070129019 -0.2128000834 0.1322813738 0 0.02394811154 0.06214800815 0.08355656116 0 -0.09581581566 -0.01625361302 0.03955090383 0 4.779859143 0.7848768926 0.06584294206 1


mesh: pSphereShape7 tranform: pSphere7 0.01117328079 -0.168082059 0.1866215318 0 0.01516639282 0.0742303747 0.06594810223 0 -0.1255663259 0.01054129629 0.01701192018 0 4.817294873 0.4241973744 0.3603602419 1


mesh: pSphereShape8 tranform: pSphere8 0.02926657916 -0.1841471852 0.03277711627 0 0.01362938723 0.009428877077 0.0408033343 0 -0.1079506557 -0.01031422593 0.03844178139 0 4.834550768 0.1445928341 0.5698959866 1


mesh: pSphereShape10 tranform: pSphere10 0.1404838304 0.02565895963 0.1152065776 0 -0.01236763639 0.1531177222 -0.01902138373 0 -0.1424690066 0.00980297603 0.1715445247 0 4.470796005 1.427178874 -0.2438431217 1


mesh: pSphereShape11 tranform: pSphere11 0.05896898903 0.01116091326 0.04969878756 0 -0.0309681203 0.1685274794 -0.001101874637 0 -0.05756104466 -0.01011584946 0.07056950282 0 4.509114812 1.241051305 -0.2454358327 1


mesh: pSphereShape12 tranform: pSphere12 0.2358183087 0.04455261766 0.2062435456 0 -0.02165583176 0.1640143321 -0.01066906702 0 -0.1133815663 -0.006446840354 0.1310328173 0 4.498700584 0.8061988036 -0.1900758853 1


mesh: pSphereShape13 tranform: pSphere13 0.1643026755 0.03264608547 0.1412003381 0 -0.03522953472 0.2037589204 -0.006116304882 0 -0.1250936614 -0.01714015556 0.1495235955 0 4.540924613 0.5842543045 -0.175855591 1


mesh: pSphereShape14 tranform: pSphere14 0.1658771313 0.03043041956 0.1436934696 0 -0.03532510404 0.238847355 -0.009802799715 0 -0.1235386128 -0.01231109491 0.14521789 0 4.563755725 0.3921936996 -0.1604169988 1


mesh: pSphereShape15 tranform: pSphere15 0.1160532157 0.03199098026 0.09240930769 0 -0.05635997169 0.3713603293 -0.05778016459 0 -0.1179388846 0.004883101287 0.1464243371 0 4.495557249 -0.2120998744 -0.2105552775 1


mesh: pSphereShape16 tranform: pSphere16 0.075665964 0.02361048333 0.06132264453 0 -0.126713185 0.3389013236 0.02586729992 0 -0.04618177677 -0.02227096601 0.06555844029 0 4.618434141 -0.9035587549 -0.1730769221 1


mesh: pSphereShape17 tranform: pSphere17 0.08710245614 0.01717695682 0.06888727997 0 -0.01518905622 0.1027215305 -0.006408137926 0 -0.1711556849 -0.01162670746 0.21931178 0 4.63480045 -1.356713341 -0.04789069316 1


mesh: pSphereShape18 tranform: pSphere18 0.09682904497 0.0368707199 0.07489004371 0 0.02573337375 0.3062690599 -0.1840578272 0 -0.09481118568 0.06299719931 0.09157057643 0 4.687755655 -0.1503923097 0.1519257448 1


mesh: pSphereShape19 tranform: pSphere19 0.06750949703 0.02150088444 0.049538446 0 -0.1892334132 0.3744450221 0.09536337494 0 -0.04468076503 -0.04282094747 0.07947492373 0 4.812331962 -0.7693714266 0.301005933 1


mesh: pSphereShape20 tranform: pSphere20 0.1050778145 0.04533539909 0.01499515825 0 -0.03367810481 0.07333087329 0.01429376327 0 -0.0125042263 -0.05557098487 0.2556324837 0 4.950609914 -1.199630143 0.4180997733 1


mesh: pSphereShape21 tranform: pSphere21 0.1976879861 0.0362661707 0.1712500837 0 0.04409322079 0.1164289099 -0.07555693089 0 -0.1561405605 0.154825844 0.1474578693 0 4.62472073 0.2243964693 -0.1888707796 1


mesh: pSphereShape22 tranform: pSphere22 0.008111916778 0.001387213918 0.005680884062 0 -0.001630922276 0.009865781679 -8.02769207e-05 0 -0.005615772316 -0.0008613880666 0.008229283802 0 4.332890888 1.123839824 -0.4679507544 1


mesh: pSphereShape23 tranform: pSphere23 0.007567670156 0.001432314028 0.006377996938 0 -0.001189627859 0.009895827595 -0.0008107908309 0 -0.006427686518 -0.000145164527 0.007659227983 0 4.617875842 1.15733853 -0.3937833466 1


mesh: pSphereShape24 tranform: pSphere24 0.007294335288 0.001427329064 0.006689948015 0 -0.001675757498 0.009854744565 -0.000275402183 0 -0.006632081838 -0.0009201854683 0.007427566842 0 4.768727887 1.203426951 -0.1200368025 1


