mesh: pSphereShape1 tranform: pSphere1 -0.02996210269 0.1378636213 0.04066975731 0 0.034222884 0.02871519759 -0.07212709775 0 -0.1354237431 -0.009375276054 -0.06798837203 0 4.719250464 -0.06796291837 -0.1898581426 1


mesh: pSphereShape2 tranform: pSphere2 -0.05011235109 0.251266476 0.0429586721 0 0.044689272 0.03106732259 -0.1295825012 0 -0.1227422147 -0.0165635171 -0.04630134695 0 4.643203252 0.2602529497 -0.08482327339 1


mesh: pSphereShape3 tranform: pSphere3 -0.1019282527 0.2752213705 0.01011072005 0 0.05025116369 0.02308949471 -0.1219209972 0 -0.1145978909 -0.04042491279 -0.0548885618 0 4.527881567 0.7122418492 -0.02365733142 1


mesh: pSphereShape4 tranform: pSphere4 -0.1598740143 0.009738391205 0.08374872098 0 -0.006823934044 0.1454906363 -0.02994451059 0 -0.08001914386 -0.03437007321 -0.1487577648 0 4.317927854 0.9923870587 0.03034285327 1


mesh: pSphereShape5 tranform: pSphere5 -0.1754073455 0.009015165341 0.06357027043 0 -0.003104345462 0.1356853191 -0.02780781914 0 -0.0605974497 -0.03464691285 -0.1622911162 0 4.044413251 1.02588003 0.1342648761 1


mesh: pSphereShape6 tranform: pSphere6 -0.1010588176 -0.2401479258 0.05590215114 0 -0.09851823381 0.04137154121 -0.000372908869 0 -0.008192418884 -0.0204333446 -0.1025889232 0 3.877533969 0.7450906839 0.2167208263 1


mesh: pSphereShape7 tranform: pSphere7 -0.1346193804 -0.2121516348 -0.008562893919 0 -0.08454944634 0.05389322729 -0.006019249405 0 0.008753580962 -0.0004346373113 -0.126848778 0 3.676235751 0.3194550957 0.2064696725 1


mesh: pSphereShape8 tranform: pSphere8 -0.01033440216 -0.1774592201 0.06513434683 0 -0.04358169001 0.0002117870873 -0.006337779682 0 0.01532975493 -0.04007559606 -0.1067541245 0 3.542904271 -0.00412064125 0.215618631 1


mesh: pSphereShape10 tranform: pSphere10 -0.1321404654 -0.007622740766 0.1270725602 0 -0.02229557196 0.1525311091 -0.01403483293 0 -0.1514855622 -0.03684061868 -0.1597370759 0 4.11455511 1.423015289 0.0211709417 1


mesh: pSphereShape11 tranform: pSphere11 -0.06373265227 0.0009560406617 0.0448231208 0 -0.03061483257 0.1619166407 -0.04698386308 0 -0.05011274 -0.0299656825 -0.07061465969 0 4.16598693 1.245039804 0.05632192381 1


mesh: pSphereShape12 tranform: pSphere12 -0.2947129795 0.01494885935 0.1142471088 0 -7.187574078e-05 0.1643563352 -0.0216908986 0 -0.06313749131 -0.02115701486 -0.1601017753 0 4.200312287 0.8134660961 0.0559409913 1


mesh: pSphereShape13 tranform: pSphere13 -0.2043533683 0.0140532346 0.07772309185 0 0.0008238188477 0.2039384103 -0.03470840009 0 -0.07054905132 -0.03034990271 -0.1800034151 0 4.193563712 0.5915399555 0.09502332223 1


mesh: pSphereShape14 tranform: pSphere14 -0.2073449296 0.01789651546 0.07600553417 0 0.005953718336 0.2382599081 -0.03985958196 0 -0.06716797924 -0.02787778994 -0.1766716697 0 4.18679663 0.3982990695 0.1167374689 1


mesh: pSphereShape15 tranform: pSphere15 -0.1294416122 -0.006313860427 0.07896996933 0 0.01433583027 0.3759648319 0.0535576054 0 -0.09792398061 0.02629957285 -0.1584068753 0 4.33072792 -0.1975957737 0.02501490057 1


mesh: pSphereShape16 tranform: pSphere16 -0.08595306887 -0.0008036380745 0.05152362449 0 -0.04146967171 0.3546950749 -0.06364845474 0 -0.04172294042 -0.0174168485 -0.06987496803 0 4.36876393 -0.8949047113 -0.01946563146 1


mesh: pSphereShape17 tranform: pSphere17 -0.09947833787 0.005033580815 0.05201986556 0 0.0005551858357 0.1036472877 -0.008967497892 0 -0.12948967 -0.02055863121 -0.2456356523 0 4.333302707 -1.36947831 -0.1282700215 1


mesh: pSphereShape18 tranform: pSphere18 -0.1263664554 0.01268184443 -0.01464658134 0 0.03115805059 0.354816848 0.03839801546 0 0.01813046005 0.01402210541 -0.1442832128 0 3.990313176 -0.2001852512 0.1609754121 1


mesh: pSphereShape19 tranform: pSphere19 -0.08568541218 0.007896366572 -0.00833878807 0 0.05310612996 0.3879198701 -0.1783548314 0 0.004946117633 -0.0425853043 -0.09114985236 0 3.897356126 -0.8900404945 0.2444264583 1


mesh: pSphereShape20 tranform: pSphere20 -0.1115424003 -0.01317298894 -0.02657565759 0 -0.004966485569 0.0796492529 -0.01863528701 0 0.06540745951 -0.05390053497 -0.2478085013 0 3.925124044 -1.319236819 0.2113906031 1


mesh: pSphereShape21 tranform: pSphere21 -0.2471082134 0.02132859467 0.09058138916 0 0.03560374382 0.1237709786 0.0679843459 0 -0.06720605112 0.1378673256 -0.215802426 0 4.196303074 0.2347826438 0.1932506441 1


mesh: pSphereShape22 tranform: pSphere22 -0.008845330149 0.0005387947859 0.004633555301 0 -0.0004589157212 0.009784376558 -0.002013795354 0 -0.004642147231 -0.001993909613 -0.008629877957 0 4.48099421 1.167023735 0.01509386462 1


mesh: pSphereShape23 tranform: pSphere23 -0.008179005584 0.000122691613 0.005752287756 0 -0.001247927811 0.009721899902 -0.001981751365 0 -0.005616631005 -0.002338719534 -0.007936236331 0 4.298713106 1.205957973 0.2036316236 1


mesh: pSphereShape24 tranform: pSphere24 -0.009390659923 0.0004826385785 0.003403316944 0 -0.0002240752497 0.009793923428 -0.002007200581 0 -0.003430057798 -0.001961153715 -0.009186325686 0 3.967363856 1.196372628 0.2424980531 1


