mesh: pSphereShape1 tranform: pSphere1 0.10411951 0.1034246508 0.004539169717 0 -0.0446975216 0.04738361076 -0.05436001827 0 -0.07114241423 0.06650867288 0.1164699878 0 -0.3531973168 -0.01476721799 -0.3575803713 1


mesh: pSphereShape2 tranform: pSphere2 0.1451726694 0.2149124108 0.01513568504 0 -0.1093070195 0.07690015871 -0.04350029042 0 -0.03806978857 0.01687757463 0.1254976285 0 -0.1117892161 0.2416558687 -0.3338775509 1


mesh: pSphereShape3 tranform: pSphere3 0.05063207013 0.2766904092 0.08436355306 0 -0.1168097655 0.03767791627 -0.05346856158 0 -0.06095686809 -0.02424067458 0.1160872703 0 0.06819104165 0.6547820675 -0.2641510225 1


mesh: pSphereShape4 tranform: pSphere4 0.04842222145 0.004151190533 0.1740874524 0 -0.04660387062 0.140878021 0.009603514866 0 -0.1570411461 -0.0550179057 0.04499273701 0 0.1204787123 0.9275352006 -0.05895689815 1


mesh: pSphereShape5 tranform: pSphere5 0.04159642706 0.002376234827 0.1820831681 0 -0.04163608093 0.1319058998 0.007790246762 0 -0.1638416283 -0.05396872079 0.03813350111 0 0.179638282 0.9499208194 0.2305055838 1


mesh: pSphereShape6 tranform: pSphere6 0.03774026879 -0.2401128956 0.1092265117 0 -0.0597467101 0.02872972166 0.08380047495 0 -0.08571075471 -0.03570201025 -0.04886877788 0 0.240705073 0.6665230661 0.4004953783 1


mesh: pSphereShape7 tranform: pSphere7 -0.04419871966 -0.2256399287 0.1016715921 0 -0.05905889507 0.04271183101 0.06911632653 0 -0.1003918307 -0.01485263997 -0.07660486911 0 0.1999009883 0.2231845386 0.5520775581 1


mesh: pSphereShape8 tranform: pSphere8 0.0823886555 -0.1695809546 0.01718915626 0 -0.03031635206 -0.01171640079 0.02971903026 0 -0.06676666692 -0.04097892164 -0.08426409705 0 0.1927116286 -0.1147930509 0.6373660376 1


mesh: pSphereShape10 tranform: pSphere10 0.008970888467 -0.02009021705 0.1821607824 0 0.0156341847 0.1531518726 0.01612093337 0 -0.2217965167 0.02124524095 0.01326593619 0 0.1497644216 1.366464135 0.1316347691 1


mesh: pSphereShape11 tranform: pSphere11 0.008408460134 -0.01189530351 0.07654852507 0 -0.008259653198 0.1689837371 0.02716660843 0 -0.09098566332 -0.005906409051 0.009076475266 0 0.1664778478 1.176508701 0.1161733 1


mesh: pSphereShape12 tranform: pSphere12 0.04629103058 -0.0005206280301 0.3130311166 0 -0.04129447822 0.1604295807 0.006373449745 0 -0.1660048295 -0.04370191584 0.0244761041 0 0.143294415 0.7422712623 0.04865692194 1


mesh: pSphereShape13 tranform: pSphere13 0.0258991897 0.005881070478 0.2174702659 0 -0.05706165636 0.1988421047 0.001418337489 0 -0.1866825567 -0.05374118593 0.02368591693 0 0.2060053484 0.5263052922 0.05008150307 1


mesh: pSphereShape14 tranform: pSphere14 0.02290728479 0.006882492406 0.2202655986 0 -0.04501554551 0.2373986736 -0.00273629042 0 -0.1866672741 -0.03515943472 0.02051171395 0 0.237547963 0.3380942911 0.05151919379 1


mesh: pSphereShape15 tranform: pSphere15 0.02475988555 0.02387769632 0.1478108776 0 -0.08409709975 0.367826246 -0.04533231211 0 -0.1808306193 -0.0368764293 0.03624814157 0 0.3194939294 -0.2539202351 -0.0852883891 1


mesh: pSphereShape16 tranform: pSphere16 0.01318034983 0.01996366339 0.09731901297 0 -0.2306816861 0.2787341505 -0.02593624161 0 -0.0632892776 -0.05061478563 0.01895448079 0 0.5740933335 -0.8938933954 -0.046099035 1


mesh: pSphereShape17 tranform: pSphere17 0.009707589622 0.007149388383 0.1117228356 0 -0.02949806312 0.09969344497 -0.003816516681 0 -0.2659245453 -0.0776091116 0.02807254237 0 0.6568115332 -1.325251375 -0.007703546475 1


mesh: pSphereShape18 tranform: pSphere18 0.0009011850532 -0.00135768737 0.1278326137 0 0.208024295 0.2916564066 0.001631116099 0 -0.1189345802 0.08482051003 0.001739319839 0 0.0749171072 -0.2007915332 0.2179780113 1


mesh: pSphereShape19 tranform: pSphere19 0.001710025553 -0.00126473674 0.08642542511 0 0.1039141946 0.4174900507 0.004053426143 0 -0.0977263338 0.02430207355 0.002289259821 0 -0.242786644 -0.8411439571 0.2319249742 1


mesh: pSphereShape20 tranform: pSphere20 0.02174502157 -0.003512026801 0.1132974844 0 0.02503433955 0.07799696986 -0.002387032744 0 -0.2444521686 0.07997245698 0.04939635791 0 -0.5593283383 -1.181915709 0.2408160493 1


mesh: pSphereShape21 tranform: pSphere21 0.02730029728 0.008202372759 0.2625067256 0 0.07048980869 0.1269342988 -0.01129706357 0 -0.2300512332 0.129522353 0.01987787713 0 0.3194008616 0.1769053185 0.05221059414 1


mesh: pSphereShape22 tranform: pSphere22 0.002679050358 0.0002296724138 0.009631715307 0 -0.003134152347 0.009474174014 0.0006458450393 0 -0.009110421409 -0.003191751452 0.002610161762 0 0.1189921911 1.113056628 -0.2102867599 1


mesh: pSphereShape23 tranform: pSphere23 0.001079083326 -0.001526560568 0.009823705615 0 0.0004830847069 0.009877783285 0.001481899639 0 -0.009929864467 0.0003146588756 0.00113964093 0 0.3408468554 1.091753674 0.05911359525 1


mesh: pSphereShape24 tranform: pSphere24 0.002226918716 0.0001272148159 0.009748058752 0 -0.003005340528 0.009521120568 0.0005623090308 0 -0.009274090864 -0.003054845254 0.002158508543 0 0.2603217497 1.123871042 0.3302565425 1


