mesh: pSphereShape1 tranform: pSphere1 0.02156978482 0.1393971518 0.04075921107 0 -0.05425963262 0.02589879941 -0.05986009563 0 -0.1145633201 -0.01121765235 0.09899148795 0 2.0941797 -0.1517494719 -0.5720763663 1


mesh: pSphereShape2 tranform: pSphere2 0.0006412107271 0.252485551 0.06117329968 0 -0.1114099713 0.0204433008 -0.08320951829 0 -0.08060975917 -0.02448720954 0.1019129991 0 2.142358347 0.1818558533 -0.4672643049 1


mesh: pSphereShape3 tranform: pSphere3 -0.06061835122 0.2698253615 0.09878303448 0 -0.1011107699 0.009230833753 -0.08726074536 0 -0.08294846245 -0.05181565188 0.09063274902 0 2.110309669 0.6319843406 -0.3395125307 1


mesh: pSphereShape4 tranform: pSphere4 0.005143169363 -0.002714225963 0.1806503966 0 -0.04722433424 0.1409561621 0.003462320791 0 -0.1633775981 -0.05483017244 0.00382759846 0 2.039037204 0.894620035 -0.1220547142 1


mesh: pSphereShape5 tranform: pSphere5 -0.03321607064 -0.01025422927 0.1835258368 0 -0.04253592549 0.1318484077 -0.0003316835657 0 -0.1651718922 -0.05336919798 -0.03287614069 0 1.99694166 0.9001909514 0.1677878269 1


mesh: pSphereShape6 tranform: pSphere6 -0.07442453718 -0.2451177852 0.07339769088 0 -0.05848551467 0.04148045604 0.07922374781 0 -0.0827778859 0.005908791454 -0.06420305483 0 1.922621114 0.6114499642 0.3067910215 1


mesh: pSphereShape7 tranform: pSphere7 -0.1942604082 -0.1573822194 0.02641491463 0 -0.04092599521 0.06188088475 0.06771365598 0 -0.06189024098 0.06079015964 -0.09296010499 0 1.646904183 0.2497571502 0.3492015881 1


mesh: pSphereShape8 tranform: pSphere8 -0.0766881053 -0.173077608 0.002033201037 0 -0.03426431322 0.0154516271 0.02295168989 0 -0.0552504524 0.02332721279 -0.09818720149 0 1.400788842 0.002968215173 0.3520770824 1


mesh: pSphereShape10 tranform: pSphere10 -0.005356942986 -0.0006377375679 0.1834054001 0 0.0004035433906 0.1547880582 0.0005500160773 0 -0.223110365 0.0006048129421 -0.006514550786 0 1.998804045 1.333554417 0.02202079835 1


mesh: pSphereShape11 tranform: pSphere11 -0.002635109823 -0.0008481391354 0.07787306334 0 -0.02297294836 0.1698023686 0.001071998308 0 -0.09074773705 -0.01225723837 -0.003204267127 0 2.033505501 1.146481961 0.02557225278 1


mesh: pSphereShape12 tranform: pSphere12 -0.01680972226 -0.01053719893 0.3158132537 0 -0.04261691856 0.160180651 0.00307611162 0 -0.1673164571 -0.04431601703 -0.01038433258 0 2.036088355 0.7050931087 -0.01727193555 1


mesh: pSphereShape13 tranform: pSphere13 -0.008025261436 -0.0205981816 0.2179678455 0 -0.05659928848 0.1982811045 0.01665386059 0 -0.1880990239 -0.05269289592 -0.01190506644 0 2.098170129 0.489281572 -0.0193172273 1


mesh: pSphereShape14 tranform: pSphere14 -0.002444473083 -0.01601647234 0.2209672906 0 -0.04920008946 0.2360022647 0.0165619782 0 -0.1870400121 -0.03865097155 -0.004870705021 0 2.131782257 0.3008817982 -0.03256008518 1


mesh: pSphereShape15 tranform: pSphere15 0.01204631728 -0.01056662993 0.1509121745 0 0.2038010708 0.3207028724 0.006187017138 0 -0.1580428222 0.1000549184 0.01962119547 0 1.961043138 -0.215495779 -0.2180332365 1


mesh: pSphereShape16 tranform: pSphere16 0.008637031177 -0.003548319902 0.09978011265 0 0.07573234884 0.3546933439 0.006057948593 0 -0.08107581395 0.01718060459 0.007628941216 0 1.654292649 -0.8425248769 -0.2640442525 1


mesh: pSphereShape17 tranform: pSphere17 -0.001703991466 -0.0007307461763 0.1123561546 0 0.01734536588 0.1025756185 0.0009301946727 0 -0.2745072828 0.04645373674 -0.00386104507 0 1.358564957 -1.266375325 -0.2880419832 1


mesh: pSphereShape18 tranform: pSphere18 0.0138006376 -0.01236053195 0.1264934474 0 -0.07262506722 0.3482892748 0.04195721637 0 -0.1421869623 -0.03115082045 0.01246886744 0 2.273189551 -0.2950836866 0.09837519861 1


mesh: pSphereShape19 tranform: pSphere19 0.01106858996 -0.008547978359 0.08531293123 0 -0.2905460674 0.3097917746 0.06873551976 0 -0.07316376807 -0.06918653359 0.002560160034 0 2.570581514 -0.9240861819 0.01829486107 1


mesh: pSphereShape20 tranform: pSphere20 0.01753129133 -0.005750635006 0.1139345615 0 -0.02057446853 0.07900293782 0.007153352338 0 -0.2503727591 -0.06837951522 0.03507392398 0 2.63327909 -1.302574214 -0.04572910029 1


mesh: pSphereShape21 tranform: pSphere21 -0.002913258489 -0.01908800892 0.2633429836 0 0.06873780099 0.1279965051 0.01003804763 0 -0.2333891678 0.1248295823 0.00646618787 0 2.216265546 0.1411859663 -0.03904660747 1


mesh: pSphereShape22 tranform: pSphere22 0.0002845555059 -0.0001501696498 0.009994822522 0 -0.003175879085 0.009479429077 0.000232844197 0 -0.009478017736 -0.00318086049 0.0002220503086 0 2.074411422 1.085512633 -0.2621611651 1


mesh: pSphereShape23 tranform: pSphere23 -0.000338171678 -0.0001088442812 0.00999368765 0 -0.0003740426113 0.009992539344 9.617472332e-05 0 -0.00998727851 -0.0003705541457 -0.0003419906196 0 2.219543678 1.069813362 0.006717604229 1


mesh: pSphereShape24 tranform: pSphere24 -0.001778265457 -0.0005489734744 0.009825293893 0 -0.00307029235 0.009516970721 -2.394130379e-05 0 -0.009349389116 -0.003020909867 -0.001860920935 0 2.030443709 1.065779304 0.3026094351 1


