mesh: pSphereShape1 tranform: pSphere1 -0.06178276417 0.1309568994 0.02431697737 0 -0.05800177874 -0.01627067745 -0.05974232428 0 -0.09053015503 -0.06217504508 0.1048258534 0 -2.15130562 -0.09442814224 -0.2283094945 1


mesh: pSphereShape2 tranform: pSphere2 -0.120163462 0.2286687053 0.02762069566 0 -0.09049616163 -0.03528468418 -0.1015842998 0 -0.08059084706 -0.05325614459 0.09029238354 0 -2.282703997 0.2259060889 -0.1614228665 1


mesh: pSphereShape3 tranform: pSphere3 -0.1418102203 0.2486409818 0.06561952249 0 -0.08652586861 -0.02308584577 -0.09951558447 0 -0.07878275558 -0.0671201969 0.08406997674 0 -2.489385218 0.6463550157 -0.08771142494 1


mesh: pSphereShape4 tranform: pSphere4 -0.02341987026 0.02039895925 0.1780555451 0 -0.03591358122 0.1427470308 -0.02107759282 0 -0.1657742553 -0.04417921245 -0.01674309887 0 -2.646075546 0.9121497443 0.09105789208 1


mesh: pSphereShape5 tranform: pSphere5 -0.03762637829 0.01911624401 0.1819588256 0 -0.03386978259 0.1326936006 -0.02094430148 0 -0.167567869 -0.04745370579 -0.02966514755 0 -2.709185532 0.9610988434 0.3759401039 1


mesh: pSphereShape6 tranform: pSphere6 -0.09389893075 -0.2190139384 0.1192679629 0 -0.051819882 0.06084143366 0.07092676263 0 -0.08398163005 0.001766920951 -0.06287358957 0 -2.807116373 0.7086744936 0.5663045546 1


mesh: pSphereShape7 tranform: pSphere7 -0.2482467862 0.007647572818 -0.03897518007 0 -0.007127893929 0.07948550434 0.06099645822 0 0.01794766945 0.07764278877 -0.09908029608 0 -3.142999883 0.5231115631 0.5883791792 1


mesh: pSphereShape8 tranform: pSphere8 -0.173307307 -0.06261326518 -0.04341905308 0 -0.01689296424 0.03917377815 0.01093704139 0 0.01402132185 0.0362777845 -0.1082812208 0 -3.475095992 0.5076118215 0.4937105805 1


mesh: pSphereShape10 tranform: pSphere10 -0.01241485513 0.01022322506 0.1827785583 0 0.01833583204 0.153524289 -0.007341543083 0 -0.2211195813 0.02562218014 -0.01645219719 0 -2.657166758 1.369159848 0.2007661865 1


mesh: pSphereShape11 tranform: pSphere11 -0.006074594167 0.006851054547 0.07738242368 0 -0.005467206316 0.1705599242 -0.01552970748 0 -0.09130218592 -0.003550612959 -0.006852955203 0 -2.645664448 1.180367371 0.2123584449 1


mesh: pSphereShape12 tranform: pSphere12 -0.03653579068 0.03524275028 0.3123374699 0 -0.03080755546 0.1614260236 -0.02181830902 0 -0.1691963757 -0.03444031202 -0.01590571907 0 -2.680080178 0.7386719023 0.2203842701 1


mesh: pSphereShape13 tranform: pSphere13 -0.01042624185 0.0136572862 0.2184111801 0 -0.05186237373 0.1997063281 -0.01496341043 0 -0.1892238973 -0.04958465513 -0.005932399111 0 -2.62899429 0.5203845661 0.2552278606 1


mesh: pSphereShape14 tranform: pSphere14 0.002771928658 0.006762416132 0.2214399071 0 -0.05704426287 0.2347260396 -0.00645408747 0 -0.185638702 -0.04501312719 0.003698406245 0 -2.592850038 0.3296711449 0.2662071771 1


mesh: pSphereShape15 tranform: pSphere15 0.0350461009 0.009133574036 0.147375712 0 0.1603823999 0.3394103912 -0.05917398185 0 -0.1648844832 0.08384329507 0.03401353741 0 -2.732353527 -0.2093615343 0.1526959494 1


mesh: pSphereShape16 tranform: pSphere16 0.02262852994 0.01385134109 0.09664031119 0 -0.0693668844 0.3543643762 -0.03454822509 0 -0.07949972541 -0.01355778857 0.02055824786 0 -2.875437921 -0.8626889228 0.2137030881 1


mesh: pSphereShape17 tranform: pSphere17 0.003959672616 0.009095542236 0.111932726 0 -0.004451695745 0.1036118126 -0.008261912245 0 -0.2780087981 -0.01108862777 0.01073574235 0 -2.999191563 -1.331583862 0.2521915698 1


mesh: pSphereShape18 tranform: pSphere18 0.02422292928 0.001069944977 0.1255226573 0 0.001012783064 0.3582298785 -0.003248965886 0 -0.1434454121 0.0006565546086 0.02767600424 0 -2.531385112 -0.2740690586 0.4496683111 1


mesh: pSphereShape19 tranform: pSphere19 0.02147026009 -0.002253703254 0.0837127625 0 -0.390434683 0.1477612355 0.1041148794 0 -0.03413309356 -0.09456561381 0.006208414932 0 -2.23944475 -0.7870667018 0.394006138 1


mesh: pSphereShape20 tranform: pSphere20 0.03893782989 0.04152496861 0.100404296 0 -0.07704436341 0.01444800727 0.02390323286 0 -0.01268327527 -0.2399623314 0.1041617531 0 -1.885043342 -1.140830698 0.3472200527 1


mesh: pSphereShape21 tranform: pSphere21 0.003303511398 0.008059269025 0.2639062355 0 0.06442644254 0.1305182763 -0.004792290664 0 -0.2374142415 0.1171701763 -0.0006062960923 0 -2.503001906 0.172991059 0.2740125489 1


mesh: pSphereShape22 tranform: pSphere22 -0.001295748314 0.001128610738 0.009851257489 0 -0.002415220739 0.009599866614 -0.001417487134 0 -0.009617054907 -0.002562966796 -0.0009713166915 0 -2.57426231 1.080886252 -0.06286412396 1


mesh: pSphereShape23 tranform: pSphere23 -0.0007795711906 0.0008792167186 0.009930722366 0 0.0006486312051 0.009944405001 -0.0008295099418 0 -0.009948444417 0.0005794714363 -0.0008322659046 0 -2.467826729 1.084380503 0.2103480221 1


mesh: pSphereShape24 tranform: pSphere24 -0.002014377002 0.001023412937 0.009741401914 0 -0.002444760121 0.009577977725 -0.00151178393 0 -0.009485010977 -0.002686069371 -0.001679165892 0 -2.667818244 1.142482721 0.4859737 1


