mesh: pSphereShape1 tranform: pSphere1 -0.1218502607 0.08039846351 -0.01570782819 0 0.03288644598 0.05971036278 0.05050980934 0 0.06092407055 0.06871476132 -0.1208984861 0 2.139660214 0.08961279965 0.253005676 1


mesh: pSphereShape2 tranform: pSphere2 -0.1716690619 0.1916862186 -0.03574442608 0 0.09301675175 0.09265753332 0.05016372789 0 0.04681525973 0.01914492901 -0.1221704516 0 1.863266121 0.3020980313 0.2001692912 1


mesh: pSphereShape3 tranform: pSphere3 -0.05058757682 0.2707097182 -0.101958539 0 0.1080660935 0.04473038346 0.06514557539 0 0.07528063587 -0.02619234281 -0.1068943003 0 1.660871662 0.6885838365 0.09693194286 1


mesh: pSphereShape4 tranform: pSphere4 -0.03862854127 -0.01497902565 -0.1759313775 0 0.03666528166 0.142682992 -0.02019866265 0 0.162940103 -0.04637636719 -0.0318275556 0 1.612147066 0.9425421779 -0.126606611 1


mesh: pSphereShape5 tranform: pSphere5 -0.03656171187 -0.01636701625 -0.1824432825 0 0.03234200176 0.1334425628 -0.01845250479 0 0.1682680624 -0.04488863954 -0.02969402461 0 1.562704054 0.9351397797 -0.4191039864 1


mesh: pSphereShape6 tranform: pSphere6 -0.08192082171 -0.2308192699 -0.1049781167 0 0.050074378 0.02377472308 -0.09135045203 0 0.08689601563 -0.04694718171 0.03541424937 0 1.464566584 0.6515047968 -0.5825276756 1


mesh: pSphereShape7 tranform: pSphere7 -0.003304164978 -0.22594831 -0.1101837582 0 0.05338476823 0.03666158074 -0.07678095601 0 0.1076931556 -0.03089516857 0.06012569622 0 1.424586142 0.2109881381 -0.7438674184 1


mesh: pSphereShape8 tranform: pSphere8 -0.1042233265 -0.1564724625 -0.02224689922 0 0.02370025266 -0.01073417051 -0.03553380949 0 0.07343002462 -0.0583811023 0.06661213298 0 1.374033728 -0.119293755 -0.8471964927 1


mesh: pSphereShape10 tranform: pSphere10 -0.007213327729 -0.01982739499 -0.1822676236 0 0.001059956378 0.1538736379 -0.0167805952 0 0.223028485 -0.002469595415 -0.008557811202 0 1.635263249 1.366664606 -0.316250022 1


mesh: pSphereShape11 tranform: pSphere11 -0.005557915485 -0.009229657006 -0.0771738307 0 0.02906136608 0.1674159671 -0.0221151724 0 0.09006360659 -0.01623427863 -0.004544663482 0 1.599803679 1.180309403 -0.2985440889 1


mesh: pSphereShape12 tranform: pSphere12 -0.04111566423 -0.02954763905 -0.3123588477 0 0.02576184376 0.1626872074 -0.01878044513 0 0.1698024928 -0.02915042185 -0.0195935418 0 1.612260009 0.7479269906 -0.2205176341 1


mesh: pSphereShape13 tranform: pSphere13 -0.01774192802 -0.01671969289 -0.2177253945 0 0.04562644521 0.2008680998 -0.01914316911 0 0.1902243694 -0.04436137548 -0.01209431037 0 1.566605405 0.5265170496 -0.2027204309 1


mesh: pSphereShape14 tranform: pSphere14 -0.009102928506 -0.003077351772 -0.2213520113 0 0.05380051308 0.2355152163 -0.005486760139 0 0.1860929514 -0.04267508041 -0.007059635862 0 1.534557879 0.3347716391 -0.1921737257 1


mesh: pSphereShape15 tranform: pSphere15 -0.007811334759 0.003525690712 -0.1515183303 0 -0.0006591598096 0.3799266986 0.008874523289 0 0.1878288844 0.0005517637976 -0.009670440153 0 1.516454884 -0.2662657711 -0.02298267684 1


mesh: pSphereShape16 tranform: pSphere16 0.005350048608 0.01346276749 -0.09916345413 0 0.326536169 0.1532238078 0.03841940469 0 0.03597049428 -0.07460391991 -0.008187808115 0 1.267247954 -0.8004700345 -0.02939235008 1


mesh: pSphereShape17 tranform: pSphere17 0.03683639435 -0.03190490792 -0.1012546293 0 0.09785074252 0.01954620035 0.02943913614 0 0.0247670791 -0.2618030632 0.09150329799 0 0.8613133214 -1.174868519 -0.011094697 1


mesh: pSphereShape18 tranform: pSphere18 0.002865199843 -0.0002069247089 -0.127810721 0 -0.1628949815 0.3190424395 -0.004168229672 0 0.1300750756 0.06644972703 0.002808379401 0 1.654075953 -0.221909824 -0.3663970552 1


mesh: pSphereShape19 tranform: pSphere19 0.0003153847358 -0.002767836077 -0.08640669805 0 0.1242761152 0.4117108331 -0.01273458346 0 0.09643441286 -0.02906931958 0.001283153457 0 1.748788246 -0.8889338297 -0.3706786831 1


mesh: pSphereShape20 tranform: pSphere20 -0.0216772634 0.001636842084 -0.1133530647 0 0.009648554123 0.08137812875 -0.0006700401393 0 0.2553861985 -0.03068550143 -0.04928231301 0 1.853147953 -1.323610812 -0.3694894851 1


mesh: pSphereShape21 tranform: pSphere21 -0.01084862989 -0.003667506604 -0.2638014837 0 -0.06614804321 0.1297395439 0.0009165793953 0 0.2356166796 0.1202100368 -0.01136077483 0 1.446802439 0.1767257914 -0.1905145736 1


mesh: pSphereShape22 tranform: pSphere22 -0.002137196605 -0.0008287427308 -0.009733733927 0 0.002465773272 0.009595559942 -0.001358378287 0 0.009452637349 -0.002690430241 -0.001846410646 0 1.591487485 1.140221631 0.006874296009 1


mesh: pSphereShape23 tranform: pSphere23 -0.00071326424 -0.001184470024 -0.009903952993 0 0.0007349229787 0.009896013534 -0.001236448283 0 0.009947418878 -0.0008160556979 -0.0006187978333 0 1.414024725 1.115185135 -0.252840863 1


mesh: pSphereShape24 tranform: pSphere24 -0.001957378703 -0.0008762294598 -0.009767337946 0 0.002334483133 0.009632038683 -0.00133192316 0 0.009524644724 -0.002540876371 -0.001680800449 0 1.472658392 1.093467625 -0.5354776434 1


