mesh: pSphereShape1 tranform: pSphere1 -0.1210430306 0.08309578875 0.001345160616 0 0.03315685739 0.04729253078 0.06214600496 0 0.06216263044 0.09222334108 -0.103346831 0 1.049620585 0.2453050751 0.2965505603 1


mesh: pSphereShape2 tranform: pSphere2 -0.1864376639 0.1808682232 -0.00438412517 0 0.09275731925 0.0966447623 0.04254178918 0 0.02939844029 0.02724944717 -0.1260040294 0 0.7625285313 0.4505796742 0.2875845893 1


mesh: pSphereShape3 tranform: pSphere3 -0.09579260205 0.2664941375 -0.07773705798 0 0.1104831645 0.05488319649 0.05200325829 0 0.06147286863 -0.01223387896 -0.1176903693 0 0.5111539562 0.8229719204 0.2328556571 1


mesh: pSphereShape4 tranform: pSphere4 -0.05691148308 0.006094296064 -0.1714419075 0 0.02151226843 0.1471201337 -0.00191144309 0 0.1616954319 -0.02435213205 -0.05454171666 0 0.4071608519 1.093453813 0.03698991139 1


mesh: pSphereShape5 tranform: pSphere5 -0.04227809057 0.006358984496 -0.1818304587 0 0.02135633104 0.1368842315 -0.0001785190004 0 0.169912503 -0.02656205323 -0.04043593098 0 0.3404238492 1.122434793 -0.2493453967 1


mesh: pSphereShape6 tranform: pSphere6 -0.05406208162 -0.2212891805 -0.1382655102 0 0.04992306242 0.04098760831 -0.08511926738 0 0.09029308799 -0.04239310473 0.0325439302 0 0.2714960787 0.8561306278 -0.4516077821 1


mesh: pSphereShape7 tranform: pSphere7 0.02395718298 -0.2078833954 -0.1393361554 0 0.05142021239 0.05205176389 -0.06881784523 0 0.1085528765 -0.02777425614 0.06010233147 0 0.2830756875 0.4401471195 -0.6717980199 1


mesh: pSphereShape8 tranform: pSphere8 -0.09285243687 -0.1607185392 -0.03726974562 0 0.02636193237 -0.007222373246 -0.034532041 0 0.07287118493 -0.05780398122 0.06771992354 0 0.2660622005 0.1202872407 -0.8105207907 1


mesh: pSphereShape10 tranform: pSphere10 -0.02727737133 -0.01100813222 -0.1811115964 0 0.01667746797 0.1534325326 -0.01183758045 0 0.2194119728 -0.02627548073 -0.03144877524 0 0.4630798612 1.525370013 -0.1294683047 1


mesh: pSphereShape11 tranform: pSphere11 -0.01181331512 -0.001305339501 -0.07701051105 0 0.0502942492 0.1634695206 -0.01048590674 0 0.08648358403 -0.02742934999 -0.01280154102 0 0.4115595651 1.344088074 -0.1104098916 1


mesh: pSphereShape12 tranform: pSphere12 -0.06361143111 0.01062474041 -0.309793982 0 0.01157386225 0.1653441847 0.003294154048 0 0.1694254376 -0.01115881981 -0.03517161323 0 0.4120447654 0.9142796194 -0.082753833 1


mesh: pSphereShape13 tranform: pSphere13 -0.04323410005 0.01430062398 -0.2143011346 0 0.03120209206 0.2043740004 0.007343317915 0 0.1895699385 -0.02750182919 -0.04007995115 0 0.3830488096 0.6891595404 -0.09634277101 1


mesh: pSphereShape14 tranform: pSphere14 -0.04012395912 0.01667254364 -0.2172582346 0 0.03385640769 0.2389554684 0.01208489226 0 0.1859783223 -0.02451812034 -0.03622862003 0 0.3660905671 0.4957193199 -0.1064796019 1


mesh: pSphereShape15 tranform: pSphere15 -0.02178364334 0.02112075362 -0.1486964643 0 -0.006942139603 0.3760486552 0.05443072318 0 0.1860991279 0.007232980247 -0.02623566775 0 0.3982631532 -0.1001543737 0.01900241456 1


mesh: pSphereShape16 tranform: pSphere16 -0.01291071645 0.01774222903 -0.09778438767 0 0.132614065 0.3348473358 0.04324612172 0 0.07671965327 -0.02841031259 -0.01528432092 0 0.3241766301 -0.7899763511 -0.04301126209 1


mesh: pSphereShape17 tranform: pSphere17 0.006413358293 0.004169557621 -0.1121107786 0 0.03867723872 0.09640507756 0.005797993054 0 0.2579911765 -0.1041594067 0.01088469118 0 0.3414324247 -1.299926812 -0.07413011458 1


mesh: pSphereShape18 tranform: pSphere18 -0.01478667222 0.007053291245 -0.1267889506 0 -0.1883934605 0.3022315305 0.03878444718 0 0.1231061319 0.0780225826 -0.01001675632 0 0.5293705425 -0.05218013576 -0.3209174927 1


mesh: pSphereShape19 tranform: pSphere19 -0.01110200477 0.003488959268 -0.0856647565 0 -0.0127290371 0.4296322472 0.01914774884 0 0.0998501924 0.003528656805 -0.01279669747 0 0.7538767023 -0.7125766715 -0.3980247976 1


mesh: pSphereShape20 tranform: pSphere20 -0.03588091073 0.003459721327 -0.1096452956 0 -0.01046070033 0.08106013304 0.005980967282 0 0.2466694407 0.03770055937 -0.07953182765 0 0.9877292069 -1.104077792 -0.4553693717 1


mesh: pSphereShape21 tranform: pSphere21 -0.04781867525 0.01986989738 -0.2589226287 0 -0.07531117513 0.1224492997 0.02330555531 0 0.2214740213 0.1419272365 -0.03001095237 0 0.2921143247 0.3307968765 -0.1096987867 1


mesh: pSphereShape22 tranform: pSphere22 -0.003148734704 0.0003371783772 -0.009485345566 0 0.001446719461 0.009893961727 -0.0001285462723 0 0.009380430298 -0.001412739213 -0.003164126317 0 0.3845943624 1.267117221 0.2002471044 1


mesh: pSphereShape23 tranform: pSphere23 -0.001516038747 -0.000167518198 -0.009882993685 0 0.002006102285 0.009785257344 -0.0004735951091 0 0.009678697234 -0.002054428475 -0.001449877064 0 0.2219842342 1.299997739 -0.05599471434 1


mesh: pSphereShape24 tranform: pSphere24 -0.002263412457 0.0003404364892 -0.009734529626 0 0.0015415247 0.009880462315 -1.288570814e-05 0 0.009617726636 -0.001503518354 -0.002288835274 0 0.2341390927 1.287658824 -0.3394748922 1


