mesh: pSphereShape1 tranform: pSphere1 -0.132059371 0.06417500434 0.0001618255561 0 0.03203824581 0.06582017925 0.04288754366 0 0.0334143909 0.06909048081 -0.1309957582 0 -1.976958383 0.1379441473 0.4585163547 1


mesh: pSphereShape2 tranform: pSphere2 -0.2001672514 0.1649284006 -0.01494092851 0 0.08566866881 0.1068381052 0.03162961662 0 0.02467161374 0.01829216029 -0.1286099702 0 -2.284389438 0.3100361582 0.4418565267 1


mesh: pSphereShape3 tranform: pSphere3 -0.07440800314 0.2622097332 -0.1093064637 0 0.1131290948 0.05242484502 0.04874912612 0 0.06278829513 -0.02963723399 -0.1138370272 0 -2.527371577 0.6653517391 0.3522240302 1


mesh: pSphereShape4 tranform: pSphere4 -0.05913834738 -0.02194499502 -0.169379627 0 0.03696403883 0.1406258444 -0.03112550026 0 0.1571500013 -0.05196172913 -0.04813619929 0 -2.611251343 0.9062860474 0.1230301924 1


mesh: pSphereShape5 tranform: pSphere5 -0.05683940033 -0.02371711883 -0.1763433304 0 0.03155728787 0.1319770126 -0.02792173539 0 0.1634057727 -0.04882597127 -0.04610253619 0 -2.693974958 0.8871238264 -0.1611824274 1


mesh: pSphereShape6 tranform: pSphere6 -0.1414703757 -0.2119640694 -0.07788663223 0 0.0330701691 0.01486218008 -0.100514006 0 0.0827749512 -0.06189064986 0.01808257101 0 -2.857673985 0.6176729831 -0.2941941819 1


mesh: pSphereShape7 tranform: pSphere7 -0.08954303259 -0.2134531561 -0.09810103135 0 0.0414160296 0.02329729232 -0.08849445661 0 0.1066200098 -0.06035708896 0.0340091442 0 -3.030178445 0.1982380682 -0.4280097398 1


mesh: pSphereShape8 tranform: pSphere8 -0.1545539902 -0.1092503627 -0.004298858437 0 0.01536581489 -0.02032418049 -0.0359220744 0 0.05294994669 -0.07752422394 0.06651162102 0 -3.196544276 -0.1003495913 -0.5027825417 1


mesh: pSphereShape10 tranform: pSphere10 -0.01363390903 -0.03578343044 -0.1794444397 0 -0.02792261996 0.1497034293 -0.02773118963 0 0.2189172084 0.03640640836 -0.02389287454 0 -2.685449771 1.317715588 -0.1051059638 1


mesh: pSphereShape11 tranform: pSphere11 -0.01126243315 -0.02119330544 -0.0741341928 0 -0.007265201911 0.1648929972 -0.0460354888 0 0.09058244704 0.0001381278514 -0.01380073218 0 -2.687934193 1.127766834 -0.07578225901 1


mesh: pSphereShape12 tranform: pSphere12 -0.07187565971 -0.0441491764 -0.3049858198 0 0.03015433908 0.1601765805 -0.03029330061 0 0.1658932435 -0.03759526678 -0.03365365072 0 -2.628797861 0.7071980769 0.04127044777 1


mesh: pSphereShape13 tranform: pSphere13 -0.03701832018 -0.02286089871 -0.2147223669 0 0.05428056266 0.197301458 -0.0303641581 0 0.1859281386 -0.0551805095 -0.02617925375 0 -2.682595217 0.4889470883 0.07388976054 1


mesh: pSphereShape14 tranform: pSphere14 -0.02561836683 -0.005084128351 -0.220015675 0 0.06324240885 0.232873306 -0.01274511466 0 0.1830665838 -0.05081853628 -0.02014174188 0 -2.722389272 0.2998802487 0.09157381297 1


mesh: pSphereShape15 tranform: pSphere15 -0.01547332008 0.01052100017 -0.1506025789 0 0.07603861695 0.3719025729 0.01816846161 0 0.1832747513 -0.03642784214 -0.02137497409 0 -2.818259844 -0.2970937116 0.2561768953 1


mesh: pSphereShape16 tranform: pSphere16 -0.0008309553835 0.01504675133 -0.09907655904 0 0.3281389355 0.1532422648 0.02052079177 0 0.03546693956 -0.07439288934 -0.01159550516 0 -3.149126042 -0.8301222781 0.25328539 1


mesh: pSphereShape17 tranform: pSphere17 0.01599739441 -0.01751751256 -0.1098388054 0 0.1026916017 0.009960943779 0.01336783564 0 0.02048088878 -0.2737377936 0.04663967414 0 -3.56130225 -1.20823636 0.269147257 1


mesh: pSphereShape18 tranform: pSphere18 0.0003576379638 0.0005142344341 -0.1278414653 0 -0.1922528206 0.3022889685 0.0006781093222 0 0.123272759 0.07839878525 0.0006602112492 0 -2.592246109 -0.2372805778 -0.08030838541 1


mesh: pSphereShape19 tranform: pSphere19 -0.001036438236 -0.002098799677 -0.08641989752 0 0.06272065498 0.4255064636 -0.01108609176 0 0.09964531199 -0.01470978185 -0.0008378085141 0 -2.418564389 -0.8953874258 -0.09137939587 1


mesh: pSphereShape20 tranform: pSphere20 -0.02301969208 0.001294175799 -0.1130925248 0 0.004094428725 0.08184844768 0.0001032233715 0 0.2563059636 -0.01275560204 -0.05231638753 0 -2.254317997 -1.325406076 -0.09486249714 1


mesh: pSphereShape21 tranform: pSphere21 -0.03053129329 -0.006059129953 -0.2622088733 0 -0.06030332488 0.1325012526 0.003959805695 0 0.2390377191 0.1096972364 -0.0303681581 0 -2.816441453 0.1458362425 0.1019126457 1


mesh: pSphereShape22 tranform: pSphere22 -0.003271940154 -0.001214148071 -0.009371246027 0 0.002485864962 0.009457214913 -0.002093217975 0 0.009116736424 -0.003014453608 -0.002792523307 0 -2.612204856 1.110285959 0.2483468462 1


mesh: pSphereShape23 tranform: pSphere23 -0.001445342385 -0.002719801504 -0.009513866993 0 -0.001380566031 0.009576210808 -0.002527889235 0 0.009798215288 0.000948085614 -0.001759576894 0 -2.851496509 1.036888674 0.0005872633505 1


mesh: pSphereShape24 tranform: pSphere24 -0.003042971076 -0.001269726742 -0.009440769091 0 0.002277841575 0.009526253573 -0.002015423188 0 0.0092494197 -0.00276374508 -0.002609587772 0 -2.794670643 1.041648542 -0.2738822373 1


