mesh: pSphereShape1 tranform: pSphere1 0.03247636485 0.140981241 -0.02505414633 0 0.02154083927 0.009522693078 0.08150703744 0 0.1429557583 -0.03883890906 -0.03324297 0 -8.095125718 -0.002397548167 0.09084521371 1


mesh: pSphereShape2 tranform: pSphere2 0.07197931004 0.2492448642 -0.01369356728 0 0.0303999788 -0.001240517737 0.1372160216 0 0.1237889646 -0.0372742207 -0.02776221893 0 -8.016926301 0.3352690875 0.02436280742 1


mesh: pSphereShape3 tranform: pSphere3 0.1175351078 0.2676140901 -0.02840062189 0 0.02404969031 0.003409383721 0.1316549364 0 0.1198237713 -0.05479847172 -0.02046938497 0 -7.874727747 0.7846849214 -0.01714008348 1


mesh: pSphereShape4 tranform: pSphere4 0.1009882292 -0.01135706836 -0.1494683229 0 0.03343975739 0.144421341 0.01161997947 0 0.1376025848 -0.03958326917 0.09597880675 0 -7.683915019 1.040737963 -0.1429558989 1


mesh: pSphereShape5 tranform: pSphere5 0.1235956549 -0.01429008629 -0.1393201236 0 0.02804431443 0.1352247569 0.01100904826 0 0.1275420313 -0.03596292585 0.1168356285 0 -7.491494266 1.038272966 -0.3663248806 1


mesh: pSphereShape6 tranform: pSphere6 0.07143328934 -0.2544118531 -0.03436357919 0 0.08852229015 0.03171033664 -0.05075277897 0 0.05159602 0.002150155989 0.09133647689 0 -7.380489713 0.7366798402 -0.4529270325 1


mesh: pSphereShape7 tranform: pSphere7 0.1477383989 -0.2021017931 0.0230704922 0 0.07506785243 0.04980393867 -0.04442640445 0 0.039423916 0.04176872811 0.1134396525 0 -7.170080828 0.3226240156 -0.4070412316 1


mesh: pSphereShape8 tranform: pSphere8 -0.0008594046753 -0.1883996646 0.01859800019 0 0.04088878786 -0.00179189201 -0.01626260002 0 0.04273931423 0.01030086161 0.1063237563 0 -7.019026969 0.01129988514 -0.3562560855 1


mesh: pSphereShape10 tranform: pSphere10 0.1065646326 -0.01315354668 -0.1487871218 0 0.006168880878 0.154390894 -0.00923065982 0 0.1814852217 0.0005172123187 0.1299380119 0 -7.553736173 1.470896817 -0.2601545525 1


mesh: pSphereShape11 tranform: pSphere11 0.04523721129 -0.004603489963 -0.06327937841 0 0.02462173234 0.1694925785 0.005271245269 0 0.0734351742 -0.01232830058 0.05339426183 0 -7.588891577 1.284598286 -0.2710698744 1


mesh: pSphereShape12 tranform: pSphere12 0.1828474524 -0.02169321639 -0.2573476716 0 0.02831897152 0.1632209086 0.006362075455 0 0.1383842922 -0.02793404693 0.1006777891 0 -7.609075746 0.8477539762 -0.2111372138 1


mesh: pSphereShape13 tranform: pSphere13 0.1261456681 -0.02762251649 -0.1769828764 0 0.04225940594 0.2025047254 -0.001485166956 0 0.1549324994 -0.03148593867 0.1153432746 0 -7.64875105 0.6277086198 -0.223235847 1


mesh: pSphereShape14 tranform: pSphere14 0.1250716768 -0.02256398157 -0.1814855056 0 0.03935395718 0.2384049784 -0.002519761148 0 0.1546017567 -0.02436229217 0.1095735508 0 -7.674028568 0.4361012123 -0.2156327972 1


mesh: pSphereShape15 tranform: pSphere15 0.04964414689 -0.006821352693 -0.1432486638 0 -0.07311596214 0.3704461179 -0.04297927133 0 0.1740082345 0.04111384315 0.05834636154 0 -7.714886252 -0.1411363492 -0.03255418844 1


mesh: pSphereShape16 tranform: pSphere16 0.03299937911 -0.00251605408 -0.09459371128 0 0.01692888936 0.3623243623 -0.003731588999 0 0.07848909978 -0.003384320876 0.02747124157 0 -7.639017934 -0.8370148964 0.05982132167 1


mesh: pSphereShape17 tranform: pSphere17 0.03839885452 0.009216817682 -0.1052041886 0 -0.00565920113 0.10364484 0.007014632813 0 0.2612374473 0.007764769279 0.09603025633 0 -7.469626885 -1.299225003 0.1433983214 1


mesh: pSphereShape18 tranform: pSphere18 0.04744040426 -0.0004380889124 -0.118714147 0 0.02236204138 0.357466286 0.007617139906 0 0.1353544603 -0.009620725434 0.05412568938 0 -7.646870759 -0.1764719578 -0.3926044754 1


mesh: pSphereShape19 tranform: pSphere19 0.03136280014 0.0007032611902 -0.08055903452 0 0.1328326344 0.4054812977 0.05525342565 0 0.08856531047 -0.03367170542 0.03418581348 0 -7.759457016 -0.8859354988 -0.4579864693 1


mesh: pSphereShape20 tranform: pSphere20 -0.005931159424 0.01347897324 -0.1144754948 0 -0.002870180463 0.08132128122 0.009723922781 0 0.2613946912 0.01069460487 -0.0122840377 0 -7.659158654 -1.288595962 -0.4852546854 1


mesh: pSphereShape21 tranform: pSphere21 0.1490571226 -0.02689115757 -0.2162896345 0 -0.05742375335 0.1221186197 -0.05475681032 0 0.191989284 0.1417058656 0.1146922068 0 -7.740615355 0.2707996019 -0.2460274895 1


mesh: pSphereShape22 tranform: pSphere22 0.005587363479 -0.0006283511399 -0.008269615723 0 0.002248853855 0.009712465486 0.0007814541033 0 0.007982732972 -0.002296342531 0.005568014483 0 -7.803481385 1.233683172 -0.06681676638 1


mesh: pSphereShape23 tranform: pSphere23 0.005805429251 -0.0005907799029 -0.008120835568 0 0.0006530180104 0.009975297451 -0.0002588594958 0 0.008116067933 -0.0003800261396 0.005829667353 0 -7.756436285 1.209417861 -0.3554526312 1


mesh: pSphereShape24 tranform: pSphere24 0.006616853816 -0.0007650383182 -0.00745868366 0 0.002024271085 0.009760679513 0.00079464585 0 0.007219388627 -0.002035645309 0.006613363443 0 -7.460886453 1.194419781 -0.5126125761 1


