mesh: pSphereShape1 tranform: pSphere1 -0.01776070799 0.1370830831 0.04950677137 0 0.019481439 0.03026951147 -0.07682653709 0 -0.1466195906 -0.004875437517 -0.03910026193 0 4.735898738 -0.07294626763 -0.4083676948 1


mesh: pSphereShape2 tranform: pSphere2 -0.03569241919 0.2496855599 0.0622471652 0 0.007318646528 0.0349364616 -0.1359404842 0 -0.1307913986 -0.01592105089 -0.01113311614 0 4.69195702 0.2524136653 -0.2790649077 1


mesh: pSphereShape3 tranform: pSphere3 -0.09793594532 0.2740484013 0.03929914107 0 0.0153827885 0.02424870069 -0.1307608661 0 -0.1247694562 -0.04138317582 -0.02235217989 0 4.596152491 0.7015864816 -0.1811459765 1


mesh: pSphereShape4 tranform: pSphere4 -0.1310276123 0.02114454875 0.1226909037 0 -0.01245603637 0.1432226305 -0.03798539628 0 -0.1178538201 -0.04172360435 -0.1186712089 0 4.407401278 0.9890291772 -0.07500811346 1


mesh: pSphereShape5 tranform: pSphere5 -0.1527930861 0.019272354 0.1057025948 0 -0.008757855993 0.1332340113 -0.03695153259 0 -0.1010065557 -0.04486427203 -0.1378250293 0 4.171448333 1.03879004 0.09357849712 1


mesh: pSphereShape6 tranform: pSphere6 -0.09309486767 -0.2288124504 0.0999358271 0 -0.09543927606 0.04553410379 0.01534848048 0 -0.02970965723 -0.0298811054 -0.09609152027 0 4.021974617 0.7732790858 0.238931087 1


mesh: pSphereShape7 tranform: pSphere7 -0.1422420194 -0.2046153512 0.03322322718 0 -0.08188035686 0.05787957086 0.005906151421 0 -0.01576741904 -0.009467327324 -0.1258140881 0 3.809435436 0.3596109797 0.3066274613 1


mesh: pSphereShape8 tranform: pSphere8 -0.001097101121 -0.1743707451 0.07372040033 0 -0.04395095453 0.001323876419 0.002477288176 0 -0.007307637704 -0.04467357318 -0.1057750829 0 3.669635982 0.04361976266 0.3620064077 1


mesh: pSphereShape10 tranform: pSphere10 -0.1017386792 0.009383290449 0.1524068218 0 -0.01898930597 0.1520316083 -0.0220364391 0 -0.1837221624 -0.0403640493 -0.120158024 0 4.225341477 1.425725548 -0.07356613879 1


mesh: pSphereShape11 tranform: pSphere11 -0.05184196437 0.007724655811 0.0576594967 0 -0.03567868114 0.1588745844 -0.05336335859 0 -0.06569250734 -0.03310191212 -0.0546298169 0 4.275723064 1.248080276 -0.03489322452 1


mesh: pSphereShape12 tranform: pSphere12 -0.2557405557 0.03257801889 0.1834858344 0 -0.00368545479 0.1622281373 -0.03394044885 0 -0.1020442978 -0.03092562924 -0.136737366 0 4.299414341 0.816336705 -0.005240835122 1


mesh: pSphereShape13 tranform: pSphere13 -0.1770776159 0.03003578407 0.1254593209 0 -0.003525816644 0.1999761374 -0.05285205786 0 -0.1151874753 -0.04232152679 -0.1524475274 0 4.29902897 0.5984279901 0.05344204342 1


mesh: pSphereShape14 tranform: pSphere14 -0.1809981764 0.03115166504 0.1239285287 0 -0.001191249152 0.2339339697 -0.06054333632 0 -0.1101852862 -0.03963137693 -0.1509640492 0 4.294896354 0.4080385727 0.09326769248 1


mesh: pSphereShape15 tranform: pSphere15 -0.1242748633 -0.001318203156 0.08709347011 0 0.02366199931 0.3772339591 0.03947325467 0 -0.1073111999 0.02271778594 -0.1527799733 0 4.426018134 -0.1881164076 -0.01085741983 1


mesh: pSphereShape16 tranform: pSphere16 -0.08236273334 0.00154138965 0.05707244552 0 -0.03029938057 0.357507825 -0.05338125318 0 -0.04690190224 -0.01402489052 -0.06730657871 0 4.441986477 -0.8910190996 -0.05035820692 1


mesh: pSphereShape17 tranform: pSphere17 -0.09956669936 -0.0001744470024 0.05209400158 0 -0.002557445589 0.103905398 -0.004540070328 0 -0.1288989931 -0.01393931955 -0.2464099239 0 4.395431525 -1.36406918 -0.1742279162 1


mesh: pSphereShape18 tranform: pSphere18 -0.1261176113 0.01305261633 0.01636489864 0 0.04557003713 0.3475480993 0.07398592936 0 -0.015062049 0.03214300885 -0.1417142907 0 4.110243537 -0.1769361877 0.1482351344 1


mesh: pSphereShape19 tranform: pSphere19 -0.08517395836 0.007467456737 0.01278717166 0 0.009250851759 0.3954280586 -0.1693032921 0 -0.01711691402 -0.03873086377 -0.09139583827 0 4.032919865 -0.8633536084 0.1896014529 1


mesh: pSphereShape20 tranform: pSphere20 -0.1151201594 -0.006154805417 0.005564848303 0 -0.005414391381 0.07738751766 -0.02641590174 0 -0.007422467588 -0.08503676567 -0.2476007113 0 4.041822488 -1.322234201 0.1437948757 1


mesh: pSphereShape21 tranform: pSphere21 -0.2157088485 0.03712573203 0.1476947489 0 0.05334058721 0.1275199451 0.0458497366 0 -0.1179512703 0.1223335051 -0.2030190907 0 4.321339886 0.2509685436 0.1787779581 1


mesh: pSphereShape22 tranform: pSphere22 -0.007249348774 0.001169861877 0.006788104709 0 -0.0008376796844 0.009631851117 -0.002554552171 0 -0.006837048713 -0.002420509706 -0.006884467856 0 4.562886134 1.156325817 -0.1468233674 1


mesh: pSphereShape23 tranform: pSphere23 -0.006653037352 0.0009913286324 0.007399619013 0 -0.001377187092 0.009578393193 -0.002521455842 0 -0.007337605175 -0.002696599968 -0.006236016269 0 4.437199836 1.214614307 0.0819359517 1


mesh: pSphereShape24 tranform: pSphere24 -0.008179976193 0.001031770488 0.005658925617 0 -0.0006321521854 0.009616985197 -0.002667204405 0 -0.005717374668 -0.002539497073 -0.007801447399 0 4.126961529 1.219285353 0.203855974 1


