mesh: pSphereShape1 tranform: pSphere1 0.004544333815 0.1226367788 -0.08060833925 0 -0.0141820369 0.04631121538 0.06965793387 0 0.1496120329 0.01007482859 0.02376220083 0 -0.4389031259 0.01242543251 1.151173389 1


mesh: pSphereShape2 tranform: pSphere2 0.008299146138 0.2331968195 -0.1142011592 0 -0.02643875194 0.06146930787 0.12359794 0 0.1297971336 0.007219382466 0.02417438166 0 -0.4257342622 0.3033486453 0.9518331599 1


mesh: pSphereShape3 tranform: pSphere3 0.06431490838 0.2714316293 -0.09179793729 0 -0.0324428779 0.04844491397 0.1205138322 0 0.1260265523 -0.01618692077 0.0404338485 0 -0.3808187135 0.730917882 0.7632522604 1


mesh: pSphereShape4 tranform: pSphere4 0.1591080849 0.01401701921 -0.08459624989 0 0.00102048358 0.1463719319 0.0261721456 0 0.08177076593 -0.02726165773 0.1492768627 0 -0.2037735734 1.011489921 0.6426090442 1


mesh: pSphereShape5 tranform: pSphere5 0.1737299137 0.01367550645 -0.06723902848 0 -0.00266679509 0.1369200393 0.02095730458 0 0.06480780279 -0.02363206766 0.1626417534 0 0.06683999209 1.053007201 0.5324991435 1


mesh: pSphereShape6 tranform: pSphere6 0.08685447972 -0.251563133 0.01346294405 0 0.1007824199 0.03508640267 0.005425316636 0 -0.006769918074 0.003263455116 0.1046548734 0 0.2205007766 0.7642108921 0.5182836878 1


mesh: pSphereShape7 tranform: pSphere7 0.1165066619 -0.2026824143 0.09246649973 0 0.08614687132 0.05147486674 0.004286588748 0 -0.02834073641 0.03759426796 0.118113929 0 0.3842104217 0.3514420654 0.6675890142 1


mesh: pSphereShape8 tranform: pSphere8 -0.04217415524 -0.1836715919 0.01808714397 0 0.03970201517 -0.01067156559 -0.01579378638 0 0.04269369397 0.0007176562664 0.1068374061 0 0.485202925 0.02907616849 0.7576619777 1


mesh: pSphereShape10 tranform: pSphere10 0.1657797947 0.01095815841 -0.07786926713 0 0.002636450208 0.1523836357 0.02705706976 0 0.09558452383 -0.03686489617 0.1983068793 0 -0.05834703753 1.44647971 0.6959729429 1


mesh: pSphereShape11 tranform: pSphere11 0.07158195919 0.007007309636 -0.02997995775 0 0.008087059946 0.1613815377 0.05702936654 0 0.03594402272 -0.02967790819 0.07888541055 0 -0.07608712773 1.268325053 0.6343895913 1


mesh: pSphereShape12 tranform: pSphere12 0.2954011973 0.0228482224 -0.1111202137 0 -0.005135547136 0.1644702994 0.02016561282 0 0.06193180118 -0.01780365801 0.1609783287 0 -0.08107149877 0.835916535 0.6191603462 1


mesh: pSphereShape13 tranform: pSphere13 0.2021243921 0.03042457879 -0.07885903045 0 -0.01803698376 0.2035383125 0.03229627647 0 0.07354980285 -0.02204531923 0.1800109583 0 -0.06100758034 0.6156022983 0.582135379 1


mesh: pSphereShape14 tranform: pSphere14 0.2067406603 0.02512058432 -0.07560622951 0 -0.01886533076 0.2392838129 0.0279172533 0 0.06706172823 -0.01550622539 0.1782242101 0 -0.04204051754 0.4235197511 0.5674275527 1


mesh: pSphereShape15 tranform: pSphere15 0.1498013782 0.007924800039 -0.02297817437 0 -0.01447373736 0.3780428393 0.0360223615 0 0.02925907248 -0.01651286577 0.1850533534 0 -0.219168399 -0.1679948726 0.573950299 1


mesh: pSphereShape16 tranform: pSphere16 0.09891955507 0.004481296454 -0.01543046889 0 -0.005924977459 0.356706493 0.06561118883 0 0.0132746066 -0.01464972355 0.08084449236 0 -0.2313409103 -0.8792821171 0.5116484391 1


mesh: pSphereShape17 tranform: pSphere17 0.1108540507 -0.004446909377 0.01785910135 0 0.004670990326 0.1038840303 -0.00312643558 0 -0.04385598676 0.01024126059 0.2747705855 0 -0.271842125 -1.334449546 0.6401958699 1


mesh: pSphereShape18 tranform: pSphere18 0.1268872849 0.01306568698 -0.008528618262 0 -0.04306575289 0.3270965942 -0.1396187176 0 0.003079688773 0.0576823302 0.1341873422 0 0.1553686818 -0.1653884573 0.6478258819 1


mesh: pSphereShape19 tranform: pSphere19 0.08589200985 0.006166121603 -0.007643261069 0 -0.01410383564 0.3980703439 0.1626456752 0 0.01095541759 -0.03753991666 0.09282780451 0 0.2330951778 -0.8295170485 0.685837667 1


mesh: pSphereShape20 tranform: pSphere20 0.1135200217 -0.009581762801 -0.01851741825 0 0.01003275283 0.07862411736 0.0208215136 0 0.03478877107 -0.07059156047 0.2497979779 0 0.2458561012 -1.279441271 0.7451310012 1


mesh: pSphereShape21 tranform: pSphere21 0.2463880612 0.02993804924 -0.09010550841 0 -0.0415201916 0.1181933907 -0.07426404978 0 0.0580161809 0.1517366339 0.2090570653 0 -0.042253788 0.2561497811 0.4990937574 1


mesh: pSphereShape22 tranform: pSphere22 0.008802953662 0.0007755179171 -0.00468044643 0 6.862844147e-05 0.009843644483 0.001760100405 0 0.004743764008 -0.001581529405 0.008659992366 0 -0.3737246304 1.179739309 0.6540072288 1


mesh: pSphereShape23 tranform: pSphere23 0.009186331074 0.0008992694106 -0.003847419386 0 8.935884465e-05 0.009687773569 0.002477712306 0 0.003950105872 -0.00231048865 0.00889147377 0 -0.1711745156 1.227127293 0.4608819302 1


mesh: pSphereShape24 tranform: pSphere24 0.009300856434 0.0007321359888 -0.003599728668 0 -0.0001924923572 0.009883046965 0.001512722509 0 0.003668380607 -0.001337669463 0.009206173153 0 0.1341756016 1.221103288 0.4144805975 1


