mesh: pSphereShape1 tranform: pSphere1 0.02284911504 0.1400717945 -0.03762904664 0 0.0491608152 0.01034723578 0.06836838123 0 0.1214602821 -0.04158469196 -0.08104330938 0 1.915795173 0.1282457188 0.2985630009 1


mesh: pSphereShape2 tranform: pSphere2 0.05888720706 0.2472186825 -0.05391434937 0 0.1023629532 -0.003391970619 0.09625099758 0 0.08550717044 -0.04051090297 -0.09236453127 0 1.959268075 0.4639732621 0.1993619178 1


mesh: pSphereShape3 tranform: pSphere3 0.09461216563 0.2627911265 -0.09070700128 0 0.09355481932 -0.0006288168134 0.09576081735 0 0.08515654165 -0.05950978784 -0.0835856026 0 2.071284066 0.9080480083 0.08230298101 1


mesh: pSphereShape4 tranform: pSphere4 0.007074462104 -0.002150487875 -0.1805926698 0 0.02365269062 0.1468013636 -0.0008215421428 0 0.1700467833 -0.02735889938 0.006987130251 0 2.172427723 1.169835118 -0.1270289853 1


mesh: pSphereShape5 tranform: pSphere5 0.02188400067 -0.002296215721 -0.1854885636 0 0.02310400747 0.1365963085 0.001034853686 0 0.1729579217 -0.02941159089 0.02076972594 0 2.208754481 1.185032111 -0.4200526533 1


mesh: pSphereShape6 tranform: pSphere6 0.08007102918 -0.2400386488 -0.08354064126 0 0.04613447162 0.04504393645 -0.0852070431 0 0.08923490532 0.01093884626 0.05409803856 0 2.291881154 0.9025254295 -0.5707899689 1


mesh: pSphereShape7 tranform: pSphere7 0.2260886138 -0.1055407834 -0.03080744446 0 0.02137852082 0.06678854309 -0.0719136256 0 0.04857666036 0.07855037773 0.08739320789 0 2.605400409 0.597560458 -0.6294922886 1


mesh: pSphereShape8 tranform: pSphere8 0.1234677817 -0.1417460903 0.02246799012 0 0.02250589996 0.01403062727 -0.03515966404 0 0.06442240906 0.0668820515 0.06792674202 0 2.906306146 0.4227759814 -0.6422352965 1


mesh: pSphereShape10 tranform: pSphere10 0.01146052643 -0.003151402875 -0.1830993427 0 0.00420206843 0.1547139028 -0.002399833421 0 0.2226880269 -0.005830500773 0.01403880667 0 2.237994247 1.605897979 -0.2715976618 1


mesh: pSphereShape11 tranform: pSphere11 0.005159199817 -0.0005387233708 -0.07774940239 0 0.03495120909 0.1677463096 0.001156940265 0 0.08949612247 -0.01868904423 0.00606817016 0 2.200868601 1.419599211 -0.2726162478 1


mesh: pSphereShape12 tranform: pSphere12 0.01765989993 -0.005112330229 -0.3159012544 0 0.01346664083 0.1652224695 -0.00192101895 0 0.1725528905 -0.01394933443 0.009872010129 0 2.21541594 0.9848208455 -0.2338383757 1


mesh: pSphereShape13 tranform: pSphere13 0.01238927913 -0.008717290602 -0.2185616301 0 0.02964192274 0.2046352183 -0.006481570484 0 0.1933667889 -0.02762758124 0.01206301754 0 2.187911196 0.7597367768 -0.2374674058 1


mesh: pSphereShape14 tranform: pSphere14 0.007311227645 -0.00181695586 -0.221432362 0 0.03560846032 0.2390050993 -0.0007854324214 0 0.1888629684 -0.02811672422 0.006466566086 0 2.170648434 0.5653136301 -0.2352608733 1


mesh: pSphereShape15 tranform: pSphere15 -0.01214566079 -0.00535844337 -0.1511787745 0 -0.1487957387 0.3496900373 -0.0004403507915 0 0.172406988 0.07333975338 -0.0164506143 0 2.316563108 0.009471561745 -0.05979423422 1


mesh: pSphereShape16 tranform: pSphere16 -0.00698951358 0.00480365129 -0.0998565541 0 0.0947047062 0.3500089451 0.01020845452 0 0.08013001518 -0.02148768141 -0.006642419857 0 2.421141765 -0.6489270193 -0.03329104222 1


mesh: pSphereShape17 tranform: pSphere17 0.02354468709 0.002756351387 -0.1098425841 0 0.03214818675 0.09850034962 0.009362676424 0 0.2583035698 -0.08935382996 0.05312498989 0 2.484059574 -1.164853164 0.001453570281 1


mesh: pSphereShape18 tranform: pSphere18 -0.004485693589 -0.01075235039 -0.127311029 0 -0.04681222611 0.3540489107 -0.02825263978 0 0.1447490077 0.018606284 -0.006671542818 0 2.18427101 -0.03832120383 -0.3856761358 1


mesh: pSphereShape19 tranform: pSphere19 -0.004812583911 -0.008369688509 -0.08591079794 0 0.1953463388 0.3803271781 -0.04799560426 0 0.08957239347 -0.04607357394 -0.0005290743238 0 2.094556499 -0.7247068087 -0.3365595859 1


mesh: pSphereShape20 tranform: pSphere20 -0.02768390624 0.001893460798 -0.1120335504 0 0.04762278401 0.06583679306 -0.01065506981 0 0.2036738795 -0.1558983244 -0.05296338397 0 2.082299747 -1.222736952 -0.3033244562 1


mesh: pSphereShape21 tranform: pSphere21 0.008713328099 -0.002165400028 -0.2638972435 0 -0.07591215632 0.1242323064 -0.003525842681 0 0.2257717591 0.1381372407 0.006321024827 0 2.095541923 0.4009560057 -0.2405375534 1


mesh: pSphereShape22 tranform: pSphere22 0.0003914079045 -0.0001189797811 -0.009991628679 0 0.001590664784 0.009872524148 -5.524945032e-05 0 0.009864916898 -0.00158717068 0.0004053440937 0 2.097307929 1.351312536 0.009880108898 1


mesh: pSphereShape23 tranform: pSphere23 0.0006620958426 -6.913601272e-05 -0.009977817863 0 0.00108303491 0.009941178324 2.984568401e-06 0 0.009919106032 -0.001080830114 0.0006656889555 0 2.009348288 1.356213725 -0.2605321638 1


mesh: pSphereShape24 tranform: pSphere24 0.001171588382 -0.0001229308892 -0.009930371023 0 0.001667674009 0.009859679699 7.469693723e-05 0 0.009790109502 -0.001664813572 0.001175649483 0 2.142822323 1.346226632 -0.548068405 1


