mesh: pSphereShape1 tranform: pSphere1 0.001350011441 0.1427868772 0.03417923328 0 -0.05933431739 0.01464735797 -0.05884709234 0 -0.1085095439 -0.0237483591 0.1034968553 0 4.583167241 -0.0669337957 -0.359421749 1


mesh: pSphereShape2 tranform: pSphere2 -0.02381685869 0.2552451897 0.04212110598 0 -0.09674294616 0.007749038296 -0.1016596722 0 -0.09514846393 -0.02352456623 0.08875348268 0 4.591092813 0.2747530559 -0.2714965611 1


mesh: pSphereShape3 tranform: pSphere3 -0.06095321713 0.277111099 0.07571355391 0 -0.08753324243 0.008329180431 -0.100953405 0 -0.09701998016 -0.04334769044 0.08054629465 0 4.539111169 0.7346838808 -0.1765350575 1


mesh: pSphereShape4 tranform: pSphere4 0.001228512772 0.005210974737 0.1806646659 0 -0.02440748712 0.1466237717 -0.004063151237 0 -0.1700332556 -0.02824968854 0.001971035331 0 4.473267204 1.012961892 0.01989410385 1


mesh: pSphereShape5 tranform: pSphere5 -0.02844549094 0.00291591392 0.1845874882 0 -0.02071413492 0.1368783144 -0.005354366802 0 -0.1725958238 -0.02714301642 -0.02616876304 0 4.436668955 1.038129384 0.3110635943 1


mesh: pSphereShape6 tranform: pSphere6 -0.05726278199 -0.2468221462 0.08251523081 0 -0.0546679728 0.04026636657 0.08250829261 0 -0.08728732915 0.0007875272639 -0.05821878074 0 4.371712132 0.7498491443 0.4618101368 1


mesh: pSphereShape7 tranform: pSphere7 -0.1413813033 -0.1973131586 0.06544357409 0 -0.04604960416 0.05604208292 0.06948409232 0 -0.08750038211 0.03429025378 -0.08564629697 0 4.155750767 0.3441809165 0.5515353987 1


mesh: pSphereShape8 tranform: pSphere8 -0.004403736152 -0.1892588693 0.001656892883 0 -0.03008403163 0.0009814585263 0.03214908691 0 -0.08398468169 0.001265816945 -0.0786286769 0 4.000234748 0.03505618494 0.6022798204 1


mesh: pSphereShape10 tranform: pSphere10 0.004403186328 0.007329834428 0.183285378 0 -0.01928263037 0.1534789479 -0.005674594849 0 -0.2214028053 -0.02757894325 0.006421826474 0 4.384948288 1.448174518 0.1429310772 1


mesh: pSphereShape11 tranform: pSphere11 -0.001940531638 0.00464970473 0.07775919058 0 -0.03964619771 0.1663440104 -0.01093613792 0 -0.08911233252 -0.02130137261 -0.0009501154397 0 4.444408898 1.268283227 0.1490101461 1


mesh: pSphereShape12 tranform: pSphere12 -0.03413049781 0.005916628737 0.3145341208 0 -0.0208927312 0.1643723801 -0.005359067753 0 -0.1709948165 -0.02232573926 -0.01813490087 0 4.442065349 0.8303906069 0.1312064658 1


mesh: pSphereShape13 tranform: pSphere13 -0.02637773555 -0.0004617763222 0.2174917777 0 -0.02932322015 0.2047599355 -0.003121620797 0 -0.1922883864 -0.02789363534 -0.02338025317 0 4.474198473 0.6085444608 0.1445471099 1


mesh: pSphereShape14 tranform: pSphere14 -0.02891549036 0.0003366893358 0.2196652621 0 -0.02686446365 0.2401147095 -0.00390431875 0 -0.18822522 -0.02146131772 -0.0247440068 0 4.487078385 0.4152575165 0.1457630119 1


mesh: pSphereShape15 tranform: pSphere15 -0.06580746706 -0.003431941482 0.1367071721 0 0.02821593862 0.3782786191 0.02307888816 0 -0.1688998104 0.01753183906 -0.08086408556 0 4.511850435 -0.1784009243 -0.06740186327 1


mesh: pSphereShape16 tranform: pSphere16 -0.04357784771 -0.001595796535 0.09023128274 0 -0.03082122142 0.3613271956 -0.00849503391 0 -0.07461184118 -0.007214582375 -0.03616192033 0 4.500254341 -0.8860838127 -0.1298047031 1


mesh: pSphereShape17 tranform: pSphere17 -0.09592601341 -0.01774129294 0.05577445231 0 -0.007226595653 0.1018458286 0.01996717353 0 -0.1437270545 0.0360187492 -0.2357377551 0 4.440599601 -1.325466264 -0.312333729 1


mesh: pSphereShape18 tranform: pSphere18 0.01343606909 -0.002637572376 0.1271076231 0 -0.0109887247 0.3579744274 0.008589797363 0 -0.1452141549 -0.004823563419 0.01524995019 0 4.520689498 -0.1978159628 0.3175714149 1


mesh: pSphereShape19 tranform: pSphere19 0.009782925683 -0.0005605132447 0.08589445874 0 -0.1123878346 0.415019264 0.01550863289 0 -0.09656095343 -0.02655334516 0.01082450653 0 4.613456413 -0.9152290465 0.3155535668 1


mesh: pSphereShape20 tranform: pSphere20 0.04812327317 0.01378945375 0.1039976049 0 -0.002448555947 0.08134355929 -0.009652633086 0 -0.2379220577 0.005811166406 0.109324204 0 4.502318084 -1.328292098 0.3654063353 1


mesh: pSphereShape21 tranform: pSphere21 -0.03446071807 0.0004012574622 0.2617912605 0 0.07964216311 0.1214900892 0.01029743056 0 -0.2189468286 0.1459912063 -0.02904468613 0 4.555330966 0.2483929696 0.1591819559 1


mesh: pSphereShape22 tranform: pSphere22 6.796977673e-05 0.0002883069656 0.009995611997 0 -0.00164142553 0.009860580933 -0.0002732505866 0 -0.009864132113 -0.001638847994 0.0001143455898 0 4.54101611 1.188964479 -0.127599327 1


mesh: pSphereShape23 tranform: pSphere23 -0.0002490343416 0.0005967107848 0.009979074012 0 -0.001359800806 0.00988737145 -0.0006251620409 0 -0.009903985241 -0.00137252397 -0.0001650887233 0 4.636967767 1.209048441 0.1330071016 1


mesh: pSphereShape24 tranform: pSphere24 -0.00152286628 0.0001561072366 0.009882130784 0 -0.001495170241 0.009880035211 -0.0003864843951 0 -0.009769613311 -0.001536403192 -0.001481256558 0 4.500793798 1.201532783 0.4371829415 1


