mesh: pSphereShape1 tranform: pSphere1 -0.001885849922 0.1403962369 0.04293570842 0 -0.08417496012 -0.004121940916 0.009781220967 0 0.01889362094 -0.04382276146 0.1441266852 0 4.36154011 -0.113113083 -0.7104050608 1


mesh: pSphereShape2 tranform: pSphere2 -0.02120335461 0.2471489881 0.07719671388 0 -0.1372786801 -0.01906850777 0.02334288309 0 0.0262226731 -0.03658442062 0.1243292712 0 4.374494635 0.2265655396 -0.6166721102 1


mesh: pSphereShape3 tranform: pSphere3 0.00241977977 0.2718981088 0.1109232222 0 -0.1322582173 -0.006820221786 0.01960311935 0 0.0206432329 -0.0499174116 0.1219086271 0 4.364051477 0.6792866663 -0.4752738419 1


mesh: pSphereShape4 tranform: pSphere4 0.1577754139 0.0224219354 0.08527930917 0 -0.02180720913 0.1470795889 0.001674877613 0 -0.08020530606 -0.01362245073 0.1519696536 0 4.473680323 0.9687536629 -0.3123789372 1


mesh: pSphereShape5 tranform: pSphere5 0.1493940714 0.02426315573 0.1094664334 0 -0.02188419986 0.1368001905 -0.0004552501664 0 -0.1023087984 -0.01589016907 0.1431477494 0 4.710658627 1.025882966 -0.1468218343 1


mesh: pSphereShape6 tranform: pSphere6 0.109636593 -0.2072350686 0.1266586168 0 0.03096380433 0.06475823522 0.07915301427 0 -0.09067014533 -0.01752652823 0.04980833279 0 4.876574432 0.7830386742 0.02237050198 1


mesh: pSphereShape7 tranform: pSphere7 0.03777076017 -0.164125424 0.1866553823 0 0.01999680056 0.07589364126 0.06268654857 0 -0.1231329823 0.006872006789 0.03095917888 0 4.956705567 0.4296627303 0.3180019001 1


mesh: pSphereShape8 tranform: pSphere8 0.04557623788 -0.1807177165 0.0332411086 0 0.01524460407 0.01116205313 0.03978173734 0 -0.1043274002 -0.01802686258 0.04503691459 0 5.007512463 0.1548175285 0.5284470187 1


mesh: pSphereShape10 tranform: pSphere10 0.1461595815 0.02598929204 0.1078358834 0 -0.01589815062 0.1532014356 -0.01537456511 0 -0.1329749845 0.004186849614 0.1792237818 0 4.526011749 1.422548784 -0.249669589 1


mesh: pSphereShape11 tranform: pSphere11 0.06276275245 0.0102725688 0.04502430869 0 -0.03145097451 0.1683540668 0.005430866125 0 -0.05163419131 -0.01205661978 0.07472755321 0 4.568612237 1.237094866 -0.2566130259 1


mesh: pSphereShape12 tranform: pSphere12 0.2614004102 0.03992395247 0.17380309 0 -0.01976721884 0.1644025764 -0.008034618556 0 -0.09550684404 -0.004413829442 0.1446564945 0 4.56248785 0.8026438389 -0.2058674308 1


mesh: pSphereShape13 tranform: pSphere13 0.1825003801 0.02530709012 0.118540432 0 -0.02741020021 0.2050425039 -0.001574628714 0 -0.1051238187 -0.01278915506 0.1645750132 0 4.599785817 0.5800203446 -0.197000418 1


mesh: pSphereShape14 tranform: pSphere14 0.1855750891 0.02320856706 0.118795181 0 -0.02571826816 0.2401771576 -0.006746887841 0 -0.10237509 -0.006434564833 0.1611816516 0 4.616626023 0.3875050405 -0.1835965984 1


mesh: pSphereShape15 tranform: pSphere15 0.1283361348 0.03081612337 0.07490964488 0 -0.05120655406 0.3709361795 -0.06486699883 0 -0.09713336585 0.01463870959 0.1603880578 0 4.519769826 -0.2140100827 -0.2002502228 1


mesh: pSphereShape16 tranform: pSphere16 0.08365088388 0.023509587 0.04993083925 0 -0.1198498866 0.3399357854 0.04073232208 0 -0.03666704808 -0.02150134181 0.07155334661 0 4.631248488 -0.9041502214 -0.1616699021 1


mesh: pSphereShape17 tranform: pSphere17 0.08831827582 0.008419944324 0.06896614929 0 -0.008199952241 0.1036898575 -0.00215840938 0 -0.1707504322 -0.008928809881 0.2197536619 0 4.635895559 -1.356737996 -0.05380792727 1


mesh: pSphereShape18 tranform: pSphere18 0.1117597387 0.04570302186 0.04200984614 0 -0.03200124109 0.2807158929 -0.2202606078 0 -0.06972805197 0.07423368428 0.1047393785 0 4.81502509 -0.1283933721 0.1420223922 1


mesh: pSphereShape19 tranform: pSphere19 0.07770254014 0.02666255985 0.02693141307 0 -0.175893651 0.3640755012 0.1470475621 0 -0.0159354628 -0.04377086499 0.08931091877 0 4.99748302 -0.7089249848 0.2881733776 1


mesh: pSphereShape20 tranform: pSphere20 0.09683873452 0.05395391671 -0.03213618894 0 -0.02838869618 0.06994917678 0.03189260081 0 0.109887624 -0.06025510543 0.2299706267 0 5.222542325 -1.134260631 0.3469920087 1


mesh: pSphereShape21 tranform: pSphere21 0.2211634923 0.02765935754 0.1415769607 0 0.03818299088 0.1141694228 -0.08195215125 0 -0.1268925993 0.1620067534 0.1665737672 0 4.665492441 0.2170721692 -0.2189090543 1


mesh: pSphereShape22 tranform: pSphere22 0.008729221138 0.001240535693 0.004718237968 0 -0.001466554489 0.009891235051 0.0001126370306 0 -0.004652947051 -0.0007902786619 0.008816209128 0 4.370706573 1.123493371 -0.4632867447 1


mesh: pSphereShape23 tranform: pSphere23 0.008054535382 0.001318310075 0.005778106811 0 -0.001280393928 0.00990629293 -0.0004753438575 0 -0.005786626925 -0.0003569578958 0.008147854312 0 4.665262862 1.157432792 -0.4152206741 1


mesh: pSphereShape24 tranform: pSphere24 0.007998005528 0.001298959536 0.005860427604 0 -0.001579626883 0.009874396138 -3.286048409e-05 0 -0.005791086814 -0.0008994470656 0.00810273463 0 4.842989364 1.195843254 -0.1647336213 1


