mesh: pSphereShape1 tranform: pSphere1 0.02304452498 0.1270248403 -0.06994122289 0 -0.01491689307 0.04234448028 0.07198970678 0 0.1475451387 -0.00750349146 0.03498620311 0 -0.5526514163 0.005021858918 1.071824266 1


mesh: pSphereShape2 tranform: pSphere2 0.03589505214 0.2370896354 -0.09995792723 0 -0.03662568201 0.05738583942 0.1229608028 0 0.1263438041 -0.0027256109 0.03890540199 0 -0.4972685511 0.3042697697 0.8932848156 1


mesh: pSphereShape3 tranform: pSphere3 0.08847569451 0.2688027119 -0.07845732391 0 -0.04226506905 0.04821422746 0.1175248313 0 0.1199737073 -0.0240196234 0.05299973241 0 -0.4067620569 0.7347741548 0.7261180319 1


mesh: pSphereShape4 tranform: pSphere4 0.1642294609 0.01315946826 -0.07432292748 0 -0.0004961221293 0.1466030389 0.0248609713 0 0.07198185615 -0.02595006456 0.1544617895 0 -0.2072047409 1.013426439 0.6234111704 1


mesh: pSphereShape5 tranform: pSphere5 0.1783676536 0.01294852164 -0.0539212878 0 -0.003942275944 0.1370512459 0.01987038066 0 0.05220734548 -0.02274499468 0.167236133 0 0.07048687569 1.053718017 0.5328805451 1


mesh: pSphereShape6 tranform: pSphere6 0.09392609647 -0.2457738932 0.04221425373 0 0.09844351667 0.03971788329 0.01220449296 0 -0.0172316297 0.01108951287 0.1029039266 0 0.2323716158 0.7710287052 0.5518269319 1


mesh: pSphereShape7 tranform: pSphere7 0.1138469695 -0.18961651 0.1195343613 0 0.08341817183 0.05533066102 0.008321463076 0 -0.04124740235 0.04543751125 0.1113620713 0 0.3949421499 0.3786116245 0.7494064631 1


mesh: pSphereShape8 tranform: pSphere8 -0.02284624114 -0.1860254231 0.02671421046 0 0.04336016415 -0.006017741214 -0.004822754905 0 0.01459854585 0.01446381576 0.1132041447 0 0.5035951237 0.07317383616 0.8816295733 1


mesh: pSphereShape10 tranform: pSphere10 0.1694210056 0.008145617268 -0.06997725413 0 0.003478635786 0.152520562 0.0261760499 0 0.08555408058 -0.03676574887 0.202854182 0 -0.0586066359 1.447969084 0.6821010372 1


mesh: pSphereShape11 tranform: pSphere11 0.07312253656 0.005994702762 -0.02624948233 0 0.006905886774 0.1617360585 0.05617389083 0 0.03144504095 -0.02943175338 0.08087422515 0 -0.07618498705 1.269729017 0.6209190667 1


mesh: pSphereShape12 tranform: pSphere12 0.3015680076 0.02177944432 -0.09334882516 0 -0.006306445949 0.1646754976 0.01804755965 0 0.0521102476 -0.01604382688 0.1646015135 0 -0.08316332181 0.8376721281 0.6096245308 1


mesh: pSphereShape13 tranform: pSphere13 0.2066015026 0.02785981099 -0.06736706631 0 -0.01818831618 0.2040748766 0.02861567443 0 0.06280548597 -0.02023722093 0.1842428846 0 -0.06173386245 0.6167958695 0.5763811252 1


mesh: pSphereShape14 tranform: pSphere14 0.2107386374 0.02189702473 -0.0647980969 0 -0.01753477127 0.2398083483 0.02401051272 0 0.05732768681 -0.01400184201 0.1817115083 0 -0.04376690121 0.424287224 0.565021148 1


mesh: pSphereShape15 tranform: pSphere15 0.1504130408 0.007560128102 -0.01870864664 0 -0.01511494877 0.3784295643 0.03140208844 0 0.02386232655 -0.01448083502 0.1859957162 0 -0.2216460661 -0.1672370739 0.5697263504 1


mesh: pSphereShape16 tranform: pSphere16 0.09932956491 0.004361642565 -0.0125647671 0 -0.007532292031 0.3569062209 0.06434803513 0 0.01090945914 -0.01441669541 0.08123917848 0 -0.2326841719 -0.8787128313 0.5125013377 1


mesh: pSphereShape17 tranform: pSphere17 0.1108076274 -0.003707523703 0.01831029835 0 0.003934445821 0.1039247264 -0.002766924888 0 -0.04507689093 0.009018007526 0.2746158318 0 -0.2720037568 -1.334996505 0.6418699497 1


mesh: pSphereShape18 tranform: pSphere18 0.1270863513 0.01323832876 -0.004199827518 0 -0.03883341779 0.3315271801 -0.1300842874 0 -0.001051823537 0.05325450979 0.1360361326 0 0.151542796 -0.1700436036 0.6433659622 1


mesh: pSphereShape19 tranform: pSphere19 0.08607958839 0.006463180771 -0.004733878852 0 -0.02055622711 0.3960224238 0.1669018093 0 0.007998162414 -0.03864309212 0.09267690455 0 0.2292637286 -0.8377858657 0.6681885822 1


mesh: pSphereShape20 tranform: pSphere20 0.1142359057 -0.008777167462 -0.01395060777 0 0.008582291071 0.07883339661 0.02067808618 0 0.02542626918 -0.06872168343 0.2514424225 0 0.2404977328 -1.285043617 0.723781221 1


mesh: pSphereShape21 tranform: pSphere21 0.2511527447 0.02609629602 -0.07722466128 0 -0.03614425207 0.1177000693 -0.07777557278 0 0.04860544704 0.1537043654 0.210017186 0 -0.04230189334 0.2560845511 0.4987793597 1


mesh: pSphereShape22 tranform: pSphere22 0.009086303413 0.0007280722999 -0.00411205557 0 -3.336466081e-05 0.009859186636 0.00167192275 0 0.004175880397 -0.001505440005 0.008960785306 0 -0.3773452589 1.181866964 0.6223479476 1


mesh: pSphereShape23 tranform: pSphere23 0.009384038065 0.000769318483 -0.003368676101 0 6.83610676e-05 0.009705760724 0.002406976431 0 0.003454729564 -0.002281744474 0.009102663665 0 -0.1625454461 1.228172335 0.4429901805 1


mesh: pSphereShape24 tranform: pSphere24 0.00954914386 0.0006932159136 -0.002886746134 0 -0.000284558042 0.00989251761 0.001434267082 0 0.002955144373 -0.001287457587 0.009466233396 0 0.1469759259 1.220961884 0.4193126366 1


