mesh: pSphereShape1 tranform: pSphere1 -0.01302504022 0.1426347787 -0.03230794122 0 0.06017156301 0.01838659409 0.05691575137 0 0.1061813418 -0.01465797291 -0.1075200968 0 1.13282422 -0.1075735395 1.780493436 1


mesh: pSphereShape2 tranform: pSphere2 -0.0004242975458 0.2566529487 -0.04025693853 0 0.09910759405 0.01560271242 0.09842852406 0 0.09375624095 -0.01429698248 -0.09213674439 0 1.093385248 0.2329206023 1.696696964 1


mesh: pSphereShape3 tranform: pSphere3 0.03044476743 0.2821627083 -0.07546999621 0 0.08990759942 0.01646288476 0.09781937824 0 0.09782546425 -0.03311362057 -0.08434021031 0 1.098393347 0.6965278641 1.604256562 1


mesh: pSphereShape4 tranform: pSphere4 0.007232169063 0.01168511802 -0.1802208055 0 0.01929068574 0.1470793312 0.01031042358 0 0.170779339 -0.02277604158 0.005376539717 0 1.145019658 0.9843198406 1.411221505 1


mesh: pSphereShape5 tranform: pSphere5 0.02630458996 0.01204214816 -0.1845352122 0 0.0160420704 0.1371488555 0.01123659218 0 0.1737049855 -0.02222778851 0.0233102834 0 1.183961304 1.022700207 1.120978609 1


mesh: pSphereShape6 tranform: pSphere6 0.07653425323 -0.2352664211 -0.0990009119 0 0.05182443367 0.05006152939 -0.07890283408 0 0.08666774771 0.003346323454 0.05904767638 0 1.268251102 0.7494667658 0.9523628188 1


mesh: pSphereShape7 tranform: pSphere7 0.1549856996 -0.1817499771 -0.07842445811 0 0.04218611128 0.06398836123 -0.06492412364 0 0.08468313759 0.03400720959 0.08854209429 0 1.513919878 0.3678823201 0.8359220656 1


mesh: pSphereShape8 tranform: pSphere8 0.01309163993 -0.1876744105 -0.02116559481 0 0.0318663163 0.005592758158 -0.02988034389 0 0.0790172406 -0.003909178793 0.08353736823 0 1.688551442 0.07341180346 0.7640678145 1


mesh: pSphereShape10 tranform: pSphere10 0.0110247155 0.01467927685 -0.1825640129 0 0.002141574454 0.1542664522 0.01253330366 0 0.2227815927 -0.004158570308 0.01311900871 0 1.204926354 1.43069831 1.314109913 1


mesh: pSphereShape11 tranform: pSphere11 0.006713051707 0.00892588178 -0.07711770684 0 0.03232568003 0.1668155502 0.0221217657 0 0.08963568215 -0.01812620784 0.005704741476 0 1.170557569 1.245162805 1.297384255 1


mesh: pSphereShape12 tranform: pSphere12 0.03267703562 0.0197456142 -0.314124072 0 0.009356284344 0.1651274432 0.01135308861 0 0.1721921831 -0.01094083859 0.01722471152 0 1.192777314 0.8088455864 1.292983227 1


mesh: pSphereShape13 tranform: pSphere13 0.01847205437 0.01376184328 -0.2178716742 0 0.01760351734 0.2056129183 0.01448001856 0 0.1942933981 -0.01771568235 0.01535398202 0 1.174829247 0.5856462586 1.267972519 1


mesh: pSphereShape14 tranform: pSphere14 0.01605775728 0.007124760881 -0.220862927 0 0.01915005604 0.2407102738 0.00915730911 0 0.1899489675 -0.01561787842 0.01330635614 0 1.170158513 0.3912003562 1.258460057 1


mesh: pSphereShape15 tranform: pSphere15 -0.006021701837 0.0004958020566 -0.1516401831 0 -0.07802903827 0.3719090503 0.004314561363 0 0.1839199843 0.03867092118 -0.007177109409 0 1.23160305 -0.1820202488 1.441308762 1


mesh: pSphereShape16 tranform: pSphere16 -0.003044572801 0.004916692801 -0.1000490703 0 0.07995613115 0.3535014867 0.01493892895 0 0.08114016544 -0.01821038485 -0.003364069329 0 1.273847684 -0.8737786035 1.460166007 1


mesh: pSphereShape17 tranform: pSphere17 0.02328417308 -0.002908220148 -0.1098941882 0 0.002876388627 0.1039741422 -0.00214210932 0 0.2722852007 -0.006340591865 0.05785907045 0 1.379586507 -1.33746137 1.499679296 1


mesh: pSphereShape18 tranform: pSphere18 0.0227955457 0.006176552305 -0.1256425321 0 -0.09875994329 0.3443627767 -0.0009894109561 0 0.137994156 0.03965293592 0.02698584997 0 1.268419132 -0.216727754 1.094720313 1


mesh: pSphereShape19 tranform: pSphere19 0.01076311155 -0.00034831955 -0.08577827205 0 0.3669199504 0.2201002784 0.04514587475 0 0.05108557168 -0.08654949333 0.006761462704 0 1.110418664 -0.7664137119 1.044427402 1


mesh: pSphereShape20 tranform: pSphere20 -0.00903982254 0.01133395823 -0.1145046867 0 0.07523339733 0.03237903308 -0.002734507746 0 0.1018004146 -0.2392139231 -0.03171484416 0 0.8422080173 -1.181791118 1.008397932 1


mesh: pSphereShape21 tranform: pSphere21 0.01913721121 0.008491101932 -0.2632186059 0 -0.08405124008 0.1189073837 -0.002275111277 0 0.2153556934 0.1526207703 0.02058071043 0 1.106754783 0.2224983711 1.244252057 1


mesh: pSphereShape22 tranform: pSphere22 0.0004001333382 0.0006465011036 -0.00997105459 0 0.00129731602 0.00989121772 0.0006933852883 0 0.00990741462 -0.001321305543 0.0003119089727 0 1.06447926 1.15265828 1.561210007 1


mesh: pSphereShape23 tranform: pSphere23 0.0008615063934 0.001145485623 -0.009896750448 0 0.000929056373 0.009881159825 0.001224554928 0 0.009919408298 -0.001024960097 0.0007448461645 0 0.9798367777 1.178309909 1.297597371 1


mesh: pSphereShape24 tranform: pSphere24 0.001408250367 0.000644692033 -0.009879332117 0 0.001157935215 0.009899563178 0.000811070233 0 0.009832396297 -0.001258181651 0.001319455188 0 1.112865718 1.189166275 1.002854854 1


