mesh: pSphereShape1 tranform: pSphere1 0.04170277282 0.1360692594 0.03611329693 0 -0.06078293917 0.03186718573 -0.04987988945 0 -0.09674504548 -0.001400882077 0.1169971728 0 4.322244834 -0.02588647198 -0.3664578172 1


mesh: pSphereShape2 tranform: pSphere2 0.0411043867 0.2506744684 0.05444517903 0 -0.1141485665 0.03484006571 -0.07423078041 0 -0.07425380226 -0.01145650435 0.1088068814 0 4.423707957 0.2992066738 -0.2737452586 1


mesh: pSphereShape3 tranform: pSphere3 -0.001814202149 0.277263137 0.09674843497 0 -0.105761573 0.02642505741 -0.0777125458 0 -0.08174917569 -0.03518195045 0.09929202906 0 4.476136724 0.7514286896 -0.1550849342 1


mesh: pSphereShape4 tranform: pSphere4 0.03044962394 -0.0100134592 0.1778789926 0 -0.02243279101 0.1464972376 0.01208694815 0 -0.1679097118 -0.02795328807 0.02716947291 0 4.480671967 1.017422228 0.06286899884 1


mesh: pSphereShape5 tranform: pSphere5 -6.618062555e-05 -0.01255940845 0.1863664299 0 -0.0187963716 0.1369491158 0.009222454537 0 -0.1750324162 -0.02391063565 -0.001673515957 0 4.490261735 1.018141603 0.3570245936 1


mesh: pSphereShape6 tranform: pSphere6 -0.03459178369 -0.2515262059 0.08091314874 0 -0.04239205798 0.03527187928 0.09152264107 0 -0.09534574163 -0.0009733579466 -0.04378774472 0 4.45698211 0.7189786656 0.5023518473 1


mesh: pSphereShape7 tranform: pSphere7 -0.1134645719 -0.2090967847 0.08129171191 0 -0.03752210936 0.05074197024 0.0781451467 0 -0.1030444658 0.02928711428 -0.06849474115 0 4.280557575 0.297666266 0.6112688672 1


mesh: pSphereShape8 tranform: pSphere8 0.01256843841 -0.188898161 0.0007595640183 0 -0.02643316017 -0.001617249374 0.03518875612 0 -0.0917086962 -0.006380073378 -0.06918314525 0 4.159449038 -0.02398962178 0.6759968826 1


mesh: pSphereShape10 tranform: pSphere10 0.01856733046 -0.01832622673 0.1816206155 0 -0.006374298115 0.1538104416 0.01617172543 0 -0.2218702005 -0.01145811861 0.02152593329 0 4.447161228 1.442829169 0.2504093365 1


mesh: pSphereShape11 tranform: pSphere11 0.006626611355 -0.007238977268 0.07730176173 0 -0.02683733787 0.1682717939 0.0180585315 0 -0.0901609458 -0.01505771736 0.006318860819 0 4.491437604 1.259282321 0.2293350878 1


mesh: pSphereShape12 tranform: pSphere12 0.01473427152 -0.0204866797 0.3154279755 0 -0.01848853457 0.1643428279 0.01153751172 0 -0.1721261161 -0.01983816206 0.006751889573 0 4.464570353 0.8263274449 0.1619850826 1


mesh: pSphereShape13 tranform: pSphere13 0.004643722409 -0.01973979954 0.2181454737 0 -0.02866712983 0.2039872556 0.01906887938 0 -0.1937701031 -0.02738521477 0.001646772284 0 4.495792786 0.6035669446 0.1508106992 1


mesh: pSphereShape14 tranform: pSphere14 0.002127657133 -0.0109175801 0.2212811014 0 -0.02594468193 0.2399432755 0.01208779829 0 -0.1899406262 -0.02057883158 0.0008109932784 0 4.507824496 0.4108710703 0.1375810294 1


mesh: pSphereShape15 tranform: pSphere15 0.0002678889011 0.003498224498 0.1517199476 0 0.01809909545 0.3794980707 -0.008782088415 0 -0.1878647605 0.008962576533 0.0001250579094 0 4.503636089 -0.1899308678 -0.03757388687 1


mesh: pSphereShape16 tranform: pSphere16 -0.0006987456112 0.005096618472 0.1000839448 0 -0.09699280518 0.3490435325 -0.01845166092 0 -0.08019405026 -0.02225414725 0.0005733752545 0 4.540450552 -0.8911016204 -0.04971195231 1


mesh: pSphereShape17 tranform: pSphere17 -0.02372406018 -0.002807670468 0.1098026822 0 -0.005025467178 0.1039026522 0.001570999169 0 -0.2718283206 -0.01225478776 -0.05904481306 0 4.455930921 -1.354177024 -0.08594845804 1


mesh: pSphereShape18 tranform: pSphere18 0.02589693315 -0.001036494948 0.1251882866 0 -0.003503324918 0.3582099024 0.003690506019 0 -0.143056464 -0.001703847775 0.02957910644 0 4.556123719 -0.1988702942 0.3096501622 1


mesh: pSphereShape19 tranform: pSphere19 0.01819867021 0.00057741813 0.08451244194 0 -0.09799412631 0.4185414046 0.01824215887 0 -0.09576172982 -0.0233266457 0.02078043573 0 4.631491483 -0.9188503571 0.311451783 1


mesh: pSphereShape20 tranform: pSphere20 0.04910417174 0.008685626156 0.1040905399 0 -0.001780811315 0.08171310822 -0.005978297799 0 -0.2369487026 0.002995782455 0.1115293432 0 4.508022446 -1.335079474 0.3619148798 1


mesh: pSphereShape21 tranform: pSphere21 0.002535685603 -0.01301128376 0.2637169751 0 0.08090633301 0.1209792226 0.005190951282 0 -0.2201234888 0.1468086647 0.009359781085 0 4.576447787 0.2436872023 0.1328209635 1


mesh: pSphereShape22 tranform: pSphere22 0.001684682641 -0.0005540134393 0.009841489395 0 -0.001508625435 0.009852071401 0.0008128581683 0 -0.009740939056 -0.001621652927 0.00157618149 0 4.526491871 1.205067773 -0.07859061615 1


mesh: pSphereShape23 tranform: pSphere23 0.0008504132394 -0.0009290000241 0.009920370773 0 -0.0006047120758 0.009933272769 0.0009820465404 0 -0.009945407012 -0.0006834113383 0.000788560914 0 4.67575608 1.190806906 0.1826275688 1


mesh: pSphereShape24 tranform: pSphere24 -3.543065693e-06 -0.000672384234 0.009977368736 0 -0.001356743864 0.00988514574 0.0006656874462 0 -0.00990753418 -0.001353437524 -9.472769046e-05 0 4.575728767 1.16994473 0.4849697114 1


