mesh: pSphereShape1 tranform: pSphere1 0.02231079759 0.1363361601 -0.04972740273 0 0.0830844855 -0.008064628439 0.01516629913 0 0.0203129583 -0.05447821927 -0.1402476812 0 2.860298377 -0.06316434862 1.598529284 1


mesh: pSphereShape2 tranform: pSphere2 0.06129313929 0.240428814 -0.0769978811 0 0.1281980983 -0.01485528723 0.05566419157 0 0.04432293932 -0.04810129589 -0.1149154405 0 2.897717878 0.2669248792 1.479866049 1


mesh: pSphereShape3 tranform: pSphere3 0.06224718985 0.2603642508 -0.1207234129 0 0.1218759372 -0.003501193163 0.05529042718 0 0.04739077557 -0.06157438306 -0.1083619589 0 2.988260259 0.7053483461 1.323290114 1


mesh: pSphereShape4 tranform: pSphere4 -0.08441001439 0.01175828258 -0.1593897025 0 0.02108529934 0.1471940232 -0.0003078084817 0 0.1504501779 -0.0217217051 -0.08127822206 0 2.990196064 0.9773179472 1.100233109 1


mesh: pSphereShape5 tranform: pSphere5 -0.06909438586 0.01234039136 -0.1731007507 0 0.01906423402 0.1372051603 0.002171763158 0 0.1623245764 -0.02150465177 -0.06632607129 0 2.878886737 1.016055565 0.8295689015 1


mesh: pSphereShape6 tranform: pSphere6 0.05813269551 -0.2234824143 -0.1329855691 0 -0.001836445301 0.05428034489 -0.0920209623 0 0.1023813157 0.02061236131 0.01011539514 0 2.907010108 0.7559176483 0.6328534371 1


mesh: pSphereShape7 tranform: pSphere7 0.1465987654 -0.1390316953 -0.1496095137 0 -0.008880017261 0.06880329255 -0.07264001938 0 0.1026823924 0.06030902789 0.04457099957 0 3.145282693 0.4335639005 0.3989807707 1


mesh: pSphereShape8 tranform: pSphere8 0.05962749938 -0.1762431259 -0.03498542128 0 0.008862588941 0.01126483447 -0.04164293495 0 0.1067158256 0.02998605964 0.03082315153 0 3.342335224 0.1948404184 0.236036803 1


mesh: pSphereShape10 tranform: pSphere10 -0.1174194968 0.01478879718 -0.1402162528 0 0.01384320002 0.1540988451 0.004660479592 0 0.1703513838 -0.01095389393 -0.1438104947 0 2.997199193 1.421689864 0.9695105883 1


mesh: pSphereShape11 tranform: pSphere11 -0.04386552613 0.01015545672 -0.06359685097 0 0.04365256272 0.1656588008 -0.003655870459 0 0.0720430173 -0.02015160811 -0.0529091235 0 2.958011925 1.237651318 0.9864391421 1


mesh: pSphereShape12 tranform: pSphere12 -0.1401752686 0.0195684512 -0.2830186926 0 0.01220156462 0.1652442456 0.005382034462 0 0.1549310451 -0.008920673592 -0.07735200959 0 2.972559869 0.8024324234 0.9717765369 1


mesh: pSphereShape13 tranform: pSphere13 -0.1014359171 0.005778283078 -0.1941031626 0 0.01402268737 0.2063932883 -0.001183933872 0 0.1729550707 -0.01227140818 -0.09074949452 0 2.949610316 0.5792948716 0.9616117699 1


mesh: pSphereShape14 tranform: pSphere14 -0.1078502319 0.004443307385 -0.1934880638 0 0.01474064334 0.2411795161 -0.002677927859 0 0.1664833045 -0.01120852262 -0.09305517634 0 2.946482535 0.3844563761 0.9569899018 1


mesh: pSphereShape15 tranform: pSphere15 -0.09391210517 0.004199166041 -0.1191391428 0 -0.08209605932 0.3628733804 0.0775024825 0 0.1420456794 0.05563165526 -0.110007525 0 3.117619134 -0.1912474063 1.029499299 1


mesh: pSphereShape16 tranform: pSphere16 -0.06157180308 0.00703016736 -0.07875753662 0 0.04481857283 0.3599476234 -0.002908525544 0 0.06485577655 -0.008491292294 -0.05146151698 0 3.209831566 -0.877450796 0.9632258443 1


mesh: pSphereShape17 tranform: pSphere17 -0.05963618414 0.007239255836 -0.09496558203 0 0.007869720468 0.103695584 0.002962744573 0 0.2350491121 -0.01359155337 -0.1486414821 0 3.333997534 -1.353388543 0.8678266582 1


mesh: pSphereShape18 tranform: pSphere18 -0.0606458949 0.001234413839 -0.1125361464 0 -0.02308880894 0.3571267098 0.01635993139 0 0.128263092 0.01145308992 -0.06899553961 0 2.862745139 -0.2266878828 0.7954581123 1


mesh: pSphereShape19 tranform: pSphere19 -0.04437180899 -0.00201956957 -0.07416833393 0 0.298708965 0.2479739552 -0.1854572843 0 0.05082089062 -0.08228196353 -0.02816351118 0 2.659006461 -0.8141694183 0.8981572369 1


mesh: pSphereShape20 tranform: pSphere20 -0.06522298533 -0.02331255447 -0.09232544211 0 0.04951261822 0.04580504464 -0.04654397826 0 0.147140457 -0.2106309439 -0.05076167967 0 2.507237935 -1.228658789 1.058327629 1


mesh: pSphereShape21 tranform: pSphere21 -0.1285330592 0.005295416443 -0.2305939666 0 -0.07461252361 0.1169676911 0.04427508967 0 0.1873146502 0.1576372696 -0.1007891507 0 2.890099887 0.2142077151 0.9797637978 1


mesh: pSphereShape22 tranform: pSphere22 -0.004670142601 0.0006505490704 -0.008818534685 0 0.001418005404 0.00989893086 -2.070039811e-05 0 0.008728059851 -0.001260140365 -0.004715190081 0 2.99509088 1.145131842 1.270924862 1


mesh: pSphereShape23 tranform: pSphere23 -0.005629396712 0.001303280725 -0.008161577789 0 0.001773140212 0.009835404439 0.0003475533062 0 0.008072537795 -0.001251510633 -0.005767829288 0 2.809665763 1.174928567 1.108517182 1


mesh: pSphereShape24 tranform: pSphere24 -0.003699057634 0.0006606588698 -0.009267173381 0 0.001376078484 0.009903627325 0.0001567603792 0 0.009188219666 -0.001217249222 -0.003754320671 0 2.757884566 1.182333187 0.7630182977 1


