mesh: pSphereShape1 tranform: pSphere1 0.002591083266 0.141012698 0.04082695321 0 -0.0529968246 0.01932187659 -0.06337261442 0 -0.1185274213 -0.02436917343 0.09169132199 0 -1.290722521 0.1153411538 -0.3397049789 1


mesh: pSphereShape2 tranform: pSphere2 -0.01835688754 0.2516492752 0.06186440141 0 -0.1118305792 0.01254304182 -0.08420527201 0 -0.0795464613 -0.03065111933 0.101077621 0 -1.275407719 0.4516416382 -0.2340648573 1


mesh: pSphereShape3 tranform: pSphere3 -0.06495669055 0.2680638883 0.1008006858 0 -0.1018604689 0.007851947088 -0.08652066554 0 -0.0813460515 -0.05388476695 0.09087824929 0 -1.327504309 0.901227798 -0.1037221976 1


mesh: pSphereShape4 tranform: pSphere4 -0.0350074172 -0.007840966219 0.1771479184 0 -0.02851676566 0.1459345064 0.0008239962592 0 -0.1658486133 -0.03221503373 -0.03420039392 0 -1.42982857 1.161811702 0.1084745795 1


mesh: pSphereShape5 tranform: pSphere5 -0.05427712048 -0.008692746868 0.1785178413 0 -0.02709221584 0.1358558024 -0.001621839924 0 -0.165474995 -0.03361900245 -0.05194857639 0 -1.515539805 1.166936652 0.3909569415 1


mesh: pSphereShape6 tranform: pSphere6 -0.07557894565 -0.2346956567 0.1010679628 0 -0.05834476351 0.05059151155 0.0738510217 0 -0.08271146729 -0.001161513956 -0.06454911715 0 -1.60522245 0.8866456 0.5551043793 1


mesh: pSphereShape7 tranform: pSphere7 -0.2471662122 -0.02956520443 -0.03519629375 0 -0.01816297894 0.07420028355 0.06522073523 0 0.003440608973 0.08438818079 -0.09504853345 0 -1.924169202 0.6536347951 0.5641541627 1


mesh: pSphereShape8 tranform: pSphere8 -0.1657758207 -0.07348696254 -0.05439762333 0 -0.02126841438 0.03076753903 0.02325057206 0 -0.0004820521397 0.06915323117 -0.09195159665 0 -2.254517286 0.602453621 0.4831858836 1


mesh: pSphereShape10 tranform: pSphere10 -0.02898352236 -0.002919966969 0.1811575931 0 0.009057791983 0.1544741037 0.003939034432 0 -0.2200166259 0.01379289764 -0.03497828538 0 -1.478890229 1.59870213 0.2518350453 1


mesh: pSphereShape11 tranform: pSphere11 -0.01374533541 -0.0007206227769 0.07669695949 0 -0.01927578945 0.1702549656 -0.001854866037 0 -0.08960008407 -0.01032027023 -0.01615475031 0 -1.458383084 1.409829895 0.2541080933 1


mesh: pSphereShape12 tranform: pSphere12 -0.06422125331 -0.01513935699 0.3094802757 0 -0.019981703 0.1645266285 0.003901952559 0 -0.168497245 -0.019611932 -0.03592479769 0 -1.481970617 0.9722307549 0.2029907927 1


mesh: pSphereShape13 tranform: pSphere13 -0.04051176927 -0.01682854878 0.2146491744 0 -0.03882334488 0.2030152744 0.008589131844 0 -0.1887884273 -0.03448085511 -0.03833425395 0 -1.446350985 0.7481561856 0.2052028888 1


mesh: pSphereShape14 tranform: pSphere14 -0.03392373904 -0.009052448221 0.2187607813 0 -0.04027612524 0.2382368553 0.003612667819 0 -0.1860962792 -0.03100421363 -0.03014135172 0 -1.423472648 0.5553228783 0.1998491279 1


mesh: pSphereShape15 tranform: pSphere15 0.007011753396 0.002157033238 0.151583094 0 0.1615274184 0.343772485 -0.01236364196 0 -0.1700221435 0.08012967194 0.006724437072 0 -1.561223811 0.007363632883 0.0387671559 1


mesh: pSphereShape16 tranform: pSphere16 0.004420479183 0.008103599121 0.09979003361 0 -0.04224455527 0.3592346267 -0.02730084488 0 -0.08257868302 -0.009375062839 0.004419370195 0 -1.722582671 -0.6536993634 0.03897268361 1


mesh: pSphereShape17 tranform: pSphere17 -0.01998354502 0.003575762577 0.1105224633 0 -0.01404456804 0.1029164153 -0.005869077691 0 -0.2714082223 -0.03976309984 -0.04778680156 0 -1.864243825 -1.146994517 0.02516106645 1


mesh: pSphereShape18 tranform: pSphere18 0.0002318166214 -0.01436870742 0.1270327481 0 -0.003455735912 0.3559588467 0.04026890464 0 -0.1460853257 -0.001430091075 0.0001048268781 0 -1.402672878 -0.05089491532 0.3391763292 1


mesh: pSphereShape19 tranform: pSphere19 0.001655928021 -0.01001783566 0.08585323945 0 -0.2089406625 0.3730871293 0.0475639157 0 -0.08803232335 -0.04879154979 -0.00399531268 0 -1.246973239 -0.7355044229 0.2765601046 1


mesh: pSphereShape20 tranform: pSphere20 0.02472472894 -0.002876988429 0.112702755 0 -0.03938190287 0.07110350803 0.01045467649 0 -0.22272075 -0.1300537633 0.04554056376 0 -1.238147302 -1.209355082 0.2368660075 1


mesh: pSphereShape21 tranform: pSphere21 -0.04042941664 -0.01078846881 0.2607133241 0 0.07240134213 0.1252894454 0.01641199319 0 -0.226112494 0.1345281039 -0.02949693499 0 -1.346237701 0.3921411497 0.2092696535 1


mesh: pSphereShape22 tranform: pSphere22 -0.001936851114 -0.0004338161845 0.009801041336 0 -0.00191777822 0.00981422722 5.541449186e-05 0 -0.009621368638 -0.001868889398 -0.001984066016 0 -1.340596119 1.349528844 -0.01035715595 1


mesh: pSphereShape23 tranform: pSphere23 -0.001763980802 -9.247971811e-05 0.009842754657 0 -0.0001714410491 0.009998330443 6.321645548e-05 0 -0.009841695977 -0.0001575939571 -0.001765271778 0 -1.273231271 1.32919043 0.2618448865 1


mesh: pSphereShape24 tranform: pSphere24 -0.002905796098 -0.000465377487 0.009557184357 0 -0.001955547507 0.009806229114 -0.0001170662835 0 -0.009366545947 -0.001902969879 -0.002940497008 0 -1.478709781 1.325859403 0.5327520909 1


