mesh: pSphereShape1 tranform: pSphere1 -0.01959872286 0.1369307077 0.04923419727 0 0.0227796239 0.03051967491 -0.07581375053 0 -0.1448362657 -0.004440162989 -0.04530613465 0 4.743570034 -0.07127411044 -0.3824361071 1


mesh: pSphereShape2 tranform: pSphere2 -0.03897761599 0.2497427092 0.0600071818 0 0.01259055413 0.03455863112 -0.1356507027 0 -0.1301919562 -0.0164111513 -0.01626483131 0 4.693913928 0.2541311145 -0.2552474141 1


mesh: pSphereShape3 tranform: pSphere3 -0.1006598709 0.2737847059 0.03388101771 0 0.0205457452 0.02366097214 -0.1301578446 0 -0.1235794298 -0.04207473178 -0.0271559547 0 4.592510886 0.7032148727 -0.1631656679 1


mesh: pSphereShape4 tranform: pSphere4 -0.1349505023 0.01962045306 0.1186245537 0 -0.01227981568 0.14331983 -0.03767489237 0 -0.113782085 -0.04195164486 -0.1225027939 0 4.39887322 0.9892295634 -0.06450165595 1


mesh: pSphereShape5 tranform: pSphere5 -0.1558804038 0.01792255803 0.1013423453 0 -0.008285706811 0.1334316332 -0.03634231576 0 -0.09676224429 -0.04440742118 -0.1409819666 0 4.157784207 1.036808643 0.09734524804 1


mesh: pSphereShape6 tranform: pSphere6 -0.09471768696 -0.2295179294 0.09674213783 0 -0.09585598107 0.04524540361 0.01349333987 0 -0.02754175435 -0.02946218584 -0.09686359395 0 4.005493219 0.7700431693 0.2376215617 1


mesh: pSphereShape7 tranform: pSphere7 -0.1418037955 -0.2053271649 0.03060156569 0 -0.08226713575 0.05746631559 0.004365906058 0 -0.01336846091 -0.009558838734 -0.1260846518 0 3.793063541 0.355268424 0.300041241 1


mesh: pSphereShape8 tranform: pSphere8 -0.002995562573 -0.173807274 0.07498743833 0 -0.04403308172 0.000807023516 0.0001115214231 0 -0.001102567439 -0.04555990376 -0.105643634 0 3.654229496 0.03832032221 0.3519617615 1


mesh: pSphereShape10 tranform: pSphere10 -0.1053167156 0.00742825111 0.1500661681 0 -0.01903711833 0.1521869165 -0.02089351283 0 -0.1807033893 -0.0397448074 -0.1248506128 0 4.214676742 1.425361605 -0.06386986928 1


mesh: pSphereShape11 tranform: pSphere11 -0.05335592424 0.007052619517 0.0563496499 0 -0.03490931863 0.1591746255 -0.05297667396 0 -0.0641156456 -0.03289652891 -0.05659206106 0 4.264813418 1.247470495 -0.02611054267 1


mesh: pSphereShape12 tranform: pSphere12 -0.2615574339 0.03018025046 0.1755234224 0 -0.003208698404 0.1624887082 -0.03272046974 0 -0.09753514004 -0.03014987818 -0.1401585597 0 4.289499235 0.8156202396 0.0005190006593 1


mesh: pSphereShape13 tranform: pSphere13 -0.1811224848 0.02811511291 0.1200119055 0 -0.003109089127 0.2003052197 -0.05161762734 0 -0.1100660349 -0.04198031102 -0.1562774332 0 4.288330414 0.5971457952 0.05756019634 1


mesh: pSphereShape14 tranform: pSphere14 -0.1848371944 0.02944986082 0.1185620665 0 -0.0005357091935 0.234320681 -0.0590385326 0 -0.1053431841 -0.03916807126 -0.1545000429 0 4.283982219 0.4065011638 0.09602745133 1


mesh: pSphereShape15 tranform: pSphere15 -0.1255728545 -0.001855812717 0.0852013264 0 0.02267767889 0.3770618518 0.04163617165 0 -0.1050179778 0.02335109506 -0.1542707437 0 4.417945898 -0.1887023682 -0.0069887883 1


mesh: pSphereShape16 tranform: pSphere16 -0.08323202495 0.001291900029 0.05580341191 0 -0.03086678454 0.357319239 -0.05431076008 0 -0.04581136898 -0.01429271177 -0.06799778223 0 4.436091654 -0.8910273324 -0.04773949265 1


mesh: pSphereShape17 tranform: pSphere17 -0.09962534711 0.0004896735798 0.05197974112 0 -0.002178893333 0.1038853474 -0.005154756618 0 -0.128670389 -0.01492856709 -0.2464714477 0 4.39028181 -1.364569086 -0.1701615132 1


mesh: pSphereShape18 tranform: pSphere18 -0.1266818245 0.01334435557 0.01083863929 0 0.04274400539 0.3486667518 0.0703183726 0 -0.009061447022 0.02989311406 -0.1427139462 0 4.099159887 -0.1808245649 0.1491422969 1


mesh: pSphereShape19 tranform: pSphere19 -0.08562834131 0.00772032206 0.009058788225 0 0.01717155892 0.3935286297 -0.1730690258 0 -0.01327243476 -0.03971151752 -0.09161389447 0 4.019187974 -0.8671215599 0.1966204244 1


mesh: pSphereShape20 tranform: pSphere20 -0.1150834588 -0.008574788597 -0.001941852997 0 -0.0053247927 0.07742570887 -0.02632203598 0 0.0104126133 -0.08359023115 -0.247985297 0 4.035042942 -1.322877806 0.1556180105 1


mesh: pSphereShape21 tranform: pSphere21 -0.2202840888 0.03509756668 0.1412991409 0 0.05127535618 0.1274721018 0.04827477701 0 -0.112343845 0.123097804 -0.2057195445 0 4.308609793 0.2489996516 0.1812859766 1


mesh: pSphereShape22 tranform: pSphere22 -0.007466390032 0.00108553842 0.006563126254 0 -0.000825828684 0.009638387872 -0.002533670503 0 -0.006600835316 -0.002433739011 -0.007106749437 0 4.555335279 1.157960311 -0.1306128954 1


mesh: pSphereShape23 tranform: pSphere23 -0.006847328438 0.0009050841658 0.007231522379 0 -0.001349186172 0.009593647395 -0.002478230482 0 -0.007161968301 -0.002672592806 -0.006446972759 0 4.42332566 1.213648652 0.09461115061 1


mesh: pSphereShape24 tranform: pSphere24 -0.008345259756 0.000959507408 0.005425493999 0 -0.0005980719108 0.009631249769 -0.002623230429 0 -0.005477129685 -0.002513637489 -0.007980142667 0 4.109300556 1.216389883 0.2074300767 1


