mesh: pSphereShape1 tranform: pSphere1 0.00398435799 0.1358904151 -0.05546219258 0 -0.01220249632 0.03203285282 0.07760851767 0 0.1501869389 0.004479661918 0.02176512668 0 4.555567278 -0.0378806083 0.1882382032 1


mesh: pSphereShape2 tranform: pSphere2 0.01010908956 0.2494919449 -0.07171550019 0 -0.009265262176 0.0390901055 0.1346850131 0 0.1318383966 -0.002524348109 0.009802087949 0 4.565762575 0.284618296 0.04538092389 1


mesh: pSphereShape3 tranform: pSphere3 0.06139070696 0.279560424 -0.06569283497 0 -0.01545065262 0.03362640718 0.1286607005 0 0.1294827478 -0.02334634732 0.02165110813 0 4.608220552 0.7363166359 -0.08318948578 1


mesh: pSphereShape4 tranform: pSphere4 0.1373147471 -0.006605432306 -0.1173431442 0 0.014052677 0.147808278 0.008124055486 0 0.1108970437 -0.01773094266 0.1307696343 0 4.772112681 1.007528541 -0.2149939885 1


mesh: pSphereShape5 tranform: pSphere5 0.1670285692 -0.004299936212 -0.08350543066 0 0.008690000118 0.1378846868 0.01028176157 0 0.0783042025 -0.01667824529 0.157483821 0 5.024547337 1.018848215 -0.360811424 1


mesh: pSphereShape6 tranform: pSphere6 0.1706192917 -0.2046821163 0.001802769747 0 0.08183374848 0.06813727042 -0.008839449356 0 0.006214467483 0.006101216172 0.104562326 0 5.251436546 0.7693573356 -0.388689176 1


mesh: pSphereShape7 tranform: pSphere7 0.1917205665 -0.1352415025 0.0903159857 0 0.06059568069 0.07954100965 -0.009524256033 0 -0.02968630978 0.03675072453 0.118048862 0 5.567409797 0.4568483401 -0.2493061017 1


mesh: pSphereShape8 tranform: pSphere8 0.05921270654 -0.1772262672 0.03042636022 0 0.04172117666 0.01300051685 -0.005468636881 0 0.007915698602 0.02198565174 0.1126564278 0 5.796604089 0.218737983 -0.1340430115 1


mesh: pSphereShape10 tranform: pSphere10 0.1759387169 0.01944282243 -0.04831344401 0 -0.01970007178 0.1531990497 -0.01008794637 0 0.05662719488 0.0214285309 0.2148376574 0 4.855647348 1.445851011 -0.2868921218 1


mesh: pSphereShape11 tranform: pSphere11 0.07242857312 0.001170878772 -0.02871598816 0 0.000971484247 0.1710904686 0.009426435683 0 0.03379084698 -0.004876686569 0.08502973356 0 4.879863802 1.2563215 -0.3125958336 1


mesh: pSphereShape12 tranform: pSphere12 0.2611292825 -0.01072281728 -0.178404399 0 0.007150420639 0.165626433 0.0005112106755 0 0.09765055196 -0.004657790349 0.143210388 0 4.879202295 0.8221865946 -0.243137008 1


mesh: pSphereShape13 tranform: pSphere13 0.1817513755 -0.01111832302 -0.1218256622 0 0.01650347273 0.20613131 0.005809074776 0 0.1081542536 -0.01324041361 0.162563414 0 4.870406475 0.5967296446 -0.2533953816 1


mesh: pSphereShape14 tranform: pSphere14 0.1838243537 -0.00487584528 -0.1235875375 0 0.0117220147 0.2412300007 0.007918206288 0 0.1062502746 -0.0103638579 0.1584457544 0 4.864848831 0.402452005 -0.250110452 1


mesh: pSphereShape15 tranform: pSphere15 0.1391616021 -0.01351204766 -0.05901461622 0 -0.006992558429 0.3664634416 -0.1003949106 0 0.07495017594 0.04690665089 0.1659992437 0 4.717173495 -0.1763420117 -0.03956427499 1


mesh: pSphereShape16 tranform: pSphere16 0.09328101691 -0.0001120139454 -0.03663194098 0 0.05922810941 0.3249974693 0.1498270056 0 0.02721810293 -0.03696462368 0.06942228025 0 4.650535429 -0.8328503475 -0.02286215033 1


mesh: pSphereShape17 tranform: pSphere17 0.1048028577 -0.0401795113 0.005413957233 0 0.03589704634 0.09602247004 0.01773617232 0 -0.02935428148 -0.03964237704 0.2740326874 0 4.5307627 -1.282777839 0.0003005952099 1


mesh: pSphereShape18 tranform: pSphere18 0.08232696685 0.008778550836 -0.09741170441 0 -0.1083270799 0.335932162 -0.06127849207 0 0.1026675757 0.04975259538 0.09125254342 0 5.113766722 -0.184098365 -0.3006683248 1


mesh: pSphereShape19 tranform: pSphere19 0.05461342772 0.004631147046 -0.06685659161 0 0.06102726314 0.4185354339 0.07884349225 0 0.07676604694 -0.02270996668 0.06113509023 0 5.205775829 -0.8748839069 -0.3018506286 1


mesh: pSphereShape20 tranform: pSphere20 0.02990918838 0.01689410813 -0.1101886103 0 -0.001432473048 0.08104928461 0.01203764408 0 0.2529138362 -0.005598558921 0.06779162467 0 5.353261534 -1.298948148 -0.2853496001 1


mesh: pSphereShape21 tranform: pSphere21 0.219077012 -0.005810903688 -0.1472883647 0 -0.04654812226 0.116577905 -0.07383506867 0 0.1211720113 0.1585705384 0.1739754807 0 4.831926842 0.2317707127 -0.2997722986 1


mesh: pSphereShape22 tranform: pSphere22 0.007597196314 -0.0003654579499 -0.006492229867 0 0.0009450552071 0.009940240051 0.0005463500612 0 0.006433465537 -0.001028624431 0.007586333302 0 4.617408685 1.188192569 -0.1876385611 1


mesh: pSphereShape23 tranform: pSphere23 0.00929497962 0.0001502624427 -0.003685210315 0 -0.0003011578447 0.009989254169 -0.0003522855374 0 0.003675956721 0.0004384316886 0.009289516663 0 4.792781203 1.164301714 -0.4700529875 1


mesh: pSphereShape24 tranform: pSphere24 0.00894209126 -0.0002302026665 -0.004470571623 0 0.0006272542698 0.009952676337 0.0007421494545 0 0.004432330762 -0.0009440553289 0.008914213569 0 5.091588057 1.1724787 -0.4972737697 1


