mesh: pSphereShape1 tranform: pSphere1 0.03829302593 0.1356477287 0.04112751739 0 -0.04874319272 0.032384707 -0.06142815729 0 -0.1177875804 0.004236230778 0.09569767488 0 2.198721315 -0.04401836409 -0.5800508015 1


mesh: pSphereShape2 tranform: pSphere2 0.03139179055 0.2494438883 0.06545104509 0 -0.1134909894 0.03411012689 -0.0755660556 0 -0.07634474816 -0.01830920259 0.1063958111 0 2.287633343 0.280501492 -0.4733204077 1


mesh: pSphereShape3 tranform: pSphere3 -0.03375909654 0.271494952 0.1067202538 0 -0.1045876248 0.0189871914 -0.08138764696 0 -0.0818144505 -0.04717444774 0.09413060909 0 2.304431553 0.7275047738 -0.3363078433 1


mesh: pSphereShape4 tranform: pSphere4 0.002374111638 -0.006806704306 0.1806001588 0 -0.04215724045 0.1424725928 0.005923886297 0 -0.1652870294 -0.04892164713 0.0003289846167 0 2.253778881 0.9891760677 -0.1119765198 1


mesh: pSphereShape5 tranform: pSphere5 -0.03188417551 -0.01160175009 0.1836817576 0 -0.03854678344 0.1330587391 0.001713190433 0 -0.1669888841 -0.04796404019 -0.03201607918 0 2.211646544 0.9912379903 0.1783184822 1


mesh: pSphereShape6 tranform: pSphere6 -0.05467866508 -0.2475893117 0.08196790656 0 -0.06291321005 0.03934779131 0.07688475269 0 -0.08203123873 -0.003511428739 -0.06532740773 0 2.155045672 0.6981105561 0.3245521086 1


mesh: pSphereShape7 tranform: pSphere7 -0.1836121454 -0.1694022887 0.02816844921 0 -0.04638942101 0.06106735181 0.06487002659 0 -0.06399394874 0.05339435449 -0.09602730857 0 1.907494272 0.3190394345 0.3757797439 1


mesh: pSphereShape8 tranform: pSphere8 -0.06634574455 -0.1771210893 0.00821095003 0 -0.03582579371 0.01440153021 0.02118217273 0 -0.05340437184 0.01533362418 -0.10074895 0 1.677979566 0.05697121701 0.3826074958 1


mesh: pSphereShape10 tranform: pSphere10 -0.008069829676 -0.006905651005 0.1831770568 0 -0.006650218923 0.1545476132 0.005533366265 0 -0.2227839978 -0.009222595513 -0.01016239138 0 2.185559644 1.4212437 0.04130494725 1


mesh: pSphereShape11 tranform: pSphere11 -0.004518362054 -0.002004514967 0.07776531014 0 -0.03734233324 0.1672205657 0.002140671012 0 -0.08926759213 -0.01986155984 -0.005698634701 0 2.225628884 1.23567201 0.03766378561 1


mesh: pSphereShape12 tranform: pSphere12 -0.02378260934 -0.01663446571 0.3151020352 0 -0.03522627038 0.1618887041 0.005887488064 0 -0.1689354576 -0.0362263573 -0.01466297128 0 2.240969215 0.7979505 -0.01168385323 1


mesh: pSphereShape13 tranform: pSphere13 -0.01795031226 -0.01952816435 0.2174743862 0 -0.0533874721 0.1994085567 0.01349934273 0 -0.1883923282 -0.04908703505 -0.01995766436 0 2.296122185 0.5788150255 -0.01496911967 1


mesh: pSphereShape14 tranform: pSphere14 -0.01770680738 -0.01411564671 0.2204002355 0 -0.04901279764 0.2363563508 0.01119990898 0 -0.1864585017 -0.03784089265 -0.01740349069 0 2.32855499 0.389325571 -0.02611937625 1


mesh: pSphereShape15 tranform: pSphere15 -0.002720414982 -0.007241299476 0.1515632369 0 0.1813541374 0.3334158144 0.01918487843 0 -0.165247068 0.08980625477 0.001324683942 0 2.176933516 -0.1373222019 -0.2300615956 1


mesh: pSphereShape16 tranform: pSphere16 -0.00136578264 -0.0001807252265 0.1002065953 0 0.02696349176 0.3617338601 0.001019899962 0 -0.0829885679 0.006189091056 -0.001119944452 0 1.938367166 -0.7860463042 -0.2883344062 1


mesh: pSphereShape17 tranform: pSphere17 -0.02117835296 0.008510065357 0.1100290835 0 0.009824541057 0.1033909294 -0.006105621775 0 -0.2721800428 0.0226661304 -0.05414218751 0 1.705178765 -1.236516157 -0.3388210882 1


mesh: pSphereShape18 tranform: pSphere18 0.004495130496 -0.0158920395 0.1267717219 0 -0.02724409439 0.3543139865 0.04538265746 0 -0.1455786975 -0.01166774542 0.003699334241 0 2.389751803 -0.2202070266 0.09813526883 1


mesh: pSphereShape19 tranform: pSphere19 0.004722245904 -0.01114219239 0.08560040768 0 -0.2477214892 0.3468255003 0.058810447 0 -0.08217326121 -0.0581771831 -0.003039460067 0 2.602221116 -0.8836936491 0.02137928714 1


mesh: pSphereShape20 tranform: pSphere20 0.01471785288 -9.552301302e-05 0.1144765301 0 -0.02502002535 0.07796904206 0.00328179837 0 -0.2471507914 -0.08064455163 0.03170803284 0 2.627720794 -1.303003732 -0.03645457011 1


mesh: pSphereShape21 tranform: pSphere21 -0.0211025056 -0.01682265511 0.2626671824 0 0.06853996221 0.1277639752 0.01368916434 0 -0.2326394243 0.1259395241 -0.01062423387 0 2.412465417 0.2291978821 -0.0254686629 1


mesh: pSphereShape22 tranform: pSphere22 0.0001313521859 -0.0003765937014 0.009992043024 0 -0.002835112456 0.009581410408 0.0003983866982 0 -0.009588789494 -0.00283808946 1.908537075e-05 0 2.298077778 1.181641865 -0.2473118865 1


mesh: pSphereShape23 tranform: pSphere23 -0.0005798551787 -0.0002572455174 0.009979859353 0 -0.001224339748 0.009923048867 0.0001846438944 0 -0.009907813086 -0.001211167177 -0.0006068887186 0 2.417926915 1.175271708 0.02293130642 1


mesh: pSphereShape24 tranform: pSphere24 -0.001706960723 -0.0006211147505 0.009833641317 0 -0.002782351458 0.009604333842 0.000123660069 0 -0.009452238119 -0.002714956337 -0.001812238017 0 2.251312692 1.154006948 0.3148894116 1


