mesh: pSphereShape1 tranform: pSphere1 0.04271744057 0.1370632144 0.03077385855 0 -0.03427281365 0.0270171044 -0.07275669664 0 -0.131671701 0.02502460144 0.07131786046 0 -7.074605421 -0.001088428717 -0.09430966152 1


mesh: pSphereShape2 tranform: pSphere2 0.04874064697 0.2515990084 0.04258903071 0 -0.0987562393 0.03498976807 -0.09368487345 0 -0.0907545783 0.001304865269 0.09615466674 0 -6.970202767 0.3258010981 -0.01179780532 1


mesh: pSphereShape3 tranform: pSphere3 -0.009998708179 0.2841457937 0.07348191523 0 -0.09075061654 0.02163712248 -0.09601663552 0 -0.09792458646 -0.02587308182 0.08672348818 0 -6.916953968 0.7826692737 0.07987533197 1


mesh: pSphereShape4 tranform: pSphere4 -0.03023472143 0.007783150049 0.1780271586 0 -0.003902933823 0.1484734096 -0.007153936244 0 -0.1698862001 -0.005843694028 -0.02859664575 0 -6.961043206 1.070286332 0.268459109 1


mesh: pSphereShape5 tranform: pSphere5 -0.04387883262 0.009264420396 0.1813256956 0 -0.002969400011 0.1382895775 -0.007784150963 0 -0.1716805541 -0.006007611355 -0.04123786888 0 -7.029835023 1.104237859 0.5542474773 1


mesh: pSphereShape6 tranform: pSphere6 -0.05183970356 -0.2414064777 0.1002223482 0 -0.05721383168 0.04480781983 0.07833532168 0 -0.08623319726 -0.006165764534 -0.05945539084 0 -7.102678958 0.8222682338 0.7216301329 1


mesh: pSphereShape7 tranform: pSphere7 -0.1212382034 -0.2027702074 0.0859625377 0 -0.05080094463 0.05775878454 0.06459494578 0 -0.09095101974 0.01744394935 -0.0871266159 0 -7.294458035 0.410980645 0.8463844114 1


mesh: pSphereShape8 tranform: pSphere8 0.01755618201 -0.1836976896 0.04228471474 0 -0.03747410736 0.0017292212 0.0230711309 0 -0.05949228399 -0.02745553522 -0.09457462458 0 -7.417435935 0.0935946709 0.9264569172 1


mesh: pSphereShape10 tranform: pSphere10 -0.04904501322 0.01398316866 0.176254651 0 0.02327921859 0.1529245318 -0.005654545462 0 -0.2124490003 0.03006634493 -0.06150184826 0 -6.965865633 1.5178959 0.380566947 1


mesh: pSphereShape11 tranform: pSphere11 -0.01903143385 0.005244666861 0.07538020385 0 -0.002210490811 0.1708856908 -0.0124476624 0 -0.08884508822 -0.002769136922 -0.02223828185 0 -6.962908532 1.328535498 0.400022828 1


mesh: pSphereShape12 tranform: pSphere12 -0.05985002951 0.01319802516 0.3104438703 0 0.007759387376 0.1655071044 -0.00554034893 0 -0.1700738018 0.00686612659 -0.03308018727 0 -7.040841637 0.8975234378 0.3745320003 1


mesh: pSphereShape13 tranform: pSphere13 -0.03740725314 0.007214636288 0.2157482746 0 0.001589284599 0.2067598398 -0.00663850626 0 -0.1928230034 0.0004082945186 -0.03344603617 0 -7.045903541 0.6724588885 0.3915664051 1


mesh: pSphereShape14 tranform: pSphere14 -0.03399771808 0.004235921652 0.2188955424 0 0.004798566773 0.2415647969 -0.003929313607 0 -0.1887530966 0.003271599323 -0.02937945987 0 -7.059988295 0.4785522391 0.3949303236 1


mesh: pSphereShape15 tranform: pSphere15 0.008426698251 0.01456405491 0.1508248352 0 0.06869329659 0.3716538388 -0.03972584881 0 -0.1846853687 0.03487859286 0.006950540541 0 -7.127734357 -0.1044054228 0.251752985 1


mesh: pSphereShape16 tranform: pSphere16 0.004575751372 0.01400654498 0.09912688314 0 -0.08539200603 0.3496017031 -0.04545668387 0 -0.08079828925 -0.01890315087 0.006400692686 0 -7.156118835 -0.796571627 0.2967595614 1


mesh: pSphereShape17 tranform: pSphere17 -0.008207895368 0.002479189704 0.1120438625 0 -0.02638466372 0.1005487332 -0.004157674797 0 -0.2685648034 -0.07122156362 -0.01809809117 0 -7.240426441 -1.301124906 0.3236531276 1


mesh: pSphereShape18 tranform: pSphere18 -0.004519476499 0.01441845445 0.1269468987 0 0.1909559956 0.3018617452 -0.02748675805 0 -0.1235002444 0.07692956291 -0.01313432521 0 -7.291526359 -0.07761647773 0.5914671042 1


mesh: pSphereShape19 tranform: pSphere19 -0.0009333670356 0.005414431332 0.08627682546 0 -0.1978585991 0.3811631331 -0.02606095313 0 -0.08943896813 -0.04629453616 0.00193770693 0 -7.361679203 -0.6992816315 0.6600334733 1


mesh: pSphereShape20 tranform: pSphere20 0.02935251118 0.01918433649 0.1099631374 0 -0.03442075562 0.07427610151 -0.003770373602 0 -0.2281568321 -0.101739114 0.07865156965 0 -7.370335714 -1.164999625 0.7191267491 1


mesh: pSphereShape21 tranform: pSphere21 -0.0405175829 0.005048259601 0.2608739288 0 0.09453663534 0.11006361 0.01255306078 0 -0.1972486052 0.1732987665 -0.03398919132 0 -7.014440713 0.3042154723 0.4095716828 1


mesh: pSphereShape22 tranform: pSphere22 -0.001672792756 0.0004306173963 0.009849686952 0 -0.0002624758209 0.009984970751 -0.0004811086669 0 -0.009855600988 -0.0003390099761 -0.001658976008 0 -6.845723193 1.23368509 0.1368411877 1


mesh: pSphereShape23 tranform: pSphere23 -0.002442361933 0.000673064089 0.009673771391 0 0.0008117930106 0.009955057052 -0.0004876794033 0 -0.00966311856 0.0006662010391 -0.00248602411 0 -6.787598749 1.231379142 0.4259245176 1


mesh: pSphereShape24 tranform: pSphere24 -0.00234911026 0.0004959827714 0.009707506481 0 -0.0002143347308 0.009981901814 -0.000561869029 0 -0.00971780539 -0.0003400548089 -0.002334228164 0 -6.957137353 1.260396007 0.6848171421 1


