mesh: pSphereShape1 tranform: pSphere1 -0.1117994502 0.07393509605 -0.059938463 0 -0.005958916216 0.04767682221 0.06992494929 0 0.09783748091 0.09963096717 -0.05959364431 0 4.955882979 0.05214999716 0.3769778737 1


mesh: pSphereShape2 tranform: pSphere2 -0.1666490688 0.1762997562 -0.09294095457 0 0.04897645188 0.09461904826 0.09166502632 0 0.09036820142 0.0388349159 -0.08836998117 0 4.701949483 0.2454637221 0.2263294985 1


mesh: pSphereShape3 tranform: pSphere3 -0.06183204035 0.2682010053 -0.1023885622 0 0.06101171475 0.05451865143 0.1059637725 0 0.115320171 0.001034623605 -0.06693124919 0 4.490424506 0.6139188206 0.06624551957 1


mesh: pSphereShape4 tranform: pSphere4 0.0205117372 -0.005309977983 -0.1794977932 0 0.009865130822 0.148333448 -0.003260744111 0 0.1708794378 -0.01092822749 0.01985017589 0 4.467132281 0.8765704274 -0.15238079 1


mesh: pSphereShape5 tranform: pSphere5 0.03769735841 -0.003686740217 -0.1829084647 0 0.003763956506 0.1384745049 -0.002015370416 0 0.1729641507 -0.004181391242 0.03573212041 0 4.522599731 0.8899555893 -0.4422534623 1


mesh: pSphereShape6 tranform: pSphere6 -0.01177032307 -0.2254852804 -0.1415161093 0 0.07463471973 0.0378160475 -0.06646195181 0 0.07494385627 -0.04180325821 0.06037408774 0 4.531564429 0.6147145473 -0.6451646104 1


mesh: pSphereShape7 tranform: pSphere7 0.03981187467 -0.2109633546 -0.1308185557 0 0.07270038261 0.04591555919 -0.05192047747 0 0.08539670017 -0.03747958615 0.08642980262 0 4.582958193 0.1917212171 -0.8503261454 1


mesh: pSphereShape8 tranform: pSphere8 -0.08973431263 -0.1408463793 -0.08916898779 0 0.0377224236 -0.01169478844 -0.01948914289 0 0.02348876735 -0.07054946914 0.08779833765 0 4.57272201 -0.1239271626 -1.000553811 1


mesh: pSphereShape10 tranform: pSphere10 0.09246145969 0.01114435503 -0.158092777 0 -0.0328865974 0.1510116347 -0.008588725905 0 0.1868712798 0.04710075872 0.1126129809 0 4.441412754 1.312806417 -0.3014018276 1


mesh: pSphereShape11 tranform: pSphere11 0.03336846028 -0.001739027531 -0.07039459339 0 -0.009319547981 0.1708808415 -0.008639093221 0 0.08265130001 0.006480278667 0.03901829822 0 4.454488512 1.121687253 -0.3170281986 1


mesh: pSphereShape12 tranform: pSphere12 0.08130005913 -0.004599603648 -0.3057789309 0 -0.0040085604 0.1656948271 -0.003558213529 0 0.1675239262 0.00500768924 0.04446569186 0 4.535583139 0.69507144 -0.2447109533 1


mesh: pSphereShape13 tranform: pSphere13 0.06077764278 0.0006228620612 -0.2104860132 0 -0.005131761424 0.2068070003 -0.0008698161243 0 0.1879586677 0.004892383083 0.05428736983 0 4.539956731 0.471139324 -0.2494650565 1


mesh: pSphereShape14 tranform: pSphere14 0.06620005855 0.00234495068 -0.211426346 0 -0.01022815833 0.2414272689 -0.0005248619404 0 0.1821469043 0.007840900188 0.05711928757 0 4.557311951 0.2776341027 -0.2446747027 1


mesh: pSphereShape15 tranform: pSphere15 0.02323975498 0.0004189213469 -0.1499699641 0 0.009205968927 0.3799112382 0.00248781409 0 0.1858043055 -0.004690851114 0.02877963906 0 4.508211059 -0.3252787635 -0.07044025969 1


mesh: pSphereShape16 tranform: pSphere16 0.02421177382 0.01055260319 -0.09667312107 0 0.2999476015 0.1806018877 0.09483591137 0 0.04226345224 -0.07164370234 0.002764424912 0 4.263233449 -0.8830012967 -0.1131352126 1


mesh: pSphereShape17 tranform: pSphere17 0.02961931973 0.00375164457 -0.1083326549 0 0.08783264742 0.04946723225 0.02572748488 0 0.1299321991 -0.2447715713 0.02704823782 0 3.966266479 -1.293958671 -0.2014447275 1


mesh: pSphereShape18 tranform: pSphere18 0.05368409519 0.01140558441 -0.1154632545 0 -0.1988128871 0.291133465 -0.06367863677 0 0.1049104722 0.08412925081 0.05708800668 0 4.822341808 -0.2675629824 -0.3376797021 1


mesh: pSphereShape19 tranform: pSphere19 0.03531424111 0.005098298202 -0.07874509243 0 0.03402447426 0.4267498771 0.04288834408 0 0.09159586486 -0.01135724624 0.04034201663 0 5.032118541 -0.9122281439 -0.3131417654 1


mesh: pSphereShape20 tranform: pSphere20 0.03597832989 -0.005896446795 -0.1095093236 0 0.003744079717 0.08180371222 -0.003174574456 0 0.2485642906 -0.0081903041 0.08210462304 0 5.201158765 -1.336965127 -0.2545929696 1


mesh: pSphereShape21 tranform: pSphere21 0.07889548217 0.002794650317 -0.2519723377 0 -0.09381540739 0.1077652081 -0.02817946522 0 0.1864099767 0.1780587052 0.06034200796 0 4.518004541 0.1021593284 -0.2632701619 1


mesh: pSphereShape22 tranform: pSphere22 0.00113485039 -0.0002937845062 -0.009931052575 0 0.0006634389484 0.009975558207 -0.0002192879834 0 0.009913221644 -0.0006339788024 0.00115156742 0 4.365558729 1.05296312 -0.02632695806 1


mesh: pSphereShape23 tranform: pSphere23 0.004282276247 -0.0002231747053 -0.0090339528 0 -0.001415961044 0.009856895068 -0.0009146988233 0 0.008925086244 0.001670871828 0.004189394093 0 4.2932233 1.009214108 -0.3637946211 1


mesh: pSphereShape24 tranform: pSphere24 0.002018177015 -0.000197374423 -0.009792242076 0 0.0002716867385 0.009995250086 -0.00014547177 0 0.009790462086 -0.000236683453 0.002022580799 0 4.446085949 1.037068425 -0.5808976494 1


