mesh: pSphereShape1 tranform: pSphere1 -0.1090537513 0.09566952848 -0.02264410467 0 0.037937074 0.05549562062 0.05176003381 0 0.07566718791 0.05832497336 -0.1179939782 0 2.194801713 0.102482317 0.2701693838 1


mesh: pSphereShape2 tranform: pSphere2 -0.1512280796 0.2067531805 -0.04329812346 0 0.09885274901 0.08372287957 0.0545210751 0 0.05394839996 0.01435844934 -0.1198633437 0 1.945523727 0.3432439335 0.2037614136 1


mesh: pSphereShape3 tranform: pSphere3 -0.04498276369 0.2715953902 -0.1022296099 0 0.1071652932 0.04320113677 0.06761875099 0 0.07726537287 -0.02684042245 -0.1053055472 0 1.763649275 0.7448938225 0.09316161578 1


mesh: pSphereShape4 tranform: pSphere4 -0.0250381917 -0.01280662224 -0.1785426122 0 0.0318920149 0.1444768862 -0.01483555805 0 0.1666619942 -0.03890260523 -0.02058166365 0 1.729223076 1.002547334 -0.1300979421 1


mesh: pSphereShape5 tranform: pSphere5 -0.01928801418 -0.01406192162 -0.1852577237 0 0.02882967551 0.134859267 -0.01323803178 0 0.1718328185 -0.03820521223 -0.01499033393 0 1.705179242 0.9991279039 -0.4255623819 1


mesh: pSphereShape6 tranform: pSphere6 -0.02692145262 -0.2444963232 -0.1024975351 0 0.0565708679 0.02967853925 -0.0856534126 0 0.08837976908 -0.02986397246 0.04802378606 0 1.668137971 0.7043745876 -0.5886363 1


mesh: pSphereShape7 tranform: pSphere7 0.0732113112 -0.2226770616 -0.09087929922 0 0.05395188877 0.04661324217 -0.07075110982 0 0.100657917 0.0013930986 0.0776754117 0 1.747364459 0.2638175659 -0.7239717767 1


mesh: pSphereShape8 tranform: pSphere8 -0.04738510334 -0.1819370823 -0.0222397814 0 0.02596638833 -0.002424797397 -0.0354886326 0 0.08835418608 -0.03117441488 0.0667771783 0 1.805082653 -0.0689795119 -0.8154313253 1


mesh: pSphereShape10 tranform: pSphere10 -0.003711385881 -0.01661862489 -0.1826928878 0 0.0006441720225 0.1541505818 -0.01403536557 0 0.2231586734 -0.001334264363 -0.004412072744 0 1.763255534 1.42960978 -0.3107389514 1


mesh: pSphereShape11 tranform: pSphere11 -0.002348337138 -0.006848215982 -0.07758520727 0 0.03164901249 0.1676657308 -0.01575730389 0 0.09000900218 -0.0171044799 -0.001214616977 0 1.730085734 1.242946136 -0.2957635583 1


mesh: pSphereShape12 tranform: pSphere12 -0.01833114337 -0.0245635182 -0.3149479533 0 0.02019250522 0.1639537102 -0.01396240746 0 0.1718126365 -0.02186679061 -0.00829469357 0 1.744373415 0.810105659 -0.2274465797 1


mesh: pSphereShape13 tranform: pSphere13 -0.00715039143 -0.01307476096 -0.2185785765 0 0.04137192335 0.2022465212 -0.01345122845 0 0.1916427097 -0.03946275088 -0.003908682947 0 1.705140472 0.5862864721 -0.2173473518 1


mesh: pSphereShape14 tranform: pSphere14 -0.003374137041 -0.003479884669 -0.2215074534 0 0.05042997904 0.2362811085 -0.004480159254 0 0.1868243729 -0.03991639264 -0.002218736148 0 1.676204321 0.3933625168 -0.2098220323 1


mesh: pSphereShape15 tranform: pSphere15 -0.005923541024 -0.001298419687 -0.151639301 0 -0.04491727037 0.3773642094 -0.001476581752 0 0.1866158096 0.02218341869 -0.007479787782 0 1.703750751 -0.1975394237 -0.02781698875 1


mesh: pSphereShape16 tranform: pSphere16 0.005562120454 0.01159972404 -0.09938696585 0 0.3102976855 0.1838147935 0.03881911425 0 0.04285635427 -0.07109983421 -0.005899830489 0 1.514690503 -0.7508181452 -0.02325360882 1


mesh: pSphereShape17 tranform: pSphere17 0.03045182371 -0.03983204479 -0.100565589 0 0.09506641209 0.04026166328 0.01283979202 0 0.08425273881 -0.2370127117 0.1193882581 0 1.171476023 -1.15319516 0.02393117676 1


mesh: pSphereShape18 tranform: pSphere18 0.003161469952 -0.002811661645 -0.1277729715 0 -0.1192091846 0.3376709223 -0.01038007194 0 0.1377195179 0.04869143117 0.002336114474 0 1.756987447 -0.1885367343 -0.3753291708 1


mesh: pSphereShape19 tranform: pSphere19 0.0003879221524 -0.003903229106 -0.08636256232 0 0.1505916413 0.4026508158 -0.01752171901 0 0.09435602979 -0.03520153505 0.002014790271 0 1.783181562 -0.8708428518 -0.369031764 1


mesh: pSphereShape20 tranform: pSphere20 -0.01888123346 0.005658443137 -0.1137232664 0 0.01528422467 0.08049957501 0.001467749378 0 0.2537142296 -0.04736099023 -0.04448014231 0 1.859089326 -1.312039093 -0.3603806631 1


mesh: pSphereShape21 tranform: pSphere21 -0.004021207452 -0.004147234684 -0.2639867355 0 -0.06806381404 0.1287443142 -0.0009857850188 0 0.2340245885 0.1236806195 -0.00550782967 0 1.590785295 0.2340335036 -0.2101618647 1


mesh: pSphereShape22 tranform: pSphere22 -0.001385284988 -0.0007085504313 -0.009878205393 0 0.002144766776 0.009716200949 -0.0009977046637 0 0.009668555269 -0.002256855203 -0.001194003189 0 1.69044874 1.196308257 0.005084869452 1


mesh: pSphereShape23 tranform: pSphere23 -0.0003013692648 -0.0008788524368 -0.009956746203 0 0.0008858021087 0.0099197296 -0.0009023964133 0 0.009956130332 -0.0009091661326 -0.0002211012275 0 1.541883437 1.178578155 -0.2599804109 1


mesh: pSphereShape24 tranform: pSphere24 -0.001032608876 -0.0007528232269 -0.009918012709 0 0.002080959358 0.009734298035 -0.0009555364606 0 0.009726424166 -0.002162567679 -0.000848512801 0 1.620118122 1.156381278 -0.5470314641 1


