mesh: pSphereShape1 tranform: pSphere1 -0.1034155257 0.1041796282 -0.00315736428 0 0.04113919935 0.04267705356 0.06069861587 0 0.07871166085 0.07492107333 -0.1060245818 0 0.80715856 0.210968262 0.3188381391 1


mesh: pSphereShape2 tranform: pSphere2 -0.1525943846 0.2100528216 -0.009181674852 0 0.1062032531 0.07920313449 0.0469219212 0 0.03832549166 0.02239748178 -0.1245525013 0 0.5610203568 0.46339483 0.3007416063 1


mesh: pSphereShape3 tranform: pSphere3 -0.08119036948 0.2731218856 -0.07107008955 0 0.1127196481 0.04763654702 0.05429617005 0 0.06177805964 -0.01221882241 -0.1175320217 0 0.348403488 0.8686080158 0.2471195041 1


mesh: pSphereShape4 tranform: pSphere4 -0.05170071098 0.00644070552 -0.1730720624 0 0.01856085904 0.1475339168 -5.423808006e-05 0 0.1637654084 -0.02062116771 -0.04968799005 0 0.2598354936 1.144784587 0.05641168273 1


mesh: pSphereShape5 tranform: pSphere5 -0.04050332622 0.006784474737 -0.182218662 0 0.01796464837 0.1373660496 0.001121336738 0 0.1709343438 -0.0220378328 -0.03881558854 0 0.1973470787 1.174680151 -0.2312277558 1


mesh: pSphereShape6 tranform: pSphere6 -0.0388543798 -0.2293263248 -0.130033593 0 0.03952012985 0.04381661226 -0.08908338624 0 0.09627617764 -0.03169147409 0.02712328428 0 0.1450844821 0.9016493965 -0.4269578394 1


mesh: pSphereShape7 tranform: pSphere7 0.0329067682 -0.2081006575 -0.1371687933 0 0.04113373065 0.05487774364 -0.0733878031 0 0.1148004781 -0.01625016122 0.05219395597 0 0.1830835417 0.4830772966 -0.6400589907 1


mesh: pSphereShape8 tranform: pSphere8 -0.07842844443 -0.1685302007 -0.03588326035 0 0.02622380037 -0.004738048114 -0.03506335985 0 0.07919757732 -0.05093291186 0.06611414463 0 0.1878281068 0.1607628347 -0.7745754072 1


mesh: pSphereShape10 tranform: pSphere10 -0.02353276958 -0.006669705154 -0.1818471009 0 0.01761758349 0.1535799997 -0.007912822592 0 0.2199002758 -0.02664120655 -0.02748008356 0 0.321514036 1.577725223 -0.1001473061 1


mesh: pSphereShape11 tranform: pSphere11 -0.01033482653 0.0003203671205 -0.07723319146 0 0.05087842747 0.1635101193 -0.006129961055 0 0.0866474956 -0.02740050231 -0.01170824407 0 0.2685934189 1.396299512 -0.08660481355 1


mesh: pSphereShape12 tranform: pSphere12 -0.06057540064 0.01149202692 -0.3103710114 0 0.008620244123 0.1654975373 0.004445413271 0 0.1699512953 -0.007953351983 -0.03346403999 0 0.2713331151 0.9666225704 -0.06529726475 1


mesh: pSphereShape13 tranform: pSphere13 -0.03998932482 0.00820789477 -0.2152490556 0 0.02493582837 0.2053392511 0.003197393938 0 0.1909634739 -0.02262421039 -0.03634021764 0 0.2478807395 0.7410212286 -0.07732119767 1


mesh: pSphereShape14 tranform: pSphere14 -0.03839655321 0.01074185654 -0.2179434871 0 0.02845719091 0.239866305 0.006808881574 0 0.1868130317 -0.02119916465 -0.03395694452 0 0.2358405586 0.546685437 -0.08348870017 1


mesh: pSphereShape15 tranform: pSphere15 -0.03225234645 0.01955604494 -0.1469986364 0 -0.0154070655 0.3759456527 0.05339453674 0 0.1836238411 0.01300165281 -0.03855844497 0 0.2859067668 -0.0516670612 0.03645569105 1


mesh: pSphereShape16 tranform: pSphere16 -0.01960174811 0.01735416193 -0.0967360548 0 0.1386677171 0.3336792671 0.03176265953 0 0.0751626139 -0.02928560825 -0.02048404617 0 0.2178566039 -0.7391026262 -0.01680931794 1


mesh: pSphereShape17 tranform: pSphere17 0.0002293963617 0.002718773276 -0.1123383225 0 0.05093985364 0.0906825884 0.002298688545 0 0.2427758247 -0.1363053462 -0.002803063415 0 0.2113535306 -1.267258682 -0.04311581732 1


mesh: pSphereShape18 tranform: pSphere18 -0.01911030001 0.007877690648 -0.1261608933 0 -0.1776791858 0.3076409301 0.04612366378 0 0.1249639786 0.07431566671 -0.01428860593 0 0.3806235292 -0.004377173422 -0.3080651873 1


mesh: pSphereShape19 tranform: pSphere19 -0.01429659059 0.002860436985 -0.08521328095 0 0.08144836305 0.4224670756 0.0005164282654 0 0.09749452497 -0.01877541989 -0.01698731932 0 0.5209712849 -0.6652758742 -0.3793318097 1


mesh: pSphereShape20 tranform: pSphere20 -0.0483768077 0.003391896024 -0.1047362391 0 0.01167106724 0.08106838077 -0.002765360484 0 0.2348424155 -0.03755086872 -0.1096878703 0 0.6549993791 -1.112012077 -0.441293598 1


mesh: pSphereShape21 tranform: pSphere21 -0.04575999848 0.01280186106 -0.2597392944 0 -0.07821522579 0.1212470456 0.01975564174 0 0.2185655373 0.1460952139 -0.03130549826 0 0.1655562842 0.3801249999 -0.08352738879 1


mesh: pSphereShape22 tranform: pSphere22 -0.002860438949 0.0003563441311 -0.00957553695 0 0.001248234517 0.009921789016 -3.647559819e-06 0 0.009500515755 -0.001196294936 -0.002882547279 0 0.2287051689 1.316531972 0.2202862551 1


mesh: pSphereShape23 tranform: pSphere23 -0.001326299799 4.111368935e-05 -0.00991157094 0 0.002038299228 0.009787310209 -0.0002321532518 0 0.009699807478 -0.002051065221 -0.001306470956 0 0.07790250438 1.3516237 -0.03675682181 1


mesh: pSphereShape24 tranform: pSphere24 -0.002168398144 0.0003632156615 -0.009755312597 0 0.001296709119 0.009915240505 8.093938405e-05 0 0.009675566906 -0.001247429399 -0.002197117417 0 0.08796401933 1.337957158 -0.3211984233 1


