mesh: pSphereShape1 tranform: pSphere1 -0.08692129485 0.1147886218 -0.02874709798 0 0.03873935272 0.04458714574 0.06090431493 0 0.1008269944 0.05094733195 -0.1014307217 0 2.196934401 0.1066942925 0.2896761487 1


mesh: pSphereShape2 tranform: pSphere2 -0.1174735322 0.226134953 -0.05054195781 0 0.1068614589 0.06889958055 0.05989499637 0 0.06165899198 0.005921178679 -0.1168200515 0 1.994297414 0.3847327478 0.2105532478 1


mesh: pSphereShape3 tranform: pSphere3 -0.0272963334 0.2737718514 -0.102675614 0 0.1075511737 0.03717346966 0.07052596657 0 0.07843024195 -0.03092389376 -0.103305442 0 1.854456305 0.8073242586 0.0925030007 1


mesh: pSphereShape4 tranform: pSphere4 -0.01398624558 -0.008311331575 -0.1800102544 0 0.02787927366 0.1457887077 -0.008897407887 0 0.1687922283 -0.0329856844 -0.01159164295 0 1.842260701 1.071435143 -0.1296883697 1


mesh: pSphereShape5 tranform: pSphere5 -0.004925252513 -0.009098316682 -0.1865024178 0 0.02473536101 0.1361190005 -0.007293640951 0 0.1737649034 -0.03173924275 -0.003040509351 0 1.838632899 1.076141898 -0.4258018851 1


mesh: pSphereShape6 tranform: pSphere6 0.01358440069 -0.2482467636 -0.09590604674 0 0.05563631345 0.03550873384 -0.08403163882 0 0.08941952853 -0.01545596907 0.05267243491 0 1.847570329 0.7806255209 -0.585128183 1


mesh: pSphereShape7 tranform: pSphere7 0.1296898363 -0.2029677811 -0.07203223627 0 0.04743766534 0.05494908643 -0.06942323815 0 0.09087933822 0.0281289072 0.08436312597 0 2.015103838 0.3626855738 -0.6947012588 1


mesh: pSphereShape8 tranform: pSphere8 0.007350427097 -0.1890021408 -0.00807587826 0 0.0248705058 0.002516535208 -0.03625880584 0 0.09484739303 0.0009061565218 0.06512026412 0 2.159370831 0.0518046641 -0.7641194193 1


mesh: pSphereShape10 tranform: pSphere10 -0.001202219321 -0.01238764963 -0.1830621346 0 0.001329731181 0.1544300878 -0.01045887755 0 0.223193245 -0.002011871245 -0.001329629832 0 1.8871793 1.502520145 -0.2987910038 1


mesh: pSphereShape11 tranform: pSphere11 -2.620724824e-05 -0.004260859178 -0.07780566515 0 0.03425924655 0.1676411651 -0.009192045796 0 0.089777798 -0.01829377001 0.0009715789803 0 1.854339443 1.315760757 -0.2876088844 1


mesh: pSphereShape12 tranform: pSphere12 -0.001089788691 -0.01581908587 -0.3160382563 0 0.01523402999 0.1648710277 -0.008305041453 0 0.1726623776 -0.01594373938 0.0002026649454 0 1.869767593 0.8825892789 -0.2315586357 1


mesh: pSphereShape13 tranform: pSphere13 0.0008430096387 -0.0105229983 -0.2188315046 0 0.03389301124 0.2038478474 -0.009671909081 0 0.1930567589 -0.03199054183 0.002282053157 0 1.83831046 0.657533433 -0.2284752273 1


mesh: pSphereShape14 tranform: pSphere14 6.780714793e-05 -0.005152765983 -0.2215005434 0 0.04310335185 0.2377050394 -0.005516536017 0 0.1879898613 -0.03406870806 0.0008500888235 0 1.815726874 0.463328278 -0.2223354059 1


mesh: pSphereShape15 tranform: pSphere15 -0.005275346097 -0.003037977921 -0.1516383634 0 -0.0775884293 0.371995871 -0.004753476686 0 0.1840008277 0.03828607319 -0.007168240732 0 1.883394908 -0.1136888444 -0.03090710215 1


mesh: pSphereShape16 tranform: pSphere16 0.003918144295 0.01067367241 -0.09956897421 0 0.2779543583 0.2303289396 0.03562877853 0 0.05337595233 -0.06368149244 -0.004726178102 0 1.755983446 -0.698369381 -0.02010584601 1


mesh: pSphereShape17 tranform: pSphere17 0.03127096994 -0.03274534856 -0.1028455718 0 0.08541975265 0.05894965886 0.007203337758 0 0.1387778032 -0.2145983768 0.1105231364 0 1.494180294 -1.147617099 0.02775507096 1


mesh: pSphereShape18 tranform: pSphere18 0.0009336423607 -0.005516329589 -0.1277205191 0 -0.08282508661 0.3481888843 -0.01564395187 0 0.1421303033 0.03379021512 -0.0004204421654 0 1.865024788 -0.1385643298 -0.3760014075 1


mesh: pSphereShape19 tranform: pSphere19 -0.001139900591 -0.005227092971 -0.08628589675 0 0.1706429538 0.3940949594 -0.0261281053 0 0.09245783448 -0.03995471337 0.001198970691 0 1.8351043 -0.827315566 -0.3573906524 1


mesh: pSphereShape20 tranform: pSphere20 -0.0217578288 0.006283876841 -0.11317513 0 0.0279290831 0.07703711635 -0.001091975394 0 0.2412221482 -0.08817957109 -0.05127080276 0 1.879293032 -1.291139174 -0.3453800414 1


mesh: pSphereShape21 tranform: pSphere21 8.081076887e-05 -0.006140930472 -0.2639785003 0 -0.07202059632 0.1265424463 -0.002965803667 0 0.2301127025 0.1308970422 -0.002974613653 0 1.735329678 0.3014073432 -0.2227374289 1


mesh: pSphereShape22 tranform: pSphere22 -0.0007738153083 -0.0004598400314 -0.009959405455 0 0.001874906307 0.009804422125 -0.0005983587079 0 0.009792136448 -0.001913597123 -0.0006724654954 0 1.789114746 1.259793603 0.008216433582 1


mesh: pSphereShape23 tranform: pSphere23 -3.363256072e-06 -0.0005468090494 -0.009985038235 0 0.001039862059 0.009930888173 -0.0005441938946 0 0.009945786826 -0.001038489269 5.352058644e-05 0 1.664311311 1.252850236 -0.2597637704 1


mesh: pSphereShape24 tranform: pSphere24 -0.0002636797864 -0.0004870901935 -0.009984649023 0 0.001785426996 0.009825227055 -0.0005264634484 0 0.00983578789 -0.001796567968 -0.000172104979 0 1.75709264 1.233956454 -0.5489461415 1


