mesh: pSphereShape1 tranform: pSphere1 -0.1337670892 0.06027948605 -0.00555735975 0 0.02153472688 0.0535230291 0.06220632995 0 0.04932606048 0.09995691767 -0.1030798676 0 1.724303651 0.1067859909 0.272715986 1


mesh: pSphereShape2 tranform: pSphere2 -0.201327394 0.1628718191 -0.02077470057 0 0.07995938792 0.1050021077 0.04832171187 0 0.03640015675 0.0292144463 -0.1237148367 0 1.415802862 0.2749531658 0.242199241 1


mesh: pSphereShape3 tranform: pSphere3 -0.06455847512 0.2703059882 -0.09489612313 0 0.1073211763 0.04809079234 0.06397245171 0 0.07412607206 -0.02053411682 -0.1089186847 0 1.178991824 0.6339306722 0.1581807204 1


mesh: pSphereShape4 tranform: pSphere4 -0.0627891069 -0.001454910015 -0.1694809614 0 0.03539693933 0.1437079386 -0.01434747777 0 0.1563446438 -0.04425441868 -0.05754247718 0 1.098086419 0.8989080254 -0.05441134727 1


mesh: pSphereShape5 tranform: pSphere5 -0.05466064432 -0.002915786114 -0.1785886376 0 0.03198644201 0.1342635921 -0.01198219257 0 0.1639341798 -0.04346954957 -0.04946563288 0 1.01602278 0.9132555939 -0.3385383794 1


mesh: pSphereShape6 tranform: pSphere6 -0.1576895888 -0.1809711658 -0.1157255034 0 0.03811617165 0.028049629 -0.09580167873 0 0.07584898233 -0.07192281157 0.009119512937 0 0.8370448296 0.6801584306 -0.515625092 1


mesh: pSphereShape7 tranform: pSphere7 -0.1110118028 -0.1814185891 -0.1340436199 0 0.0465770533 0.03266409375 -0.08278257832 0 0.09766642067 -0.07770932609 0.02428904015 0 0.6256490748 0.3103967745 -0.721756718 1


mesh: pSphereShape8 tranform: pSphere8 -0.1713268161 -0.07297538559 -0.0340994572 0 0.01371363378 -0.01372094504 -0.03953793021 0 0.03335884905 -0.09992859577 0.04624890075 0 0.4213997229 0.06046074602 -0.8574191478 1


mesh: pSphereShape10 tranform: pSphere10 -0.02307204763 -0.01671946827 -0.1812588876 0 0.01285506942 0.15344454 -0.01579014376 0 0.2206573724 -0.02117522008 -0.02613377501 0 1.135743243 1.326544798 -0.2382343193 1


mesh: pSphereShape11 tranform: pSphere11 -0.01217655999 -0.007246718211 -0.0766230618 0 0.04088578088 0.1649299181 -0.02209581247 0 0.08782173802 -0.02334476056 -0.01174833971 0 1.085840104 1.143880781 -0.218554409 1


mesh: pSphereShape12 tranform: pSphere12 -0.06597144626 -0.007440399129 -0.3093929852 0 0.02741369134 0.163207037 -0.009770248539 0 0.1671453076 -0.03016533873 -0.03491473961 0 1.081572192 0.7115530746 -0.1584199336 1


mesh: pSphereShape13 tranform: pSphere13 -0.03650816463 0.006041692954 -0.2159382398 0 0.03677970692 0.2035760476 -0.0005224439318 0 0.1898035523 -0.03437627675 -0.03305144216 0 1.039026453 0.4918925596 -0.1569366274 1


mesh: pSphereShape14 tranform: pSphere14 -0.02908445544 0.00880404953 -0.2194666934 0 0.03544278323 0.238980993 0.004889882984 0 0.1873161206 -0.02725017544 -0.02591691327 0 1.019493919 0.2993867713 -0.1593229205 1


mesh: pSphereShape15 tranform: pSphere15 -0.01565583529 0.02442064535 -0.14896234 0 0.1103469518 0.3605411476 0.04750914757 0 0.1789264933 -0.0511785511 -0.02719517532 0 0.9108042027 -0.2835533005 -0.015676719 1


mesh: pSphereShape16 tranform: pSphere16 -0.004790287155 0.02149818198 -0.09776574596 0 0.2883718401 0.2174541088 0.03368750527 0 0.05033070649 -0.06417666825 -0.01657820143 0 0.5766381766 -0.8653498838 -0.06220619686 1


mesh: pSphereShape17 tranform: pSphere17 -0.004014260322 0.007883271465 -0.1120226888 0 0.07154751859 0.07547772789 0.002747667074 0 0.2018939062 -0.1906293399 -0.02064972335 0 0.3577163004 -1.295046009 -0.1032713656 1


mesh: pSphereShape18 tranform: pSphere18 0.003166316811 0.0001734844961 -0.1278036655 0 -0.2057272808 0.2932480768 -0.004698799134 0 0.119546866 0.08391701624 0.003075667284 0 1.182666864 -0.249264807 -0.314807833 1


mesh: pSphereShape19 tranform: pSphere19 0.001069410713 -0.0004973750991 -0.08644354708 0 -0.08275447957 0.4221993669 -0.003453004754 0 0.0988400246 0.01938253011 0.001111247706 0 1.482322396 -0.8947653188 -0.3255373014 1


mesh: pSphereShape20 tranform: pSphere20 -0.01182772896 -0.00847072204 -0.1144982619 0 -0.02755542753 0.07712629634 -0.002859408386 0 0.2451878936 0.08642385326 -0.03172177751 0 1.778919546 -1.234891715 -0.31887501 1


mesh: pSphereShape21 tranform: pSphere21 -0.03466208619 0.01049243381 -0.2615546115 0 -0.0752321829 0.1237973372 0.01493622977 0 0.2240111725 0.1390413318 -0.02410897121 0 0.9442325923 0.1350172222 -0.1601254133 1


mesh: pSphereShape22 tranform: pSphere22 -0.003473925282 -8.049562949e-05 -0.009376852542 0 0.002380476106 0.009664488528 -0.0009648808248 0 0.009070015251 -0.002567329732 -0.003338209311 0 1.098699538 1.085919185 0.09507974676 1


mesh: pSphereShape23 tranform: pSphere23 -0.001562655069 -0.0009299934429 -0.009833271141 0 0.001445458452 0.009826858871 -0.00115909214 0 0.009770811583 -0.001602484609 -0.001401172394 0 0.899394127 1.09305516 -0.1594068874 1


mesh: pSphereShape24 tranform: pSphere24 -0.002926328545 -0.0001561003944 -0.009560974527 0 0.002308818418 0.00969130153 -0.0008648885329 0 0.00927932965 -0.002460550208 -0.002799952484 0 0.9168336478 1.080055176 -0.4337128059 1


