mesh: pSphereShape1 tranform: pSphere1 0.103417983 0.1023419512 -0.01972259231 0 -0.0375679652 0.04915166526 0.05805900778 0 0.08423223545 -0.06414864147 0.1088107855 0 -1.075164809 0.2472940682 0.6984683338 1


mesh: pSphereShape2 tranform: pSphere2 0.1729876659 0.1891492828 -0.04230075023 0 -0.07505246035 0.08679184661 0.08116796005 0 0.06889275478 -0.03935025656 0.1057788341 0 -0.8207553848 0.4777957665 0.6203608045 1


mesh: pSphereShape3 tranform: pSphere3 0.2151529024 0.1997132226 -0.007890210509 0 -0.07520993354 0.08388160704 0.07232133616 0 0.05123141262 -0.05076117551 0.1121527968 0 -0.4926645543 0.8114531591 0.55600071 1


mesh: pSphereShape4 tranform: pSphere4 0.1784035912 0.004254575553 -0.02867825359 0 -0.001846909966 0.1483132365 0.01051369808 0 0.0275667379 -0.01169036636 0.1697546706 0 -0.1783210255 1.033086334 0.5366559037 1


mesh: pSphereShape5 tranform: pSphere5 0.1867341654 0.004496645172 -0.000566563794 0 -0.00330792434 0.138302693 0.007405425581 0 0.0007622730008 -0.009427790091 0.1764125891 0 0.1149472729 1.060097641 0.5257907949 1


mesh: pSphereShape6 tranform: pSphere6 0.1512193049 -0.2121998227 0.05579353437 0 0.07672082862 0.06443802776 0.03713813284 0 -0.04228833413 -0.004921176024 0.09589892222 0 0.3322703582 0.8053394521 0.5835282282 1


mesh: pSphereShape7 tranform: pSphere7 0.1357355123 -0.161126715 0.1371789682 0 0.05899487262 0.07545592696 0.03025439272 0 -0.07666480818 0.02007163753 0.09943371215 0 0.5564354408 0.4565147397 0.8016313107 1


mesh: pSphereShape8 tranform: pSphere8 0.06029746702 -0.1780431043 0.02249280554 0 0.03480946397 0.01465087424 0.0226545605 0 -0.06020701488 -0.008045721995 0.09771325191 0 0.7153205791 0.1918204113 0.9656897857 1


mesh: pSphereShape10 tranform: pSphere10 0.1799481535 0.007442153008 -0.0350702257 0 -0.001639846701 0.1529036654 0.02403306711 0 0.04354822946 -0.03353570398 0.2163329573 0 -0.04181295695 1.464560617 0.617141779 1


mesh: pSphereShape11 tranform: pSphere11 0.07705303511 0.005452937141 -0.01024560365 0 -0.005357005224 0.1646028932 0.04731743824 0 0.01334373193 -0.02464327283 0.08723710749 0 -0.0475479384 1.286272879 0.5538275449 1


mesh: pSphereShape12 tranform: pSphere12 0.3159769823 0.007476962518 -0.01530529991 0 -0.003611803949 0.1656207022 0.006343741709 0 0.008535477999 -0.006442815857 0.1730669705 0 -0.0617018737 0.8536182679 0.5676111865 1


mesh: pSphereShape13 tranform: pSphere13 0.2184070252 0.01102866727 -0.01324429691 0 -0.01021016619 0.2065880308 0.003655809712 0 0.01198854053 -0.002863796621 0.1953140759 0 -0.04535029671 0.6316698349 0.557503533 1


mesh: pSphereShape14 tranform: pSphere14 0.2210263519 0.008638188232 -0.01271926948 0 -0.009489628853 0.2414562397 -0.0009209332194 0 0.01093102857 0.001157095073 0.1907374144 0 -0.03640154053 0.4379771893 0.5677883597 1


mesh: pSphereShape15 tranform: pSphere15 0.1517013841 0.003965797644 -0.001488069205 0 -0.009807713081 0.3797113859 0.01210620427 0 0.001999196952 -0.005941469825 0.1879739711 0 -0.2152591303 -0.1622634291 0.5631525637 1


mesh: pSphereShape16 tranform: pSphere16 0.1001807934 0.002449769571 -0.001032965933 0 -0.008163250755 0.3580631995 0.0574766225 0 0.001169155485 -0.01316345316 0.08217066449 0 -0.2348405958 -0.8739373359 0.5283639114 1


mesh: pSphereShape17 tranform: pSphere17 0.1105259824 -0.0005856241753 0.02027331526 0 0.0008098381027 0.1040232665 -0.00141020903 0 -0.05020793992 0.004103262225 0.273841983 0 -0.2759792128 -1.334906699 0.6629532595 1


mesh: pSphereShape18 tranform: pSphere18 0.1273710062 0.01086559033 0.001548648942 0 -0.02946451563 0.3530111997 -0.05343372114 0 -0.003595842891 0.0215642137 0.1444473368 0 0.1640843939 -0.1778743368 0.5987395163 1


mesh: pSphereShape19 tranform: pSphere19 0.08613452888 0.007396033957 -0.0001395328184 0 -0.03550057059 0.415443029 0.106109998 0 0.002282268442 -0.02473776163 0.09761712047 0 0.242622076 -0.886652449 0.5851234766 1


mesh: pSphereShape20 tranform: pSphere20 0.1146422693 0.002574294374 -0.01311576808 0 -0.00129949644 0.08180577975 0.004697775792 0 0.03004370454 -0.01444038873 0.2597716454 0 0.2725720961 -1.311534346 0.7091398938 1


mesh: pSphereShape21 tranform: pSphere21 0.2634133713 0.0102947647 -0.01515848959 0 -0.009732925508 0.111047626 -0.09371471563 0 0.00494711555 0.1709749844 0.2020836971 0 -0.02832472577 0.2643567267 0.5180594953 1


mesh: pSphereShape22 tranform: pSphere22 0.009870513794 0.0002353923842 -0.001586678249 0 -0.0001242063615 0.009974198967 0.0007070556817 0 0.001599228008 -0.0006781927327 0.009847970573 0 -0.3360150995 1.202378164 0.4750605124 1


mesh: pSphereShape23 tranform: pSphere23 0.009888450927 0.0006997920491 -0.001314849555 0 -0.0004523648882 0.009821605175 0.001825222668 0 0.00141912095 -0.001745383301 0.009743702215 0 -0.09366060386 1.234136223 0.3640930819 1


mesh: pSphereShape24 tranform: pSphere24 0.009997055929 0.0002407337361 -3.033172813e-05 0 -0.0002387698088 0.009982848507 0.0005345321924 0 4.314769786e-05 -0.0005336505922 0.009985657481 0 0.2283622779 1.215333138 0.4270095568 1


