mesh: pSphereShape1 tranform: pSphere1 -0.1376783852 0.05100342831 0.001203069937 0 0.0193535768 0.0507047299 0.06521162491 0 0.03979290418 0.1097074316 -0.0971118374 0 1.418124862 0.2126395612 0.2940864472 1


mesh: pSphereShape2 tranform: pSphere2 -0.2153716714 0.1449937657 -0.009131719702 0 0.07286496246 0.1111170576 0.04579990111 0 0.02772260082 0.03331112323 -0.1249225463 0 1.096112966 0.3561795538 0.2801742955 1


mesh: pSphereShape3 tranform: pSphere3 -0.08951571727 0.2652457289 -0.08871323335 0 0.1061069714 0.05575335382 0.05963143403 0 0.07041998984 -0.01382126148 -0.1123815027 0 0.8277440467 0.6946146128 0.211687949 1


mesh: pSphereShape4 tranform: pSphere4 -0.05918894711 0.007755219655 -0.1706016122 0 0.03365882405 0.1447475794 -0.005097730741 0 0.1581276711 -0.03876432417 -0.05662335826 0 0.7295054953 0.9636933235 0.006343712963 1


mesh: pSphereShape5 tranform: pSphere5 -0.04841471522 0.006911213271 -0.1802732365 0 0.02927065013 0.1353865366 -0.00267064025 0 0.1664957938 -0.03690644254 -0.04612950263 0 0.6552497848 0.9939094779 -0.2784136199 1


mesh: pSphereShape6 tranform: pSphere6 -0.09583467835 -0.2014343473 -0.1457699541 0 0.05844764531 0.03250091744 -0.08333756056 0 0.07931765435 -0.06082592001 0.03190676455 0 0.5402179114 0.7455889738 -0.4861570813 1


mesh: pSphereShape7 tranform: pSphere7 -0.01868259053 -0.2036899037 -0.146169083 0 0.06197178557 0.04225695877 -0.06680694138 0 0.09961931707 -0.0518952687 0.05958438815 0 0.4684410702 0.3430525473 -0.7199817514 1


mesh: pSphereShape8 tranform: pSphere8 -0.1261863223 -0.1331398374 -0.04681723594 0 0.02523834934 -0.011944121 -0.03405788756 0 0.05485621871 -0.07560989217 0.06716723425 0 0.3843983411 0.0395145501 -0.8708348413 1


mesh: pSphereShape10 tranform: pSphere10 -0.0288424451 -0.01378336127 -0.1806786557 0 0.01500295701 0.1534143201 -0.01409843875 0 0.2193671487 -0.02449909457 -0.03314948878 0 0.7748335576 1.397027783 -0.1704344324 1


mesh: pSphereShape11 tranform: pSphere11 -0.01319540934 -0.004549047673 -0.07666201455 0 0.04393476712 0.1647147241 -0.01733625677 0 0.08719498699 -0.02468321384 -0.01354371438 0 0.7231926601 1.215422571 -0.1501463874 1


mesh: pSphereShape12 tranform: pSphere12 -0.06214850222 0.01019240494 -0.3101052871 0 0.02514911269 0.1638624663 0.0003456017346 0 0.1679727498 -0.02570716472 -0.03450851402 0 0.7178335467 0.7826619919 -0.1092755903 1


mesh: pSphereShape13 tranform: pSphere13 -0.04012153585 0.01949173124 -0.214497101 0 0.03493680234 0.2035498871 0.01196203358 0 0.1895329215 -0.0302858195 -0.03820412921 0 0.6775040925 0.562714603 -0.1227080436 1


mesh: pSphereShape14 tranform: pSphere14 -0.03579937551 0.01548243882 -0.2181003098 0 0.03157772846 0.2392813358 0.01180280618 0 0.1868830842 -0.02306891166 -0.03231293311 0 0.6604278787 0.3702927664 -0.1338638212 1


mesh: pSphereShape15 tranform: pSphere15 -0.01829801117 0.02581621835 -0.1484249221 0 0.05832951318 0.371121276 0.05735986713 0 0.1844612116 -0.02481023485 -0.0270559667 0 0.6132902364 -0.2144089883 0.002249335072 1


mesh: pSphereShape16 tranform: pSphere16 -0.008988305351 0.02164993833 -0.09743587789 0 0.2167553022 0.287524124 0.04389160136 0 0.06631478431 -0.04744932015 -0.01666051993 0 0.3968981218 -0.8641171441 -0.06359367977 1


mesh: pSphereShape17 tranform: pSphere17 -0.003214196248 0.003853906701 -0.1122593399 0 0.03753347017 0.09700327729 0.002255506237 0 0.2595629329 -0.1001798937 -0.01087099006 0 0.3203299878 -1.319745429 -0.108980834 1


mesh: pSphereShape18 tranform: pSphere18 -0.01274812278 0.003552800317 -0.1271561857 0 -0.2024041568 0.2942105036 0.02851252728 0 0.1196573009 0.083256219 -0.009670101659 0 0.8246308268 -0.1835241865 -0.3220628707 1


mesh: pSphereShape19 tranform: pSphere19 -0.009889247451 0.002902808293 -0.08583504145 0 -0.1507301276 0.401789522 0.0309538557 0 0.09363872835 0.03586597487 -0.009575395927 0 1.169975361 -0.8142604476 -0.3966969161 1


mesh: pSphereShape20 tranform: pSphere20 -0.01396225039 -0.01239711932 -0.1138984955 0 -0.04108076242 0.07086006784 -0.00267677658 0 0.2243931744 0.1285232568 -0.04149617446 0 1.516522188 -1.096817608 -0.4318084308 1


mesh: pSphereShape21 tranform: pSphere21 -0.04266475067 0.01845156187 -0.2599261916 0 -0.07680701442 0.1218911295 0.02126001155 0 0.2208337506 0.1436966592 -0.02604735241 0 0.5879317548 0.2047328882 -0.137925678 1


mesh: pSphereShape22 tranform: pSphere22 -0.003274739679 0.0004290720948 -0.009438854654 0 0.002263586285 0.009734405312 -0.0003428269916 0 0.009173453939 -0.002248833109 -0.003284888503 0 0.7243394908 1.141536996 0.1665500716 1


mesh: pSphereShape23 tranform: pSphere23 -0.001693407112 -0.0005837931577 -0.009838270066 0 0.001629188764 0.009828523452 -0.0008636380709 0 0.009719985408 -0.00174908899 -0.001569258226 0 0.5364522795 1.166414587 -0.09039671772 1


mesh: pSphereShape24 tranform: pSphere24 -0.002591944623 0.0003700007734 -0.009651161718 0 0.002112789416 0.009772356965 -0.0001927699053 0 0.009424327242 -0.002089052125 -0.002611114181 0 0.5555624035 1.164123794 -0.3667780261 1


