mesh: pSphereShape1 tranform: pSphere1 0.07460191628 0.1200379645 0.03979417026 0 -0.03587594249 0.04334695048 -0.06349838759 0 -0.1139201974 0.04033443778 0.09189791344 0 2.283029824 0.1827714603 -0.6035271426 1


mesh: pSphereShape2 tranform: pSphere2 0.09536222414 0.230217506 0.07346756677 0 -0.1137536171 0.06382537372 -0.05234854765 0 -0.06062320491 -0.01218619662 0.1168766004 0 2.456874324 0.4710008976 -0.4970335787 1


mesh: pSphereShape3 tranform: pSphere3 -0.005290500944 0.2629320418 0.1306795704 0 -0.1115713743 0.0311193127 -0.06713010197 0 -0.07365649339 -0.05065443485 0.0989366141 0 2.550118205 0.890682633 -0.3359171723 1


mesh: pSphereShape4 tranform: pSphere4 -0.005736066145 -0.01197750033 0.1802554355 0 -0.03551074691 0.1441470784 0.008448176239 0 -0.1672982879 -0.04074338249 -0.008031036173 0 2.516613485 1.143363305 -0.09205114559 1


mesh: pSphereShape5 tranform: pSphere5 -0.02791304144 -0.01408412791 0.1841539812 0 -0.03477738531 0.1340118343 0.004977884329 0 -0.1689590177 -0.04277372625 -0.02888121484 0 2.473322284 1.139920844 0.1995656246 1


mesh: pSphereShape6 tranform: pSphere6 -0.03251690452 -0.2443852791 0.1011308443 0 -0.07742542623 0.03671734613 0.06383357849 0 -0.07116851017 -0.02120483288 -0.07412504762 0 2.438298522 0.8467629729 0.3616116625 1


mesh: pSphereShape7 tranform: pSphere7 -0.210835939 -0.1329810282 -0.03268439744 0 -0.05065709575 0.06668157316 0.05546842921 0 -0.0261669619 0.06722217695 -0.1047086223 0 2.195271417 0.5007430551 0.3702372127 1


mesh: pSphereShape8 tranform: pSphere8 -0.1103538177 -0.151820099 -0.02477398346 0 -0.03441938334 0.02242901253 0.01586888329 0 -0.02557794562 0.03593212951 -0.1062645221 0 1.922903158 0.2975414734 0.3018512432 1


mesh: pSphereShape10 tranform: pSphere10 -0.00948591074 -0.01633127104 0.1825101405 0 -0.005640378887 0.1540969229 0.01349565825 0 -0.2227593512 -0.00708412295 -0.01221174915 0 2.447828585 1.57019117 0.08052565211 1


mesh: pSphereShape11 tranform: pSphere11 -0.006020692508 -0.005038498597 0.07752575011 0 -0.03531739239 0.1674758025 0.008141700467 0 -0.08938054009 -0.01845286954 -0.008140617853 0 2.486812743 1.385179141 0.06648928616 1


mesh: pSphereShape12 tranform: pSphere12 -0.0354012803 -0.02400126658 0.3135319746 0 -0.02717580931 0.1632668335 0.00942982723 0 -0.1699479094 -0.02705993038 -0.02126049883 0 2.489893395 0.9503405458 0.002220645487 1


mesh: pSphereShape13 tranform: pSphere13 -0.0279787302 -0.02268988557 0.216104214 0 -0.04646044832 0.2010221636 0.0150911705 0 -0.1890585158 -0.04153049221 -0.02883765757 0 2.535494754 0.7284109563 -0.004729032826 1


mesh: pSphereShape14 tranform: pSphere14 -0.02943921198 -0.019009008 0.2187716543 0 -0.0511840442 0.2357695825 0.01359832453 0 -0.1849850746 -0.038530245 -0.02824057156 0 2.56676184 0.5369078407 -0.01870654963 1


mesh: pSphereShape15 tranform: pSphere15 0.001444056668 -0.007378055631 0.1515741761 0 0.1244448273 0.3587089314 0.01627499573 0 -0.1776997778 0.06143587058 0.004683421928 0 2.478827158 -0.008604825157 -0.2271672856 1


mesh: pSphereShape16 tranform: pSphere16 -0.0003242070179 0.002697212538 0.1001792379 0 -0.1010847575 0.3482343752 -0.009702953742 0 -0.07992923116 -0.02319150217 0.0003657323965 0 2.407406263 -0.6763428439 -0.2726878592 1


mesh: pSphereShape17 tranform: pSphere17 -0.02646924798 -0.001199278772 0.1092029473 0 -0.0312027581 0.0990350462 -0.006475492932 0 -0.2573940753 -0.08523714024 -0.06332476252 0 2.352668353 -1.187392619 -0.3172647959 1


mesh: pSphereShape18 tranform: pSphere18 -0.003255202084 -0.01866530699 0.1264311772 0 0.008917730741 0.3542616257 0.0525300101 0 -0.1459997119 0.004141929947 -0.003147547792 0 2.576632934 -0.08254341988 0.08527242321 1


mesh: pSphereShape19 tranform: pSphere19 -0.0008635811141 -0.01273457148 0.08550416814 0 -0.178570244 0.3874281881 0.0558981178 0 -0.0916376978 -0.04121766626 -0.007064286051 0 2.694883872 -0.7765536095 0.002333545231 1


mesh: pSphereShape20 tranform: pSphere20 0.01919722438 0.003663828325 0.113752113 0 -0.0362894204 0.07338172658 0.003760792537 0 -0.2307480368 -0.1162994212 0.04268776047 0 2.669328282 -1.253732445 -0.04588792587 1


mesh: pSphereShape21 tranform: pSphere21 -0.03508487567 -0.02265443392 0.2607262823 0 0.06681565169 0.1278299004 0.02009821495 0 -0.232599746 0.1247943233 -0.02045665812 0 2.651625417 0.3772914799 -0.01695995386 1


mesh: pSphereShape22 tranform: pSphere22 -0.000317358634 -0.0006626777045 0.009972970558 0 -0.002388129768 0.009694021078 0.0005681474743 0 -0.009705468546 -0.002363644136 -0.0004659041641 0 2.575855702 1.337143806 -0.2195682582 1


mesh: pSphereShape23 tranform: pSphere23 -0.0007726538264 -0.0006466058871 0.009949115885 0 -0.001105527492 0.009922966867 0.0005590505539 0 -0.009908623266 -0.001056706858 -0.0008381858904 0 2.678598968 1.322909599 0.05291271654 1


mesh: pSphereShape24 tranform: pSphere24 -0.001494360906 -0.0007540120691 0.00985892242 0 -0.002510271937 0.009673129355 0.0003593094542 0 -0.009563755553 -0.002421163828 -0.001634792168 0 2.520670726 1.299013547 0.3380083666 1


