mesh: pSphereShape1 tranform: pSphere1 0.1122294094 0.09344605754 0.01518317585 0 -0.04251872094 0.05831314294 -0.04460742453 0 -0.06159360567 0.05314669015 0.1281856536 0 2.472340975 0.192703508 -0.5630726894 1


mesh: pSphereShape2 tranform: pSphere2 0.1672632949 0.1939624766 0.04350959738 0 -0.1045710827 0.09303818765 -0.01275611575 0 -0.02361918385 -0.008749885412 0.1298051992 0 2.737915418 0.4198329545 -0.5129008085 1


mesh: pSphereShape3 tranform: pSphere3 0.02386464229 0.2486518705 0.1544057133 0 -0.1224499496 0.03654224276 -0.03992127389 0 -0.05280328415 -0.06089372939 0.1062232145 0 2.910630907 0.7929719145 -0.3617523959 1


mesh: pSphereShape4 tranform: pSphere4 -0.003464035553 -0.01359406113 0.1801987429 0 -0.0450465073 0.141370288 0.009798923157 0 -0.1642419817 -0.05184445069 -0.007068399453 0 2.897163704 1.032212124 -0.09744182435 1


mesh: pSphereShape5 tranform: pSphere5 -0.02292131436 -0.01711471097 0.1845857236 0 -0.04337221175 0.1314003884 0.006797554792 0 -0.1663787952 -0.05359191721 -0.02562945146 0 2.859163301 1.023974483 0.1951665169 1


mesh: pSphereShape6 tranform: pSphere6 -0.004736723323 -0.2361860041 0.1232992145 0 -0.08209935363 0.03293634319 0.05993729479 0 -0.06713028251 -0.03625586789 -0.07202889472 0 2.856241695 0.7372291035 0.3778496767 1


mesh: pSphereShape7 tranform: pSphere7 -0.2190959077 -0.1033964296 -0.06715786222 0 -0.04912417748 0.06914807327 0.05380222429 0 -0.004627963241 0.07596574446 -0.1018587953 0 2.634591544 0.4227153613 0.3751191853 1


mesh: pSphereShape8 tranform: pSphere8 -0.09617330046 -0.1576783161 -0.04158488586 0 -0.03783076989 0.02074298292 0.008839542895 0 -0.007330356655 0.03344022858 -0.1098431375 0 2.363343336 0.2357124211 0.2582229415 1


mesh: pSphereShape10 tranform: pSphere10 -0.01165307852 -0.02070180381 0.1819403347 0 0.008912923234 0.1534768492 0.01803399241 0 -0.2223845826 0.01439581215 -0.0126054826 0 2.863029483 1.461276577 0.08794083819 1


mesh: pSphereShape11 tranform: pSphere11 -0.005879570752 -0.007139971703 0.07737136802 0 -0.02400275098 0.1691026295 0.01378109427 0 -0.09046060531 -0.01218826958 -0.007998998143 0 2.88260988 1.273438097 0.06882541967 1


mesh: pSphereShape12 tranform: pSphere12 -0.03170678768 -0.0287192161 0.3135306951 0 -0.03866133201 0.1608466785 0.01082370538 0 -0.1677184994 -0.03893173551 -0.02052718881 0 2.884841728 0.8370777319 -0.00451264986 1


mesh: pSphereShape13 tranform: pSphere13 -0.02367396873 -0.02379462386 0.2164994934 0 -0.06926690633 0.1944427616 0.01379619765 0 -0.1831898859 -0.0633430139 -0.02699338796 0 2.951010752 0.6182793426 -0.01161212807 1


mesh: pSphereShape14 tranform: pSphere14 -0.02601525966 -0.01967035904 0.2191468219 0 -0.08155327905 0.2272142329 0.01071316385 0 -0.1784397738 -0.0627823418 -0.02681813134 0 3.006050563 0.431365929 -0.02371246522 1


mesh: pSphereShape15 tranform: pSphere15 -0.008981074796 -0.009157169739 0.1512175201 0 0.02656381305 0.378309732 0.02448669982 0 -0.1872880035 0.01381664259 -0.01028667991 0 3.037846193 -0.1344022948 -0.2420169579 1


mesh: pSphereShape16 tranform: pSphere16 -0.01376324436 0.005000246491 0.09914045795 0 -0.2860458095 0.2172328686 -0.05066686563 0 -0.04988685054 -0.06652229314 -0.003570460119 0 3.229334587 -0.7167304372 -0.2632902347 1


mesh: pSphereShape17 tranform: pSphere17 -0.04004661592 -0.01837969432 0.1033721357 0 -0.08774529612 0.04993520309 -0.02511419916 0 -0.1119475056 -0.2399839441 -0.08603817879 0 3.522163588 -1.164199321 -0.2671285526 1


mesh: pSphereShape18 tranform: pSphere18 -0.01245265012 -0.01177308559 0.1266892203 0 0.022393415 0.3558020715 0.03526539663 0 -0.1451105959 0.01045040672 -0.01329219599 0 3.026465906 -0.1824217406 0.09954546324 1


mesh: pSphereShape19 tranform: pSphere19 -0.006759826804 -0.008694294495 0.08574725557 0 -0.2027468918 0.3788182622 0.02242664964 0 -0.08849373794 -0.04666947869 -0.01170836929 0 3.146667498 -0.8702101078 0.06095079432 1


mesh: pSphereShape20 tranform: pSphere20 -0.003423214669 0.004287075474 0.1152883466 0 -0.0245283596 0.07810957193 -0.003632869088 0 -0.2497745757 -0.07864438864 -0.004492020027 0 3.131426938 -1.314994614 0.00934090627 1


mesh: pSphereShape21 tranform: pSphere21 -0.03100429968 -0.02344261463 0.2611733972 0 0.04957613718 0.1357367926 0.01806883391 0 -0.2469926195 0.09300277733 -0.02097305845 0 3.111076357 0.2842607862 -0.02025998621 1


mesh: pSphereShape22 tranform: pSphere22 -0.0001916542738 -0.0007521169672 0.009969833936 0 -0.003029418258 0.009507279417 0.0006589864232 0 -0.009528163184 -0.003007649939 -0.0004100587605 0 2.942221228 1.230423221 -0.2239460439 1


mesh: pSphereShape23 tranform: pSphere23 -0.0007545432411 -0.0009162943381 0.00992930356 0 -0.0004368963608 0.009951165731 0.0008851113844 0 -0.009961916787 -0.0003670221778 -0.0007908910506 0 3.069723846 1.19901368 0.05170393025 1


mesh: pSphereShape24 tranform: pSphere24 -0.001227122317 -0.0009162582674 0.009882036309 0 -0.00313065646 0.009484632172 0.0004906553751 0 -0.009417704654 -0.003033516665 -0.001450729367 0 2.898976651 1.184909105 0.333852134 1


