mesh: pSphereShape1 tranform: pSphere1 0.00304742401 0.144576327 0.02542702702 0 -0.04392969894 0.01346956912 -0.07132207828 0 -0.129847061 -0.01096466805 0.07790649231 0 -6.698394033 -0.07927358509 -0.05611472994 1


mesh: pSphereShape2 tranform: pSphere2 -0.02101128075 0.2573710817 0.02846382956 0 -0.09440676985 0.003800411113 -0.1040521641 0 -0.09737069257 -0.01764830254 0.08770006692 0 -6.688329972 0.2667301136 0.01272378504 1


mesh: pSphereShape3 tranform: pSphere3 -0.06007798646 0.281193035 0.05966163533 0 -0.08513217883 0.003719247102 -0.1032555717 0 -0.09922690638 -0.03826579522 0.08043229677 0 -6.736991873 0.7313658669 0.08249802355 1


mesh: pSphereShape4 tranform: pSphere4 -0.03066421223 0.01037711489 0.177821277 0 -0.00531117668 0.1482935417 -0.00956984562 0 -0.1697648204 -0.007939479429 -0.02881160048 0 -6.821951314 1.018713232 0.259137132 1


mesh: pSphereShape5 tranform: pSphere5 -0.04774061809 0.01253580276 0.1801495944 0 -0.00431953599 0.1380549463 -0.01075132531 0 -0.1707094213 -0.008816546593 -0.04462541714 0 -6.895031891 1.057336542 0.5427956215 1


mesh: pSphereShape6 tranform: pSphere6 -0.1028840462 -0.2317452249 0.08196331606 0 -0.05317362193 0.05098187201 0.07740155382 0 -0.08149686331 0.01328464095 -0.06473719215 0 -7.017138952 0.7880180155 0.6929671696 1


mesh: pSphereShape7 tranform: pSphere7 -0.1800977355 -0.1664973928 0.05520362993 0 -0.04042788857 0.06522067969 0.06481642504 0 -0.07246759689 0.04754001465 -0.09303666463 0 -7.306178224 0.4289029965 0.770207763 1


mesh: pSphereShape8 tranform: pSphere8 -0.03768156875 -0.1848991664 0.01527924863 0 -0.03477385033 0.009186980872 0.02541563937 0 -0.06678480235 0.005883813199 -0.09350223954 0 -7.518898732 0.154256464 0.8110542605 1


mesh: pSphereShape10 tranform: pSphere10 -0.04220713179 0.01861873492 0.1775909487 0 0.02420993964 0.1525413283 -0.0102386662 0 -0.214396935 0.03039310554 -0.05414105245 0 -6.825182271 1.468077986 0.3584025999 1


mesh: pSphereShape11 tranform: pSphere11 -0.01642227637 0.007930887913 0.07575808203 0 -0.003021310274 0.17032585 -0.0184858431 0 -0.08955525437 -0.003654001275 -0.01903059878 0 -6.823715389 1.279282503 0.3814195527 1


mesh: pSphereShape12 tranform: pSphere12 -0.05216385454 0.01637309349 0.3116768593 0 0.00789952297 0.1654291733 -0.007368265188 0 -0.1708251082 0.006867703893 -0.02895095155 0 -6.90191232 0.8476948141 0.3687261415 1


mesh: pSphereShape13 tranform: pSphere13 -0.02822135953 0.006621085134 0.2171598205 0 0.001510161992 0.2067767771 -0.006108256201 0 -0.1940669146 0.0006717167682 -0.02524076346 0 -6.906825486 0.6227579586 0.3876719187 1


mesh: pSphereShape14 tranform: pSphere14 -0.02073790429 0.002102577431 0.2205777977 0 0.004583883057 0.2415936686 -0.001871943918 0 -0.1901806208 0.003469599692 -0.01791314745 0 -6.920865536 0.428815883 0.3912233707 1


mesh: pSphereShape15 tranform: pSphere15 0.01509145329 0.01384376011 0.1503723718 0 0.106826187 0.3620374605 -0.04405145763 0 -0.1795233112 0.05455299515 0.01299473476 0 -7.04082993 -0.1387242845 0.2496691637 1


mesh: pSphereShape16 tranform: pSphere16 0.009097181659 0.01472820891 0.09870957862 0 -0.07498821712 0.3519609054 -0.04560420957 0 -0.08107751648 -0.0159967909 0.009859032809 0 -7.119487073 -0.8195879786 0.3003590418 1


mesh: pSphereShape17 tranform: pSphere17 -0.008593372302 0.00291088349 0.1120045703 0 -0.01409277516 0.10300851 -0.003758330876 0 -0.2750475043 -0.03836329619 -0.02010555921 0 -7.22757366 -1.304799251 0.3260202211 1


mesh: pSphereShape18 tranform: pSphere18 0.00567406721 0.01066993967 0.1272705383 0 0.1804982086 0.3075968413 -0.03383500032 0 -0.1260275691 0.07388977299 -0.0005760211578 0 -7.129101533 -0.1348797054 0.5951443615 1


mesh: pSphereShape19 tranform: pSphere19 0.007367352369 0.00155576154 0.08612304905 0 -0.3070798352 0.3006331244 0.02083822994 0 -0.07002842313 -0.07203552634 0.007291824631 0 -7.103261044 -0.7022170191 0.6358355461 1


mesh: pSphereShape20 tranform: pSphere20 0.03854156197 0.03273487886 0.1037519927 0 -0.05541373596 0.06035630697 0.001541903319 0 -0.171993682 -0.1608377569 0.1146378911 0 -6.960257652 -1.14413276 0.6799405327 1


mesh: pSphereShape21 tranform: pSphere21 -0.02471488688 0.002505796276 0.2628787962 0 0.09513559459 0.1099801147 0.007895949489 0 -0.198916817 0.1735295142 -0.02035552627 0 -6.874540405 0.2543664181 0.4014030767 1


mesh: pSphereShape22 tranform: pSphere22 -0.001696555141 0.0005741333738 0.00983829617 0 -0.0003571814236 0.009972874473 -0.0006435807521 0 -0.009848559391 -0.0004605926865 -0.001671446168 0 -6.70793914 1.181057951 0.1250977603 1


mesh: pSphereShape23 tranform: pSphere23 -0.002107520798 0.001017795027 0.00972226565 0 0.0007722124452 0.009931903086 -0.0008723468463 0 -0.00974484705 0.0005669165409 -0.00217176463 0 -6.647397723 1.183292496 0.4046956013 1


mesh: pSphereShape24 tranform: pSphere24 -0.002555855958 0.0006711204725 0.009644542376 0 -0.0003117891089 0.009964965863 -0.000776043109 0 -0.009662835395 -0.0004990517677 -0.002525976932 0 -6.826779257 1.216994474 0.6715188848 1


