mesh: pSphereShape1 tranform: pSphere1 0.08580037795 0.1108777505 -0.0436182807 0 0.0617877947 -0.02770477692 0.05111555882 0 0.05434653818 -0.08629854701 -0.1124674144 0 -1.540334694 -0.004325958117 0.56609985 1


mesh: pSphereShape2 tranform: pSphere2 0.15685187 0.1980109823 -0.06066859952 0 0.08418345686 -0.0337922467 0.1073553158 0 0.06955611363 -0.07947407486 -0.07955900058 0 -1.355822107 0.2735302726 0.4520835484 1


mesh: pSphereShape3 tranform: pSphere3 0.175838783 0.2114965077 -0.1028996975 0 0.08369630467 -0.01965570402 0.1026236603 0 0.06675345147 -0.09041179237 -0.07175854595 0 -1.086287403 0.6396431902 0.3159099178 1


mesh: pSphereShape4 tranform: pSphere4 0.01417157948 0.006320967528 -0.1800766412 0 0.04025992811 0.1429087624 0.00818467297 0 0.1653856078 -0.0472425001 0.01135714751 0 -0.9073634565 0.8659499635 0.09968380274 1


mesh: pSphereShape5 tranform: pSphere5 0.03308130002 0.004680863114 -0.1837767843 0 0.03965914644 0.132325822 0.01050935345 0 0.1663558085 -0.05213103238 0.0286175874 0 -0.8530659679 0.8915399931 -0.1892544257 1


mesh: pSphereShape6 tranform: pSphere6 0.08910544483 -0.2286636154 -0.1038370458 0 0.030729216 0.05200071599 -0.08814321697 0 0.09416819792 0.01718373627 0.04296736168 0 -0.7638280427 0.6255396255 -0.3638471362 1


mesh: pSphereShape7 tranform: pSphere7 0.248464135 -0.01594807749 -0.03486042657 0 -0.005416528015 0.07083371966 -0.07101102429 0 0.01813571573 0.0897903695 0.08818283233 0 -0.4205232028 0.4175845877 -0.4475596807 1


mesh: pSphereShape8 tranform: pSphere8 0.1687374108 -0.08144681249 0.02711384762 0 0.01581853322 0.02101238259 -0.03532463438 0 0.03183999985 0.08817089375 0.06670536551 0 -0.07680047175 0.3682818436 -0.4617422358 1


mesh: pSphereShape10 tranform: pSphere10 0.01486894343 0.005225959959 -0.1828065868 0 -0.009672603016 0.1544444354 0.003628419851 0 0.2220345179 0.01347232997 0.01844476504 0 -0.873693183 1.31343789 -0.02627520405 1


mesh: pSphereShape11 tranform: pSphere11 0.00514259225 0.002910484342 -0.07769787618 0 0.01939846572 0.1700789573 0.007654913763 0 0.0908377267 -0.01061326302 0.005614717866 0 -0.8944068637 1.124765538 -0.03557590387 1


mesh: pSphereShape12 tranform: pSphere12 0.01184593594 0.01111410897 -0.3160186085 0 0.03277499764 0.1623612007 0.00693867557 0 0.1698506569 -0.03450708433 0.005153255096 0 -0.881811309 0.6829529166 -0.0184423149 1


mesh: pSphereShape13 tranform: pSphere13 -0.001636308915 -0.008238580368 -0.2189249183 0 0.05360314185 0.1996504457 -0.007913889177 0 0.1890131908 -0.05072752865 0.0004962379493 0 -0.9359670655 0.4629902823 -0.02932403699 1


mesh: pSphereShape14 tranform: pSphere14 -0.01382585454 -0.006739935205 -0.2210259382 0 0.05681981788 0.2346249031 -0.01070887517 0 0.185313999 -0.045344024 -0.01020924797 0 -0.9727122833 0.272568275 -0.0239113204 1


mesh: pSphereShape15 tranform: pSphere15 -0.04335386175 -0.006903315508 -0.1452722918 0 -0.2107376405 0.3125789049 0.04803710085 0 0.147001116 0.1066273042 -0.04893670978 0 -0.7697182476 -0.2377927513 0.09832634789 1


mesh: pSphereShape16 tranform: pSphere16 -0.02954316682 0.000197466483 -0.09576232069 0 -0.05690683695 0.3577798262 0.01829381001 0 0.07844890594 0.01371375967 -0.02417361119 0 -0.4656512835 -0.8586692314 0.06036007982 1


mesh: pSphereShape17 tranform: pSphere17 -0.01482610872 0.01219301203 -0.1107197363 0 -0.01909547515 0.1013443434 0.01371755785 0 0.2712299558 0.05519887433 -0.03024071756 0 -0.1898883164 -1.280154332 0.02291874521 1


mesh: pSphereShape18 tranform: pSphere18 -0.02399104017 -0.006645477266 -0.1253957743 0 0.06420910859 0.3510885459 -0.03089094729 0 0.1410876808 -0.02804718526 -0.02550686659 0 -1.122156293 -0.3206947963 -0.166842699 1


mesh: pSphereShape19 tranform: pSphere19 -0.0194806195 -0.00578404639 -0.08402932895 0 0.3578492912 0.2178553627 -0.09795641008 0 0.05110920782 -0.08659937069 -0.005887756804 0 -1.462671781 -0.8817516578 -0.07745717848 1


mesh: pSphereShape20 tranform: pSphere20 -0.03457380821 0.005097494428 -0.1100007619 0 0.05934966534 0.0541564702 -0.01614426674 0 0.1626720122 -0.1962233775 -0.06022175129 0 -1.66699112 -1.269602869 -0.004105501297 1


mesh: pSphereShape21 tranform: pSphere21 -0.01647728846 -0.00803247685 -0.2634128783 0 -0.06437138153 0.1306333662 4.311228685e-05 0 0.2369113349 0.1167473728 -0.0183796138 0 -1.062520484 0.1157953721 -0.01766600438 1


mesh: pSphereShape22 tranform: pSphere22 0.0007840692544 0.0003497194018 -0.009963078427 0 0.002707516489 0.009610743206 0.0005504266417 0 0.009594508318 -0.002740677173 0.0006588617213 0 -0.966831251 1.04764969 0.2438015589 1


mesh: pSphereShape23 tranform: pSphere23 0.000659964543 0.0003735113296 -0.009971205348 0 0.0001654694622 0.009991207693 0.0003852125309 0 0.009976826482 -0.0001904156599 0.00065320381 0 -1.079289597 1.043651782 -0.02648147511 1


mesh: pSphereShape24 tranform: pSphere24 0.001771050337 0.0002505960827 -0.009838728694 0 0.002862643108 0.00955143104 0.0007585772995 0 0.009416403514 -0.002950824746 0.001619869801 0 -0.8904180489 1.066277309 -0.310870413 1


