mesh: pSphereShape1 tranform: pSphere1 -0.02311724337 0.1423402368 0.02762218105 0 -0.0666468854 -0.0006366907525 -0.05249641781 0 -0.09085617378 -0.03722727558 0.1157980586 0 4.428300267 -0.06398772799 -0.5214393797 1


mesh: pSphereShape2 tranform: pSphere2 -0.06506939236 0.2498956903 0.02845444333 0 -0.09369775149 -0.01255504596 -0.1040049824 0 -0.09282578555 -0.0341622761 0.08775037618 0 4.379650466 0.2781817038 -0.4501801046 1


mesh: pSphereShape3 tranform: pSphere3 -0.08914877149 0.272251171 0.06457704352 0 -0.08650038241 -0.004107475318 -0.1020972392 0 -0.09337368002 -0.04981511931 0.08111358804 0 4.267562549 0.7326019861 -0.3761266132 1


mesh: pSphereShape4 tranform: pSphere4 -0.01126118679 0.01257854441 0.1799537465 0 -0.02408305151 0.146264012 -0.01173074834 0 -0.1697600636 -0.0286432249 -0.008621158152 0 4.168420591 1.01283588 -0.1927776602 1


mesh: pSphereShape5 tranform: pSphere5 -0.03015905326 0.01199805694 0.1839474584 0 -0.02203472222 0.1362047019 -0.01249671047 0 -0.1720688389 -0.03024409477 -0.02623881268 0 4.121920893 1.051185612 0.09644722068 1


mesh: pSphereShape6 tranform: pSphere6 -0.04780646912 -0.2409847485 0.1031981293 0 -0.05885505431 0.04471888716 0.07716145144 0 -0.08552656754 -0.008788313976 -0.06014229995 0 4.065863 0.771641409 0.2692379717 1


mesh: pSphereShape7 tranform: pSphere7 -0.1392026247 -0.1948014794 0.07667483154 0 -0.04988114732 0.06039390749 0.06287898909 0 -0.08499231047 0.0248149592 -0.09125761074 0 3.861891065 0.3682167 0.3872960381 1


mesh: pSphereShape8 tranform: pSphere8 0.001873567111 -0.1889868884 0.01102286612 0 -0.03025367329 0.001564541391 0.03196628649 0 -0.08360283579 -0.005428300482 -0.07885808319 0 3.713285993 0.0592979316 0.4562600074 1


mesh: pSphereShape10 tranform: pSphere10 -0.01014141135 0.003712569899 0.1831666261 0 -0.009816027242 0.154434316 -0.003673685416 0 -0.222415122 -0.01442295054 -0.01202215206 0 4.08560234 1.4563629 -0.06816162626 1


mesh: pSphereShape11 tranform: pSphere11 -0.006888845501 0.002996338923 0.07755928634 0 -0.03923154544 0.1665061123 -0.00991717223 0 -0.0888253822 -0.02134948044 -0.007064712444 0 4.129681214 1.272033885 -0.0612468787 1


mesh: pSphereShape12 tranform: pSphere12 -0.04308658517 0.02019949959 0.3128372371 0 -0.01708104831 0.1643885711 -0.01296690559 0 -0.1708505759 -0.01950924399 -0.02227129669 0 4.126377139 0.8359054027 -0.07464469937 1


mesh: pSphereShape13 tranform: pSphere13 -0.02990380282 0.02070507099 0.2160456761 0 -0.03179514355 0.2030175367 -0.02385740046 0 -0.1915235419 -0.03274154484 -0.02337175319 0 4.156888537 0.6135628615 -0.04436417512 1


mesh: pSphereShape14 tranform: pSphere14 -0.03273154416 0.0201789755 0.2181983073 0 -0.03357893646 0.2377689384 -0.02702598428 0 -0.1870831593 -0.02930270508 -0.02535410192 0 4.174051234 0.4209655669 -0.02431017678 1


mesh: pSphereShape15 tranform: pSphere15 -0.02006376349 0.01566116982 0.1496109121 0 -0.04401430835 0.3747656045 -0.04513280721 0 -0.1851505879 -0.02442729548 -0.02227282447 0 4.26437997 -0.17846343 -0.1515267655 1


mesh: pSphereShape16 tranform: pSphere16 -0.01474261285 0.0132072 0.09824197167 0 -0.1571676773 0.3200632328 -0.06661309047 0 -0.07400274629 -0.03759847414 -0.006050604046 0 4.424005057 -0.8575460884 -0.08655266811 1


mesh: pSphereShape17 tranform: pSphere17 -0.02553439863 0.01177624878 0.1087964039 0 -0.03443984213 0.09640775409 -0.01851828077 0 -0.2550061778 -0.1005026426 -0.04897115237 0 4.437869919 -1.348580588 -0.05009592162 1


mesh: pSphereShape18 tranform: pSphere18 -0.02195288123 0.02223956001 0.1239649368 0 0.1819866115 0.3077224504 -0.02297812193 0 -0.123312326 0.07035363089 -0.03445889421 0 3.98064613 -0.131899998 0.1804409808 1


mesh: pSphereShape19 tranform: pSphere19 -0.01292679924 0.01128486646 0.08473150242 0 -0.1740322179 0.3856865571 -0.07791790121 0 -0.09088087219 -0.04266110996 -0.008183188556 0 3.89988724 -0.7628129657 0.2818929126 1


mesh: pSphereShape20 tranform: pSphere20 0.01731068246 0.03092409843 0.1098432551 0 -0.01630689072 0.07794054268 -0.01937267432 0 -0.253640732 -0.04031104477 0.0513211019 0 3.846652212 -1.19038053 0.3706072488 1


mesh: pSphereShape21 tranform: pSphere21 -0.03900859025 0.0240487703 0.2600429824 0 0.07597980865 0.124240948 -9.220321165e-05 0 -0.2224532674 0.1360076562 -0.04594780882 0 4.246756273 0.2582192348 0.005853851624 1


mesh: pSphereShape22 tranform: pSphere22 -0.000623046312 0.000695931597 0.009956279049 0 -0.001619606942 0.009836386774 -0.0007889034096 0 -0.009848283437 -0.001661678203 -0.0005001388857 0 4.246183485 1.18287406 -0.3423138983 1


mesh: pSphereShape23 tranform: pSphere23 -0.000884066547 0.0003845293098 0.009953419691 0 -0.001338752676 0.009897296098 -0.0005012696186 0 -0.009870469473 -0.001376832294 -0.0008235078743 0 4.322995856 1.213310118 -0.06622118466 1


mesh: pSphereShape24 tranform: pSphere24 -0.001614604064 0.0006423315519 0.009847865956 0 -0.001590491761 0.009831413082 -0.0009020270303 0 -0.009739783862 -0.001711936618 -0.001485221647 0 4.183250033 1.221451798 0.2146289379 1


