mesh: pSphereShape1 tranform: pSphere1 0.05142584237 0.1348526892 -0.02698647403 0 0.01822044057 0.00952395274 0.08231279646 0 0.1384167511 -0.05758317809 -0.02397676675 0 0.09353501523 0.01472024448 1.278520048 1


mesh: pSphereShape2 tranform: pSphere2 0.09524699304 0.240772334 -0.02117146004 0 0.01215019916 0.00748827334 0.1398221463 0 0.1224868858 -0.04915894336 -0.00801106607 0 0.2122524258 0.3380790493 1.202148983 1


mesh: pSphereShape3 tranform: pSphere3 0.141321055 0.2551397607 -0.03421198686 0 0.007645055833 0.01359489811 0.1329652798 0 0.1166366605 -0.06461798464 -9.941591412e-05 0 0.3963129957 0.7707339904 1.14608497 1


mesh: pSphereShape4 tranform: pSphere4 0.1084087082 -0.01591193447 -0.1437454254 0 0.0249595844 0.1465640642 0.002599863728 0 0.1348581468 -0.02481896382 0.1044535168 0 0.608928263 1.016338193 1.016212292 1


mesh: pSphereShape5 tranform: pSphere5 0.1292124915 -0.01706580742 -0.1338023901 0 0.02030213795 0.1370281373 0.002128467393 0 0.1249215756 -0.0204227384 0.1232411359 0 0.8102706603 1.009138526 0.8005818543 1


mesh: pSphereShape6 tranform: pSphere6 0.1206956769 -0.2375036923 -0.005788878323 0 0.08653584865 0.04503878084 -0.04359634154 0 0.03911589977 0.0175438854 0.0957668154 0 0.9725961752 0.7236896238 0.7476690746 1


mesh: pSphereShape7 tranform: pSphere7 0.1842734968 -0.1579923558 0.06546534005 0 0.06760334866 0.06170812043 -0.04136683831 0 0.01256737392 0.06066660767 0.1110362571 0 1.253531475 0.371612545 0.8587908579 1


mesh: pSphereShape8 tranform: pSphere8 0.04042033552 -0.1793437273 0.04520046216 0 0.04089938229 0.005326024388 -0.01544182639 0 0.03489384931 0.0341235528 0.1041897323 0 1.464830358 0.1122236727 0.9612990152 1


mesh: pSphereShape10 tranform: pSphere10 0.09966784741 -0.005515796105 -0.1539562941 0 0.01120055947 0.1543742097 0.001720221894 0 0.1867082848 -0.01489938002 0.1214045511 0 0.7571135219 1.441304881 0.9333310437 1


mesh: pSphereShape11 tranform: pSphere11 0.04540542152 -1.539681412e-05 -0.06332633415 0 0.02953551226 0.1674594094 0.02113645232 0 0.0727705263 -0.01942112831 0.05218169485 0 0.7152080811 1.257741854 0.9131721541 1


mesh: pSphereShape12 tranform: pSphere12 0.1992392159 -0.02898909725 -0.2441208259 0 0.01983231276 0.1645567678 -0.003354804736 0 0.1331038974 -0.01379354631 0.1102707174 0 0.6961081167 0.8234322472 0.9654195976 1


mesh: pSphereShape13 tranform: pSphere13 0.1378058933 -0.02846804266 -0.1679219398 0 0.03134280858 0.2042900686 -0.008911966207 0 0.1492224116 -0.01742309807 0.1254138039 0 0.6686396566 0.6007204374 0.9641128067 1


mesh: pSphereShape14 tranform: pSphere14 0.1377112747 -0.0216513869 -0.1722087936 0 0.0276653911 0.2399207798 -0.008041292936 0 0.148059499 -0.0130494925 0.120040339 0 0.652563877 0.4079052104 0.9779581627 1


mesh: pSphereShape15 tranform: pSphere15 0.06694547928 -0.01123832718 -0.1357322904 0 -0.1027177644 0.3569837043 -0.08021959698 0 0.1609530296 0.06297945908 0.07417022077 0 0.6371595181 -0.1509166901 1.200074155 1


mesh: pSphereShape16 tranform: pSphere16 0.04458863927 -0.002718157784 -0.08970911118 0 0.03269321959 0.3612235717 0.005304740015 0 0.07415662225 -0.007256198045 0.03707835611 0 0.7248309407 -0.8270712945 1.324645557 1


mesh: pSphereShape17 tranform: pSphere17 0.07607132208 -0.004440623782 -0.08258800076 0 0.005643681495 0.103882065 -0.0003872094647 0 0.2043768983 -0.01039957458 0.1888095282 0 0.8268808108 -1.300787459 1.467323972 1


mesh: pSphereShape18 tranform: pSphere18 0.06619994116 -0.02219559518 -0.1070922776 0 0.05512069187 0.351841932 -0.03884831496 0 0.1229422976 -0.01062614257 0.07820009635 0 0.670042629 -0.2072061869 0.8694519356 1


mesh: pSphereShape19 tranform: pSphere19 0.0440508057 -0.01431285031 -0.07299689504 0 0.1784251898 0.3902647304 0.03115163594 0 0.07594077564 -0.03898759072 0.05347180727 0 0.4882477037 -0.9019961601 0.8773364241 1


mesh: pSphereShape20 tranform: pSphere20 0.04517175261 0.004115177666 -0.1061323624 0 0.003057694568 0.0817716022 0.004472020436 0 0.240812147 -0.01457909885 0.1019284872 0 0.5138110433 -1.309280734 0.9616268798 1


mesh: pSphereShape21 tranform: pSphere21 0.1641206618 -0.02580355134 -0.2052338941 0 -0.05962701717 0.1172862501 -0.06242841785 0 0.1768185151 0.1547956393 0.1219354854 0 0.5963314909 0.2385570171 0.948951817 1


mesh: pSphereShape22 tranform: pSphere22 0.005997915416 -0.0008803576634 -0.007952985669 0 0.00167855457 0.009856565549 0.0001748431814 0 0.007823520002 -0.001439821505 0.006059657483 0 0.4755933763 1.20691888 1.072974486 1


mesh: pSphereShape23 tranform: pSphere23 0.005827016183 -1.9759201e-06 -0.00812686154 0 0.0009454643473 0.009932261119 0.0006754896303 0 0.008071677618 -0.001161974685 0.005787731444 0 0.5459709452 1.195747248 0.8217432972 1


mesh: pSphereShape24 tranform: pSphere24 0.006917558452 -0.0009136401521 -0.007163284633 0 0.001465431823 0.009890849599 0.0001536352408 0 0.007071060362 -0.001156008602 0.006975940759 0 0.8377741393 1.156091381 0.6444819731 1


