mesh: pSphereShape1 tranform: pSphere1 -0.06360315273 0.1295082792 0.02720991368 0 -0.0611522546 -0.01828951445 -0.05589259352 0 -0.08215578799 -0.06360610657 0.1107004717 0 -1.82709947 -0.1015388297 -0.2313490747 1


mesh: pSphereShape2 tranform: pSphere2 -0.1226121928 0.2268763627 0.03138317068 0 -0.08807751969 -0.03316071268 -0.1043870291 0 -0.08199482611 -0.05635956437 0.08708768045 0 -1.962187566 0.215792441 -0.1578139116 1


mesh: pSphereShape3 tranform: pSphere3 -0.1514762819 0.2423108414 0.06766675898 0 -0.08306018537 -0.0233363726 -0.1023691999 0 -0.07877359762 -0.0716541121 0.08024969119 0 -2.179233972 0.6294687121 -0.07846688966 1


mesh: pSphereShape4 tranform: pSphere4 -0.03852263786 0.0122227248 0.1761675236 0 -0.03549084744 0.1433099416 -0.01770382519 0 -0.1633119371 -0.04447479454 -0.03262578324 0 -2.355709454 0.8839543037 0.1003827653 1


mesh: pSphereShape5 tranform: pSphere5 -0.05441835722 0.01070723563 0.1783653185 0 -0.03401449817 0.133038333 -0.01836391693 0 -0.1633413427 -0.04824137528 -0.04693869771 0 -2.444747845 0.9195083751 0.3800725709 1


mesh: pSphereShape6 tranform: pSphere6 -0.08218820222 -0.2245656354 0.1175769373 0 -0.04757586015 0.05746459967 0.0764979947 0 -0.08820072004 0.00255518279 -0.056773484 0 -2.538063173 0.6583403748 0.5674615461 1


mesh: pSphereShape7 tranform: pSphere7 -0.2412510282 0.05318886204 -0.04661441021 0 0.003484207354 0.07463660321 0.06713090159 0 0.03549697414 0.08072936485 -0.09159782222 0 -2.857163346 0.5121411522 0.5829413667 1


mesh: pSphereShape8 tranform: pSphere8 -0.168869124 -0.02026105876 -0.08314906063 0 -0.0153444199 0.03443102437 0.02277343513 0 0.03313908726 0.07067489118 -0.08452430736 0 -3.178576357 0.5689835734 0.4748494907 1


mesh: pSphereShape10 tranform: pSphere10 -0.02190547944 0.008162370063 0.1819894777 0 0.01274851928 0.1541698338 -0.005380139675 0 -0.220846088 0.01730731973 -0.02735876959 0 -2.395094132 1.335559052 0.2126907896 1


mesh: pSphereShape11 tranform: pSphere11 -0.01052193068 0.005985064153 0.07697626335 0 -0.01336012965 0.1701662251 -0.01505698096 0 -0.09050712371 -0.008144559789 -0.01173821551 0 -2.377910446 1.147148725 0.223376148 1


mesh: pSphereShape12 tranform: pSphere12 -0.05264222804 0.02229136747 0.3112290174 0 -0.03059185867 0.1620678803 -0.0167822985 0 -0.1679601492 -0.03439082602 -0.02594609592 0 -2.398886508 0.7047499882 0.2202173111 1


mesh: pSphereShape13 tranform: pSphere13 -0.02262682821 0.002015706392 0.2179051058 0 -0.05043578898 0.2005047708 -0.007091897527 0 -0.1887180653 -0.04814827789 -0.01915071442 0 -2.349344339 0.4855257704 0.2471916254 1


mesh: pSphereShape14 tranform: pSphere14 -0.009302060194 -0.0006031686711 0.221364302 0 -0.0537670485 0.2355812071 -0.001617465484 0 -0.1860916751 -0.04252646467 -0.007935726667 0 -2.315518562 0.2945036022 0.2523968027 1


mesh: pSphereShape15 tranform: pSphere15 0.0319992627 0.007482884739 0.1481597296 0 0.1992798471 0.3181465783 -0.05910825011 0 -0.1551582912 0.1024522577 0.02833639409 0 -2.485862057 -0.2219560952 0.1408732884 1


mesh: pSphereShape16 tranform: pSphere16 0.02180488853 0.01061120821 0.09723789827 0 0.02123509571 0.3594353747 -0.04398565345 0 -0.08108644609 0.006923192341 0.01742754125 0 -2.745604924 -0.8542021829 0.2088989871 1


mesh: pSphereShape17 tranform: pSphere17 0.004710003368 0.01487042393 0.1112835541 0 0.009203415058 0.1026632577 -0.01410805301 0 -0.2770996009 0.02597572977 0.008257014682 0 -2.97868302 -1.300620859 0.2593626358 1


mesh: pSphereShape18 tranform: pSphere18 0.02149337288 -0.009049118195 0.1256979752 0 -0.06724060598 0.3499609286 0.03669164294 0 -0.1413782818 -0.02947616534 0.02205256544 0 -2.186774403 -0.3012308103 0.396732672 1


mesh: pSphereShape19 tranform: pSphere19 0.01804332454 -0.007472620166 0.08421684059 0 -0.369365682 0.1983040816 0.09673167381 0 -0.04718399585 -0.0889664653 0.002215038538 0 -1.834517362 -0.8465626792 0.3016649885 1


mesh: pSphereShape20 tranform: pSphere20 0.02470796363 0.01188405244 0.1121150574 0 -0.07087473695 0.03952302913 0.01143001396 0 -0.1189325606 -0.2278404099 0.05036119938 0 -1.579953895 -1.237268927 0.2222300876 1


mesh: pSphereShape21 tranform: pSphere21 -0.01108594978 -0.0007188404992 0.2638161313 0 0.06616288805 0.1296973609 0.003133660422 0 -0.2355917972 0.1204143896 -0.009571818369 0 -2.228131664 0.1364175311 0.2597849095 1


mesh: pSphereShape22 tranform: pSphere22 -0.0021313373 0.0006762452088 0.009746799153 0 -0.002386791511 0.009637722873 -0.001190598217 0 -0.009474208547 -0.002580114387 -0.001892718192 0 -2.272957227 1.059906702 -0.03930960901 1


mesh: pSphereShape23 tranform: pSphere23 -0.001350311445 0.0007680815309 0.009878598573 0 0.0001817637155 0.00997015195 -0.0007503546068 0 -0.009906746234 7.823583678e-05 -0.001360241964 0 -2.195535999 1.060354588 0.2304552801 1


mesh: pSphereShape24 tranform: pSphere24 -0.00291335739 0.000573225758 0.009549018847 0 -0.00245520586 0.009602860908 -0.001325528786 0 -0.009245772704 -0.002730654611 -0.002656917856 0 -2.416636078 1.096446508 0.5009914758 1


