mesh: pSphereShape1 tranform: pSphere1 -0.01288255721 0.1370457728 0.05109433158 0 -0.08067517461 -0.01548960822 0.02120553775 0 0.04506462164 -0.04690864046 0.1371811359 0 4.353665919 -0.1048053206 -0.7469355368 1


mesh: pSphereShape2 tranform: pSphere2 -0.04035380729 0.2435542895 0.08089756176 0 -0.1386266491 -0.01821542459 -0.01431029889 0 -0.00728519083 -0.04270270022 0.1249288657 0 4.344216639 0.2295175177 -0.6353393896 1


mesh: pSphereShape3 tranform: pSphere3 -0.02064647501 0.2682371914 0.1177324524 0 -0.1329610876 -0.003552230758 -0.01522381751 0 -0.01243151603 -0.05415762766 0.1212106149 0 4.302639739 0.6769594565 -0.4823563311 1


mesh: pSphereShape4 tranform: pSphere4 0.1360542129 0.02715162651 0.1158465594 0 -0.02741959243 0.1461326078 -0.0020474231 0 -0.1089339709 -0.01858631967 0.1322920126 0 4.374540116 0.9672412042 -0.2933286484 1


mesh: pSphereShape5 tranform: pSphere5 0.1217560306 0.02831268322 0.1387949938 0 -0.02671428605 0.1358728459 -0.004281850502 0 -0.1295729859 -0.02175377625 0.118103685 0 4.569163332 1.030898428 -0.0816402373 1


mesh: pSphereShape6 tranform: pSphere6 0.07675758452 -0.2144415942 0.1383186078 0 0.01259779674 0.06066260665 0.08705704767 0 -0.09971285262 -0.01820288334 0.02711321673 0 4.693741126 0.7829146184 0.1102065583 1


mesh: pSphereShape7 tranform: pSphere7 -0.01007804747 -0.1715921549 0.1834627543 0 0.00591116581 0.07307005597 0.06866691508 0 -0.1268284434 0.008945077867 0.001399314617 0 4.699225423 0.4168471572 0.4002046184 1


mesh: pSphereShape8 tranform: pSphere8 0.02563319064 -0.1850994597 0.03036753807 0 0.00819587228 0.008108357337 0.04250480241 0 -0.1119659436 -0.01160037153 0.02380245228 0 4.692472852 0.1323808692 0.6035211923 1


mesh: pSphereShape10 tranform: pSphere10 0.1351128056 0.02601689921 0.1213849045 0 -0.009666448133 0.152910882 -0.02201431956 0 -0.1503718107 0.01415441514 0.1643441852 0 4.420878225 1.425318511 -0.2316092501 1


mesh: pSphereShape11 tranform: pSphere11 0.05543632237 0.01212054667 0.05340209404 0 -0.03121621925 0.1683850083 -0.005812617727 0 -0.06219078437 -0.00922840424 0.06665434641 0 4.455722925 1.238783759 -0.2283971663 1


mesh: pSphereShape12 tranform: pSphere12 0.2108117793 0.04750212404 0.2311569866 0 -0.02466196017 0.1635593057 -0.01111964107 0 -0.1267149346 -0.01109491398 0.1178421349 0 4.445185319 0.8028141241 -0.1730938935 1


mesh: pSphereShape13 tranform: pSphere13 0.1452939128 0.03584193786 0.1600115807 0 -0.04435636495 0.2020000799 -0.004970668275 0 -0.1403361209 -0.02752843752 0.1335944347 0 4.493607376 0.5810188039 -0.1584235576 1


mesh: pSphereShape14 tranform: pSphere14 0.1459935999 0.03411369428 0.1631293076 0 -0.0464889282 0.2369968537 -0.007955359149 0 -0.1389310599 -0.02291794901 0.1291298405 0 4.524251189 0.3898033094 -0.1453562945 1


mesh: pSphereShape15 tranform: pSphere15 0.1059339753 0.03150761035 0.104002477 0 -0.05523279524 0.3717473514 -0.05636251461 0 -0.1318731466 0.0007381705365 0.1340986203 0 4.476056668 -0.2143332666 -0.2134837251 1


mesh: pSphereShape16 tranform: pSphere16 0.06890459531 0.02331764235 0.06893260523 0 -0.1338812634 0.336534898 0.01998813016 0 -0.05204405518 -0.02428200827 0.06023671572 0 4.604360069 -0.9046480107 -0.1770923791 1


mesh: pSphereShape17 tranform: pSphere17 0.08550929754 0.02323705598 0.06910529876 0 -0.01980521422 0.1016735017 -0.009681788633 0 -0.1727008096 -0.01287934133 0.2180267383 0 4.630740016 -1.355733986 -0.04544649401 1


mesh: pSphereShape18 tranform: pSphere18 0.07715830395 0.02769758211 0.09809828061 0 0.06702753027 0.321354661 -0.1434528472 0 -0.1132318491 0.05628113632 0.07317076298 0 4.593518036 -0.167133635 0.139901787 1


mesh: pSphereShape19 tranform: pSphere19 0.05394538841 0.01615348308 0.0655960205 0 -0.168921117 0.3934615626 0.04202603372 0 -0.06805591892 -0.03614660468 0.06486973622 0 4.652665341 -0.8192571601 0.2865705638 1


mesh: pSphereShape20 tranform: pSphere20 0.09856132299 0.03005757479 0.05199719301 0 -0.02538168473 0.0778593597 0.00310380023 0 -0.1095150611 -0.04501384412 0.2336079237 0 4.69260595 -1.255093892 0.427055731 1


mesh: pSphereShape21 tranform: pSphere21 0.1739913183 0.04065580028 0.1944132023 0 0.04646111699 0.1207612884 -0.06683433871 0 -0.1803491285 0.1422511103 0.1316569532 0 4.596912499 0.2261934503 -0.1705437494 1


mesh: pSphereShape22 tranform: pSphere22 0.007527454893 0.001502214738 0.006409428502 0 -0.001843992329 0.009827549718 -0.0001376910507 0 -0.006319581879 -0.001078247382 0.007674650966 0 4.298562129 1.120011385 -0.4612862449 1


mesh: pSphereShape23 tranform: pSphere23 0.007114312273 0.001555466709 0.006853253549 0 -0.001155045074 0.009878161051 -0.001042978969 0 -0.006931986134 -4.957386751e-05 0.007207295656 0 4.574490132 1.153176921 -0.3677154883 1


mesh: pSphereShape24 tranform: pSphere24 0.006518367144 0.001515756247 0.007430570152 0 -0.001928268097 0.009807459332 -0.0003090689267 0 -0.007334348773 -0.001231350663 0.006685140509 0 4.695421654 1.205953056 -0.07008735071 1


