mesh: pSphereShape1 tranform: pSphere1 -0.0431477611 0.1331507085 -0.04435419226 0 0.06665934822 0.03471390806 0.0393644824 0 0.08264595841 -0.01533369222 -0.1264295384 0 2.079512914 -0.0391475397 1.873026475 1


mesh: pSphereShape2 tranform: pSphere2 -0.04954959521 0.2446954428 -0.0718367253 0 0.120673211 0.04168920255 0.05877006643 0 0.06292251087 -0.02084696873 -0.11441144 0 1.968150466 0.2768314326 1.762190217 1


mesh: pSphereShape3 tranform: pSphere3 -0.01340395286 0.2675492367 -0.120316824 0 0.1127242294 0.03424365817 0.06358972994 0 0.07167633581 -0.04310817492 -0.103845041 0 1.89663578 0.7165378577 1.610263115 1


mesh: pSphereShape4 tranform: pSphere4 -0.06032995887 -0.009768232444 -0.1700978033 0 0.02266081036 0.1460394043 -0.01642391935 0 0.1603518052 -0.03107704126 -0.05508860118 0 1.855850976 0.9756497051 1.37562994 1


mesh: pSphereShape5 tranform: pSphere5 -0.04668899661 -0.01104824433 -0.1805221959 0 0.01834212306 0.1366935217 -0.01310973831 0 0.1694514596 -0.02678366851 -0.04218653596 0 1.780955068 0.9779439115 1.089619671 1


mesh: pSphereShape6 tranform: pSphere6 0.003022023452 -0.2553741436 -0.07605179509 0 0.02272927191 0.03004676697 -0.09999078893 0 0.1025161973 -0.005256326646 0.02172383 0 1.766127647 0.675202385 0.9510870278 1


mesh: pSphereShape7 tranform: pSphere7 0.07669261824 -0.2195379821 -0.09552661198 0 0.02222114557 0.04550743076 -0.08674453656 0 0.117777932 0.02280925139 0.04213695923 0 1.887659336 0.2392379745 0.8234818477 1


mesh: pSphereShape8 tranform: pSphere8 -0.02672520181 -0.1873134937 0.006362111977 0 0.02073418678 -0.004269978131 -0.03861912473 0 0.1001978778 -0.01242206092 0.05516861029 0 1.969311539 -0.09243369263 0.7491926812 1


mesh: pSphereShape10 tranform: pSphere10 -0.0535086783 -0.00826791091 -0.1753143101 0 -0.004753765123 0.1546062739 -0.005840385816 0 0.2133940522 0.00409366472 -0.06532427239 0 1.836556724 1.408368125 1.212978331 1


mesh: pSphereShape11 tranform: pSphere11 -0.02072648104 -0.003172484746 -0.07504815428 0 0.01780703371 0.169994567 -0.01210399277 0 0.08781227334 -0.0108923733 -0.02379117178 0 1.808494012 1.221098807 1.22820068 1


mesh: pSphereShape12 tranform: pSphere12 -0.06791604933 -0.01945435415 -0.3084486163 0 0.01571723893 0.1644540028 -0.01383309557 0 0.1685564249 -0.01912966243 -0.03590721648 0 1.854573162 0.7850431011 1.2748561 1


mesh: pSphereShape13 tranform: pSphere13 -0.04299992361 -0.00326309538 -0.2147999775 0 0.01649377732 0.2061135592 -0.006432958622 0 0.1912607896 -0.01649238615 -0.03803716931 0 1.830372147 0.5639863039 1.281357548 1


mesh: pSphereShape14 tranform: pSphere14 -0.03754093387 0.0008109870684 -0.2183553684 0 0.01747199863 0.2410026953 -0.002108787521 0 0.187783963 -0.01389674094 -0.03233653226 0 1.827041867 0.3695212772 1.283891095 1


mesh: pSphereShape15 tranform: pSphere15 -0.01535916211 0.009522483606 -0.1506806899 0 0.08875148825 0.3692458562 0.01428842089 0 0.1818843725 -0.04289518886 -0.02125063469 0 1.744607355 -0.2219236279 1.464736507 1


mesh: pSphereShape16 tranform: pSphere16 -0.007212108876 0.01016003218 -0.09943851867 0 0.2271503002 0.2825395567 0.01239336937 0 0.06461101475 -0.05150822348 -0.009948930197 0 1.485911488 -0.8640326248 1.472933401 1


mesh: pSphereShape17 tranform: pSphere17 0.02126243423 -0.001733309215 -0.1103279094 0 0.0446120614 0.09371487591 0.007125342699 0 0.2459586452 -0.1208345922 0.04929961295 0 1.382792365 -1.325681087 1.503544269 1


mesh: pSphereShape18 tranform: pSphere18 -0.01015049272 -0.005667722094 -0.1273133025 0 -0.1462791479 0.3270080375 -0.002895104011 0 0.1328533486 0.05931158442 -0.01323261979 0 1.921030686 -0.218768621 1.129479335 1


mesh: pSphereShape19 tranform: pSphere19 -0.007998491235 -0.003692397326 -0.08600155924 0 -0.03698157752 0.4283938556 -0.01495325799 0 0.09992224199 0.008289094899 -0.009649055388 0 2.117975641 -0.9089202501 1.124758979 1


mesh: pSphereShape20 tranform: pSphere20 -0.03901140145 0.005843228523 -0.1084687398 0 -0.004508555874 0.08160517545 0.006017611833 0 0.2460663204 0.02004113818 -0.08741953744 0 2.372350437 -1.312011733 1.093248407 1


mesh: pSphereShape21 tranform: pSphere21 -0.04474029394 0.000966512979 -0.2602301637 0 -0.08376802873 0.1182007537 0.01484089598 0 0.2118748679 0.1546557081 -0.03585236617 0 1.764410766 0.200038576 1.289825661 1


mesh: pSphereShape22 tranform: pSphere22 -0.003337868298 -0.0005404458085 -0.009410980478 0 0.001523959942 0.009821281697 -0.001104523395 0 0.009302482535 -0.001802871089 -0.003195852706 0 1.838012804 1.164354536 1.521894847 1


mesh: pSphereShape23 tranform: pSphere23 -0.002659892506 -0.0004071346402 -0.009631158458 0 0.0001050487866 0.009989259587 -0.0004512844542 0 0.009639187549 -0.0002212109647 -0.002652758772 0 1.638340097 1.142459747 1.303747478 1


mesh: pSphereShape24 tranform: pSphere24 -0.002499556037 -0.0005914821012 -0.009664490082 0 0.001323955679 0.009866696657 -0.0009462760894 0 0.009591629735 -0.001516062664 -0.002387926511 0 1.668977462 1.1321567 0.9876481681 1


