mesh: pSphereShape1 tranform: pSphere1 0.03985560625 0.1366718789 0.03592301497 0 -0.05816297869 0.0310028823 -0.05342261497 0 -0.1025602355 0.0004850830434 0.1119422508 0 4.340597092 -0.03609620228 -0.3854349834 1


mesh: pSphereShape2 tranform: pSphere2 0.03640309611 0.2518605476 0.05227443314 0 -0.1103645843 0.03269145539 -0.08065272127 0 -0.0797492638 -0.01026005308 0.1049695305 0 4.435660537 0.2910332054 -0.2930716787 1


mesh: pSphereShape3 tranform: pSphere3 -0.008782068409 0.2787965425 0.09183551222 0 -0.1017461384 0.02431432064 -0.08354382624 0 -0.08656945956 -0.03417920076 0.09548358657 0 4.478634805 0.7455581938 -0.1794847137 1


mesh: pSphereShape4 tranform: pSphere4 0.0214378005 -0.007404457216 0.1793153081 0 -0.02295874664 0.1466499702 0.008800411283 0 -0.1690765813 -0.02761432928 0.01907344631 0 4.470486741 1.014818421 0.03399043177 1


mesh: pSphereShape5 tranform: pSphere5 -0.007342497395 -0.009645330752 0.1863953987 0 -0.01931355017 0.1370413352 0.006330624689 0 -0.1748029558 -0.0242593001 -0.008141183912 0 4.467301918 1.02000461 0.3284568881 1


mesh: pSphereShape6 tranform: pSphere6 -0.04209237609 -0.2502388571 0.08134929413 0 -0.04653819382 0.03672768902 0.08889802727 0 -0.09298445982 -0.0001618434743 -0.04861058011 0 4.424280325 0.7232950562 0.4749317458 1


mesh: pSphereShape7 tranform: pSphere7 -0.1208327643 -0.2065311578 0.07712548747 0 -0.04071696863 0.05206616053 0.07563440739 0 -0.09887375108 0.03020517998 -0.07402063907 0 4.236330691 0.3056892915 0.5783747507 1


mesh: pSphereShape8 tranform: pSphere8 0.01036979407 -0.1890193394 0.002283534775 0 -0.02883926224 -0.001180292901 0.0332637922 0 -0.08672632287 -0.005668698687 -0.07539170153 0 4.107246199 -0.01377281504 0.6379272004 1


mesh: pSphereShape10 tranform: pSphere10 0.01121900918 -0.01466129412 0.1825536212 0 -0.006797923145 0.1541100007 0.01279469557 0 -0.2225728831 -0.01088095362 0.0128045576 0 4.428622106 1.443360163 0.211670251 1


mesh: pSphereShape11 tranform: pSphere11 0.003541929022 -0.005687694093 0.07763363969 0 -0.02766913818 0.1685553372 0.01361128144 0 -0.09032941526 -0.01507161869 0.003016960454 0 4.473297576 1.259361591 0.1961242658 1


mesh: pSphereShape12 tranform: pSphere12 0.002225417899 -0.01562352279 0.3160420282 0 -0.01873979633 0.1645114647 0.008264573263 0 -0.1722813625 -0.01963705512 0.0002423666567 0 4.449156169 0.8252231639 0.1355341796 1


mesh: pSphereShape13 tranform: pSphere13 -0.003400089734 -0.01651207001 0.2184364038 0 -0.0294505175 0.2042168709 0.01497877098 0 -0.1936855445 -0.02755785039 -0.005097984433 0 4.480701268 0.6022495907 0.1290568574 1


mesh: pSphereShape14 tranform: pSphere14 -0.005350431762 -0.009587897547 0.2212882542 0 -0.02692373009 0.2399419967 0.009745143092 0 -0.1898082316 -0.02107477595 -0.005502410367 0 4.493524856 0.4093516832 0.1182029292 1


mesh: pSphereShape15 tranform: pSphere15 -0.003071864349 0.006413455662 0.1515938095 0 0.01034838158 0.3795592598 -0.01584825704 0 -0.1879701818 0.004957059142 -0.00401870486 0 4.502486502 -0.1905794474 -0.05062502529 1


mesh: pSphereShape16 tranform: pSphere16 -0.002798200008 0.006620367689 0.09995799403 0 -0.09500790196 0.3491249158 -0.02578269451 0 -0.08028751115 -0.02190759105 -0.0007965766734 0 4.546642388 -0.8932156533 -0.04954886118 1


mesh: pSphereShape17 tranform: pSphere17 -0.02432501145 -0.001276650858 0.1096996219 0 -0.004636092388 0.1039324694 0.000181518181 0 -0.2715516522 -0.01200763516 -0.06035414247 0 4.460093109 -1.356416251 -0.07772317461 1


mesh: pSphereShape18 tranform: pSphere18 0.02410941735 0.001329237434 0.1255420316 0 0.0002741324837 0.3582252979 -0.003845530011 0 -0.1434709334 0.0004055202533 0.0275482365 0 4.533672342 -0.2019296635 0.2981254237 1


mesh: pSphereShape19 tranform: pSphere19 0.01706693732 0.001986411848 0.08472692412 0 -0.1057081446 0.4169000248 0.01151911437 0 -0.09559478252 -0.02478688834 0.01983722586 0 4.610386014 -0.9202045229 0.3134397775 1


mesh: pSphereShape20 tranform: pSphere20 0.04891558581 0.01050356496 0.1040117342 0 -0.001650504592 0.08159360185 -0.007463468465 0 -0.2371590909 0.005355286703 0.110992537 0 4.493797869 -1.333977675 0.3699078952 1


mesh: pSphereShape21 tranform: pSphere21 -0.006376503328 -0.01142660319 0.2637254995 0 0.08038901261 0.1212211962 0.007195918924 0 -0.2206710457 0.146280636 0.00100248601 0 4.56267691 0.2423240024 0.1167861642 1


mesh: pSphereShape22 tranform: pSphere22 0.001186086582 -0.000409665504 0.009920956244 0 -0.001543996426 0.009862342808 0.0005918355988 0 -0.009808632609 -0.001601988924 0.001106507039 0 4.5234517 1.200395286 -0.1077031721 1


mesh: pSphereShape23 tranform: pSphere23 0.0004545465505 -0.0007299191245 0.009962961683 0 -0.0006512437061 0.009949889253 0.0007586735022 0 -0.009968413568 -0.0006833168514 0.0004047332602 0 4.659387143 1.190261531 0.1581818134 1


mesh: pSphereShape24 tranform: pSphere24 -0.0003930901288 -0.0005163753018 0.009978919616 0 -0.001394074412 0.009891802241 0.0004569518197 0 -0.009894545805 -0.001373173325 -0.0004608235412 0 4.547508026 1.173947461 0.4572487153 1


