mesh: pSphereShape1 tranform: pSphere1 -0.1330031961 0.06218068314 0.001359150718 0 0.03138286506 0.06619177067 0.04280013865 0 0.03133907994 0.06989879874 -0.1310798411 0 -2.000812299 0.137479702 0.4573241726 1


mesh: pSphereShape2 tranform: pSphere2 -0.2026611265 0.1620269078 -0.01293391621 0 0.08433031897 0.1079812336 0.03134301628 0 0.02344815027 0.01905280269 -0.1287283615 0 -2.310864544 0.3050541087 0.4434997219 1


mesh: pSphereShape3 tranform: pSphere3 -0.07650509799 0.2619333516 -0.1085186041 0 0.1130076634 0.05304286878 0.04836068504 0 0.06248489805 -0.02904430988 -0.1141563401 0 -2.557464518 0.657454284 0.3562885033 1


mesh: pSphereShape4 tranform: pSphere4 -0.06058273143 -0.02102724757 -0.1689851251 0 0.03626877151 0.1409350017 -0.03053958988 0 0.156867031 -0.0511753372 -0.04987040557 0 -2.644462538 0.8990674882 0.1281140502 1


mesh: pSphereShape5 tranform: pSphere5 -0.05779863803 -0.02292757517 -0.176135837 0 0.03205504241 0.1319060705 -0.02768899404 0 0.1629465841 -0.04947081476 -0.04703100147 0 -2.728618344 0.8810834704 -0.1557347738 1


mesh: pSphereShape6 tranform: pSphere6 -0.148367424 -0.2072344879 -0.07778133394 0 0.03217909279 0.0147994943 -0.1008120371 0 0.08122701934 -0.06433995641 0.01648228744 0 -2.899664851 0.616285411 -0.2888012175 1


mesh: pSphereShape7 tranform: pSphere7 -0.09867004821 -0.209200954 -0.09850481881 0 0.04087185924 0.02259568926 -0.08892832022 0 0.1048816769 -0.06445382993 0.03182709868 0 -3.08745592 0.2036808492 -0.4236808031 1


mesh: pSphereShape8 tranform: pSphere8 -0.1592256231 -0.1023179278 -0.004393225041 0 0.01412864212 -0.02042516603 -0.03636990616 0 0.05011324129 -0.08076895 0.06482698238 0 -3.266374276 -0.08737098769 -0.4995035264 1


mesh: pSphereShape10 tranform: pSphere10 -0.01498344899 -0.03556768053 -0.1793797109 0 -0.02727324226 0.1498767583 -0.02743967753 0 0.2189568974 0.03521696277 -0.02527217355 0 -2.71674187 1.311545857 -0.09886636893 1


mesh: pSphereShape11 tranform: pSphere11 -0.01175927978 -0.02081609961 -0.07416391625 0 -0.00554872315 0.1651178309 -0.04546497 0 0.09052984625 -0.0008448983786 -0.0141170849 0 -2.719584343 1.121710959 -0.06951207183 1


mesh: pSphereShape12 tranform: pSphere12 -0.07358842098 -0.04264901758 -0.3047907744 0 0.0298839961 0.1603470929 -0.02965234788 0 0.1657211928 -0.03731906669 -0.03478956801 0 -2.662528932 0.7003997502 0.04553192141 1


mesh: pSphereShape13 tranform: pSphere13 -0.03919697768 -0.02072783833 -0.2145521503 0 0.05112838046 0.1984170062 -0.02850977538 0 0.1863709606 -0.05219213105 -0.02900622677 0 -2.714491397 0.4821815469 0.07642263781 1


mesh: pSphereShape14 tranform: pSphere14 -0.02867406483 -0.003256665065 -0.2196730263 0 0.05892138525 0.2340848373 -0.01116136821 0 0.1836300445 -0.04733085547 -0.02326766806 0 -2.750964782 0.2924241333 0.09238132234 1


mesh: pSphereShape15 tranform: pSphere15 -0.01413831933 0.0108758334 -0.1507085798 0 0.08900463979 0.369008829 0.01827966617 0 0.1820060811 -0.04290054289 -0.02017031317 0 -2.858381314 -0.303167762 0.2583770654 1


mesh: pSphereShape16 tranform: pSphere16 -0.0003717274722 0.014727119 -0.09912736024 0 0.3263883769 0.1567271879 0.02206063407 0 0.036312557 -0.07405403498 -0.01113820602 0 -3.202061172 -0.8371820224 0.2542487306 1


mesh: pSphereShape17 tranform: pSphere17 0.0113141504 -0.01376957629 -0.1109492308 0 0.1028554433 0.01285070091 0.008893916985 0 0.03104094574 -0.2741899843 0.03719432577 0 -3.604693253 -1.221266829 0.2642822955 1


mesh: pSphereShape18 tranform: pSphere18 0.0005966760904 -0.0001905406404 -0.1278414653 0 -0.1974368619 0.2989264861 -0.001367032977 0 0.1219012773 0.08051618204 0.0004489464549 0 -2.616144147 -0.2430533596 -0.07600832197 1


mesh: pSphereShape19 tranform: pSphere19 -0.0008302687061 -0.002586751398 -0.08640889551 0 0.05470340518 0.4265481417 -0.013294841 0 0.09990651162 -0.01283063233 -0.0005758619379 0 -2.430593756 -0.8981882126 -0.08312017546 1


mesh: pSphereShape20 tranform: pSphere20 -0.02345214696 -0.0005928311752 -0.1130094935 0 0.001302686627 0.08193751374 -0.0007001704751 0 0.2564042826 -0.004530938463 -0.0531861939 0 -2.25781265 -1.322138754 -0.08489952315 1


mesh: pSphereShape21 tranform: pSphere21 -0.03417299351 -0.003881207452 -0.2618005136 0 -0.06257631207 0.1313554724 0.006220774916 0 0.236598906 0.1142559387 -0.03257726184 0 -2.842117756 0.1366268031 0.1024106308 1


mesh: pSphereShape22 tranform: pSphere22 -0.003351853415 -0.001163371969 -0.009349419466 0 0.002439107607 0.009478006021 -0.002053814973 0 0.009100320476 -0.002968832687 -0.002893129743 0 -2.644900622 1.102248842 0.2547563901 1


mesh: pSphereShape23 tranform: pSphere23 -0.001509104228 -0.00267139353 -0.009517681495 0 -0.001280309152 0.00959967279 -0.002491403378 0 0.009802214694 0.0008425787353 -0.001790711638 0 -2.883904301 1.032442228 0.007128780902 1


mesh: pSphereShape24 tranform: pSphere24 -0.003094325111 -0.001227457497 -0.009429660662 0 0.002313770074 0.009521132893 -0.001998623648 0 0.009223427787 -0.002800245799 -0.002662142617 0 -2.829112295 1.036417733 -0.2674978649 1


