mesh: pSphereShape1 tranform: pSphere1 -0.04669928739 0.1389954814 -0.007587327019 0 0.07914588837 0.02568733662 -0.01655825119 0 -0.02567482212 -0.01674297614 -0.1486955984 0 4.118606661 -0.07172687439 0.7376431598 1


mesh: pSphereShape2 tranform: pSphere2 -0.05378390837 0.2529822994 -0.02447007548 0 0.1359342385 0.02659301835 -0.02384592958 0 -0.01948944391 -0.01669010518 -0.1297128292 0 3.99893698 0.2598188292 0.7204283505 1


mesh: pSphereShape3 tranform: pSphere3 -0.06632961542 0.2772681089 -0.07043561639 0 0.1300849396 0.02688158524 -0.01668300457 0 -0.009266685882 -0.03482901093 -0.1283770732 0 3.889353225 0.7156656499 0.6598732262 1


mesh: pSphereShape4 tranform: pSphere4 -0.1515897185 -0.01380449187 -0.09745962362 0 -0.003045887395 0.1477809989 -0.01619456679 0 0.09380844076 -0.01384128998 -0.143950106 0 3.725014492 0.9801048586 0.516358776 1


mesh: pSphereShape5 tranform: pSphere5 -0.1461890836 -0.01308779031 -0.1155320341 0 -0.005657889227 0.1381639812 -0.008492359554 0 0.1097326503 -0.004013021847 -0.1383961957 0 3.489795758 0.9790226816 0.3375840121 1


mesh: pSphereShape6 tranform: pSphere6 -0.02472443941 -0.2459832694 -0.09944794959 0 -0.0505137761 0.03961209994 -0.08542146006 0 0.09194559549 0.01072873526 -0.04939662104 0 3.416696089 0.6854080778 0.1954369594 1


mesh: pSphereShape7 tranform: pSphere7 0.02331539036 -0.1909300805 -0.1618830251 0 -0.04426515912 0.05510488829 -0.07136783002 0 0.113527818 0.04445958454 -0.03608609771 0 3.471467538 0.2913396671 -0.05229373755 1


mesh: pSphereShape8 tranform: pSphere8 0.01081012434 -0.1886117933 -0.01223889039 0 -0.01459883432 0.001856775072 -0.04150906446 0 0.1083501942 0.008657607572 -0.03771974446 0 3.520004121 -0.009440607929 -0.2243678871 1


mesh: pSphereShape10 tranform: pSphere10 -0.1746045277 -0.02461214788 -0.05073603654 0 -0.01871591103 0.1533300309 -0.009971188619 0 0.06306631081 -0.006219919233 -0.2140210111 0 3.570518425 1.403287395 0.3857736714 1


mesh: pSphereShape11 tranform: pSphere11 -0.07090870649 -0.005376636087 -0.03185787604 0 -0.0004869188314 0.1691371742 -0.0274614117 0 0.03799015903 -0.01325634609 -0.08232056916 0 3.587464753 1.220939006 0.4309460688 1


mesh: pSphereShape12 tranform: pSphere12 -0.2467468774 -0.02225856334 -0.1968556461 0 -0.009972865782 0.1653651651 -0.006197523588 0 0.1080558953 0.001434515152 -0.1356038576 0 3.676000424 0.7925656015 0.4212332231 1


mesh: pSphereShape13 tranform: pSphere13 -0.1650574825 -0.01455676683 -0.1433275953 0 -0.01296496168 0.2063777577 -0.006029745782 0 0.1281028502 0.00372632804 -0.1479029714 0 3.68289625 0.5693099605 0.4271593983 1


mesh: pSphereShape14 tranform: pSphere14 -0.1655761149 0.007527626637 -0.1470269748 0 0.0005188639074 0.2413568863 0.01177289446 0 0.1269482747 0.006683900599 -0.1426220477 0 3.695558774 0.3761344719 0.415845559 1


mesh: pSphereShape15 tranform: pSphere15 -0.1133818012 -0.01407743387 -0.09988816178 0 -0.08283344966 0.368497666 0.04209011481 0 0.118103369 0.04254513396 -0.1400536236 0 3.895869985 -0.2353070738 0.4639106718 1


mesh: pSphereShape16 tranform: pSphere16 -0.0693491179 0.00436993005 -0.07221401056 0 0.2179961403 0.2132292377 -0.1964444721 0 0.03328784912 -0.06723104511 -0.03603563792 0 3.842328763 -0.7982001686 0.5914073155 1


mesh: pSphereShape17 tranform: pSphere17 -0.05605795566 0.0114224181 -0.09671802844 0 0.08286480635 0.04632200447 -0.04255796363 0 0.09512652302 -0.2477024605 -0.08438922515 0 3.628135587 -1.245619176 0.7860119935 1


mesh: pSphereShape18 tranform: pSphere18 -0.1036119672 -0.01912186388 -0.072406817 0 -0.05194992137 0.35394256 -0.01913366667 0 0.08291587499 0.005674893361 -0.1201487902 0 3.591024135 -0.2074403017 0.3066109303 1


mesh: pSphereShape19 tranform: pSphere19 -0.07064401752 -0.0116581925 -0.04844984199 0 -0.004283681285 0.4196657455 -0.09473565659 0 0.05805371534 -0.0175618313 -0.08042148981 0 3.641275817 -0.925800139 0.383683108 1


mesh: pSphereShape20 tranform: pSphere20 -0.1068533964 0.004204216578 -0.04343013369 0 0.003241895628 0.08188669659 -4.923197604e-05 0 0.09846623617 -0.004044167897 -0.2426530482 0 3.75730131 -1.345998858 0.2775877699 1


mesh: pSphereShape21 tranform: pSphere21 -0.1973292428 0.008971226705 -0.1752228672 0 -0.06185011839 0.1082985582 0.075197993 0 0.1352956367 0.1767794734 -0.1433138106 0 3.658709907 0.2011114006 0.4421390087 1


mesh: pSphereShape22 tranform: pSphere22 -0.008386985921 -0.0007637594427 -0.005392136744 0 -0.0002048386754 0.009938405505 -0.001089099228 0 0.005442105132 -0.0008029741742 -0.008350971453 0 3.787627191 1.164193096 0.6560452382 1


mesh: pSphereShape23 tranform: pSphere23 -0.009099930501 -0.0006900001022 -0.004088418365 0 -0.0004303064555 0.009964474963 -0.0007239302925 0 0.004123845441 -0.0004828442535 -0.009097294114 0 3.537996857 1.147964857 0.6128017148 1


mesh: pSphereShape24 tranform: pSphere24 -0.007826422349 -0.0007006718428 -0.006185157409 0 -0.0004083929951 0.009972836129 -0.000612988345 0 0.006211306495 -0.0002271530724 -0.007833777704 0 3.325787013 1.119795007 0.3393274974 1


