mesh: pSphereShape1 tranform: pSphere1 -0.04729765423 0.1371564257 -0.02256505297 0 0.03864630655 0.0009018699113 -0.07552308397 0 -0.1259975913 -0.05416344563 -0.06512167751 0 4.638631567 -0.04045199159 0.3591966188 1


mesh: pSphereShape2 tranform: pSphere2 -0.06719478681 0.243908745 -0.05903322755 0 0.08920979351 -0.001706438688 -0.1085938994 0 -0.09628265315 -0.04549565257 -0.07838119922 0 4.521165279 0.2898538821 0.3197737845 1


mesh: pSphereShape3 tranform: pSphere3 -0.1091920723 0.2620365011 -0.07518218908 0 0.08721251863 0.007274048223 -0.1013118877 0 -0.08818347471 -0.05975760411 -0.08020167042 0 4.377812839 0.7313237856 0.2237568475 1


mesh: pSphereShape4 tranform: pSphere4 -0.1769169083 -0.005403837288 0.03660042484 0 -0.008318329053 0.1473120509 -0.01845887601 0 -0.03394093206 -0.02289785076 -0.1674423467 0 4.150716453 0.9907975485 0.1754783711 1


mesh: pSphereShape5 tranform: pSphere5 -0.1863479837 -0.005795634279 0.01144678658 0 -0.005238169556 0.1375562725 -0.01562853345 0 -0.01013115592 -0.02029170752 -0.1752040872 0 3.857366784 1.00122628 0.2005978952 1


mesh: pSphereShape6 tranform: pSphere6 -0.0959216448 -0.2377274869 -0.07275741499 0 -0.09340388864 0.04538894852 -0.0251623293 0 0.03421174903 0.01614827724 -0.09786681681 0 3.695304904 0.7195475627 0.1344220529 1


mesh: pSphereShape7 tranform: pSphere7 -0.09655123763 -0.1617758648 -0.1664645457 0 -0.07774724609 0.06180977189 -0.01497457885 0 0.06400581909 0.05788645812 -0.09338008164 0 3.555181927 0.3628170026 -0.1282371843 1


mesh: pSphereShape8 tranform: pSphere8 -0.002969103349 -0.1791250827 -0.06120822632 0 -0.04104398644 0.00576815066 -0.01488944675 0 0.0416759027 0.03405712983 -0.1016893747 0 3.460856459 0.1011904297 -0.3402599352 1


mesh: pSphereShape10 tranform: pSphere10 -0.1594998613 -0.01620221091 0.08924083658 0 -0.0242006026 0.1520837562 -0.01564193836 0 -0.1046706545 -0.03658004918 -0.1937188536 0 3.938735197 1.410587671 0.1276027647 1


mesh: pSphereShape11 tranform: pSphere11 -0.07282163718 -0.002858685601 0.02758104805 0 -0.02349850383 0.1636373231 -0.04508211067 0 -0.03008752236 -0.02697648292 -0.0822354508 0 3.987182338 1.233956304 0.1723920727 1


mesh: pSphereShape12 tranform: pSphere12 -0.3138245579 -0.01027659453 0.03924473248 0 -0.006728053966 0.1653109408 -0.01051338677 0 -0.02108674563 -0.01177835393 -0.1717066105 0 4.042307792 0.8042270805 0.1556823807 1


mesh: pSphereShape13 tranform: pSphere13 -0.2179387609 -0.007979265994 0.02092126588 0 -0.008824011431 0.2062587756 -0.01325447918 0 -0.01817619429 -0.01327029581 -0.1944043207 0 4.045106221 0.5810814001 0.1738110261 1


mesh: pSphereShape14 tranform: pSphere14 -0.2205770637 0.00816041138 0.01918887655 0 0.007977619137 0.241266593 -0.01089979634 0 -0.01683830295 -0.008033298111 -0.1901408035 0 4.04393906 0.3874416793 0.1728137731 1


mesh: pSphereShape15 tranform: pSphere15 -0.1320221335 -0.01642235144 0.07301858995 0 -0.01232319391 0.3747368055 0.0619996246 0 -0.09255248118 0.02375859705 -0.1619971573 0 4.191735497 -0.2272942089 0.09979028273 1


mesh: pSphereShape16 tranform: pSphere16 -0.08802450487 -0.006785530657 0.04742259882 0 -0.06681620612 0.3487419672 -0.07412213248 0 -0.03671195195 -0.02219198093 -0.07131907243 0 4.28115288 -0.91600979 0.05625507908 1


mesh: pSphereShape17 tranform: pSphere17 -0.09743505068 0.009193695111 0.05521983269 0 0.001498621443 0.1030088222 -0.01450590141 0 -0.1386505536 -0.03169161933 -0.2393716168 0 4.267686618 -1.391220153 -0.03292509361 1


mesh: pSphereShape18 tranform: pSphere18 -0.1253773032 0.003318856399 -0.02476589645 0 0.006712975653 0.3579102624 0.01397881889 0 0.0284226467 0.005060281475 -0.1432114703 0 3.84065765 -0.2013061175 0.1936904613 1


mesh: pSphereShape19 tranform: pSphere19 -0.08495931694 0.002778099322 -0.01575038034 0 0.03645653042 0.4102892884 -0.1242825562 0 0.0165652002 -0.03014955516 -0.09467241559 0 3.788371085 -0.9136099953 0.2619915398 1


mesh: pSphereShape20 tranform: pSphere20 -0.1102477093 -0.00830734596 -0.03313504004 0 -0.005086450864 0.08171520653 -0.003563204831 0 0.07579151086 -0.006210527612 -0.2506183014 0 3.841997437 -1.326670582 0.1727724311 1


mesh: pSphereShape21 tranform: pSphere21 -0.2628779215 0.009725362857 0.02286879651 0 0.01192322401 0.1154549511 0.087958763 0 -0.0122887951 0.16107337 -0.209759612 0 4.038510236 0.2163650678 0.230999517 1


mesh: pSphereShape22 tranform: pSphere22 -0.00978826027 -0.0002989774485 0.002024987254 0 -0.0005594151338 0.009906868333 -0.001241376066 0 -0.001969013866 -0.001328372054 -0.009713825821 0 4.299464135 1.172881073 0.2206541816 1


mesh: pSphereShape23 tranform: pSphere23 -0.00934542273 -0.0003668638392 0.00353955999 0 -0.001046495123 0.009790211629 -0.001748314679 0 -0.003401164794 -0.002004287201 -0.009187758751 0 4.080664399 1.189394722 0.3459407547 1


mesh: pSphereShape24 tranform: pSphere24 -0.009976381192 -0.000310276804 0.0006128185776 0 -0.0003780971433 0.009928971011 -0.001128085639 0 -0.0005734639085 -0.00114859173 -0.009917251443 0 3.740772148 1.155745095 0.2967664068 1


