mesh: pSphereShape1 tranform: pSphere1 0.02824155813 0.1414539789 -0.02741023678 0 -0.05954070772 0.0227387124 0.05599947923 0 0.1041389824 0.0006156274852 0.1104744227 0 4.312840652 -0.09137859159 -0.1602382836 1


mesh: pSphereShape2 tranform: pSphere2 0.03475560535 0.2562759249 -0.0246218489 0 -0.09468591533 0.02258156684 0.101383354 0 0.09610294316 -0.004317688445 0.09071602931 0 4.387249669 0.2458306002 -0.2328911394 1


mesh: pSphereShape3 tranform: pSphere3 0.06915620768 0.2851766107 0.0114069177 0 -0.09504119406 0.01935664599 0.09227960476 0 0.08850449516 -0.02532114315 0.09646449318 0 4.468667386 0.7096176321 -0.264630923 1


mesh: pSphereShape4 tranform: pSphere4 0.1798258043 0.009631917933 -0.01543668525 0 -0.006737169107 0.1479015788 0.0138021222 0 0.01549584899 -0.01525166072 0.170998548 0 4.658917456 0.9984556721 -0.2536656969 1


mesh: pSphereShape5 tranform: pSphere5 0.1854797752 0.01091686113 0.01919021791 0 -0.009094204154 0.1379188342 0.009439714688 0 -0.01736524074 -0.01314453225 0.1753183834 0 4.949799796 1.034945597 -0.2368435772 1


mesh: pSphereShape6 tranform: pSphere6 0.1893290131 -0.1796445054 0.05377116199 0 0.0593978849 0.07624067996 0.04557231467 0 -0.04527475526 -0.02002505536 0.09251117854 0 5.204730311 0.8132452086 -0.1742161222 1


mesh: pSphereShape7 tranform: pSphere7 0.1537401498 -0.1350931034 0.1460062897 0 0.03944362845 0.08471062742 0.03684603052 0 -0.08734030832 0.0004748379151 0.09240601511 0 5.47997135 0.5079686369 0.04700423118 1


mesh: pSphereShape8 tranform: pSphere8 0.0778461494 -0.1716031858 0.01825873599 0 0.03465584774 0.01789727979 0.02045080935 0 -0.05293720797 -0.01323697009 0.101291325 0 5.675946202 0.269949725 0.2126786494 1


mesh: pSphereShape10 tranform: pSphere10 0.177123274 0.02290440477 0.04206397964 0 -0.01516688047 0.1528245483 -0.01935023255 0 -0.05400370815 0.02192174741 0.2154624716 0 4.757985401 1.446536731 -0.268734588 1


mesh: pSphereShape11 tranform: pSphere11 0.07675252181 0.004038864233 0.01283024195 0 -0.009718901482 0.1710227304 0.004303317851 0 -0.01493860098 -0.003122290534 0.09034793027 0 4.793445822 1.25796291 -0.278940743 1


mesh: pSphereShape12 tranform: pSphere12 0.3157842237 0.01765888675 0.0100049149 0 -0.009416772927 0.1654311436 0.005231278703 0 -0.005165453458 -0.005771735451 0.1732239755 0 4.778110158 0.8228904347 -0.2144468367 1


mesh: pSphereShape13 tranform: pSphere13 0.2187407657 0.006263470283 0.01057912715 0 -0.006481007884 0.206434897 0.01178374947 0 -0.009111314956 -0.01142598659 0.1951562079 0 4.795805503 0.5988776762 -0.2269943327 1


mesh: pSphereShape14 tranform: pSphere14 0.2209568412 0.01122736802 0.0118771575 0 -0.01270217989 0.2411664084 0.008332761502 0 -0.009887684407 -0.007108636417 0.1906653835 0 4.803552585 0.4049855978 -0.2242292037 1


mesh: pSphereShape15 tranform: pSphere15 0.1469950452 0.003195396959 0.03759651543 0 0.01147436034 0.3720775571 -0.07648606735 0 -0.04641567321 0.03807137248 0.1782404767 0 4.617322734 -0.1951046076 -0.1566833821 1


mesh: pSphereShape16 tranform: pSphere16 0.09666165738 0.006529662346 0.02563488375 0 -0.04201701848 0.3537593964 0.06832507031 0 -0.01974062245 -0.01758642352 0.0789156959 0 4.598336376 -0.8880292788 -0.1176534642 1


mesh: pSphereShape17 tranform: pSphere17 0.08988212564 -0.01981345244 0.06446684144 0 0.01821774457 0.1022510727 0.006026309821 0 -0.1598408557 0.01507099724 0.2274881789 0 4.507562492 -1.335360792 -0.03694474976 1


mesh: pSphereShape18 tranform: pSphere18 0.1159893619 0.02137160445 -0.0493310758 0 -0.1037294299 0.3273551457 -0.1020737052 0 0.0445534873 0.05408870832 0.1281888331 0 5.106297847 -0.1597902836 -0.1321289526 1


mesh: pSphereShape19 tranform: pSphere19 0.07807831958 0.01262837084 -0.03490240843 0 -0.00865635077 0.4103298853 0.1291006793 0 0.04319891432 -0.02647921019 0.08705729744 0 5.248251968 -0.8326020056 -0.1169648023 1


mesh: pSphereShape20 tranform: pSphere20 0.03307317549 0.01675563755 -0.1093019394 0 0.005928291091 0.08050467494 0.01413492364 0 0.25020262 -0.03088604513 0.07097293815 0 5.445260553 -1.268357399 -0.1362975812 1


mesh: pSphereShape21 tranform: pSphere21 0.2633305303 0.01338048082 0.01415488277 0 -0.001035571839 0.1149563918 -0.08940194949 0 -0.01943913481 0.1619857448 0.2085125377 0 4.819410297 0.2337951842 -0.2801276403 1


mesh: pSphereShape22 tranform: pSphere22 0.009949200407 0.0005329039522 -0.0008540636076 0 -0.0004530807009 0.009946514618 0.0009282051707 0 0.0008989600361 -0.0008847939524 0.009920131578 0 4.501450217 1.165076614 -0.3226777768 1


mesh: pSphereShape23 tranform: pSphere23 0.009849885139 0.0005183197613 0.001646544068 0 -0.0004064291858 0.009966754067 -0.0007061364553 0 -0.001677670427 0.0006286159413 0.009838204305 0 4.803501524 1.161769846 -0.4563937017 1


mesh: pSphereShape24 tranform: pSphere24 0.009929900523 0.0005844483311 0.001027373225 0 -0.0006564301851 0.009955141133 0.0006813695354 0 -0.0009829420167 -0.0007440330503 0.009923721067 0 5.067208577 1.196048878 -0.3203879789 1


