mesh: pSphereShape1 tranform: pSphere1 0.1009870226 0.1040265638 0.02319978743 0 -0.03377169186 0.04667486625 -0.06228174918 0 -0.09216071167 0.06710712989 0.100264356 0 2.372766057 0.2573681972 -0.5848034275 1


mesh: pSphereShape2 tranform: pSphere2 0.1411635801 0.210819867 0.05585127144 0 -0.1107887376 0.08169971613 -0.02837157351 0 -0.03818435082 -0.007904102026 0.1263459402 0 2.607174007 0.5115894086 -0.5135924644 1


mesh: pSphereShape3 tranform: pSphere3 -0.002652317263 0.2555724479 0.1446170364 0 -0.1196536085 0.0286281101 -0.05278711068 0 -0.05979749106 -0.05916297273 0.1034582385 0 2.737671383 0.9058120396 -0.3587631183 1


mesh: pSphereShape4 tranform: pSphere4 -0.0071984928 -0.009023365653 0.1803750137 0 -0.03960107825 0.143217796 0.005584135207 0 -0.1660079597 -0.04555560028 -0.008904071074 0 2.702111013 1.15495814 -0.1041808794 1


mesh: pSphereShape5 tranform: pSphere5 -0.02806419828 -0.01163522981 0.1843019575 0 -0.03846007263 0.13307053 0.002544493283 0 -0.1676335222 -0.04790355528 -0.02855026259 0 2.657337322 1.155394951 0.1874034423 1


mesh: pSphereShape6 tranform: pSphere6 -0.01393239081 -0.2339675424 0.1267834334 0 -0.08683461047 0.03358451952 0.05243487722 0 -0.06089770731 -0.03787639285 -0.07658963749 0 2.642016629 0.8719948701 0.3743329461 1


mesh: pSphereShape7 tranform: pSphere7 -0.2149304034 -0.09186835088 -0.09256967481 0 -0.05153478426 0.07036373045 0.04982400662 0 0.009749658976 0.0779412072 -0.09998769388 0 2.420928215 0.5698746618 0.3505256656 1


mesh: pSphereShape8 tranform: pSphere8 -0.1098730886 -0.1417176677 -0.06070473501 0 -0.03571970375 0.02495796718 0.006385816136 0 0.008418769984 0.03960396707 -0.107694698 0 2.151255835 0.4088995191 0.1993740184 1


mesh: pSphereShape10 tranform: pSphere10 -0.009674778723 -0.01486837696 0.1826252292 0 0.002483883092 0.1542485351 0.01268968364 0 -0.2228669934 0.004529820017 -0.01143783793 0 2.654646951 1.587228321 0.06686694272 1


mesh: pSphereShape11 tranform: pSphere11 -0.006032422373 -0.00458926306 0.0775527284 0 -0.02602774202 0.1691760052 0.007986603059 0 -0.09028640374 -0.01352125371 -0.007823042782 0 2.684022177 1.400310911 0.05395488945 1


mesh: pSphereShape12 tranform: pSphere12 -0.03822564444 -0.01963417655 0.313504242 0 -0.0319311819 0.1625557631 0.006287183019 0 -0.1688560283 -0.03229422214 -0.02261118035 0 2.67995903 0.962895476 -0.006855625578 1


mesh: pSphereShape13 tranform: pSphere13 -0.02815732654 -0.0195258256 0.2163898765 0 -0.05350021236 0.1995294723 0.01104282125 0 -0.1873642514 -0.04864607443 -0.02876997425 0 2.732581262 0.7421450849 -0.009086678319 1


mesh: pSphereShape14 tranform: pSphere14 -0.02899906795 -0.01652738411 0.2190318378 0 -0.06213968033 0.2333296129 0.009379163073 0 -0.1829275959 -0.04759885263 -0.02781063413 0 2.771976589 0.5514119067 -0.01939733304 1


mesh: pSphereShape15 tranform: pSphere15 -0.002607091599 -0.007269105837 0.1515638975 0 0.08068971369 0.3708705584 0.01917516548 0 -0.18376175 0.04004488007 -0.001240356353 0 2.735122783 -0.009017438833 -0.2296006811 1


mesh: pSphereShape16 tranform: pSphere16 -0.005462983412 0.004830033272 0.09995041948 0 -0.1952096828 0.3046766135 -0.0253928443 0 -0.07000030793 -0.04498765712 -0.001652005476 0 2.790676464 -0.6552258559 -0.2656237286 1


mesh: pSphereShape17 tranform: pSphere17 -0.03057200024 -0.01007602043 0.1076622945 0 -0.06329181432 0.08192332241 -0.0103053376 0 -0.2075942087 -0.1697961527 -0.07483994035 0 2.896912265 -1.168651422 -0.2985448343 1


mesh: pSphereShape18 tranform: pSphere18 -0.01119741263 -0.01432691901 0.1265432334 0 0.01129579154 0.3556817477 0.04126895679 0 -0.1454579884 0.006033622722 -0.01218800761 0 2.787050685 -0.06615621486 0.09862619217 1


mesh: pSphereShape19 tranform: pSphere19 -0.005642904977 -0.01069073918 0.08560224046 0 -0.2376374938 0.3574926815 0.02898166227 0 -0.08371234253 -0.05464579524 -0.0123429566 0 2.946356507 -0.7381345849 0.04835871519 1


mesh: pSphereShape20 tranform: pSphere20 0.006368557384 0.008295604115 0.1149440068 0 -0.05299785138 0.06248756332 -0.001573394166 0 -0.1992399883 -0.168398315 0.02319248413 0 3.008912524 -1.227539376 0.01035581897 1


mesh: pSphereShape21 tranform: pSphere21 -0.03456032364 -0.01969690007 0.2610363621 0 0.06074508453 0.1311374451 0.01793761948 0 -0.238114767 0.1134401625 -0.02296578078 0 2.864178637 0.3959794909 -0.01472760229 1


mesh: pSphereShape22 tranform: pSphere22 -0.0003982701358 -0.0004992346542 0.009979586447 0 -0.002663208242 0.009631525994 0.0003755381309 0 -0.009630612793 -0.002642815125 -0.0005165515011 0 2.75719361 1.348097182 -0.2345049171 1


mesh: pSphereShape23 tranform: pSphere23 -0.0007741591557 -0.000588954121 0.00995257809 0 -0.0005563597379 0.009969533768 0.0005466811677 0 -0.009954453347 -0.0005113995506 -0.0008045676205 0 2.87204826 1.327569464 0.03986058824 1


mesh: pSphereShape24 tranform: pSphere24 -0.001502453283 -0.0006229071308 0.009866844523 0 -0.002776092572 0.009605184923 0.0001836644712 0 -0.009488727215 -0.00271153265 -0.001616058948 0 2.699885125 1.318118933 0.3231581698 1


