mesh: pSphereShape1 tranform: pSphere1 0.1178230299 0.08394214135 0.02509153952 0 -0.03160803511 0.05970703988 -0.05132336794 0 -0.07076565453 0.06403374392 0.1180754272 0 -5.463790021 0.159276593 -0.08950456161 1


mesh: pSphereShape2 tranform: pSphere2 0.169164267 0.191264239 0.04788505912 0 -0.08975824619 0.09314753731 -0.05496296676 0 -0.0542213607 0.01810547081 0.1192310868 0 -5.193588059 0.3742333109 -0.01690110482 1


mesh: pSphereShape3 tranform: pSphere3 0.06804871418 0.2652589785 0.1060445422 0 -0.1016628473 0.05354707313 -0.06870524152 0 -0.08106966766 -0.02070738405 0.1038196399 0 -4.977197836 0.7560721853 0.1010007744 1


mesh: pSphereShape4 tranform: pSphere4 0.01782338072 -0.01577797679 0.1791696613 0 -0.0291423495 0.1449692676 0.01566524661 0 -0.1681755426 -0.03527945818 0.01362294394 0 -4.928661089 1.006582964 0.3276388599 1


mesh: pSphereShape5 tranform: pSphere5 0.0139933609 -0.01675739031 0.1855089352 0 -0.02183338252 0.1360969278 0.01394084731 0 -0.1739555509 -0.02898279828 0.01050378916 0 -4.91199496 0.9995198023 0.6236890104 1


mesh: pSphereShape6 tranform: pSphere6 0.02168360122 -0.242799445 0.1076439145 0 -0.05930300536 0.03154579513 0.08309995332 0 -0.08686309096 -0.03016328356 -0.05053814614 0 -4.884772244 0.7047795063 0.7912386077 1


mesh: pSphereShape7 tranform: pSphere7 -0.06604216767 -0.2225573573 0.09649182185 0 -0.05702525915 0.04655140927 0.06834037095 0 -0.0992010037 -0.004980446681 -0.0793837677 0 -4.960659972 0.2646511375 0.9357341948 1


mesh: pSphereShape8 tranform: pSphere8 0.06244718945 -0.1754594686 0.03399089883 0 -0.03098520315 -0.005044117234 0.03088770105 0 -0.07242025427 -0.04115060737 -0.07936896224 0 -5.002350072 -0.06945385435 1.031020618 1


mesh: pSphereShape10 tranform: pSphere10 -0.002387032518 -0.01572111253 0.1827944009 0 0.02067476739 0.1528151188 0.01341274682 0 -0.2211872386 0.02995243009 -0.000312348775 0 -4.90642564 1.434988565 0.5109740387 1


mesh: pSphereShape11 tranform: pSphere11 -9.93611445e-05 -0.008625988273 0.07744326692 0 -0.006325158405 0.1701843792 0.01894780583 0 -0.09156530796 -0.003348556336 -0.0004904576342 0 -4.898615762 1.244751884 0.4993445355 1


mesh: pSphereShape12 tranform: pSphere12 0.003674161832 -0.02889119373 0.3150927006 0 -0.01564904224 0.1643351258 0.01525054392 0 -0.1726110608 -0.01648365481 0.0005013397853 0 -4.953120909 0.8136400287 0.4214954836 1


mesh: pSphereShape13 tranform: pSphere13 -0.005591484603 -0.01621942813 0.2184132254 0 -0.03184056852 0.2039047457 0.0143268903 0 -0.1933061582 -0.02968296668 -0.00715299703 0 -4.922531544 0.5894033044 0.4096109266 1


mesh: pSphereShape14 tranform: pSphere14 -0.01174055315 -0.005622427256 0.2211777431 0 -0.03477716605 0.2390913169 0.004231756583 0 -0.1887936674 -0.02727144761 -0.01071479337 0 -4.904914063 0.3958783223 0.400673535 1


mesh: pSphereShape15 tranform: pSphere15 -0.0001542468783 0.001719233141 0.1517506913 0 0.02941616869 0.3788667429 -0.00426240502 0 -0.1875140936 0.01455506728 -0.0003554976729 0 -4.916135125 -0.199082001 0.2229187321 1


mesh: pSphereShape16 tranform: pSphere16 -0.01049654682 0.01334219097 0.09876774882 0 -0.3207000556 0.1600861059 -0.05570788656 0 -0.03790090105 -0.07385655943 0.005949105301 0 -4.700436642 -0.7354825237 0.2376982588 1


mesh: pSphereShape17 tranform: pSphere17 -0.04358056299 -0.03071977573 0.09891598942 0 -0.09465749063 0.02771234874 -0.03309788047 0 -0.0410708846 -0.2573562206 -0.09802073162 0 -4.313805567 -1.119082989 0.2363409468 1


mesh: pSphereShape18 tranform: pSphere18 -0.01116234166 -0.001626745216 0.1273443694 0 0.1218523344 0.3365528633 0.01498019236 0 -0.1367883352 0.0500308288 -0.01135103757 0 -5.015734392 -0.190431155 0.5594716254 1


mesh: pSphereShape19 tranform: pSphere19 -0.005638250537 -0.003472936631 0.0861976026 0 -0.1720824274 0.3943079083 0.00463078471 0 -0.09208701047 -0.04009856529 -0.007639068752 0 -5.029690758 -0.8648496102 0.5573205788 1


mesh: pSphereShape20 tranform: pSphere20 0.012193154 0.01174082911 0.1141708378 0 -0.01327269292 0.08057667457 -0.00686866272 0 -0.2569585683 -0.03963975317 0.03151889775 0 -5.086971821 -1.295689128 0.551023356 1


mesh: pSphereShape21 tranform: pSphere21 -0.0139920813 -0.006700660377 0.2635937954 0 0.07626252861 0.1238587387 0.007196705221 0 -0.2251136957 0.1390962804 -0.008413597881 0 -4.830505856 0.2311653357 0.4045864252 1


mesh: pSphereShape22 tranform: pSphere22 0.0009861120179 -0.000872946203 0.009912898063 0 -0.001959849297 0.009749314044 0.001053501968 0 -0.009756360685 -0.002046665725 0.0007903072743 0 -4.880289755 1.201181373 0.1968229209 1


mesh: pSphereShape23 tranform: pSphere23 -1.275131862e-05 -0.001106999375 0.009938530565 0 0.0006015822147 0.009920453554 0.001105757716 0 -0.009981880396 0.0005992943097 5.394522718e-05 0 -4.721637748 1.153430622 0.4649499893 1


mesh: pSphereShape24 tranform: pSphere24 0.0007491527398 -0.0008971286419 0.009931461643 0 -0.001575958829 0.009823633824 0.0010062665 0 -0.009846579302 -0.001640542197 0.0005945564389 0 -4.821560719 1.15083569 0.7487646112 1


