mesh: pSphereShape1 tranform: pSphere1 0.026244486 0.1403596406 -0.03418381317 0 0.02113578382 0.01569099622 0.0806545589 0 0.1445094019 -0.03460369006 -0.03113715014 0 -8.089556328 0.01652123552 0.07138524845 1


mesh: pSphereShape2 tranform: pSphere2 0.06224701219 0.2502818444 -0.03123851868 0 0.03621470293 0.007914334949 0.1355720944 0 0.1237710911 -0.0346569232 -0.03103918116 0 -8.026343299 0.3522031727 -0.01737286309 1


mesh: pSphereShape3 tranform: pSphere3 0.1110456319 0.2681632314 -0.04467378522 0 0.02880718184 0.009790231293 0.1303738141 0 0.1200587597 -0.05346647114 -0.0225129979 0 -7.898463608 0.8018672715 -0.08726720245 1


mesh: pSphereShape4 tranform: pSphere4 0.09715980397 -0.01753289802 -0.1513966808 0 0.03665332377 0.1439456222 0.006852500553 0 0.1390026879 -0.03986106979 0.09382209636 0 -7.714669883 1.053296386 -0.2294416641 1


mesh: pSphereShape5 tranform: pSphere5 0.1203973924 -0.02060349589 -0.1413157924 0 0.03145554463 0.1347321879 0.007155686241 0 0.1289766695 -0.03622837915 0.1151667884 0 -7.527082796 1.040686416 -0.4564115429 1


mesh: pSphereShape6 tranform: pSphere6 0.06610284952 -0.2545301813 -0.04305533047 0 0.08737349981 0.03161642745 -0.05276228694 0 0.05450367741 -0.001010258778 0.08965184319 0 -7.423599601 0.7364848337 -0.5507679468 1


mesh: pSphereShape7 tranform: pSphere7 0.144265112 -0.2055237725 0.0123115105 0 0.07455796868 0.04961019379 -0.04548909942 0 0.04399920676 0.03766540399 0.1131936999 0 -7.219391062 0.3175031251 -0.5229707194 1


mesh: pSphereShape8 tranform: pSphere8 -0.00577542564 -0.1888464898 0.01202936239 0 0.0398582883 -0.002402339867 -0.01857744939 0 0.0488109074 0.00513580833 0.1040606394 0 -7.073912488 0.001187298502 -0.4883488974 1


mesh: pSphereShape10 tranform: pSphere10 0.1108045468 -0.01462085013 -0.1455171037 0 0.007091768532 0.1542966175 -0.01010291906 0 0.1776163956 0.0006874680062 0.1351776001 0 -7.580279574 1.478738826 -0.3491103643 1


mesh: pSphereShape11 tranform: pSphere11 0.04603610858 -0.006185817544 -0.06256428298 0 0.02891489256 0.1688332648 0.004583403637 0 0.07229232098 -0.01386229865 0.05456478722 0 -7.614528946 1.291965103 -0.3600795122 1


mesh: pSphereShape12 tranform: pSphere12 0.1766220932 -0.03255266925 -0.2605313233 0 0.03181091217 0.1626961601 0.001237147246 0 0.1399730729 -0.02811629151 0.09840504838 0 -7.645497254 0.8569986318 -0.2939385235 1


mesh: pSphereShape13 tranform: pSphere13 0.1223785041 -0.03490446796 -0.1783363435 0 0.0485672776 0.2010007395 -0.006012420529 0 0.1556868672 -0.03422212978 0.1135339592 0 -7.691272185 0.6371928956 -0.2998770931 1


mesh: pSphereShape14 tranform: pSphere14 0.1223547529 -0.02751422949 -0.1826508361 0 0.04641890255 0.2370990278 -0.004620968234 0 0.1549927732 -0.02823780709 0.1080807753 0 -7.722378626 0.446342757 -0.2895533824 1


mesh: pSphereShape15 tranform: pSphere15 0.05263786001 -0.01206751811 -0.1418269458 0 -0.07308236629 0.3683266011 -0.05846341291 0 0.1726550723 0.04383685965 0.06034954347 0 -7.763389341 -0.1255287877 -0.08681847103 1


mesh: pSphereShape16 tranform: pSphere16 0.0349445238 -0.006153031686 -0.09372449104 0 0.01272030427 0.3620162234 -0.019023761 0 0.07794843562 -0.001207517932 0.0291418052 0 -7.684883092 -0.8172316314 0.03502591093 1


mesh: pSphereShape17 tranform: pSphere17 0.03978649595 0.00304163554 -0.1050482092 0 -0.0001949352662 0.1039943211 0.002937289787 0 0.2603997429 -0.002295647026 0.09855866059 0 -7.51472322 -1.285702779 0.1399618958 1


mesh: pSphereShape18 tranform: pSphere18 0.04434754897 -0.003132830622 -0.1198637262 0 0.01716016294 0.3578222134 -0.003003287421 0 0.136842025 -0.006136275382 0.05078961342 0 -7.693757659 -0.1668256977 -0.4541802284 1


mesh: pSphereShape19 tranform: pSphere19 0.02935489391 -0.0008678395003 -0.08131060761 0 0.1100535482 0.414432219 0.03530842612 0 0.09117334245 -0.02704021533 0.03320415923 0 -7.783582761 -0.8837611978 -0.492825906 1


mesh: pSphereShape20 tranform: pSphere20 -0.004499916034 0.01016608982 -0.1148821207 0 -0.00447297057 0.08149460923 0.007386784857 0 0.2613117861 0.01514879855 -0.008895005102 0 -7.661731627 -1.288700424 -0.4988197657 1


mesh: pSphereShape21 tranform: pSphere21 0.1458191645 -0.03279073236 -0.2176784447 0 -0.05434921518 0.1234104428 -0.0549979855 0 0.1973715853 0.1366685648 0.1116284038 0 -7.794194945 0.2829058905 -0.3180677112 1


mesh: pSphereShape22 tranform: pSphere22 0.005375548659 -0.0009700405164 -0.00837630575 0 0.002464969093 0.009680472962 0.0004608368447 0 0.008063957092 -0.002312458567 0.005442897334 0 -7.828424093 1.250714321 -0.1559074844 1


mesh: pSphereShape23 tranform: pSphere23 0.005907954177 -0.0007938448257 -0.008029065191 0 0.0009144766923 0.009953235027 -0.0003111990838 0 0.008016221668 -0.0005503843051 0.005952920904 0 -7.782692183 1.220568789 -0.4464940216 1


mesh: pSphereShape24 tranform: pSphere24 0.006445630683 -0.001103034896 -0.007565524378 0 0.00227049763 0.009725125313 0.0005165057177 0 0.007300594881 -0.002050671027 0.006518900423 0 -7.495730705 1.192501879 -0.6070364659 1


