mesh: pSphereShape1 tranform: pSphere1 -0.03448103483 0.1327494594 -0.05240967551 0 0.02624351263 0.03543320194 0.07248346596 0 0.1399044221 0.0136976041 -0.057350092 0 -5.664863086 0.1535046714 0.8190085484 1


mesh: pSphereShape2 tranform: pSphere2 -0.03049060395 0.2426453676 -0.08766462158 0 0.1102184054 0.0415521104 0.07667632884 0 0.08056637864 -0.02652378987 -0.1014364988 0 -5.747610175 0.4688149522 0.6836780103 1


mesh: pSphereShape3 tranform: pSphere3 0.05758943993 0.2591487828 -0.1255538248 0 0.1004145686 0.01952715182 0.08636340958 0 0.08422258282 -0.05962794489 -0.08444328943 0 -5.743450491 0.8998192373 0.5108042146 1


mesh: pSphereShape4 tranform: pSphere4 0.03618161115 -0.01597653386 -0.1763633362 0 0.04174712058 0.1426497523 -0.004357881472 0 0.1618038404 -0.04621068768 0.03738084341 0 -5.642499726 1.145413947 0.2777353361 1


mesh: pSphereShape5 tranform: pSphere5 0.05953115743 -0.01856351149 -0.176072788 0 0.03949265029 0.132790545 -0.0006475482515 0 0.1597010275 -0.0472083985 0.05897300074 0 -5.549221131 1.134799821 -0.001524123169 1


mesh: pSphereShape6 tranform: pSphere6 0.08667046959 -0.2465254996 -0.05217632721 0 0.07910456582 0.04038393162 -0.05940699967 0 0.06173200214 0.003763989819 0.08475916914 0 -5.452733329 0.8408197058 -0.1146305745 1


mesh: pSphereShape7 tranform: pSphere7 0.1840547136 -0.1701716174 0.01922238106 0 0.06107391076 0.06014114437 -0.05236735974 0 0.0390499397 0.05444287894 0.1080671166 0 -5.189510106 0.4644790472 -0.08954327612 1


mesh: pSphereShape8 tranform: pSphere8 0.03912025662 -0.1836063735 0.02448189019 0 0.04085451216 0.006702101148 -0.01501887764 0 0.03578840174 0.02190977851 0.1071291267 0 -4.979621608 0.191104796 -0.03286937276 1


mesh: pSphereShape10 tranform: pSphere10 0.03257535351 -0.01272380364 -0.1801210579 0 0.001192176385 0.1544152232 -0.01069232789 0 0.2196537131 0.001049722913 0.03965078249 0 -5.564980178 1.573449235 0.1199462686 1


mesh: pSphereShape11 tranform: pSphere11 0.01607853281 -0.003763961462 -0.07615241634 0 0.02867262488 0.1689211701 -0.002295383949 0 0.08833530209 -0.01473067605 0.01937886965 0 -5.598323768 1.386865751 0.1263408693 1


mesh: pSphereShape12 tranform: pSphere12 0.07756252978 -0.03071336817 -0.3052414676 0 0.03307335957 0.1622556558 -0.007922135469 0 0.1645098139 -0.03133788141 0.04495552107 0 -5.605480356 0.949802479 0.1911344299 1


mesh: pSphereShape13 tranform: pSphere13 0.05246508589 -0.02989632494 -0.2105998482 0 0.05795963535 0.1981151897 -0.0136849996 0 0.1819252629 -0.04960612123 0.0523635955 0 -5.660223777 0.7291028533 0.1952843862 1


mesh: pSphereShape14 tranform: pSphere14 0.05015206829 -0.02421418254 -0.2144469392 0 0.06368973327 0.2328214155 -0.01139399988 0 0.1791525032 -0.04669978205 0.04717094896 0 -5.702034344 0.5396058356 0.2079717897 1


mesh: pSphereShape15 tranform: pSphere15 0.01410544167 -0.01079789859 -0.1507172643 0 -0.1255189583 0.3567586008 -0.0373065658 0 0.1766608771 0.06340875675 0.0119906527 0 -5.633696418 -0.005701001398 0.4292602051 1


mesh: pSphereShape16 tranform: pSphere16 0.01040041963 0.0001463362221 -0.09967481939 0 0.0893617604 0.3514215429 0.009840253681 0 0.08019776856 -0.02062668132 0.008337833178 0 -5.555078671 -0.673006349 0.4991589861 1


mesh: pSphereShape17 tranform: pSphere17 0.03582254882 -0.0007779988973 -0.1065057875 0 0.02672434727 0.1002054015 0.008256589278 0 0.2540329849 -0.07483470722 0.08598903908 0 -5.488325661 -1.180530313 0.5590254887 1


mesh: pSphereShape18 tranform: pSphere18 0.01847800092 -0.02183491821 -0.1246018957 0 0.02386535601 0.3526701384 -0.05826187087 0 0.1442303317 -0.006051467252 0.02244926915 0 -5.746367404 -0.07216763649 0.1018507363 1


mesh: pSphereShape19 tranform: pSphere19 0.01132165354 -0.0145482281 -0.08446328831 0 0.1952027734 0.3813742096 -0.03952368997 0 0.08879029823 -0.04343766478 0.01938349882 0 -5.911856757 -0.7607859348 0.1799661282 1


mesh: pSphereShape20 tranform: pSphere20 -0.01280550471 -0.005556020666 -0.1145715931 0 0.03475284654 0.07384074298 -0.007465100296 0 0.2353992511 -0.1128961139 -0.02083547073 0 -5.899520801 -1.228475333 0.2343852931 1


mesh: pSphereShape21 tranform: pSphere21 0.05976991103 -0.02885782352 -0.255572201 0 -0.0581821851 0.1304627976 -0.02833804454 0 0.23519199 0.1140385015 0.04212704404 0 -5.793961874 0.3841584004 0.199744763 1


mesh: pSphereShape22 tranform: pSphere22 0.0020018156 -0.0008839317463 -0.009757632857 0 0.002807531524 0.009593324547 -0.0002930714608 0 0.009386719397 -0.002680818683 0.002168573298 0 -5.715558754 1.343745711 0.3901987817 1


mesh: pSphereShape23 tranform: pSphere23 0.002063407139 -0.0004830406505 -0.009772871774 0 0.0007306327484 0.009967530383 -0.0003383989485 0 0.009757485679 -0.0006442125358 0.002091999867 0 -5.787351194 1.316305107 0.1147821882 1


mesh: pSphereShape24 tranform: pSphere24 0.003187077786 -0.0009938216836 -0.009426285252 0 0.002850625222 0.009584975281 -4.674078252e-05 0 0.009039716313 -0.002672183998 0.003338107496 0 -5.566113856 1.29245274 -0.148421873 1


