mesh: pSphereShape1 tranform: pSphere1 0.04163979471 0.1324667507 0.04771605905 0 -0.06734861896 0.03486966869 -0.0380309916 0 -0.08167787989 -0.01986598838 0.126427731 0 1.699315818 -0.05747348104 -0.4162232013 1


mesh: pSphereShape2 tranform: pSphere2 0.05150320343 0.2424562354 0.07780701219 0 -0.121938837 0.04346649143 -0.05473132856 0 -0.06030200388 -0.02415005437 0.1151705661 0 1.811228149 0.2556644224 -0.2983588464 1


mesh: pSphereShape3 tranform: pSphere3 0.01775248134 0.2638810254 0.127632488 0 -0.1140643045 0.03658787208 -0.05978039669 0 -0.06934034117 -0.04577666426 0.1042881513 0 1.887859529 0.690687706 -0.1354145034 1


mesh: pSphereShape4 tranform: pSphere4 0.07910797315 0.001251106201 0.1625076869 0 -0.02025580992 0.1470519762 0.008728315905 0 -0.1531988642 -0.02554070015 0.07477311377 0 1.948779893 0.9571212573 0.09814989461 1


mesh: pSphereShape5 tranform: pSphere5 0.06181139877 0.000982993731 0.1762627982 0 -0.01831764195 0.1372073763 0.005658398087 0 -0.165068162 -0.02442995981 0.05802193421 0 2.049595305 0.978093072 0.3746660222 1


mesh: pSphereShape6 tranform: pSphere6 0.05296734279 -0.2475383657 0.08323568635 0 -0.01080238123 0.03179767056 0.1014386641 0 -0.1022821634 -0.02311235843 -0.003647246007 0 2.124341808 0.6857110031 0.5228832202 1


mesh: pSphereShape7 tranform: pSphere7 -0.01502332339 -0.2241104966 0.1129283045 0 -0.01545719035 0.0454859993 0.08821235357 0 -0.1254066701 -0.00211635498 -0.02088335903 0 2.107436233 0.2427405529 0.6819145148 1


mesh: pSphereShape8 tranform: pSphere8 0.0640391998 -0.1781222893 -0.003533942699 0 -0.01139557071 -0.004935287715 0.04225351953 0 -0.1040987572 -0.03678373253 -0.03237134009 0 2.108916561 -0.09273020689 0.7811866519 1


mesh: pSphereShape10 tranform: pSphere10 0.1347514642 -0.002725142156 0.1245040594 0 -0.0006422280747 0.1547343978 0.004081910312 0 -0.1514906689 -0.004951168415 0.1638508569 0 1.983193451 1.396477733 0.2527996656 1


mesh: pSphereShape11 tranform: pSphere11 0.04653729525 0.004018395701 0.06236994295 0 -0.02665437616 0.1690276034 0.008997968444 0 -0.07209677412 -0.01428180604 0.05471511838 0 2.002550796 1.211774886 0.2204503224 1


mesh: pSphereShape12 tranform: pSphere12 0.09388904371 0.001374484602 0.3021830055 0 -0.01297091579 0.1652407697 0.003278496698 0 -0.1650319837 -0.01397313807 0.05133942252 0 1.959749411 0.7740967311 0.2102475912 1


mesh: pSphereShape13 tranform: pSphere13 0.06494783289 0.01505968469 0.208695128 0 -0.02213898114 0.20553108 -0.00794150984 0 -0.1857284054 -0.01772315313 0.0590793022 0 1.985785512 0.5515915306 0.2189654398 1


mesh: pSphereShape14 tranform: pSphere14 0.06028541346 0.009937370542 0.2129693967 0 -0.01760693717 0.240920848 -0.00625760448 0 -0.1833177225 -0.01203478539 0.05245344633 0 1.99145318 0.3580194179 0.2270822026 1


mesh: pSphereShape15 tranform: pSphere15 0.03756102835 0.01222923388 0.1465294061 0 -0.06335780267 0.374411623 -0.01500711114 0 -0.1795088606 -0.02843693597 0.04838823506 0 2.020653331 -0.2267982876 0.04660867822 1


mesh: pSphereShape16 tranform: pSphere16 0.02223451804 0.01209171635 0.09696739847 0 -0.2042458894 0.2996220539 0.009470853509 0 -0.06625442605 -0.04582504994 0.02090639503 0 2.227692726 -0.8876058063 0.02537708422 1


mesh: pSphereShape17 tranform: pSphere17 0.01188173112 0.005114740207 0.1116244012 0 -0.02511188704 0.1009409061 -0.001952205956 0 -0.2685952205 -0.06620899691 0.03162407118 0 2.27501702 -1.333964799 0.02545759614 1


mesh: pSphereShape18 tranform: pSphere18 0.0388912312 0.0028031224 0.12175158 0 0.1616721227 0.3142225147 -0.05887752811 0 -0.1225605157 0.07009248849 0.03753587041 0 1.883129078 -0.2242880878 0.4355618059 1


mesh: pSphereShape19 tranform: pSphere19 0.02746515185 0.002609248191 0.08193128285 0 0.1053219405 0.4143277125 -0.04850121692 0 -0.09227244364 0.02697592271 0.03007263785 0 1.621660415 -0.8877410811 0.5581188584 1


mesh: pSphereShape20 tranform: pSphere20 0.06730150538 -0.005693715106 0.09359267735 0 0.02396843085 0.0773593871 -0.01252928327 0 -0.1985009905 0.08546251679 0.1479390813 0 1.329093585 -1.219911473 0.7036673146 1


mesh: pSphereShape21 tranform: pSphere21 0.07184656429 0.01184309588 0.2538113048 0 0.08152123033 0.1172522436 -0.02854738832 0 -0.2072226496 0.1565772056 0.05135262422 0 2.053432181 0.1882765949 0.2217683175 1


mesh: pSphereShape22 tranform: pSphere22 0.00437679721 6.921980063e-05 0.008991043032 0 -0.001362221493 0.009889378076 0.0005869871195 0 -0.008887519271 -0.001481691565 0.004337809507 0 1.950528523 1.13518185 -0.06188917663 1


mesh: pSphereShape23 tranform: pSphere23 0.00597227299 0.0005156929723 0.008004124942 0 -0.000785245819 0.009968962384 -5.637361368e-05 0 -0.007982189195 -0.0005948527035 0.005994231053 0 2.140142838 1.137875465 0.09218855625 1


mesh: pSphereShape24 tranform: pSphere24 0.003309153466 5.262584534e-05 0.009436457696 0 -0.001322188604 0.009903787278 0.0004084297252 0 -0.009343517573 -0.001382833347 0.003284273329 0 2.168464271 1.13899601 0.4565144759 1


