mesh: pSphereShape1 tranform: pSphere1 0.07274460758 0.1266335453 0.01517570749 0 -0.06007897772 0.03987034554 -0.04470971454 0 -0.07637777368 0.02852704942 0.1280724321 0 3.616403798 -0.1177921955 -0.4697260714 1


mesh: pSphereShape2 tranform: pSphere2 0.09854346997 0.2389610028 0.02604536231 0 -0.1207433844 0.05486388845 -0.04652873358 0 -0.04543849632 0.005215775753 0.1240643173 0 3.794161276 0.1840848428 -0.4266784358 1


mesh: pSphereShape3 tranform: pSphere3 0.04420348297 0.2784332358 0.08221546948 0 -0.1178320882 0.03447135136 -0.05338875062 0 -0.06002892518 -0.02485248179 0.116440915 0 3.931196485 0.6230847324 -0.3490054496 1


mesh: pSphereShape4 tranform: pSphere4 0.07333094379 0.01852780496 0.1641574796 0 -0.03841183871 0.1436467908 0.0009461442886 0 -0.1511272918 -0.04088721911 0.07212499479 0 4.001907205 0.9110996697 -0.1543583572 1


mesh: pSphereShape5 tranform: pSphere5 0.04383188116 0.01484624957 0.180965589 0 -0.03408739255 0.13425298 -0.002757644203 0 -0.1661407835 -0.04128768415 0.0436283516 0 4.079171665 0.9553619423 0.1255603743 1


mesh: pSphereShape6 tranform: pSphere6 0.0564880859 -0.2229743145 0.1345381456 0 -0.03820639603 0.0442792978 0.08942707065 0 -0.09543010108 -0.03755629838 -0.02217531783 0 4.156163043 0.6925511774 0.3261682376 1


mesh: pSphereShape7 tranform: pSphere7 -0.02033730824 -0.2052489399 0.1437472903 0 -0.04082816247 0.05532648044 0.07322132134 0 -0.1157172191 -0.02205325697 -0.0478602717 0 4.145501671 0.2794129685 0.5516489093 1


mesh: pSphereShape8 tranform: pSphere8 0.07832622481 -0.167976446 0.03860018013 0 -0.02275939027 -0.001960076356 0.03765294497 0 -0.08623428978 -0.05282024249 -0.05487410256 0 4.152860521 -0.03706301707 0.6996405628 1


mesh: pSphereShape10 tranform: pSphere10 0.06559612086 0.006931560667 0.1712184182 0 -0.001214281476 0.1546762184 -0.005796662811 0 -0.208447762 0.001354343491 0.07980436347 0 4.009241905 1.363567303 -0.02716469552 1


mesh: pSphereShape11 tranform: pSphere11 0.02492033264 0.003854841917 0.07372919606 0 -0.02758874896 0.1691164618 0.0004828965619 0 -0.08555304691 -0.01404132885 0.02965090638 0 4.042026112 1.176681215 -0.03077622214 1


mesh: pSphereShape12 tranform: pSphere12 0.07304443295 0.02475696288 0.3068928382 0 -0.03498510348 0.1619786447 -0.004739870301 0 -0.1646980905 -0.03434430249 0.04197080429 0 4.0327686 0.7356550669 -0.03550468659 1


mesh: pSphereShape13 tranform: pSphere13 0.04547131714 0.02566603315 0.2127728498 0 -0.05757152635 0.1983598509 -0.01162393312 0 -0.1835305575 -0.05061132855 0.04532706231 0 4.092187823 0.5175383566 -0.01952270428 1


mesh: pSphereShape14 tranform: pSphere14 0.04048575926 0.02464846178 0.2164310582 0 -0.05625546352 0.2344475235 -0.01617709445 0 -0.1824952323 -0.04111096771 0.03881966029 0 4.129693577 0.3287436033 -0.006131337166 1


mesh: pSphereShape15 tranform: pSphere15 0.06003973906 0.02525938647 0.1370709487 0 -0.0922921663 0.3676399176 -0.02732279314 0 -0.1665854339 -0.03590488248 0.07958419627 0 4.22476719 -0.265059243 -0.1461472755 1


mesh: pSphereShape16 tranform: pSphere16 0.03731944945 0.02003941987 0.09082367592 0 -0.2096445585 0.2952759883 0.02099298422 0 -0.06043536434 -0.04538630866 0.03484696901 0 4.463496261 -0.9192935023 -0.1573739461 1


mesh: pSphereShape17 tranform: pSphere17 0.07668926004 0.03963532582 0.07193845561 0 -0.0432647126 0.09442872315 -0.005904691865 0 -0.1673642968 -0.06334301003 0.2133165744 0 4.595509719 -1.357051021 -0.03624139555 1


mesh: pSphereShape18 tranform: pSphere18 0.006142549893 -0.002672244722 0.1276673833 0 0.1622188888 0.3194119703 -0.001119241755 0 -0.1300673972 0.06608375078 0.007641242465 0 4.032254704 -0.234507686 0.1665935774 1


mesh: pSphereShape19 tranform: pSphere19 0.005297559759 -0.001790002631 0.08627056047 0 0.05400524657 0.4268082477 0.005539454741 0 -0.09974120505 0.01253766681 0.006384883184 0 3.804051357 -0.9141683672 0.1827528261 1


mesh: pSphereShape20 tranform: pSphere20 0.03108671638 -0.01328579535 0.1103567124 0 0.01542918988 0.08030914567 0.005322086998 0 -0.2473563154 0.04256550734 0.07480299167 0 3.53138159 -1.292677321 0.2082328392 1


mesh: pSphereShape21 tranform: pSphere21 0.04824985911 0.02937538606 0.2579368216 0 0.06325360617 0.128480999 -0.02646445161 0 -0.2335185777 0.1211219079 0.02988807732 0 4.218853665 0.1715720428 -0.0006688085933 1


mesh: pSphereShape22 tranform: pSphere22 0.00405717221 0.001025085612 0.009082320912 0 -0.00258323081 0.009660376283 6.362905705e-05 0 -0.00876734123 -0.002371988524 0.004184184292 0 3.986696332 1.080453025 -0.3229086683 1


mesh: pSphereShape23 tranform: pSphere23 0.003198102268 0.0004947036165 0.009461892528 0 -0.0006971194434 0.009971578844 -0.0002857268601 0 -0.009449135747 -0.0005682285534 0.003223499643 0 4.212365931 1.102325485 -0.1101446449 1


mesh: pSphereShape24 tranform: pSphere24 0.002346596653 0.0007948132415 0.009688227705 0 -0.002460467461 0.009690535537 -0.0001990499514 0 -0.00940423224 -0.002337047907 0.002469539037 0 4.170654124 1.132001241 0.2101078389 1


