mesh: pSphereShape1 tranform: pSphere1 -0.07135297537 0.1243427287 -0.0317139331 0 0.03920428475 0.03892035213 0.06439190042 0 0.1126259763 0.0408436821 -0.09325817836 0 2.152703688 0.09445704988 0.2967648289 1


mesh: pSphereShape2 tranform: pSphere2 -0.09292429566 0.2366123983 -0.05358344364 0 0.1104119501 0.0580305002 0.06477342436 0 0.06676141968 0.0003721712848 -0.1141340897 0 1.983858531 0.3924660992 0.2113220696 1


mesh: pSphereShape3 tranform: pSphere3 -0.007850803879 0.2754657419 -0.1014661916 0 0.1073318554 0.03033334205 0.07404589753 0 0.07961758614 -0.03496482632 -0.1010846442 0 1.880581909 0.8271383815 0.09095475885 1


mesh: pSphereShape4 tranform: pSphere4 -0.01081177839 -0.00689816613 -0.180288396 0 0.02650673 0.1461389393 -0.00718113645 0 0.169300707 -0.03114815806 -0.008961067892 0 1.886209122 1.094066862 -0.129732569 1


mesh: pSphereShape5 tranform: pSphere5 0.0005348056944 -0.007473997741 -0.1866388027 0 0.02327972562 0.1364636706 -0.00539801489 0 0.1741532071 -0.02964259577 0.001686073936 0 1.88971256 1.101390543 -0.425575008 1


mesh: pSphereShape6 tranform: pSphere6 0.02273999725 -0.2487001837 -0.09295199059 0 0.05487332096 0.03645959714 -0.0841261095 0 0.08958566988 -0.01174601673 0.05334382162 0 1.910072063 0.8062613176 -0.5829036834 1


mesh: pSphereShape7 tranform: pSphere7 0.1464624608 -0.1938391008 -0.06464648066 0 0.04461053643 0.05694790959 -0.06968612358 0 0.08655203917 0.0368702229 0.08553804847 0 2.101167387 0.3987377285 -0.6825111141 1


mesh: pSphereShape8 tranform: pSphere8 0.02588163802 -0.1875198242 -0.002741198981 0 0.02476867799 0.00394778404 -0.03620087846 0 0.09382470635 0.01199223099 0.06550273854 0 2.27238306 0.09994192559 -0.7422073782 1


mesh: pSphereShape10 tranform: pSphere10 -4.350878075e-05 -0.01140237523 -0.1831300856 0 0.0009402446018 0.1544875243 -0.009619203877 0 0.2232021485 -0.001356499624 3.143156052e-05 0 1.934104236 1.526484786 -0.2949145656 1


mesh: pSphereShape11 tranform: pSphere11 0.0008296919014 -0.00326576998 -0.07784936413 0 0.03548575159 0.167506139 -0.006648664191 0 0.08963616562 -0.01891977366 0.001748993471 0 1.902555177 1.339579714 -0.2843194335 1


mesh: pSphereShape12 tranform: pSphere12 0.002326084593 -0.01317969658 -0.3161526458 0 0.0137055355 0.1650747853 -0.006780760425 0 0.1727987844 -0.01427017002 0.001866253877 0 1.917363732 0.9063741663 -0.2329996849 1


mesh: pSphereShape13 tranform: pSphere13 0.001014492838 -0.006997672913 -0.2189718588 0 0.03384889884 0.2039853055 -0.006361927004 0 0.1930630267 -0.03197671154 0.001916335863 0 1.887052619 0.6807281295 -0.2332405584 1


mesh: pSphereShape14 tranform: pSphere14 -0.001114772197 -0.0009053474668 -0.2215558258 0 0.04408224907 0.23758651 -0.001192656567 0 0.1878454594 -0.0348572303 -0.0008027186364 0 1.86397075 0.4863260824 -0.2307879248 1


mesh: pSphereShape15 tranform: pSphere15 -0.00546819715 -0.005055848361 -0.1515776668 0 -0.09530313238 0.367780976 -0.00882919335 0 0.1819422231 0.0469515459 -0.008129666251 0 1.952236744 -0.08541584523 -0.0374229177 1


mesh: pSphereShape16 tranform: pSphere16 0.002824181097 0.009428947239 -0.09973153322 0 0.2600191424 0.2510033327 0.03109385997 0 0.05798283119 -0.05957123314 -0.00399011211 0 1.85865085 -0.6815918059 -0.01858298878 1


mesh: pSphereShape17 tranform: pSphere17 0.0320964496 -0.02893418965 -0.1037302928 0 0.08050937115 0.06555788767 0.00662487881 0 0.1573983662 -0.2039663935 0.1055962607 0 1.633434225 -1.150122483 0.03131758448 1


mesh: pSphereShape18 tranform: pSphere18 0.0009755666515 -0.007503299618 -0.127618891 0 -0.07543814088 0.3495752357 -0.02112980802 0 0.1428122435 0.03077542059 -0.000717717719 0 1.909564763 -0.1162875394 -0.3805575079 1


mesh: pSphereShape19 tranform: pSphere19 -0.001148558647 -0.006541410341 -0.08619610557 0 0.1796448651 0.3896390577 -0.03196341188 0 0.0915182486 -0.04203326558 0.001970422691 0 1.864566857 -0.8036407138 -0.3513658931 1


mesh: pSphereShape20 tranform: pSphere20 -0.02335115523 0.007910289779 -0.1127548276 0 0.03505626602 0.07404549788 -0.002065392407 0 0.2307231703 -0.1107836927 -0.05555401762 0 1.890488331 -1.28006764 -0.3367398335 1


mesh: pSphereShape21 tranform: pSphere21 -0.001328556076 -0.001078969211 -0.2640443844 0 -0.07149747293 0.1268733194 -0.0001587006037 0 0.2306473909 0.1299756103 -0.001691638606 0 1.782886106 0.3247770659 -0.2338629448 1


mesh: pSphereShape22 tranform: pSphere22 -0.0005981819482 -0.0003816539986 -0.009974794162 0 0.001782601507 0.009827975521 -0.0004829379053 0 0.009821634804 -0.001806996785 -0.0005198580551 0 1.82874735 1.280670125 0.008826096693 1


mesh: pSphereShape23 tranform: pSphere23 0.0001064768914 -0.0004191062188 -0.009990646258 0 0.001112601384 0.00992966987 -0.0004046905427 0 0.009937342745 -0.001107251666 0.0001523578539 0 1.711804885 1.277622731 -0.2594310104 1


mesh: pSphereShape24 tranform: pSphere24 2.863151705e-05 -0.0004001301706 -0.009991950564 0 0.001680357548 0.009850105741 -0.0003896349646 0 0.009857767432 -0.001677889371 9.543852228e-05 0 1.80982631 1.25932869 -0.5496414602 1


