mesh: pSphereShape1 tranform: pSphere1 0.09863966989 0.1052571911 -0.02737287128 0 0.04985739616 -0.03076394715 0.06136697968 0 0.06846076492 -0.09040758189 -0.1009430411 0 2.294012246 0.01426084137 0.2637457549 1


mesh: pSphereShape2 tranform: pSphere2 0.1693597636 0.1937747828 -0.03549846814 0 0.06330739246 -0.03316015511 0.1210227762 0 0.08066133478 -0.08236218362 -0.0647613764 0 2.5051752 0.2836941369 0.1812371809 1


mesh: pSphereShape3 tranform: pSphere3 0.1877017136 0.2117191323 -0.07862234961 0 0.06633428744 -0.01603838425 0.1151762402 0 0.07842754538 -0.09101071959 -0.0578426611 0 2.795487812 0.6468992797 0.08431227131 1


mesh: pSphereShape4 tranform: pSphere4 0.02757969499 0.007744811221 -0.1784594164 0 0.01714512634 0.1474277713 0.009047758002 0 0.1691933132 -0.02122452681 0.02522657593 0 2.985850512 0.878444236 -0.1101532555 1


mesh: pSphereShape5 tranform: pSphere5 0.05162051252 0.008890536369 -0.1792943679 0 0.01679686352 0.1370255927 0.01163055897 0 0.1684292277 -0.024658567 0.0472696118 0 3.063112905 0.9109840012 -0.3925984033 1


mesh: pSphereShape6 tranform: pSphere6 0.1335467417 -0.2225855699 -0.06024859537 0 0.03082796858 0.04355416874 -0.09257568048 0 0.08560192355 0.03871358542 0.04671930489 0 3.21045215 0.6516299092 -0.5243106065 1


mesh: pSphereShape7 tranform: pSphere7 0.2490909375 -0.0230530425 -0.02502556634 0 -0.002559231033 0.05986287212 -0.08061765976 0 0.0169010916 0.1014350839 0.07478437946 0 3.590206016 0.4527143471 -0.5599564448 1


mesh: pSphereShape8 tranform: pSphere8 0.1603314466 -0.0865649318 0.05139452897 0 0.0189351764 0.01270013252 -0.03767946043 0 0.03600258226 0.09679381726 0.05071754028 0 3.933124952 0.3902143937 -0.5532103397 1


mesh: pSphereShape10 tranform: pSphere10 0.01878865728 0.004092904731 -0.1824743237 0 -0.0007974780066 0.1547504036 0.003388943197 0 0.2220299894 0.0006432206452 0.02287597473 0 3.048360276 1.323335872 -0.2339051037 1


mesh: pSphereShape11 tranform: pSphere11 0.008567769819 0.003211419841 -0.07738318448 0 0.02692719959 0.1689284979 0.009991917277 0 0.0899268146 -0.01488671043 0.009338783041 0 3.016497417 1.136480123 -0.2425974998 1


mesh: pSphereShape12 tranform: pSphere12 0.03471534852 0.01172610614 -0.3143071007 0 0.007434215633 0.1654669668 0.00699432051 0 0.1721749296 -0.008525993566 0.01869870572 0 3.048114845 0.7009388137 -0.223154148 1


mesh: pSphereShape13 tranform: pSphere13 0.01766832406 -0.004544961904 -0.2183250906 0 0.01514196407 0.2062947607 -0.003069132816 0 0.1945385243 -0.01404049147 0.01603564289 0 3.032855472 0.4768204235 -0.236612636 1


mesh: pSphereShape14 tranform: pSphere14 0.007120303407 -0.004548405012 -0.2213993216 0 0.01175323658 0.2413149517 -0.004579560216 0 0.1907289617 -0.009169465907 0.006322307177 0 3.032716868 0.2828412391 -0.2347461938 1


mesh: pSphereShape15 tranform: pSphere15 -0.02390472642 0.005312475803 -0.1497718048 0 -0.1960864155 0.3227174777 0.04274383232 0 0.1583614652 0.09910419621 -0.02176042988 0 3.239839478 -0.2486938114 -0.1060403879 1


mesh: pSphereShape16 tranform: pSphere16 -0.01640176055 0.007048452341 -0.09861319046 0 -0.06526916188 0.3549745487 0.03622791572 0 0.08072709951 0.01609619035 -0.01227638331 0 3.532402098 -0.8821289072 -0.1487423162 1


mesh: pSphereShape17 tranform: pSphere17 0.004431704275 0.006650435637 -0.1120869072 0 -0.02254696781 0.1014338882 0.005126897205 0 0.2715974423 0.05964967856 0.01427763451 0 3.817902454 -1.29771329 -0.1688918872 1


mesh: pSphereShape18 tranform: pSphere18 -0.02167966417 -0.006885265569 -0.1258030916 0 0.008092258352 0.3575406255 -0.02096291568 0 0.1439385898 -0.004697042494 -0.02454788561 0 2.999168632 -0.3247784114 -0.3962942073 1


mesh: pSphereShape19 tranform: pSphere19 -0.01880546846 -0.007089756139 -0.08408309917 0 0.3675100168 0.2005663533 -0.09910629658 0 0.04757259996 -0.08873072591 -0.003158135486 0 2.714742063 -0.8786752228 -0.3171959874 1


mesh: pSphereShape20 tranform: pSphere20 -0.03064175427 0.006702259817 -0.1110750327 0 0.0630257802 0.05037719368 -0.01434687338 0 0.1522757223 -0.2060121991 -0.05443835941 0 2.490721636 -1.257733599 -0.2381156385 1


mesh: pSphereShape21 tranform: pSphere21 0.008485789632 -0.00542066902 -0.2638578668 0 -0.08785192492 0.1160330008 -0.005209128167 0 0.2109847274 0.1598997556 0.003500401075 0 2.974255273 0.1117909809 -0.2372583783 1


mesh: pSphereShape22 tranform: pSphere22 0.001525898431 0.0004284962286 -0.009873602431 0 0.001153025215 0.009914650637 0.0006084698887 0 0.009815404568 -0.001231297582 0.001463468289 0 2.887830146 1.049389785 0.02582749387 1


mesh: pSphereShape23 tranform: pSphere23 0.001099528024 0.0004121312997 -0.009930820002 0 0.0006124092712 0.009969607222 0.00048154617 0 0.009920483507 -0.0006611199748 0.00107094695 0 2.827830604 1.064035108 -0.2420241266 1


mesh: pSphereShape24 tranform: pSphere24 0.002763571143 0.0004759664047 -0.009598756717 0 0.001212417056 0.009890665929 0.0008395072122 0 0.009533767326 -0.001395773427 0.002675648916 0 3.01191048 1.076802599 -0.5214442813 1


