mesh: pSphereShape1 tranform: pSphere1 0.01168491056 0.1368925915 0.05178818493 0 -0.06753246589 0.02311408142 -0.04586057002 0 -0.09110288678 -0.03609385182 0.1159629364 0 3.624598876 -0.03969647278 -0.5576491457 1


mesh: pSphereShape2 tranform: pSphere2 -0.002327760852 0.2469539449 0.08062175776 0 -0.1163678859 0.02346775985 -0.07524435898 0 -0.07414251302 -0.03460869773 0.1038698315 0 3.663746163 0.2862926901 -0.4284724349 1


mesh: pSphereShape3 tranform: pSphere3 -0.03270752276 0.2640461456 0.1242909856 0 -0.1071670937 0.0229210378 -0.07689521322 0 -0.07852496867 -0.0537058749 0.09342972062 0 3.65266844 0.7284219937 -0.2628382717 1


mesh: pSphereShape4 tranform: pSphere4 0.04229118015 -0.008568555369 0.1755175801 0 -0.02925952599 0.145102994 0.0141338715 0 -0.1641219035 -0.03677171514 0.03775022711 0 3.639733736 0.9853089259 -0.02242201222 1


mesh: pSphereShape5 tranform: pSphere5 0.01044892958 -0.01097224631 0.186173626 0 -0.02709105696 0.1355326049 0.009508165624 0 -0.1729732524 -0.03511080673 0.007638788288 0 3.665246911 0.9877948919 0.2699922639 1


mesh: pSphereShape6 tranform: pSphere6 0.01389292571 -0.2416721099 0.1114026 0 -0.03397143121 0.04079380552 0.09273291308 0 -0.09932989463 -0.01869319753 -0.028164887 0 3.685788903 0.698102558 0.4456477167 1


mesh: pSphereShape7 tranform: pSphere7 -0.07734311923 -0.2077961154 0.1185024607 0 -0.03261499657 0.05593293455 0.07679250627 0 -0.1137219922 0.01044510284 -0.05590737754 0 3.581996787 0.2772450048 0.623323444 1


mesh: pSphereShape8 tranform: pSphere8 0.03105943302 -0.1854353517 0.02213819693 0 -0.01859551958 0.00164740214 0.03988820286 0 -0.1025728065 -0.022776906 -0.04687781784 0 3.507719731 -0.0424843356 0.744560413 1


mesh: pSphereShape10 tranform: pSphere10 0.03368727572 -0.012057204 0.1799623172 0 0.01028046109 0.1542187592 0.008408017501 0 -0.2189107432 0.01231382271 0.04180306719 0 3.650787157 1.41919559 0.1487658957 1


mesh: pSphereShape11 tranform: pSphere11 0.0123724206 -0.004888921241 0.07677824428 0 -0.01910565046 0.1697171539 0.01388566452 0 -0.08988672226 -0.01124537008 0.01376872596 0 3.669863923 1.230602828 0.1347908474 1


mesh: pSphereShape12 tranform: pSphere12 0.03385648735 -0.01830685414 0.3140863064 0 -0.02151473128 0.1639499995 0.01187514984 0 -0.1709267812 -0.02366490609 0.01704547544 0 3.635755403 0.7946570453 0.07776063978 1


mesh: pSphereShape13 tranform: pSphere13 0.01574580988 -0.009846445883 0.2182974772 0 -0.04559440093 0.2014057595 0.01237326109 0 -0.190371386 -0.04381859499 0.01175503382 0 3.678439554 0.5708624768 0.06906380647 1


mesh: pSphereShape14 tranform: pSphere14 0.01086409513 0.001202133918 0.2212906971 0 -0.04969979869 0.2364753941 0.001155350191 0 -0.1867344424 -0.03929162526 0.009381029427 0 3.708432776 0.3791958014 0.06385519198 1


mesh: pSphereShape15 tranform: pSphere15 0.02189275496 0.002054485153 0.1501590431 0 0.04080999998 0.3776697472 -0.01111728061 0 -0.1850120301 0.02077757234 0.02668993982 0 3.673777047 -0.2166351399 -0.09813376959 1


mesh: pSphereShape16 tranform: pSphere16 0.006321632205 0.01299222828 0.09916904121 0 -0.2942462052 0.2119374026 -0.009009090118 0 -0.04838672307 -0.06667593539 0.01181973755 0 3.849882405 -0.7954441144 -0.1116807811 1


mesh: pSphereShape17 tranform: pSphere17 -0.003031834391 0.02850304015 0.1086541658 0 -0.09197195059 0.04634491483 -0.01472391491 0 -0.1299276124 -0.239069816 0.05908929048 0 4.138287886 -1.236763738 -0.06469220898 1


mesh: pSphereShape18 tranform: pSphere18 -0.00596533076 -0.008916370837 0.1273920945 0 0.0957074132 0.3440414957 0.02856164622 0 -0.1406172679 0.03943521001 -0.003824488158 0 3.655222223 -0.2072084061 0.2130837006 1


mesh: pSphereShape19 tranform: pSphere19 -0.002624300568 -0.006890521067 0.08613658699 0 -0.1069513805 0.4156613828 0.02999249259 0 -0.09751898964 -0.02473488126 -0.004949759158 0 3.621641939 -0.9080391162 0.1768063481 1


mesh: pSphereShape20 tranform: pSphere20 0.02742365999 0.005335541131 0.1119864954 0 -0.002872717395 0.0818381248 -0.003195655464 0 -0.254235768 -0.006481148425 0.06256696999 0 3.498154941 -1.328506191 0.1703084109 1


mesh: pSphereShape21 tranform: pSphere21 0.01294754178 0.001432671468 0.263728411 0 0.06835735644 0.1285285515 -0.004054166606 0 -0.2334156821 0.1244812566 0.01078313307 0 3.793443605 0.2196504751 0.06469646823 1


mesh: pSphereShape22 tranform: pSphere22 0.002339838981 -0.0004740714209 0.009710839811 0 -0.001967729522 0.009758307261 0.0009505156102 0 -0.009521197092 -0.002133235965 0.002190002339 0 3.6664758 1.175240083 -0.1657124665 1


mesh: pSphereShape23 tranform: pSphere23 0.001587790458 -0.000627410169 0.009853186182 0 -0.0001585253689 0.009976881807 0.0006608321459 0 -0.009871868677 -0.000261124295 0.001574173731 0 3.847313013 1.153330376 0.07661384197 1


mesh: pSphereShape24 tranform: pSphere24 0.000559397008 -0.0005874134484 0.009967046725 0 -0.001955463857 0.009782900344 0.0006863104032 0 -0.00979097728 -0.001987411962 0.0004323859414 0 3.747283272 1.145840583 0.3925090012 1


