mesh: pSphereShape1 tranform: pSphere1 0.05814159019 0.1332395228 -0.02061358469 0 0.0157937144 0.005971440947 0.08314437486 0 0.1365165698 -0.06288482247 -0.02141564854 0 -0.07023211985 0.03285082491 1.165654803 1


mesh: pSphereShape2 tranform: pSphere2 0.1021799545 0.2385676388 -0.01167372275 0 -0.001362217739 0.00745085753 0.1403444451 0 0.1215626529 -0.05187352098 0.003933871527 0 0.06336231163 0.3530905688 1.102006036 1


mesh: pSphereShape3 tranform: pSphere3 0.1460473474 0.2534166472 -0.0262406816 0 -0.003935911181 0.01602524195 0.1328560649 0 0.1156144779 -0.06545791058 0.01132072647 0 0.2585254135 0.7828793281 1.059075447 1


mesh: pSphereShape4 tranform: pSphere4 0.1203511922 -0.01844030142 -0.1335811769 0 0.02284768908 0.1469307903 0.0003016784148 0 0.125847398 -0.0198076416 0.1161177318 0 0.4828791993 1.025744586 0.9431889987 1


mesh: pSphereShape5 tranform: pSphere5 0.1385004322 -0.01902978211 -0.1238777099 0 0.01908602254 0.1372190726 0.0002597183775 0 0.1160129433 -0.01638669291 0.1322245785 0 0.7004477366 1.015168669 0.7437264349 1


mesh: pSphereShape6 tranform: pSphere6 0.116390564 -0.2396824324 0.003811769766 0 0.09073414871 0.04348879783 -0.03596699316 0 0.0311559129 0.01670051564 0.09879031496 0 0.8623076718 0.7265973219 0.7050349015 1


mesh: pSphereShape7 tranform: pSphere7 0.1717271389 -0.1686423985 0.07261919887 0 0.07312901956 0.0596648743 -0.03437396487 0 0.007372005912 0.05646233889 0.1136885411 0 1.123472261 0.3620073333 0.8314547531 1


mesh: pSphereShape8 tranform: pSphere8 0.0254380294 -0.1835397819 0.03882155237 0 0.04242663971 0.003493219152 -0.01128510841 0 0.02671080045 0.02668989149 0.1086815565 0 1.312330769 0.08775281557 0.9391895084 1


mesh: pSphereShape10 tranform: pSphere10 0.1079941178 -0.01204335868 -0.1478474631 0 0.01382932686 0.1541509959 -0.002455299344 0 0.1793445294 -0.01398479854 0.1321400974 0 0.6454459044 1.447695104 0.859267038 1


mesh: pSphereShape11 tranform: pSphere11 0.04959038787 -0.002303305643 -0.06006134657 0 0.03099154789 0.1674331993 0.01916761967 0 0.06870696248 -0.01929649747 0.05746875232 0 0.6015229688 1.264333361 0.8433678016 1


mesh: pSphereShape12 tranform: pSphere12 0.2196755991 -0.03306434248 -0.2253463799 0 0.01828271431 0.164648433 -0.006335695115 0 0.1233313303 -0.009017531251 0.1215508438 0 0.5761369636 0.8326530864 0.9055239627 1


mesh: pSphereShape13 tranform: pSphere13 0.1534040006 -0.02768839418 -0.153945565 0 0.02805417001 0.2047692432 -0.008873978346 0 0.1371775827 -0.0127704351 0.1389918756 0 0.551929478 0.60935357 0.9069076663 1


mesh: pSphereShape14 tranform: pSphere14 0.1547012142 -0.01797838339 -0.1575860349 0 0.02119645061 0.2406212711 -0.006643131926 0 0.135738905 -0.008252406405 0.1341955101 0 0.5393668394 0.4163827065 0.9210950845 1


mesh: pSphereShape15 tranform: pSphere15 0.08687927099 -0.01873451272 -0.1230132601 0 -0.06862595714 0.3592596358 -0.1031817817 0 0.1504230346 0.05676320182 0.09759283393 0 0.4842501857 -0.1508962263 1.156228858 1


mesh: pSphereShape16 tranform: pSphere16 0.06070092086 -0.001426006805 -0.07972844207 0 0.1546118965 0.308360598 0.112197855 0 0.05592000645 -0.04381424317 0.0433581192 0 0.4251539906 -0.7825923231 1.213966033 1


mesh: pSphereShape17 tranform: pSphere17 0.09693742113 -0.02609775903 -0.05049144889 0 0.04015526397 0.09117585146 0.02996670459 0 0.09101758658 -0.1174748439 0.2354624506 0 0.286176357 -1.267007549 1.250163806 1


mesh: pSphereShape18 tranform: pSphere18 0.07273812509 -0.02170958927 -0.1028673489 0 0.04182952723 0.3529498415 -0.04491021453 0 0.1189236757 -0.003305338967 0.0847892246 0 0.5949690873 -0.1965721257 0.8289299874 1


mesh: pSphereShape19 tranform: pSphere19 0.04856510157 -0.0138405817 -0.07016941684 0 0.1482747293 0.4032295856 0.02308762619 0 0.07575823405 -0.03121231296 0.05858966889 0 0.4517529481 -0.9020654562 0.8506766093 1


mesh: pSphereShape20 tranform: pSphere20 0.04534074503 0.006734585189 -0.1059262124 0 -0.0003194757188 0.08179365464 0.005063534849 0 0.2408447194 -0.005419954556 0.1027467859 0 0.5060590463 -1.31286159 0.9442202338 1


mesh: pSphereShape21 tranform: pSphere21 0.1843688231 -0.02142616272 -0.1878068763 0 -0.05659133581 0.1152638151 -0.06870536101 0 0.1591754909 0.1603868191 0.137963659 0 0.4913394488 0.2453385677 0.8876356728 1


mesh: pSphereShape22 tranform: pSphere22 0.006658655774 -0.001020244314 -0.007390629528 0 0.001536527704 0.009881228213 2.028814558e-05 0 0.007300779814 -0.00114909988 0.006736333096 0 0.3428939989 1.215890271 0.9828109468 1


mesh: pSphereShape23 tranform: pSphere23 0.006364085674 -0.0002955902358 -0.007707855729 0 0.001073038915 0.00992941984 0.0005051822677 0 0.007638520866 -0.001148585238 0.006350885838 0 0.4378094527 1.20283191 0.7420799378 1


mesh: pSphereShape24 tranform: pSphere24 0.007414800414 -0.001018784087 -0.006631953996 0 0.001377651205 0.009904631529 1.874677319e-05 0 0.006566796173 -0.0009275522993 0.007484439509 0 0.7378666395 1.15865795 0.586470568 1


