mesh: pSphereShape1 tranform: pSphere1 -0.05390459385 0.1319259623 0.03532661965 0 -0.05951940467 -0.008282085481 -0.05989101869 0 -0.09273108049 -0.06497268092 0.1011405071 0 -5.809122992 -0.1065291962 -0.1201530554 1


mesh: pSphereShape2 tranform: pSphere2 -0.1055937168 0.2334354865 0.04300439294 0 -0.07811098144 -0.01396192647 -0.1160072126 0 -0.0958916871 -0.05652423915 0.0713695371 0 -5.922817617 0.2138001559 -0.02601045692 1


mesh: pSphereShape3 tranform: pSphere3 -0.1273321193 0.2516642384 0.08179266873 0 -0.07409603152 -0.001252827074 -0.1114954811 0 -0.09481887216 -0.068705279 0.06378534721 0 -6.10312239 0.6399948856 0.07866655237 1


mesh: pSphereShape4 tranform: pSphere4 -0.03673248317 0.01077400819 0.1766437953 0 -0.008630432015 0.1480510252 -0.01082472301 0 -0.168481221 -0.01232799092 -0.03428318401 0 -6.248279481 0.905972236 0.2725000151 1


mesh: pSphereShape5 tranform: pSphere5 -0.05387660917 0.01224011151 0.1784311631 0 -0.008347264069 0.137769485 -0.01197120562 0 -0.168822318 -0.01457125079 -0.04997568896 0 -6.331957983 0.9442439128 0.5533376274 1


mesh: pSphereShape6 tranform: pSphere6 -0.1251295859 -0.2187097737 0.08670399654 0 -0.04522792354 0.05692001033 0.07830793851 0 -0.08129721259 0.02165723473 -0.06269650604 0 -6.475759314 0.6885192288 0.7081914701 1


mesh: pSphereShape7 tranform: pSphere7 -0.2492838408 0.0179541361 -0.02718883194 0 -0.002425684761 0.07212457634 0.06986760143 0 0.01619017501 0.08802956016 -0.09031113624 0 -6.840428984 0.5218831754 0.7126554864 1


mesh: pSphereShape8 tranform: pSphere8 -0.1717820873 -0.05130885267 -0.06082247891 0 -0.01821708813 0.03133365588 0.02501830767 0 0.008584999183 0.07459531084 -0.08717416631 0 -7.177310788 0.5273046661 0.6355669674 1


mesh: pSphereShape10 tranform: pSphere10 -0.0242508633 0.01192772322 0.1814835237 0 0.01625424464 0.1537292978 -0.007931634899 0 -0.2200031268 0.02167129357 -0.03082238449 0 -6.272101906 1.355538251 0.3819066586 1


mesh: pSphereShape11 tranform: pSphere11 -0.01167384554 0.006300276316 0.07678479658 0 -0.007896012465 0.1704953759 -0.01518978835 0 -0.09049528934 -0.005377479506 -0.01331706885 0 -6.258697675 1.166864797 0.3975184803 1


mesh: pSphereShape12 tranform: pSphere12 -0.05672709199 0.0170143419 0.3108442693 0 0.001175214083 0.1655411193 -0.00884657366 0 -0.1705836193 -0.0004512882197 -0.03110571835 0 -6.325329096 0.7327333037 0.3823088984 1


mesh: pSphereShape13 tranform: pSphere13 -0.0337366547 -0.0001439698914 0.2164728365 0 0.0004961800315 0.2068717829 0.0002149127033 0 -0.1933678422 0.0004950977756 -0.03013548004 0 -6.324868213 0.5095929649 0.3986600314 1


mesh: pSphereShape14 tranform: pSphere14 -0.02384797357 0.001625749302 0.2202672863 0 0.0064004869 0.2415571624 -0.001089915573 0 -0.1898765029 0.004938194624 -0.02059406172 0 -6.339408213 0.3161075626 0.3996507737 1


mesh: pSphereShape15 tranform: pSphere15 0.01684285669 0.005957068276 0.1507052865 0 0.1992520568 0.3217112883 -0.03498503651 0 -0.1587884888 0.09984638628 0.01379951606 0 -6.546417244 -0.2178788984 0.2659485419 1


mesh: pSphereShape16 tranform: pSphere16 0.01166593697 0.006462377947 0.09932473684 0 0.0908080626 0.349595522 -0.03341141021 0 -0.07999190513 0.02154200733 0.007993657526 0 -6.862557316 -0.8457899787 0.2966409558 1


mesh: pSphereShape17 tranform: pSphere17 -0.005897683442 0.01077830821 0.1116977549 0 0.02188149429 0.1013425675 -0.008623730179 0 -0.2718160725 0.05700014954 -0.01985223724 0 -7.176051994 -1.256895273 0.3113253544 1


mesh: pSphereShape18 tranform: pSphere18 0.01137581613 -0.01246357679 0.1267244359 0 -0.001232672609 0.3565129357 0.03517434484 0 -0.1455119713 -0.001774657763 0.01288779733 0 -6.343178473 -0.2914328247 0.5491286518 1


mesh: pSphereShape19 tranform: pSphere19 0.01165206885 -0.01084377929 0.08497364059 0 -0.3622952299 0.2187108248 0.07759042489 0 -0.05260733143 -0.08581821354 -0.003737741688 0 -6.071964521 -0.8586651594 0.4700281638 1


mesh: pSphereShape20 tranform: pSphere20 0.02073848364 0.00357922012 0.1134839405 0 -0.05755745055 0.05768371941 0.008698953463 0 -0.1803952941 -0.1858558268 0.03882790595 0 -5.874503641 -1.240467929 0.3984799332 1


mesh: pSphereShape21 tranform: pSphere21 -0.02842138534 0.0019375251 0.262508737 0 0.09582657979 0.1092449549 0.009568669358 0 -0.197316493 0.1750647914 -0.02265524789 0 -6.294526369 0.141289256 0.4099677359 1


mesh: pSphereShape22 tranform: pSphere22 -0.002032293629 0.0005960922408 0.009773149781 0 -0.0005804043396 0.00995656502 -0.0007279723891 0 -0.009774093994 -0.0007151832194 -0.001988868914 0 -6.133944105 1.070212557 0.1410706591 1


mesh: pSphereShape23 tranform: pSphere23 -0.001498140191 0.0008085336689 0.009854027059 0 0.0004990171798 0.009959988263 -0.0007413606758 0 -0.009874540892 0.0003806666568 -0.001532493091 0 -6.079208205 1.074543696 0.4077224033 1


mesh: pSphereShape24 tranform: pSphere24 -0.002884354205 0.0006552902578 0.009552543928 0 -0.0006025151849 0.009944360937 -0.000864095482 0 -0.009556017804 -0.0008247910208 -0.002828823696 0 -6.272972548 1.106880101 0.6829097876 1


