mesh: pSphereShape1 tranform: pSphere1 0.01171835218 0.137980762 -0.04880701153 0 0.05967794796 0.01554218117 0.05826722684 0 0.1072310063 -0.04382072062 -0.09813847592 0 -5.479562328 -0.1005279716 0.7728937851 1


mesh: pSphereShape2 tranform: pSphere2 0.04859908193 0.2460549581 -0.06772461931 0 0.09645722581 0.008976328578 0.1018300707 0 0.0929364609 -0.04157771571 -0.08436778938 0 -5.454685913 0.2294193268 0.6501381513 1


mesh: pSphereShape3 tranform: pSphere3 0.09107216517 0.2599234273 -0.1019022611 0 0.0870592731 0.009205247517 0.1012866238 0 0.09247136995 -0.06137419746 -0.07390438434 0 -5.355215124 0.6692564044 0.5100757355 1


mesh: pSphereShape4 tranform: pSphere4 0.03724970545 -0.01261082262 -0.1764137511 0 0.05083765503 0.1397345415 0.0007455210222 0 0.1580446558 -0.05769921607 0.03749566807 0 -5.225172209 0.9159673966 0.2975685992 1


mesh: pSphereShape5 tranform: pSphere5 0.06833618564 -0.01847885322 -0.1728551042 0 0.04709163846 0.1302064827 0.004697555616 0 0.1530599829 -0.05776290109 0.06668549147 0 -5.121869052 0.9067535112 0.02287213018 1


mesh: pSphereShape6 tranform: pSphere6 0.09855121114 -0.243015447 -0.04732982892 0 0.07489940918 0.04267169877 -0.06314103662 0 0.06398522907 0.009867028447 0.0825691024 0 -5.013579562 0.618017961 -0.08699509116 1


mesh: pSphereShape7 tranform: pSphere7 0.2028371321 -0.1455509759 0.02959777285 0 0.0535055031 0.06294613199 -0.05713375354 0 0.03249121238 0.06632618958 0.1035016147 0 -4.721451412 0.2712063658 -0.04853844642 1


mesh: pSphereShape8 tranform: pSphere8 0.07302358613 -0.1709985523 0.0356105149 0 0.03831905411 0.01269717812 -0.0176070375 0 0.03530740165 0.03657232598 0.1032150679 0 -4.473702233 0.03573194424 0.02195090751 1


mesh: pSphereShape10 tranform: pSphere10 0.03238653673 0.001559611978 -0.1805971322 0 -0.001336620322 0.1547799032 0.001096961427 0 0.2196932991 0.001617868205 0.03941163548 0 -5.1505951 1.349715109 0.1707737243 1


mesh: pSphereShape11 tranform: pSphere11 0.0156581889 0.001481776127 -0.07631842895 0 0.02730765866 0.1689293982 0.008882573141 0 0.08856308688 -0.01525619289 0.01787420549 0 -5.180377791 1.162383428 0.1622228313 1


mesh: pSphereShape12 tranform: pSphere12 0.06968206418 -0.02426544181 -0.3077128675 0 0.04521748015 0.1594786049 -0.002336501102 0 0.1623938651 -0.04545276391 0.04035863443 0 -5.20095452 0.7209296744 0.2032310461 1


mesh: pSphereShape13 tranform: pSphere13 0.04016463643 -0.03412335737 -0.212652463 0 0.06894040885 0.1942017772 -0.01814157304 0 0.1809942124 -0.06015660786 0.04383825155 0 -5.270019323 0.5057120035 0.2046605068 1


mesh: pSphereShape14 tranform: pSphere14 0.02889819016 -0.0294399064 -0.2176860879 0 0.06492792228 0.2316477763 -0.02270879804 0 0.1823331397 -0.04809516389 0.03070942628 0 -5.315761956 0.3199730139 0.2218312089 1


mesh: pSphereShape15 tranform: pSphere15 -0.004174999563 -0.009311866769 -0.1514170082 0 -0.1981116062 0.3239847698 -0.01446196282 0 0.1604173077 0.09762722732 -0.01042705798 0 -5.162019867 -0.1921990135 0.4182638568 1


mesh: pSphereShape16 tranform: pSphere16 -0.003182498815 -0.004323871014 -0.100072152 0 -0.1051929072 0.3469557383 -0.01164575293 0 0.0796062746 0.02401588227 -0.00356930919 0 -4.837630906 -0.8168981283 0.4792920927 1


mesh: pSphereShape17 tranform: pSphere17 0.003047571435 0.01308002629 -0.1115659817 0 -0.03508551505 0.09738125516 0.0104585981 0 0.262016506 0.09246898562 0.0179984145 0 -4.508176557 -1.196426869 0.5134080371 1


mesh: pSphereShape18 tranform: pSphere18 0.002109137495 -0.02145803372 -0.1260116539 0 0.07765054032 0.3449791853 -0.0574454751 0 0.1425988987 -0.03082571542 0.007635959813 0 -5.457173261 -0.2752034636 0.1092917249 1


mesh: pSphereShape19 tranform: pSphere19 -0.0003358553474 -0.01470560065 -0.08519102278 0 0.2976840602 0.3059132008 -0.05398005562 0 0.0727252574 -0.06872615133 0.01157673822 0 -5.763264775 -0.8988682431 0.1965476895 1


mesh: pSphereShape20 tranform: pSphere20 -0.006125200338 -0.004899720069 -0.1151519645 0 0.02269312789 0.0786145232 -0.004552150836 0 0.2512759666 -0.07312792583 -0.01025435627 0 -5.835126082 -1.277502828 0.2688292114 1


mesh: pSphereShape21 tranform: pSphere21 0.03444010016 -0.03508570326 -0.2594325328 0 -0.05916546846 0.1306027574 -0.02551705516 0 0.2394430812 0.111730302 0.01667604071 0 -5.409812837 0.1656379818 0.2260013017 1


mesh: pSphereShape22 tranform: pSphere22 0.002060909924 -0.0006977174493 -0.009760422155 0 0.003418878168 0.009397273985 5.013696138e-05 0 0.009168637977 -0.003347302198 0.002175234617 0 -5.28677014 1.114882286 0.4157197673 1


mesh: pSphereShape23 tranform: pSphere23 0.002009463123 0.0001901608482 -0.009794176679 0 0.0006489393287 0.009973569497 0.0003267862313 0 0.009774504371 -0.000701249132 0.001991811725 0 -5.36890022 1.091176225 0.1469714914 1


mesh: pSphereShape24 tranform: pSphere24 0.003658466401 -0.0009892893933 -0.009254022374 0 0.003399128987 0.009398454675 0.0003390750031 0 0.008663806653 -0.00326961102 0.00377466529 0 -5.121163876 1.068076823 -0.1209786519 1


