mesh: pSphereShape1 tranform: pSphere1 0.04688036221 0.1361389686 -0.02874974264 0 0.0186134226 0.01091789998 0.08205136532 0 0.1399664758 -0.05340303502 -0.02464561269 0 0.1712693083 -0.001992761089 1.325892293 1


mesh: pSphereShape2 tranform: pSphere2 0.08842450649 0.2429927782 -0.02504303513 0 0.0180863066 0.007760780456 0.1391638961 0 0.123161657 -0.04620234873 -0.01343001495 0 0.2788501871 0.32419719 1.245200506 1


mesh: pSphereShape3 tranform: pSphere3 0.1350886407 0.2579477204 -0.03811077045 0 0.01279179157 0.01289773472 0.1326388038 0 0.1177069876 -0.06242414206 -0.005281661233 0 0.451186228 0.7606750198 1.183335311 1


mesh: pSphereShape4 tranform: pSphere4 0.1034711898 -0.01407992425 -0.1475257727 0 0.02497174766 0.1465425754 0.003528522996 0 0.1383381 -0.02596960185 0.09950571727 0 0.655146393 1.009717087 1.047547829 1


mesh: pSphereShape5 tranform: pSphere5 0.1247447968 -0.015474222 -0.1381646607 0 0.01964684644 0.137119466 0.002381396274 0 0.1290849479 -0.02055973776 0.1188496499 0 0.8489037035 1.005274788 0.8249664573 1


mesh: pSphereShape6 tranform: pSphere6 0.1195299754 -0.2379091283 -0.01099058746 0 0.08509572982 0.0449008111 -0.04647816483 0 0.04256520521 0.01702554942 0.09437933266 0 1.008845503 0.719958743 0.7651138864 1


mesh: pSphereShape7 tranform: pSphere7 0.1865491103 -0.1577054193 0.05943439271 0 0.06611206055 0.061755926 -0.04364311218 0 0.01617473677 0.06077952598 0.1105063513 0 1.292795991 0.3676497701 0.8658977862 1


mesh: pSphereShape8 tranform: pSphere8 0.04198442875 -0.1790708844 0.04485514348 0 0.04009481357 0.005012637019 -0.01751728872 0 0.04018366932 0.03496637932 0.1019809929 0 1.507942607 0.1085578458 0.9609486146 1


mesh: pSphereShape10 tranform: pSphere10 0.09458752532 -0.002724460197 -0.1572018501 0 0.0105003599 0.1543900403 0.003642282439 0 0.1906619984 -0.01568011254 0.1149920718 0 0.7975212956 1.436199858 0.9653227319 1


mesh: pSphereShape11 tranform: pSphere11 0.04322937267 0.001100958596 -0.06482195898 0 0.02870118534 0.1674951706 0.02198544301 0 0.07467349974 -0.01928936179 0.04947168846 0 0.7555526264 1.252819387 0.943530075 1


mesh: pSphereShape12 tranform: pSphere12 0.1907726866 -0.02586381796 -0.2511343375 0 0.019628514 0.1646027315 -0.002041420289 0 0.1368099113 -0.01500620298 0.1054722835 0 0.7406501679 0.8175158773 0.9914834729 1


mesh: pSphereShape13 tranform: pSphere13 0.1319635361 -0.0281232881 -0.172607582 0 0.03123849191 0.2042840969 -0.009401664965 0 0.1533974488 -0.01792527694 0.1201974285 0 0.7130921144 0.5950420757 0.9894059031 1


mesh: pSphereShape14 tranform: pSphere14 0.1315863697 -0.02234300367 -0.1768470069 0 0.02876638409 0.2397613909 -0.008887487635 0 0.1520172768 -0.01398062281 0.114877662 0 0.6967431801 0.4021516288 1.00352457 1


mesh: pSphereShape15 tranform: pSphere15 0.06431568174 -0.008631075053 -0.1371869144 0 -0.1033078633 0.358760947 -0.07100391725 0 0.1625000779 0.06110986762 0.07233823635 0 0.6845945486 -0.1591274074 1.219628817 1


mesh: pSphereShape16 tranform: pSphere16 0.04247656523 -0.004056887073 -0.09067823794 0 -0.02395905073 0.360910374 -0.02737008204 0 0.07518029737 0.007635652748 0.0348752236 0 0.8222679718 -0.8381150914 1.362512111 1


mesh: pSphereShape17 tranform: pSphere17 0.06391728224 0.006801523985 -0.09217192282 0 -0.01091814369 0.1034614644 6.333338962e-05 0 0.2271350369 0.02387174661 0.1592699606 0 1.014470546 -1.286290933 1.521138079 1


mesh: pSphereShape18 tranform: pSphere18 0.06237390835 -0.02171099396 -0.1094621436 0 0.061397155 0.3512376965 -0.03467992553 0 0.1250423348 -0.0145378375 0.07413531077 0 0.7000478237 -0.2118287291 0.8861098558 1


mesh: pSphereShape19 tranform: pSphere19 0.04142427169 -0.01402166783 -0.07457412687 0 0.1914156954 0.3838039153 0.03416311884 0 0.07621313615 -0.04248941824 0.0503237024 0 0.500884478 -0.9011370491 0.8864899548 1


mesh: pSphereShape20 tranform: pSphere20 0.04443463232 0.001896002386 -0.1065057224 0 0.005396666884 0.08168896465 0.003705729343 0 0.2410987781 -0.02047435502 0.1002229354 0 0.5141759328 -1.307271153 0.9661864519 1


mesh: pSphereShape21 tranform: pSphere21 0.1568211616 -0.02662780195 -0.2107615942 0 -0.06105381677 0.1176679849 -0.06029452526 0 0.1817991652 0.1536939075 0.1158532959 0 0.6385645755 0.2331498502 0.9763969326 1


mesh: pSphereShape22 tranform: pSphere22 0.005724737935 -0.0007789982567 -0.008162140484 0 0.00167937256 0.009855120407 0.000237296355 0 0.008025402381 -0.001506573421 0.005772620995 0 0.5237358371 1.19948538 1.111111951 1


mesh: pSphereShape23 tranform: pSphere23 0.005547757199 0.0001412893734 -0.008318799635 0 0.0008768652806 0.009932943878 0.0007534807141 0 0.008273662873 -0.001147459463 0.005498166916 0 0.5838860948 1.190206299 0.8571936492 1


mesh: pSphereShape24 tranform: pSphere24 0.006678374618 -0.000828432561 -0.007396824451 0 0.001418132123 0.009897441813 0.0001718919403 0 0.007306723872 -0.001163763313 0.006727365101 0 0.8703952418 1.153407565 0.6690384297 1


