mesh: pSphereShape1 tranform: pSphere1 -0.03557796271 0.1385778776 -0.03299265434 0 0.07232416308 0.008189936529 -0.04359159284 0 -0.07033040524 -0.04798363633 -0.1257024641 0 4.222137949 -0.04385641706 0.7409220102 1


mesh: pSphereShape2 tranform: pSphere2 -0.03863129482 0.2476842562 -0.06820314888 0 0.1313164328 0.006814137985 -0.04963361939 0 -0.04283555726 -0.03937678137 -0.1187366844 0 4.126582243 0.288486958 0.6709932169 1


mesh: pSphereShape3 tranform: pSphere3 -0.06817716733 0.2670736912 -0.1013011129 0 0.1255647245 0.01544167481 -0.04379598622 0 -0.03436540152 -0.05326760174 -0.1173080823 0 4.032077931 0.7360290184 0.5465800498 1


mesh: pSphereShape4 tranform: pSphere4 -0.1691591189 -0.01426164304 -0.06204984291 0 -0.006539450715 0.1476764177 -0.01611447485 0 0.06024472459 -0.01488069377 -0.1608178348 0 3.849926914 0.9928565554 0.4035099648 1


mesh: pSphereShape5 tranform: pSphere5 -0.165030523 -0.01347893845 -0.08644902559 0 -0.005467086872 0.1379884113 -0.01107821737 0 0.08245754674 -0.009254712938 -0.1559678465 0 3.585404777 0.990795789 0.2733743342 1


mesh: pSphereShape6 tranform: pSphere6 -0.03094699126 -0.2321625506 -0.1270897132 0 -0.07059549901 0.04555181267 -0.06602191878 0 0.07781522102 0.02553227793 -0.06558977529 0 3.497323823 0.7120095263 0.1166032378 1


mesh: pSphereShape7 tranform: pSphere7 0.01758889831 -0.1383108203 -0.2092002976 0 -0.06385724454 0.06209898877 -0.04642508052 0 0.09774449642 0.07137665195 -0.03897195831 0 3.537715384 0.3872287551 -0.2094363786 1


mesh: pSphereShape8 tranform: pSphere8 0.03936845123 -0.1701649121 -0.07304166985 0 -0.02596866982 0.008786797105 -0.03446732357 0 0.08979152963 0.04489927599 -0.05620528538 0 3.589708243 0.1562669645 -0.4668425668 1


mesh: pSphereShape10 tranform: pSphere10 -0.1815891303 -0.02139479758 -0.01530668793 0 -0.01699445367 0.1533285861 -0.01270202935 0 0.02058032573 -0.01608273608 -0.2216728128 0 3.680590174 1.413779012 0.2861763679 1


mesh: pSphereShape11 tranform: pSphere11 -0.07607702239 -0.005003041056 -0.01609762038 0 -0.003100544622 0.1672115761 -0.03731521577 0 0.01975266915 -0.01913863057 -0.08740253934 0 3.701473673 1.232350919 0.3338927591 1


mesh: pSphereShape12 tranform: pSphere12 -0.2884569285 -0.02460709697 -0.1277446739 0 -0.0112919034 0.1652749875 -0.006338502008 0 0.07030181849 -0.001275556472 -0.1585010026 0 3.779588614 0.8042100732 0.3229105146 1


mesh: pSphereShape13 tranform: pSphere13 -0.1965648904 -0.02136404105 -0.09436362202 0 -0.01758477873 0.2058819224 -0.0099818099 0 0.08480925116 -0.001307091498 -0.1763666554 0 3.789095713 0.580650808 0.3325052116 1


mesh: pSphereShape14 tranform: pSphere14 -0.199865759 -0.002235799304 -0.09559145315 0 -0.004178875427 0.2415885461 0.003086788578 0 0.08238581439 0.003627061883 -0.1723398082 0 3.802666151 0.3877196709 0.3247201268 1


mesh: pSphereShape15 tranform: pSphere15 -0.1459487656 -0.01459006927 -0.038953043 0 -0.06882773299 0.3518298295 0.1261031412 0 0.03869267341 0.06876197494 -0.1707283793 0 4.013025579 -0.1954657732 0.249977101 1


mesh: pSphereShape16 tranform: pSphere16 -0.09551725296 0.00351023974 -0.03012295415 0 0.07541759018 0.2892915746 -0.2054313208 0 0.01830001606 -0.05012523497 -0.06386886376 0 4.062943958 -0.8020136566 0.2768231096 1


mesh: pSphereShape17 tranform: pSphere17 -0.09131834376 -0.02283797188 -0.06137369295 0 0.01515083708 0.08704220586 -0.05493260446 0 0.1571125028 -0.1416211187 -0.1810696713 0 4.095027053 -1.280716202 0.4126893504 1


mesh: pSphereShape18 tranform: pSphere18 -0.1129694806 -0.01575867431 -0.05773554558 0 -0.04640983246 0.3551742141 -0.006134524136 0 0.0657198311 0.006336566691 -0.1303216415 0 3.669553027 -0.2025407184 0.2558828489 1


mesh: pSphereShape19 tranform: pSphere19 -0.07687762835 -0.009653794265 -0.03834726024 0 -0.0007338919115 0.4175743393 -0.1036516525 0 0.04607390128 -0.02150314203 -0.08695446114 0 3.708693254 -0.9201268953 0.3268259773 1


mesh: pSphereShape20 tranform: pSphere20 -0.1070031145 -7.560114786e-05 -0.04326462807 0 0.0003682273038 0.08194325536 -0.001053897249 0 0.09816666674 -0.003563622756 -0.2427819246 0 3.818660632 -1.338048827 0.2275962013 1


mesh: pSphereShape21 tranform: pSphere21 -0.2381947353 -0.002664566587 -0.1139233704 0 -0.04222631045 0.1099007325 0.08571768013 0 0.08462851936 0.1736932766 -0.1810066276 0 3.780268543 0.2131513579 0.3660300673 1


mesh: pSphereShape22 tranform: pSphere22 -0.009359046003 -0.0007890521904 -0.003433024113 0 -0.0004397839606 0.009931372325 -0.001083712973 0 0.003494974676 -0.0008632730625 -0.009329518296 0 3.941378776 1.177773673 0.5250145065 1


mesh: pSphereShape23 tranform: pSphere23 -0.009763196239 -0.0006420555128 -0.002065856705 0 -0.0003891217035 0.009914876447 -0.001242501246 0 0.002128046876 -0.001132691381 -0.009705072217 0 3.689659097 1.171523395 0.5262575255 1


mesh: pSphereShape24 tranform: pSphere24 -0.008835123263 -0.0007216124661 -0.004628160798 0 -0.0003946206602 0.009960163288 -0.0007996385559 0 0.004667426642 -0.0005238537337 -0.008828403355 0 3.426186651 1.13429388 0.3012426346 1


