mesh: pSphereShape1 tranform: pSphere1 0.02127397481 0.1149672951 0.08881482914 0 0.03124309213 0.04452081426 -0.06511415272 0 -0.1394281646 0.05070173574 -0.03223392066 0 -7.774368012 0.1167935242 -0.1442357083 1


mesh: pSphereShape2 tranform: pSphere2 0.01664626075 0.2272744911 0.1247427149 0 -0.007312176749 0.06794514994 -0.1228166229 0 -0.1317752249 0.004100406508 0.01011399306 0 -7.73648093 0.3963147041 0.06803316065 1


mesh: pSphereShape3 tranform: pSphere3 -0.06819078777 0.2719916732 0.08722926293 0 0.00099284348 0.04110854448 -0.1274053986 0 -0.1296917438 -0.02917208699 -0.01042330743 0 -7.760903147 0.8188507779 0.2561593081 1


mesh: pSphereShape4 tranform: pSphere4 -0.1447042137 -0.01492900691 0.1072669579 0 -0.02530996549 0.1458718036 -0.01384151766 0 -0.09903142067 -0.03025891165 -0.1378057106 0 -7.939849646 1.076346432 0.3936004273 1


mesh: pSphereShape5 tranform: pSphere5 -0.1567517388 -0.01579384823 0.1003475763 0 -0.02212319102 0.1361305145 -0.01313259397 0 -0.09184229217 -0.0292094432 -0.148063053 0 -8.190202003 1.070427455 0.5511774396 1


mesh: pSphereShape6 tranform: pSphere6 -0.1098311361 -0.2420644235 0.01873226668 0 -0.09714708897 0.04435429829 0.003567240387 0 -0.006243641822 -0.005262088792 -0.1046061749 0 -8.349978768 0.7795367152 0.6059342347 1


mesh: pSphereShape7 tranform: pSphere7 -0.1489110981 -0.1838552775 -0.08501022675 0 -0.07887704227 0.06206656693 0.00393365723 0 0.02292563719 0.03671228615 -0.1195577257 0 -8.570343546 0.3882249162 0.4902969699 1


mesh: pSphereShape8 tranform: pSphere8 -0.009613998549 -0.1872766928 -0.02600133041 0 -0.0434195237 0.001219805136 0.007268634453 0 -0.01834666123 0.01654331532 -0.1123708887 0 -8.729844323 0.09433355538 0.3867551233 1


mesh: pSphereShape10 tranform: pSphere10 -0.1772315892 0.01491245977 0.04509131471 0 0.01214596156 0.1542773796 -0.003282387091 0 -0.05505605444 -0.0002677177074 -0.216309499 0 -8.049341131 1.507339997 0.4220825554 1


mesh: pSphereShape11 tranform: pSphere11 -0.07265838222 0.000417975374 0.02815070029 0 -0.008573011369 0.1693547438 -0.02464191804 0 -0.03278677927 -0.01394283959 -0.08441731653 0 -8.064407542 1.319906531 0.4641500228 1


mesh: pSphereShape12 tranform: pSphere12 -0.2574511171 -0.02760572505 0.1819023276 0 -0.0202122161 0.1645044411 -0.003641477569 0 -0.09857675785 -0.01525147794 -0.1418328445 0 -8.037786596 0.8838731836 0.4205205454 1


mesh: pSphereShape13 tranform: pSphere13 -0.1786323388 -0.03026374242 0.1231798075 0 -0.03707323922 0.2034885828 -0.003768096293 0 -0.1077403834 -0.02262518816 -0.1618011908 0 -8.008787675 0.6607320693 0.4319323977 1


mesh: pSphereShape14 tranform: pSphere14 -0.180376112 -0.02157207675 0.1268390715 0 -0.03540395169 0.2388387745 -0.009727119309 0 -0.107355943 -0.022285856 -0.1564596741 0 -7.984395014 0.4673854129 0.4290951243 1


mesh: pSphereShape15 tranform: pSphere15 -0.1244956633 -0.008561041719 0.08636428802 0 0.0364411095 0.3676666456 0.08897623966 0 -0.106033995 0.04638679139 -0.1482517088 0 -7.863342103 -0.1083574507 0.2347179355 1


mesh: pSphereShape16 tranform: pSphere16 -0.08432629012 0.004500590613 0.053963703 0 -0.09369019686 0.3053864374 -0.1718741587 0 -0.03950055754 -0.04475726954 -0.05799270906 0 -7.80656193 -0.7504944889 0.2447790962 1


mesh: pSphereShape17 tranform: pSphere17 -0.1034734441 -0.03704768639 0.02341064605 0 -0.03946634418 0.09166933963 -0.02937046725 0 -0.02519674418 -0.09438671724 -0.2607362218 0 -7.686315079 -1.215734707 0.2603773218 1


mesh: pSphereShape18 tranform: pSphere18 -0.07853439958 0.01646524077 0.09952425087 0 0.09662777323 0.3444301156 0.01926645372 0 -0.1083331633 0.03550257714 -0.09135902395 0 -8.199163805 -0.1267707745 0.5436287241 1


mesh: pSphereShape19 tranform: pSphere19 -0.0521399685 0.01080763448 0.06810650904 0 -0.03274245481 0.4191117226 -0.09157416751 0 -0.07998040291 -0.01896918179 -0.05822004037 0 -8.299291247 -0.827193404 0.601873658 1


mesh: pSphereShape20 tranform: pSphere20 -0.02797897344 0.009468903924 0.1115751638 0 -0.001114583628 0.08162575714 -0.007206723525 0 -0.2540649726 -0.009026536378 -0.06294416674 0 -8.473821021 -1.251340075 0.5993965099 1


mesh: pSphereShape21 tranform: pSphere21 -0.2149674885 -0.02570903159 0.151163457 0 0.03614188525 0.1213035649 0.07202751051 0 -0.1389957433 0.1442178307 -0.1731361906 0 -7.934103187 0.3012447034 0.4795951908 1


mesh: pSphereShape22 tranform: pSphere22 -0.008006032437 -0.0008259753496 0.005934745938 0 -0.001702118015 0.009810010401 -0.0009308545511 0 -0.005745105646 -0.00175540897 -0.0079945169 0 -7.798648281 1.268453047 0.371728991 1


mesh: pSphereShape23 tranform: pSphere23 -0.009324471723 5.364005413e-05 0.003612665198 0 -0.0001509959024 0.009984377013 -0.0005379738889 0 -0.003609906831 -0.0005561819956 -0.00930909417 0 -7.974670623 1.246295751 0.6295964299 1


mesh: pSphereShape24 tranform: pSphere24 -0.008391907806 -0.0008455441661 0.00537223775 0 -0.001596877542 0.009826058148 -0.0009479258374 0 -0.005198640735 -0.001653371205 -0.008380960456 0 -8.256878018 1.222521216 0.6895268255 1


