mesh: pSphereShape1 tranform: pSphere1 0.1167875118 0.08782525752 -0.01433652915 0 -0.03986627013 0.06026992758 0.04445562875 0 0.05811551418 -0.0563108833 0.1284584609 0 -1.16610298 0.3691327805 0.6573451486 1


mesh: pSphereShape2 tranform: pSphere2 0.2007588509 0.1596072385 -0.04138780517 0 -0.06968002322 0.1041506531 0.06364958766 0 0.05239866635 -0.03583045968 0.1159929912 0 -0.8770169029 0.5573126992 0.5890521931 1


mesh: pSphereShape3 tranform: pSphere3 0.2390065239 0.1706255629 0.001094064029 0 -0.07099496439 0.09909245002 0.05534830755 0 0.03166204263 -0.04512961105 0.1214102041 0 -0.5026057662 0.8389008675 0.5329187244 1


mesh: pSphereShape4 tranform: pSphere4 0.1795057165 0.002946003782 -0.02091420048 0 -0.001571505279 0.1485028224 0.007430152319 0 0.02006020388 -0.008343517735 0.1710006194 0 -0.1665051208 1.036560403 0.524562638 1


mesh: pSphereShape5 tranform: pSphere5 0.1867610492 0.003234966956 0.0001866244376 0 -0.002402846041 0.1384232359 0.005162525564 0 -6.234728888e-05 -0.006585299827 0.176543184 0 0.1278607971 1.061616149 0.5189787889 1


mesh: pSphereShape6 tranform: pSphere6 0.1834990164 -0.1877410618 0.0457205214 0 0.06760686745 0.07473111983 0.03552685012 0 -0.03716868715 -0.01263248488 0.09730382049 0 0.3758206615 0.8295038565 0.5683042739 1


mesh: pSphereShape7 tranform: pSphere7 0.1575402329 -0.134824198 0.1421531833 0 0.04710541479 0.08427230603 0.02772324876 0 -0.07914003557 0.01172526835 0.0988271188 0 0.651991289 0.5215725137 0.7829506737 1


mesh: pSphereShape8 tranform: pSphere8 0.08222248023 -0.1663657263 0.03745619677 0 0.03464535153 0.02100868029 0.01726009788 0 -0.05048351835 -0.001676415358 0.1033736034 0 0.8508661244 0.2933772422 0.9573631403 1


mesh: pSphereShape10 tranform: pSphere10 0.1808454045 0.007113110457 -0.03018257185 0 -0.002478422129 0.1533000539 0.02127813916 0 0.0375527884 -0.02965379095 0.2180171574 0 -0.03230568334 1.469075348 0.6015244464 1


mesh: pSphereShape11 tranform: pSphere11 0.07725649885 0.005357763272 -0.008637412505 0 -0.006715800658 0.1657926757 0.04277191377 0 0.01139966348 -0.02227804752 0.08814417321 0 -0.03601860639 1.289871984 0.5404825049 1


mesh: pSphereShape12 tranform: pSphere12 0.3162366913 0.005268328614 -0.009910111048 0 -0.002629972154 0.1657082102 0.004168632703 0 0.005500626351 -0.004271236342 0.1732571505 0 -0.05103643341 0.8568465886 0.5629784522 1


mesh: pSphereShape13 tranform: pSphere13 0.2188144951 0.007351823436 -0.008052264937 0 -0.006927412397 0.2067558077 0.0005233243535 0 0.007205390676 -0.0002535924305 0.1955697644 0 -0.03727974912 0.6346400836 0.5561944913 1


mesh: pSphereShape14 tranform: pSphere14 0.2213595102 0.005420683596 -0.007722030426 0 -0.006017498706 0.2415516485 -0.002933879587 0 0.006599478273 0.002483359413 0.1909237212 0 -0.0314381963 0.4406766969 0.5686442235 1


mesh: pSphereShape15 tranform: pSphere15 0.1517266731 0.003168116583 -0.0004812114327 0 -0.007896463729 0.3797985705 0.01068548765 0 0.00070640295 -0.005274710253 0.1880031651 0 -0.2112667392 -0.1611094829 0.5632221742 1


mesh: pSphereShape16 tranform: pSphere16 0.1001966211 0.00194050734 -0.0003623703646 0 -0.006733526502 0.3582405448 0.05654933509 0 0.0005484373856 -0.01296654008 0.082208452 0 -0.2342934977 -0.8727345495 0.5304933638 1


mesh: pSphereShape17 tranform: pSphere17 0.1104834687 -0.0002862295384 0.02051010171 0 0.0004753448449 0.1040289821 -0.001108798976 0 -0.05080948636 0.003149878886 0.2737436392 0 -0.2773190759 -1.334529653 0.6658120532 1


mesh: pSphereShape18 tranform: pSphere18 0.1274551748 0.009949899258 -0.0001025043646 0 -0.02772194521 0.354675373 -0.04215567384 0 -0.001221993135 0.01714795338 0.1450773344 0 0.1686058054 -0.1760964936 0.5891495741 1


mesh: pSphereShape19 tranform: pSphere19 0.08614374086 0.007203765609 -0.001113338855 0 -0.03383245167 0.4188498362 0.09237268234 0 0.003064882902 -0.02144711433 0.09837121321 0 0.2440548873 -0.8897327292 0.5731231934 1


mesh: pSphereShape20 tranform: pSphere20 0.1146395874 0.002898681395 -0.01307145451 0 -0.001724147446 0.08187647106 0.003035488629 0 0.02987769175 -0.009011403536 0.2600357185 0 0.2727326172 -1.312900178 0.7105925697 1


mesh: pSphereShape21 tranform: pSphere21 0.2638104206 0.006460227609 -0.009202912008 0 -0.006009381107 0.1104430575 -0.09473632553 0 0.002784121827 0.1724517181 0.2008666061 0 -0.02471081203 0.2665787917 0.5204060475 1


mesh: pSphereShape22 tranform: pSphere22 0.009931490949 0.000162993193 -0.001157117427 0 -0.0001056851479 0.009986948788 0.0004996844472 0 0.001163751765 -0.0004840321438 0.009920251747 0 -0.3205163652 1.205201436 0.4527164439 1


mesh: pSphereShape23 tranform: pSphere23 0.00991456205 0.0006875780963 -0.001108465482 0 -0.0005107166276 0.009865683123 0.001551600798 0 0.001200261592 -0.001481733064 0.009816508506 0 -0.077715867 1.232589091 0.3512107853 1


mesh: pSphereShape24 tranform: pSphere24 0.009998495189 0.0001731881551 9.99118151e-06 0 -0.0001734402093 0.009991549435 0.0003726370724 0 -3.529105688e-06 -0.0003727542848 0.009993049674 0 0.2427497246 1.214473935 0.4182127854 1


