mesh: pSphereShape1 tranform: pSphere1 0.03116719163 0.1364890168 -0.04424352251 0 0.07134774087 -0.001417885642 0.04588655648 0 0.07556690846 -0.05590274475 -0.1192242853 0 -1.883384218 0.07347671046 0.559735685 1


mesh: pSphereShape2 tranform: pSphere2 0.07939549708 0.2391176032 -0.06332980418 0 0.109402417 -0.01322099641 0.08723675019 0 0.07250805352 -0.05017205172 -0.09853508762 0 -1.818180563 0.4020275826 0.4487802717 1


mesh: pSphereShape3 tranform: pSphere3 0.09986742934 0.2554688393 -0.1048835871 0 0.1025455204 -0.004807166483 0.08593218939 0 0.07274581633 -0.06558398997 -0.0904786763 0 -1.682640489 0.8351887987 0.3129381769 1


mesh: pSphereShape4 tranform: pSphere4 0.002250077658 -0.007806761881 -0.1805612821 0 0.02704513737 0.1460943903 -0.005979523657 0 0.1694865732 -0.03123380414 0.003462496588 0 -1.578515161 1.086173122 0.09032056024 1


mesh: pSphereShape5 tranform: pSphere5 0.02793419996 -0.008537895089 -0.1844911221 0 0.02628491993 0.1360042839 -0.002314160667 0 0.171433225 -0.0326647176 0.02746873595 0 -1.538631061 1.091530226 -0.2013197715 1


mesh: pSphereShape6 tranform: pSphere6 0.102331476 -0.2312855994 -0.08392974402 0 0.03423294904 0.04756882597 -0.08934706415 0 0.09086050968 0.0231041564 0.04711358826 0 -1.4335095 0.816508264 -0.351608763 1


mesh: pSphereShape7 tranform: pSphere7 0.2468892742 -0.03707398441 -0.02958416537 0 0.001020595161 0.0667124324 -0.07508481828 0 0.02395410665 0.09318876848 0.08312328652 0 -1.081136772 0.589531574 -0.4117793746 1


mesh: pSphereShape8 tranform: pSphere8 0.1570131961 -0.0972643142 0.04156401369 0 0.01927450569 0.01555271099 -0.03641679037 0 0.03995773528 0.08995865441 0.05956775781 0 -0.7426606015 0.5079332029 -0.4138105786 1


mesh: pSphereShape10 tranform: pSphere10 0.0187301331 -0.006497076924 -0.1824105655 0 -0.0106490353 0.1542821957 -0.006588659701 0 0.2215086558 0.01623583921 0.02216648525 0 -1.555135739 1.52237036 -0.06545531069 1


mesh: pSphereShape11 tranform: pSphere11 0.006032483021 -0.002752483697 -0.07763961694 0 0.01885272969 0.1702510827 -0.00457092103 0 0.09079488456 -0.009855374739 0.007404021045 0 -1.574473968 1.333120142 -0.06366222929 1


mesh: pSphereShape12 tranform: pSphere12 0.007520377389 -0.01506221238 -0.315987633 0 0.01810624622 0.1646228096 -0.007416169721 0 0.1723105064 -0.01872682937 0.004993573649 0 -1.54343771 0.8967760207 -0.01204610302 1


mesh: pSphereShape13 tranform: pSphere13 0.00342063269 -0.02107971529 -0.2180426941 0 0.04220008711 0.2016450346 -0.01883240776 0 0.1915631732 -0.03945326982 0.006819448612 0 -1.581204539 0.6717450173 -0.005397350523 1


mesh: pSphereShape14 tranform: pSphere14 -0.002761969191 -0.01356236281 -0.2211277463 0 0.04279060574 0.2373462151 -0.01509155623 0 0.1880194443 -0.03391465846 -0.0002683562353 0 -1.606619307 0.4800790704 0.007656090992 1


mesh: pSphereShape15 tranform: pSphere15 -0.02799337944 -0.004551827437 -0.1490868989 0 -0.1774911201 0.3352419744 0.02309131573 0 0.1626466021 0.08840136122 -0.03323843896 0 -1.417911095 -0.05749666054 0.1587059569 1


mesh: pSphereShape16 tranform: pSphere16 -0.01878049231 -0.001361220951 -0.09843119398 0 -0.08851712899 0.3515672398 0.01202702639 0 0.079189251 0.02046472601 -0.01539217469 0 -1.123512252 -0.7006056428 0.1557589162 1


mesh: pSphereShape17 tranform: pSphere17 0.001668068555 0.004094728765 -0.1122844326 0 -0.02381814454 0.1012177987 0.003337320459 0 0.2710101533 0.06356378915 0.006344067243 0 -0.8112339099 -1.1082216 0.1580919544 1


mesh: pSphereShape18 tranform: pSphere18 -0.01952883716 -0.01458729047 -0.1254976815 0 -0.01355254853 0.3558312667 -0.03925131104 0 0.1442719855 0.002980208546 -0.02279673413 0 -1.640990834 -0.1233724857 -0.127695827 1


mesh: pSphereShape19 tranform: pSphere19 -0.01446162174 -0.009848162353 -0.08466258351 0 0.1623431954 0.3916454005 -0.07328778683 0 0.09174845288 -0.04009117609 -0.01100848771 0 -1.745145646 -0.8218232881 -0.04752522874 1


mesh: pSphereShape20 tranform: pSphere20 -0.03317488976 0.002321917786 -0.1105239144 0 0.02569947028 0.07757875719 -0.006084163785 0 0.237023302 -0.08423695161 -0.07291465593 0 -1.693544775 -1.279913883 -0.01082672474 1


mesh: pSphereShape21 tranform: pSphere21 -0.003291641969 -0.01616326597 -0.2635342105 0 -0.07217963263 0.126301234 -0.006844845407 0 0.2299242833 0.1308085231 -0.01089468181 0 -1.6868525 0.3182181775 0.01443443653 1


mesh: pSphereShape22 tranform: pSphere22 0.000124489773 -0.0004319237652 -0.009989892099 0 0.001818809889 0.009824979561 -0.0004021283609 0 0.009832417449 -0.001811965367 0.0002008696691 0 -1.645733466 1.273488186 0.2234216613 1


mesh: pSphereShape23 tranform: pSphere23 0.0007741669389 -0.0003532346251 -0.009963728762 0 0.0001342242084 0.009993185234 -0.0003438498956 0 0.009969084683 -0.0001071176384 0.000778380626 0 -1.75923138 1.25223713 -0.05076214177 1


mesh: pSphereShape24 tranform: pSphere24 0.001495493654 -0.0004570872961 -0.009876971699 0 0.001897275953 0.009816946674 -0.0001670387962 0 0.009703805578 -0.001848953543 0.001554840219 0 -1.596466695 1.250132928 -0.3362974671 1


