mesh: pSphereShape1 tranform: pSphere1 -0.06059914899 0.133099253 -0.01305629428 0 0.05582047109 0.03090035442 0.05592253298 0 0.09563283261 0.03241978615 -0.113372058 0 0.3669828818 0.1141362263 0.3706858892 1


mesh: pSphereShape2 tranform: pSphere2 -0.07809913493 0.2468092338 -0.02184638291 0 0.1230875132 0.04355409364 0.05202344854 0 0.04994292401 0.004975579945 -0.1223305523 0 0.217306591 0.4313966293 0.331784195 1


mesh: pSphereShape3 tranform: pSphere3 -0.03145901112 0.2827711368 -0.07272697525 0 0.117710996 0.02785119064 0.05737130263 0 0.06189159458 -0.0229133959 -0.1158620352 0 0.107763003 0.8817935087 0.2652127392 1


mesh: pSphereShape4 tranform: pSphere4 -0.04795921172 0.006467122328 -0.1741449836 0 0.01832364334 0.1475629394 0.000433662159 0 0.1648332928 -0.02033256473 -0.04614986778 0 0.06277823581 1.165768967 0.07273765885 1


mesh: pSphereShape5 tranform: pSphere5 -0.03627214229 0.007041908485 -0.18309815 0 0.01809355639 0.1373432133 0.001697812277 0 0.1717602559 -0.02219647067 -0.03487975141 0 0.006935962728 1.195906924 -0.2161567949 1


mesh: pSphereShape6 tranform: pSphere6 -0.008341171701 -0.2400551401 -0.1153816102 0 0.02685751431 0.04404361723 -0.09357574249 0 0.1015027922 -0.01429541021 0.0224042157 0 -0.0146391342 0.9142577098 -0.3990953762 1


mesh: pSphereShape7 tranform: pSphere7 0.06426281555 -0.2066718062 -0.1279104059 0 0.02707242075 0.05685202593 -0.07825759625 0 0.1180534246 0.007886184102 0.04656848281 0 0.08415024067 0.4965891522 -0.5921596956 1


mesh: pSphereShape8 tranform: pSphere8 -0.04528063045 -0.1802414656 -0.03610728984 0 0.02783183751 -0.0001545531779 -0.0341312312 0 0.08481480504 -0.03519412289 0.06932041865 0 0.1448678239 0.1748933038 -0.7144606302 1


mesh: pSphereShape10 tranform: pSphere10 -0.01844826564 -0.004509629397 -0.1824992303 0 0.01437368169 0.1540309932 -0.005259157483 0 0.2211058446 -0.02137799407 -0.02182262641 0 0.1161136751 1.601633842 -0.07754105126 1


mesh: pSphereShape11 tranform: pSphere11 -0.009728582953 0.0006984160994 -0.07730940451 0 0.04559314059 0.1651211354 -0.004245711024 0 0.08758082683 -0.0244718287 -0.01124221385 0 0.06578835973 1.418985133 -0.06879640701 1


mesh: pSphereShape12 tranform: pSphere12 -0.06635287615 0.01097539007 -0.3092061564 0 0.007397494386 0.1655608195 0.004289208082 0 0.1693655028 -0.006619827983 -0.03657929569 0 0.07734177012 0.9880097572 -0.05074001019 1


mesh: pSphereShape13 tranform: pSphere13 -0.0475124937 0.00931497849 -0.2136690564 0 0.02048168544 0.2058086725 0.004417894773 0 0.1900600418 -0.01799036426 -0.04304697437 0 0.05669312675 0.7628832995 -0.0639113117 1


mesh: pSphereShape14 tranform: pSphere14 -0.04782471683 0.01348082953 -0.2159169054 0 0.02255465602 0.2403810607 0.01001249097 0 0.1856956332 -0.01566963502 -0.04210916574 0 0.04904616142 0.5686640418 -0.07286604578 1


mesh: pSphereShape15 tranform: pSphere15 -0.03850803746 0.0160432504 -0.1459143482 0 -0.02457048497 0.3762051894 0.04784803755 0 0.1815161688 0.01770022807 -0.04595752452 0 0.1171588241 -0.03278238953 0.04664660615 1


mesh: pSphereShape16 tranform: pSphere16 -0.02304087641 0.01646135608 -0.09613220862 0 0.1626508121 0.3238102829 0.01646419167 0 0.07188776691 -0.03492925114 -0.02321115915 0 0.03958726841 -0.7103569686 0.01103912089 1


mesh: pSphereShape17 tranform: pSphere17 0.00108924451 0.006088590301 -0.1122010948 0 0.0638370692 0.0819915748 0.005068999419 0 0.2198407116 -0.1707229605 -0.007130071904 0 -0.0174254987 -1.247238389 -0.002885654543 1


mesh: pSphereShape18 tranform: pSphere18 -0.02455619293 0.008536983239 -0.1251716657 0 -0.1573639523 0.317518057 0.05252711042 0 0.1282083177 0.0669464047 -0.02058603148 0 0.1709206419 0.009239703696 -0.3071532771 1


mesh: pSphereShape19 tranform: pSphere19 -0.01892828978 0.001807538041 -0.08433463408 0 0.2114017501 0.3726455243 -0.03946068731 0 0.08491361468 -0.05030379148 -0.02013639521 0 0.1891326043 -0.6248681038 -0.3553596175 1


mesh: pSphereShape20 tranform: pSphere20 -0.06097987379 0.0155926885 -0.09674617993 0 0.03803112666 0.07151715388 -0.012444818 0 0.1862078618 -0.1228909282 -0.1371747379 0 0.1592348352 -1.097818762 -0.4006642511 1


mesh: pSphereShape21 tranform: pSphere21 -0.056996235 0.01606609676 -0.2573240678 0 -0.0803971668 0.1187805184 0.02522373895 0 0.2132283599 0.1523343205 -0.03771818103 0 -0.01687984248 0.4003310484 -0.07302496531 1


mesh: pSphereShape22 tranform: pSphere22 -0.002653433475 0.0003578056906 -0.009634898333 0 0.001232281547 0.009923740809 2.916417146e-05 0 0.009562466888 -0.001179552223 -0.00267729034 0 0.02784192733 1.337365097 0.2360023499 1


mesh: pSphereShape23 tranform: pSphere23 -0.001248498712 8.962986747e-05 -0.009921351594 0 0.001721430924 0.00984989257 -0.0001276398397 0 0.009771280701 -0.001723827962 -0.001245186982 0 -0.123740862 1.367701245 -0.02091726585 1


mesh: pSphereShape24 tranform: pSphere24 -0.00194187622 0.0003769977113 -0.009802397129 0 0.001306013849 0.00991359215 0.0001225500559 0 0.009722316832 -0.001256408936 -0.001974333308 0 -0.1001481331 1.359417103 -0.308439911 1


