mesh: pSphereShape1 tranform: pSphere1 0.05815717924 0.1261266219 0.04762302587 0 -0.07698089256 0.03566277741 -0.0004416786435 0 -0.02137809724 -0.04436767949 0.1436119449 0 0.9168169222 0.06209528956 -0.1780840728 1


mesh: pSphereShape2 tranform: pSphere2 0.07422686992 0.2326318712 0.08868100972 0 -0.1331869961 0.04456225513 -0.005418826039 0 -0.01887582061 -0.04131538002 0.1241795428 0 1.064483864 0.3614427892 -0.06354536574 1


mesh: pSphereShape3 tranform: pSphere3 0.06365351974 0.2462110967 0.1468561316 0 -0.1269676729 0.04047123366 -0.01281885566 0 -0.03086220335 -0.06047232656 0.1147616074 0 1.194684904 0.7754081276 0.1205460897 1


mesh: pSphereShape4 tranform: pSphere4 0.1304551566 -0.0145822128 0.1242465138 0 -0.004849302849 0.1469297445 0.0223360582 0 -0.1191745289 -0.02255292976 0.1224827944 0 1.338684091 1.016266386 0.3479302144 1


mesh: pSphereShape5 tranform: pSphere5 0.1303528192 -0.01531911434 0.1329046899 0 -0.003545341548 0.1371456479 0.01928521204 0 -0.1264532911 -0.02037887623 0.1216763431 0 1.54291803 1.011533635 0.5628258664 1


mesh: pSphereShape6 tranform: pSphere6 0.1379267144 -0.2274801056 0.01542674324 0 0.04264302435 0.03213228253 0.09255633296 0 -0.07941241861 -0.04461802934 0.05207709371 0 1.723175754 0.7302135406 0.6275585608 1


mesh: pSphereShape7 tranform: pSphere7 0.1051393018 -0.2171014777 0.07082861351 0 0.02900364182 0.04223289071 0.08639729099 0 -0.109507031 -0.03539478773 0.05406334912 0 1.895446459 0.299874301 0.7173362237 1


mesh: pSphereShape8 tranform: pSphere8 0.09007916669 -0.1536827672 -0.06409686878 0 0.02448341969 -0.0009127639044 0.03659651666 0 -0.07841847618 -0.06714625694 0.05078799716 0 2.045087406 -0.01434150061 0.7555290392 1


mesh: pSphereShape10 tranform: pSphere10 0.1705926896 -0.009558494103 0.06688358369 0 0.008739519702 0.1545425091 -0.0002049009475 0 -0.08121757271 0.004868504839 0.2078486076 0 1.448913695 1.446434533 0.4789386523 1


mesh: pSphereShape11 tranform: pSphere11 0.06653662928 -0.0002380690404 0.04055486931 0 -0.01291948473 0.1694178191 0.02219097531 0 -0.04718574754 -0.01372792718 0.07733503892 0 1.445817364 1.259677408 0.4504865489 1


mesh: pSphereShape12 tranform: pSphere12 0.2068780724 -0.02534017326 0.2380986126 0 0.003550246139 0.1651091055 0.01448738077 0 -0.1311549682 -0.007112537046 0.1132003828 0 1.374643237 0.825889775 0.4436077933 1


mesh: pSphereShape13 tranform: pSphere13 0.1361199889 -0.01781503021 0.1707414562 0 -0.002191792868 0.2055563603 0.02319495028 0 -0.1533319077 -0.01524901278 0.1206495271 0 1.379471635 0.601025143 0.424133241 1


mesh: pSphereShape14 tranform: pSphere14 0.1328315891 -0.00472283242 0.1772639561 0 -0.01015676294 0.2410227109 0.01403245697 0 -0.1526997709 -0.01307637984 0.114076184 0 1.375479405 0.4068270659 0.4145192127 1


mesh: pSphereShape15 tranform: pSphere15 0.08965179007 -0.02007833919 0.1207918403 0 0.1387510574 0.3509682324 -0.04464226589 0 -0.1353274864 0.06770736519 0.1116946543 0 1.131922765 -0.1566051611 0.3184043981 1


mesh: pSphereShape16 tranform: pSphere16 0.05696093077 -0.001448358931 0.08244158165 0 -0.1517647812 0.3104483017 0.1103120972 0 -0.05896154904 -0.04303063318 0.03998201933 0 1.073051768 -0.7793042982 0.2578630691 1


mesh: pSphereShape17 tranform: pSphere17 0.02567069884 -0.03382667887 0.1040390026 0 -0.03019496541 0.09224824039 0.03744343341 0 -0.2587480466 -0.09771293358 0.03207392486 0 1.067398152 -1.252336028 0.1251004528 1


mesh: pSphereShape18 tranform: pSphere18 0.0632020209 -0.01085410214 0.1105962278 0 0.0743473443 0.350352743 -0.008102789489 0 -0.1233184691 0.0278621478 0.07320679214 0 1.413713295 -0.1921968506 0.5594659097 1


mesh: pSphereShape19 tranform: pSphere19 0.04391456823 -0.007885273798 0.07404870699 0 -0.08910956647 0.4097126402 0.0964757492 0 -0.08421988923 -0.02934247482 0.04682197388 0 1.401492825 -0.8964484012 0.5149713444 1


mesh: pSphereShape20 tranform: pSphere20 0.07263004434 0.003497428942 0.08963339179 0 -0.004826168913 0.08180547053 0.0007186612103 0 -0.2029604325 -0.01342316219 0.1649828426 0 1.294337393 -1.317478443 0.5418361123 1


mesh: pSphereShape21 tranform: pSphere21 0.1583051813 -0.005628547001 0.2112585033 0 0.06998995128 0.1178087701 -0.04930774177 0 -0.1694419039 0.1555417252 0.1311142737 0 1.42541158 0.2370107983 0.3777568246 1


mesh: pSphereShape22 tranform: pSphere22 0.007217676583 -0.0008067883141 0.006874171758 0 -0.0003261199918 0.00988115788 0.001502120066 0 -0.006913666935 -0.001308362166 0.007105589205 0 1.298151913 1.204932652 0.206214586 1


mesh: pSphereShape23 tranform: pSphere23 0.008538848502 -3.055212581e-05 0.005204530029 0 -0.00025108264 0.009985766416 0.0004705598781 0 -0.005198559778 -0.000532480665 0.00852592755 0 1.52194912 1.185827461 0.2784577248 1


mesh: pSphereShape24 tranform: pSphere24 0.006978607375 -0.0008201286709 0.007115225089 0 -0.0002559068577 0.009899331651 0.001392028934 0 -0.007157761576 -0.001153525828 0.006887367231 0 1.697281461 1.15968273 0.5935265555 1


