mesh: pSphereShape1 tranform: pSphere1 -0.05830660156 0.1319274745 0.02745207696 0 -0.05016623282 -0.008032536014 -0.06794787739 0 -0.1065650516 -0.06506965438 0.0863697551 0 -5.942466232 -0.1145521126 -0.08475778842 1


mesh: pSphereShape2 tranform: pSphere2 -0.1140431629 0.231535316 0.02961573296 0 -0.07297005231 -0.02080900257 -0.1183059215 0 -0.09696341295 -0.05668464533 0.06977652632 0 -6.069184282 0.2056664361 -0.008498485442 1


mesh: pSphereShape3 tranform: pSphere3 -0.1343070845 0.2520274788 0.06842627509 0 -0.07011243682 -0.006448105784 -0.1138670361 0 -0.09583448377 -0.06813960878 0.06286771695 0 -6.262939034 0.631105627 0.07361324203 1


mesh: pSphereShape4 tranform: pSphere4 -0.03762512476 0.01660373036 0.1760029861 0 -0.005708492813 0.147811417 -0.01516453627 0 -0.1684691504 -0.01010338384 -0.03506144457 0 -6.413211397 0.9019713604 0.2545910926 1


mesh: pSphereShape5 tranform: pSphere5 -0.05334230741 0.01803092756 0.1781001775 0 -0.005259749503 0.1375696608 -0.01550293662 0 -0.1691760549 -0.01204081529 -0.04945045079 0 -6.496349329 0.9496354148 0.5343900252 1


mesh: pSphereShape6 tranform: pSphere6 -0.1411187733 -0.2119272784 0.07862112875 0 -0.04646298897 0.0591069991 0.07592851368 0 -0.07642008953 0.02602305584 -0.06702160056 0 -6.656131501 0.7031515972 0.6822950855 1


mesh: pSphereShape7 tranform: pSphere7 -0.2502586739 -0.01147709299 -0.02104493618 0 -0.00906580253 0.07375124658 0.06758613054 0 0.003909322944 0.08612619765 -0.09345812876 0 -7.035299347 0.5156212569 0.6839575852 1


mesh: pSphereShape8 tranform: pSphere8 -0.164323639 -0.08285110913 -0.04443526975 0 -0.02175870404 0.03141250652 0.02189495928 0 -0.005770873702 0.06299015008 -0.096106378 0 -7.373103631 0.4722264403 0.6171364042 1


mesh: pSphereShape10 tranform: pSphere10 -0.02518455279 0.01722998719 0.1809295724 0 0.01749977618 0.1533153412 -0.01216438694 0 -0.2196489264 0.02247560873 -0.03271446649 0 -6.429110278 1.354390481 0.3535489703 1


mesh: pSphereShape11 tranform: pSphere11 -0.01173091561 0.007808617854 0.0766373815 0 -0.001856820365 0.1704312059 -0.01764953778 0 -0.0905780992 -0.002397353453 -0.01362055957 0 -6.415189707 1.166171555 0.3756161051 1


mesh: pSphereShape12 tranform: pSphere12 -0.05688795424 0.02731270541 0.3100796467 0 0.003013165092 0.1651622278 -0.01399516066 0 -0.1705428444 0.0004566867909 -0.03132842475 0 -6.493144522 0.7330056529 0.3694645181 1


mesh: pSphereShape13 tranform: pSphere13 -0.03233964857 0.006174549263 0.2165980001 0 5.969826113e-06 0.2067885089 -0.005894019211 0 -0.1935587733 -0.0008174664717 -0.02887642183 0 -6.493822642 0.5098551056 0.3929728296 1


mesh: pSphereShape14 tranform: pSphere14 -0.02251332423 0.001623830182 0.2204077125 0 0.006220973768 0.2415616009 -0.001144244074 0 -0.1900013485 0.004801036315 -0.01944286786 0 -6.508083232 0.3165571182 0.3964128011 1


mesh: pSphereShape15 tranform: pSphere15 0.01358695257 0.006793500795 0.1509983275 0 0.202418558 0.3199793955 -0.03260984214 0 -0.1582859187 0.1011193351 0.009693279458 0 -6.719716307 -0.2095542028 0.2531675776 1


mesh: pSphereShape16 tranform: pSphere16 0.009671575286 0.0101090545 0.0992347087 0 0.02478694575 0.3597761704 -0.03906622769 0 -0.08264263991 0.006496437033 0.007392692408 0 -6.981756016 -0.8440640066 0.2854955506 1


mesh: pSphereShape17 tranform: pSphere17 -0.01165650532 0.003403397237 0.1117134093 0 -0.004835544303 0.1038587645 -0.00366865699 0 -0.276632255 -0.01388433721 -0.02844162986 0 -7.208795746 -1.319392468 0.2976250905 1


mesh: pSphereShape18 tranform: pSphere18 0.01586026169 -0.004721410256 0.126767476 0 0.05012684106 0.3546539145 0.006937440424 0 -0.1435152492 0.01991872375 0.01869749205 0 -6.566854444 -0.2928010319 0.5701075138 1


mesh: pSphereShape19 tranform: pSphere19 0.01568783794 -0.006921907318 0.08473403562 0 -0.3808702017 0.1810350212 0.08530382843 0 -0.04314058387 -0.09102117077 0.0005516364214 0 -6.338406309 -0.8269395322 0.5170798811 1


mesh: pSphereShape20 tranform: pSphere20 0.03651822765 0.02057997573 0.1075378255 0 -0.07418284024 0.02872228391 0.01969466958 0 -0.07430125056 -0.2408027128 0.07131503662 0 -6.041260544 -1.210473903 0.4613333304 1


mesh: pSphereShape21 tranform: pSphere21 -0.02683078549 0.001935237944 0.2626760933 0 0.0958046611 0.1093140903 0.008980510965 0 -0.1975753878 0.1749221288 -0.02146985939 0 -6.46301463 0.1417716513 0.4064687263 1


mesh: pSphereShape22 tranform: pSphere22 -0.002081680702 0.0009186325704 0.009737695808 0 -0.000383901292 0.009940451153 -0.001019828746 0 -0.009773393743 -0.0005861271822 -0.00203401811 0 -6.294911104 1.060110323 0.1192461764 1


mesh: pSphereShape23 tranform: pSphere23 -0.001505464167 0.001002103737 0.009835108832 0 0.0008506749481 0.009924724338 -0.0008810215369 0 -0.009849361897 0.0007040134342 -0.00157937814 0 -6.239086675 1.067780309 0.3878904652 1


mesh: pSphereShape24 tranform: pSphere24 -0.002855749667 0.0009653091114 0.009534824181 0 -0.0003796548088 0.009929937394 -0.001119019914 0 -0.00957604073 -0.0006815582599 -0.002799093116 0 -6.433539287 1.114175303 0.6596907813 1


