mesh: pSphereShape1 tranform: pSphere1 -0.009379480383 0.136418656 -0.05348000065 0 0.03513527042 0.03026761207 0.07104555597 0 0.1378504064 -0.01477953895 -0.06187677604 0 -7.906348297 0.04204559973 0.2034158375 1


mesh: pSphereShape2 tranform: pSphere2 0.007528179187 0.248747138 -0.07456356387 0 0.07739179949 0.03153183969 0.1130052505 0 0.1103084545 -0.0239779488 -0.06885433128 0 -7.930010859 0.3670392493 0.06783555528 1


mesh: pSphereShape3 tranform: pSphere3 0.06272718673 0.2695603472 -0.0981881734 0 0.06776657155 0.02526735813 0.1126600469 0 0.1114129108 -0.04653524051 -0.05657949361 0 -7.891318383 0.8131254449 -0.07788278519 1


mesh: pSphereShape4 tranform: pSphere4 0.05112559337 -0.0222045092 -0.1719346343 0 0.0365350531 0.1439315534 -0.007724175166 0 0.1598189285 -0.03775582605 0.05239890831 0 -7.780063962 1.062171119 -0.2862248729 1


mesh: pSphereShape5 tranform: pSphere5 0.07976847438 -0.02407064844 -0.1671759065 0 0.03296029592 0.1345131305 -0.003640630805 0 0.1541177273 -0.03563490509 0.07866858048 0 -7.659224947 1.043174734 -0.5534899909 1


mesh: pSphereShape6 tranform: pSphere6 0.05594803267 -0.2447432481 -0.0893281677 0 0.06871408327 0.04145761744 -0.07054946203 0 0.07727299264 -0.00807374363 0.07051825106 0 -7.580817269 0.7469238093 -0.6996638237 1


mesh: pSphereShape7 tranform: pSphere7 0.1436257423 -0.1992968163 -0.05344569253 0 0.05839428658 0.05762456844 -0.05795547079 0 0.07366568232 0.02619804279 0.1002719121 0 -7.37143009 0.3369131887 -0.779960489 1


mesh: pSphereShape8 tranform: pSphere8 0.005819809472 -0.188527252 -0.01626846294 0 0.03121546366 0.003626155082 -0.03085485111 0 0.08108469313 -0.004529755929 0.08150001064 0 -7.215827074 0.02810674314 -0.833666619 1


mesh: pSphereShape10 tranform: pSphere10 0.09067712613 -0.01856183904 -0.1584290417 0 0.01290120642 0.1538832238 -0.01064521562 0 0.1931508489 -0.008477047898 0.1115433969 0 -7.655516176 1.480065435 -0.4278085378 1


mesh: pSphereShape11 tranform: pSphere11 0.03459033685 -0.008614463243 -0.0692905243 0 0.04168590032 0.1662047355 0.0001466975321 0 0.07902136414 -0.01985638839 0.04191666554 0 -7.698210314 1.294404116 -0.4355602787 1


mesh: pSphereShape12 tranform: pSphere12 0.1036593767 -0.04087938241 -0.2961675544 0 0.02756353919 0.162968445 -0.01284688358 0 0.161272761 -0.02258138172 0.05956272575 0 -7.728793198 0.8646188629 -0.3602378322 1


mesh: pSphereShape13 tranform: pSphere13 0.07252267987 -0.03580599456 -0.2036100764 0 0.04437131835 0.2011088017 -0.01956177128 0 0.1798355704 -0.03288466453 0.06983753393 0 -7.771636838 0.6431739292 -0.3493483826 1


mesh: pSphereShape14 tranform: pSphere14 0.07194092743 -0.02565626229 -0.2079790987 0 0.04428344295 0.237142952 -0.01393606299 0 0.177277567 -0.02928838808 0.06493413632 0 -7.799046413 0.4517566118 -0.331994213 1


mesh: pSphereShape15 tranform: pSphere15 0.009294403402 -0.008754735835 -0.1512224207 0 -0.1091730115 0.3629548203 -0.02772255306 0 0.1797820476 0.05467875552 0.007884206649 0 -7.756904212 -0.1127018244 -0.1349747633 1


mesh: pSphereShape16 tranform: pSphere16 0.009713611694 0.004952410922 -0.09962117815 0 0.1889321376 0.3078096853 0.03372388814 0 0.07058680573 -0.04384113076 0.004703151833 0 -7.779078144 -0.7506199332 -0.09613974417 1


mesh: pSphereShape17 tranform: pSphere17 0.02362190419 0.01853870137 -0.1082851109 0 0.04937065104 0.08786212445 0.02581221418 0 0.2379958781 -0.1418503049 0.02763256522 0 -7.848923514 -1.252082882 -0.1147361869 1


mesh: pSphereShape18 tranform: pSphere18 0.02863278859 -0.0004884147769 -0.1245943717 0 -0.03443885699 0.3564652648 -0.009311683978 0 0.1416867603 0.01453772753 0.03250376849 0 -7.751656465 -0.159070423 -0.4934273843 1


mesh: pSphereShape19 tranform: pSphere19 0.01831035756 5.033010931e-05 -0.08449027237 0 0.1053176507 0.4165193916 0.02307209165 0 0.09530562135 -0.02524144928 0.02063917597 0 -7.782114531 -0.8745830873 -0.5172679807 1


mesh: pSphereShape20 tranform: pSphere20 -0.007417337648 0.006323914624 -0.1150064845 0 -0.001264489989 0.08181299308 0.004580242018 0 0.2613289958 0.004967353739 -0.01658125875 0 -7.655557384 -1.287520078 -0.5204560433 1


mesh: pSphereShape21 tranform: pSphere21 0.08573729815 -0.0305764561 -0.2478639994 0 -0.0662357509 0.1239445824 -0.03820103132 0 0.2195564223 0.1355828015 0.0592201082 0 -7.876130775 0.2885991711 -0.3429445822 1


mesh: pSphereShape22 tranform: pSphere22 0.002828619487 -0.00122850618 -0.009512606602 0 0.002457015284 0.009679526824 -0.0005194577489 0 0.009271568783 -0.00219032715 0.003039815666 0 -7.869568384 1.262051715 -0.1894889312 1


mesh: pSphereShape23 tranform: pSphere23 0.004439083392 -0.001105520333 -0.008892264247 0 0.001585061134 0.009863990491 -0.0004350549413 0 0.008819417205 -0.001216353728 0.004553939368 0 -7.883064015 1.236654263 -0.4933343134 1


mesh: pSphereShape24 tranform: pSphere24 0.004270508818 -0.001288653409 -0.008949979153 0 0.002379112321 0.0097093135 -0.0002627849466 0 0.008723679213 -0.002017078024 0.004452956012 0 -7.666962838 1.192220747 -0.7098362946 1


