mesh: pSphereShape1 tranform: pSphere1 0.0617793671 0.1257135316 -0.04401763958 0 0.06475455811 -0.01319260293 0.0532060995 0 0.07444248329 -0.07480034381 -0.1091472857 0 2.117191065 0.04196346095 0.3216974025 1


mesh: pSphereShape2 tranform: pSphere2 0.1244474774 0.2203842142 -0.05861024385 0 0.08792704655 -0.02103195548 0.1076123855 0 0.08141947769 -0.0671592078 -0.07965127465 0 2.251962586 0.3479131251 0.2091009077 1


mesh: pSphereShape3 tranform: pSphere3 0.1433018941 0.2360198414 -0.09998799802 0 0.08491195116 -0.007832392332 0.1032068212 0 0.07995944459 -0.07895619711 -0.07177750733 0 2.463661826 0.7515486956 0.07720688918 1


mesh: pSphereShape4 tranform: pSphere4 0.0209279889 -0.00299424257 -0.1795033113 0 0.02847272218 0.1459427478 0.0008851581864 0 0.1680042685 -0.03289894551 0.02013611261 0 2.617063464 0.991707178 -0.1378009766 1


mesh: pSphereShape5 tranform: pSphere5 0.0448042483 -0.00416155169 -0.1812883067 0 0.0249504813 0.1362411696 0.003038877135 0 0.1685313964 -0.03180926962 0.04238165489 0 2.68397745 1.004571485 -0.4246048916 1


mesh: pSphereShape6 tranform: pSphere6 0.1127808823 -0.2308703745 -0.07062792757 0 0.03470847817 0.04468477114 -0.090643139 0 0.08874416235 0.0286373841 0.04809883929 0 2.805977138 0.7318722698 -0.5632794664 1


mesh: pSphereShape7 tranform: pSphere7 0.2510976784 0.003558210612 -0.01188746997 0 -0.004607513201 0.06225969345 -0.07868812859 0 0.002316805076 0.0997634131 0.07879924098 0 3.168107011 0.5468675337 -0.5949925448 1


mesh: pSphereShape8 tranform: pSphere8 0.1691524433 -0.06065483029 0.05957768277 0 0.01879488641 0.01706694241 -0.03598677161 0 0.01608954553 0.0994521169 0.05556888384 0 3.514102325 0.5283332946 -0.5697060746 1


mesh: pSphereShape10 tranform: pSphere10 0.01954854411 0.0002557145378 -0.1824402186 0 0.0003555877302 0.1547889428 0.0002550589216 0 0.2219352727 -0.0005490229427 0.0237796858 0 2.68196252 1.429556695 -0.2720730594 1


mesh: pSphereShape11 tranform: pSphere11 0.008611898044 0.0010590279 -0.07743765757 0 0.03023404423 0.1685690656 0.005667679831 0 0.08961994565 -0.01640152753 0.009742393857 0 2.649543834 1.242504166 -0.2775741093 1


mesh: pSphereShape12 tranform: pSphere12 0.03165195371 -0.006556447892 -0.3147805225 0 0.01917458947 0.1646620338 -0.001501633019 0 0.1713578015 -0.01979340674 0.01764271689 0 2.662034379 0.804964415 -0.2423208725 1


mesh: pSphereShape13 tranform: pSphere13 0.01946495887 -0.01778928048 -0.2174932837 0 0.03225062736 0.2038773648 -0.01378927405 0 0.1925262974 -0.02912851605 0.01961298175 0 2.629490831 0.5817677391 -0.2430707118 1


mesh: pSphereShape14 tranform: pSphere14 0.0176027763 -0.004881180751 -0.2208061654 0 0.02877099369 0.2399066235 -0.003009781115 0 0.1890865787 -0.02248101052 0.01557104447 0 2.614705617 0.3890196984 -0.2360964611 1


mesh: pSphereShape15 tranform: pSphere15 -0.01718746996 0.009124523989 -0.1505077599 0 -0.18408304 0.3299302685 0.04102365469 0 0.1631563359 0.0926505942 -0.0130149572 0 2.785619542 -0.1639542591 -0.1234460556 1


mesh: pSphereShape16 tranform: pSphere16 -0.01130102325 0.005836291639 -0.09940565545 0 -0.1348601933 0.3349142036 0.0349951432 0 0.07668870796 0.03159745201 -0.006863280806 0 3.124178592 -0.7900904348 -0.161861878 1


mesh: pSphereShape17 tranform: pSphere17 -0.004255288043 0.01821359018 -0.110803884 0 -0.04287563398 0.09325760442 0.01697597496 0 0.2534724909 0.1148700231 0.009147667285 0 3.486378061 -1.138586566 -0.1906215922 1


mesh: pSphereShape18 tranform: pSphere18 -0.0113824164 -0.02054390423 -0.1256671046 0 0.03953120702 0.3508062873 -0.06092995819 0 0.1446164258 -0.0180586599 -0.01014656143 0 2.559059066 -0.1931990754 -0.3705391733 1


mesh: pSphereShape19 tranform: pSphere19 -0.009115625951 -0.01390244869 -0.08483811134 0 0.2359377733 0.3501453433 -0.08272930699 0 0.08356014732 -0.05624866562 0.0002391748217 0 2.340701255 -0.8563234791 -0.2583218312 1


mesh: pSphereShape20 tranform: pSphere20 -0.02082090809 -0.0004650229501 -0.1135243314 0 0.02829912454 0.07671247753 -0.005504428224 0 0.2412074339 -0.09212830029 -0.0438612232 0 2.32219141 -1.286146852 -0.1878809533 1


mesh: pSphereShape21 tranform: pSphere21 0.0209785241 -0.005817262361 -0.2631509589 0 -0.0791821539 0.1218926293 -0.009007020679 0 0.2212026517 0.1447611088 0.01443426931 0 2.544645233 0.2224752017 -0.2421572563 1


mesh: pSphereShape22 tranform: pSphere22 0.001157880297 -0.0001656620945 -0.009931357877 0 0.001914816255 0.009814781463 5.952768665e-05 0 0.009746424571 -0.001908565144 0.001168155455 0 2.5376173 1.176014881 -0.007263186613 1


mesh: pSphereShape23 tranform: pSphere23 0.001105191133 0.0001359082794 -0.009937810699 0 0.000807731977 0.00996476018 0.000226105296 0 0.009905862992 -0.0008276977052 0.001090318713 0 2.459493961 1.173807929 -0.2751975748 1


mesh: pSphereShape24 tranform: pSphere24 0.00239865359 -0.0002227940715 -0.009705504817 0 0.001800954628 0.00983404536 0.00021934967 0 0.009539550481 -0.001800531769 0.002398971022 0 2.637079061 1.165661162 -0.5608745255 1


