mesh: pSphereShape1 tranform: pSphere1 0.01406697829 0.1437284499 0.02650259679 0 -0.04184782634 0.01732423374 -0.07174062271 0 -0.1312648575 -0.001217575408 0.07627554927 0 -6.803983945 -0.06082618336 -0.06334870492 1


mesh: pSphereShape2 tranform: pSphere2 -0.001837141115 0.2578564633 0.03159440552 0 -0.09660186194 0.01173737487 -0.1014112838 0 -0.09603876484 -0.01172722249 0.09012682172 0 -6.767637556 0.2828374818 0.008306511869 1


mesh: pSphereShape3 tranform: pSphere3 -0.0468172926 0.2831879173 0.062057576 0 -0.08710131112 0.007813768007 -0.1013673537 0 -0.09900397403 -0.03442829688 0.08241668459 0 -6.788561802 0.7480531228 0.08224877846 1


mesh: pSphereShape4 tranform: pSphere4 -0.03005650902 0.009414767986 0.1779785195 0 -0.005013469545 0.1483577943 -0.008694541392 0 -0.1698757989 -0.007398966977 -0.02829675142 0 -6.862335838 1.036140859 0.2611966911 1


mesh: pSphereShape5 tranform: pSphere5 -0.04585092489 0.01137061393 0.1807168812 0 -0.004259363062 0.1381296093 -0.009771716865 0 -0.1711746321 -0.008313699187 -0.04290680142 0 -6.933236041 1.073049875 0.5457943548 1


mesh: pSphereShape6 tranform: pSphere6 -0.08616755339 -0.236465566 0.08756797492 0 -0.05377228832 0.04865625835 0.07847735602 0 -0.08408310994 0.007566957928 -0.06230486523 0 -7.038874029 0.7981122589 0.7013971131 1


mesh: pSphereShape7 tranform: pSphere7 -0.1615330732 -0.1808791183 0.06628595417 0 -0.04337072802 0.06269882061 0.06539998496 0 -0.08049048467 0.03871765724 -0.09049669305 0 -7.297455046 0.4185837966 0.7950128137 1


mesh: pSphereShape8 tranform: pSphere8 -0.01844686013 -0.1869061762 0.02380866384 0 -0.03555774352 0.006707284976 0.02510448592 0 -0.06695279945 -0.005291828178 -0.09341743457 0 -7.481313498 0.1261000284 0.8496991614 1


mesh: pSphereShape10 tranform: pSphere10 -0.04390433933 0.01744019902 0.1772988798 0 0.02423904371 0.1526142228 -0.009009776158 0 -0.2138851033 0.03066554103 -0.05598059787 0 -6.86507238 1.484907088 0.3645289601 1


mesh: pSphereShape11 tranform: pSphere11 -0.01698575508 0.007004492229 0.07572515005 0 -0.002688504763 0.170546967 -0.01637845799 0 -0.08941285019 -0.003306213015 -0.01975019435 0 -6.863600347 1.295906433 0.3867889607 1


mesh: pSphereShape12 tranform: pSphere12 -0.05288245965 0.01499231176 0.3116252342 0 0.007866395487 0.165462165 -0.006625477634 0 -0.1707604243 0.006944568243 -0.02931195994 0 -6.94197011 0.8645009731 0.3698807478 1


mesh: pSphereShape13 tranform: pSphere13 -0.02992766232 0.00722237955 0.2169120647 0 0.00156917915 0.2067590501 -0.006667819391 0 -0.1938624109 0.0006080631572 -0.02676771548 0 -6.946905415 0.6395123954 0.3882841916 1


mesh: pSphereShape14 tranform: pSphere14 -0.02370885173 0.003082253071 0.2202667392 0 0.005231913335 0.2415713294 -0.002817226589 0 -0.1899118305 0.003874056852 -0.02049575106 0 -6.961257849 0.4457082926 0.3921299046 1


mesh: pSphereShape15 tranform: pSphere15 0.01549238412 0.01443139887 0.1502763209 0 0.09387570051 0.3655210167 -0.04477976278 0 -0.1812357653 0.04826737034 0.01404884288 0 -7.065506666 -0.1266657765 0.2520391833 1


mesh: pSphereShape16 tranform: pSphere16 0.009345828655 0.01458837354 0.09870711528 0 -0.07583672083 0.3518791406 -0.0448254144 0 -0.08101644272 -0.01617881973 0.0100619743 0 -7.130037392 -0.8122551515 0.3030155394 1


mesh: pSphereShape17 tranform: pSphere17 -0.008732781782 0.004556847128 0.1119388973 0 -0.0167349849 0.1025348669 -0.005479584845 0 -0.2739577713 -0.04575599647 -0.01950984337 0 -7.234912046 -1.302405962 0.3292122434 1


mesh: pSphereShape18 tranform: pSphere18 0.002869712619 0.01175283011 0.1272692748 0 0.1852160706 0.3049419336 -0.03233653714 0 -0.1250092171 0.07548796456 -0.00415227238 0 -7.178316376 -0.1151477653 0.5938967612 1


mesh: pSphereShape19 tranform: pSphere19 0.005041715268 0.002558225594 0.08626653141 0 -0.2805775301 0.3261035492 0.006727354888 0 -0.07613675194 -0.06563955399 0.006396230411 0 -7.17822758 -0.6986910652 0.6434552631 1


mesh: pSphereShape20 tranform: pSphere20 0.03633426278 0.02897852817 0.1056483153 0 -0.05005401808 0.0648860417 -0.0005833139992 0 -0.1902792963 -0.1458362577 0.1054420794 0 -7.075961004 -1.151534253 0.6936536717 1


mesh: pSphereShape21 tranform: pSphere21 -0.0282555836 0.003673347842 0.262508085 0 0.09530368329 0.1097719697 0.008722133502 0 -0.198175556 0.1739436993 -0.023765065 0 -6.915524536 0.2711868488 0.4036620183 1


mesh: pSphereShape22 tranform: pSphere22 -0.00166293282 0.0005208897234 0.009846995904 0 -0.0003371603502 0.009977195517 -0.0005847157531 0 -0.009854997582 -0.0004292359604 -0.001641578251 0 -6.748404794 1.199007715 0.1277229425 1


mesh: pSphereShape23 tranform: pSphere23 -0.002179833738 0.0008989078441 0.009718039389 0 0.0007900362092 0.009941066074 -0.0007423261423 0 -0.009727495447 0.000605945543 -0.002238004097 0 -6.687572587 1.199417015 0.4101939874 1


mesh: pSphereShape24 tranform: pSphere24 -0.00245468878 0.0006087405764 0.009674912811 0 -0.0003074457573 0.009970355123 -0.0007053338369 0 -0.009689168184 -0.0004705885952 -0.002428696414 0 -6.86345141 1.231751619 0.6748781161 1


