mesh: pSphereShape1 tranform: pSphere1 0.04123451627 0.1288887922 0.05696954224 0 -0.0143044992 0.03759428554 -0.07470031854 0 -0.1434459076 0.02760884407 0.04136336627 0 -7.71420802 -0.04990125933 -0.09563448759 1


mesh: pSphereShape2 tranform: pSphere2 0.04272294293 0.2440378179 0.07817819893 0 -0.0649597488 0.04819406231 -0.1149412788 0 -0.115222166 -0.0006076805724 0.06486369772 0 -7.623262015 0.2602891509 0.04621888779 1


mesh: pSphereShape3 tranform: pSphere3 -0.03530254198 0.278581614 0.0859326073 0 -0.05704127547 0.02904196971 -0.1175835476 0 -0.1195616751 -0.03070317219 0.05041751141 0 -7.595657539 0.7050955015 0.1850114686 1


mesh: pSphereShape4 tranform: pSphere4 -0.06554672001 -0.00973714799 0.1681582601 0 -0.02060884803 0.1472609808 0.0004939369121 0 -0.1588544947 -0.02201936776 -0.0631952122 0 -7.690055574 0.9728407919 0.3773909847 1


mesh: pSphereShape5 tranform: pSphere5 -0.06934354384 -0.01061452567 0.1731155513 0 -0.01776509923 0.1373903487 0.001308019093 0 -0.1624691249 -0.02037640482 -0.06632836087 0 -7.807263134 0.9757501515 0.6501577304 1


mesh: pSphereShape6 tranform: pSphere6 -0.004621431737 -0.2363395475 0.1230090324 0 -0.08163700637 0.0330788038 0.06048783189 0 -0.06767301458 -0.03597459254 -0.07166112091 0 -7.838222877 0.6884485283 0.8310747096 1


mesh: pSphereShape7 tranform: pSphere7 -0.05951505546 -0.2207725509 0.1045057693 0 -0.07771494662 0.04310900848 0.04681154396 0 -0.07472165687 -0.02686618538 -0.09930915686 0 -7.917617986 0.2507694692 0.9905985738 1


mesh: pSphereShape8 tranform: pSphere8 0.0695898239 -0.1539241691 0.0854731793 0 -0.04011510216 -0.009548254326 0.01546562082 0 -0.0215879104 -0.06216635387 -0.09437586796 0 -7.938183495 -0.07635301541 1.113141393 1


mesh: pSphereShape10 tranform: pSphere10 -0.1208926937 0.01359012012 0.1373568694 0 0.01953685045 0.1535386076 0.00200393585 0 -0.1655280541 0.02299358808 -0.1479621518 0 -7.73554314 1.409439107 0.4915948906 1


mesh: pSphereShape11 tranform: pSphere11 -0.04524414573 -0.000484236595 0.06343981344 0 -0.00788011598 0.1711170495 -0.004313820667 0 -0.07448117905 -0.004769961435 -0.0531550603 0 -7.738371891 1.219149683 0.5200689401 1


mesh: pSphereShape12 tranform: pSphere12 -0.1258186632 -0.01783483228 0.2897985391 0 -0.008891308501 0.1654222019 0.006320199823 0 -0.1588290802 -0.00588848054 -0.06931947509 0 -7.769489008 0.785513928 0.4533797332 1


mesh: pSphereShape13 tranform: pSphere13 -0.08847710135 -0.01459030919 0.1998939643 0 -0.01065240077 0.2063388442 0.01034575506 0 -0.1787501638 -0.005241960588 -0.07950104067 0 -7.758002967 0.5622407592 0.4521782281 1


mesh: pSphereShape14 tranform: pSphere14 -0.08847023862 -0.008922947528 0.2029345811 0 -0.00788997865 0.2414089575 0.007174978059 0 -0.1750505421 -0.003448527129 -0.07646569732 0 -7.760554584 0.3680223479 0.4404919171 1


mesh: pSphereShape15 tranform: pSphere15 -0.02033077159 0.00290654624 0.1503644358 0 -0.005930590109 0.3798973154 -0.00814529433 0 -0.186360004 -0.003448102378 -0.0251310796 0 -7.691304655 -0.2334389408 0.2825693233 1


mesh: pSphereShape16 tranform: pSphere16 -0.02008937692 0.01106706953 0.09755612062 0 -0.2693468543 0.2289109718 -0.08143398967 0 -0.05319049761 -0.06390394263 -0.003703863747 0 -7.476599005 -0.8330887514 0.320273303 1


mesh: pSphereShape17 tranform: pSphere17 -0.03224846256 -0.009099506377 0.1072593991 0 -0.06548549756 0.07980125738 -0.01291872392 0 -0.2010603651 -0.1772115161 -0.07548452671 0 -7.278280461 -1.266935224 0.3517238785 1


mesh: pSphereShape18 tranform: pSphere18 -0.05570874028 0.02111619191 0.1131126663 0 0.1781007248 0.3093911615 0.02995777568 0 -0.1096140209 0.06958435264 -0.06697583756 0 -7.999002145 -0.1940480849 0.5703492045 1


mesh: pSphereShape19 tranform: pSphere19 -0.036589375 0.01215956793 0.07737726021 0 -0.04078136301 0.4197412026 -0.08524515127 0 -0.09076137497 -0.01699219446 -0.04024805522 0 -8.180977584 -0.853160944 0.6149527849 1


mesh: pSphereShape20 tranform: pSphere20 -0.03182079909 0.001103955637 0.1109401564 0 -0.001775945965 0.08192090633 -0.001324579583 0 -0.2516874089 -0.006622471125 -0.07212522335 0 -8.347701881 -1.27349216 0.6035209783 1


mesh: pSphereShape21 tranform: pSphere21 -0.1054364949 -0.01063413331 0.2418520765 0 0.08196946142 0.1132783637 0.0407157551 0 -0.191604545 0.1660465177 -0.07622986367 0 -7.7105123 0.1953184792 0.459237676 1


mesh: pSphereShape22 tranform: pSphere22 -0.003626495407 -0.0005387260027 0.009303671606 0 -0.001385963624 0.00990343382 3.321770298e-05 0 -0.009215619127 -0.001277408656 -0.00366614119 0 -7.571945924 1.157772858 0.2816236704 1


mesh: pSphereShape23 tranform: pSphere23 -0.005806319169 -6.214355866e-05 0.008141424684 0 0.0003304740066 0.0099896687 0.0003119393989 0 -0.008134952037 0.0004501748946 -0.005798266803 0 -7.578717612 1.127428466 0.6033846336 1


mesh: pSphereShape24 tranform: pSphere24 -0.003712396629 -0.0005682624099 0.009267965748 0 -0.001282305431 0.00991699444 9.441433258e-05 0 -0.00919640169 -0.001153385936 -0.00375445027 0 -7.771819611 1.127114738 0.8003285482 1


