mesh: pSphereShape1 tranform: pSphere1 -0.01823519677 0.14313644 -0.02715827646 0 0.08214720972 0.006643227468 -0.02014423134 0 -0.03294270443 -0.03166733498 -0.144782122 0 -7.688719272 -0.04994931173 0.5375091073 1


mesh: pSphereShape2 tranform: pSphere2 -0.0003825324488 0.2534061785 -0.05724246319 0 0.1396939978 -0.003209151887 -0.01514009626 0 -0.01455876159 -0.02897858305 -0.128187754 0 -7.739401737 0.2933563778 0.4734025082 1


mesh: pSphereShape3 tranform: pSphere3 -0.008776974869 0.2746775236 -0.1035066224 0 0.133566969 0.0008520382817 -0.009064909503 0 -0.008145731375 -0.04715897194 -0.1244559473 0 -7.754756523 0.7512970896 0.3555005455 1


mesh: pSphereShape4 tranform: pSphere4 -0.1447120884 0.01037346213 -0.1077923362 0 0.02780532986 0.144178885 -0.02345373744 0 0.09811745346 -0.04099156057 -0.1356683278 0 -7.856397707 1.029983754 0.1750619606 1


mesh: pSphereShape5 tranform: pSphere5 -0.1382879137 0.009614849415 -0.1251966331 0 0.02722588702 0.1343951137 -0.01975150827 0 0.1135720849 -0.04191720796 -0.128666993 0 -8.073361041 1.063972343 -0.02224715346 1


mesh: pSphereShape6 tranform: pSphere6 -0.09741943464 -0.2363744738 -0.07513669735 0 -0.03506476179 0.04341641131 -0.09112114785 0 0.09139022423 -0.02300269479 -0.04612837964 0 -8.225770543 0.7875246016 -0.1403692455 1


mesh: pSphereShape7 tranform: pSphere7 -0.02429867399 -0.2023878408 -0.1471487452 0 -0.02487028592 0.05916461315 -0.07726795983 0 0.1225775043 0.008973351608 -0.03258313935 0 -8.281564092 0.3742938101 -0.3502930662 1


mesh: pSphereShape8 tranform: pSphere8 -0.03164276882 -0.1866530601 0.000654321023 0 -0.01655140781 0.002663149885 -0.04072510947 0 0.1048713712 -0.0179320716 -0.04379422549 0 -8.311660114 0.06001881205 -0.5011151558 1


mesh: pSphereShape10 tranform: pSphere10 -0.0897096068 0.01203874504 -0.1596054491 0 0.01334802333 0.1541577779 0.004125299379 0 0.1937553467 -0.01383441953 -0.1099477813 0 -7.882648254 1.473025407 0.06569710666 1


mesh: pSphereShape11 tranform: pSphere11 -0.04559588241 0.00352013719 -0.06309121395 0 0.03839052865 0.1659705991 -0.01848451914 0 0.07141145508 -0.02240515156 -0.05285898474 0 -7.93143558 1.288109969 0.0718641608 1


mesh: pSphereShape12 tranform: pSphere12 -0.2387006286 0.01579871628 -0.2071328584 0 0.02171543728 0.1638751148 -0.01252564227 0 0.1115431184 -0.02475014476 -0.1304304551 0 -7.935214879 0.8510996562 0.08258053862 1


mesh: pSphereShape13 tranform: pSphere13 -0.166003764 0.00885042247 -0.1426993059 0 0.02945312948 0.2036189875 -0.02163441701 0 0.1246373068 -0.03365568216 -0.1470794054 0 -7.974290742 0.6298134797 0.09944581234 1


mesh: pSphereShape14 tranform: pSphere14 -0.1684996067 0.008819456052 -0.1435936839 0 0.03168946594 0.2384949646 -0.02253766741 0 0.1214991816 -0.02978989923 -0.1444025563 0 -7.993605092 0.4366971616 0.1098437094 1


mesh: pSphereShape15 tranform: pSphere15 -0.1235322993 0.02580542962 -0.08429177119 0 0.04242295603 0.3740125666 0.05232954061 0 0.1072131054 0.009419570955 -0.154240505 0 -7.90938135 -0.1562180052 0.1820400999 1


mesh: pSphereShape16 tranform: pSphere16 -0.08058676312 0.01996257124 -0.0561295744 0 0.1145450535 0.3414809892 -0.04300721227 0 0.04191667921 -0.02265448352 -0.0682380239 0 -8.006737729 -0.8504882864 0.1619020487 1


mesh: pSphereShape17 tranform: pSphere17 -0.09849628422 0.01292694038 -0.05252351151 0 0.01532015328 0.1028450149 -0.003417646508 0 0.1276020532 -0.02718220458 -0.2459795711 0 -8.039696734 -1.317152756 0.04141704628 1


mesh: pSphereShape18 tranform: pSphere18 -0.09286613893 0.03321830137 -0.08134037913 0 -0.04161528408 0.3102537134 0.1742154666 0 0.09895941134 0.06240517614 -0.08749632803 0 -8.106955708 -0.1163473235 -0.1625640428 1


mesh: pSphereShape19 tranform: pSphere19 -0.06535582367 0.01822575923 -0.05357532889 0 0.2157686029 0.3420378404 -0.1468555695 0 0.04237674802 -0.05729695457 -0.07118664223 0 -8.233083402 -0.7155889479 -0.2622437907 1


mesh: pSphereShape20 tranform: pSphere20 -0.1039192339 0.0389938773 -0.0316507602 0 0.03487922616 0.06678015106 -0.03224584309 0 0.02370880941 -0.1233524405 -0.2298141087 0 -8.388566865 -1.166609083 -0.3007931907 1


mesh: pSphereShape21 tranform: pSphere21 -0.2008133831 0.0105107949 -0.1711311618 0 -0.04477632193 0.1248148399 0.06020871807 0 0.1514170139 0.1360002276 -0.1693268019 0 -8.051470809 0.2733448921 0.1613204501 1


mesh: pSphereShape22 tranform: pSphere22 -0.008006468118 0.0005739312777 -0.005963813474 0 0.00186993352 0.009696160098 -0.001577285003 0 0.005692083705 -0.002378041681 -0.007870521003 0 -7.767081734 1.206393301 0.3100562775 1


mesh: pSphereShape23 tranform: pSphere23 -0.00585145861 0.0004517499384 -0.008096687849 0 0.001474182738 0.009877362712 -0.000514286997 0 0.007974159353 -0.001494532654 -0.005846294105 0 -8.074944739 1.231535666 0.2024330874 1


mesh: pSphereShape24 tranform: pSphere24 -0.00740342296 0.0005147434438 -0.006702564261 0 0.001965196047 0.009700794907 -0.001425686735 0 0.006428633834 -0.00237268147 -0.007283065952 0 -8.199828846 1.237853167 -0.0443855624 1


