mesh: pSphereShape1 tranform: pSphere1 0.02382025011 0.140910907 0.03368748743 0 -0.05666159992 0.02358261154 -0.0585782393 0 -0.1102831383 -0.006257616992 0.1041555393 0 4.401410833 -0.07217418691 -0.4378427686 1


mesh: pSphereShape2 tranform: pSphere2 0.01250683437 0.2556943705 0.04422109439 0 -0.102941761 0.02117440547 -0.09331973302 0 -0.08980030385 -0.01225838889 0.09627800072 0 4.460821801 0.2646974849 -0.3509389152 1


mesh: pSphereShape3 tranform: pSphere3 -0.02839247475 0.2813503184 0.07921025081 0 -0.09366181809 0.01704820329 -0.09412681001 0 -0.09439847341 -0.03422625194 0.08773309691 0 4.467530434 0.725922489 -0.2529042065 1


mesh: pSphereShape4 tranform: pSphere4 0.001532171046 -0.0004899118316 0.1807368181 0 -0.02598911721 0.146406796 0.0006171747167 0 -0.169715733 -0.03013247842 0.001357063143 0 4.427197867 1.002291358 -0.05242952175 1


mesh: pSphereShape5 tranform: pSphere5 -0.02758607631 -0.002468835612 0.1847243963 0 -0.02007553524 0.1370730858 -0.001166030778 0 -0.1728431438 -0.02553684329 -0.02615307192 0 4.392357761 1.018891917 0.239491603 1


mesh: pSphereShape6 tranform: pSphere6 -0.05089921524 -0.2470948145 0.085804335 0 -0.05641133064 0.03992018315 0.08149678908 0 -0.08682780132 -0.002550780631 -0.05885194047 0 4.333536579 0.7278773125 0.3916528706 1


mesh: pSphereShape7 tranform: pSphere7 -0.1310613792 -0.2028607908 0.06981712755 0 -0.048822327 0.05506933864 0.06835984579 0 -0.08918513895 0.02794891757 -0.08621076241 0 4.133170053 0.3148531573 0.4882783536 1


mesh: pSphereShape8 tranform: pSphere8 0.006867017837 -0.1890820067 0.006472758816 0 -0.03115689944 -6.602843211e-05 0.0311258617 0 -0.08120806975 -0.005732435334 -0.08130120832 0 3.994379156 -0.001189810286 0.5441734873 1


mesh: pSphereShape10 tranform: pSphere10 -0.005530532627 -0.006422712833 0.1832888602 0 -0.007618513778 0.1545150056 0.00518455442 0 -0.2228342145 -0.01074881367 -0.007100422991 0 4.36578068 1.437619116 0.1014592003 1


mesh: pSphereShape11 tranform: pSphere11 -0.004059329335 -0.002217229123 0.07778484992 0 -0.03081860521 0.1685281939 0.003195516245 0 -0.09000718754 -0.01636162883 -0.005163554306 0 4.410162209 1.25298154 0.09821152487 1


mesh: pSphereShape12 tranform: pSphere12 -0.03043873501 -0.003282301387 0.3149512985 0 -0.01964208309 0.1646136699 -0.0001827853555 0 -0.1713658756 -0.02046639875 -0.01677509314 0 4.395484353 0.8167232308 0.05376621008 1


mesh: pSphereShape13 tranform: pSphere13 -0.02336799474 -0.005763517432 0.2177599372 0 -0.03140794139 0.2044641818 0.002041203136 0 -0.1923044105 -0.02932630194 -0.02141252962 0 4.427931298 0.5937439146 0.06084791577 1


mesh: pSphereShape14 tranform: pSphere14 -0.02477287198 -0.003162993624 0.2201484649 0 -0.03063305834 0.2396948739 -3.249965742e-06 0 -0.1883047018 -0.02406567489 -0.02153532095 0 4.443398356 0.4003949347 0.05866063897 1


mesh: pSphereShape15 tranform: pSphere15 -0.01454315824 0.01313928794 0.1504895595 0 -0.002766386749 0.3785573401 -0.0333192941 0 -0.1872078813 -0.002937841693 -0.01783507576 0 4.481912365 -0.1963101181 -0.09202194577 1


mesh: pSphereShape16 tranform: pSphere16 -0.01030186101 0.01068204641 0.0991111765 0 -0.09809639379 0.3459793082 -0.04748548657 0 -0.07966739447 -0.02337900363 -0.005761074013 0 4.545569075 -0.8980099939 -0.05552722046 1


mesh: pSphereShape17 tranform: pSphere17 -0.02502001064 0.002531238165 0.1095213904 0 -0.005355221434 0.1038348616 -0.003623205114 0 -0.2710687691 -0.0161280203 -0.06155253875 0 4.464094283 -1.361176316 -0.05811924206 1


mesh: pSphereShape18 tranform: pSphere18 0.01358125494 0.01002411743 0.1267237119 0 0.03446625375 0.3551644993 -0.03178809684 0 -0.1445840862 0.01530937144 0.01428438585 0 4.429829693 -0.2095714676 0.2683294137 1


mesh: pSphereShape19 tranform: pSphere19 0.01054910453 0.006464690004 0.08556168552 0 -0.155348204 0.401067514 -0.01114976524 0 -0.09312586828 -0.03567694255 0.01417731413 0 4.504338428 -0.9101969641 0.331718686 1


mesh: pSphereShape20 tranform: pSphere20 0.04748150347 0.01918446304 0.103435794 0 -0.006413706049 0.08080697506 -0.01204327799 0 -0.2378317242 -0.002535592655 0.1096453305 0 4.434949553 -1.320190572 0.4080064754 1


mesh: pSphereShape21 tranform: pSphere21 -0.02952365485 -0.003769572302 0.2623671288 0 0.07793899808 0.1225698016 0.01053134903 0 -0.2216806521 0.1429279384 -0.02289176197 0 4.514456903 0.2344513748 0.06844214413 1


mesh: pSphereShape22 tranform: pSphere22 8.477024115e-05 -2.710529233e-05 0.009999603958 0 -0.001747791581 0.009845989126 4.150555653e-05 0 -0.009845711686 -0.001748074204 7.872724709e-05 0 4.492758491 1.183589977 -0.1943934336 1


mesh: pSphereShape23 tranform: pSphere23 -0.0005209461103 -0.0002845437736 0.009982366953 0 -0.0008375877959 0.009961963963 0.0002402513077 0 -0.009951234186 -0.000823595075 -0.000542797677 0 4.599869629 1.185255604 0.08183875233 1


mesh: pSphereShape24 tranform: pSphere24 -0.001476856403 -0.0001321723191 0.009889460331 0 -0.001449075377 0.009894094033 -8.416545162e-05 0 -0.009783612611 -0.001445487375 -0.001480368377 0 4.457849351 1.178149368 0.3701310751 1


