mesh: pSphereShape1 tranform: pSphere1 0.09167366485 0.1146882404 -0.0008255405525 0 -0.04326989638 0.03412254728 -0.06450933596 0 -0.08982664448 0.07251084674 0.09860657067 0 0.2354377138 0.1519614336 -0.3775299287 1


mesh: pSphereShape2 tranform: pSphere2 0.1285590316 0.2256979793 0.004953255999 0 -0.1160767833 0.06704531713 -0.04224973384 0 -0.0357343402 0.01758738982 0.1260855136 0 0.4524395221 0.4302708262 -0.3677683412 1


mesh: pSphereShape3 tranform: pSphere3 0.04716681824 0.2809043075 0.07145949473 0 -0.1197919359 0.03282267891 -0.04995595667 0 -0.05554880327 -0.02104152788 0.1193783438 0 0.6155445385 0.8569553734 -0.3179582651 1


mesh: pSphereShape4 tranform: pSphere4 0.04714072423 0.01137167394 0.1741172655 0 -0.02753306901 0.1461106927 -0.002088215332 0 -0.1633195968 -0.03011584597 0.04618422897 0 0.6689706563 1.1422889 -0.1269970059 1


mesh: pSphereShape5 tranform: pSphere5 0.03764424806 0.01112144564 0.1826182175 0 -0.02612863395 0.1360232153 -0.002897750426 0 -0.169802978 -0.03183040447 0.03694103267 0 0.7247650624 1.178934359 0.1614366687 1


mesh: pSphereShape6 tranform: pSphere6 -0.0113830592 -0.2301318567 0.1338608079 0 -0.06003991243 0.04664256055 0.07508173105 0 -0.08667874567 -0.02646659715 -0.05287190884 0 0.7309875697 0.9080720438 0.3588160336 1


mesh: pSphereShape7 tranform: pSphere7 -0.1360036176 -0.1894979718 0.09379526409 0 -0.05062141368 0.06485412245 0.05762582291 0 -0.08561352047 0.01555511537 -0.09271348369 0 0.5617582973 0.5115200143 0.522735372 1


mesh: pSphereShape8 tranform: pSphere8 0.004055811994 -0.1883232377 0.01894640675 0 -0.02588664178 0.003014172844 0.035501726 0 -0.09304785315 -0.008754968858 -0.06710398965 0 0.4195140741 0.207431525 0.6211603731 1


mesh: pSphereShape10 tranform: pSphere10 0.007138813576 -0.002085076444 0.1833339415 0 0.01899682572 0.1536161258 0.001007377939 0 -0.2213486529 0.02731436016 0.008929711997 0 0.7057210363 1.591684831 0.01402356183 1


mesh: pSphereShape11 tranform: pSphere11 0.007416845896 -0.00151368966 0.07755369932 0 -0.007553970337 0.1711379035 0.004062685748 0 -0.09112233636 -0.00422702645 0.00863197921 0 0.7169118672 1.401605176 0.01501677131 1


mesh: pSphereShape12 tranform: pSphere12 0.05901330978 0.01834745393 0.3103424089 0 -0.01882006973 0.1645948409 -0.006152113281 0 -0.1692139009 -0.01810552467 0.03324734982 0 0.6660015023 0.9649898193 -0.002647287966 1


mesh: pSphereShape13 tranform: pSphere13 0.04043588293 0.01493577055 0.2148034769 0 -0.03366988796 0.2039633305 -0.00784381092 0 -0.1896847606 -0.02985976539 0.0377836034 0 0.7013478121 0.7421608915 0.0133156083 1


mesh: pSphereShape14 tranform: pSphere14 0.03908283703 0.01441169653 0.2176094694 0 -0.03665007163 0.2386707026 -0.00922414344 0 -0.1858120704 -0.02717383107 0.03517164898 0 0.7206696776 0.5487592493 0.02246427907 1


mesh: pSphereShape15 tranform: pSphere15 0.03092240095 0.01655796658 0.1476512469 0 -0.01511003961 0.3777024788 -0.03919199085 0 -0.1839809207 -0.003323384931 0.03890356779 0 0.7137380175 -0.04891308759 -0.1173143012 1


mesh: pSphereShape16 tranform: pSphere16 0.01932507008 0.01362216456 0.09738705285 0 -0.1264881575 0.3392353475 -0.02235129986 0 -0.07633383453 -0.02721321048 0.0189538494 0 0.8040766457 -0.7447536633 -0.08727658404 1


mesh: pSphereShape17 tranform: pSphere17 0.005153872457 0.01359654981 0.1114267225 0 -0.04442924308 0.09360443066 -0.009366825376 0 -0.2514455012 -0.116758833 0.02587741313 0 0.7867646406 -1.26684075 -0.05132987018 1


mesh: pSphereShape18 tranform: pSphere18 0.00798698072 -0.0006935680675 0.1275913778 0 0.152225928 0.3242023626 -0.007766740695 0 -0.1319319867 0.06215326791 0.008596550765 0 0.6082852764 -0.02561993029 0.2009079978 1


mesh: pSphereShape19 tranform: pSphere19 0.007095366521 -0.003032168087 0.08610655946 0 -0.1355614813 0.4075343775 0.02552152987 0 -0.09524000612 -0.03210114201 0.00671756828 0 0.5356019722 -0.695529397 0.2093589217 1


mesh: pSphereShape20 tranform: pSphere20 0.03376781854 0.009214812679 0.1099832802 0 -0.02022579578 0.07941450516 -0.0004437837041 0 -0.2419568313 -0.06117934271 0.07941307567 0 0.4526500694 -1.150961891 0.222204338 1


mesh: pSphereShape21 tranform: pSphere21 0.04657789343 0.01717547947 0.259341221 0 0.07393848601 0.1236165651 -0.02146620841 0 -0.2232612773 0.1389043408 0.03089864116 0 0.7965898855 0.3846974185 0.02391260617 1


mesh: pSphereShape22 tranform: pSphere22 0.002608149117 0.0006291592214 0.009633364773 0 -0.001851623732 0.009826075908 -0.0001404343651 0 -0.009474652909 -0.001747109307 0.002679283735 0 0.6933850924 1.313934656 -0.2921115318 1


mesh: pSphereShape23 tranform: pSphere23 0.0009518264475 -0.0001942564093 0.009952702691 0 0.000525520027 0.009985134475 0.0001446313181 0 -0.009940717032 0.0005092680674 0.0009606200708 0 0.8914325609 1.3091656 -0.02789275564 1


mesh: pSphereShape24 tranform: pSphere24 0.002015333683 0.0005954010284 0.009776703318 0 -0.00188599505 0.009818313171 -0.0002091629808 0 -0.00961152708 -0.001801728086 0.002091010064 0 0.8230078744 1.34941264 0.2509032051 1


