mesh: pSphereShape1 tranform: pSphere1 0.6980617703 3.067150266 -1.10461252 0 1.839998325 -0.2308459641 0.5218058073 0 0.7221794266 -1.286454357 -3.115683476 0 95.93309772 30.92512632 18.01702425 1


mesh: pSphereShape2 tranform: pSphere2 1.686162795 5.405431931 -1.653849387 0 2.763333019 -0.3881997271 1.548534073 0 1.232575904 -1.14529698 -2.486623793 0 97.22873445 38.36480654 15.34760432 1


mesh: pSphereShape3 tranform: pSphere3 1.780048726 5.85805571 -2.641421916 0 2.630658946 -0.1144569542 1.518956842 0 1.283940463 -1.441776821 -2.332278806 0 99.82890118 48.23934182 11.92083676 1


mesh: pSphereShape4 tranform: pSphere4 -1.515616678 0.1193349823 -3.812049322 0 0.4120116941 3.350607076 -0.05892031821 0 3.605832473 -0.4688642169 -1.448305432 0 100.4680436 54.2560218 6.795284323 1


mesh: pSphereShape5 tranform: pSphere5 -1.112472652 0.1215707995 -4.090988908 0 0.3591337313 3.125168308 -0.004790344156 0 3.843796811 -0.443338466 -1.058427667 0 98.63071093 54.89166689 0.3801136712 1


mesh: pSphereShape6 tranform: pSphere6 1.675302917 -5.113995823 -2.766037886 0 0.1120004533 1.1813259 -2.116262058 0 2.286660075 0.5250958028 0.4141340782 0 99.81509833 48.88451066 -3.87483568 1


mesh: pSphereShape7 tranform: pSphere7 3.947497445 -2.860577145 -2.969995675 0 -0.1451846722 1.539901967 -1.676138634 0 2.077437271 1.562863681 1.255889437 0 106.0527184 41.86198331 -8.460279206 1


mesh: pSphereShape8 tranform: pSphere8 2.020801356 -3.757118047 -0.5284283353 0 0.1938698698 0.238127036 -0.9516879679 0 2.249484047 1.106514571 0.735113018 0 111.4118981 36.95035849 -11.64806721 1


mesh: pSphereShape10 tranform: pSphere10 -2.364122714 0.1713678167 -3.426264847 0 0.2665021213 3.504571169 -0.008602081213 0 4.155475313 -0.3230770585 -2.883436928 0 100.7891161 64.23896174 3.488692744 1


mesh: pSphereShape11 tranform: pSphere11 -0.4837907867 0.09593894375 -0.869909302 0 2.489710893 2.789194486 -1.077016669 0 1.554236298 -1.797676765 -1.062630793 0 101.9914883 59.76703561 3.530430361 1


mesh: pSphereShape12 tranform: pSphere12 -2.513175419 0.1864649164 -6.728647356 0 0.233424962 3.757003896 0.0169293373 0 5.537606972 -0.3346931412 -2.077592347 0 99.38474768 50.24262356 4.374103937 1


mesh: pSphereShape13 tranform: pSphere13 -1.778403849 -0.1118631655 -4.644540684 0 0.1396176284 4.692283747 -0.1664729182 0 4.147922796 -0.179614722 -1.583921876 0 100.0476161 45.12804097 3.896861634 1


mesh: pSphereShape14 tranform: pSphere14 -1.926000747 -0.06502542768 -4.647091167 0 0.1209522163 5.484052609 -0.1268657971 0 4.00648579 -0.126736385 -1.658726558 0 100.1626208 40.71255153 3.901809415 1


mesh: pSphereShape15 tranform: pSphere15 -2.130294828 0.1396690979 -2.704941951 0 -2.1696407 8.076829423 2.125760162 0 3.180357423 1.493252351 -2.427607645 0 103.8710613 27.73839111 5.279021045 1


mesh: pSphereShape16 tranform: pSphere16 -1.405161417 0.154968767 -1.783136498 0 0.03176176268 8.207591334 0.6882759156 0 1.486407728 0.09180481766 -1.16335228 0 107.1261578 12.31903821 2.749910181 1


mesh: pSphereShape17 tranform: pSphere17 -1.363999427 0.2886555171 -2.136947853 0 0.2026332637 2.346080625 0.1875653914 0 5.315479391 -0.185844426 -3.417938276 0 111.0304664 1.578365786 -0.3665737459 1


mesh: pSphereShape18 tranform: pSphere18 -1.190294512 -0.189964797 -2.64075935 0 0.4505094479 8.083976719 -0.7845886902 0 3.019937953 -0.2983258668 -1.339745009 0 97.46308325 26.8765719 1.213467008 1


mesh: pSphereShape19 tranform: pSphere19 -0.8535459731 -0.1526714977 -1.76110965 0 5.97607266 6.893358252 -3.493974427 0 1.511501055 -1.610896751 -0.5929202757 0 92.38771786 12.54025914 4.29533028 1


mesh: pSphereShape20 tranform: pSphere20 -0.929954511 -0.4214526862 -2.413672726 0 0.8189122105 1.56382378 -0.5885755851 0 4.905350323 -3.07779432 -1.3525479 0 90.90278349 3.09435101 7.059762572 1


mesh: pSphereShape21 tranform: pSphere21 -2.295356846 -0.07749558811 -5.538280574 0 -1.903648039 2.596998969 0.7526335185 0 4.343446568 3.720614982 -1.85221585 0 98.98623654 36.80456249 4.342207161 1


