mesh: pSphereShape1 tranform: pSphere1 0.02480822698 3.209292477 -0.9026052079 0 1.2848456 0.3794088573 1.384335833 0 2.568464 -0.6409096496 -2.208216241 0 -9.090029761 35.42628169 -6.336913465 1


mesh: pSphereShape2 tranform: pSphere2 0.5870488178 5.707255198 -1.371010184 0 2.600914482 0.1747255354 1.841027165 0 1.713948232 -0.7410718268 -2.351050918 0 -9.23346843 43.09028287 -8.667678159 1


mesh: pSphereShape3 tranform: pSphere3 1.442020808 6.091869859 -2.296126632 0 2.384903479 0.1438503985 1.87942524 0 1.759485416 -1.222760117 -2.139115871 0 -7.924308063 53.31437144 -11.59238348 1


mesh: pSphereShape4 tranform: pSphere4 -0.1366787021 -0.301206595 -4.090678221 0 0.6646056304 3.299663346 -0.2651682038 0 3.835216521 -0.7781679525 -0.07084475518 0 -6.374851646 59.12313716 -16.6208425 1


mesh: pSphereShape5 tranform: pSphere5 0.3148602295 -0.331738386 -4.216559947 0 0.627944043 3.07624543 -0.1951339715 0 3.919401323 -0.7776091878 0.3538492125 0 -5.901148999 59.03074682 -23.30431064 1


mesh: pSphereShape6 tranform: pSphere6 1.478862108 -5.600586652 -1.748414922 0 0.9920554959 0.894290855 -2.02551471 0 2.094757035 0.2046340248 1.116317524 0 -4.446294822 52.36748647 -26.51065718 1


mesh: pSphereShape7 tranform: pSphere7 4.794721029 -2.944568795 -0.9626405641 0 0.5208644469 1.409148953 -1.716046862 0 1.421334177 1.713392179 1.838380586 0 2.12569065 44.79082331 -28.00340629 1


mesh: pSphereShape8 tranform: pSphere8 2.472433336 -3.48330562 0.4821472877 0 0.4839928586 0.2265405613 -0.8452397807 0 1.722923513 1.411856969 1.364968347 0 8.467586591 40.10296984 -28.59419741 1


mesh: pSphereShape10 tranform: pSphere10 0.2204312876 -0.3667880361 -4.144226167 0 -0.3088507821 3.485990514 -0.3249581311 0 5.041459091 0.4677991894 0.226752145 0 -6.222589356 68.87907412 -20.77633941 1


mesh: pSphereShape11 tranform: pSphere11 0.0316882982 -0.1050402365 -0.9939629774 0 2.291264466 3.133959151 -0.2581439596 0 2.102286915 -1.518263353 0.2274698771 0 -4.555786929 64.68618789 -19.80197858 1


mesh: pSphereShape12 tranform: pSphere12 0.01992007121 -0.5661769008 -7.162720293 0 0.4589247041 3.724689011 -0.2931415694 0 5.87976383 -0.7186968392 0.07316143055 0 -6.851709998 54.87976269 -18.83244599 1


mesh: pSphereShape13 tranform: pSphere13 0.02488540268 -0.4598280876 -4.953274738 0 0.9429076991 4.582433794 -0.4206645584 0 4.353180659 -0.8861755577 0.1041369786 0 -6.634262894 49.65911749 -18.57261054 1


mesh: pSphereShape14 tranform: pSphere14 -0.03563697956 -0.3224345081 -5.02035153 0 1.057497454 5.372426144 -0.3525533194 0 4.25668368 -0.8363349736 0.02349793751 0 -7.249197651 45.29425416 -18.25669284 1


mesh: pSphereShape15 tranform: pSphere15 -0.441493106 0.01357966139 -3.417495267 0 -3.108691129 8.038000596 0.4335394529 0 3.946061291 1.553298976 -0.503604379 0 -4.215839964 32.80192914 -14.42816694 1


mesh: pSphereShape16 tranform: pSphere16 -0.269232258 0.1798240848 -2.252386954 0 2.006820198 7.97836324 0.3970903548 0 1.819127255 -0.444979673 -0.2529697661 0 -1.959588266 17.67062783 -14.46066031 1


mesh: pSphereShape17 tranform: pSphere17 0.4190385488 -0.1246445641 -2.513808465 0 0.7972465594 2.223560319 0.02264386301 0 5.86006452 -2.11211143 1.081568536 0 -0.3952142268 5.871184726 -13.84587501 1


mesh: pSphereShape18 tranform: pSphere18 -0.2599737691 -0.1989980191 -2.884321588 0 -0.7260295708 8.086997953 -0.4925067769 0 3.290595864 0.2761977871 -0.3156483748 0 -7.477814707 31.39586461 -21.51425186 1


mesh: pSphereShape19 tranform: pSphere19 -0.2125543876 -0.1509142709 -1.945610966 0 4.286213892 8.704061464 -1.143404667 0 2.040311382 -1.023579055 -0.1435047676 0 -9.802066414 15.70357689 -20.53206472 1


mesh: pSphereShape20 tranform: pSphere20 -0.7787799427 -0.01255735738 -2.502318505 0 1.012594991 1.527425759 -0.322808267 0 4.665783181 -3.396431356 -1.435056388 0 -9.854434298 4.449270892 -19.9193865 1


mesh: pSphereShape21 tranform: pSphere21 -0.04247121146 -0.3842689348 -5.983122422 0 -1.593099337 2.892461673 -0.1744611314 0 5.267773787 2.887922282 -0.2228715142 0 -9.128894954 41.64823391 -18.1034521 1


