mesh: pSphereShape1 tranform: pSphere1 0.1735185782 3.234782067 -0.7880013294 0 0.7571394429 0.3808172137 1.729995118 0 3.164820758 -0.4813664597 -1.279135397 0 -138.5835718 31.1869149 -6.65344169 1


mesh: pSphereShape2 tranform: pSphere2 0.6967305332 5.793995845 -0.8609505441 0 1.373107643 0.2611944895 2.868975256 0 2.686957748 -0.5073348612 -1.23980475 0 -138.2596551 38.9165547 -8.73933736 1


mesh: pSphereShape3 tranform: pSphere3 1.76253278 6.295347115 -1.313233721 0 1.17612439 0.2530676687 2.791663473 0 2.674711831 -0.965654592 -1.039315051 0 -136.6419109 49.35071198 -10.61860385 1


mesh: pSphereShape4 tranform: pSphere4 1.582709835 0.15391262 -3.783436965 0 0.6946405748 3.276825471 0.4238895158 0 3.520318385 -0.9318542905 1.434732082 0 -133.579491 55.66197404 -14.30413863 1


mesh: pSphereShape5 tranform: pSphere5 2.04529063 0.1226092844 -3.713531784 0 0.6317157943 3.048832246 0.4485911611 0 3.4206122 -0.9811790474 1.851564715 0 -130.3637341 56.28496783 -20.14855971 1


mesh: pSphereShape6 tranform: pSphere6 0.9763804306 -5.625410077 -2.002998113 0 1.778503816 0.8188674304 -1.432836483 0 1.574270709 -0.3510848679 1.753413267 0 -128.7335994 49.73304742 -23.60581233 1


mesh: pSphereShape7 tranform: pSphere7 2.906168841 -4.803171072 -1.034525161 0 1.558055596 1.193044009 -1.162293477 0 1.511678003 0.3916108431 2.428377512 0 -124.6923962 40.03787725 -25.19422082 1


mesh: pSphereShape8 tranform: pSphere8 -0.4482979469 -4.266668214 -0.2708910228 0 0.7887908382 -0.04395308342 -0.6130881992 0 1.582497701 -0.2968910783 2.057304264 0 -121.8875483 32.66068495 -26.10797745 1


mesh: pSphereShape10 tranform: pSphere10 1.547412069 -0.2048819772 -3.862806389 0 -0.02037548238 3.509266544 -0.1942926101 0 4.705556338 0.1313005747 1.878047413 0 -131.4398704 65.74853366 -17.19677226 1


mesh: pSphereShape11 tranform: pSphere11 0.3991630321 0.0004882377424 -0.9168798369 0 2.305732574 2.968339584 1.005379793 0 1.821246489 -1.682944355 0.7919822911 0 -130.4603487 61.38627863 -15.78014858 1


mesh: pSphereShape12 tranform: pSphere12 3.20539874 0.2082680171 -6.427095646 0 0.4852921871 3.715238074 0.3624219025 0 5.246510832 -0.9375963741 2.586220711 0 -133.0400242 51.70839953 -16.98762997 1


mesh: pSphereShape13 tranform: pSphere13 2.184245145 0.2535754472 -4.462260012 0 0.8174908685 4.578254596 0.6603231118 0 3.916810197 -0.9679757864 1.86224441 0 -132.7999081 46.50280522 -17.31248374 1


mesh: pSphereShape14 tranform: pSphere14 2.207520218 0.2215939185 -4.515187052 0 0.8778393206 5.371681834 0.692812953 0 3.835893939 -0.8632774998 1.833039536 0 -133.30428 42.14713202 -17.78578238 1


mesh: pSphereShape15 tranform: pSphere15 1.400947697 0.03407382121 -3.148104032 0 -0.0830974381 8.628515692 0.05641215623 0 3.901491839 0.02622053815 1.73649898 0 -135.5513865 28.77339551 -14.28999834 1


mesh: pSphereShape16 tranform: pSphere16 0.9379469065 0.0663309738 -2.072178926 0 1.814105783 7.96181809 1.075993017 0 1.670698962 -0.4807889708 0.7408316451 0 -136.8012378 12.7928206 -14.24875524 1


mesh: pSphereShape17 tranform: pSphere17 0.9401791323 0.3699357357 -2.34298385 0 -0.1551588878 2.337127634 0.3067498235 0 5.862736849 0.07881027696 2.365008867 0 -134.6300447 2.494163226 -13.61537157 1


mesh: pSphereShape18 tranform: pSphere18 1.358557032 0.3641768513 -2.539329756 0 -3.501609545 7.295467313 -0.8271064247 0 2.560209023 1.406991276 1.571510598 0 -128.6230182 29.15412295 -20.72172363 1


mesh: pSphereShape19 tranform: pSphere19 0.8624166499 0.1443931259 -1.757482479 0 5.302097412 7.546353531 3.221800918 0 1.637254832 -1.442742934 0.6848851578 0 -128.4063604 15.37717505 -22.53915921 1


mesh: pSphereShape20 tranform: pSphere20 0.2117764023 0.6898725484 -2.51942065 0 0.8516868973 1.576085423 0.5031574438 0 5.265477565 -2.746569024 -0.3094674472 0 -129.2101962 5.354864056 -25.11436643 1


mesh: pSphereShape21 tranform: pSphere21 2.63086432 0.2640897822 -5.381080733 0 -1.470339801 2.905295111 -0.5762793612 0 4.694223784 2.858762336 2.435353869 0 -134.9023107 38.51890384 -18.84995654 1


