mesh: pSphereShape1 tranform: pSphere1 -0.5129880347 3.180031932 -0.8597150693 0 1.452609443 0.5432759625 1.142778206 0 2.2012926 -0.3556513092 -2.629032996 0 -140.5597357 31.77910349 -10.55975583 1


mesh: pSphereShape2 tranform: pSphere2 -0.2225773996 5.738382051 -1.348513208 0 2.745560105 0.4723279569 1.556750523 0 1.52629927 -0.5352202131 -2.529465612 0 -141.9023987 39.36629939 -12.76227118 1


mesh: pSphereShape3 tranform: pSphere3 0.6218456584 6.205692443 -2.359065319 0 2.538248205 0.3661121688 1.632162583 0 1.641912996 -1.046003061 -2.318781416 0 -141.9730038 49.66188058 -15.67525347 1


mesh: pSphereShape4 tranform: pSphere4 -1.023176205 -0.07990885829 -3.973635591 0 0.7586861386 3.279619919 -0.2613073756 0 3.686969339 -0.9270757947 -0.9307188958 0 -141.7825825 55.72223761 -20.72417425 1


mesh: pSphereShape5 tranform: pSphere5 -0.4365515156 -0.1327764207 -4.216676215 0 0.6430244638 3.07497926 -0.1633983756 0 3.904963733 -0.8366694194 -0.3779346063 0 -142.6141659 55.96694547 -27.34902511 1


mesh: pSphereShape6 tranform: pSphere6 -0.05389202559 -5.621952351 -2.23636002 0 0.6369663604 0.8600566862 -2.177433451 0 2.29877908 -0.2502207014 0.573629911 0 -142.9192022 49.31877559 -31.07956439 1


mesh: pSphereShape7 tranform: pSphere7 1.976002478 -4.729471453 -2.512772567 0 0.5954124507 1.22184517 -1.831500961 0 2.601668066 0.4707637716 1.159849787 0 -140.0848116 39.73442455 -34.71244801 1


mesh: pSphereShape8 tranform: pSphere8 -0.4190832943 -4.266996086 -0.3097163819 0 0.3911225575 0.02835617444 -0.9199016645 0 2.390819596 -0.3079092374 1.007034102 0 -137.995189 32.47838893 -37.18283095 1


mesh: pSphereShape10 tranform: pSphere10 0.5271485807 0.07847091635 -4.132032263 0 0.4579789053 3.482507118 0.124563029 0 4.983894397 -0.6777059335 0.6229556035 0 -140.0300569 65.42683472 -23.4968465 1


mesh: pSphereShape11 tranform: pSphere11 0.03092777444 0.005140074692 -0.9995084054 0 2.928011243 2.560119855 0.1037670899 0 1.712385982 -1.960196359 0.04290582398 0 -139.3469758 60.88332918 -23.16822328 1


mesh: pSphereShape12 tranform: pSphere12 -1.281983519 -0.1997403245 -7.066975106 0 0.5366057267 3.720336344 -0.2024941173 0 5.767423577 -0.8874494813 -1.021155787 0 -142.8998776 51.62067462 -22.97143313 1


mesh: pSphereShape13 tranform: pSphere13 -0.9053650768 -0.2763857279 -4.883740041 0 0.78086043 4.614135464 -0.4058866638 0 4.306577168 -0.7950827506 -0.753372418 0 -142.70551 46.4184475 -22.98388954 1


mesh: pSphereShape14 tranform: pSphere14 -0.9742194352 -0.2399810268 -4.929753451 0 0.7860169011 5.414080266 -0.4188910263 0 4.210394529 -0.6731074447 -0.7992925414 0 -143.1318562 42.0449785 -22.68775621 1


mesh: pSphereShape15 tranform: pSphere15 -2.04273225 0.1274565116 -2.772250758 0 0.19716545 8.623190041 0.251176953 0 3.437925678 -0.004811958892 -2.533455875 0 -142.791158 28.62328769 -19.01326923 1


mesh: pSphereShape16 tranform: pSphere16 -1.308396807 0.1869311329 -1.852356404 0 3.260408834 7.40188404 -1.555999663 0 1.353126918 -0.8142220971 -1.037937621 0 -144.7953822 13.10668203 -17.63079214 1


mesh: pSphereShape17 tranform: pSphere17 -2.016546317 0.7313175351 -1.381693955 0 0.7419623171 2.240364445 0.1029290353 0 3.325872815 -0.8575974595 -5.307942914 0 -146.2449933 2.784641895 -19.52125646 1


mesh: pSphereShape18 tranform: pSphere18 0.05196896851 0.2144809366 -2.894442045 0 -1.865903746 7.898301775 0.5517699248 0 3.228223021 0.7546831537 0.1138846676 0 -142.7698161 28.33334205 -26.73099454 1


mesh: pSphereShape19 tranform: pSphere19 0.006685303526 0.1388508377 -1.958068504 0 1.973491607 9.543472502 0.6834860676 0 2.240010154 -0.4614153654 -0.02507203508 0 -142.0163218 12.29590525 -28.2884132 1


mesh: pSphereShape20 tranform: pSphere20 -0.1942068402 -0.2432544606 -2.602184613 0 0.04396056034 1.851900219 -0.1763981034 0 5.928804809 -0.1812716772 -0.4255344909 0 -138.7782189 2.76122369 -28.58919557 1


mesh: pSphereShape21 tranform: pSphere21 -1.161049005 -0.2860030525 -5.875150023 0 -1.69595182 2.831882339 0.1972981413 0 5.027721546 3.090696761 -1.144035434 0 -144.821884 38.32765387 -22.26881473 1


