mesh: pSphereShape1 tranform: pSphere1 -0.1104109425 3.250972095 -0.7306570143 0 1.263370638 0.3596165967 1.409161286 0 2.599974265 -0.4119593592 -2.225851471 0 59.16518283 29.62192662 21.04914684 1


mesh: pSphereShape2 tranform: pSphere2 0.2069256029 5.828457103 -0.8850574702 0 2.056086829 0.2949157337 2.422849116 0 2.293792464 -0.370181536 -1.901506818 0 58.65783519 37.38077718 19.12056828 1


mesh: pSphereShape3 tranform: pSphere3 0.9595387988 6.394947872 -1.626784223 0 1.850466157 0.3300824838 2.389041089 0 2.362224245 -0.7920531407 -1.720260556 0 59.17644446 47.90932254 17.07966492 1


mesh: pSphereShape4 tranform: pSphere4 0.4881889363 0.2362095972 -4.06803778 0 0.4184488669 3.34141332 0.2442347036 0 3.855823606 -0.5145072367 0.4328472283 0 60.68820869 54.41251804 12.8064213 1


mesh: pSphereShape5 tranform: pSphere5 0.9116560813 0.2432475416 -4.135006521 0 0.3373638037 3.11695897 0.2577389816 0 3.893975345 -0.4900702351 0.8296862184 0 62.07383705 55.23769451 6.295066721 1


mesh: pSphereShape6 tranform: pSphere6 2.000791392 -5.337211808 -2.030163207 0 1.30809532 1.136367753 -1.698291802 0 1.845400571 0.1204631446 1.50200942 0 64.36659937 49.0292252 2.709044118 1


mesh: pSphereShape7 tranform: pSphere7 3.707638188 -4.096702506 -1.434210458 0 1.060143414 1.451108693 -1.404349272 0 1.73730513 0.8174612034 2.15617134 0 70.26656559 40.41875032 0.6424819525 1


mesh: pSphereShape8 tranform: pSphere8 0.3726638332 -4.261674865 -0.421971162 0 0.7806350222 0.1288175133 -0.6115676663 0 1.616969748 -0.06168262168 2.050987131 0 74.42799359 33.76379895 -0.5779252199 1


mesh: pSphereShape10 tranform: pSphere10 0.4634958169 0.3341712842 -4.126891702 0 0.06860706689 3.501938091 0.291271573 0 5.035758601 -0.144722783 0.5538528785 0 62.31458721 64.51678886 10.690067 1


mesh: pSphereShape11 tranform: pSphere11 0.145802302 0.1155415386 -0.9825435571 0 2.599572663 2.805057257 0.7156164273 0 1.89930746 -1.778714621 0.07267665161 0 63.45499747 60.00870005 11.1852487 1


mesh: pSphereShape12 tranform: pSphere12 1.290906761 0.3975909807 -7.056982091 0 0.1898218981 3.751435003 0.2460795665 0 5.819919648 -0.3629800183 1.044165331 0 60.89166947 50.47845524 10.04685372 1


mesh: pSphereShape13 tranform: pSphere13 0.8015140232 0.2136887944 -4.904987681 0 0.3747652862 4.674838081 0.2649018164 0 4.371273581 -0.389943135 0.6973127801 0 61.62183027 45.33584887 9.712695968 1


mesh: pSphereShape14 tranform: pSphere14 0.7283584865 0.08551056051 -4.977082012 0 0.4092073099 5.469409094 0.1538535737 0 4.280212094 -0.3376912798 0.6205749924 0 61.53675142 40.9187477 9.561462153 1


mesh: pSphereShape15 tranform: pSphere15 -0.009126554799 -0.009253276223 -3.445896916 0 -2.12820922 8.362524331 -0.01681928708 0 4.138632122 1.053227801 -0.01378951889 0 63.07748958 27.99733285 13.77097669 1


mesh: pSphereShape16 tranform: pSphere16 0.01209659768 0.1034755207 -2.273151158 0 1.567409231 8.077197816 0.3760209988 0 1.855207063 -0.3597069176 -0.006501620935 0 64.59059694 12.36468378 14.31153139 1


mesh: pSphereShape17 tranform: pSphere17 0.5447972356 -0.02552334401 -2.49257038 0 0.04414520588 2.361816087 -0.01453570123 0 6.175349223 -0.1071111147 1.350833279 0 67.2699937 1.807467276 15.17840713 1


mesh: pSphereShape18 tranform: pSphere18 0.6425267034 0.1088026973 -2.828748664 0 -1.551565898 7.98497396 -0.04529770305 0 3.172456348 0.6206655001 0.7444698167 0 63.29877338 26.94532303 5.851630351 1


mesh: pSphereShape19 tranform: pSphere19 0.3336119312 -0.01414044363 -1.9343887 0 8.246158324 5.051899625 1.385233847 0 1.163168769 -1.957556772 0.214914252 0 59.02185882 14.21710667 4.471467623 1


mesh: pSphereShape20 tranform: pSphere20 0.04153822225 0.01262243208 -2.620375744 0 1.675325916 0.8092828766 0.030455624 0 2.586450325 -5.354877122 0.01520582524 0 53.16545848 4.830545065 3.857866542 1


mesh: pSphereShape21 tranform: pSphere21 0.8680384163 0.1019092286 -5.931554952 0 -1.904280225 2.693407292 -0.2324020163 0 4.837029971 3.486100619 0.7677571392 0 60.1309273 37.07956313 9.194680605 1


