mesh: pSphereShape1 tranform: pSphere1 -0.5628811271 3.176417235 0.8416698842 0 -0.2508277888 0.4475724876 -1.85686006 0 -3.368050674 -0.6743248541 0.2924245409 0 144.4064065 30.03351383 -29.07006635 1


mesh: pSphereShape2 tranform: pSphere2 -1.067266957 5.712207094 1.014242815 0 -0.4672822981 0.4670627777 -3.122205277 0 -2.919916318 -0.6070264008 0.3461994565 0 143.2150439 37.59419053 -26.7117758 1


mesh: pSphereShape3 tranform: pSphere3 -2.300742807 6.164592113 1.080225216 0 -0.2919499642 0.4162113234 -2.997036891 0 -2.826811203 -1.077062139 0.1257915685 0 140.7894951 47.84505527 -24.75176351 1


mesh: pSphereShape4 tranform: pSphere4 -2.201388341 0.6493223736 3.402252873 0 -0.3919433844 3.23827653 -0.8716298026 0 -3.271891487 -0.9186528562 -1.941713966 0 136.9613814 54.46856821 -21.68198826 1


mesh: pSphereShape5 tranform: pSphere5 -2.78534822 0.6064767988 3.140475489 0 -0.302749665 3.013427247 -0.8504562319 0 -3.000418912 -0.9980758513 -2.468384693 0 132.7117329 55.86885832 -16.72025525 1


mesh: pSphereShape6 tranform: pSphere6 -1.903300987 -5.204486622 2.429263897 0 -2.025481195 1.096643488 0.7625215207 0 -1.076385596 -0.5629961684 -2.049506354 0 129.8044293 49.91352632 -12.95859403 1


mesh: pSphereShape7 tranform: pSphere7 -3.389544374 -4.496144024 0.9392496132 0 -1.722332358 1.405143967 0.5108415165 0 -0.8019933933 0.02523998487 -2.773394368 0 124.7939668 40.71321574 -11.11888708 1


mesh: pSphereShape8 tranform: pSphere8 0.05327743554 -4.135215575 1.173015051 0 -0.9610024954 0.0639377024 0.2690467877 0 -0.7217228029 -0.6937902937 -2.413030324 0 121.3965029 33.63307419 -9.936855012 1


mesh: pSphereShape10 tranform: pSphere10 -1.575675547 0.4705833131 3.827993189 0 -0.4365641996 3.435133258 -0.6019864221 0 -4.649322351 -0.9067128765 -1.802286276 0 133.2256073 64.46814656 -21.29371813 1


mesh: pSphereShape11 tranform: pSphere11 -0.4891737939 0.1542680547 0.8584348354 0 -2.526583892 2.305817565 -1.854133305 0 -1.515704706 -2.057959201 -0.4938821695 0 132.9629663 59.77978013 -21.87267847 1


mesh: pSphereShape12 tranform: pSphere12 -4.605742654 1.031859331 5.417371688 0 -0.1841583067 3.661509159 -0.8539838923 0 -4.537579517 -1.079998808 -3.652050813 0 135.7232775 50.87133269 -18.73643844 1


mesh: pSphereShape13 tranform: pSphere13 -3.195608814 0.8392589877 3.718967657 0 -0.2919037831 4.513135609 -1.269303839 0 -3.394362779 -0.9777911815 -2.69602656 0 135.0876611 45.75764832 -17.973163 1


mesh: pSphereShape14 tranform: pSphere14 -3.293741098 0.8384904518 3.709092454 0 -0.267120786 5.289677046 -1.433011032 0 -3.272288406 -0.8974967004 -2.702959961 0 135.1421251 41.45939557 -16.97596979 1


mesh: pSphereShape15 tranform: pSphere15 -2.507224437 0.04397708674 2.363528318 0 0.8056047658 8.563235215 0.6952511655 0 -2.902397657 0.5238136482 -3.088601933 0 137.4028285 27.83529455 -19.88226319 1


mesh: pSphereShape16 tranform: pSphere16 -1.662835986 0.08372650768 1.551140243 0 -0.7172072638 8.115924122 -1.206928928 0 -1.279514529 -0.3145263232 -1.35467352 0 137.3615403 11.86195273 -20.61047148 1


mesh: pSphereShape17 tranform: pSphere17 -2.246675353 -0.1359831134 1.201799076 0 -0.1229273213 2.358781126 0.03709157315 0 -2.978737249 -0.06755145831 -5.576174546 0 136.3024786 1.299543353 -23.5117835 1


mesh: pSphereShape18 tranform: pSphere18 -2.268197644 0.3169395633 1.783627303 0 2.158212237 7.721905084 1.372413779 0 -1.873761031 0.9780893623 -2.556619066 0 130.5356243 28.47803343 -14.5150971 1


mesh: pSphereShape19 tranform: pSphere19 -1.51218736 0.1740917611 1.23949101 0 -1.596323126 9.08305657 -3.223278697 0 -1.409662816 -0.817307676 -1.605003783 0 128.907862 13.01872301 -13.46421111 1


mesh: pSphereShape20 tranform: pSphere20 -1.710263497 0.4087849897 1.943231173 0 -0.1279453863 1.790749617 -0.4893148589 0 -4.487385607 -1.323686827 -3.670952068 0 127.0752319 2.819316474 -13.95972661 1


mesh: pSphereShape21 tranform: pSphere21 -3.925393689 0.9992907852 4.420398471 0 1.476987956 2.884124751 0.6595966257 0 -3.66583968 2.764741568 -3.880339031 0 136.1328695 37.91061817 -15.16632536 1


