mesh: pSphereShape1 tranform: pSphere1 0.02425186006 3.258231097 -0.7058411838 0 1.245178817 0.3023581363 1.438497225 0 2.63028617 -0.4904759727 -2.173710984 0 57.94109608 29.62507892 20.65187631 1


mesh: pSphereShape2 tranform: pSphere2 0.4085725085 5.826257017 -0.8275595472 0 1.971246889 0.2169144747 2.500359972 0 2.351966235 -0.4230983671 -1.817550279 0 57.74000114 37.4092422 18.77130364 1


mesh: pSphereShape3 tranform: pSphere3 1.184972566 6.378013513 -1.54249264 0 1.768931378 0.2657654275 2.457833861 0 2.402743762 -0.8425907835 -1.638173107 0 58.62234997 47.93490046 16.83420033 1


mesh: pSphereShape4 tranform: pSphere4 0.5872660381 0.2261334153 -4.055494676 0 0.3909049875 3.344829211 0.2431128519 0 3.847131292 -0.4881213224 0.5298759292 0 60.38044292 54.42066881 12.64311869 1


mesh: pSphereShape5 tranform: pSphere5 0.9990003793 0.2307505704 -4.115497239 0 0.3172771222 3.119542597 0.2519248924 0 3.877517325 -0.4682588166 0.9149782081 0 61.9113195 55.2281762 6.159539339 1


mesh: pSphereShape6 tranform: pSphere6 2.025591897 -5.355778186 -1.955294405 0 1.344586476 1.121670783 -1.679458824 0 1.815677626 0.1254218738 1.537410501 0 64.26858941 48.99553744 2.657744529 1


mesh: pSphereShape7 tranform: pSphere7 3.72017211 -4.118416946 -1.336216046 0 1.092356801 1.438537528 -1.392545789 0 1.698029177 0.8251194847 2.184358379 0 70.18089117 40.35336473 0.7622452731 1


mesh: pSphereShape8 tranform: pSphere8 0.4019938433 -4.26214406 -0.3890239188 0 0.7933440636 0.1291270434 -0.5949213422 0 1.571519945 -0.04222228388 2.086501009 0 74.36368532 33.69062572 -0.3321969923 1


mesh: pSphereShape10 tranform: pSphere10 0.5224854863 0.3399598317 -4.119365262 0 0.08060586186 3.501017934 0.2991530932 0 5.026835058 -0.1690237555 0.6236366306 0 62.10256328 64.51094732 10.56747393 1


mesh: pSphereShape11 tranform: pSphere11 0.1618861418 0.1160787325 -0.979958471 0 2.593773332 2.798743943 0.7600022133 0 1.894020937 -1.782924395 0.1016942462 0 63.21034562 60.00323314 11.07328027 1


mesh: pSphereShape12 tranform: pSphere12 1.443218349 0.3790264183 -7.028440429 0 0.1883280177 3.751840119 0.2409986952 0 5.79566915 -0.3660968839 1.170338677 0 60.65326447 50.47849554 9.899480151 1


mesh: pSphereShape13 tranform: pSphere13 0.9088722004 0.1769136624 -4.887703414 0 0.349520025 4.678424655 0.2343321959 0 4.356360575 -0.365371151 0.796843741 0 61.39749247 45.33870645 9.608079549 1


mesh: pSphereShape14 tranform: pSphere14 0.828163308 0.06422069209 -4.961772338 0 0.3833226932 5.47178669 0.1348017749 0 4.268199332 -0.3164557382 0.7083039752 0 61.3341826 40.91994717 9.481003641 1


mesh: pSphereShape15 tranform: pSphere15 0.03386916339 -0.02091474347 -3.445691502 0 -2.198668601 8.343980208 -0.07225814369 0 4.129403178 1.088406785 0.03398321707 0 62.86976655 27.98423336 13.70001125 1


mesh: pSphereShape16 tranform: pSphere16 0.03955887181 0.09602922068 -2.273165894 0 1.496279066 8.091052367 0.3678431773 0 1.858033032 -0.3444147712 0.01778480338 0 64.50662692 12.36732872 14.31319754 1


mesh: pSphereShape17 tranform: pSphere17 0.5425700116 -0.01262040824 -2.493154844 0 0.04250824295 2.361889296 -0.00270513052 0 6.176635254 -0.1096241979 1.344738202 0 67.26548942 1.793891719 15.17973986 1


mesh: pSphereShape18 tranform: pSphere18 0.6764818602 0.09068165314 -2.821461807 0 -1.36010372 8.019642368 -0.06835147173 0 3.177845333 0.5455950058 0.7794648057 0 62.91090682 26.92979693 5.752938024 1


mesh: pSphereShape19 tranform: pSphere19 0.3589487376 -0.02198102073 -1.929774379 0 8.186652251 5.125818355 1.464377288 0 1.17589856 -1.946897055 0.24089971 0 58.46977445 14.09968427 4.341160929 1


mesh: pSphereShape20 tranform: pSphere20 0.1361016579 -0.03936432289 -2.61690286 0 1.654811735 0.8478247564 0.07331130863 0 2.702028564 -5.292942695 0.2201471371 0 52.74056464 4.693878193 3.798237571 1


mesh: pSphereShape21 tranform: pSphere21 0.9869831678 0.07653652548 -5.913309287 0 -1.910370032 2.684120109 -0.2841166862 0 4.806064803 3.51034293 0.8476090582 0 59.95198059 37.07307257 9.105128873 1


