mesh: pSphereShape1 tranform: pSphere1 2.678180183 1.964654979 0.2869695601 0 -0.6971070866 1.151572944 -1.378073459 0 -1.630602375 1.873630492 2.390530513 0 -77.09564298 33.38939608 -20.22148262 1


mesh: pSphereShape2 tranform: pSphere2 3.884801605 4.387499956 0.6746982692 0 -2.153402044 2.077366772 -1.109987886 0 -1.000237392 0.4559975168 2.793892954 0 -70.91317262 38.38732978 -19.21092258 1


mesh: pSphereShape3 tranform: pSphere3 1.232578216 6.167298882 2.215327367 0 -2.488962031 1.008947039 -1.424005144 0 -1.645651951 -0.5614257288 2.478584022 0 -66.26243243 47.20980883 -17.07351322 1


mesh: pSphereShape4 tranform: pSphere4 1.277381436 -0.2071737906 3.894666927 0 -0.7728932567 3.258869373 0.4268482647 0 -3.610067837 -1.004274294 1.130616407 0 -64.73812706 53.10955072 -12.13966835 1


mesh: pSphereShape5 tranform: pSphere5 1.101315147 -0.2456891452 4.088435752 0 -0.6753355963 3.050606314 0.3652394876 0 -3.776898556 -0.9510869933 0.9602410498 0 -63.09202349 53.15450327 -5.619312726 1


mesh: pSphereShape6 tranform: pSphere6 3.128108041 -4.381393517 2.76204447 0 -0.9837018128 0.6369416956 2.124447246 0 -1.79608869 -1.519424865 -0.3761122577 0 -59.54671412 47.54099473 -1.509156049 1


mesh: pSphereShape7 tranform: pSphere7 1.879241158 -4.405096494 3.106459324 0 -1.149656425 0.7839076477 1.807096091 0 -2.30526327 -1.545030138 -0.7963604121 0 -55.76686311 38.70225332 3.268376305 1


mesh: pSphereShape8 tranform: pSphere8 3.564735989 -2.224187107 0.9079976235 0 -0.3862795167 -0.2575172959 0.8857047913 0 -1.055113811 -2.131953127 -1.080025384 0 -52.01157386 32.49244443 6.518994151 1


mesh: pSphereShape10 tranform: pSphere10 0.3221814468 -0.414997021 4.133002604 0 0.2902037933 3.487350412 0.3275443749 0 -5.0356563 0.378607843 0.4305625546 0 -64.05459754 62.87771557 -7.884249247 1


mesh: pSphereShape11 tranform: pSphere11 0.1231678382 -0.1467241908 0.9814793403 0 -2.207091021 3.116896062 0.7429261648 0 -2.119695467 -1.510547057 0.04018883749 0 -65.71950925 58.70464506 -8.578783364 1


mesh: pSphereShape12 tranform: pSphere12 1.277125083 -0.4818300829 7.054240312 0 -0.6143026627 3.695975218 0.3636640193 0 -5.748926944 -1.050867945 0.9690283732 0 -63.39937231 48.9493526 -10.12669314 1


mesh: pSphereShape13 tranform: pSphere13 0.5845127335 -0.1425513562 4.938118645 0 -0.8225860616 4.618967431 0.230705696 0 -4.34375027 -0.7981031609 0.4911195598 0 -63.53288726 43.76344594 -10.20872181 1


mesh: pSphereShape14 tranform: pSphere14 0.3148963568 0.1156618848 5.0196241 0 -0.8256088404 5.423888968 -0.07318396709 0 -4.280132674 -0.6476852462 0.2834297257 0 -63.08566757 39.39277571 -10.28571452 1


mesh: pSphereShape15 tranform: pSphere15 0.2316622436 0.5296454365 3.397084454 0 -2.622898341 8.148029708 -1.091506639 0 -4.058363519 -1.243367734 0.4706134528 0 -59.97154307 25.90998143 -13.2405463 1


mesh: pSphereShape16 tranform: pSphere16 0.02026432168 0.4721803316 2.225916618 0 -6.686331069 4.71690506 -0.9397188622 0 -1.103383564 -1.49873461 0.3279693042 0 -52.11030678 12.9240172 -12.04575809 1


mesh: pSphereShape17 tranform: pSphere17 0.1494266701 0.3892775381 2.517240004 0 -1.98496587 1.278229715 -0.07984112593 0 -3.407603825 -5.228536185 1.010844648 0 -45.93442081 3.016258356 -10.52431496 1


mesh: pSphereShape18 tranform: pSphere18 -0.1034510881 0.1107375014 2.89888473 0 4.448875493 6.809291646 -0.1013503329 0 -2.774612263 1.810299967 -0.1681697612 0 -66.71589689 27.06981772 -6.178829676 1


mesh: pSphereShape19 tranform: pSphere19 -0.04547746995 0.04909041869 1.961855868 0 0.7145953656 9.740505053 -0.2271662711 0 -2.280434453 0.1659704413 -0.05701537489 0 -72.39248461 12.13976621 -5.47503129 1


mesh: pSphereShape20 tranform: pSphere20 0.3926051983 0.08387154937 2.58980318 0 0.4174344787 1.809275559 -0.1218755514 0 -5.726369479 1.376656151 0.8235143725 0 -78.15347398 3.679925008 -5.213719099 1


mesh: pSphereShape21 tranform: pSphere21 0.3752851651 0.1378427809 5.98225549 0 1.711759065 2.823982518 -0.1724539162 0 -5.129678237 3.1246131 0.2498032368 0 -61.36118632 35.66836965 -10.21379558 1


