mesh: pSphereShape1 tranform: pSphere1 0.3549978342 3.095471116 1.186130228 0 -1.380579079 0.615883696 -1.194091151 0 -2.376090906 -0.6514276089 2.411187579 0 116.2458465 31.62535253 -30.54399821 1


mesh: pSphereShape2 tranform: pSphere2 0.001437563308 5.623546906 1.78122858 0 -2.410700272 0.6320225933 -1.993423643 0 -1.967390072 -0.6843732049 2.162234039 0 117.2106764 39.00273047 -27.5679623 1


mesh: pSphereShape3 tranform: pSphere3 -0.8386171629 6.048436479 2.678738008 0 -2.198391662 0.5878191797 -2.01549981 0 -2.05608949 -1.132084219 1.912492948 0 116.9491794 49.07840719 -23.92422536 1


mesh: pSphereShape4 tranform: pSphere4 0.2785049063 -0.1983826118 4.089759668 0 -0.5657107685 3.322632411 0.1996952844 0 -3.849524071 -0.6692235536 0.2296831844 0 116.0743082 54.96915638 -18.58109423 1


mesh: pSphereShape5 tranform: pSphere5 -0.4660171291 -0.2256073775 4.209571766 0 -0.4680155696 3.108610834 0.1147913119 0 -3.942225014 -0.5762638784 -0.46730496 0 115.5774251 55.06206737 -11.93139718 1


mesh: pSphereShape6 tranform: pSphere6 -1.097868355 -5.515965833 2.23144902 0 -1.020944801 0.9970054695 1.962216066 0 -2.117578204 -0.02011255514 -1.091560795 0 114.3625062 48.48902229 -8.231341623 1


mesh: pSphereShape7 tranform: pSphere7 -3.451114322 -4.150284422 1.857810846 0 -0.7998464001 1.390750042 1.621072927 0 -2.064894487 0.9110843186 -1.800467411 0 109.3148419 39.65563375 -5.444640078 1


mesh: pSphereShape8 tranform: pSphere8 -0.6374617704 -4.250902052 0.0478004709 0 -0.4765103281 0.08130079812 0.8754016721 0 -2.263884798 0.3252935492 -1.262518851 0 105.2773034 33.04712163 -3.668635554 1


mesh: pSphereShape10 tranform: pSphere10 0.4423567203 -0.1852642385 4.138566374 0 0.2047757377 3.506129024 0.1350652254 0 -5.030884148 0.2726441185 0.5499384113 0 115.7897601 64.8441843 -14.90454184 1


mesh: pSphereShape11 tranform: pSphere11 0.05543397614 -0.02902768675 0.9980403137 0 -2.402701559 3.052191418 0.2222248483 0 -2.042410072 -1.612640757 0.06653807424 0 114.1564211 60.54100203 -15.65935489 1


mesh: pSphereShape12 tranform: pSphere12 -0.257480029 -0.3817715281 7.170318656 0 -0.3646062206 3.741960138 0.1861416603 0 -5.892299783 -0.5621152615 -0.2415163404 0 116.5273481 50.77322662 -16.2715809 1


mesh: pSphereShape13 tranform: pSphere13 -0.2834160026 -0.3422545386 4.954748125 0 -0.9190967745 4.598882084 0.2650995567 0 -4.350432187 -0.8517074304 -0.307681197 0 116.2209503 45.54382453 -16.42425493 1


mesh: pSphereShape14 tranform: pSphere14 -0.3713318516 -0.09708733283 5.016158909 0 -0.9639698755 5.401408917 0.03318389022 0 -4.258633089 -0.7579958979 -0.3299253353 0 116.779885 41.17342646 -16.56815477 1


mesh: pSphereShape15 tranform: pSphere15 0.3923414385 -0.1034642733 3.421949417 0 2.629062555 8.218673751 -0.0529379765 0 -4.038364741 1.295062667 0.5021729838 0 114.5714276 28.12169595 -20.31540347 1


mesh: pSphereShape16 tranform: pSphere16 0.1353787627 0.223700785 2.260464609 0 -5.477930852 6.144360699 -0.2799879318 0 -1.406735591 -1.24470605 0.2074280846 0 115.7873112 14.37406362 -20.78799145 1


mesh: pSphereShape17 tranform: pSphere17 -0.0639878458 0.1644109463 2.545434573 0 -1.632519289 1.700720011 -0.1508891185 0 -4.566853044 -4.368866792 0.1673845557 0 119.5552782 3.275652859 -20.58061702 1


mesh: pSphereShape18 tranform: pSphere18 -0.1188197432 -0.2708186337 2.887739035 0 0.6930293072 8.06676198 0.7850345876 0 -3.302367575 0.2942500086 -0.1082847439 0 116.4908498 27.56603768 -13.2098348 1


mesh: pSphereShape19 tranform: pSphere19 -0.05329612527 -0.1808234575 1.953923979 0 -3.032174165 9.254562565 0.7737449782 0 -2.173334342 -0.7016879916 -0.1242177028 0 117.8431169 11.465379 -14.25889528 1


mesh: pSphereShape20 tranform: pSphere20 0.5376636005 0.1624042456 2.559843062 0 -0.1161929848 1.854826936 -0.0932709642 0 -5.808467228 -0.3015528887 1.239128648 0 115.6138986 1.921808591 -14.62520131 1


mesh: pSphereShape21 tranform: pSphere21 -0.442543498 -0.1157061203 5.978125766 0 1.637286069 2.867543636 0.1767046553 0 -5.204095349 2.991562431 -0.3273428083 0 118.5852885 37.49019843 -16.41144599 1


