mesh: pSphereShape1 tranform: pSphere1 1.502497219 2.454508625 1.683080309 0 -1.690628982 0.9034255024 0.1917315855 0 -0.563552704 -1.681934812 2.955925422 0 51.12133672 36.56559575 -25.51332921 1


mesh: pSphereShape2 tranform: pSphere2 2.222201791 4.592229564 2.961469899 0 -2.87112644 1.393291719 -0.006109501316 0 -0.6625405221 -1.353897214 2.596584065 0 55.07262817 42.33310871 -21.60583037 1


mesh: pSphereShape3 tranform: pSphere3 2.163238066 4.689370435 4.218140099 0 -2.707711755 1.374599443 -0.139535633 0 -0.963811793 -1.660924172 2.340757499 0 59.13242312 50.40514527 -15.82824733 1


mesh: pSphereShape4 tranform: pSphere4 3.347737508 -0.2943502072 2.355645627 0 -0.06431681753 3.337240752 0.5084098032 0 -2.262818871 -0.5235550349 3.15039537 0 63.38788202 55.22733536 -10.27147513 1


mesh: pSphereShape5 tranform: pSphere5 3.385536019 -0.3126590024 2.535538468 0 -0.04645591569 3.113619706 0.4459720969 0 -2.415560238 -0.4893710518 3.164992378 0 68.70364532 55.1755615 -6.137136649 1


mesh: pSphereShape6 tranform: pSphere6 4.073892407 -4.466698471 0.2501282557 0 1.200083648 1.19195358 1.739449908 0 -1.309296288 -1.101310978 1.657981995 0 73.89573115 49.48433716 -4.931191393 1


mesh: pSphereShape7 tranform: pSphere7 3.587775093 -4.159284713 1.553940973 0 0.8344573269 1.33602763 1.649402473 0 -1.981687757 -1.024720367 1.832596132 0 79.96489292 40.91936938 -2.73122533 1


mesh: pSphereShape8 tranform: pSphere8 2.446032755 -3.296548235 -1.276128574 0 0.7278936071 0.3017400157 0.6157303465 0 -0.9995534656 -1.479818232 1.906823272 0 84.95026244 34.82183533 -1.748736414 1


mesh: pSphereShape10 tranform: pSphere10 4.002933667 -0.182016293 1.140669129 0 0.1472233084 3.511343893 0.04365565774 0 -1.389031212 -0.00235966828 4.8741306 0 66.11106878 65.00052576 -7.497395345 1


mesh: pSphereShape11 tranform: pSphere11 0.9079302809 0.0003701573568 0.4191210662 0 -1.071510892 2.935000242 2.318592053 0 -0.8224488974 -1.708918943 1.783157392 0 64.60123611 60.62986549 -6.628992058 1


mesh: pSphereShape12 tranform: pSphere12 5.453053023 -0.5225006358 4.64937855 0 0.07474633045 3.748728315 0.3336181833 0 -3.855665118 -0.3223456453 4.485915762 0 65.29495703 50.96977395 -9.097746988 1


mesh: pSphereShape13 tranform: pSphere13 3.640149795 -0.3575431623 3.371715311 0 -0.04142475164 4.666040794 0.5395186468 0 -3.028480198 -0.4000332489 3.227168197 0 64.69040146 45.80832771 -8.729197814 1


mesh: pSphereShape14 tranform: pSphere14 3.585413671 -0.04918292102 3.528675862 0 -0.2765385373 5.468225571 0.3572015135 0 -3.0352444 -0.3546348115 3.079105369 0 64.641806 41.39714085 -8.939231301 1


mesh: pSphereShape15 tranform: pSphere15 2.69786014 -0.5835452508 2.062862108 0 2.760033584 8.067291565 -1.327551124 0 -2.27882135 1.332091787 3.357120718 0 59.23539817 28.4269688 -10.31714325 1


mesh: pSphereShape16 tranform: pSphere16 1.785398722 -0.2449149706 1.389401943 0 -0.348038011 8.016083782 1.860257615 0 -1.168923524 -0.3836395653 1.434455668 0 55.61506055 13.34420468 -10.52498733 1


mesh: pSphereShape17 tranform: pSphere17 1.491903296 -0.5231604439 2.002720718 0 0.08668765755 2.299029944 0.5359868274 0 -5.123662334 -0.6566521038 3.645278271 0 52.01447678 2.554054775 -10.47016338 1


mesh: pSphereShape18 tranform: pSphere18 1.606273396 -0.1703856832 2.411918757 0 1.216920214 8.039247972 -0.242518039 0 -2.718154625 0.4670573237 1.843212723 0 66.51010407 27.76955831 -6.011518374 1


mesh: pSphereShape19 tranform: pSphere19 1.111755528 -0.1241079461 1.613057153 0 -2.298890302 9.213864627 2.293358179 0 -1.806531562 -0.7463523949 1.18767843 0 66.99917444 11.75516951 -7.040250357 1


mesh: pSphereShape20 tranform: pSphere20 1.664990918 0.03061174443 2.023640766 0 -0.09534560204 1.85767535 0.05034632634 0 -4.582333063 -0.3375069697 3.775311675 0 64.86184831 2.243914687 -6.478518002 1


mesh: pSphereShape21 tranform: pSphere21 4.273001363 -0.05861490689 4.205382739 0 1.356697177 2.70114723 -1.340862828 0 -3.420510912 3.467259642 3.523836427 0 65.70562443 37.56074305 -9.939506595 1


