mesh: pSphereShape1 tranform: pSphere1 -0.07563163645 3.200386607 0.9309539381 0 -1.327446746 0.3609276492 -1.348622024 0 -2.497035104 -0.7180618866 2.265655374 0 4.548558075 34.04091878 -26.2236207 1


mesh: pSphereShape2 tranform: pSphere2 -0.6168348596 5.698810467 1.392885905 0 -2.549379984 0.1909426443 -1.910201241 0 -1.778551459 -0.7542486589 2.298284161 0 4.620255903 41.68537579 -23.82966398 1


mesh: pSphereShape3 tranform: pSphere3 -1.549772399 6.067179879 2.291295209 0 -2.328965666 0.1409676109 -1.9485235 0 -1.814083742 -1.24813855 2.077979374 0 3.198836257 51.88105544 -20.87802894 1


mesh: pSphereShape4 tranform: pSphere4 -0.8469935706 -0.1530635921 4.01275818 0 -0.6252894139 3.317947673 -0.005422485746 0 -3.760521895 -0.7100369682 -0.8208365738 0 0.7754395516 57.80629474 -16.07779083 1


mesh: pSphereShape5 tranform: pSphere5 -1.312980506 -0.1779164571 4.029018867 0 -0.5954829963 3.088324782 -0.05767998857 0 -3.738026961 -0.7441218051 -1.251011279 0 -1.27936147 57.95826509 -9.699606628 1


mesh: pSphereShape6 tranform: pSphere6 -1.781390658 -5.282361685 2.352416007 0 -1.260019525 1.183177708 1.702668902 0 -1.911335552 0.01120246829 -1.422222854 0 -3.417318961 51.64925803 -5.912113573 1


mesh: pSphereShape7 tranform: pSphere7 -5.620218444 0.1029122484 -0.9945178227 0 -0.2388222136 1.680380187 1.523516903 0 0.4053558424 1.951433517 -2.088813215 0 -10.70804339 47.14262515 -5.821341243 1


mesh: pSphereShape8 tranform: pSphere8 -3.921433747 -0.9401290259 -1.489068645 0 -0.3846398346 0.7482501728 0.5405311059 0 0.3683023046 1.636266602 -2.002980065 0 -18.18156644 47.16829304 -7.966652793 1


mesh: pSphereShape10 tranform: pSphere10 -0.6846567642 -0.007902905555 4.109612706 0 0.1338203369 3.512031432 0.02904805394 0 -4.995562643 0.1972283735 -0.8318757318 0 -0.5379355513 67.73396464 -12.9986496 1


mesh: pSphereShape11 tranform: pSphere11 -0.1844926107 0.003973821118 0.9828258673 0 -2.387023593 3.03783019 -0.4603664019 0 -1.998805325 -1.626457432 -0.3686325052 0 -1.8815237 63.39941178 -13.88570858 1


mesh: pSphereShape12 tranform: pSphere12 -1.545015062 -0.2961387056 7.010759261 0 -0.4718999885 3.734203347 0.05373876659 0 -5.737536027 -0.7064400914 -1.294265499 0 0.6489228062 53.64112883 -13.67343545 1


mesh: pSphereShape13 tranform: pSphere13 -0.9309274123 -0.3772308865 4.872172287 0 -0.9006036914 4.606471124 0.1845801972 0 -4.281233927 -0.8017519877 -0.8800927762 0 0.4005326582 48.42650584 -13.8248344 1


mesh: pSphereShape14 tranform: pSphere14 -0.7405280706 -0.1969410113 4.972121872 0 -0.9111324363 5.410103409 0.0785885989 0 -4.229970933 -0.7028267727 -0.6578333583 0 0.9240123418 44.05294076 -13.93190626 1


mesh: pSphereShape15 tranform: pSphere15 0.2172603351 0.08312168806 3.438060966 0 3.832484613 7.719426683 -0.4288169066 0 -3.816772769 1.905762288 0.1951167123 0 -2.342932245 31.61793444 -17.33685202 1


mesh: pSphereShape16 tranform: pSphere16 0.150031901 0.1489656937 2.265694011 0 0.5219128887 8.199864435 -0.5736882696 0 -1.881850337 0.1279078548 0.1162044389 0 -7.457729232 16.66070632 -17.20735491 1


mesh: pSphereShape17 tranform: pSphere17 -0.2550291568 0.1348534743 2.535179923 0 0.06512528135 2.358380241 -0.1188976455 0 -6.288200166 0.1413749125 -0.6400884095 0 -12.66440049 6.162213637 -17.26545686 1


mesh: pSphereShape18 tranform: pSphere18 0.09136565343 -0.3659136256 2.878238547 0 -0.3069817641 8.062523708 1.034742195 0 -3.313211054 -0.1374069721 0.08770454757 0 1.739649467 30.39631088 -10.79120852 1


mesh: pSphereShape19 tranform: pSphere19 0.08897854602 -0.2428060233 1.945889146 0 -4.236551439 8.709290869 1.280458588 0 -2.058313841 -0.9967982202 -0.03026011996 0 5.158399387 14.68040333 -12.49724941 1


mesh: pSphereShape20 tranform: pSphere20 0.6280736345 -0.02311128353 2.544256899 0 -0.757879492 1.687373454 0.2024172534 0 -5.240909456 -2.50641026 1.271000068 0 4.681943307 4.028307337 -13.37384112 1


mesh: pSphereShape21 tranform: pSphere21 -0.8825418054 -0.2347090982 5.925643588 0 1.647691703 2.844579651 0.3580717442 0 -5.136485871 3.056312908 -0.6439501484 0 2.677013846 40.3470926 -13.72242217 1


