mesh: pSphereShape1 tranform: pSphere1 -0.8906831379 2.55627111 -1.946029643 0 -0.2800346311 1.091770379 1.56230056 0 3.284001033 1.039404805 -0.1377182885 0 145.0335593 33.68390332 -9.162572237 1


mesh: pSphereShape2 tranform: pSphere2 -1.25905674 4.978506814 -2.902809528 0 0.4016799095 1.669894147 2.689753328 0 2.908743066 0.3541448755 -0.6542488814 0 143.0018816 39.77163591 -13.96309903 1


mesh: pSphereShape3 tranform: pSphere3 0.2127355098 6.036129979 -2.825310316 0 0.2816337004 1.274982701 2.74514086 0 3.013093878 -0.2060821363 -0.2134089468 0 141.6501365 49.05057427 -18.9577564 1


mesh: pSphereShape4 tranform: pSphere4 2.754269343 -0.18662793 -3.036811682 0 0.3770792862 3.352479189 0.1359688086 0 2.868552509 -0.429235683 2.628043632 0 144.1907679 54.92005073 -23.32380864 1


mesh: pSphereShape5 tranform: pSphere5 3.506209395 -0.1383587049 -2.382418446 0 0.2598054195 3.128563826 0.2006650698 0 2.232650932 -0.3976371675 3.30888902 0 149.4466741 55.11362978 -27.35625166 1


mesh: pSphereShape6 tranform: pSphere6 3.60435355 -4.854750841 -0.2249188276 0 1.900382428 1.432764339 -0.4715644797 0 0.4238283693 0.2064712853 2.335334249 0 154.2252942 49.2365809 -28.42825177 1


mesh: pSphereShape7 tranform: pSphere7 4.393195008 -3.257010221 1.636531095 0 1.436237657 1.716283668 -0.4397830607 0 -0.3052157305 0.9496596004 2.7093425 0 161.3372602 41.83963619 -25.85315373 1


mesh: pSphereShape8 tranform: pSphere8 1.199949364 -4.069287145 0.6927007299 0 0.9354444028 0.2301790558 -0.2682561676 0 0.5665077844 0.5894257847 2.48124773 0 166.5298349 36.22380264 -23.69117397 1


mesh: pSphereShape10 tranform: pSphere10 3.851523278 0.3804727884 -1.542317358 0 -0.4294629282 3.481821105 -0.2135411879 0 1.830532878 0.5139182775 4.698042121 0 145.9925303 64.85271977 -25.25621669 1


mesh: pSphereShape11 tranform: pSphere11 0.878606459 -0.0006212566082 -0.4775461279 0 1.061421642 3.195973524 1.948683774 0 1.020324402 -1.484644503 1.879160781 0 146.8450036 60.61907302 -23.71918116 1


mesh: pSphereShape12 tranform: pSphere12 5.324550767 -0.3137443505 -4.814170614 0 0.1986965369 3.758954119 -0.02521323614 0 3.965306792 -0.1801084099 4.39743146 0 145.7444821 50.72084434 -25.08279854 1


mesh: pSphereShape13 tranform: pSphere13 3.717411868 -0.2865682349 -3.293283988 0 0.4315264769 4.676761086 0.0801481069 0 2.92454922 -0.3269109538 3.329635802 0 146.210052 45.56714473 -24.44965773 1


mesh: pSphereShape14 tranform: pSphere14 3.772756084 -0.1407029535 -3.325007925 0 0.3363850732 5.474476771 0.1500218323 0 2.857403868 -0.2647316071 3.253386636 0 146.0523761 41.15622556 -24.35932421 1


mesh: pSphereShape15 tranform: pSphere15 2.915947753 -0.2933131834 -1.812619802 0 -0.51074725 8.336020182 -2.170547242 0 2.261538332 1.041961798 3.469512182 0 143.3828144 28.02489499 -19.25564883 1


mesh: pSphereShape16 tranform: pSphere16 1.973867195 0.0314005243 -1.131782666 0 2.062159835 7.015287918 3.791110694 0 0.8125604359 -0.9898415861 1.389670377 0 141.7704766 13.41007135 -19.25120052 1


mesh: pSphereShape17 tranform: pSphere17 2.349966426 -0.9469575699 -0.3021452105 0 0.9183597262 2.114542697 0.5154220698 0 0.158193416 -1.561523702 6.124359553 0 138.7961304 3.161365834 -19.26243328 1


mesh: pSphereShape18 tranform: pSphere18 1.67060676 0.1899560831 -2.366323591 0 -2.643483444 7.589537916 -1.257031129 0 2.489425131 1.173780225 1.851740465 0 151.5236149 27.8617053 -25.97577358 1


mesh: pSphereShape19 tranform: pSphere19 1.103990936 0.09773279364 -1.6201879 0 1.479964175 9.525927846 1.583064887 0 1.859174996 -0.4944171771 1.237011813 0 153.7254801 12.2030695 -26.02897864 1


mesh: pSphereShape20 tranform: pSphere20 0.6634872229 0.362400437 -2.509323498 0 -0.009631748466 1.842028168 0.2634818794 0 5.753003366 -0.1837062655 1.494613588 0 157.0197945 2.522426761 -25.53992322 1


mesh: pSphereShape21 tranform: pSphere21 4.496271105 -0.1676860655 -3.962656668 0 -1.242051822 2.66006551 -1.521872356 0 3.273560101 3.567210654 3.563428112 0 145.1299152 37.28998588 -25.38473396 1


