mesh: pSphereShape1 tranform: pSphere1 -2.668512816 1.95179918 -0.4294055424 0 0.7872970398 1.329518969 1.150524957 0 1.511760721 1.46647193 -2.729108108 0 84.98149231 34.28110031 -12.76136523 1


mesh: pSphereShape2 tranform: pSphere2 -3.68110454 4.520504785 -0.9008679077 0 2.169636414 2.006755932 1.204273489 0 1.156545292 0.3952838927 -2.742334781 0 78.96036489 39.38180018 -14.11714344 1


mesh: pSphereShape3 tranform: pSphere3 -1.10812089 6.1599263 -2.299973037 0 2.43281927 1.005305747 1.520344542 0 1.744230993 -0.5841334689 -2.404827287 0 74.56340921 48.32727366 -16.53404947 1


mesh: pSphereShape4 tranform: pSphere4 -0.7518894385 -0.3302143932 -4.021029161 0 0.8004998246 3.253492633 -0.4168677699 0 3.734182946 -0.9977385797 -0.6163161169 0 73.58144527 54.11998989 -21.59678764 1


mesh: pSphereShape5 tranform: pSphere5 -0.698303477 -0.3608358358 -4.167821357 0 0.7118155565 3.040182823 -0.3824708526 0 3.851163501 -0.9722809042 -0.5610718095 0 72.66636309 53.97101316 -28.27051985 1


mesh: pSphereShape6 tranform: pSphere6 -1.41505552 -5.396921681 -2.341241758 0 1.172980664 0.578911102 -2.043432988 0 2.009711133 -0.914946968 0.8944160894 0 70.92844874 47.39579198 -31.95730316 1


mesh: pSphereShape7 tranform: pSphere7 0.5274898125 -5.169000936 -2.364253753 0 1.207914252 0.9052863552 -1.709741837 0 2.434406753 -0.4332940845 1.490458579 0 70.98649988 37.29864008 -35.41181943 1


mesh: pSphereShape8 tranform: pSphere8 -1.969941225 -3.790212692 -0.4821099116 0 0.5500225061 -0.1821999685 -0.8150327688 0 1.823992226 -1.136908463 1.485070917 0 70.66269843 29.68975547 -37.67451852 1


mesh: pSphereShape10 tranform: pSphere10 -0.1330179119 -0.4242264398 -4.142471738 0 0.02789958158 3.496212305 -0.3589395263 0 5.065447661 -0.0565267347 -0.1568665223 0 74.20094758 63.76636869 -25.84588065 1


mesh: pSphereShape11 tranform: pSphere11 -0.05638501379 -0.110442175 -0.9922818431 0 2.567855306 2.885513872 -0.4670759502 0 1.950191769 -1.722406876 0.08088908648 0 75.49259158 59.43811119 -24.92426974 1


mesh: pSphereShape12 tranform: pSphere12 -0.7334615902 -0.6446934268 -7.118421143 0 0.5499124597 3.703207474 -0.3920494626 0 5.829139266 -0.9203667331 -0.5172629292 0 72.61184862 49.8847145 -23.65570083 1


mesh: pSphereShape13 tranform: pSphere13 -0.315554873 -0.348262363 -4.952386317 0 1.021439526 4.568601772 -0.3863576358 0 4.32818293 -0.985150774 -0.2065041402 0 72.70260345 44.66587977 -23.41110002 1


mesh: pSphereShape14 tranform: pSphere14 -0.1612961423 -0.07162727474 -5.027724792 0 1.181270343 5.35696862 -0.1142145675 0 4.234115855 -0.9362807275 -0.1224974202 0 71.99975873 40.30850439 -23.19870595 1


mesh: pSphereShape15 tranform: pSphere15 -0.1428762843 0.03521695568 -3.442778036 0 -0.4080359209 8.618806867 0.1050973347 0 4.262114805 0.2039106179 -0.1747931494 0 71.99231794 26.74968905 -19.21652031 1


mesh: pSphereShape16 tranform: pSphere16 0.1363855925 0.2883720709 -2.253066847 0 7.283812573 3.733786505 0.9188040039 0 0.8749334356 -1.667325733 -0.1604399176 0 66.85319672 14.44978188 -19.29251787 1


mesh: pSphereShape17 tranform: pSphere17 0.8119905235 -0.8024413331 -2.281911889 0 2.203110853 0.645238969 0.557049868 0 1.075535903 -5.747664526 2.403900244 0 58.16078306 5.693008279 -18.63371308 1


mesh: pSphereShape18 tranform: pSphere18 0.1180674545 -0.03249856027 -2.900258871 0 -3.341327759 7.413281685 -0.2190918374 0 3.021437576 1.365010932 0.1077050592 0 74.43020187 27.42065736 -26.98552523 1


mesh: pSphereShape19 tranform: pSphere19 0.04088561552 -0.07821833752 -1.961011671 0 3.166395118 9.237000368 -0.3024167617 0 2.163184484 -0.739086513 0.07458050842 0 75.92968819 12.15911769 -26.93088685 1


mesh: pSphereShape20 tranform: pSphere20 -0.4150351911 0.1367622527 -2.584046374 0 0.2698529846 1.840336999 0.05405868488 0 5.808096363 -0.8229732527 -0.9764205803 0 77.94890129 2.252255183 -26.79523593 1


mesh: pSphereShape21 tranform: pSphere21 -0.1922284844 -0.08536349515 -5.99190968 0 -1.524847264 2.93419953 0.007117188571 0 5.330799937 2.770825139 -0.2104936453 0 70.03471925 36.7045596 -23.17845287 1


