mesh: pSphereShape1 tranform: pSphere1 -3.059015175 1.323756128 0.07046760824 0 0.6041385103 1.329177893 1.256768788 0 0.8426963569 2.086381074 -2.611679216 0 -16.25150928 35.03619477 -7.230254311 1


mesh: pSphereShape2 tranform: pSphere2 -4.794792251 3.431279527 -0.1826067101 0 1.782525646 2.531961185 0.7722959648 0 0.4963680298 0.5386604628 -2.911650752 0 -23.45073497 38.5502387 -7.427387925 1


mesh: pSphereShape3 tranform: pSphere3 -1.706516068 5.990047523 -2.381099218 0 2.546767858 1.186773661 1.160275194 0 1.460213645 -0.6100317631 -2.581159682 0 -29.1692426 46.35331592 -9.247080676 1


mesh: pSphereShape4 tranform: pSphere4 -1.584899125 -0.06792012309 -3.785041137 0 0.9614164868 3.203719146 -0.460059768 0 3.434040269 -1.233843694 -1.415785036 0 -31.26383652 52.2022842 -14.26328948 1


mesh: pSphereShape5 tranform: pSphere5 -1.46667308 -0.1095506876 -3.978119384 0 0.871037412 2.99567191 -0.4036342017 0 3.59632567 -1.219812721 -1.29231987 0 -33.43346577 52.44792096 -20.62791709 1


mesh: pSphereShape6 tranform: pSphere6 -3.666976233 -4.345938359 -2.068009624 0 0.6944999716 0.4948613445 -2.271436136 0 1.768110062 -1.584827898 0.19533119 0 -37.72645161 46.93448383 -24.03286443 1


mesh: pSphereShape7 tranform: pSphere7 -2.562928687 -4.405559489 -2.570788619 0 0.9074335421 0.6354532255 -1.993635107 0 2.309938746 -1.650370644 0.5253632149 0 -42.58647023 38.11462041 -27.76602011 1


mesh: pSphereShape8 tranform: pSphere8 -3.820114228 -1.9435118 -0.3290893727 0 0.2715543336 -0.3843551852 -0.882343094 0 0.9652963544 -2.102765203 1.213064537 0 -47.14641639 32.01500219 -30.05001697 1


mesh: pSphereShape10 tranform: pSphere10 -0.702767321 -0.7823918662 -4.031341588 0 -0.5037803531 3.430070012 -0.5778767337 0 4.942465889 0.5623640314 -0.9707419903 0 -32.65804023 61.91380184 -19.15587889 1


mesh: pSphereShape11 tranform: pSphere11 -0.2188842827 -0.2155607549 -0.9516423865 0 2.060937437 3.08470455 -1.172759925 0 2.133185224 -1.4839555 -0.1545098789 0 -30.65750289 57.83178296 -18.27588481 1


mesh: pSphereShape12 tranform: pSphere12 -1.754678671 -0.3027373871 -6.960960273 0 0.8178617495 3.656173403 -0.3651715929 0 5.598566213 -1.387289442 -1.350919984 0 -33.01888993 48.16663042 -16.20951321 1


mesh: pSphereShape13 tranform: pSphere13 -0.9714073309 0.02316471764 -4.878813685 0 1.235164306 4.526447786 -0.2244385311 0 4.198577558 -1.187426001 -0.8416052902 0 -33.28600063 42.96912491 -16.2095782 1


mesh: pSphereShape14 tranform: pSphere14 -0.7974131413 0.04770363134 -4.966993068 0 1.2930037 5.330031939 -0.1563916544 0 4.159500745 -1.028930037 -0.6776583354 0 -34.11849431 38.65377914 -16.0600018 1


mesh: pSphereShape15 tranform: pSphere15 -0.4915747843 0.5114463711 -3.372113775 0 3.106623209 8.014276708 0.7626477864 0 3.937356488 -1.450703569 -0.7940011579 0 -37.43479353 25.8053402 -12.29350979 1


mesh: pSphereShape16 tranform: pSphere16 -0.2216026648 0.4335762704 -2.222830083 0 6.419911601 5.146997254 0.3639263121 0 1.169480382 -1.430731014 -0.3956627153 0 -45.53760071 12.56486741 -12.6997118 1


mesh: pSphereShape17 tranform: pSphere17 -0.08789173363 0.1741338531 -2.544074491 0 1.566707581 1.766720232 0.06680038515 0 4.726729578 -4.174632205 -0.4490376568 0 -50.21709576 2.658441879 -13.16914264 1


mesh: pSphereShape18 tranform: pSphere18 0.0479054567 -0.04978107048 -2.902020763 0 -4.976327204 6.431822245 -0.1924783692 0 2.623493524 2.030061575 0.008484094042 0 -30.62610441 26.44168739 -19.21823402 1


mesh: pSphereShape19 tranform: pSphere19 0.009724521004 -0.05736988112 -1.962134207 0 -1.753654563 9.60627596 -0.2895644745 0 2.249997394 0.4107179397 -0.0008575827531 0 -23.58393303 12.02308637 -19.20817477 1


mesh: pSphereShape20 tranform: pSphere20 -0.3365109319 -0.2497194992 -2.587016496 0 -0.6637855487 1.736480987 -0.08127589031 0 5.502859782 2.060704915 -0.9147103144 0 -16.97966261 4.364053027 -19.01264443 1


mesh: pSphereShape21 tranform: pSphere21 -0.950335931 0.05685192851 -5.919531215 0 -1.436704336 2.967062462 0.2591480507 0 5.330042171 2.653413332 -0.8302142087 0 -36.15608591 35.09578013 -15.86233578 1


