mesh: pSphereShape1 tranform: pSphere1 0.3229045735 3.097359871 1.190363087 0 -1.362681737 0.6099523268 -1.217465251 0 -2.41377081 -0.6596475058 2.371195291 0 116.2614195 31.62238503 -30.4827403 1


mesh: pSphereShape2 tranform: pSphere2 -0.04696507004 5.624164225 1.778659098 0 -2.37949344 0.6231693573 -2.033306936 0 -2.000590066 -0.6902198495 2.129667195 0 117.1503139 39.00428708 -27.49439106 1


mesh: pSphereShape3 tranform: pSphere3 -0.8900445533 6.047529398 2.664152543 0 -2.167035965 0.5842510881 -2.050195738 0 -2.084457043 -1.134912043 1.879830161 0 116.8060108 49.08136737 -23.85773533 1


mesh: pSphereShape4 tranform: pSphere4 0.218715689 -0.194106255 4.093597562 0 -0.5713630041 3.322344004 0.1880628943 0 -3.851913545 -0.6722813094 0.1739252349 0 115.8424417 54.9746493 -18.53040911 1


mesh: pSphereShape5 tranform: pSphere5 -0.5279382416 -0.2211712183 4.202490882 0 -0.4462365177 3.112064461 0.1077251036 0 -3.939347693 -0.5467335473 -0.5236546802 0 115.2590305 55.07783372 -11.88747903 1


mesh: pSphereShape6 tranform: pSphere6 -1.199626504 -5.510627039 2.191904335 0 -1.03994325 1.00190239 1.949705034 0 -2.100032907 0.009649915593 -1.125084709 0 113.9148038 48.51261577 -8.227851589 1


mesh: pSphereShape7 tranform: pSphere7 -3.566735915 -4.090196287 1.770649948 0 -0.8030030463 1.398447919 1.612869152 0 -2.011994942 0.9603793208 -1.834419442 0 108.6841803 39.75624202 -5.572024216 1


mesh: pSphereShape8 tranform: pSphere8 -0.7255894135 -4.236995717 0.01406909298 0 -0.49415909 0.0874973195 0.8649572318 0 -2.22797881 0.3771901214 -1.311023324 0 104.4802912 33.22228853 -3.911232271 1


mesh: pSphereShape10 tranform: pSphere10 0.4190548597 -0.1718400767 4.141569503 0 0.201265661 3.506700745 0.1251338101 0 -5.0341298 0.2703552094 0.5205839031 0 115.510799 64.85581667 -14.88354355 1


mesh: pSphereShape11 tranform: pSphere11 0.04795211186 -0.02571281122 0.9985186259 0 -2.405994771 3.051513805 0.1941230977 0 -2.041957834 -1.613595758 0.05650981955 0 113.8855444 60.5494784 -15.63848755 1


mesh: pSphereShape12 tranform: pSphere12 -0.3384929476 -0.3714792992 7.167491942 0 -0.3579813491 3.743038974 0.1770894677 0 -5.890520532 -0.5488575042 -0.3066329027 0 116.2548336 50.7811649 -16.20950573 1


mesh: pSphereShape13 tranform: pSphere13 -0.3270580084 -0.3504441063 4.951486016 0 -0.9065910099 4.601324541 0.2657786394 0 -4.350337251 -0.8371194437 -0.3465982145 0 115.9356073 45.55311297 -16.3649801 1


mesh: pSphereShape14 tranform: pSphere14 -0.4019613402 -0.108148897 5.013571022 0 -0.9419582215 5.405236796 0.04107643188 0 -4.259644211 -0.7396018822 -0.3574696391 0 116.4791175 41.18183943 -16.51241572 1


mesh: pSphereShape15 tranform: pSphere15 0.3923176154 -0.1088590881 3.421784777 0 2.748470585 8.179502788 -0.05490123517 0 -4.01884865 1.353792415 0.5038416613 0 114.1689741 28.18648747 -20.26210827 1


mesh: pSphereShape16 tranform: pSphere16 0.1437460129 0.218136168 2.260491848 0 -5.292059792 6.305508142 -0.2719527117 0 -1.443147749 -1.20223717 0.2077858164 0 115.1024948 14.35188748 -20.7392046 1


mesh: pSphereShape17 tranform: pSphere17 -0.05593440587 0.1247048725 2.54787806 0 -1.564591954 1.765729795 -0.1207709408 0 -4.734727401 -4.188472832 0.101060098 0 118.4998377 3.167380716 -20.60510667 1


mesh: pSphereShape18 tranform: pSphere18 -0.113979141 -0.2793083837 2.887125418 0 0.5859040376 8.073366384 0.8041700371 0 -3.306038003 0.2505137913 -0.1062817595 0 116.2749825 27.55149799 -13.18263178 1


mesh: pSphereShape19 tranform: pSphere19 -0.05040120558 -0.1854402295 1.953568057 0 -3.101298286 9.229726372 0.7961091491 0 -2.168075478 -0.7177974763 -0.124071514 0 117.8003927 11.4588556 -14.27013875 1


mesh: pSphereShape20 tranform: pSphere20 0.5295633737 0.1553204115 2.561970334 0 -0.1192141126 1.854901676 -0.08781236102 0 -5.811672724 -0.3157391644 1.220423871 0 115.636488 1.924481297 -14.67299732 1


mesh: pSphereShape21 tranform: pSphere21 -0.4790469139 -0.1288890005 5.975041591 0 1.647955529 2.86031663 0.1938248202 0 -5.189695731 3.013804096 -0.3510706151 0 118.2683996 37.49081781 -16.35418332 1


