mesh: pSphereShape1 tranform: pSphere1 -0.4813232558 3.270195275 -0.4347649904 0 1.576123498 0.08515108211 -1.104422477 0 -1.918704764 -0.6531348751 -2.788544123 0 -137.4376688 30.72286114 -6.887308324 1


mesh: pSphereShape2 tranform: pSphere2 -0.316259919 5.774319086 -1.163733599 0 2.777717874 -0.1628306729 -1.562829408 0 -1.469458383 -0.5943664251 -2.549836668 0 -138.7683568 38.57334803 -7.77918727 1


mesh: pSphereShape3 tranform: pSphere3 -0.9568191494 6.314662968 -1.916253797 0 2.701728486 -0.01342566292 -1.393262256 0 -1.317982068 -0.9724318614 -2.54637929 0 -139.8355423 49.0548255 -9.935754344 1


mesh: pSphereShape4 tranform: pSphere4 -3.963596855 0.1260494601 -1.056913569 0 0.2545260392 3.320094548 -0.5585532258 0 0.9712932061 -0.7013268638 -3.726148177 0 -143.45383 55.37798695 -12.68421578 1


mesh: pSphereShape5 tranform: pSphere5 -3.954510643 0.1206426859 -1.528350754 0 0.2766966017 3.097886268 -0.4713985545 0 1.406432339 -0.6876259585 -3.693333272 0 -149.6938398 56.00389781 -15.04266837 1


mesh: pSphereShape6 tranform: pSphere6 -2.280868708 -5.28323015 -1.869672657 0 -1.369195074 1.167160531 -1.627784145 0 1.749814855 -0.1870879477 -1.605986615 0 -153.4308269 49.7851327 -17.38773594 1


mesh: pSphereShape7 tranform: pSphere7 -1.258616992 -4.220822663 -3.631397982 0 -1.081950172 1.485109551 -1.351166467 0 2.460590092 0.4941534992 -1.427184466 0 -155.4832022 40.95250018 -22.92538904 1


mesh: pSphereShape8 tranform: pSphere8 -0.3020366417 -4.287356832 -0.0784595679 0 -0.7617183232 0.06545789474 -0.6445932517 0 1.682651819 -0.08199935012 -1.996723086 0 -156.9333545 34.12268657 -26.72917822 1


mesh: pSphereShape10 tranform: pSphere10 -3.277837503 0.4573357419 -2.530683556 0 0.3236285297 3.49333414 0.2121264145 0 3.093399625 -0.04280918272 -4.014425054 0 -145.0755498 65.4496591 -14.08470457 1


mesh: pSphereShape11 tranform: pSphere11 -0.8581868133 0.06219752323 -0.509555553 0 1.464447832 2.922852884 -2.109633781 0 0.9086770404 -1.710567969 -1.739177877 0 -144.499971 61.03568437 -15.25641433 1


mesh: pSphereShape12 tranform: pSphere12 -6.877782126 0.1872591386 -2.070401442 0 0.1932694564 3.747080776 -0.3031248347 0 1.686773648 -0.5442769907 -5.652615117 0 -146.0902439 51.38081904 -13.0992485 1


mesh: pSphereShape13 tranform: pSphere13 -4.794131308 -0.003311163083 -1.327887726 0 0.1227088148 4.673643788 -0.454675012 0 1.180470106 -0.4455045975 -4.260792117 0 -146.1982807 46.22235819 -13.70104919 1


mesh: pSphereShape14 tranform: pSphere14 -4.883786649 -0.01629080873 -1.207280442 0 0.09696395195 5.466168134 -0.4660056884 0 1.038318787 -0.3760721322 -4.19521491 0 -146.2536864 41.80930947 -13.55707805 1


mesh: pSphereShape15 tranform: pSphere15 -3.256823396 0.6822179569 -0.8955749527 0 1.499644169 8.441457913 0.9768450442 0 1.181472299 0.2640263451 -4.095383754 0 -143.5819046 28.40284056 -13.53092051 1


mesh: pSphereShape16 tranform: pSphere16 -2.135727177 0.5031140535 -0.6030052859 0 2.213394813 7.824383053 -1.311183167 0 0.4092100567 -0.4169283529 -1.797204068 0 -146.0991155 12.61429376 -13.81244962 1


mesh: pSphereShape17 tranform: pSphere17 -2.282752413 -0.04363716758 -1.139078482 0 -0.003057044672 2.360766264 -0.08431260747 0 2.824496701 -0.1982268384 -5.652794519 0 -146.2622365 2.233911259 -16.30131427 1


mesh: pSphereShape18 tranform: pSphere18 -2.717891076 0.995393991 0.2208087362 0 2.693312118 6.42114863 4.205251225 0 0.3888609282 1.689179964 -2.828320788 0 -153.0882996 29.82513988 -18.12685828 1


mesh: pSphereShape19 tranform: pSphere19 -1.869766576 0.5572043786 0.2164549507 0 1.516488381 7.464918973 -6.116775085 0 -0.5992044243 -1.324885992 -1.765448782 0 -157.6344884 17.19731193 -18.29401792 1


mesh: pSphereShape20 tranform: pSphere20 -1.846915214 1.10590466 1.494701597 0 -0.3490979599 1.236378707 -1.346135784 0 -4.068933769 -3.668079536 -2.313792556 0 -161.6679992 6.632256385 -14.82815797 1


mesh: pSphereShape21 tranform: pSphere21 -5.820368002 -0.01941495578 -1.43880496 0 -0.4630163924 2.710681096 1.836453247 0 1.171775228 3.443027938 -4.786617692 0 -146.6876922 37.98064168 -12.14175112 1


