mesh: pSphereShape1 tranform: pSphere1 0.1200953843 3.258060428 0.6967705203 0 -1.377055028 0.3300853948 -1.306111816 0 -2.407540323 -0.430815226 2.429431887 0 137.2212757 29.91214094 -29.22182244 1


mesh: pSphereShape2 tranform: pSphere2 -0.3302385749 5.829434671 0.8400541841 0 -2.251105069 0.1972175667 -2.253507794 0 -2.121526314 -0.420282324 2.082482961 0 137.6724976 37.70407633 -27.40968209 1


mesh: pSphereShape3 tranform: pSphere3 -1.082966098 6.375705393 1.624827708 0 -2.043291743 0.2236744107 -2.239559194 0 -2.187080362 -0.858175031 1.909702347 0 136.9296371 48.23051044 -25.44785381 1


mesh: pSphereShape4 tranform: pSphere4 -0.1609560558 0.1170701318 4.099200229 0 -0.6004041684 3.320434957 -0.1184041808 0 -3.848565172 -0.7005763411 -0.1311068687 0 135.5031962 54.59780618 -21.09436554 1


mesh: pSphereShape5 tranform: pSphere5 -0.8090873213 0.06480618488 4.162900788 0 -0.468675603 3.107502089 -0.1394664136 0 -3.892147664 -0.6205333864 -0.7468044722 0 134.4098398 55.17011422 -14.51918227 1


mesh: pSphereShape6 tranform: pSphere6 -1.155129044 -5.565804837 2.073174409 0 -1.343384237 0.944142283 1.786212255 0 -1.931076457 -0.1171335718 -1.390420936 0 133.010417 48.65043896 -10.91634615 1


mesh: pSphereShape7 tranform: pSphere7 -2.984180016 -4.587282236 1.624199281 0 -1.164628205 1.282784509 1.483213547 0 -1.970816127 0.5620538419 -2.033599285 0 128.4847938 39.29356177 -8.593248029 1


mesh: pSphereShape8 tranform: pSphere8 0.2043290088 -4.286403233 0.2526017201 0 -0.713787262 0.007245207812 0.7003251042 0 -1.82545006 -0.1965411065 -1.858506872 0 125.3709869 32.12217387 -7.200669225 1


mesh: pSphereShape10 tranform: pSphere10 -0.2332539344 -0.04459097725 4.159487731 0 -0.1673281848 3.51060103 0.0282513571 0 -5.054486035 -0.2386138562 -0.2860012713 0 133.9200968 64.58155067 -17.88150239 1


mesh: pSphereShape11 tranform: pSphere11 -0.08181909975 -0.004510639226 0.9966369896 0 -2.620075857 2.869248203 -0.2021098018 0 -1.912630357 -1.758153812 -0.1649749038 0 132.8967996 60.18916564 -18.64779464 1


mesh: pSphereShape12 tranform: pSphere12 -0.9629608312 0.1422120887 7.118848028 0 -0.4828502484 3.730570006 -0.1398397641 0 -5.821146023 -0.7823654523 -0.771792538 0 135.7958905 50.59881619 -18.43345699 1


mesh: pSphereShape13 tranform: pSphere13 -0.6647017877 0.09780862894 4.929056379 0 -0.766838218 4.630178663 -0.1952889331 0 -4.343677249 -0.7434722437 -0.5710082855 0 135.4872102 45.4053286 -18.18161358 1


mesh: pSphereShape14 tranform: pSphere14 -0.6758429981 0.09012865626 4.98440333 0 -0.762991854 5.429801384 -0.2016376561 0 -4.256267249 -0.619103282 -0.5659191852 0 135.8919691 41.02161974 -18.04539792 1


mesh: pSphereShape15 tranform: pSphere15 -0.4445170851 0.3461877276 3.399548954 0 -0.1718187157 8.580708002 -0.8962695346 0 -4.234033403 -0.1411085151 -0.5392627596 0 137.0392031 27.52278576 -21.299105 1


mesh: pSphereShape16 tranform: pSphere16 -0.3125241267 0.2796402317 2.236559794 0 -2.447830506 7.754174416 -1.311561278 0 -1.785619104 -0.5933377262 -0.1753263887 0 138.8193573 11.67092751 -20.13739646 1


mesh: pSphereShape17 tranform: pSphere17 -0.5592058601 0.1019676223 2.48741914 0 -0.1452033267 2.354266515 -0.129152946 0 -6.156314745 -0.4546049734 -1.36538802 0 137.2396497 1.198925926 -19.88485073 1


mesh: pSphereShape18 tranform: pSphere18 -0.02364137348 0.3709838408 2.878942457 0 1.892086977 7.848412024 -0.9958179243 0 -3.226121132 0.7619308885 -0.1246756361 0 134.2806319 27.41058097 -12.99798284 1


mesh: pSphereShape19 tranform: pSphere19 0.03345059774 0.2023684951 1.952251153 0 -4.904016121 8.412453396 -0.7879996693 0 -1.977746328 -1.138690951 0.1519230609 0 135.7287756 12.31853764 -10.86719417 1


mesh: pSphereShape20 tranform: pSphere20 0.9589662639 0.6988938546 2.336703848 0 -0.4398385294 1.773864018 -0.3500453644 0 -5.352914996 -0.8439651333 2.4492222 0 135.6053101 2.926159172 -8.695764914 1


mesh: pSphereShape21 tranform: pSphere21 -0.8054518436 0.1074129532 5.940280306 0 1.729031376 2.812736202 0.1835817758 0 -5.060292034 3.159148781 -0.7432570216 0 137.5466608 37.284973 -17.65851955 1


