mesh: pSphereShape1 tranform: pSphere1 -1.133062896 3.103856157 -0.443976624 0 1.808820756 0.6626241484 0.01617733397 0 0.1848584016 -0.4212131839 -3.416489175 0 121.8978391 30.84335123 9.395465572 1


mesh: pSphereShape2 tranform: pSphere2 -1.464506631 5.64842362 -0.8646317547 0 3.091396224 0.78530255 -0.1059974932 0 0.01280326711 -0.4510482617 -2.968271881 0 118.8993896 38.20389001 8.391249421 1


mesh: pSphereShape3 tranform: pSphere3 -1.29933554 6.168662854 -2.172976219 0 2.968997655 0.6490300918 0.06715381701 0 0.2725337894 -0.950625361 -2.861605267 0 116.3154812 48.35621118 6.231478787 1


mesh: pSphereShape4 tranform: pSphere4 -3.233099139 0.3464806337 -2.504011963 0 0.5282316295 3.327408651 -0.2216213727 0 2.33176161 -0.5760062856 -3.090397167 0 113.0898667 54.79043127 2.34948846 1


mesh: pSphereShape5 tranform: pSphere5 -2.987676258 0.3532453443 -2.989577464 0 0.5003261246 3.102831014 -0.1333806795 0 2.77482057 -0.5695325339 -2.840351306 0 108.3328257 55.7866728 -2.25361944 1


mesh: pSphereShape6 tranform: pSphere6 -1.693645656 -5.369330977 -2.216395266 0 -0.714400159 1.073670363 -2.05511665 0 2.176974875 -0.30790006 -0.9176191367 0 105.4843975 49.5555487 -5.596998992 1


mesh: pSphereShape7 tranform: pSphere7 -0.3715580214 -4.534919899 -3.447166682 0 -0.5137394578 1.371257177 -1.748583112 0 2.806653902 0.248640148 -0.6296179226 0 104.8682705 40.2943515 -10.85541154 1


mesh: pSphereShape8 tranform: pSphere8 -0.9742638211 -4.184878052 -0.128126286 0 -0.2146510171 0.07977493091 -0.9734273991 0 2.481916921 -0.5596443473 -0.593153204 0 104.3694973 33.19923855 -14.39917577 1


mesh: pSphereShape10 tranform: pSphere10 -3.647794154 0.3447554056 -1.983047014 0 0.3477179305 3.497314608 -0.031610606 0 2.39664083 -0.2785692363 -4.457025274 0 112.1767768 64.9156388 -0.413042002 1


mesh: pSphereShape11 tranform: pSphere11 -0.8113519602 0.1356655487 -0.5685972701 0 1.884422105 2.726108186 -2.038508918 0 0.8520481031 -1.823470369 -1.650892567 0 113.1627049 60.37018263 -1.045279947 1


mesh: pSphereShape12 tranform: pSphere12 -5.051719511 0.5901170633 -5.075175555 0 0.4422189277 3.738216702 -0.005513212853 0 4.154698842 -0.4976718908 -4.193363884 0 110.7044353 50.93523215 0.7382606068 1


mesh: pSphereShape13 tranform: pSphere13 -3.497339762 0.5106050074 -3.500698344 0 0.6952972954 4.645535958 -0.01704144404 0 3.090941373 -0.474202645 -3.157142183 0 110.6277052 45.80617063 -0.1204206311 1


mesh: pSphereShape14 tranform: pSphere14 -3.508530238 0.4208985826 -3.580813238 0 0.7084720126 5.44064673 -0.05466215881 0 3.058153333 -0.4288391337 -3.046827773 0 110.2110729 41.40726047 -0.2609614117 1


mesh: pSphereShape15 tranform: pSphere15 -2.205985004 0.3030059976 -2.629865396 0 0.5132787829 8.595610705 0.5598143163 0 3.270934008 -0.01650367456 -2.745628005 0 112.3813992 27.82554787 2.402585956 1


mesh: pSphereShape16 tranform: pSphere16 -1.434471962 0.2629126884 -1.746778981 0 2.612001695 7.749784331 -0.9785591542 0 1.338992982 -0.60157457 -1.190138821 0 110.6116278 11.99129176 2.898433868 1


mesh: pSphereShape17 tranform: pSphere17 -1.42080328 0.1120233729 -2.116395846 0 0.2653956124 2.346697541 -0.05395492668 0 5.203143623 -0.6695665253 -3.528475375 0 111.4866878 1.376895259 1.714383621 1


mesh: pSphereShape18 tranform: pSphere18 -1.890477926 0.08868262065 -2.201073875 0 -2.457508751 7.371077951 2.407712261 0 2.309226325 1.399331129 -1.926988953 0 109.6583014 28.29091897 -5.335751915 1


mesh: pSphereShape19 tranform: pSphere19 -1.303971924 0.01640630178 -1.467223421 0 1.655818295 9.530723975 -1.365011358 0 1.665105363 -0.5020361743 -1.485450116 0 110.9865692 12.87091634 -7.411526368 1


mesh: pSphereShape20 tranform: pSphere20 -2.13723708 0.2754412105 -1.491510506 0 0.2729535675 1.8399577 -0.05133474364 0 3.329294617 -0.6302418278 -4.887050039 0 112.7970726 2.874387516 -9.850741442 1


mesh: pSphereShape21 tranform: pSphere21 -4.181373716 0.5016158195 -4.267518687 0 -1.168239874 2.724691942 1.464925298 0 3.748512101 3.369001215 -3.276842281 0 108.8323395 37.61897871 0.5124880452 1


