mesh: pSphereShape1 tranform: pSphere1 0.889495901 3.127400276 -0.736908657 0 0.522479006 0.2831835798 1.832481308 0 3.18808431 -1.081557811 -0.7418507914 0 42.32510864 31.52211309 13.09414769 1


mesh: pSphereShape2 tranform: pSphere2 1.801662959 5.576493074 -0.6736413796 0 0.6324634504 0.1729528149 3.123258472 0 2.796305687 -0.9653811444 -0.5127964179 0 44.38628949 39.0083965 11.11761049 1


mesh: pSphereShape3 tranform: pSphere3 2.854620603 5.94023261 -1.013547066 0 0.4933689981 0.2725855422 2.987135907 0 2.691699905 -1.348376099 -0.3215298818 0 47.92441904 49.02849079 9.52924501 1


mesh: pSphereShape4 tranform: pSphere4 2.140833762 -0.2717515208 -3.490850427 0 0.5685246534 3.326940409 0.08966745019 0 3.273608787 -0.6148098647 2.055466965 0 52.23163351 54.78035926 6.213439705 1


mesh: pSphereShape5 tranform: pSphere5 2.64705951 -0.308911623 -3.299426415 0 0.4309829604 3.115607064 0.05406706708 0 3.085698046 -0.470570644 2.519647372 0 56.3184695 54.75223404 0.9029616407 1


mesh: pSphereShape6 tranform: pSphere6 2.745754532 -5.378096462 -0.3840172087 0 1.875071145 1.0384781 -1.136798803 0 1.056917153 0.3897036355 2.099310397 0 59.91879279 48.31325966 -0.6517251482 1


mesh: pSphereShape7 tranform: pSphere7 4.314469109 -3.559823841 1.139966016 0 1.446170808 1.416117353 -1.051198845 0 0.4718376546 1.371312907 2.496480907 0 66.52234154 40.35145899 1.317288742 1


mesh: pSphereShape8 tranform: pSphere8 1.036163536 -4.064241926 0.9418669432 0 0.9038422701 0.1364531951 -0.4055239528 0 0.9235267029 0.7727248996 2.318391421 0 71.53060498 34.50216779 3.268003041 1


mesh: pSphereShape10 tranform: pSphere10 1.960142412 0.047185709 -3.676050757 0 0.1947824571 3.506139614 0.1488665622 0 4.463397268 -0.348823258 2.375493537 0 55.22397983 64.51279757 4.374649215 1


mesh: pSphereShape11 tranform: pSphere11 0.5099696475 0.03658883569 -0.8594138792 0 2.257530317 2.812840048 1.459355629 0 1.653104156 -1.796008504 0.9044758322 0 55.74725332 60.08381476 5.431216681 1


mesh: pSphereShape12 tranform: pSphere12 4.019458369 -0.5060131461 -5.93408967 0 0.441180921 3.738290244 -0.0199383004 0 4.860971588 -0.5558622371 3.339980963 0 53.17614745 50.54021877 4.144962171 1


mesh: pSphereShape13 tranform: pSphere13 2.801958014 -0.636351174 -4.060921108 0 0.7086302932 4.637461487 -0.2377543681 0 3.610045256 -0.4205545853 2.556763691 0 53.45296615 45.39022053 4.720555163 1


mesh: pSphereShape14 tranform: pSphere14 2.781462433 -0.508688069 -4.160993472 0 0.6384641075 5.444345654 -0.2387914699 0 3.579360473 -0.3131330218 2.430944386 0 53.09713574 41.01440376 5.055768548 1


mesh: pSphereShape15 tranform: pSphere15 1.325424889 -0.09999550478 -3.179249005 0 -2.366123433 8.204516008 -1.244486859 0 3.764084192 1.317277887 1.527810184 0 53.05780666 28.14406343 9.72701045 1


mesh: pSphereShape16 tranform: pSphere16 0.8777100963 -0.09871137782 -2.097129169 0 -1.854891554 7.942027871 -1.150155934 0 1.690794967 0.4940050435 0.6843946079 0 57.37282464 12.8408492 13.03384113 1


mesh: pSphereShape17 tranform: pSphere17 0.9226866427 0.5375865177 -2.317328778 0 -0.7551243545 2.227867732 0.2161663486 0 5.537132496 1.626257589 2.581978183 0 63.79955171 3.79409083 16.38164273 1


mesh: pSphereShape18 tranform: pSphere18 1.264098975 -0.4464001246 -2.574738493 0 1.450998354 7.975858945 -0.6704443576 0 2.926960402 -0.4057746412 1.507378519 0 52.8983179 27.11718298 2.112795569 1


mesh: pSphereShape19 tranform: pSphere19 0.8329391531 -0.2926974656 -1.753253283 0 4.907509876 8.395921036 0.9298099296 0 1.723153955 -1.118543491 1.005375126 0 47.8678775 11.71151899 1.851608529 1


mesh: pSphereShape20 tranform: pSphere20 0.9671489791 -0.04466391885 -2.435340176 0 0.229048776 1.84576765 0.05711114802 0 5.478373579 -0.7475754653 2.189342218 0 47.62872413 2.554646005 3.429624933 1


mesh: pSphereShape21 tranform: pSphere21 3.3148735 -0.6062410118 -4.958962174 0 -1.455521765 2.669810315 -1.299348293 0 4.253277154 3.494583374 2.415932114 0 51.74927322 37.17565782 4.510328664 1


