mesh: pSphereShape1 tranform: pSphere1 0.9244289161 2.723487044 1.686095878 0 0.1357930136 0.9779916608 -1.654163705 0 -3.303216666 0.9436730845 0.2867616185 0 -142.3740199 33.72696507 -21.88717895 1


mesh: pSphereShape2 tranform: pSphere2 1.102639896 5.272211766 2.405207992 0 -0.8556692107 1.422415815 -2.725661319 0 -2.837473914 0.1510898615 0.969618512 0 -140.3471768 40.28387861 -17.74622094 1


mesh: pSphereShape3 tranform: pSphere3 -0.7521202053 6.249551624 2.199981729 0 -0.7061058473 0.9058024605 -2.814539608 0 -2.924983123 -0.5482251715 0.5573785399 0 -139.5745286 50.03964479 -13.76195044 1


mesh: pSphereShape4 tranform: pSphere4 -2.436359439 -0.3146723545 3.287580993 0 -0.5700057499 3.326268365 -0.1040443388 0 -3.079599342 -0.600921644 -2.339745962 0 -142.3999047 55.96543556 -9.696229668 1


mesh: pSphereShape5 tranform: pSphere5 -2.675806459 -0.3314446551 3.273953168 0 -0.480827304 3.107787319 -0.07835827092 0 -3.051351748 -0.5363441572 -2.548171795 0 -146.7168502 55.88182683 -4.53746614 1


mesh: pSphereShape6 tranform: pSphere6 -1.534100215 -5.619326072 1.63715294 0 -2.124662528 0.8229582121 0.8337799495 0 -0.9790161794 -0.3569189901 -2.142471257 0 -149.1517563 49.1312605 -1.798836124 1


mesh: pSphereShape7 tranform: pSphere7 -3.022286936 -4.837319304 0.2294245322 0 -1.843937305 1.182214087 0.6356747939 0 -0.7420296634 0.3322194359 -2.770301248 0 -153.4327174 39.39937158 -1.370137862 1


mesh: pSphereShape8 tranform: pSphere8 0.352008047 -4.24607094 0.5707736418 0 -0.929281692 -0.02752500306 0.3683448263 0 -0.9409570937 -0.4011459674 -2.403877239 0 -156.3295753 32.002619 -1.0944029 1


mesh: pSphereShape10 tranform: pSphere10 -3.581519571 0.275965798 2.110519931 0 0.2501299247 3.50562419 -0.03391920428 0 -2.564024274 0.1406679994 -4.369502766 0 -144.5364729 65.78722963 -8.060505024 1


mesh: pSphereShape11 tranform: pSphere11 -0.7935384093 -0.008200263672 0.6084649115 0 -1.50380042 3.031348154 -1.920349912 0 -1.223522605 -1.631755356 -1.61766601 0 -145.3444889 61.44426272 -9.229893146 1


mesh: pSphereShape12 tranform: pSphere12 -4.445826706 -0.5779145697 5.614815646 0 -0.3604995782 3.745647555 0.1000826524 0 -4.619060437 -0.3458855921 -3.692985822 0 -143.5869795 51.70105282 -7.825907644 1


mesh: pSphereShape13 tranform: pSphere13 -3.102579493 -0.5334104187 3.851813287 0 -0.6386217265 4.651886249 0.1298063748 0 -3.420597559 -0.3911935562 -2.809415139 0 -143.9245455 46.54630536 -8.474619595 1


mesh: pSphereShape14 tranform: pSphere14 -3.128986526 -0.3419195028 3.924499696 0 -0.6046370984 5.45343223 -0.006947764011 0 -3.363150131 -0.3763397002 -2.714213315 0 -143.5933509 42.13916204 -8.67581584 1


mesh: pSphereShape15 tranform: pSphere15 -1.713960019 -0.05874178997 2.988856792 0 1.027431213 8.534216143 0.7569085141 0 -3.669778961 0.6273543478 -2.092105087 0 -142.0811816 28.78266234 -12.73821374 1


mesh: pSphereShape16 tranform: pSphere16 -1.253241336 0.2162939563 1.886974504 0 -4.720189769 5.594581173 -3.776209489 0 -1.14678518 -1.375240362 -0.6040051995 0 -139.244121 15.06081376 -11.348734 1


mesh: pSphereShape17 tranform: pSphere17 -1.795943136 -0.8483870336 1.601621136 0 -1.466965659 1.693907983 -0.7476782809 0 -2.180358583 -3.872923405 -4.496405466 0 -134.5100183 4.967254421 -10.14497892 1


mesh: pSphereShape18 tranform: pSphere18 -1.648539911 0.3655153329 2.361188747 0 2.605065215 7.680239658 0.6298982343 0 -2.515236856 1.009994519 -1.912442125 0 -148.2284016 28.73028133 -5.941992633 1


mesh: pSphereShape19 tranform: pSphere19 -1.090876503 0.2282403436 1.615936668 0 -0.951026096 9.517860203 -1.986347466 0 -1.888408641 -0.4417194238 -1.212425252 0 -150.7874093 12.99260281 -4.883208841 1


mesh: pSphereShape20 tranform: pSphere20 -0.6220456811 0.1482952051 2.541519524 0 -0.06270741318 1.855631586 -0.1236221635 0 -5.773399728 -0.2881187052 -1.396248075 0 -154.5719234 3.31156408 -4.982038894 1


mesh: pSphereShape21 tranform: pSphere21 -3.72904354 -0.4074906371 4.677115135 0 1.365410624 2.704924769 1.324300772 0 -3.99969077 3.433790131 -2.889769294 0 -142.3331409 38.31362583 -7.883760328 1


