mesh: pSphereShape1 tranform: pSphere1 -0.6088047341 3.116429963 1.015918742 0 0.7427369514 0.6804069886 -1.642118493 0 -3.117878467 -0.1315950695 -1.464755291 0 143.1051322 30.6464706 -24.14051118 1


mesh: pSphereShape2 tranform: pSphere2 -1.06152929 5.689803117 1.138575067 0 0.8379472781 0.7537924547 -2.985683753 0 -2.846202923 -0.3533112608 -0.8880014009 0 141.5495807 38.06283148 -21.53474523 1


mesh: pSphereShape3 tranform: pSphere3 -2.310269129 6.244292093 0.3660228357 0 0.984617844 0.5299841719 -2.826719167 0 -2.665453817 -0.9216155721 -1.10123959 0 139.0209876 48.30008739 -19.91111018 1


mesh: pSphereShape4 tranform: pSphere4 -3.526317875 0.2549384068 2.084020979 0 -0.1762650568 3.297931951 -0.7016897394 0 -1.991890948 -0.8026831265 -3.272234764 0 134.31907 54.68210487 -18.43897396 1


mesh: pSphereShape5 tranform: pSphere5 -3.91504054 0.2302422974 1.614933796 0 -0.0989314922 3.070306908 -0.6775728649 0 -1.537690016 -0.8456096852 -3.607221329 0 128.2265747 55.48263411 -15.8096804 1


mesh: pSphereShape6 tranform: pSphere6 -2.290462125 -5.391298232 1.515996489 0 -2.228741201 0.9580097702 0.03962349045 0 -0.2703653491 -0.533603782 -2.306125867 0 124.4741555 49.17555902 -13.61383571 1


mesh: pSphereShape7 tranform: pSphere7 -3.107443972 -4.78847943 0.02772546601 0 -1.911391465 1.239763803 -0.1067040638 0 0.105682677 -0.08528000628 -2.883939193 0 119.8169245 39.55545825 -13.42027181 1


mesh: pSphereShape8 tranform: pSphere8 -0.2596687275 -3.975599432 1.614308507 0 -0.9892018497 0.005135771524 -0.1464695342 0 0.3488467102 -0.993588441 -2.390822474 0 116.7396042 32.24221 -12.94374481 1


mesh: pSphereShape10 tranform: pSphere10 -2.891915682 -0.1067659867 2.997191793 0 -0.477593237 3.465718983 -0.3373619491 0 -3.582758563 -0.8331156253 -3.486591719 0 129.8136694 64.49058895 -18.5684757 1


mesh: pSphereShape11 tranform: pSphere11 -0.794546678 0.02836216448 0.6065403235 0 -1.775860576 2.454706994 -2.441098914 0 -1.042469902 -2.018348923 -1.271220105 0 130.2467805 59.93043939 -19.75645101 1


mesh: pSphereShape12 tranform: pSphere12 -6.564425599 0.384819677 2.895815164 0 -0.02275598267 3.724334393 -0.5465048782 0 -2.408269966 -0.8001920891 -5.352889765 0 132.1332946 50.78105863 -16.66438714 1


mesh: pSphereShape13 tranform: pSphere13 -4.549186363 0.3817275147 1.976405656 0 0.01266170592 4.617398794 -0.8626709305 0 -1.798048876 -0.7415379622 -3.995431788 0 131.5513473 45.60816495 -16.69737371 1


mesh: pSphereShape14 tranform: pSphere14 -4.621785462 0.4561646348 1.933953582 0 0.1198117987 5.396118327 -0.9864631364 0 -1.71081035 -0.6801087708 -3.928096778 0 131.3974706 41.23000754 -16.13319429 1


mesh: pSphereShape15 tranform: pSphere15 -2.936427389 -0.118580568 1.799363029 0 0.3735427881 8.54091281 1.172452436 0 -2.227148165 0.5909904683 -3.595593986 0 134.6442946 27.72056523 -18.27618039 1


mesh: pSphereShape16 tranform: pSphere16 -1.948888531 -0.005332484715 1.174680705 0 -0.8714767961 8.068079326 -1.409223984 0 -0.9548375719 -0.3801368965 -1.585876961 0 135.3957768 11.86331714 -19.27198703 1


mesh: pSphereShape17 tranform: pSphere17 -2.262223148 0.09607133451 1.176213968 0 0.001545053306 2.3546715 -0.1893543046 0 -2.924156098 -0.4474091581 -5.587512642 0 134.5285349 1.084715898 -21.79861917 1


mesh: pSphereShape18 tranform: pSphere18 -2.875643728 0.303110083 -0.2555289138 0 0.7588260983 8.037656455 0.9947258063 0 0.3308878242 0.3746074126 -3.279347921 0 126.9845987 27.66041725 -15.0849132 1


mesh: pSphereShape19 tranform: pSphere19 -1.949431029 0.1861207385 -0.1357727783 0 1.125907538 8.784300893 -4.124085324 0 0.05069880208 -0.9770829622 -2.06734534 0 124.8723658 12.0411147 -13.26012993 1


mesh: pSphereShape20 tranform: pSphere20 -2.545007629 -0.29558648 -0.5511974159 0 -0.1048893393 1.795193214 -0.4783960642 0 1.379084249 -1.41419644 -5.609174677 0 125.4803266 2.17839179 -13.92090046 1


mesh: pSphereShape21 tranform: pSphere21 -5.508121904 0.5436449695 2.304834825 0 0.8921346597 2.827003726 1.465224349 0 -1.734158934 3.07062784 -4.868587572 0 131.6748074 37.54044638 -14.35543413 1


