mesh: pSphereShape1 tranform: pSphere1 -3.085567416 1.259358274 0.09033422097 0 0.5703017578 1.304190933 1.298078161 0 0.8142168229 2.177510034 -2.545484723 0 -19.33045716 35.53233377 -6.789497691 1


mesh: pSphereShape2 tranform: pSphere2 -4.872019468 3.323129417 -0.1315078442 0 1.724776825 2.5606593 0.8079820727 0 0.4819281462 0.5916390362 -2.903782865 0 -26.60484157 38.89152139 -6.933348915 1


mesh: pSphereShape3 tranform: pSphere3 -1.740337822 6.005633691 -2.316481845 0 2.532282337 1.19157075 1.186761174 0 1.476879486 -0.5676921339 -2.581336973 0 -32.41063449 46.6054429 -8.657566639 1


mesh: pSphereShape4 tranform: pSphere4 -1.617346854 0.07667545629 -3.771122488 0 0.9895655223 3.208044031 -0.3591748739 0 3.40944644 -1.218176525 -1.487000682 0 -34.55469214 52.58561242 -13.58166754 1


mesh: pSphereShape5 tranform: pSphere5 -1.472605376 0.04195337276 -3.977214908 0 0.8729845019 3.008089453 -0.2915010125 0 3.593388163 -1.172976413 -1.342862573 0 -36.75662741 53.0767987 -19.91665633 1


mesh: pSphereShape6 tranform: pSphere6 -3.136870823 -4.568855907 -2.428200129 0 0.8528700234 0.5813988642 -2.195729529 0 1.857177732 -1.453881716 0.3364011949 0 -40.52954411 47.41742877 -23.69492486 1


mesh: pSphereShape7 tranform: pSphere7 -1.821049682 -4.6027578 -2.843397735 0 1.031619571 0.7579411797 -1.887618501 0 2.40455766 -1.412736757 0.7468762239 0 -44.20677466 38.27543076 -27.93859022 1


mesh: pSphereShape8 tranform: pSphere8 -3.421787422 -2.54619253 -0.535803215 0 0.3869921539 -0.3396817505 -0.8572358959 0 1.215881559 -1.908663668 1.305212304 0 -47.73547059 31.66775982 -30.58868488 1


mesh: pSphereShape10 tranform: pSphere10 -0.7678985428 -0.7554551026 -4.024593564 0 -0.4627443448 3.43924626 -0.5572874361 0 4.936465689 0.4964709573 -1.035077521 0 -35.86447506 62.41299827 -18.36759905 1


mesh: pSphereShape11 tranform: pSphere11 -0.2322380772 -0.1992132571 -0.9520396807 0 2.099202549 3.066054272 -1.153642483 0 2.106750431 -1.516384588 -0.1966133979 0 -33.90443192 58.30086415 -17.50888434 1


mesh: pSphereShape12 tranform: pSphere12 -1.797059145 -0.03506730995 -6.956641704 0 0.8227672033 3.665997318 -0.2310192274 0 5.587637215 -1.344576883 -1.436636281 0 -36.34178174 48.63176941 -15.66222094 1


mesh: pSphereShape13 tranform: pSphere13 -1.111258304 0.3217360945 -4.83824169 0 1.252939078 4.527107321 0.01326822393 0 4.166061448 -1.149986116 -1.033342842 0 -36.63280251 43.44525016 -15.92259576 1


mesh: pSphereShape14 tranform: pSphere14 -0.9825069473 0.2503157073 -4.927594305 0 1.208546799 5.352010548 0.03090487378 0 4.145906686 -0.9311478265 -0.8739483776 0 -37.42981285 39.13623669 -15.96738114 1


mesh: pSphereShape15 tranform: pSphere15 -0.5309355935 0.5186684056 -3.365035654 0 2.734515884 8.14281372 0.8236371559 0 3.996663881 -1.258749268 -0.8246107534 0 -40.19716713 26.31093232 -12.18122517 1


mesh: pSphereShape16 tranform: pSphere16 -0.2699247323 0.4299878507 -2.218179611 0 5.834429839 5.798898068 0.4141228236 0 1.31491313 -1.293634863 -0.4107759554 0 -47.38740111 12.40033344 -12.70130183 1


mesh: pSphereShape17 tranform: pSphere17 -0.1549108263 0.1296975159 -2.543529784 0 1.14678467 2.064936692 0.03544986941 0 5.513967833 -3.053802479 -0.4915389302 0 -50.59363423 2.394927816 -13.24112746 1


mesh: pSphereShape18 tranform: pSphere18 -0.01539561912 -0.06921755907 -2.901976827 0 -5.029218371 6.392210764 -0.1257850484 0 2.607182168 2.05002598 -0.06272861186 0 -33.75576708 26.8098372 -19.07368266 1


mesh: pSphereShape19 tranform: pSphere19 -0.03540791801 -0.05405348482 -1.961932979 0 -2.923345628 9.319448647 -0.2040024292 0 2.181985608 0.6831761258 -0.05820158948 0 -25.77422599 12.64968989 -19.20681783 1


mesh: pSphereShape20 tranform: pSphere20 -0.193994102 -0.3019249216 -2.596047268 0 -0.8610751839 1.64469454 -0.126935579 0 5.253396683 2.695904455 -0.7061076028 0 -18.27653293 5.842212063 -18.93378645 1


mesh: pSphereShape21 tranform: pSphere21 -1.170925843 0.2983196519 -5.87257681 0 -1.469095875 2.929397168 0.4417309731 0 5.256219619 2.772795247 -0.9071765676 0 -39.40661188 35.5405246 -15.8519316 1


