mesh: pSphereShape1 tranform: pSphere1 -0.7568244744 3.152923569 0.7753447583 0 0.7893359446 0.5960016962 -1.653147223 0 -3.045721871 -0.3430570135 -1.577935877 0 142.9164689 30.55521204 -21.48973977 1


mesh: pSphereShape2 tranform: pSphere2 -1.227317544 5.724869429 0.7187619938 0 1.160846555 0.6140454969 -2.908616437 0 -2.726046845 -0.4362592463 -1.180081729 0 141.010073 38.0666578 -19.4522083 1


mesh: pSphereShape3 tranform: pSphere3 -2.347075773 6.241280532 0.01235071931 0 1.26733231 0.4819728391 -2.720710894 0 -2.537269881 -0.951485155 -1.350439001 0 138.2675779 48.35629772 -18.45214582 1


mesh: pSphereShape4 tranform: pSphere4 -3.710013596 0.1810085359 1.745305077 0 -0.1395117087 3.312194697 -0.6400748292 0 -1.665589477 -0.7395399623 -3.463862358 0 133.4260761 54.684802 -17.51272063 1


mesh: pSphereShape5 tranform: pSphere5 -4.044688451 0.1666726329 1.265417193 0 -0.0492789028 3.094181445 -0.5650572639 0 -1.205537216 -0.7059058753 -3.760315008 0 127.1172436 55.39017126 -15.40971085 1


mesh: pSphereShape6 tranform: pSphere6 -2.293401772 -5.509872193 0.9960800447 0 -2.243931935 0.9189577244 -0.0832241009 0 -0.07413331016 -0.3937107251 -2.348519332 0 123.3040592 48.94404201 -13.89800281 1


mesh: pSphereShape7 tranform: pSphere7 -3.003749284 -4.825493272 -0.5278417472 0 -1.920727623 1.21586337 -0.1851999976 0 0.3404947493 0.1014624142 -2.865190305 0 118.8420303 39.26298972 -14.67824849 1


mesh: pSphereShape8 tranform: pSphere8 -0.2735912908 -4.093852829 1.282313325 0 -0.9849715546 0.0118531276 -0.1723094307 0 0.4194631428 -0.7962418546 -2.45254841 0 115.8464052 31.9032021 -14.89989018 1


mesh: pSphereShape10 tranform: pSphere10 -3.105472743 -0.2317919225 2.767678717 0 -0.5293966438 3.461265773 -0.3041297368 0 -3.291251985 -0.8340174546 -3.762796518 0 128.7238925 64.42880281 -17.80520789 1


mesh: pSphereShape11 tranform: pSphere11 -0.8397363649 -0.00108467198 0.5429932421 0 -1.627528421 2.485808336 -2.511999059 0 -0.9012575186 -2.002596472 -1.397790642 0 129.3581993 59.92049025 -19.04490198 1


mesh: pSphereShape12 tranform: pSphere12 -6.793244669 0.2770938953 2.323910698 0 0.0006836881198 3.738043899 -0.443710976 0 -1.929594293 -0.6598526046 -5.561902628 0 131.1115257 50.72734372 -16.05638575 1


mesh: pSphereShape13 tranform: pSphere13 -4.716574909 0.2504057432 1.561476823 0 0.01170966815 4.643439125 -0.7092736068 0 -1.412595951 -0.6326929909 -4.165405831 0 130.5969151 45.552852 -16.2957189 1


mesh: pSphereShape14 tranform: pSphere14 -4.781887109 0.3614799572 1.520543132 0 0.1523562993 5.424530623 -0.8104396701 0 -1.342328002 -0.5726520288 -4.0852894 0 130.4482595 41.15808329 -15.88189938 1


mesh: pSphereShape15 tranform: pSphere15 -2.943028587 -0.1734982522 1.784055931 0 0.2607649941 8.532635994 1.259958404 0 -2.217678958 0.5993710391 -3.600056832 0 133.7324374 27.58698855 -17.91442478 1


mesh: pSphereShape16 tranform: pSphere16 -1.955434772 -0.03464364067 1.163247338 0 -1.02527067 8.036504228 -1.48415225 0 -0.9374066427 -0.4128738307 -1.588089597 0 134.7381628 11.78097311 -18.93591137 1


mesh: pSphereShape17 tranform: pSphere17 -2.254086015 0.1276240449 1.188768652 0 0.01887690035 2.352233743 -0.2167380737 0 -2.962057305 -0.4889059642 -5.564022721 0 134.0090898 1.009877103 -21.3452268 1


mesh: pSphereShape18 tranform: pSphere18 -2.863521655 0.2671331969 -0.3941841967 0 0.6467889124 8.071890949 0.771659491 0 0.4759477307 0.2746027157 -3.271392266 0 125.9403406 27.56810119 -14.93929813 1


mesh: pSphereShape19 tranform: pSphere19 -1.9418298 0.1688044419 -0.232720011 0 1.240781461 8.858587209 -3.927541694 0 0.1668031385 -0.9440326031 -2.076573474 0 123.8749547 11.84294733 -13.03379156 1


mesh: pSphereShape20 tranform: pSphere20 -2.523309978 -0.2949288916 -0.6435662281 0 -0.1190987245 1.820312483 -0.3672345329 0 1.560642777 -1.036524881 -5.643994665 0 124.5446441 2.190572928 -13.92078392 1


mesh: pSphereShape21 tranform: pSphere21 -5.698926819 0.4308022704 1.812143164 0 0.7269549627 2.787580636 1.623473866 0 -1.319627182 3.204815547 -4.911919065 0 130.6023313 37.41808359 -14.197004 1


