mesh: pSphereShape1 tranform: pSphere1 -0.5010027845 3.222815277 0.690889075 0 -0.9143439165 0.2183330269 -1.681508515 0 -2.98972874 -0.7912536354 1.522967895 0 143.8839551 30.02237884 -28.48770957 1


mesh: pSphereShape2 tranform: pSphere2 -1.220523442 5.729956031 0.6891904984 0 -1.364584658 0.05625720239 -2.884338748 0 -2.642014835 -0.7114408987 1.236064674 0 142.8338001 37.74323519 -26.62324633 1


mesh: pSphereShape3 tranform: pSphere3 -2.25678325 6.165072869 1.166750095 0 -1.176854396 0.09930352107 -2.801044325 0 -2.596693376 -1.149305911 1.050251102 0 140.3352358 48.05626569 -25.01500435 1


mesh: pSphereShape4 tranform: pSphere4 -1.107562234 0.5045480314 3.919412197 0 -0.5398551368 3.282915442 -0.5751657575 0 -3.716459219 -0.7776075602 -0.9501091813 0 137.2929202 54.57620626 -21.34592308 1


mesh: pSphereShape5 tranform: pSphere5 -1.655961469 0.4803817852 3.874995492 0 -0.4586025191 3.05852383 -0.575145763 0 -3.646445028 -0.8206574097 -1.45655488 0 134.7788553 55.77768729 -15.2587792 1


mesh: pSphereShape6 tranform: pSphere6 -1.410172271 -5.375478773 2.39294815 0 -1.648219004 1.066908431 1.425384368 0 -1.657799832 -0.3138753126 -1.682031194 0 132.8139832 49.61014693 -11.31519115 1


mesh: pSphereShape7 tranform: pSphere7 -3.257580926 -4.456857131 1.45296353 0 -1.409189709 1.396697858 1.12482747 0 -1.561709576 0.3585123282 -2.401682512 0 128.0023566 40.42937129 -8.959196695 1


mesh: pSphereShape8 tranform: pSphere8 0.1347277687 -4.247550501 0.6472818651 0 -0.8227654577 0.06003353337 0.5652017131 0 -1.4826132 -0.3699326303 -2.1189507 0 124.6472528 33.37641391 -7.520732713 1


mesh: pSphereShape10 tranform: pSphere10 -0.5673930758 0.3675875956 4.111043468 0 -0.3844009625 3.474629193 -0.363736615 0 -4.990280315 -0.6183903845 -0.6334493622 0 134.4371984 64.66523082 -19.62118409 1


mesh: pSphereShape11 tranform: pSphere11 -0.2243664172 0.1294326531 0.9658710572 0 -2.771701074 2.546654093 -0.9851178664 0 -1.731020087 -1.939022034 -0.1422653756 0 133.7749642 60.06839389 -20.18249032 1


mesh: pSphereShape12 tranform: pSphere12 -2.574581195 0.8208490066 6.657571154 0 -0.3538378527 3.700393386 -0.5930764277 0 -5.50250726 -0.8504011391 -2.02305022 0 136.8853773 50.85162602 -18.32808992 1


mesh: pSphereShape13 tranform: pSphere13 -1.742191678 0.6370412023 4.615835617 0 -0.5590011143 4.586921524 -0.8440389596 0 -4.128533172 -0.7703117276 -1.451952882 0 136.3884639 45.71496099 -17.64131745 1


mesh: pSphereShape14 tranform: pSphere14 -1.774433987 0.6002081902 4.669078886 0 -0.6185095945 5.372713392 -0.9257181411 0 -4.029761771 -0.7120098093 -1.439939717 0 136.6606899 41.35595345 -16.96473692 1


mesh: pSphereShape15 tranform: pSphere15 -2.080191965 0.04178207368 2.746894632 0 0.7656341929 8.583318179 0.4492481253 0 -3.383499579 0.4362655637 -2.568921515 0 137.9972231 27.78466641 -21.00609309 1


mesh: pSphereShape16 tranform: pSphere16 -1.381073045 0.0721988208 1.807067867 0 -0.8862144579 8.127108592 -1.002006947 0 -1.488087892 -0.3010032389 -1.125262662 0 137.9692557 11.76740287 -21.66820829 1


mesh: pSphereShape17 tranform: pSphere17 -2.231022167 -0.2979494554 1.201719096 0 -0.1657782453 2.340633714 0.2725558755 0 -3.035554186 0.4288590176 -5.529254208 0 137.0425027 1.562673227 -24.91371932 1


mesh: pSphereShape18 tranform: pSphere18 -0.5940054731 0.2465959154 2.830697008 0 1.749896541 7.937375924 -0.3242580737 0 -3.167639351 0.6688118241 -0.7229743663 0 134.1212663 27.89790193 -12.28094792 1


mesh: pSphereShape19 tranform: pSphere19 -0.3555143416 0.1239080417 1.926554662 0 -4.664728731 8.467868405 -1.405418184 0 -1.966447787 -1.131414446 -0.2901080634 0 135.4660643 12.64060512 -10.46902946 1


mesh: pSphereShape20 tranform: pSphere20 0.4068988082 0.7888391758 2.465850746 0 -0.3716323356 1.753521003 -0.4996366103 0 -5.753397845 -0.8695705605 1.227569047 0 134.9335586 3.162327883 -8.741984061 1


mesh: pSphereShape21 tranform: pSphere21 -2.114723583 0.7153122763 5.564484958 0 1.685035497 2.831787443 0.2763547739 0 -4.717971869 3.020267037 -2.181269346 0 138.1314756 37.69428953 -15.83371299 1


