mesh: pSphereShape1 tranform: pSphere1 1.795515975 2.746906356 -0.587790493 0 1.122359032 -0.4103018873 1.51100217 0 2.098384426 -1.810325931 -2.050242495 0 -90.47429589 31.1638173 -3.584365303 1


mesh: pSphereShape2 tranform: pSphere2 3.310318137 4.840551291 -0.6386815837 0 1.52857919 -0.6870055218 2.715904131 0 2.026687806 -1.589553019 -1.542758619 0 -86.53838554 37.92950932 -5.267844355 1


mesh: pSphereShape3 tranform: pSphere3 3.966473527 5.160275934 -1.449530941 0 1.482296175 -0.4024963886 2.623259705 0 1.934813927 -1.875128069 -1.380991578 0 -80.69685303 46.80648905 -7.021269434 1


mesh: pSphereShape4 tranform: pSphere4 0.7853139365 -0.0314042472 -4.02807033 0 1.131723633 3.174999622 0.1958878083 0 3.610725278 -1.331109099 0.7143259987 0 -76.27557919 52.03112184 -11.12998427 1


mesh: pSphereShape5 tranform: pSphere5 1.346247589 -0.1285341704 -4.019908146 0 1.056582031 2.951607625 0.2594682608 0 3.557384563 -1.382044206 1.235540743 0 -74.16760558 52.26100798 -17.47049443 1


mesh: pSphereShape6 tranform: pSphere6 2.01091768 -5.493538927 -1.545250423 0 1.584550129 1.011480668 -1.533866953 0 1.621150163 0.1032075277 1.742775743 0 -71.99108835 45.83381709 -20.52597291 1


mesh: pSphereShape7 tranform: pSphere7 4.800551007 -3.069246253 0.347777888 0 1.058192451 1.501978673 -1.351334962 0 0.803906425 1.520157835 2.319138072 0 -65.28630466 38.15495053 -20.4061372 1


mesh: pSphereShape8 tranform: pSphere8 1.891574818 -3.780804338 0.7786359298 0 0.8007719414 0.2930522928 -0.5223836249 0 1.061617247 0.9794446777 2.176832806 0 -59.29232757 33.09527567 -19.26793525 1


mesh: pSphereShape10 tranform: pSphere10 0.6044225824 0.1364279719 -4.119926539 0 -0.2286365087 3.506283618 0.08256508722 0 5.0037228 0.3087542666 0.7443059351 0 -75.20287603 62.10413817 -13.85276202 1


mesh: pSphereShape11 tranform: pSphere11 0.165925879 0.05121396758 -0.9848074595 0 2.334837392 3.062894389 0.5526693723 0 2.037060865 -1.599765123 0.2600211777 0 -73.71495505 57.75842025 -13.10282387 1


mesh: pSphereShape12 tranform: pSphere12 1.368819065 -0.08859232944 -7.052942709 0 0.9739882032 3.633268208 0.1433917684 0 5.609846169 -1.547595267 1.108185587 0 -76.75264132 48.04189647 -13.76805758 1


mesh: pSphereShape13 tranform: pSphere13 0.6966368366 -0.4660102786 -4.903521522 0 1.580419109 4.419141128 -0.1954487231 0 4.138093081 -1.447821065 0.725488316 0 -77.24914684 42.84220683 -13.79398843 1


mesh: pSphereShape14 tranform: pSphere14 0.420933758 -0.4015246082 -4.99707477 0 1.703469261 5.208465765 -0.2750167891 0 4.107755655 -1.319604163 0.4520537861 0 -78.41621891 38.60211335 -13.61268125 1


mesh: pSphereShape15 tranform: pSphere15 -0.358767424 -0.09996971954 -3.425735901 0 -4.643940858 7.26773455 0.274259704 0 3.571817143 2.298969282 -0.4411545413 0 -74.77774929 27.02919302 -9.895221971 1


mesh: pSphereShape16 tranform: pSphere16 -0.2540931844 0.0471729035 -2.260814249 0 -0.9502608598 8.176755784 0.2774116094 0 1.865250783 0.2237238423 -0.2049676607 0 -68.43607734 12.67444583 -9.645431504 1


mesh: pSphereShape17 tranform: pSphere17 -0.1359417876 0.1648029535 -2.542581835 0 -0.3496539612 2.330079668 0.1697237783 0 6.243555392 0.9567123325 -0.271806812 0 -62.59282522 2.811826248 -9.934594214 1


mesh: pSphereShape18 tranform: pSphere18 -0.1061429186 -0.3967839169 -2.87363773 0 2.295819209 7.718463579 -1.150544179 0 3.180046577 -0.9439693459 0.01287999152 0 -82.49500018 25.3740333 -16.45025936 1


mesh: pSphereShape19 tranform: pSphere19 -0.1310361901 -0.2816161089 -1.938266855 0 8.130696011 5.25426409 -1.31308072 0 1.258724574 -1.900084248 0.1909725996 0 -91.10785206 12.63144054 -14.58485309 1


mesh: pSphereShape20 tranform: pSphere20 -0.2208434636 -0.1458850447 -2.60733571 0 1.346421812 1.271002796 -0.1851578814 0 4.074089181 -4.330808556 -0.1027622815 0 -95.57389543 3.701099039 -12.76225249 1


mesh: pSphereShape21 tranform: pSphere21 0.5016577406 -0.4785264283 -5.955381793 0 -1.221657587 3.053036005 -0.3482249287 0 5.563602971 2.258999689 0.2871408589 0 -80.71232715 35.19948513 -13.62739738 1


