mesh: pSphereShape1 tranform: pSphere1 1.293718277 2.915689956 0.9694920902 0 -0.8101456994 0.8645516754 -1.519006037 0 -2.827141891 0.6332259228 1.868230479 0 11.42881139 33.35844596 -27.87919263 1


mesh: pSphereShape2 tranform: pSphere2 1.727459041 5.394778892 1.645996083 0 -2.547135285 1.25899242 -1.453171051 0 -1.580789477 -0.2682987537 2.538378779 0 14.65322075 40.24757145 -25.36054534 1


mesh: pSphereShape3 tranform: pSphere3 0.1561242903 6.080730187 2.731820914 0 -2.42374822 0.8032857206 -1.649507014 0 -1.825973284 -0.9505375336 2.22014592 0 16.66832998 50.03718949 -21.88471738 1


mesh: pSphereShape4 tranform: pSphere4 -0.1578825952 -0.5102954869 4.069118626 0 -0.7567630919 3.268380498 0.3805148582 0 -3.811453294 -0.8528376593 -0.2548368435 0 16.1436786 55.65753892 -16.50650184 1


mesh: pSphereShape5 tranform: pSphere5 -0.4066740099 -0.552829501 4.185398535 0 -0.6786009049 3.053094248 0.3373325639 0 -3.898053388 -0.8126985658 -0.4860996456 0 15.40449779 55.21536496 -9.837697929 1


mesh: pSphereShape6 tranform: pSphere6 -0.3600009452 -5.821995401 1.607895393 0 -1.325817254 0.6166899776 1.936115224 0 -1.990237929 -0.2328461199 -1.288713547 0 15.00111941 48.21394904 -6.852519846 1


mesh: pSphereShape7 tranform: pSphere7 -2.682177123 -4.892170193 1.207935705 0 -1.16744327 1.048707018 1.655024827 0 -2.076374569 0.6716633749 -1.890260231 0 11.42301136 38.37098037 -5.303626979 1


mesh: pSphereShape8 tranform: pSphere8 0.1096367364 -4.290455557 0.2424490615 0 -0.7065681572 0.02191369979 0.7073056122 0 -1.847492708 -0.1512363668 -1.840880869 0 8.515137819 31.05029424 -4.332615713 1


mesh: pSphereShape10 tranform: pSphere10 -0.4800582501 -0.6140470943 4.092703774 0 0.3937412821 3.446845398 0.5633303263 0 -5.002315297 0.6513497443 -0.4890271617 0 15.93659067 65.17933128 -11.75140614 1


mesh: pSphereShape11 tranform: pSphere11 -0.1015659351 -0.1663749105 0.9808178985 0 -2.240305789 3.166411136 0.3051255665 0 -2.111843139 -1.449410323 -0.46454784 0 14.18946934 61.09238291 -13.10411551 1


mesh: pSphereShape12 tranform: pSphere12 -0.6759087946 -0.9449364575 7.090539999 0 -0.5783106267 3.693821818 0.4371376038 0 -5.827062123 -0.833414551 -0.6665340482 0 16.56399385 51.31561278 -14.48007461 1


mesh: pSphereShape13 tranform: pSphere13 -0.5101792992 -0.5982310851 4.912110385 0 -1.103665416 4.544674147 0.4388537572 0 -4.295178172 -0.9883744826 -0.5664749184 0 16.50921418 46.10531082 -14.96487482 1


mesh: pSphereShape14 tranform: pSphere14 -0.5368503886 -0.3076723154 4.992623849 0 -1.21328779 5.347322905 0.1990675099 0 -4.205335986 -0.9351956258 -0.5098261233 0 17.26149122 41.76286224 -15.25068357 1


mesh: pSphereShape15 tranform: pSphere15 0.1283497324 -0.0619364812 3.442973234 0 1.313202912 8.527951539 0.1044568294 0 -4.217827923 0.647426642 0.1688820603 0 16.73844054 28.50802142 -19.40667301 1


mesh: pSphereShape16 tranform: pSphere16 -0.1264642495 0.2520722948 2.257993811 0 -6.974845247 4.293484873 -0.8699479796 0 -0.9996104986 -1.599059332 0.122526272 0 20.66398498 15.91518983 -19.59536493 1


mesh: pSphereShape17 tranform: pSphere17 -0.6613613141 -0.743348963 2.349552319 0 -2.149501557 0.9290800051 -0.3111088482 0 -2.04712673 -5.513229383 -2.32050324 0 28.2742586 6.538229371 -20.39481406 1


mesh: pSphereShape18 tranform: pSphere18 -0.1550520178 -0.1016895352 2.89691486 0 1.8103367 7.921571888 0.3749634954 0 -3.229168231 0.7449132618 -0.1466867987 0 16.0028943 28.20218276 -11.65408578 1


mesh: pSphereShape19 tranform: pSphere19 -0.06400826897 -0.103141832 1.95923996 0 -4.007228031 8.903241817 0.3377845267 0 -2.084577254 -0.9337910292 -0.117261338 0 16.8420305 12.58268877 -11.912603 1


mesh: pSphereShape20 tranform: pSphere20 0.4351238785 0.230471142 2.574063723 0 -0.4371901467 1.80657973 -0.0878504363 0 -5.695406417 -1.325692408 1.081457754 0 15.74625148 2.541548241 -12.0010803 1


mesh: pSphereShape21 tranform: pSphere21 -0.6398041209 -0.3666757433 5.950077304 0 1.495971009 2.929210062 0.3413734964 0 -5.32271882 2.765197479 -0.4019387434 0 19.22891175 38.16114833 -15.16629309 1


