mesh: pSphereShape1 tranform: pSphere1 1.320122012 3.034750132 0.4030376199 0 -1.08948949 0.6655254059 -1.442655046 0 -2.493927571 0.7865435059 2.246256007 0 57.93356546 31.28169843 -30.26707351 1


mesh: pSphereShape2 tranform: pSphere2 1.46390556 5.673429342 0.6828156041 0 -2.728396768 0.8732668337 -1.406386253 0 -1.367634504 0.03123112837 2.672610502 0 61.00044453 38.59150349 -29.07711437 1


mesh: pSphereShape3 tranform: pSphere3 -0.06256736628 6.425246395 1.781795162 0 -2.588254156 0.4025732408 -1.542586134 0 -1.58760531 -0.7032637902 2.48025752 0 62.58312584 48.89689918 -27.26358524 1


mesh: pSphereShape4 tranform: pSphere4 0.8676896756 0.5257429935 3.976652326 0 -0.7960185739 3.270961946 -0.2587574027 0 -3.71256708 -0.8307167581 0.919894258 0 62.69415878 55.61057298 -22.85936613 1


mesh: pSphereShape5 tranform: pSphere5 0.3554123394 0.5064109492 4.195926016 0 -0.753035684 3.039209257 -0.3030202786 0 -3.880268146 -0.9176157683 0.4394228699 0 63.31364867 56.84132353 -16.31274715 1


mesh: pSphereShape6 tranform: pSphere6 -1.211065653 -4.874541856 3.373828745 0 -1.332486444 1.36730843 1.497193245 0 -1.933042606 -0.4353180298 -1.322834619 0 62.42041242 51.17586046 -11.41019316 1


mesh: pSphereShape7 tranform: pSphere7 -4.815298166 -2.83340437 1.17099754 0 -0.8157687163 1.833966551 1.083007602 0 -1.156703885 0.9446127175 -2.470888447 0 56.21003117 43.94520257 -8.352004497 1


mesh: pSphereShape8 tranform: pSphere8 -2.188025936 -3.660343501 0.5415151033 0 -0.7002402754 0.4947239117 0.5146958403 0 -1.307757957 0.4539623824 -2.215543139 0 49.99946064 39.16164439 -7.282596038 1


mesh: pSphereShape10 tranform: pSphere10 0.2418684106 0.1576672034 4.15624526 0 0.6344752329 3.452877738 -0.1679075822 0 -4.976236264 0.9267688069 0.2544299588 0 63.86857785 66.015758 -20.27997033 1


mesh: pSphereShape11 tranform: pSphere11 0.08854410495 0.05711237951 0.9944335662 0 -2.048013724 3.308143369 -0.007638919019 0 -2.201314476 -1.362162061 0.2742362545 0 61.71228486 61.86952436 -20.55862442 1


mesh: pSphereShape12 tranform: pSphere12 0.8898288408 0.8593756059 7.077795793 0 -0.6082302726 3.69611869 -0.3723098938 0 -5.79991778 -0.8703355878 0.8348473819 0 63.78332791 51.906137 -19.99105221 1


mesh: pSphereShape13 tranform: pSphere13 0.6996797787 0.6179333464 4.886266301 0 -1.168159601 4.531606219 -0.4058094304 0 -4.258461109 -1.031460373 0.740224266 0 63.83501479 46.73681701 -19.15851858 1


mesh: pSphereShape14 tranform: pSphere14 0.7620683111 0.5494786897 4.942316112 0 -1.350890473 5.304259588 -0.3814217351 0 -4.152921975 -1.003597388 0.7519279482 0 64.68462049 42.40688648 -18.77020053 1


mesh: pSphereShape15 tranform: pSphere15 0.8679156577 0.1501162999 3.331450432 0 0.775363789 8.574032198 -0.5883480491 0 -4.115039882 0.4443203052 1.052036612 0 63.86943407 28.96047842 -22.06146558 1


mesh: pSphereShape16 tranform: pSphere16 0.5400381353 0.2019166395 2.201285575 0 -2.747763664 7.764510974 -0.03810809425 0 -1.724129817 -0.6077984575 0.4787295595 0 64.5944934 13.24414349 -22.07193101 1


mesh: pSphereShape17 tranform: pSphere17 0.1770982052 0.1247115653 2.542330785 0 -0.6903677211 2.258273261 -0.06268653542 0 -6.030317252 -1.829352706 0.5098076965 0 63.64073384 1.845890362 -21.92191375 1


mesh: pSphereShape18 tranform: pSphere18 0.6342438134 0.1169262257 2.830293384 0 1.809745829 7.896741963 -0.7317814968 0 -3.151820165 0.7847694982 0.6738744174 0 64.28787666 28.99556408 -13.96745907 1


mesh: pSphereShape19 tranform: pSphere19 0.5389266286 -0.02068648923 1.887455078 0 -8.303356299 4.542512156 2.420650164 0 -1.028531202 -2.024746171 0.2714861769 0 68.50642388 16.76433537 -14.53826702 1


mesh: pSphereShape20 tranform: pSphere20 0.9680476131 1.140434425 2.151870565 0 -1.61152258 0.8961361464 0.2500364493 0 -2.003811659 -4.523932488 3.299005785 0 74.63887729 8.120354913 -14.79425517 1


mesh: pSphereShape21 tranform: pSphere21 0.9082128954 0.6548541968 5.890121871 0 1.406728423 2.942759037 -0.5440782161 0 -5.363744459 2.662220805 0.53106803 0 66.76141093 38.87012591 -18.60145668 1


