mesh: pSphereShape1 tranform: pSphere1 0.912739653 3.096131661 0.8341132246 0 -1.475909597 0.7086107669 -1.015247082 0 -2.004447597 -0.1633978104 2.799907578 0 134.0452576 31.71510555 -26.47804665 1


mesh: pSphereShape2 tranform: pSphere2 0.8672669329 5.687255438 1.303852285 0 -2.703062441 0.7599330955 -1.516779914 0 -1.533792767 -0.3522931401 2.556876162 0 136.2869441 39.10815337 -24.34630055 1


mesh: pSphereShape3 tranform: pSphere3 0.02198511854 6.248555352 2.327567952 0 -2.511429718 0.6056060712 -1.602079533 0 -1.705826243 -0.8678746623 2.345996237 0 137.4607372 49.3489707 -21.5057027 1


mesh: pSphereShape4 tranform: pSphere4 0.9470422918 -0.2954391476 3.982321106 0 -0.481650744 3.322269519 0.3610136051 0 -3.76721908 -0.6383632268 0.8485298431 0 137.8188554 55.29952698 -16.45042815 1


mesh: pSphereShape5 tranform: pSphere5 0.2090690902 -0.3630880804 4.220547627 0 -0.4186289808 3.104447275 0.2878086659 0 -3.970832792 -0.5493140544 0.1494424586 0 138.3969679 55.19533463 -9.799562789 1


mesh: pSphereShape6 tranform: pSphere6 -0.7497483691 -5.708338474 1.860996499 0 -0.8468390495 0.8045140346 2.126560809 0 -2.213010457 0.002989503555 -0.8823960084 0 137.7536203 48.38001121 -6.503577559 1


mesh: pSphereShape7 tranform: pSphere7 -2.575557854 -4.704694296 1.954191729 0 -0.7428432648 1.161364496 1.816929764 0 -2.39884728 0.7158092355 -1.438296091 0 133.7363757 38.87114092 -3.861911341 1


mesh: pSphereShape8 tranform: pSphere8 0.172387999 -4.29514357 -0.02889177108 0 -0.5414594452 -0.02738402295 0.8402807772 0 -2.193864745 -0.07852549514 -1.416239862 0 130.9118873 31.62288616 -2.262397851 1


mesh: pSphereShape10 tranform: pSphere10 0.6423021951 -0.5257529613 4.082739968 0 -0.1239179144 3.481226075 0.4677882209 0 -5.004410444 -0.2791008786 0.7513595585 0 137.3129873 64.86289842 -11.90271371 1


mesh: pSphereShape11 tranform: pSphere11 0.1397198644 -0.1204593534 0.9828366617 0 -2.486098611 2.907534724 0.7097792957 0 -1.969128392 -1.701148763 0.07143310248 0 136.155714 60.64116408 -12.91008414 1


mesh: pSphereShape12 tranform: pSphere12 0.745078862 -0.5929192967 7.121714631 0 -0.4083030684 3.725401907 0.3528757883 0 -5.856897496 -0.6944786132 0.5549338825 0 138.6974532 51.05110161 -14.36860609 1


mesh: pSphereShape13 tranform: pSphere13 0.3712570277 -0.5137086431 4.934091956 0 -0.5969508768 4.629337258 0.5268958894 0 -4.395161644 -0.597315778 0.2685171623 0 138.2793824 45.87486858 -14.63901732 1


mesh: pSphereShape14 tranform: pSphere14 0.3052648246 -0.2923704849 5.013032653 0 -0.5257677706 5.450385289 0.3498940298 0 -4.310135926 -0.4310097469 0.2373250766 0 138.5013159 41.50420098 -14.9999337 1


mesh: pSphereShape15 tranform: pSphere15 0.1326659986 0.002136725062 3.443366033 0 0.55486386 8.611200998 -0.02672133493 0 -4.258557904 0.2749093404 0.1639031185 0 138.0450371 27.89896584 -19.1982955 1


mesh: pSphereShape16 tranform: pSphere16 0.06495037604 0.07427143025 2.273397216 0 -2.292488614 7.908639715 -0.192877858 0 -1.814291225 -0.5242293503 0.06896030303 0 138.7751173 12.02874983 -19.82723679 1


mesh: pSphereShape17 tranform: pSphere17 -0.5330190955 -0.1023908744 2.493144465 0 -0.1474365246 2.356764257 0.06526884911 0 -6.170181083 -0.3490697674 -1.333483055 0 136.9698151 1.488730764 -20.91344228 1


mesh: pSphereShape18 tranform: pSphere18 0.6547447514 -0.06929612504 2.827190293 0 -0.07638810309 8.131192872 0.2169910066 0 -3.231586923 -0.05029803137 0.7471655243 0 139.7747097 27.63394569 -11.3205217 1


mesh: pSphereShape19 tranform: pSphere19 0.4573147413 -0.01483680477 1.908926298 0 -2.020513768 9.541782658 0.5582092397 0 -2.173360453 -0.4904551516 0.5168523201 0 141.3375904 11.25180013 -11.53703046 1


mesh: pSphereShape20 tranform: pSphere20 1.110394259 0.162741079 2.368289197 0 -0.02867110278 1.857074733 -0.1141693837 0 -5.385877327 0.071790517 2.520285109 0 138.3425504 1.78686484 -10.52763232 1


mesh: pSphereShape21 tranform: pSphere21 0.3638065592 -0.3484394257 5.974399977 0 1.865035597 2.730255247 0.04566423205 0 -4.950778111 3.373540376 0.4982257687 0 140.018081 37.69615542 -15.21998175 1


