mesh: pSphereShape1 tranform: pSphere1 -3.014728745 1.402184059 0.2452759036 0 0.6734016649 1.214233052 1.335415024 0 0.8452105864 2.249573217 -2.471645376 0 -25.27773004 37.06185686 -6.924548903 1


mesh: pSphereShape2 tranform: pSphere2 -4.744261778 3.50395083 0.1066109293 0 1.860963148 2.498657581 0.691514739 0 0.343953404 0.5548686749 -2.93053975 0 -32.40426982 40.72265151 -6.700548985 1


mesh: pSphereShape3 tranform: pSphere3 -1.943347579 5.993262474 -2.183278501 0 2.600044438 1.210233786 1.007868977 0 1.296919973 -0.555348442 -2.678868163 0 -38.26835296 48.59221076 -8.097536666 1


mesh: pSphereShape4 tranform: pSphere4 -1.672383543 0.1077500617 -3.746275216 0 0.8629005178 3.251170109 -0.2916995634 0 3.431467387 -1.050905246 -1.562075489 0 -40.64066959 54.61582022 -12.8781144 1


mesh: pSphereShape5 tranform: pSphere5 -1.345073527 0.06297815481 -4.021862264 0 0.8135073019 3.030417494 -0.2246166017 0 3.66019136 -1.074547872 -1.240942434 0 -42.73572445 55.14717586 -19.22525309 1


mesh: pSphereShape6 tranform: pSphere6 -2.046559533 -4.914010544 -2.87656969 0 1.16211129 0.6946007197 -2.013372114 0 1.929894797 -1.211216069 0.696066549 0 -45.37165156 49.18118333 -23.43866947 1


mesh: pSphereShape7 tranform: pSphere7 -0.09246928759 -4.881467218 -2.957911293 0 1.241609762 0.9742059836 -1.64655558 0 2.421376104 -0.848168999 1.324044521 0 -46.4820824 39.60652559 -28.0193116 1


mesh: pSphereShape8 tranform: pSphere8 -2.538361732 -3.429197191 -0.525487385 0 0.4772357763 -0.2230050197 -0.8500086911 0 1.700229884 -1.463669856 1.33859367 0 -47.8222659 32.33586943 -30.89790245 1


mesh: pSphereShape10 tranform: pSphere10 -0.7116507162 -0.5708119088 -4.065152022 0 -0.3629679051 3.470134266 -0.4237203395 0 4.966201642 0.4063296158 -0.9264447478 0 -41.6774991 64.55535532 -17.22128772 1


mesh: pSphereShape11 tranform: pSphere11 -0.2221299875 -0.1445710678 -0.9642393246 0 2.219181096 3.04576089 -0.9678878983 0 2.058541255 -1.575512522 -0.2380013029 0 -39.83027421 60.34994442 -16.48758023 1


mesh: pSphereShape12 tranform: pSphere12 -1.961916499 0.0692040183 -6.911700915 0 0.6873084276 3.697630627 -0.1580726452 0 5.595269592 -1.108409202 -1.599339763 0 -42.31379818 50.65000858 -15.02854623 1


mesh: pSphereShape13 tranform: pSphere13 -1.222400355 0.2315915262 -4.816543835 0 1.246809634 4.527742502 -0.09872509402 0 4.142803795 -1.164955443 -1.107424498 0 -42.51190161 45.43377607 -15.30370392 1


mesh: pSphereShape14 tranform: pSphere14 -1.079466658 0.2251344981 -4.908485478 0 1.2130501 5.351038354 -0.02133933257 0 4.127113124 -0.9393845215 -0.9507146137 0 -43.30884245 41.12641019 -15.28572262 1


mesh: pSphereShape15 tranform: pSphere15 -0.6785178919 0.4841291586 -3.343591916 0 1.284606022 8.4779905 0.9668686606 0 4.138413443 -0.5226561054 -0.9154887028 0 -44.22394335 27.83540405 -11.90358092 1


mesh: pSphereShape16 tranform: pSphere16 -0.3877581708 0.4154642597 -2.203429769 0 4.628555024 6.796884194 0.4670457142 0 1.529620959 -1.010060692 -0.459632141 0 -48.7874582 12.82874687 -12.63926549 1


mesh: pSphereShape17 tranform: pSphere17 -0.156711582 0.07749464893 -2.545544859 0 0.8970245379 2.185304214 0.01130416079 0 5.835817363 -2.393253297 -0.4321292911 0 -50.2384086 2.118526722 -13.18731915 1


mesh: pSphereShape18 tranform: pSphere18 -0.3336019858 -0.04445722475 -2.883267394 0 -4.551793435 6.728413035 0.4229093564 0 2.722695186 1.863518792 -0.3437570156 0 -39.78671213 28.65509011 -19.28682148 1


mesh: pSphereShape19 tranform: pSphere19 -0.2521080725 -0.0279264931 -1.946540045 0 -2.756099746 9.369849695 0.2225322582 0 2.174521053 0.6465348096 -0.2909109231 0 -32.50808367 14.07357454 -20.36994857 1


mesh: pSphereShape20 tranform: pSphere20 -0.3384426145 -0.328590093 -2.577933074 0 -0.7568552644 1.695909991 -0.1168017705 0 5.378136652 2.331076866 -1.003191052 0 -25.08090848 6.931049221 -20.77789782 1


mesh: pSphereShape21 tranform: pSphere21 -1.286479867 0.2683093515 -5.849803414 0 -1.457822349 2.932976309 0.4551271017 0 5.239410151 2.763357165 -1.025497898 0 -45.28574843 37.53309148 -15.11219516 1


