mesh: pSphereShape1 tranform: pSphere1 2.432987642 2.237474691 0.4349114294 0 -0.8310388868 1.155924187 -1.297836137 0 -1.82850017 1.500861694 2.507587041 0 90.57555946 37.98272519 -31.80306909 1


mesh: pSphereShape2 tranform: pSphere2 3.508337099 4.600103039 1.152249957 0 -2.452530613 1.987664923 -0.4679187155 0 -0.7085541055 -0.1888800446 2.911446689 0 96.26612177 43.45307418 -30.40439287 1


mesh: pSphereShape3 tranform: pSphere3 0.08549277136 5.712931132 3.437674908 0 -2.755081902 0.692348864 -1.0820691 0 -1.27886969 -1.400860289 2.359837009 0 99.58131899 52.15666098 -26.87443029 1


mesh: pSphereShape4 tranform: pSphere4 -0.1759065203 -0.2436937645 4.093009288 0 -0.9057409121 3.248930978 0.1545118625 0 -3.766811392 -1.039473925 -0.2237766724 0 98.86991448 57.7151783 -20.95896139 1


mesh: pSphereShape5 tranform: pSphere5 -0.6355905254 -0.3084936691 4.182035563 0 -0.8880885487 3.016506539 0.08754409117 0 -3.801011982 -1.099934426 -0.6588203204 0 97.84285909 57.6553401 -14.33720232 1


mesh: pSphereShape6 tranform: pSphere6 -0.2030898121 -5.298753817 2.914193067 0 -1.984516775 0.7302847472 1.189545055 0 -1.368297283 -0.8993475501 -1.730602052 0 97.61074503 51.21392174 -10.07098105 1


mesh: pSphereShape7 tranform: pSphere7 -4.877065881 -1.924539461 -2.2576289 0 -1.160763936 1.589108841 1.152899628 0 0.3035400607 1.827990176 -2.214014934 0 92.7102223 44.5169876 -10.71769438 1


mesh: pSphereShape8 tranform: pSphere8 -2.336335598 -3.309281664 -1.438402409 0 -0.8298543382 0.5527527597 0.07619818925 0 0.3299499654 0.8336201522 -2.453804104 0 86.70161289 40.89674583 -14.41521 1


mesh: pSphereShape10 tranform: pSphere10 -0.2199594999 -0.354597229 4.145312118 0 0.1217686891 3.499254078 0.3057936154 0 -5.058076004 0.1979876524 -0.2514565768 0 97.91679157 67.51565121 -17.0120098 1


mesh: pSphereShape11 tranform: pSphere11 -0.07998817332 -0.06572043366 0.9946269234 0 -2.476324498 3.001007726 -0.0008537311087 0 -1.997025273 -1.647950665 -0.2694904287 0 96.48085372 63.21647558 -18.14263728 1


mesh: pSphereShape12 tranform: pSphere12 -0.9484194075 -0.5250467218 7.102840394 0 -0.7543904112 3.683925234 0.1715868995 0 -5.750876828 -1.137974119 -0.8520158752 0 99.4680336 53.54245898 -18.64062367 1


mesh: pSphereShape13 tranform: pSphere13 -0.6776182317 -0.4971005138 4.903133324 0 -1.300996545 4.505046545 0.2769416788 0 -4.226725032 -1.177374025 -0.7035050747 0 99.64935257 48.32139045 -18.88240661 1


mesh: pSphereShape14 tranform: pSphere14 -0.7041693876 -0.4244326245 4.963181028 0 -1.548553043 5.258767845 0.2300034966 0 -4.117235336 -1.18243363 -0.6852650498 0 100.6464406 44.00702125 -19.13887496 1


mesh: pSphereShape15 tranform: pSphere15 -0.1369890653 -0.1723265733 3.438882379 0 1.447014556 8.493173328 0.483245556 0 -4.206671751 0.7241766812 -0.1312848464 0 100.4101709 31.26178435 -23.98867871 1


mesh: pSphereShape16 tranform: pSphere16 -0.2052429752 0.1216497803 2.262994996 0 -5.225835388 6.314138276 -0.8133820623 0 -1.450703707 -1.209236129 -0.06656816999 0 102.77142 17.00673076 -24.66912982 1


mesh: pSphereShape17 tranform: pSphere17 -0.8588417202 -0.3213172734 2.38107301 0 -1.635045285 1.665452705 -0.3650061879 0 -4.03652366 -4.41241634 -2.051394683 0 106.6938007 5.735960925 -25.32384394 1


mesh: pSphereShape18 tranform: pSphere18 -0.2690161345 -0.2946790481 2.875289929 0 0.2348376629 8.086429295 0.8507233942 0 -3.301554689 0.1270081745 -0.2958814079 0 101.1174537 29.96801065 -16.40422652 1


mesh: pSphereShape19 tranform: pSphere19 -0.1411624078 -0.2180067355 1.945739642 0 -5.134080042 8.292829413 0.5566796012 0 -1.93890848 -1.182042701 -0.2731065599 0 104.5580774 14.56839516 -17.3725074 1


mesh: pSphereShape20 tranform: pSphere20 0.0002842544935 0.123822376 2.617808573 0 -1.166428557 1.448223951 -0.06837435323 0 -4.633443539 -3.723529197 0.1766260965 0 105.671622 3.393411553 -18.3893925 1


mesh: pSphereShape21 tranform: pSphere21 -0.8392104869 -0.5058275974 5.914988126 0 1.297904352 3.009198592 0.4414802838 0 -5.464771747 2.440158256 -0.566661217 0 102.8284432 40.53175665 -19.03113137 1


