mesh: pSphereShape1 tranform: pSphere1 -0.5206718628 3.275288602 -0.3409621647 0 1.573587327 0.1353258461 -1.103029844 0 -1.914380487 -0.5962513811 -2.804215238 0 -137.2296398 30.68915741 -7.322743451 1


mesh: pSphereShape2 tranform: pSphere2 -0.3844908437 5.793352984 -1.042250031 0 2.747630251 -0.1090309126 -1.619662448 0 -1.514616031 -0.556038839 -2.531996348 0 -138.6426892 38.54551055 -8.018406146 1


mesh: pSphereShape3 tranform: pSphere3 -1.027183913 6.336160351 -1.805675809 0 2.675413077 0.02248746214 -1.443037058 0 -1.359655901 -0.9429907256 -2.535518146 0 -139.819899 49.05178114 -9.974546112 1


mesh: pSphereShape4 tranform: pSphere4 -3.979072292 0.1162789987 -0.9982573198 0 0.2391860645 3.319855086 -0.566696788 0 0.9174915108 -0.7043788542 -3.739185721 0 -143.5148102 55.38306441 -12.59251574 1


mesh: pSphereShape5 tranform: pSphere5 -3.976295929 0.1134164516 -1.471316588 0 0.2677109579 3.096607564 -0.4847982794 0 1.353311367 -0.6980135099 -3.711188156 0 -149.7876365 55.99483759 -14.86292044 1


mesh: pSphereShape6 tranform: pSphere6 -2.237809482 -5.224356941 -2.075779854 0 -1.331675181 1.215487437 -1.623536752 0 1.785981264 -0.1410121643 -1.570488277 0 -153.4823445 49.83667493 -17.3746984 1


mesh: pSphereShape7 tranform: pSphere7 -1.127661972 -4.079700015 -3.830266082 0 -1.05148378 1.532163137 -1.322374893 0 2.497717731 0.5624270187 -1.334402025 0 -155.36227 41.20538451 -23.25845051 1


mesh: pSphereShape8 tranform: pSphere8 -0.2239223731 -4.289080511 -0.1801604536 0 -0.7880940369 0.06684758091 -0.6119143648 0 1.602343714 0.003015607199 -2.06335398 0 -156.7261708 34.49595281 -27.29894848 1


mesh: pSphereShape10 tranform: pSphere10 -3.33216309 0.4571088306 -2.458754684 0 0.3214472933 3.493431468 0.2138332753 0 3.006767415 -0.02693892477 -4.07985127 0 -145.1842043 65.45290389 -13.94818149 1


mesh: pSphereShape11 tranform: pSphere11 -0.8682143978 0.06147507839 -0.4923663008 0 1.416345464 2.930604023 -2.131608948 0 0.8777316668 -1.704798633 -1.760603638 0 -144.6224967 61.04273122 -15.14092214 1


mesh: pSphereShape12 tranform: pSphere12 -6.911030389 0.1698183184 -1.958146008 0 0.1771301497 3.748121281 -0.3001064231 0 1.596360577 -0.5302415766 -5.680138838 0 -146.145864 51.37965482 -12.97222991 1


mesh: pSphereShape13 tranform: pSphere13 -4.814865578 -0.02017144558 -1.250461659 0 0.09615713909 4.675133041 -0.445665716 0 1.113433694 -0.4309276365 -4.280292077 0 -146.2454612 46.22256235 -13.58229871 1


mesh: pSphereShape14 tranform: pSphere14 -4.903713806 -0.02489364165 -1.12344769 0 0.07670217366 5.467338535 -0.4559424339 0 0.9670987908 -0.3649212114 -4.213183681 0 -146.2863078 41.80850806 -13.44738222 1


mesh: pSphereShape15 tranform: pSphere15 -3.26663147 0.6750843363 -0.8647279618 0 1.485005895 8.443458594 0.9819037774 0 1.143812718 0.2762374341 -4.105257622 0 -143.5781284 28.39370232 -13.50812773 1


mesh: pSphereShape16 tranform: pSphere16 -2.142111683 0.499558233 -0.5829826838 0 2.189370956 7.826601036 -1.338005642 0 0.3926632147 -0.4176850294 -1.800716357 0 -146.0621973 12.60475072 -13.78107132 1


mesh: pSphereShape17 tranform: pSphere17 -2.28365744 -0.05951379877 -1.136542728 0 -0.01877051889 2.360636519 -0.08589647289 0 2.819565831 -0.1833763176 -5.655756626 0 -146.1931052 2.233366405 -16.24326558 1


mesh: pSphereShape18 tranform: pSphere18 -2.7135085 0.9816877211 0.3156872466 0 2.810126444 6.459348248 4.068074157 0 0.2745654724 1.675378005 -2.849853083 0 -153.2541896 29.7865128 -17.79868129 1


mesh: pSphereShape19 tranform: pSphere19 -1.863389032 0.5498889139 0.2806421445 0 1.305954292 7.53076271 -6.084553075 0 -0.6511047115 -1.308510028 -1.759273258 0 -157.7762867 17.06287838 -17.82383222 1


mesh: pSphereShape20 tranform: pSphere20 -1.765818653 1.031957867 1.638658364 0 -0.4549386444 1.264834852 -1.286781593 0 -4.146760489 -3.679927665 -2.151087009 0 -161.6735778 6.442257279 -14.3201233 1


mesh: pSphereShape21 tranform: pSphere21 -5.844116661 -0.02966758496 -1.338895299 0 -0.4375489789 2.705768238 1.849893468 0 1.08183272 3.455702835 -4.798641826 0 -146.6874022 37.97590648 -12.03299302 1


