mesh: pSphereShape1 tranform: pSphere1 2.039791373 2.637051774 0.008883022424 0 -0.9821068629 0.7646245074 -1.47036746 0 -2.084867598 1.605167576 2.227275379 0 45.15220845 35.79677763 -27.80745985 1


mesh: pSphereShape2 tranform: pSphere2 2.801533344 5.188237058 0.1751121827 0 -2.663944554 1.470922965 -0.9614838648 0 -0.8366559687 0.3551955908 2.861483758 0 49.94862491 42.21302308 -27.50754703 1


mesh: pSphereShape3 tranform: pSphere3 1.038442681 6.375316046 1.655138065 0 -2.721147798 0.738224614 -1.136255187 0 -1.264529294 -0.4964910756 2.705773498 0 53.53070899 51.96451722 -26.29473789 1


mesh: pSphereShape4 tranform: pSphere4 1.078836937 0.3241425748 3.946403076 0 -0.61487243 3.31825452 -0.1044597997 0 -3.708474574 -0.6535756729 1.067476122 0 54.72807886 58.49964181 -21.95493087 1


mesh: pSphereShape5 tranform: pSphere5 0.8072842257 0.3245092616 4.151090342 0 -0.5852808693 3.088177943 -0.1275940263 0 -3.866726662 -0.6995048297 0.8066659503 0 55.95255949 59.44398024 -15.41912645 1


mesh: pSphereShape6 tranform: pSphere6 -0.5284763184 -5.102480508 3.208732486 0 -1.312273252 1.182042627 1.663536661 0 -1.993060936 -0.5406773185 -1.188033281 0 55.81397627 53.44975377 -10.74880728 1


mesh: pSphereShape7 tranform: pSphere7 -3.672522314 -3.875533691 2.019735243 0 -1.020782574 1.615878015 1.244491283 0 -1.793257368 0.5563156436 -2.193236808 0 51.1826546 44.98201825 -6.981140231 1


mesh: pSphereShape8 tranform: pSphere8 -0.7473423328 -4.186212095 0.6292204563 0 -0.5956755276 0.2223555901 0.7718346049 0 -2.048650863 0.1227701598 -1.616447108 0 46.87484497 38.69709992 -4.746577137 1


mesh: pSphereShape10 tranform: pSphere10 0.189662628 0.07173538469 4.161323835 0 0.4770164097 3.481219373 -0.08175254083 0 -5.015992716 0.6924082425 0.2166801298 0 55.71245194 68.7624889 -19.07009998 1


mesh: pSphereShape11 tranform: pSphere11 0.1002398945 0.01284893648 0.9948803287 0 -2.117074213 3.259895171 0.1712056263 0 -2.168423995 -1.420677901 0.2368292806 0 53.79412921 64.58347748 -19.37312918 1


mesh: pSphereShape12 tranform: pSphere12 1.370086645 0.5378746329 7.032714167 0 -0.4048088591 3.736731516 -0.2069286261 0 -5.780279557 -0.5614537605 1.169033088 0 55.72903349 54.63296696 -19.27572112 1


mesh: pSphereShape13 tranform: pSphere13 0.9414549391 0.4308649737 4.865697252 0 -0.7518761639 4.629199166 -0.2644435488 0 -4.305018135 -0.6483593113 0.8903833673 0 55.42547929 49.46894815 -18.60098085 1


mesh: pSphereShape14 tranform: pSphere14 0.9027758361 0.401582433 4.93283801 0 -0.844948839 5.413849189 -0.2861045369 0 -4.215098126 -0.614447114 0.8214419152 0 55.86590461 45.07561802 -18.3238218 1


mesh: pSphereShape15 tranform: pSphere15 0.8045554849 0.2839085484 3.338631588 0 0.01568096159 8.597734304 -0.7349078223 0 -4.152529007 0.09243769481 0.99283076 0 55.35842935 31.48100933 -21.56135774 1


mesh: pSphereShape16 tranform: pSphere16 0.4789284747 0.3026722651 2.203879923 0 -3.809215044 7.300588808 -0.1748480924 0 -1.627630953 -0.8380185334 0.4687931346 0 57.80759779 16.05497066 -21.30956792 1


mesh: pSphereShape17 tranform: pSphere17 0.1276789695 0.1612975652 2.543234898 0 -1.394550797 1.906036525 -0.05087388586 0 -5.093225348 -3.713345383 0.4912056428 0 59.12927826 4.017447175 -21.02612399 1


mesh: pSphereShape18 tranform: pSphere18 0.2806524949 0.01300277511 2.889214894 0 3.078586205 7.522014508 -0.3329001122 0 -3.053676766 1.262675432 0.2909453777 0 53.68742145 31.90706045 -14.03407254 1


mesh: pSphereShape19 tranform: pSphere19 0.2447905005 -0.06981612173 1.946422317 0 -5.065785009 8.300818774 0.9348367031 0 -1.934748343 -1.203271441 0.2001622497 0 53.9820685 17.24083257 -13.93335252 1


mesh: pSphereShape20 tranform: pSphere20 0.9014594314 0.4501596823 2.41929348 0 -0.8914954126 1.63310064 0.02831028273 0 -4.802417159 -2.661202139 2.284613337 0 54.60248756 6.694417307 -13.59129662 1


mesh: pSphereShape21 tranform: pSphere21 1.075904409 0.4785953423 5.878826119 0 1.671010945 2.803084957 -0.5340167211 0 -5.074150402 3.152883247 0.6719616252 0 57.59817374 41.35503208 -18.24201527 1


