mesh: pSphereShape1 tranform: pSphere1 3.156383152 1.032125888 -0.2946716146 0 -0.5731302238 1.822766258 0.2453770784 0 0.4242368784 -0.3250672676 3.40563442 0 6.602708785 48.38088688 -4.371866895 1


mesh: pSphereShape2 tranform: pSphere2 5.582152284 1.47280375 -1.211396766 0 -0.7160005333 3.078250243 0.4431533116 0 0.6988094271 -0.2561950017 2.908655346 0 14.28192213 49.78220863 -5.878605198 1


mesh: pSphereShape3 tranform: pSphere3 6.289729093 2.20253565 0.2250434519 0 -1.009296002 2.849875346 0.3165894259 0 0.008357709027 -0.3313581455 3.009465048 0 24.40598972 52.76450002 -7.18219681 1


mesh: pSphereShape4 tranform: pSphere4 4.101623951 -0.01122024661 -0.1400352127 0 0.01065266137 3.376085982 0.04150880077 0 0.1334090781 -0.04851179914 3.9114318 0 32.84519483 55.81587624 -7.047034855 1


mesh: pSphereShape5 tranform: pSphere5 4.241273824 -0.01109982353 -0.006184517622 0 0.008229103321 3.145727773 -0.002448477345 0 0.005857492347 0.003106971545 4.011427187 0 39.56600931 56.25883856 -7.000721782 1


mesh: pSphereShape6 tranform: pSphere6 5.621567181 -2.237838191 -0.02492767835 0 0.8941818099 2.243666304 0.230305206 0 -0.07456420097 -0.2137276217 2.371667687 0 46.60482235 52.92458246 -6.866935395 1


mesh: pSphereShape7 tranform: pSphere7 5.090303873 -0.8982789439 2.422480838 0 0.3212409372 2.252325038 0.1601672814 0 -1.241839581 -0.008227082389 2.606398579 0 56.02897485 49.65684707 -3.49080683 1


mesh: pSphereShape8 tranform: pSphere8 3.534589762 -2.353488951 0.668263137 0 0.5498528381 0.8346760126 0.03126995969 0 -0.3837082206 0.1561386039 2.579405524 0 63.06669124 47.57114813 -0.524690723 1


mesh: pSphereShape10 tranform: pSphere10 4.158423224 0.04573771006 -0.2513131339 0 -0.02806435704 3.510254659 0.1744737137 0 0.3080937824 -0.2486763406 5.052702315 0 35.97175941 65.72300544 -5.897099788 1


mesh: pSphereShape11 tranform: pSphere11 0.9987101768 0.03032994395 -0.04071949581 0 0.01238344044 2.968686132 2.514951375 0 0.1319128293 -1.680817836 1.983412926 0 35.41504594 61.41165411 -4.866700832 1


mesh: pSphereShape12 tranform: pSphere12 7.184636561 -0.01926290548 -0.07836782665 0 0.0102882535 3.764229501 0.01795845537 0 0.06453611235 -0.02843660221 5.923556946 0 35.37606677 51.71414298 -6.98258047 1


mesh: pSphereShape13 tranform: pSphere13 4.97416311 0.02057841808 -0.06534269386 0 -0.01983281144 4.697170534 -0.03047471459 0 0.05824756532 0.0290729709 4.44320779 0 35.580052 46.64176613 -5.943914183 1


mesh: pSphereShape14 tranform: pSphere14 5.030280234 0.02034948565 -0.07092362155 0 -0.02300167163 5.4865067 -0.0572061147 0 0.06097135702 0.04548099846 4.337462192 0 35.60305593 42.22661526 -5.649288229 1


mesh: pSphereShape15 tranform: pSphere15 3.445819982 0.0229780777 -0.01308169221 0 -0.0568986495 8.627308536 0.1663746873 0 0.01675797415 -0.08223002363 4.269743808 0 31.41471015 28.54324962 -5.747263904 1


mesh: pSphereShape16 tranform: pSphere16 2.275461134 0.01670787848 -0.008195869455 0 -0.05490826184 8.128743438 1.326575763 0 0.008952212376 -0.3043131528 1.865083898 0 30.67791532 12.40386102 -6.445141071 1


mesh: pSphereShape17 tranform: pSphere17 2.505864315 -0.004182938246 0.4806132625 0 0.004120130525 2.362269563 -0.0009222807409 0 -1.190870062 0.004501212344 6.209103768 0 29.56771041 1.879009191 -3.43961597 1


mesh: pSphereShape18 tranform: pSphere18 2.897745422 0.1687499705 -0.0330532338 0 -0.478346159 8.099139562 -0.5868058142 0 0.02369650651 0.2410997285 3.308360568 0 40.00202268 28.19312666 -5.507820348 1


mesh: pSphereShape19 tranform: pSphere19 1.957740958 0.137330171 -0.04180046681 0 -0.6352591739 9.589708977 1.753173482 0 0.07652302726 -0.4061839248 2.2495193 0 41.4479139 11.86044852 -6.02900443 1


mesh: pSphereShape20 tranform: pSphere20 2.602958916 0.02966788806 -0.3032795465 0 -0.0197312969 1.860654036 0.01266791814 0 0.6885879203 -0.03291273157 5.906727429 0 41.98076296 2.33670575 -2.567233008 1


mesh: pSphereShape21 tranform: pSphere21 5.994955189 0.02425197979 -0.08452489986 0 -0.04045344261 2.513902447 -2.147881449 0 0.04863497131 3.905386757 4.569988666 0 35.69761335 38.2731765 -6.750010374 1


