mesh: pSphereShape1 tranform: pSphere1 2.75768437 1.15519633 1.474980734 0 -0.7100674659 1.789280654 -0.07378299254 0 -1.462321469 -0.452946743 3.088761343 0 32.51035002 46.69135591 -22.08642658 1


mesh: pSphereShape2 tranform: pSphere2 5.156752039 1.89415822 2.148750841 0 -1.11280532 2.990847048 0.03412381851 0 -1.014635965 -0.4094156494 2.795914716 0 39.63594249 48.59051402 -19.06863486 1


mesh: pSphereShape3 tranform: pSphere3 5.217581654 2.224810562 3.50564681 0 -1.10600872 2.827617416 -0.1483955215 0 -1.529946298 -0.4634912593 2.571223079 0 48.76369253 51.98141835 -14.63312679 1


mesh: pSphereShape4 tranform: pSphere4 3.923200951 -0.1222082533 1.198588432 0 0.0369447147 3.368812277 0.222557733 0 -1.148220055 -0.2341220887 3.734464842 0 56.23146044 54.95255325 -10.67684467 1


mesh: pSphereShape5 tranform: pSphere5 4.026381569 -0.1303337378 1.326585726 0 0.03235151564 3.138544567 0.2101625947 0 -1.260056165 -0.2415150633 3.800726375 0 62.58635194 55.19798343 -8.452228387 1


mesh: pSphereShape6 tranform: pSphere6 5.698703502 -2.031837268 0.08351308904 0 0.7898169964 2.236243734 0.5119015084 0 -0.199103881 -0.4627175961 2.328582617 0 69.61096304 51.99981335 -7.778675142 1


mesh: pSphereShape7 tranform: pSphere7 5.396075528 -1.266648823 1.365460231 0 0.3782709868 2.185272647 0.532270509 0 -0.8111972178 -0.5223754691 2.721144929 0 79.41646788 48.41718864 -5.354578638 1


mesh: pSphereShape8 tranform: pSphere8 3.752963001 -1.985243116 -0.6729703772 0 0.4611956854 0.8862781716 -0.04253871605 0 0.4137982373 -0.09160038067 2.577852694 0 86.93651104 46.32341454 -4.366961605 1


mesh: pSphereShape10 tranform: pSphere10 4.139758409 -0.06583764839 0.4645424124 0 0.0253194711 3.504145775 0.2709940378 0 -0.56958677 -0.3842161116 5.021405308 0 59.18636327 64.73144036 -8.126093361 1


mesh: pSphereShape11 tranform: pSphere11 0.9794345618 0.01397070971 0.2012778141 0 -0.5881613525 2.768392556 2.669887638 0 -0.3478543164 -1.828781754 1.819623889 0 58.16465806 60.28728021 -7.308936508 1


mesh: pSphereShape12 tranform: pSphere12 6.752246971 -0.2156144912 2.446668413 0 0.08314541321 3.761983734 0.1020652585 0 -2.020820026 -0.1063905052 5.567626776 0 58.51870931 50.78580355 -9.913757656 1


mesh: pSphereShape13 tranform: pSphere13 4.610930392 -0.1195745341 1.863334278 0 0.01769498937 4.690231364 0.257195862 0 -1.667797511 -0.2192499972 4.112993361 0 58.23282872 45.65378705 -9.085520252 1


mesh: pSphereShape14 tranform: pSphere14 4.610615201 0.09731918918 2.010452669 0 -0.2016011786 5.479604998 0.1970873273 0 -1.728329555 -0.2065079378 3.973612426 0 58.19902602 41.22997935 -9.05140709 1


mesh: pSphereShape15 tranform: pSphere15 3.34826819 -0.4747926775 0.6618508218 0 1.456566013 8.398436411 -1.343894288 0 -0.7066735239 0.7847032587 4.137947332 0 53.34803757 27.78420705 -9.171850808 1


mesh: pSphereShape16 tranform: pSphere16 2.217648836 -0.2311461999 0.454614971 0 0.509642669 8.060983946 1.612479529 0 -0.4070818497 -0.3371934388 1.814334461 0 50.44206975 12.20048898 -8.69481007 1


mesh: pSphereShape17 tranform: pSphere17 2.472306819 0.08596351713 0.6250374677 0 -0.1114710116 2.356749967 0.1167866405 0 -1.534582392 -0.3759376988 6.121673717 0 48.49906324 1.505788661 -6.196764425 1


mesh: pSphereShape18 tranform: pSphere18 1.989797106 0.2144500257 2.102668843 0 -0.0703209955 8.098613673 -0.759426955 0 -2.415115431 0.191512043 2.265939285 0 62.09626089 27.52480202 -6.761736395 1


mesh: pSphereShape19 tranform: pSphere19 1.373065394 0.1299637046 1.396838349 0 -3.647834263 8.624747724 2.783293305 0 -1.393697673 -1.063501835 1.4689278 0 65.1236503 11.93634177 -7.608643742 1


mesh: pSphereShape20 tranform: pSphere20 1.930321586 -0.01939214832 1.772494374 0 -0.1722082817 1.841139422 0.2076852923 0 -3.98445279 -0.8610945569 4.329817273 0 64.74261367 2.514239607 -7.004485527 1


mesh: pSphereShape21 tranform: pSphere21 5.494809482 0.1159824405 2.396004417 0 0.7521295477 2.633959045 -1.852376205 0 -1.978734938 3.632700642 4.362029526 0 58.88453386 37.34919672 -10.20023848 1


