mesh: pSphereShape1 tranform: pSphere1 -0.4106086223 3.223833023 -0.7437546703 0 1.426493352 0.4608238794 1.209926883 0 2.277623293 -0.3028112745 -2.569966717 0 62.97011653 29.8120921 22.15142749 1


mesh: pSphereShape2 tranform: pSphere2 -0.1627531837 5.819626218 -0.9500101162 0 2.34366787 0.412663139 2.126404531 0 2.036132231 -0.2999003784 -2.185971573 0 61.82261999 37.50814272 20.23910285 1


mesh: pSphereShape3 tranform: pSphere3 0.5055586309 6.405519444 -1.78219837 0 2.133976998 0.4223417008 2.123314963 0 2.143977154 -0.728413859 -2.009856502 0 61.65291076 48.0189877 18.07192984 1


mesh: pSphereShape4 tranform: pSphere4 -0.008619434316 0.2732690931 -4.094912025 0 0.4817474533 3.334463505 0.2215074272 0 3.873952025 -0.5566806777 -0.0453037569 0 62.4446756 54.5546104 13.61681009 1


mesh: pSphereShape5 tranform: pSphere5 0.4537558069 0.2825078895 -4.207476687 0 0.3780336598 3.112936715 0.2497849015 0 3.959169328 -0.5123006761 0.3925790238 0 63.07564006 55.44112161 7.003999934 1


mesh: pSphereShape6 tranform: pSphere6 1.558422849 -5.358580962 -2.338265816 0 1.116333595 1.126011084 -1.836447228 0 2.024324464 0.04084406585 1.255583195 0 64.75927566 49.2216108 3.076845259 1


mesh: pSphereShape7 tranform: pSphere7 3.397593291 -4.159894379 -1.933429745 0 0.9129843625 1.446742855 -1.508380603 0 2.011721411 0.7450193063 1.932218926 0 70.10569431 40.4976442 0.1774078743 1


mesh: pSphereShape8 tranform: pSphere8 0.2484841493 -4.261468998 -0.5069006344 0 0.6674266461 0.1262147196 -0.7339015715 0 1.939564725 -0.09477959757 1.747583939 0 73.92781345 33.78636933 -1.68948711 1


mesh: pSphereShape10 tranform: pSphere10 0.1396658424 0.3382294567 -4.150160024 0 0.0512451862 3.502573302 0.287177039 0 5.064803589 -0.08749207816 0.1633160306 0 63.68797682 64.69835085 11.39250996 1


mesh: pSphereShape11 tranform: pSphere11 0.05740862949 0.1161671645 -0.9915691802 0 2.626514805 2.829457395 0.4835513926 0 1.914696609 -1.76105097 -0.09546100408 0 64.92266883 60.19896169 11.76778761 1


mesh: pSphereShape12 tranform: pSphere12 0.4951159855 0.4640783237 -7.152971869 0 0.2269372886 3.748508794 0.2589080442 0 5.899094319 -0.3836189812 0.3834359611 0 62.29505816 50.64778333 10.81681255 1


mesh: pSphereShape13 tranform: pSphere13 0.2550980012 0.3375163244 -4.956611698 0 0.3979753224 4.668175525 0.3383577847 0 4.421839638 -0.3915370867 0.2009139218 0 62.97751168 45.51395739 10.31886715 1


mesh: pSphereShape14 tranform: pSphere14 0.209773086 0.1837758125 -5.023085227 0 0.4170698068 5.466656915 0.21742202 0 4.321794381 -0.3364131933 0.1681778227 0 62.88093615 41.10112084 10.08882248 1


mesh: pSphereShape15 tranform: pSphere15 -0.2133542535 0.03200556782 -3.439161246 0 -1.572993944 8.482682331 0.1765250216 0 4.190681387 0.7823614301 -0.2526952693 0 64.19819038 28.02207676 14.17451735 1


mesh: pSphereShape16 tranform: pSphere16 -0.118726531 0.121027466 -2.269212653 0 1.919521955 8.003010825 0.3264065785 0 1.835085397 -0.4352824047 -0.1192283365 0 64.87834124 12.27552441 14.51642098 1


mesh: pSphereShape17 tranform: pSphere17 0.5140401489 -0.09262679744 -2.497507872 0 0.07223497059 2.360050371 -0.07266132558 0 6.189625959 -0.1500543027 1.279521612 0 67.16826008 1.768548726 15.41463619 1


mesh: pSphereShape18 tranform: pSphere18 0.4443721597 0.1480253248 -2.864807059 0 -2.536110874 7.728992414 0.005972320723 0 3.110700217 1.020299108 0.5352327919 0 65.32106918 27.39337642 6.344861025 1


mesh: pSphereShape19 tranform: pSphere19 0.1948612571 -0.008424371967 -1.95328304 0 8.302076518 5.085775747 0.8062879613 0 1.183970777 -1.952787756 0.1265362159 0 62.07277346 14.95367044 5.331733452 1


mesh: pSphereShape20 tranform: pSphere20 -0.285898017 0.397524788 -2.574585434 0 1.693191796 0.7686855375 -0.06933489923 0 2.379723769 -5.340050135 -1.08878135 0 56.09013137 5.46576999 4.429717353 1


mesh: pSphereShape21 tranform: pSphere21 0.2500020262 0.2190191618 -5.986380369 0 -1.920983526 2.691509985 0.01824850421 0 4.886754363 3.485524274 0.3316018988 0 61.44883215 37.26541505 9.794462767 1


