mesh: pSphereShape1 tranform: pSphere1 -0.5722266715 3.212322206 0.6844066711 0 -0.888148171 0.2034203638 -1.69734439 0 -3.001324785 -0.8475962966 1.468884445 0 144.3676244 30.06556612 -28.49989288 1


mesh: pSphereShape2 tranform: pSphere2 -1.312072746 5.711296565 0.6757320354 0 -1.280175736 0.05172030356 -2.922865251 0 -2.667914126 -0.7495906472 1.155246508 0 143.1588155 37.76378063 -26.63922222 1


mesh: pSphereShape3 tranform: pSphere3 -2.372662706 6.13000317 1.120728656 0 -1.094853517 0.09440910662 -2.834268771 0 -2.610939939 -1.187746227 0.9690198557 0 140.4802038 48.03657045 -25.06741996 1


mesh: pSphereShape4 tranform: pSphere4 -1.184569287 0.5227664426 3.894427511 0 -0.5354581144 3.278642398 -0.6029773192 0 -3.695656864 -0.7907773028 -1.017959577 0 137.2894237 54.54413454 -21.4649805 1


mesh: pSphereShape5 tranform: pSphere5 -1.743705721 0.4977452565 3.834097694 0 -0.4570744936 3.053139704 -0.6042332251 0 -3.60998511 -0.8436794802 -1.532254705 0 134.6420675 55.77177302 -15.44201425 1


mesh: pSphereShape6 tranform: pSphere6 -1.43304617 -5.361430735 2.41080855 0 -1.679866601 1.071512142 1.384395179 0 -1.623779349 -0.3352761254 -1.710841161 0 132.6221516 49.62516505 -11.48845994 1


mesh: pSphereShape7 tranform: pSphere7 -3.262093187 -4.460649554 1.431036541 0 -1.437075481 1.399246455 1.085698299 0 -1.517967817 0.3293353813 -2.433692399 0 127.8086987 40.44134503 -9.144600215 1


mesh: pSphereShape8 tranform: pSphere8 0.1426488787 -4.238901347 0.7001266414 0 -0.8346278889 0.06230527142 0.5472790332 0 -1.436365948 -0.4025705672 -2.144699028 0 124.4617967 33.38509528 -7.701336007 1


mesh: pSphereShape10 tranform: pSphere10 -0.6368271397 0.3851490889 4.099249359 0 -0.3833258361 3.47236748 -0.3858002596 0 -4.978039699 -0.6289003073 -0.7142601354 0 134.3697979 64.63543498 -19.84076182 1


mesh: pSphereShape11 tranform: pSphere11 -0.2445511116 0.1330721372 0.9604616391 0 -2.764229342 2.527140171 -1.053959118 0 -1.717791375 -1.948756779 -0.1673805118 0 133.7229664 60.02562876 -20.40137975 1


mesh: pSphereShape12 tranform: pSphere12 -2.736483427 0.8493093216 6.589070285 0 -0.3454375015 3.696778135 -0.6199648738 0 -5.450469508 -0.8701161213 -2.15146009 0 136.827403 50.83444963 -18.43668597 1


mesh: pSphereShape13 tranform: pSphere13 -1.859990394 0.6624160589 4.566030275 0 -0.5491175568 4.579791005 -0.8880975913 0 -4.088520581 -0.7909267541 -1.550731379 0 136.3244355 45.69996811 -17.73344162 1


mesh: pSphereShape14 tranform: pSphere14 -1.897931489 0.6334834787 4.615811764 0 -0.6017689436 5.364314836 -0.9836451924 0 -3.989300189 -0.7299334461 -1.540144623 0 136.58752 41.34716192 -17.01901932 1


mesh: pSphereShape15 tranform: pSphere15 -2.105248798 0.03991213145 2.727766301 0 0.8176314837 8.575386645 0.5055622759 0 -3.356609977 0.4731763512 -2.597504263 0 137.9503298 27.76981675 -21.00791193 1


mesh: pSphereShape16 tranform: pSphere16 -1.398284141 0.07594066705 1.793628773 0 -0.9014139683 8.119824457 -1.046514067 0 -1.476476792 -0.3105649818 -1.137888509 0 137.8901449 11.77346321 -21.69113712 1


mesh: pSphereShape17 tranform: pSphere17 -2.230939565 -0.2928981282 1.203113425 0 -0.1659266371 2.341780338 0.2624281067 0 -3.035868819 0.404706015 -5.530901818 0 136.9828752 1.558019391 -24.88128647 1


mesh: pSphereShape18 tranform: pSphere18 -0.7068662584 0.2613956148 2.803303412 0 1.880960415 7.909608643 -0.263242844 0 -3.124592169 0.7146104795 -0.8545150021 0 133.7736916 27.95624966 -12.39037203 1


mesh: pSphereShape19 tranform: pSphere19 -0.4317965895 0.1313969556 1.9104039 0 -4.607287515 8.46035631 -1.623256788 0 -1.953094167 -1.133346023 -0.3634944335 0 134.9134876 12.7404601 -10.49166506 1


mesh: pSphereShape20 tranform: pSphere20 0.2782051038 0.7917546924 2.482736437 0 -0.3670400523 1.749510165 -0.5167968891 0 -5.795706408 -0.9359080741 0.94790759 0 134.3292173 3.220555732 -8.791861322 1


mesh: pSphereShape21 tranform: pSphere21 -2.261904645 0.7549688867 5.501002608 0 1.672984271 2.836671586 0.2985877706 0 -4.663197259 2.995312116 -2.328498259 0 138.0333299 37.69686716 -15.82102496 1


