mesh: pSphereShape1 tranform: pSphere1 1.044984247 3.047852064 0.8564318584 0 -1.366467443 0.7807055374 -1.111049318 0 -2.176495363 -0.004968831678 2.673356449 0 118.0943129 29.80094673 -31.02252968 1


mesh: pSphereShape2 tranform: pSphere2 1.157386832 5.600400024 1.446731634 0 -2.795656181 0.9002510435 -1.248407288 0 -1.322769536 -0.4146092233 2.663198521 0 120.694694 37.05335174 -28.81662579 1


mesh: pSphereShape3 tranform: pSphere3 0.002900032335 6.135106178 2.612080336 0 -2.629208001 0.5987441201 -1.40337719 0 -1.519648239 -1.025208929 2.409639771 0 122.0723147 47.11652561 -25.64468883 1


mesh: pSphereShape4 tranform: pSphere4 1.479431494 0.02066952821 3.828042582 0 -0.7895575686 3.270129098 0.2874848658 0 -3.534257037 -0.9738711147 1.37115001 0 122.7507189 53.20673883 -20.46281488 1


mesh: pSphereShape5 tranform: pSphere5 0.8194419454 -0.06256418647 4.160909243 0 -0.6914959162 3.063380101 0.1822434949 0 -3.835799796 -0.9099804102 0.741732848 0 124.2290796 53.57674447 -13.96830958 1


mesh: pSphereShape6 tranform: pSphere6 1.334428042 -5.181822122 2.824638034 0 -0.7580219805 0.9495627343 2.100088896 0 -2.201347059 -0.8022790648 -0.4318175087 0 125.9293178 47.33807565 -9.69940566 1


mesh: pSphereShape7 tranform: pSphere7 -0.3122425921 -4.764138018 3.129218033 0 -0.8339040859 1.203334509 1.748830298 0 -2.682589129 -0.4575681127 -0.9643099946 0 125.8369111 37.78715365 -4.880923067 1


mesh: pSphereShape8 tranform: pSphere8 1.880573863 -3.752242176 0.928940925 0 -0.5259079698 -0.05342571937 0.848861885 0 -1.905549271 -1.267052553 -1.260318977 0 126.1718861 30.5365346 -1.658210483 1


mesh: pSphereShape10 tranform: pSphere10 1.150722293 -0.1010035242 4.002920237 0 0.09923954374 3.512784512 0.06010773282 0 -4.868936679 0.1135530634 1.402541871 0 123.0837206 63.21383394 -16.96309212 1


mesh: pSphereShape11 tranform: pSphere11 0.2578241486 -0.02616312899 0.9658375635 0 -2.379462985 2.993881549 0.716282275 0 -1.9471914 -1.661172805 0.4747915217 0 121.5327811 58.86905722 -17.28341379 1


mesh: pSphereShape12 tranform: pSphere12 1.494563648 -0.1006107099 7.027209409 0 -0.6581674441 3.701273992 0.1929728946 0 -5.701074037 -1.076189197 1.197109885 0 124.2553696 49.17845365 -18.30312197 1


mesh: pSphereShape13 tranform: pSphere13 0.8457308862 0.05539614293 4.901903948 0 -1.2084645 4.536477154 0.1572312358 0 -4.227134568 -1.151787854 0.7423284723 0 124.3798893 43.95238142 -18.16510571 1


mesh: pSphereShape14 tranform: pSphere14 0.6880028943 0.2336060181 4.978076309 0 -1.293660395 5.331688393 -0.07140758343 0 -4.173874804 -1.004375831 0.6239892663 0 125.2043492 39.63327226 -18.1753865 1


mesh: pSphereShape15 tranform: pSphere15 1.108974835 0.4749606016 3.227841649 0 -1.55798918 8.457602734 -0.7092223029 0 -3.969175301 -0.6092980136 1.453326584 0 126.9235843 25.99932617 -21.27629844 1


mesh: pSphereShape16 tranform: pSphere16 0.6095914291 0.4619919187 2.143135893 0 -6.112714013 5.492386713 0.5547104127 0 -1.161007672 -1.354988316 0.6223282352 0 132.96128 12.12722786 -21.58243868 1


mesh: pSphereShape17 tranform: pSphere17 1.165113445 1.354100022 1.821890875 0 -1.826136728 1.497516317 0.05481644314 0 -2.783911158 -3.556757443 4.423853131 0 138.7418484 2.381930483 -19.35022108 1


mesh: pSphereShape18 tranform: pSphere18 -0.08025322443 -0.1308635625 2.898781079 0 3.719693798 7.221431015 0.428987073 0 -2.948657784 1.519601156 -0.01303267577 0 122.8186596 27.00036132 -14.64488118 1


mesh: pSphereShape19 tranform: pSphere19 -0.02515590382 -0.1237058726 1.958933524 0 -1.109559488 9.687699951 0.5975258423 0 -2.2721883 -0.2574376888 -0.04543569405 0 119.3409681 11.60085702 -15.15465319 1


mesh: pSphereShape20 tranform: pSphere20 0.7073092767 -0.02592579919 2.523350001 0 0.02871539112 1.860547284 0.0110668408 0 -5.725405411 0.07881418891 1.605673283 0 115.301166 2.116453003 -15.09477436 1


mesh: pSphereShape21 tranform: pSphere21 0.8199436869 0.2784054854 5.932739929 0 1.44343108 2.955818783 -0.3381992787 0 -5.345781741 2.680676022 0.6130262112 0 127.2441463 36.0711031 -18.1950678 1


