mesh: pSphereShape1 tranform: pSphere1 1.453195513 2.999439942 0.08032834187 0 -1.581911198 0.7869787615 -0.7677150429 0 -1.269919164 0.530615929 3.160655551 0 121.6169301 29.06760552 -28.61362502 1


mesh: pSphereShape2 tranform: pSphere2 1.920482173 5.575507474 0.1500725284 0 -2.92112069 1.02697712 -0.7726823982 0 -0.7116571129 0.1667484757 2.912041469 0 125.2504223 36.2038932 -28.31619439 1


mesh: pSphereShape3 tranform: pSphere3 0.959009057 6.432951228 1.469673445 0 -2.831052251 0.6300438106 -0.9104310619 0 -1.013122735 -0.4910647149 2.810549006 0 128.0189187 46.40495097 -27.30410297 1


mesh: pSphereShape4 tranform: pSphere4 2.093393916 0.6371891068 3.471994635 0 -0.8571328316 3.264710505 -0.08235073668 0 -3.216564185 -0.7919062641 2.084718066 0 129.923816 53.21046467 -23.41298936 1


mesh: pSphereShape5 tranform: pSphere5 1.439059364 0.5751983524 3.948014705 0 -0.7967309327 3.039353579 -0.1524026901 0 -3.634123539 -0.8797937105 1.452825238 0 132.3704764 54.58050343 -17.36606896 1


mesh: pSphereShape6 tranform: pSphere6 1.254067697 -5.016224075 3.142509979 0 -0.6517381673 1.121554081 2.05036433 0 -2.241127662 -0.7496708763 -0.3023033492 0 134.271087 48.76593471 -12.74075117 1


mesh: pSphereShape7 tranform: pSphere7 -0.6645669495 -4.48813806 3.464315157 0 -0.7145516173 1.388754815 1.662105119 0 -2.72110254 -0.3039912523 -0.9158258933 0 133.7387696 39.62925389 -7.266518696 1


mesh: pSphereShape8 tranform: pSphere8 1.482521652 -3.987387203 0.6178053808 0 -0.3572887612 0.01186031105 0.9339186657 0 -2.26758572 -0.9755868193 -0.8551195719 0 133.5610266 32.54199783 -3.704092695 1


mesh: pSphereShape10 tranform: pSphere10 2.085266691 0.4296540854 3.581172173 0 -0.104845734 3.494822607 -0.358244014 0 -4.38507562 0.1286031104 2.53793921 0 130.2476037 63.62526407 -21.24994637 1


mesh: pSphereShape11 tranform: pSphere11 0.4483311817 0.1290740887 0.884499311 0 -2.397534086 2.962616686 0.7829200457 0 -1.685612277 -1.653662697 1.095713176 0 128.8794537 59.20779662 -20.81380772 1


mesh: pSphereShape12 tranform: pSphere12 2.457324339 0.9708304163 6.681658513 0 -0.806342772 3.669289941 -0.2365898464 0 -5.420190738 -1.052717853 2.146349908 0 131.9568324 49.59041141 -20.98147189 1


mesh: pSphereShape13 tranform: pSphere13 1.638218933 0.8673092384 4.616384429 0 -1.434590788 4.460768476 -0.3289786504 0 -3.970274245 -1.156909271 1.626289286 0 132.3902334 44.45347138 -20.0903863 1


mesh: pSphereShape14 tranform: pSphere14 1.595887147 0.7779605009 4.70713131 0 -1.445101685 5.279286934 -0.3825806811 0 -3.952232422 -0.9730879577 1.500774135 0 133.3824867 40.19492107 -19.70996347 1


mesh: pSphereShape15 tranform: pSphere15 1.546238385 0.587428092 3.022986861 0 -1.607925618 8.438478853 -0.8173251601 0 -3.732615338 -0.5165950352 2.009593765 0 134.4022282 26.68192362 -22.6622206 1


mesh: pSphereShape16 tranform: pSphere16 0.9833827503 0.4540966955 2.001205701 0 -4.003545586 7.190142668 0.335796387 0 -1.435444237 -0.8411262538 0.8962315835 0 138.6205786 11.35274282 -22.53661582 1


mesh: pSphereShape17 tranform: pSphere17 1.78446642 0.8724445539 1.601525107 0 -0.7165149116 2.213774029 -0.4076104045 0 -4.091854467 -0.4407015126 4.799340638 0 140.3874702 1.546044503 -19.48973407 1


mesh: pSphereShape18 tranform: pSphere18 0.8346077864 0.07556681452 2.779247577 0 3.306608556 7.33577974 -1.192431643 0 -2.876810759 1.430828926 0.8250022394 0 131.9530736 27.34484416 -14.71284121 1


mesh: pSphereShape19 tranform: pSphere19 0.5900301183 0.06821203303 1.870980517 0 1.867367701 9.543322025 -0.9368203288 0 -2.137154969 0.4826160078 0.6563753975 0 126.811387 11.94614713 -12.21615273 1


mesh: pSphereShape20 tranform: pSphere20 0.9994743568 -0.6519464694 2.33329608 0 0.691054508 1.717899049 0.1839830631 0 -5.03424381 1.742033346 2.643175093 0 120.3269164 4.242726238 -9.810180168 1


mesh: pSphereShape21 tranform: pSphere21 1.901936172 0.9271527877 5.609834832 0 1.265022561 2.916293328 -0.9108720325 0 -5.21666643 2.67709277 1.326187451 0 135.489787 36.67235276 -19.74168711 1


