mesh: pSphereShape1 tranform: pSphere1 0.9449425541 3.191551122 0.18961756 0 -1.741949254 0.5519906029 -0.609987022 0 -1.101132069 0.1320939292 3.264054353 0 125.7895034 28.61216877 -29.66686948 1


mesh: pSphereShape2 tranform: pSphere2 1.053845097 5.79558367 0.3125341139 0 -3.055396064 0.5935926873 -0.7048892071 0 -0.6811228659 -0.03382223439 2.923897077 0 128.2782918 36.21099364 -29.15419344 1


mesh: pSphereShape3 tranform: pSphere3 0.4487202877 6.480171655 1.506162453 0 -2.897612899 0.3936536281 -0.8304053698 0 -0.8923373363 -0.5962267476 2.831076772 0 129.8752514 46.70638451 -27.97827731 1


mesh: pSphereShape4 tranform: pSphere4 2.307357265 0.7095346795 3.318993488 0 -0.8550677761 3.264650799 -0.1034759826 0 -3.081333038 -0.7341820515 2.299089717 0 131.5413534 53.61186191 -24.17095672 1


mesh: pSphereShape5 tranform: pSphere5 1.724446848 0.6758405201 3.815506227 0 -0.784642076 3.040750557 -0.1839831575 0 -3.525666217 -0.8047330394 1.735993809 0 134.411367 55.1300546 -18.34566606 1


mesh: pSphereShape6 tranform: pSphere6 1.2272955 -4.970072059 3.225319861 0 -0.4763299276 1.211182271 2.0476297 0 -2.285551628 -0.6571625243 -0.1429619052 0 136.3928278 49.40871377 -13.66925232 1


mesh: pSphereShape7 tranform: pSphere7 -0.7681350369 -4.324707444 3.64600961 0 -0.5435600673 1.483371936 1.644982532 0 -2.776899041 -0.1592759226 -0.7739571524 0 135.6873903 40.50184651 -7.876962759 1


mesh: pSphereShape8 tranform: pSphere8 1.181263165 -4.083735013 0.6376020125 0 -0.2597537904 0.07517871894 0.9627440618 0 -2.418487572 -0.7917987995 -0.5906916667 0 135.2359414 33.57038751 -4.040100344 1


mesh: pSphereShape10 tranform: pSphere10 2.418901188 0.5233716901 3.351526973 0 -0.1505048954 3.484366749 -0.4354917791 0 -4.120780345 0.1900128338 2.944423009 0 132.0117205 64.0683367 -22.29267598 1


mesh: pSphereShape11 tranform: pSphere11 0.5241259361 0.153603487 0.8376741442 0 -2.3135459 2.996524295 0.8980972316 0 -1.587114975 -1.611571473 1.288557283 0 130.7066585 59.67846896 -21.64225875 1


mesh: pSphereShape12 tranform: pSphere12 2.943206476 1.140716912 6.454596475 0 -0.7866261443 3.669748161 -0.2898617499 0 -5.260467786 -0.9252224957 2.562214364 0 133.6953007 50.04093278 -21.77006607 1


mesh: pSphereShape13 tranform: pSphere13 1.986073225 0.8769330704 4.475879055 0 -1.307120065 4.501664008 -0.3019790885 0 -3.881993661 -0.9985153637 1.918182933 0 134.0850027 44.92290975 -20.79040268 1


mesh: pSphereShape14 tranform: pSphere14 1.952563767 0.79402369 4.567951905 0 -1.321750385 5.313186509 -0.3585839081 0 -3.859064438 -0.8388434487 1.79536281 0 134.9763029 40.63634888 -20.41250184 1


mesh: pSphereShape15 tranform: pSphere15 1.647850694 0.6126380951 2.96372015 0 -1.452466918 8.453887828 -0.9399420243 0 -3.681094769 -0.3957909539 2.128531328 0 135.4995917 26.97751878 -23.07565999 1


mesh: pSphereShape16 tranform: pSphere16 1.05598831 0.4656752069 1.961148895 0 -3.70504183 7.351857279 0.2492942797 0 -1.442051151 -0.7591783568 0.956745151 0 139.2801303 11.50402924 -22.71426943 1


mesh: pSphereShape17 tranform: pSphere17 1.809195004 0.8495622043 1.586007588 0 -0.6711438201 2.224507092 -0.4259923517 0 -4.080274397 -0.3081043005 4.819501421 0 140.6840177 1.607462245 -19.53675353 1


mesh: pSphereShape18 tranform: pSphere18 1.011198772 0.2016902269 2.713539329 0 2.919811506 7.413321774 -1.639078643 0 -2.872437536 1.345887678 0.9703758079 0 134.336829 27.81005816 -15.00743045 1


mesh: pSphereShape19 tranform: pSphere19 0.7078752777 0.143601453 1.825280178 0 0.7728852091 9.680695535 -1.061353922 0 -2.125600702 0.2578570604 0.8040582242 0 130.4873372 12.23581897 -11.918358 1


mesh: pSphereShape20 tranform: pSphere20 1.375153015 -0.3120287752 2.209037351 0 0.4238446021 1.811870931 -0.007919881823 0 -4.877795501 1.155031523 3.19963728 0 125.1209252 3.795773967 -8.85115915 1


mesh: pSphereShape21 tranform: pSphere21 2.327013952 0.9462964723 5.443964492 0 1.276473769 2.866304937 -1.04386179 0 -5.030923302 2.843610267 1.656169941 0 136.9771517 37.05442692 -20.54152832 1


