mesh: pSphereShape1 tranform: pSphere1 0.1479290661 3.256656235 0.6979806363 0 -1.381397959 0.3410863731 -1.298678081 0 -2.397897441 -0.4144139263 2.441790413 0 137.1118538 29.94347987 -29.13787794 1


mesh: pSphereShape2 tranform: pSphere2 -0.2833993083 5.831202139 0.8448808066 0 -2.261223438 0.2149067704 -2.241729203 0 -2.113742936 -0.406012134 2.093201224 0 137.6296389 37.7308422 -27.32383254 1


mesh: pSphereShape3 tranform: pSphere3 -1.035597267 6.381673012 1.632264617 0 -2.052910911 0.2370723281 -2.229360956 0 -2.182870478 -0.8453667368 1.920202985 0 136.9671452 48.26046812 -25.35391169 1


mesh: pSphereShape4 tranform: pSphere4 -0.1455438157 0.1065791198 4.100062521 0 -0.5854904592 3.323478188 -0.1071759012 0 -3.852209446 -0.6824736659 -0.1190049704 0 135.5953845 54.62590935 -20.98948689 1


mesh: pSphereShape5 tranform: pSphere5 -0.7962260374 0.05448498584 4.165527649 0 -0.4675189161 3.108085946 -0.130018283 0 -3.894745625 -0.6166537555 -0.7364011869 0 134.5204416 55.1808684 -14.40972027 1


mesh: pSphereShape6 tranform: pSphere6 -1.144786924 -5.571822755 2.06271976 0 -1.337367495 0.9387578057 1.793550124 0 -1.936051755 -0.1144748844 -1.383707353 0 133.1352498 48.65117901 -10.81894006 1


mesh: pSphereShape7 tranform: pSphere7 -2.973036312 -4.594431543 1.624427861 0 -1.160258809 1.277903528 1.490831797 0 -1.979236085 0.564926082 -2.02460609 0 128.6254721 39.28444485 -8.502600564 1


mesh: pSphereShape8 tranform: pSphere8 0.2092193281 -4.286792151 0.2417663547 0 -0.7110852801 0.004947831561 0.703088361 0 -1.832429227 -0.1938765308 -1.851906893 0 125.5242491 32.10657247 -7.115317736 1


mesh: pSphereShape10 tranform: pSphere10 -0.2275356174 -0.05420734017 4.159690258 0 -0.1663741324 3.510568765 0.03664757346 0 -5.054937226 -0.2366467001 -0.2795896277 0 134.0248135 64.60123294 -17.75165308 1


mesh: pSphereShape11 tranform: pSphere11 -0.08029918177 -0.006672629826 0.9967484725 0 -2.61803902 2.871821526 -0.191687065 0 -1.914314656 -1.756225418 -0.1659762189 0 133.0000642 60.21220987 -18.52651394 1


mesh: pSphereShape12 tranform: pSphere12 -0.9468690936 0.1232147429 7.121360273 0 -0.4789972171 3.731483009 -0.1282509725 0 -5.823728232 -0.7737250133 -0.7609464675 0 135.8900578 50.61884676 -18.34063211 1


mesh: pSphereShape13 tranform: pSphere13 -0.6591203571 0.07532310589 4.930200662 0 -0.7637005201 4.631588701 -0.1728603487 0 -4.344850465 -0.7376788146 -0.5695944898 0 135.5770159 45.42462071 -18.10800693 1


mesh: pSphereShape14 tranform: pSphere14 -0.6743930647 0.07271325235 4.984884178 0 -0.7627109784 5.430521149 -0.1823989919 0 -4.256469725 -0.6168558981 -0.5668496926 0 135.9805587 41.03952916 -17.99012899 1


mesh: pSphereShape15 tranform: pSphere15 -0.4393543815 0.3420298528 3.400640789 0 -0.1557917242 8.58235615 -0.883324636 0 -4.2350128 -0.1318264985 -0.5338943287 0 137.1100431 27.53774974 -21.25759796 1


mesh: pSphereShape16 tranform: pSphere16 -0.3087464611 0.27633736 2.237494801 0 -2.420019554 7.76600258 -1.293057361 0 -1.788066258 -0.5862186401 -0.1743311394 0 138.8479839 11.67630329 -20.1249616 1


mesh: pSphereShape17 tranform: pSphere17 -0.5611231325 0.09896351485 2.487108687 0 -0.1417957697 2.354661914 -0.1256842965 0 -6.155812579 -0.4438863524 -1.371166568 0 137.2348621 1.199218856 -19.89937985 1


mesh: pSphereShape18 tranform: pSphere18 0.007479902016 0.3605977716 2.880349093 0 1.787262968 7.873632933 -0.9903601785 0 -3.236147965 0.7242368814 -0.08226507559 0 134.4890382 27.4021081 -12.9470862 1


mesh: pSphereShape19 tranform: pSphere19 0.05277965929 0.1991802234 1.952152161 0 -4.779568808 8.488371895 -0.7368543423 0 -1.993808106 -1.108164005 0.1669730838 0 135.9642155 12.22022272 -10.85895084 1


mesh: pSphereShape20 tranform: pSphere20 0.9786642154 0.6736340633 2.335955327 0 -0.4055920966 1.78312795 -0.344286231 0 -5.362171466 -0.7444753116 2.461206853 0 135.6998977 2.843646995 -8.7228365 1


mesh: pSphereShape21 tranform: pSphere21 -0.8037238513 0.0866577346 5.940853368 0 1.729260242 2.811969727 0.1929299891 0 -5.060309785 3.162043481 -0.7307211481 0 137.635129 37.30144871 -17.61681926 1


