mesh: pSphereShape1 tranform: pSphere1 -1.297341042 2.880787809 -1.064348455 0 0.769640913 0.9065541415 1.515578256 0 2.8613986 0.6156847159 -1.821351652 0 -107.333224 30.10604306 -1.124307648 1


mesh: pSphereShape2 tranform: pSphere2 -1.455424924 5.444773171 -1.74162009 0 2.39504968 1.195920308 1.737290368 0 1.840775308 -0.2619974514 -2.357360816 0 -110.3078027 37.01986434 -3.882264519 1


mesh: pSphereShape3 tranform: pSphere3 0.8422194993 6.093737569 -2.572844468 0 2.24034615 0.5286466857 1.985466843 0 2.01035344 -1.110741443 -1.972683563 0 -111.2569564 46.85866268 -7.345878942 1


mesh: pSphereShape4 tranform: pSphere4 -0.06804476489 -0.4803909961 -4.075248359 0 1.687274124 2.901015663 -0.3701447966 0 3.389613662 -1.949352048 0.173193299 0 -109.8720273 52.30424749 -12.60926716 1


mesh: pSphereShape5 tranform: pSphere5 0.7580653576 -0.8078823763 -4.094047885 0 1.539192647 2.731670843 -0.2540419988 0 3.424187192 -1.836728298 0.9964754259 0 -108.8111898 51.54714878 -19.12728425 1


mesh: pSphereShape6 tranform: pSphere6 -1.080424237 -5.761660476 -1.498836465 0 1.496987362 0.2128896418 -1.897458015 0 1.825997522 -0.6968314877 1.362426461 0 -110.0002807 44.59197293 -22.00616417 1


mesh: pSphereShape7 tranform: pSphere7 1.427535352 -5.432879526 -1.016107701 0 1.441980065 0.6836490283 -1.62945846 0 2.117150337 0.1909081771 1.953656904 0 -108.9549567 34.13776655 -23.25090489 1


mesh: pSphereShape8 tranform: pSphere8 -0.7953765862 -4.223754703 0.0779932211 0 0.5877918401 -0.1254453001 -0.7992272702 0 2.057493238 -0.3584667537 1.569448082 0 -107.7084753 26.36442451 -24.07014669 1


mesh: pSphereShape10 tranform: pSphere10 0.7474510775 -0.8057164343 -4.018690315 0 0.1330414797 3.448337834 -0.6666202809 0 4.982268506 -0.01259383508 0.9291955165 0 -108.1056334 61.68103865 -17.47966944 1


mesh: pSphereShape11 tranform: pSphere11 0.142751568 -0.2053021478 -0.968231903 0 2.73858632 2.75782793 -0.1810005491 0 1.811394735 -1.756780619 0.6395681354 0 -107.019611 57.37858927 -15.91595249 1


mesh: pSphereShape12 tranform: pSphere12 0.811526791 -1.211175331 -7.03562319 0 1.637117745 3.367042295 -0.3907988788 0 5.292264669 -2.45332609 1.032775975 0 -111.5881864 48.30629901 -14.66429195 1


mesh: pSphereShape13 tranform: pSphere13 0.7643115607 -0.7892832735 -4.851788488 0 2.519326222 3.956868229 -0.2468243939 0 3.687831023 -2.288568344 0.9532527254 0 -113.1447665 43.31353037 -14.21466987 1


mesh: pSphereShape14 tranform: pSphere14 1.021700141 -0.5510376477 -4.895063822 0 2.758575316 4.742790961 0.04187492191 0 3.64502679 -2.128909854 1.000443313 0 -115.2025752 39.42967975 -14.06566827 1


mesh: pSphereShape15 tranform: pSphere15 0.8543670859 -0.1710365634 -3.333943288 0 2.28644591 8.319147073 0.1591466193 0 3.979471365 -1.114325821 1.076958875 0 -120.0982757 26.75854232 -10.1987502 1


mesh: pSphereShape16 tranform: pSphere16 0.6953496903 0.02207571947 -2.166580525 0 6.258258223 4.943113344 2.05891295 0 1.084422832 -1.511490664 0.3326374571 0 -127.5139066 13.58904437 -11.1548751 1


mesh: pSphereShape17 tranform: pSphere17 1.026694526 0.1419570836 -2.331546505 0 1.704507344 1.405640181 0.8361612932 0 3.562133403 -5.069012094 1.25995372 0 -133.0555255 3.521810188 -12.72959726 1


mesh: pSphereShape18 tranform: pSphere18 1.013374389 -0.3069181286 -2.702845021 0 -3.517348737 7.022756425 -2.116215448 0 2.757803838 1.63681443 0.8481136502 0 -112.7831717 27.14722304 -15.84547532 1


mesh: pSphereShape19 tranform: pSphere19 0.6493483016 -0.2719045841 -1.832422221 0 2.923984714 9.315054912 -0.3460565021 0 2.046982444 -0.6122223775 0.8162259917 0 -110.7836401 12.23739397 -13.56815603 1


mesh: pSphereShape20 tranform: pSphere20 -0.0871499464 0.1545713157 -2.614721091 0 -0.03488305831 1.857163545 0.1109503687 0 5.942485196 0.1230159288 -0.1907937845 0 -108.4316102 2.974510728 -12.61076583 1


mesh: pSphereShape21 tranform: pSphere21 1.217635257 -0.6567121218 -5.833807839 0 -0.5076139257 3.233605663 -0.469956626 0 5.813523035 1.071432206 1.09279021 0 -118.1238354 36.57162617 -14.45034638 1


