mesh: pSphereShape1 tranform: pSphere1 -0.06583852614 3.101072469 -1.222245737 0 0.6058142799 0.6816728968 1.696901917 0 3.27171279 -0.3374735071 -1.03247204 0 -144.8148456 33.14891798 -14.72855158 1


mesh: pSphereShape2 tranform: pSphere2 0.4017937425 5.651591746 -1.641685007 0 1.473304626 0.6925942208 2.744877575 0 2.655418416 -0.5616389428 -1.283573585 0 -144.961167 40.54100606 -17.82065836 1


mesh: pSphereShape3 tranform: pSphere3 1.687765276 6.116550601 -2.049818779 0 1.257339478 0.5612901929 2.710119467 0 2.647870121 -1.068186799 -1.00722824 0 -143.6615874 50.67385197 -20.98492922 1


mesh: pSphereShape4 tranform: pSphere4 1.551200015 -0.5230213836 -3.763413601 0 0.8348867903 3.269647683 -0.1102773433 0 3.492018178 -0.8391890029 1.555963034 0 -140.6355051 56.31220619 -25.42055858 1


mesh: pSphereShape5 tranform: pSphere5 2.144110505 -0.5664649323 -3.615310876 0 0.7363470747 3.058049698 -0.04244957682 0 3.331288429 -0.7730340839 2.096789869 0 -137.3365469 55.85245212 -31.21316681 1


mesh: pSphereShape6 tranform: pSphere6 1.22780767 -5.610846228 -1.903011208 0 1.692966782 0.8789798404 -1.499299168 0 1.636680597 -0.2241006859 1.716712684 0 -135.4667945 49.05818169 -34.34921901 1


mesh: pSphereShape7 tranform: pSphere7 3.155236583 -4.652863291 -0.9908871226 0 1.456814436 1.250169698 -1.231496976 0 1.545348101 0.5415500023 2.37784979 0 -130.9289734 39.57042953 -35.81638329 1


mesh: pSphereShape8 tranform: pSphere8 -0.05872633509 -4.286522938 -0.3179354792 0 0.7733100636 0.03635456889 -0.6329849057 0 1.655987943 -0.1720099582 2.013221456 0 -127.6269332 32.40079391 -36.72924365 1


mesh: pSphereShape10 tranform: pSphere10 2.264741066 -0.4285668295 -3.470592501 0 0.2821606345 3.494608857 -0.24740809 0 4.234485807 -0.1450039066 2.781126785 0 -137.6169574 65.80429028 -28.49772288 1


mesh: pSphereShape11 tranform: pSphere11 0.5051402568 -0.1107600242 -0.8559004253 0 2.447858824 2.825205582 1.079088372 0 1.537882101 -1.766459128 1.136229387 0 -137.1235231 61.44233378 -27.07517376 1


mesh: pSphereShape12 tranform: pSphere12 2.962691897 -0.9581185047 -6.475336342 0 0.6484988781 3.699521283 -0.250686195 0 5.29955059 -0.7570775627 2.536749405 0 -140.2906125 51.96023738 -27.43398517 1


mesh: pSphereShape13 tranform: pSphere13 2.069567432 -0.8601039341 -4.441182685 0 1.011002101 4.568534213 -0.4136459495 0 3.926065461 -0.6910585468 1.963359764 0 -140.2688831 46.79883514 -26.75505114 1


mesh: pSphereShape14 tranform: pSphere14 2.068282056 -0.6294872678 -4.542589417 0 0.9932707572 5.388161955 -0.2944169374 0 3.875791637 -0.6134061649 1.849685475 0 -140.8947479 42.45248989 -26.35986723 1


mesh: pSphereShape15 tranform: pSphere15 0.6530281719 -0.2711182276 -3.372598936 0 -2.401028968 8.211622729 -1.125025605 0 4.021290679 1.268506233 0.6766594493 0 -140.4086355 29.66984889 -21.52411802 1


mesh: pSphereShape16 tranform: pSphere16 0.4890096378 0.03437860975 -2.22210652 0 3.436524508 7.434410365 0.8712805982 0 1.668714839 -0.8129197891 0.3546502294 0 -140.3831599 14.85376771 -20.15050682 1


mesh: pSphereShape17 tranform: pSphere17 0.8292870509 0.1740570039 -2.406730088 0 0.8285494621 2.167545625 0.4422522668 0 5.552618955 -2.476331932 1.734175387 0 -140.7695103 3.42355683 -19.81604251 1


mesh: pSphereShape18 tranform: pSphere18 0.7798338436 -0.0565548843 -2.795560466 0 -0.364143856 8.121940678 -0.2658884067 0 3.191822949 0.1721382488 0.8868906002 0 -139.9263147 28.53036518 -29.92788365 1


mesh: pSphereShape19 tranform: pSphere19 0.5073276775 -0.02008034755 -1.896199336 0 2.267745324 9.488979576 0.5062484426 0 2.144735396 -0.5434856835 0.5795788384 0 -140.9744562 12.21308556 -30.38274654 1


mesh: pSphereShape20 tranform: pSphere20 -0.1495745832 0.1622125418 -2.611430321 0 -0.06460756148 1.855869816 0.1189803942 0 5.933534957 0.2274439053 -0.3257263872 0 -137.9826949 2.896220318 -30.37452388 1


mesh: pSphereShape21 tranform: pSphere21 2.464923954 -0.750206308 -5.413738148 0 -1.43649525 2.790701865 -1.040769528 0 4.817779243 3.135931378 1.759018205 0 -142.5888064 38.73080519 -26.71964104 1


