mesh: pSphereShape1 tranform: pSphere1 2.144301635 2.516342709 -0.4299531143 0 1.118958315 -0.7150565773 1.395632966 0 1.719995649 -1.864547114 -2.334324418 0 94.82890441 31.32723641 -13.70138274 1


mesh: pSphereShape2 tranform: pSphere2 3.664409611 4.599351053 -0.4638202469 0 1.410480645 -0.8480291844 2.734237925 0 1.942908938 -1.702276296 -1.530230926 0 99.38931136 37.74190459 -15.10875372 1


mesh: pSphereShape3 tranform: pSphere3 3.981347471 5.145075336 -1.462727591 0 1.491111304 -0.4098077565 2.617124653 0 1.921752186 -1.882155535 -1.389642767 0 105.5698679 46.43407679 -16.72899008 1


mesh: pSphereShape4 tranform: pSphere4 0.6369081676 0.2287247691 -4.047849769 0 0.3234104032 3.352230891 0.2403055991 0 3.848367886 -0.4130097868 0.5821835059 0 109.6390945 51.99568772 -20.86077885 1


mesh: pSphereShape5 tranform: pSphere5 1.128272313 0.2754884058 -4.079175509 0 0.3281352636 3.114058716 0.3010689296 0 3.844183621 -0.5045736361 1.029198609 0 111.3515453 52.8418991 -27.27528646 1


mesh: pSphereShape6 tranform: pSphere6 3.205124918 -4.959409204 -1.319845948 0 0.8130226043 1.06389479 -2.023304772 0 1.856341773 0.8782824879 1.207750814 0 114.8644022 47.07317443 -30.22053057 1


mesh: pSphereShape7 tranform: pSphere7 5.453292774 -1.580253782 -0.5923747918 0 0.220471941 1.423645102 -1.768175366 0 0.8066278915 2.109269964 1.798854758 0 123.448002 41.60548122 -30.95967796 1


mesh: pSphereShape8 tranform: pSphere8 3.034777135 -3.00324555 0.4994542555 0 0.5663794222 0.4584273062 -0.6848786425 0 1.110871566 1.43506008 1.879231505 0 130.7780052 38.5862514 -30.85126778 1


mesh: pSphereShape10 tranform: pSphere10 0.4836070021 0.2377566624 -4.131262516 0 -0.2314410739 3.502728105 0.1744915548 0 5.022856195 0.3017271567 0.6053418438 0 110.5310328 62.18795211 -23.36509317 1


mesh: pSphereShape11 tranform: pSphere11 0.1196700811 0.07817809319 -0.9897309015 0 2.377083836 3.034771133 0.5271316023 0 2.03716208 -1.616282702 0.1186478582 0 112.069307 57.81012426 -22.79989478 1


mesh: pSphereShape12 tranform: pSphere12 0.7845237303 0.3371182873 -7.13417051 0 0.04599024732 3.759568227 0.1827121514 0 5.888113339 -0.1032592254 0.642619077 0 110.0768823 48.05554572 -23.5736292 1


mesh: pSphereShape13 tranform: pSphere13 0.3989377229 -0.06135122544 -4.958233203 0 0.229648795 4.691527303 -0.03957364928 0 4.424041694 -0.2135306283 0.3585990033 0 110.9821067 42.93265048 -23.79310325 1


mesh: pSphereShape14 tranform: pSphere14 0.1524835172 -0.08844403589 -5.027732085 0 0.1583098344 5.483802768 -0.09166558612 0 4.334329082 -0.122892636 0.1336154856 0 111.0742166 38.52443394 -23.76973764 1


mesh: pSphereShape15 tranform: pSphere15 -0.3983675851 0.1855119843 -3.417786278 0 -4.449419807 7.33644807 0.9168225887 0 3.625613105 2.236507238 -0.301197254 0 115.9641388 26.52567379 -20.66106377 1


mesh: pSphereShape16 tranform: pSphere16 -0.2653090826 0.3162855505 -2.237776629 0 1.120064456 8.096996386 1.011628979 0 1.859203141 -0.2256605607 -0.2523203822 0 120.3442326 12.09531717 -21.70251274 1


mesh: pSphereShape17 tranform: pSphere17 0.2240139011 -0.01602980407 -2.541637934 0 0.1814004428 2.355297838 0.00113362251 0 6.279120921 -0.4838734761 0.5564784626 0 123.5643904 1.237763041 -22.14169791 1


mesh: pSphereShape18 tranform: pSphere18 -0.6046155365 0.1905070342 -2.832780387 0 -1.784605979 7.883800665 0.911090742 0 3.161792198 0.7875815246 -0.6218727276 0 112.5226295 24.95850065 -28.82201392 1


mesh: pSphereShape19 tranform: pSphere19 -0.5328629983 0.02404070904 -1.889136201 0 8.720654197 3.683426064 -2.412934423 0 0.8229913319 -2.118191125 -0.2590943126 0 107.9651537 13.40697029 -28.45576391 1


mesh: pSphereShape20 tranform: pSphere20 -1.45093828 0.8891872044 -1.99308254 0 1.546414425 0.3100230434 -0.9874570281 0 -0.3172169214 -5.505627501 -2.2253325 0 99.8290396 5.064043747 -27.1973735 1


mesh: pSphereShape21 tranform: pSphere21 0.1817258305 -0.1054052671 -5.991918373 0 -2.046726442 2.595003515 -0.107723447 0 4.718167501 3.72452479 0.07757588603 0 109.8236553 34.6151758 -23.83302791 1


