mesh: pSphereShape1 tranform: pSphere1 -0.2188249825 3.278867541 -0.5621504141 0 1.311455251 0.3230305665 1.373645287 0 2.515002258 -0.2343713544 -2.346023268 0 -59.66237146 31.92602221 -2.82430224 1


mesh: pSphereShape2 tranform: pSphere2 0.2107643755 5.831983916 -0.8605806839 0 2.797867679 0.1246647783 1.530052719 0 1.440234296 -0.4354375613 -2.598146593 0 -60.36666267 39.76257871 -4.338246308 1


mesh: pSphereShape3 tranform: pSphere3 1.220512455 6.286997371 -1.85647874 0 2.577227148 -0.0243686353 1.61183224 0 1.506878655 -1.008508967 -2.424659631 0 -59.54167393 50.21496748 -6.388998437 1


mesh: pSphereShape4 tranform: pSphere4 -0.9648214137 0.3066593441 -3.97720184 0 0.7522498863 3.29071994 0.07124185071 0 3.703015868 -0.8256736457 -0.9619701733 0 -58.80466201 56.64819083 -10.92001474 1


mesh: pSphereShape5 tranform: pSphere5 -0.670140365 0.2949545484 -4.177616403 0 0.7170471383 3.061257354 0.1011125744 0 3.854060217 -0.8802745741 -0.6803885364 0 -59.80317906 57.54124332 -17.4984818 1


mesh: pSphereShape6 tranform: pSphere6 1.115310991 -5.109481749 -3.042997926 0 1.035138877 1.2852064 -1.778587107 0 2.109505212 -0.1892678603 1.090968547 0 -59.10485408 51.57847025 -22.02518053 1


mesh: pSphereShape7 tranform: pSphere7 4.143385945 -3.346847826 -2.053649077 0 0.6956467433 1.694799225 -1.358509687 0 1.780070658 0.9314126812 2.073491174 0 -53.42698819 43.7555243 -25.70851149 1


mesh: pSphereShape8 tranform: pSphere8 1.478564864 -3.954953588 -0.8068449067 0 0.6166325304 0.3720661361 -0.6937803059 0 1.849979749 0.321048346 1.816438 0 -48.17601099 38.22397517 -27.87142241 1


mesh: pSphereShape10 tranform: pSphere10 -0.2586574915 0.05933239993 -4.15780109 0 -0.4121882138 3.489631236 0.07543981992 0 5.023372848 0.5999214279 -0.3039438911 0 -59.4286709 66.91762553 -13.82158072 1


mesh: pSphereShape11 tranform: pSphere11 -0.1114296942 0.02615198054 -0.993428154 0 2.255644509 3.165676916 -0.1696721157 0 2.101136429 -1.511890811 -0.2754783299 0 -57.53669287 62.64876702 -13.50094521 1


mesh: pSphereShape12 tranform: pSphere12 -1.397978693 0.4933534386 -7.03048882 0 0.5434135209 3.721708104 0.1531098327 0 5.747490747 -0.7899045173 -1.198291033 0 -59.89289522 52.78439315 -13.56635935 1


mesh: pSphereShape13 tranform: pSphere13 -1.051948695 0.3577164651 -4.848962224 0 1.034156705 4.580650058 0.1135694867 0 4.23157675 -0.930884525 -0.986684189 0 -59.85054171 47.58620415 -14.14999982 1


mesh: pSphereShape14 tranform: pSphere14 -1.106182413 0.3439336053 -4.89563414 0 1.218378637 5.348926444 0.1004826998 0 4.120867054 -0.9199454738 -0.9957506395 0 -60.58831546 43.21868838 -14.30678543 1


mesh: pSphereShape15 tranform: pSphere15 -0.7694018562 0.1832284036 -3.353926446 0 -0.368570983 8.603370658 0.5545622719 0 4.158757803 0.2388171887 -0.940986015 0 -59.81506372 29.71620045 -10.81469283 1


mesh: pSphereShape16 tranform: pSphere16 -0.4675992064 0.2261948428 -2.215458547 0 3.223487446 7.578897422 0.0934376947 0 1.695118139 -0.715662813 -0.4308431476 0 -61.39671612 14.09041857 -10.79426934 1


mesh: pSphereShape17 tranform: pSphere17 -0.2195203872 0.1751241494 -2.536041187 0 1.042001354 2.119296025 0.05615026038 0 5.647840476 -2.758892266 -0.6793914855 0 -61.45811297 2.310023717 -11.11919019 1


mesh: pSphereShape18 tranform: pSphere18 -0.5803276754 0.02189519784 -2.844158573 0 -2.279758919 7.79077292 0.5251422065 0 3.114456104 0.953701365 -0.6281378289 0 -59.86597712 29.84432269 -18.68488254 1


mesh: pSphereShape19 tranform: pSphere19 -0.4892199958 -0.08654877359 -1.899086523 0 7.763756244 5.486444827 -2.25004486 0 1.265883074 -1.889742969 -0.2399787321 0 -63.14329977 17.00793175 -18.0120116 1


mesh: pSphereShape20 tranform: pSphere20 -1.167353143 0.6155677878 -2.264203331 0 1.485358604 1.007084871 -0.4920092705 0 2.411301996 -4.801559751 -2.548590226 0 -68.32081946 7.429039933 -17.23821201 1


mesh: pSphereShape21 tranform: pSphere21 -1.318318998 0.4098909913 -5.834487529 0 -1.452304293 2.922492504 0.5334665084 0 5.236517316 2.782533869 -0.9877242289 0 -62.56790703 39.62399715 -14.20870066 1


