mesh: pSphereShape1 tranform: pSphere1 1.304708741 2.887836575 -1.035859462 0 -0.5982445711 0.8517488433 1.621046679 0 2.986279976 -0.8026036911 1.52379483 0 18.37137634 32.9612634 1.553948016 1


mesh: pSphereShape2 tranform: pSphere2 2.058206084 5.31467315 -1.521543348 0 -1.350484855 1.267099215 2.599099155 0 2.510503875 -0.5254491786 1.560615222 0 21.51441836 39.72447896 -1.360912219 1


mesh: pSphereShape3 tranform: pSphere3 3.147597817 5.795305996 -0.9846604997 0 -1.424585143 1.183311293 2.41060746 0 2.260743675 -0.9238263191 1.789505774 0 25.7024919 49.25058358 -3.921359318 1


mesh: pSphereShape4 tranform: pSphere4 3.90694441 0.2121107345 -1.238486657 0 -0.03213854576 3.343163772 0.4711858688 0 1.197761222 -0.5087436651 3.691340954 0 31.2774465 55.30889225 -5.322244211 1


mesh: pSphereShape5 tranform: pSphere5 4.188039152 0.2101557671 -0.6361821447 0 -0.1029343444 3.124021421 0.3543608626 0 0.6199402051 -0.4265167107 3.940222034 0 37.80514983 56.09234361 -6.5303079 1


mesh: pSphereShape6 tranform: pSphere6 2.261912387 -5.455800378 1.31474458 0 2.130201887 1.017917913 0.5592165254 0 -0.7123262331 0.2492372691 2.25976084 0 41.63839138 49.7598332 -5.49119646 1


mesh: pSphereShape7 tranform: pSphere7 2.419912245 -4.18006603 3.042627926 0 1.789242794 1.347841666 0.428661225 0 -1.306752113 0.9771963363 2.381812968 0 45.14742156 41.05079213 -0.4735526448 1


mesh: pSphereShape8 tranform: pSphere8 0.4043369059 -4.251724173 0.4880203566 0 0.8556242626 0.1386102641 0.4986926066 0 -1.329687379 0.1312229823 2.244917844 0 47.45337717 34.42783147 3.250462591 1


mesh: pSphereShape10 tranform: pSphere10 3.972002834 0.1441486669 -1.249059079 0 0.0598489433 3.464288503 0.5901183972 0 1.527108994 -0.8371464498 4.759588882 0 34.62123508 65.12712781 -3.703714748 1


mesh: pSphereShape11 tranform: pSphere11 0.9670186942 0.06891463626 -0.2452052569 0 0.559802578 2.515764649 2.914752207 0 0.5471215075 -1.977662327 1.601869596 0 34.19121551 60.59374457 -3.015385342 1


mesh: pSphereShape12 tranform: pSphere12 7.060853185 0.3556696269 -1.281938575 0 -0.1325752074 3.749158828 0.3099741702 0 1.076835108 -0.4421569681 5.808478614 0 33.84484674 51.35800301 -6.297400822 1


mesh: pSphereShape13 tranform: pSphere13 4.855384819 0.4778952209 -0.9715174713 0 -0.3682614994 4.660961026 0.4522818357 0 0.9022133752 -0.3495686749 4.337066549 0 34.51915362 46.24005823 -5.769185881 1


mesh: pSphereShape14 tranform: pSphere14 4.928726881 0.3538142829 -0.9442617623 0 -0.3265182634 5.466321211 0.3439122398 0 0.8303230414 -0.2179377191 4.252344187 0 34.85579889 41.85289296 -5.852788383 1


mesh: pSphereShape15 tranform: pSphere15 3.434824176 0.1453283535 -0.2350255691 0 -0.3299816318 8.608259493 0.5003510584 0 0.3010096688 -0.2356895169 4.253421967 0 30.78649826 28.38893887 -5.829802134 1


mesh: pSphereShape16 tranform: pSphere16 2.268355257 0.08811158746 -0.1577037528 0 -0.2163072028 8.110240704 1.420033439 0 0.1415772312 -0.3213437477 1.856857202 0 30.52131531 12.23261815 -6.910332327 1


mesh: pSphereShape17 tranform: pSphere17 2.513446515 -0.04557754331 0.4368888567 0 0.05087813114 2.361270113 -0.04637007855 0 -1.079857992 0.145565186 6.22767042 0 29.653811 1.822336663 -3.954682362 1


mesh: pSphereShape18 tranform: pSphere18 2.887069564 0.3015434697 0.01996164553 0 -0.7941406773 7.756765442 -2.31757378 0 -0.1199281819 0.937741689 3.179653756 0 39.31745894 28.09882071 -4.400269754 1


mesh: pSphereShape19 tranform: pSphere19 1.955769179 0.166355563 -0.02548061332 0 -0.7286401603 9.099340352 3.480054369 0 0.09669864358 -0.8095300492 2.136934418 0 41.17892119 12.58353495 -4.292740846 1


mesh: pSphereShape20 tranform: pSphere20 2.60624227 -0.08577794682 -0.2615285054 0 0.0937257772 1.828102816 0.3344231104 0 0.5480358084 -1.092742379 5.819814115 0 41.65889429 2.653030811 -2.621702825 1


mesh: pSphereShape21 tranform: pSphere21 5.873926584 0.4216665221 -1.125346241 0 -0.5570417631 2.633408858 -1.920832885 0 0.6529901199 3.611213569 4.7615069 0 34.96422915 37.98945593 -7.23564976 1


