mesh: pSphereShape1 tranform: pSphere1 -0.7597628829 3.151412021 -0.7786093012 0 1.633523503 0.5982789834 0.827543485 0 1.649845372 -0.3452066945 -3.007130534 0 73.03435275 30.69394181 24.3399704 1


mesh: pSphereShape2 tranform: pSphere2 -0.8789332426 5.717428003 -1.155660208 0 2.758636285 0.7144812062 1.436700605 0 1.441733906 -0.307053792 -2.615600835 0 70.88898099 38.16534605 22.4066875 1


mesh: pSphereShape3 tranform: pSphere3 -0.3257349901 6.295347344 -2.173706153 0 2.561590035 0.6510578427 1.501691364 0 1.623465364 -0.7586400312 -2.440404364 0 69.45205822 48.47200682 19.8386739 1


mesh: pSphereShape4 tranform: pSphere4 -1.199021814 0.2494066197 -3.91703942 0 0.4763292228 3.341918166 0.06698104268 0 3.702288899 -0.5043357552 -1.16539798 0 68.64323589 54.92086238 15.07817244 1


mesh: pSphereShape5 tranform: pSphere5 -0.8370361092 0.2529352003 -4.150175833 0 0.3743445788 3.121278674 0.1147279865 0 3.903456428 -0.4382341636 -0.8139845064 0 67.26300201 55.76808571 8.566966467 1


mesh: pSphereShape6 tranform: pSphere6 0.5795450751 -5.458264632 -2.545983785 0 0.544068075 1.046703242 -2.120151488 0 2.310530973 -0.02539239539 0.580386752 0 67.51709723 49.42778442 4.462937389 1


mesh: pSphereShape7 tranform: pSphere7 2.537791932 -4.312316602 -2.747735362 0 0.4570747216 1.385846382 -1.752806287 0 2.520582604 0.7079120863 1.216992437 0 71.4488339 40.4577165 0.3356205913 1


mesh: pSphereShape8 tranform: pSphere8 0.06777246245 -4.284611935 -0.3410544038 0 0.3646690223 0.07961514418 -0.9277272945 0 2.432209444 -0.03737410486 0.952840237 0 74.36282971 33.59688026 -2.414113586 1


mesh: pSphereShape10 tranform: pSphere10 -1.029659837 0.1268125788 -4.035028268 0 0.09470492744 3.512365815 0.08621954627 0 4.909072583 -0.1015358683 -1.255889814 0 69.038178 65.04265127 12.09227486 1


mesh: pSphereShape11 tranform: pSphere11 -0.2254999546 0.05632856626 -0.9726134191 0 2.584167049 2.876318182 -0.4325569281 0 1.8554212 -1.746870908 -0.5313479332 0 70.3508686 60.59849179 12.31962845 1


mesh: pSphereShape12 tranform: pSphere12 -1.464361432 0.4228047859 -7.021566549 0 0.2960486469 3.74904105 0.1640076 0 5.780896797 -0.4026948061 -1.229865664 0 67.69892626 50.99508168 12.46229104 1


mesh: pSphereShape13 tranform: pSphere13 -1.020349674 0.5036619262 -4.842747462 0 0.4801952521 4.656965804 0.3831645801 0 4.325417921 -0.3678764436 -0.949610559 0 68.21813476 45.8758124 11.74758622 1


mesh: pSphereShape14 tranform: pSphere14 -0.937384607 0.4192493954 -4.92490645 0 0.4775507195 5.453267381 0.3733330527 0 4.245400924 -0.3146229681 -0.8348339217 0 68.06143948 41.47535425 11.39095774 1


mesh: pSphereShape15 tranform: pSphere15 -0.3299645545 0.2186279278 -3.423112574 0 0.4165042521 8.603977847 0.5093721489 0 4.245944281 -0.1806259683 -0.4208161325 0 68.03634016 27.93338287 15.15605698 1


mesh: pSphereShape16 tranform: pSphere16 -0.193446339 0.2028361278 -2.25820852 0 2.900332961 7.696184586 0.4428313321 0 1.761417378 -0.651745618 -0.2094303058 0 65.8012857 12.13293904 15.01692192 1


mesh: pSphereShape17 tranform: pSphere17 0.4241163065 -0.1553113367 -2.51124796 0 0.1744418584 2.352963062 -0.1160611004 0 6.216818608 -0.407863959 1.075162662 0 66.95283375 1.77387709 15.65738266 1


mesh: pSphereShape18 tranform: pSphere18 -0.173014157 0.09301819913 -2.896189102 0 -3.9159902 7.114800299 0.4624448223 0 2.900800488 1.604516156 -0.1217566724 0 71.13389456 28.5202932 7.145938751 1


mesh: pSphereShape19 tranform: pSphere19 -0.1591592407 -0.01457236801 -1.956479618 0 3.6467727 9.055835647 -0.3641144721 0 2.113730214 -0.8578531538 -0.1655620334 0 72.8634036 13.7635732 6.473702058 1


mesh: pSphereShape20 tranform: pSphere20 -0.8806356966 0.233531152 -2.457274457 0 0.5242888236 1.785321369 -0.01822315667 0 5.344536804 -1.590604228 -2.066535756 0 74.11113724 3.419754438 5.787746385 1


mesh: pSphereShape21 tranform: pSphere21 -1.117150229 0.4996503617 -5.869373494 0 -1.855662344 2.674663126 0.5808882351 0 4.848075661 3.499271765 -0.6248735805 0 66.58451786 37.64794204 11.25015025 1


