mesh: pSphereShape1 tranform: pSphere1 1.235840567 3.018037379 0.692111468 0 -1.257149758 0.7954595642 -1.223921388 0 -2.278184215 0.3448546757 2.564165244 0 104.1819348 28.55270475 -30.51952156 1


mesh: pSphereShape2 tranform: pSphere2 1.360235667 5.62393691 1.148107004 0 -2.706673123 0.9413602871 -1.404431413 0 -1.432050965 -0.1909343667 2.631923349 0 107.1013841 35.78578682 -28.67462991 1


mesh: pSphereShape3 tranform: pSphere3 -0.3801898174 6.25733472 2.272381528 0 -2.556594395 0.4218997592 -1.589503841 0 -1.628827329 -0.9580288138 2.36555496 0 108.3294395 45.93049878 -26.03666924 1


mesh: pSphereShape4 tranform: pSphere4 0.6061319035 -0.3132973393 4.046912858 0 -1.426291502 3.027340431 0.4479904927 0 -3.500216172 -1.707103034 0.392091925 0 107.7856001 51.68747702 -20.98333127 1


mesh: pSphereShape5 tranform: pSphere5 -0.1963823572 -0.5938574574 4.194917448 0 -1.300371913 2.843929006 0.3417274272 0 -3.647927048 -1.61991964 -0.4001008105 0 107.6353987 51.26791135 -14.3413619 1


mesh: pSphereShape6 tranform: pSphere6 0.4287173406 -5.761720416 1.797035897 0 -1.242635153 0.5356418849 2.013848487 0 -2.039276899 -0.5025133225 -1.124667517 0 108.3143632 44.3777066 -11.15631614 1


mesh: pSphereShape7 tranform: pSphere7 -2.408844604 -4.977105713 1.41859028 0 -1.115640852 1.025748807 1.704406715 0 -2.20381542 0.5594872032 -1.779246595 0 105.6410436 34.41239523 -9.184084171 1


mesh: pSphereShape8 tranform: pSphere8 0.1086790575 -4.29369235 -0.1766508129 0 -0.5321702307 -0.04824563437 0.8452616189 0 -2.210819408 0.001304235369 -1.391840496 0 103.0381611 27.00966132 -8.02924973 1


mesh: pSphereShape10 tranform: pSphere10 -0.2697223127 -0.5602257599 4.119603246 0 0.005691804081 3.482590365 0.4739708955 0 -5.057552463 0.05236295304 -0.324011705 0 106.8787103 61.31250057 -16.46652704 1


mesh: pSphereShape11 tranform: pSphere11 -0.0212976369 -0.1532475206 0.9879583028 0 -2.61109881 2.858417474 0.3870964546 0 -1.92911035 -1.720426615 -0.308450877 0 105.5588786 56.98666363 -17.60239151 1


mesh: pSphereShape12 tranform: pSphere12 0.20108809 -0.8470113461 7.132156087 0 -1.389854973 3.469091707 0.4511739899 0 -5.502900318 -2.191016335 -0.1050521009 0 109.5492052 47.67967156 -18.98838759 1


mesh: pSphereShape13 tranform: pSphere13 -0.03855391102 -0.5360430755 4.945519507 0 -2.189061546 4.133642461 0.430978693 0 -3.931496412 -2.055585321 -0.2534530171 0 110.7309369 42.58923256 -19.40603026 1


mesh: pSphereShape14 tranform: pSphere14 -0.2637360598 -0.2497958523 5.017689589 0 -2.410202821 4.927718116 0.1186335146 0 -3.890541807 -1.895713001 -0.2988661185 0 112.4798237 38.56454061 -19.65719984 1


mesh: pSphereShape15 tranform: pSphere15 -0.343225844 -0.04090171175 3.428541606 0 -1.797924895 8.439345169 -0.07930795581 0 -4.155126842 -0.8892202346 -0.4265713284 0 116.0513651 25.40776397 -23.66510261 1


mesh: pSphereShape16 tranform: pSphere16 -0.4133138702 0.1465883363 2.232880024 0 -7.029015219 3.99842654 -1.563591478 0 -0.9233093148 -1.647661468 -0.06273896998 0 123.4526357 12.92436314 -23.14776274 1


mesh: pSphereShape17 tranform: pSphere17 -0.9236482067 -0.1595317976 2.373138463 0 -2.187344437 0.3290273822 -0.829216865 0 -0.6802650168 -6.248156638 -0.6847915736 0 132.1589974 3.686363375 -21.71970709 1


mesh: pSphereShape18 tranform: pSphere18 -0.5103477192 -0.2342702186 2.848009878 0 3.483451847 7.24880674 1.220484265 0 -2.940384756 1.481217239 -0.4050595387 0 110.5084876 26.18052125 -16.85898789 1


mesh: pSphereShape19 tranform: pSphere19 -0.3024033805 -0.2277608047 1.926144783 0 -3.751141405 9.007876285 0.4762276012 0 -2.082253128 -0.8445478659 -0.4267775163 0 109.2404606 11.25518006 -18.18920123 1


mesh: pSphereShape20 tranform: pSphere20 -0.05634856753 0.2447321694 2.608674911 0 -0.02933005504 1.852377605 -0.1744138737 0 -5.94470609 -0.1052873786 -0.1185308536 0 107.702054 2.018742 -19.35552014 1


mesh: pSphereShape21 tranform: pSphere21 -0.3143136737 -0.2977001024 5.979949991 0 0.7887302527 3.205032777 0.2010129334 0 -5.829568335 1.4492975 -0.2342589867 0 115.22952 35.51793947 -19.5700217 1


