mesh: pSphereShape1 tranform: pSphere1 -0.6047312178 3.249465551 -0.4360545802 0 1.893711146 0.3388821156 -0.1009059153 0 -0.09667937758 -0.4759824028 -3.41292914 0 -137.7841909 30.98726636 -7.850268875 1


mesh: pSphereShape2 tranform: pSphere2 -0.3626851033 5.810404052 -0.9511684407 0 3.18370015 0.1771777388 -0.131634273 0 -0.09510453083 -0.4905724158 -2.960496622 0 -139.4029593 38.76315586 -8.912489501 1


mesh: pSphereShape3 tranform: pSphere3 -0.3257422301 6.313586259 -2.120146329 0 3.035370233 0.1636567389 0.02099509285 0 0.07162665002 -0.9602273675 -2.87046703 0 -140.1982983 49.22998166 -11.10029386 1


mesh: pSphereShape4 tranform: pSphere4 -3.036932401 0.2231857557 -2.751414999 0 0.71819749 3.25647011 -0.5285714753 0 2.497524746 -1.011585961 -2.838752206 0 -142.3761026 55.59471382 -15.22484862 1


mesh: pSphereShape5 tranform: pSphere5 -2.826977932 0.1957775526 -3.155698343 0 0.6696527094 3.046044184 -0.4109221526 0 2.86589399 -0.984634803 -2.628447828 0 -146.8293221 56.33837568 -20.17434217 1


mesh: pSphereShape6 tranform: pSphere6 -1.956868578 -5.39828997 -1.907797025 0 -0.5572375485 0.963845364 -2.155719952 0 2.186995066 -0.512077394 -0.7942771927 0 -149.9302453 50.02551681 -23.17048854 1


mesh: pSphereShape7 tranform: pSphere7 -0.1400045361 -4.629726863 -3.336546102 0 -0.3659617287 1.323474901 -1.821072095 0 2.848845843 0.2142338369 -0.4168069159 0 -150.5766974 40.59144352 -27.96750272 1


mesh: pSphereShape8 tranform: pSphere8 -0.6947147085 -4.242184811 0.007081325804 0 -0.269685205 0.04255872794 -0.9620076116 0 2.479982194 -0.4073209731 -0.7132475468 0 -150.8289799 33.40983577 -31.35653395 1


mesh: pSphereShape10 tranform: pSphere10 -1.739427513 0.2158199976 -3.779622678 0 0.3045658312 3.500969407 0.05974380033 0 4.584351979 -0.3624580607 -2.130470247 0 -142.6778051 65.62647549 -17.92705612 1


mesh: pSphereShape11 tranform: pSphere11 -0.511377401 0.03891083792 -0.8584748689 0 2.483803441 2.66893238 -1.358584387 0 1.497586628 -1.891451254 -0.9778153572 0 -141.7082483 61.06221922 -18.29879124 1


mesh: pSphereShape12 tranform: pSphere12 -4.917949367 0.3270542711 -5.228032576 0 0.5540435851 3.71205975 -0.2889640187 0 4.229915003 -0.9456877534 -4.038191944 0 -144.7885906 51.69340629 -16.66126477 1


mesh: pSphereShape13 tranform: pSphere13 -3.421498125 0.1985406186 -3.605679407 0 0.7808169823 4.606256623 -0.4872964573 0 3.140007588 -0.8524490899 -3.026551896 0 -144.9751835 46.50409223 -17.0535294 1


mesh: pSphereShape14 tranform: pSphere14 -3.477103896 0.219783031 -3.629133148 0 0.852909244 5.397937763 -0.4902765646 0 3.061791225 -0.7543749336 -2.979214199 0 -145.5024602 42.13129521 -16.81264597 1


mesh: pSphereShape15 tranform: pSphere15 -2.705215315 0.5401676985 -2.065043203 0 0.7893065086 8.509849365 1.191985566 0 2.616336122 0.2290200609 -3.367504997 0 -143.7942418 28.65297724 -14.9341953 1


mesh: pSphereShape16 tranform: pSphere16 -1.761833161 0.4290524343 -1.374746384 0 2.646535326 7.738303204 -0.976628044 0 1.030386194 -0.5403378177 -1.489148722 0 -145.8575313 12.89746496 -15.33899149 1


mesh: pSphereShape17 tranform: pSphere17 -2.222726102 0.3472268401 -1.203862437 0 0.4040178263 2.326259001 -0.07499312494 0 2.910171086 -0.6850165869 -5.570710717 0 -146.6829876 2.274705719 -18.05137462 1


mesh: pSphereShape18 tranform: pSphere18 -1.83513452 0.6719917398 -2.146440307 0 -1.411684319 7.221541397 3.467809828 0 2.504937949 1.319692726 -1.728478299 0 -147.4247548 29.41558072 -22.81349113 1


mesh: pSphereShape19 tranform: pSphere19 -1.291861035 0.3757614382 -1.429424683 0 4.673677188 8.334476295 -2.032962411 0 1.329764802 -1.110003058 -1.49358529 0 -149.5427911 15.15972625 -25.55088843 1


mesh: pSphereShape20 tranform: pSphere20 -2.221351414 0.6485491335 -1.230136458 0 0.7229066927 1.659753548 -0.4303571975 0 2.149409178 -2.250175269 -5.067683586 0 -151.5803909 4.869537402 -27.45010575 1


mesh: pSphereShape21 tranform: pSphere21 -4.143920632 0.2619316143 -4.325105081 0 -1.103252799 2.864168088 1.230492233 0 3.853918954 2.992970843 -3.511216559 0 -146.9853355 38.45553427 -15.74490494 1


