mesh: pSphereShape1 tranform: pSphere1 0.3864529783 3.106800022 1.146000667 0 -1.471069624 0.5874089957 -1.096389452 0 -2.189645161 -0.6774584788 2.574974862 0 118.7457878 30.74623625 -31.67348687 1


mesh: pSphereShape2 tranform: pSphere2 0.18144629 5.602984404 1.835946661 0 -2.733818132 0.5919639383 -1.536386441 0 -1.546233906 -0.7560187029 2.460049359 0 119.9445566 38.13009007 -28.8072937 1


mesh: pSphereShape3 tranform: pSphere3 -0.6391246165 5.982651914 2.874351354 0 -2.52591154 0.5055796356 -1.613956906 0 -1.659325505 -1.238543287 2.208935793 0 119.9674463 48.14313608 -25.02486925 1


mesh: pSphereShape4 tranform: pSphere4 1.226005081 -0.1768352361 3.912632826 0 -0.7307796961 3.274695867 0.3769894346 0 -3.637948423 -0.9381929616 1.097531475 0 119.9463577 53.96628198 -19.54688689 1


mesh: pSphereShape5 tranform: pSphere5 0.5126518898 -0.2472279379 4.202931298 0 -0.6563018043 3.065477329 0.2603720883 0 -3.893079921 -0.8694758088 0.4237128663 0 120.9624163 54.03344389 -12.9619349 1


mesh: pSphereShape6 tranform: pSphere6 0.7706786938 -5.371653494 2.67618232 0 -0.7468727974 0.9426538546 2.107184096 0 -2.246352453 -0.5879250923 -0.5331900938 0 121.9883357 47.55950604 -8.854504081 1


mesh: pSphereShape7 tranform: pSphere7 -1.134703049 -4.772573948 2.919160649 0 -0.767799667 1.250500653 1.746009497 0 -2.65735508 -0.05768436509 -1.127245879 0 120.6088422 37.9582857 -4.421294565 1


mesh: pSphereShape8 tranform: pSphere8 1.24786203 -4.042607141 0.7609063696 0 -0.4736403919 0.01952739448 0.8805018228 0 -2.172268192 -0.8867674404 -1.148842256 0 119.7984439 30.66003169 -1.387571301 1


mesh: pSphereShape10 tranform: pSphere10 0.8950596554 -0.2665804838 4.060238539 0 0.2186091317 3.50317997 0.1818147358 0 -4.939802423 0.2508871685 1.105427534 0 120.3261509 63.8295828 -15.6879855 1


mesh: pSphereShape11 tranform: pSphere11 0.1991021602 -0.06439625277 0.9778606508 0 -2.372111021 3.007900646 0.6810683692 0 -1.997252057 -1.642671058 0.2984835703 0 118.6150267 59.51020066 -16.23666335 1


mesh: pSphereShape12 tranform: pSphere12 1.170271974 -0.4070020675 7.077452078 0 -0.5521620781 3.711080521 0.3047137906 0 -5.779917583 -0.9340421381 0.9020080123 0 121.1885487 49.81168585 -17.46176301 1


mesh: pSphereShape13 tranform: pSphere13 0.6284989855 -0.1962638483 4.93086821 0 -1.118047536 4.550819312 0.3236454484 0 -4.27930562 -1.087056073 0.5021812239 0 121.1701014 44.57720246 -17.54292109 1


mesh: pSphereShape14 tranform: pSphere14 0.4774081499 0.09216786645 5.007269719 0 -1.239761387 5.344918733 0.01981967016 0 -4.205839456 -0.977103997 0.4189827475 0 121.9359294 40.24182007 -17.66721525 1


mesh: pSphereShape15 tranform: pSphere15 0.7227575942 0.2278560547 3.361558798 0 -0.06753994463 8.610048956 -0.5690921663 0 -4.175442561 0.02646573912 0.8959541162 0 122.0871762 26.50558264 -20.91405208 1


mesh: pSphereShape16 tranform: pSphere16 0.2916666081 0.3798520012 2.224570238 0 -6.823241976 4.612070119 0.1070803584 0 -1.030388163 -1.533605205 0.3969633377 0 127.2108564 13.38601599 -21.09880229 1


mesh: pSphereShape17 tranform: pSphere17 0.1481243133 1.111510577 2.29193499 0 -2.198781347 0.824215749 -0.2576126932 0 -2.281799106 -5.245948292 2.69157588 0 134.4375209 3.823457509 -19.45231098 1


mesh: pSphereShape18 tranform: pSphere18 -0.04971045862 -0.1599131757 2.898008669 0 2.861351683 7.600159759 0.4684612582 0 -3.104699631 1.168184447 0.01120495001 0 120.201462 27.27940696 -14.04496734 1


mesh: pSphereShape19 tranform: pSphere19 -0.001232389598 -0.137916026 1.958145594 0 -2.094831884 9.518596589 0.6690949693 0 -2.233975469 -0.4891279692 -0.03585622749 0 118.4312043 11.56267926 -14.6523174 1


mesh: pSphereShape20 tranform: pSphere20 0.6890921063 0.08643885442 2.527040597 0 -0.04221013211 1.859593321 -0.05209827164 0 -5.735980694 -0.0862953578 1.567081389 0 115.3222768 2.016494806 -14.66246273 1


mesh: pSphereShape21 tranform: pSphere21 0.56896243 0.1098432301 5.967531864 0 1.483979789 2.94859597 -0.1957613431 0 -5.34186504 2.718963734 0.4592620227 0 123.9414688 36.66032968 -17.69798958 1


