mesh: pSphereShape1 tranform: pSphere1 1.038945234 3.11373856 0.5831764641 0 -1.121478852 0.6418045123 -1.428823694 0 -2.58890016 0.4457456051 2.232240641 0 63.24487596 28.89685438 -31.22377708 1


mesh: pSphereShape2 tranform: pSphere2 1.003553698 5.743598894 0.8949909816 0 -2.636478767 0.717590961 -1.648850842 0 -1.612804864 -0.1124233218 2.5299146 0 65.66835718 36.369545 -29.63210274 1


mesh: pSphereShape3 tranform: pSphere3 -0.4202299364 6.391386478 1.853668147 0 -2.454751092 0.3486934167 -1.758779903 0 -1.775600948 -0.7900664095 2.321590896 0 66.58202251 46.74095849 -27.5374292 1


mesh: pSphereShape4 tranform: pSphere4 0.578504553 0.591257031 4.019801288 0 -0.9921642858 3.210433421 -0.3294241882 0 -3.700296982 -1.07272091 0.6903058717 0 66.12692274 53.44704557 -23.07806289 1


mesh: pSphereShape5 tranform: pSphere5 -0.1352697128 0.5154804758 4.207677161 0 -0.9004973027 2.988099839 -0.3950201203 0 -3.841433034 -1.155274416 0.01803652219 0 66.07136059 54.71177957 -16.53370494 1


mesh: pSphereShape6 tranform: pSphere6 -1.506961249 -5.00086528 3.054664133 0 -1.397204838 1.32349329 1.477438402 0 -1.855161024 -0.3313186592 -1.457618762 0 64.7698221 48.96022213 -11.90182475 1


mesh: pSphereShape7 tranform: pSphere7 -4.982092404 -2.706416155 0.6637611508 0 -0.8307650246 1.804218365 1.120911657 0 -0.9382887757 1.116097953 -2.491884089 0 58.20623109 41.80302961 -9.650078619 1


mesh: pSphereShape8 tranform: pSphere8 -2.410642015 -3.558462371 0.07043632769 0 -0.7207301119 0.4978001793 0.482434542 0 -1.064618929 0.6759271361 -2.287936442 0 51.75071119 37.25822444 -9.377683894 1


mesh: pSphereShape10 tranform: pSphere10 0.1412003891 0.2212737156 4.157984407 0 0.5922483009 3.458421337 -0.2041574346 0 -4.992765391 0.8623017861 0.1236598422 0 67.00244503 63.91072733 -20.62786679 1


mesh: pSphereShape11 tranform: pSphere11 0.03756301933 0.08116818854 0.9959923417 0 -2.061770929 3.294080774 -0.1906924583 0 -2.20545749 -1.369125534 0.1947535876 0 64.92894779 59.74638812 -20.97051287 1


mesh: pSphereShape12 tranform: pSphere12 0.1172064167 0.9051242139 7.126887673 0 -0.8175861613 3.646802997 -0.449703082 0 -5.781752767 -1.264694252 0.2557026291 0 67.26484433 49.82872667 -20.11845729 1


mesh: pSphereShape13 tranform: pSphere13 0.1875849056 0.4844591769 4.94743398 0 -1.371260819 4.476063182 -0.386309764 0 -4.246819238 -1.276347345 0.2860022742 0 67.55353859 44.66330378 -19.34291895 1


mesh: pSphereShape14 tranform: pSphere14 0.2867624633 0.3521240529 5.010283369 0 -1.545551259 5.257172111 -0.2810161742 0 -4.155116518 -1.204322347 0.3224572734 0 68.57174081 40.37242251 -19.03220095 1


mesh: pSphereShape15 tranform: pSphere15 0.7925377972 0.1072557796 3.351828532 0 2.478108276 8.221890256 -0.8490409625 0 -3.971010173 1.289576706 0.897677513 0 66.70875088 27.57071925 -22.09065985 1


mesh: pSphereShape16 tranform: pSphere16 0.4906229899 0.2357805333 2.209471955 0 -2.497703765 7.843533813 -0.2823849811 0 -1.75408079 -0.5424644267 0.4473896631 0 65.45153502 12.29836378 -21.6427847 1


mesh: pSphereShape17 tranform: pSphere17 0.1940574577 0.0954661745 2.542359236 0 -0.2183957838 2.351065753 -0.0716129807 0 -6.27680721 -0.5678237825 0.5004285767 0 63.7758298 1.65489357 -21.22157757 1


mesh: pSphereShape18 tranform: pSphere18 0.5800328899 0.1286065307 2.84139399 0 0.772371593 8.080760637 -0.523418971 0 -3.235025038 0.3509553679 0.6445025844 0 69.44892971 26.80595031 -14.41425239 1


mesh: pSphereShape19 tranform: pSphere19 0.5128096108 0.00357799251 1.894827173 0 -8.811189335 3.48532848 2.378049121 0 -0.7866274034 -2.136665435 0.2169248316 0 75.20221115 15.15177591 -15.18574049 1


mesh: pSphereShape20 tranform: pSphere20 0.9896553914 1.076433026 2.174885729 0 -1.708030208 0.5285278497 0.5156300657 0 -0.7248935465 -5.152227811 2.879886008 0 82.83498367 7.12083467 -15.82452205 1


mesh: pSphereShape21 tranform: pSphere21 0.3417559335 0.4196521505 5.971123453 0 1.317819488 3.019166657 -0.2876129464 0 -5.502924653 2.41577135 0.145177623 0 70.7800772 36.91858101 -18.82139855 1


