mesh: pSphereShape1 tranform: pSphere1 0.7793554744 3.106791295 0.9248365827 0 -0.8091267232 0.6821539353 -1.609703373 0 -3.022931216 0.2717153186 1.634640361 0 -87.82681126 35.53923302 -21.79202518 1


mesh: pSphereShape2 tranform: pSphere2 0.7833671511 5.66428137 1.448899444 0 -2.435034472 0.8208520849 -1.892478574 0 -1.899285988 -0.3262449955 2.30228655 0 -85.86797586 42.92237049 -19.37064802 1


mesh: pSphereShape3 tranform: pSphere3 -0.3594018243 6.23984358 2.323291272 0 -2.237614992 0.6035353445 -1.967109811 0 -2.04285692 -0.8821113729 2.053134938 0 -85.05895428 53.12579195 -16.34683641 1


mesh: pSphereShape4 tranform: pSphere4 -0.3583806534 -0.1251828101 4.086434553 0 -0.2347402581 3.367175889 0.08256248037 0 -3.889547825 -0.2625957604 -0.3491579634 0 -85.97249271 59.25719155 -11.39069419 1


mesh: pSphereShape5 tranform: pSphere5 -0.6176056876 -0.1129049183 4.194565627 0 -0.2319963016 3.136770194 0.05027327398 0 -3.957632848 -0.2832460162 -0.5903439461 0 -86.99251796 59.51620886 -4.751099813 1


mesh: pSphereShape6 tranform: pSphere6 -2.19614269 -5.218455724 2.134299853 0 -1.296148419 1.219830671 1.648833676 0 -1.818898133 0.138708199 -1.53245442 0 -89.39869731 53.27964495 -1.175242944 1


mesh: pSphereShape7 tranform: pSphere7 -5.406087501 -1.829188273 -0.121656021 0 -0.6040053664 1.69163631 1.405475538 0 -0.5244652188 1.701205468 -2.272967877 0 -96.92333392 47.01306178 -0.5033344282 1


mesh: pSphereShape8 tranform: pSphere8 -3.090902465 -2.840647276 -0.9251246686 0 -0.6172084919 0.4648450654 0.6348013411 0 -0.8345427161 1.539449809 -1.938704944 0 -104.1057562 43.87845464 -1.36386868 1


mesh: pSphereShape10 tranform: pSphere10 -0.3873942857 -0.03662074661 4.148049966 0 0.2573017366 3.504838133 0.05497209856 0 -5.032575389 0.3767776044 -0.4666754466 0 -86.53340922 69.19626215 -8.077985912 1


mesh: pSphereShape11 tranform: pSphere11 -0.1063701783 -0.0104395253 0.9942717946 0 -2.303646442 3.128229024 -0.2136056337 0 -2.079488778 -1.547648452 -0.238719743 0 -88.0869614 64.92847574 -8.880056474 1


mesh: pSphereShape12 tranform: pSphere12 -0.8767999825 -0.2245413288 7.127855082 0 0.02888223121 3.762195767 0.1220693135 0 -5.879527341 0.06853340164 -0.7210838084 0 -86.32989933 55.09639511 -9.007103371 1


mesh: pSphereShape13 tranform: pSphere13 -0.6745889119 -0.2383785141 4.922915525 0 -0.09641643408 4.691445281 0.2139582312 0 -4.401692922 -0.06281486673 -0.6062072238 0 -87.35791195 49.99743759 -9.158010226 1


mesh: pSphereShape14 tranform: pSphere14 -0.6451643794 -0.1029738166 4.9882184 0 -0.05922615208 5.485517532 0.1055795938 0 -4.30205374 -0.03572496027 -0.5571549487 0 -87.54676769 45.58324384 -9.31690452 1


mesh: pSphereShape15 tranform: pSphere15 -0.03934062188 -0.04822870917 3.44535931 0 3.345479767 7.952784299 0.1495245428 0 -3.936251257 1.656263049 -0.02176119722 0 -90.91672849 32.86943177 -13.53164309 1


mesh: pSphereShape16 tranform: pSphere16 -0.06818989089 0.1959637238 2.266057823 0 -3.042432177 7.617086211 -0.7502613921 0 -1.75520331 -0.7003041939 0.0077434456 0 -92.41932436 18.17380824 -13.8979977 1


mesh: pSphereShape17 tranform: pSphere17 -0.9140890153 -0.06155940982 2.38138915 0 -1.00614332 2.111406153 -0.3316247746 0 -5.252619267 -2.831184728 -2.089388723 0 -92.20967802 6.316013062 -14.66567004 1


mesh: pSphereShape18 tranform: pSphere18 -0.1432267719 -0.2615657804 2.887484551 0 0.9646148242 8.039674049 0.7761296189 0 -3.289743542 0.4069040727 -0.126320041 0 -88.9152274 31.76113574 -6.125570066 1


mesh: pSphereShape19 tranform: pSphere19 -0.05231345283 -0.2071467063 1.951335456 0 -4.95276779 8.38665296 0.7575177037 0 -1.970519114 -1.147918654 -0.1746866363 0 -86.41127541 16.36225518 -7.152881921 1


mesh: pSphereShape20 tranform: pSphere20 0.5129820146 0.05638979973 2.569420836 0 -1.138353041 1.458976509 0.1952514887 0 -4.557929652 -3.688898582 0.9909440104 0 -85.55185074 5.150654206 -7.803873795 1


mesh: pSphereShape21 tranform: pSphere21 -0.7688898758 -0.1227214762 5.944827006 0 2.076742284 2.553162758 0.3213069139 0 -4.614206261 3.81837912 -0.5179661836 0 -86.38509386 41.64956205 -9.152983984 1


