mesh: pSphereShape1 tranform: pSphere1 0.6656430391 3.193362104 0.688641871 0 -1.234174771 0.5531017575 -1.371880489 0 -2.555906794 0.03396475426 2.313045248 0 70.12847555 27.21660344 -31.47491369 1


mesh: pSphereShape2 tranform: pSphere2 0.3835736344 5.804604204 0.9780073763 0 -2.543612865 0.4824812947 -1.865988095 0 -1.802690556 -0.2825961249 2.384259341 0 71.6950509 34.86472935 -29.66109241 1


mesh: pSphereShape3 tranform: pSphere3 -0.8883290085 6.348597185 1.835397849 0 -2.329454779 0.2345899611 -1.938892661 0 -1.902924018 -0.8958886019 2.177845665 0 71.69972543 45.29664642 -27.47397355 1


mesh: pSphereShape4 tranform: pSphere4 0.2673770727 0.5242378935 4.061617771 0 -1.047683417 3.191323469 -0.3429387613 0 -3.712058443 -1.176064708 0.3961616027 0 70.60852828 51.9017458 -23.01969308 1


mesh: pSphereShape5 tranform: pSphere5 -0.5888176413 0.3700608779 4.183887408 0 -0.9659340588 2.967143513 -0.398381358 0 -3.776801272 -1.285610513 -0.4178155125 0 69.90085307 52.97108211 -16.49008222 1


mesh: pSphereShape6 tranform: pSphere6 -1.80695926 -5.18095755 2.550124669 0 -1.456403736 1.241869812 1.491069283 0 -1.767654041 -0.1654865101 -1.588729159 0 68.16892747 47.01283214 -12.35377724 1


mesh: pSphereShape7 tranform: pSphere7 -5.024286256 -2.700897708 0.2195704413 0 -0.8758845486 1.727276857 1.204640317 0 -0.8056016011 1.299506652 -2.449047836 0 61.35851978 39.79672988 -11.00851 1


mesh: pSphereShape8 tranform: pSphere8 -2.433740548 -3.530379336 -0.3035446164 0 -0.7455559459 0.4736545286 0.4688258943 0 -0.9185015259 0.8309589286 -2.300175282 0 54.87391066 35.30512451 -11.40194683 1


mesh: pSphereShape10 tranform: pSphere10 0.05533597881 0.2285436567 4.159620134 0 0.510227281 3.471852724 -0.1975430007 0 -5.014051019 0.7383574573 0.02613472004 0 71.08064739 62.32869295 -20.50428338 1


mesh: pSphereShape11 tranform: pSphere11 -0.001213177817 0.07900872148 0.9968731866 0 -2.084305774 3.274936014 -0.2620966683 0 -2.198128911 -1.390375808 0.1075212928 0 69.15155606 58.14805783 -20.91457916 1


mesh: pSphereShape12 tranform: pSphere12 -0.4040606371 0.7341636253 7.136053101 0 -0.9668495151 3.612920972 -0.4264459564 0 -5.715537393 -1.548918 -0.164273501 0 71.69701411 48.26520494 -20.06264294 1


mesh: pSphereShape13 tranform: pSphere13 -0.1409331129 0.3128473799 4.962787136 0 -1.525359341 4.431017243 -0.3226424449 0 -4.20098066 -1.448209457 -0.02800618754 0 72.16917756 43.10119982 -19.40848305 1


mesh: pSphereShape14 tranform: pSphere14 0.008359900245 0.2153553073 5.02620291 0 -1.662644419 5.224203042 -0.2210735082 0 -4.134157643 -1.313057007 0.06313611815 0 73.29966135 38.84913334 -19.15673675 1


mesh: pSphereShape15 tranform: pSphere15 0.869466447 0.1176815815 3.332349564 0 3.98906985 7.539249086 -1.307063699 0 -3.630314878 2.072353191 0.8740257053 0 70.25750303 26.93311398 -21.71837152 1


mesh: pSphereShape16 tranform: pSphere16 0.5654355171 0.274121575 2.187055038 0 -1.616712057 8.054538215 -0.5915609167 0 -1.792519611 -0.3227876985 0.5038909889 0 66.67405909 12.31729166 -20.5190035 1


mesh: pSphereShape17 tranform: pSphere17 0.1818421805 0.2006933257 2.537127939 0 -0.03138724812 2.354885115 -0.1840278499 0 -6.305639423 -0.04842785593 0.4557714066 0 63.86853671 1.807651869 -19.71110075 1


mesh: pSphereShape18 tranform: pSphere18 0.4802110001 -0.03679168707 2.862610935 0 -0.6830556303 8.102765703 0.2187252343 0 -3.259633823 -0.2894442937 0.5430926205 0 75.78955787 25.27347445 -15.27422632 1


mesh: pSphereShape19 tranform: pSphere19 0.4287980479 -0.07710127631 1.914038699 0 -8.805390247 3.661926098 2.120162631 0 -0.8554376492 -2.118514607 0.1063039185 0 83.15471206 13.40128156 -16.68299477 1


mesh: pSphereShape20 tranform: pSphere20 0.8165857745 0.5773212027 2.422424754 0 -1.741350355 0.4464325324 0.4806039732 0 -0.9804155166 -5.622540111 1.670477061 0 90.62643401 5.019300162 -18.05851304 1


mesh: pSphereShape21 tranform: pSphere21 0.00996310842 0.2566547701 5.990095942 0 1.253442061 3.057108397 -0.1330712629 0 -5.562965036 2.277021932 -0.08830979033 0 75.58140811 35.44501224 -18.92051718 1


