mesh: pSphereShape1 tranform: pSphere1 -1.62016291 2.823364774 -0.7201064549 0 0.8901847153 0.8837376527 1.462102571 0 2.55732054 0.9274093827 -2.11754928 0 84.73632525 34.29075736 -11.92924068 1


mesh: pSphereShape2 tranform: pSphere2 -2.109968036 5.372594904 -1.216682381 0 2.507048171 1.317658634 1.470765573 0 1.515905615 0.008450637254 -2.591564232 0 80.90247446 41.05744377 -13.86933062 1


mesh: pSphereShape3 tranform: pSphere3 -0.1782628011 6.25481104 -2.303922988 0 2.43711058 0.688758324 1.681309241 0 1.80782174 -0.7939222501 -2.295259455 0 78.55744326 50.92724816 -16.60242831 1


mesh: pSphereShape4 tranform: pSphere4 -0.2454956118 -0.1566319113 -4.093684543 0 0.6018700774 3.31827633 -0.1630571237 0 3.84419465 -0.7072597904 -0.203472802 0 78.68521652 56.98820948 -21.6134236 1


mesh: pSphereShape5 tranform: pSphere5 0.01214346488 -0.1697069235 -4.237878857 0 0.5285967096 3.098586661 -0.1225690095 0 3.95437703 -0.6730740236 0.0382845206 0 78.76476668 57.15450326 -28.33091428 1


mesh: pSphereShape6 tranform: pSphere6 0.5163414691 -5.647063927 -2.110596885 0 1.245970738 0.8278629826 -1.910193677 0 2.034160157 -0.2667087188 1.211241449 0 79.2270559 50.45320704 -31.90326824 1


mesh: pSphereShape7 tranform: pSphere7 3.32562231 -4.40137107 -1.46788315 0 1.012940752 1.293076994 -1.582314854 0 1.965277593 0.8371867792 1.942253604 0 83.56612593 41.19984934 -34.16498563 1


mesh: pSphereShape8 tranform: pSphere8 0.587676544 -4.257883605 -0.0622425189 0 0.5624053264 0.08963961553 -0.8219884355 0 2.130413041 0.2722993367 1.487325608 0 87.45380239 34.41529866 -35.52046762 1


mesh: pSphereShape10 tranform: pSphere10 -0.0009879239439 -0.2589058878 -4.158208833 0 0.02134948714 3.507841904 -0.218416643 0 5.068097588 -0.03080110348 0.0007136948151 0 79.77273791 66.80682573 -25.36409753 1


mesh: pSphereShape11 tranform: pSphere11 0.01064768914 -0.04191062188 -0.9990646258 0 2.675462021 2.823481291 -0.08993048754 0 1.889830215 -1.787726857 0.09513605679 0 81.10548553 62.36106348 -24.44234785 1


mesh: pSphereShape12 tranform: pSphere12 0.05281680215 -0.2992623006 -7.178660568 0 0.3112021631 3.748239554 -0.1539660608 0 5.903537105 -0.4875293453 0.06375912337 0 78.28497766 52.8178728 -23.97020168 1


mesh: pSphereShape13 tranform: pSphere13 0.02303539075 -0.1588913434 -4.972043311 0 0.7685836529 4.631753959 -0.1444558985 0 4.38374929 -0.726073184 0.04351291972 0 78.70436923 47.60281132 -23.96370829 1


mesh: pSphereShape14 tranform: pSphere14 -0.02531236515 -0.02055710191 -5.030715673 0 1.000945294 5.394713387 -0.02708083194 0 4.265277581 -0.7914791414 -0.01822677969 0 78.18026511 43.18865782 -23.90801802 1


mesh: pSphereShape15 tranform: pSphere15 -0.1241625897 -0.1147996695 -3.441769771 0 -2.163982644 8.350949532 -0.2004784176 0 4.131236855 1.066096443 -0.1845947371 0 80.1844603 30.20650731 -19.51741187 1


mesh: pSphereShape16 tranform: pSphere16 0.0641267367 0.2140966164 -2.264535294 0 5.904075734 5.699359948 0.706026881 0 1.316576247 -1.352642997 -0.09060072989 0 78.05946982 16.66955004 -19.08962657 1


mesh: pSphereShape17 tranform: pSphere17 0.7287919939 -0.6569887334 -2.355332377 0 1.828070888 1.488577841 0.1504265642 0 3.573936388 -4.631324538 2.397701626 0 72.94563088 6.030946359 -17.95656859 1


mesh: pSphereShape18 tranform: pSphere18 0.02215152062 -0.170372261 -2.897754337 0 -1.712921952 7.937564317 -0.4797800103 0 3.242739336 0.6987962971 -0.01629672235 0 79.21553699 29.505525 -27.30873288 1


mesh: pSphereShape19 tranform: pSphere19 -0.02607953082 -0.1485313031 -1.957195653 0 4.079072329 8.847265953 -0.7257711978 0 2.078041893 -0.9544204362 0.04474103209 0 78.19380051 13.89826947 -26.64589897 1


mesh: pSphereShape20 tranform: pSphere20 -0.5302186127 0.1796135065 -2.560246277 0 0.7959985086 1.681300166 -0.04689744408 0 5.238872256 -2.515489074 -1.261426849 0 78.78238157 3.080371113 -26.3137951 1


mesh: pSphereShape21 tranform: pSphere21 -0.03016660857 -0.02449941137 -5.995474134 0 -1.623443917 2.880825155 -0.003603505398 0 5.237151585 2.951266741 -0.03841087372 0 76.3391319 39.52047547 -23.97784039 1


