mesh: pSphereShape1 tranform: pSphere1 1.017848742 3.000704126 1.036642898 0 -0.888625849 0.8195979591 -1.499922758 0 -2.871868463 0.3250071246 1.879024577 0 10.98210591 34.16411131 -27.85468426 1


mesh: pSphereShape2 tranform: pSphere2 1.306109559 5.497725543 1.69297041 0 -2.495061755 1.102787184 -1.656258871 0 -1.749972789 -0.3286684723 2.417399158 0 13.60834606 41.24556812 -25.18378304 1


mesh: pSphereShape3 tranform: pSphere3 -0.1812016225 6.111403883 2.660903692 0 -2.331580977 0.7201157801 -1.812694178 0 -1.94093086 -0.9757594997 2.108892776 0 14.99647219 51.17147252 -21.69625475 1


mesh: pSphereShape4 tranform: pSphere4 -0.459018352 -0.4012636032 4.058490416 0 -0.6469076314 3.304093815 0.2535105443 0 -3.816468341 -0.7087304064 -0.5017177611 0 14.00106954 56.92828554 -16.44422828 1


mesh: pSphereShape5 tranform: pSphere5 -0.7198227248 -0.4312776409 4.157453541 0 -0.578228087 3.084315095 0.2198399602 0 -3.883863703 -0.6751997643 -0.7424958293 0 12.78151493 56.68253713 -9.836375013 1


mesh: pSphereShape6 tranform: pSphere6 -1.03083528 -5.730922681 1.644525029 0 -1.411324378 0.7747154942 1.81510867 0 -1.894919698 -0.07301010248 -1.442219053 0 11.57948663 49.82147086 -6.794560528 1


mesh: pSphereShape7 tranform: pSphere7 -3.749179755 -4.239340475 0.7470980463 0 -1.109233524 1.25394169 1.548886247 0 -1.663833105 1.103966008 -2.085297397 0 6.501040585 40.75661447 -5.705978469 1


mesh: pSphereShape8 tranform: pSphere8 -0.9353513424 -4.193463486 -0.1370857373 0 -0.693717808 0.1315847972 0.7081250201 0 -1.793697291 0.460323728 -1.842741494 0 1.997894684 34.24229738 -5.298367546 1


mesh: pSphereShape10 tranform: pSphere10 -0.507832336 -0.4771721238 4.107571913 0 0.3393877041 3.469850775 0.4450483529 0 -5.006537094 0.5607274492 -0.553835202 0 13.45517228 66.59027366 -12.08902199 1


mesh: pSphereShape11 tranform: pSphere11 -0.1310877632 -0.1178863412 0.9843367355 0 -2.282302792 3.150229666 0.07333575858 0 -2.080460336 -1.49664549 -0.4563041656 0 11.78902783 62.43574334 -13.39013507 1


mesh: pSphereShape12 tranform: pSphere12 -1.125302073 -0.7382341708 7.057919002 0 -0.4596169323 3.722725178 0.3161038045 0 -5.805990107 -0.6326008673 -0.9918646381 0 14.10639924 52.62568025 -14.29683699 1


mesh: pSphereShape13 tranform: pSphere13 -0.7604981333 -0.5473886013 4.885591068 0 -0.9546952169 4.584758591 0.3650736701 0 -4.297577259 -0.8341842146 -0.7624302487 0 13.8800318 47.41366874 -14.70266882 1


mesh: pSphereShape14 tranform: pSphere14 -0.7159749187 -0.3145486874 4.969668252 0 -1.081570836 5.376033923 0.1844482924 0 -4.207961121 -0.823984605 -0.658389601 0 14.51263107 43.04021474 -14.95312311 1


mesh: pSphereShape15 tranform: pSphere15 0.1022066032 -0.0741886648 3.443606296 0 2.047008706 8.381931051 0.1198239378 0 -4.146733392 1.01063144 0.1448484202 0 13.20565223 30.01429781 -19.13466631 1


mesh: pSphereShape16 tranform: pSphere16 -0.10210028 0.252012977 2.259233209 0 -6.325362109 5.203707215 -0.866321804 0 -1.207394211 -1.449807216 0.1071580148 0 15.81661654 16.85236557 -19.34629456 1


mesh: pSphereShape17 tranform: pSphere17 -0.6984048936 -0.6215326453 2.374087266 0 -1.96206219 1.293741369 -0.238496431 0 -3.066213458 -5.060676957 -2.22689136 0 21.85127641 6.567651994 -20.12652905 1


mesh: pSphereShape18 tranform: pSphere18 -0.1124157095 -0.1739038646 2.895447764 0 1.051648844 8.049123787 0.5242697187 0 -3.286870172 0.4360482438 -0.1014231275 0 13.85426892 29.25880011 -11.53637133 1


mesh: pSphereShape19 tranform: pSphere19 -0.03660574174 -0.1411203054 1.957575438 0 -4.350220635 8.730118254 0.5480013085 0 -2.047458459 -1.013260738 -0.1113318017 0 15.80768926 13.60138383 -12.11999184 1


mesh: pSphereShape20 tranform: pSphere20 0.484357621 0.1471732512 2.571379302 0 -0.7147854975 1.71765685 0.03633017498 0 -5.37945131 -2.262775753 1.142810126 0 15.35238567 3.055554437 -12.39550504 1


mesh: pSphereShape21 tranform: pSphere21 -0.8532800071 -0.3748708219 5.922719429 0 1.55814134 2.888088852 0.4072776238 0 -5.232911246 2.903585539 -0.5701213924 0 16.38275837 39.38850247 -14.81959507 1


