mesh: pSphereShape1 tranform: pSphere1 -0.2654110841 3.260152847 0.6448489601 0 -1.388137973 0.1495382334 -1.327356877 0 -2.374492962 -0.6695632591 2.407791452 0 138.8571323 29.8373368 -29.46110895 1


mesh: pSphereShape2 tranform: pSphere2 -0.957219207 5.775170167 0.7267723585 0 -2.165799251 -0.06411636258 -2.343046921 0 -2.150639801 -0.6087310264 2.004605049 0 138.4204717 37.65569942 -27.76546539 1


mesh: pSphereShape3 tranform: pSphere3 -1.593146832 6.293328876 1.522627575 0 -1.976718813 0.05816022342 -2.308656946 0 -2.18341961 -0.9989504943 1.844322277 0 136.7008222 48.11392786 -25.97002424 1


mesh: pSphereShape4 tranform: pSphere4 -0.2179929079 0.1752463799 4.094486853 0 -0.6092638603 3.31635077 -0.1743792796 0 -3.84413745 -0.7153778742 -0.1740455749 0 134.8153857 54.46457891 -21.72237506 1


mesh: pSphereShape5 tranform: pSphere5 -0.8403943124 0.1282015964 4.155221638 0 -0.4948925309 3.100393631 -0.195748952 0 -3.880919998 -0.6677384918 -0.7643149342 0 133.6475513 55.13116807 -15.16743661 1


mesh: pSphereShape6 tranform: pSphere6 -1.21386045 -5.51823728 2.164753763 0 -1.35200455 0.9864921836 1.756575347 0 -1.919656551 -0.1289408955 -1.405112061 0 132.1908928 48.68576331 -11.45946153 1


mesh: pSphereShape7 tranform: pSphere7 -3.072646414 -4.515586506 1.659769416 0 -1.16271585 1.323578238 1.448464661 0 -1.937572017 0.5589917816 -2.066129145 0 127.5395259 39.42676908 -9.026383823 1


mesh: pSphereShape8 tranform: pSphere8 0.138808298 -4.285833404 0.3019518707 0 -0.7049441036 0.02710202132 0.7087448703 0 -1.850999141 -0.1891500055 -1.833839845 0 124.3072833 32.32589211 -7.537782489 1


mesh: pSphereShape10 tranform: pSphere10 -0.2577370043 0.01393171495 4.158258227 0 -0.176507436 3.510191769 -0.022700728 0 -5.052076531 -0.2560595293 -0.3122797218 0 133.14713 64.48921112 -18.68440552 1


mesh: pSphereShape11 tranform: pSphere11 -0.08992111231 0.01426719482 0.9958466954 0 -2.640611385 2.843846198 -0.27917994 0 -1.897463262 -1.776183168 -0.145886768 0 132.1330733 60.06874589 -19.40691672 1


mesh: pSphereShape12 tranform: pSphere12 -1.005499207 0.246861007 7.110101692 0 -0.483339371 3.727883651 -0.1977842972 0 -5.816154224 -0.7962663077 -0.7948650528 0 135.0763347 50.50474322 -19.0004722 1


mesh: pSphereShape13 tranform: pSphere13 -0.6637203416 0.2300236809 4.924789964 0 -0.8016426509 4.617069133 -0.3236892909 0 -4.338169914 -0.7916152443 -0.5476865783 0 134.7860292 45.31232585 -18.63732387 1


mesh: pSphereShape14 tranform: pSphere14 -0.6790167648 0.2063829107 4.980512606 0 -0.7817327225 5.420770744 -0.331203673 0 -4.253765016 -0.6472329193 -0.5531157459 0 135.212705 40.93991265 -18.39114361 1


mesh: pSphereShape15 tranform: pSphere15 -0.460114805 0.3668419735 3.395304965 0 -0.2235381974 8.573004519 -0.9565535834 0 -4.230881575 -0.1722153864 -0.5547411611 0 136.4444802 27.42837533 -21.53261875 1


mesh: pSphereShape16 tranform: pSphere16 -0.3265970152 0.3003301907 2.231861525 0 -2.659510295 7.664740145 -1.420581411 0 -1.767857337 -0.6452647398 -0.171867494 0 138.4648217 11.65250081 -20.2148748 1


mesh: pSphereShape17 tranform: pSphere17 -0.5447263575 0.1294468149 2.489353187 0 -0.1739652822 2.350399736 -0.1602887193 0 -6.158944301 -0.5458290815 -1.319332057 0 137.1403205 1.212595074 -19.78840169 1


mesh: pSphereShape18 tranform: pSphere18 -0.1915220621 0.4399063678 2.862917967 0 2.613389605 7.638177543 -0.9988274923 0 -3.133726752 1.02420567 -0.3670144998 0 132.7161062 27.58890078 -13.3218791 1


mesh: pSphereShape19 tranform: pSphere19 -0.06952656098 0.2239828043 1.948936704 0 -5.635875868 7.902290826 -1.10923065 0 -1.866450544 -1.319208483 0.0850269419 0 133.8916108 13.14641867 -10.95824827 1


mesh: pSphereShape20 tranform: pSphere20 0.8113615088 0.8416748378 2.345534003 0 -0.6660221218 1.695874907 -0.3781614432 0 -5.238752938 -1.530830057 2.361502166 0 134.6622369 3.653596311 -8.57032303 1


mesh: pSphereShape21 tranform: pSphere21 -0.8092342549 0.2459617047 5.935643444 0 1.719144545 2.822319882 0.1174275463 0 -5.070807398 3.12290174 -0.8207341509 0 136.880144 37.21932442 -17.91461595 1


