mesh: pSphereShape1 tranform: pSphere1 -0.3595962903 3.198042025 -0.8706822192 0 1.148883424 0.5251652458 1.454452935 0 2.742081153 -0.256189947 -2.073487189 0 -8.615491019 35.41654717 -6.394845458 1


mesh: pSphereShape2 tranform: pSphere2 -0.07059060112 5.739462023 -1.360385896 0 2.633563687 0.4463207869 1.746369445 0 1.695388518 -0.551720387 -2.415679781 0 -9.651306222 43.03140486 -8.661186107 1


mesh: pSphereShape3 tranform: pSphere3 0.9708780852 6.181467212 -2.304204582 0 2.416810808 0.2986415976 1.819487699 0 1.78274537 -1.095665133 -2.188169282 0 -9.308562845 53.30959809 -11.5665582 1


mesh: pSphereShape4 tranform: pSphere4 -0.1887341522 -0.3416750196 -4.085424383 0 0.6577089566 3.297495479 -0.3061625569 0 3.834805573 -0.7753074184 -0.1123152844 0 -8.185922383 59.15319628 -16.61256008 1


mesh: pSphereShape5 tranform: pSphere5 0.2241946225 -0.3735098172 -4.218861493 0 0.6103442208 3.076618497 -0.2399489346 0 3.929486695 -0.7580176621 0.2759267699 0 -7.83986434 58.99633246 -23.30719229 1


mesh: pSphereShape6 tranform: pSphere6 1.238788488 -5.66890435 -1.714492718 0 1.036808439 0.839476129 -2.026560675 0 2.098001528 0.1189374577 1.122626564 0 -6.640495661 52.241107 -26.4621389 1


mesh: pSphereShape7 tranform: pSphere7 4.413993226 -3.460600391 -1.061800699 0 0.6455710943 1.351237828 -1.720235935 0 1.638269551 1.531794036 1.818028242 0 -0.6196952187 44.07424159 -28.01877119 1


mesh: pSphereShape8 tranform: pSphere8 1.945680664 -3.807438284 0.4433408552 0 0.492576939 0.1519387363 -0.8569028997 0 1.94185414 1.145964245 1.319436459 0 5.077575432 38.61827122 -28.74157142 1


mesh: pSphereShape10 tranform: pSphere10 0.1865918633 -0.4482773856 -4.137869597 0 -0.3541632409 3.47472338 -0.3924057666 0 5.037283236 0.5325647979 0.1694541824 0 -8.202496408 68.85531461 -20.95324036 1


mesh: pSphereShape11 tranform: pSphere11 0.02290107072 -0.1227410384 -0.9921744698 0 2.248125109 3.157441618 -0.3387138057 0 2.123798616 -1.487167848 0.2329971142 0 -6.477092923 64.70475641 -19.90867093 1


mesh: pSphereShape12 tranform: pSphere12 -0.01914074923 -0.6379671292 -7.156685452 0 0.4479766699 3.722666865 -0.3330471512 0 5.881856283 -0.7036043165 0.04699008947 0 -8.683349268 54.8875963 -18.77645168 1


mesh: pSphereShape13 tranform: pSphere13 0.01636989429 -0.4681173765 -4.952533688 0 0.907473863 4.588649233 -0.4307232063 0 4.359947142 -0.853320878 0.09506774395 0 -8.439390394 49.67235276 -18.48424578 1


mesh: pSphereShape14 tranform: pSphere14 -0.0124951247 -0.3032693613 -5.021656605 0 1.035158765 5.378366023 -0.3273875926 0 4.260212021 -0.8175905302 0.03877570547 0 -9.030087267 45.30098319 -18.17065031 1


mesh: pSphereShape15 tranform: pSphere15 -0.4120258484 0.03619554384 -3.421008485 0 -2.921016532 8.107869447 0.4375911563 0 3.98587457 1.461063266 -0.4645996579 0 -6.292147252 32.70903787 -14.34745945 1


mesh: pSphereShape16 tranform: pSphere16 -0.2266012533 0.2335708315 -2.252147028 0 3.129613175 7.603972434 0.4737221338 0 1.737873866 -0.6998520282 -0.247439181 0 -5.196415906 17.80950314 -14.44320683 1


mesh: pSphereShape17 tranform: pSphere17 0.4784596395 -0.2313327067 -2.495580919 0 1.120046992 2.079747135 0.02195230202 0 5.438732501 -2.942912981 1.315527776 0 -5.391886005 5.907356233 -13.74879897 1


mesh: pSphereShape18 tranform: pSphere18 -0.2085607971 -0.1784336851 -2.88983761 0 -0.8356290915 8.079517525 -0.4385639566 0 3.291050682 0.3263923923 -0.2576696865 0 -9.083691354 31.4119091 -21.49585764 1


mesh: pSphereShape19 tranform: pSphere19 -0.1790445193 -0.1398973006 -1.949802123 0 4.339795324 8.692581665 -1.022198742 0 2.038467954 -1.031023716 -0.1132110164 0 -11.31822922 15.74253438 -20.66427697 1


mesh: pSphereShape20 tranform: pSphere20 -0.7361132349 0.1335234531 -2.511685207 0 1.113076636 1.470413677 -0.2480469007 0 4.463278627 -3.631853286 -1.501149925 0 -11.61335248 4.306503096 -20.22579873 1


mesh: pSphereShape21 tranform: pSphere21 -0.01489135976 -0.3614284189 -5.984677776 0 -1.605151134 2.886039549 -0.1703005352 0 5.255819765 2.912021158 -0.1889414181 0 -10.89423002 41.64612504 -18.03953181 1


