mesh: pSphereShape1 tranform: pSphere1 -0.2414378635 3.2536405 0.6858579044 0 -1.154293654 0.2356459291 -1.524218538 0 -2.748643024 -0.6224637556 1.985319083 0 141.798138 30.25647142 -27.68801272 1


mesh: pSphereShape2 tranform: pSphere2 -0.9220897143 5.780070429 0.7332076985 0 -1.863297021 0.03138462316 -2.590715228 0 -2.391881913 -0.5988753334 1.713036971 0 141.3398409 38.04949767 -25.88127911 1


mesh: pSphereShape3 tranform: pSphere3 -1.839098484 6.25933121 1.378763749 0 -1.662759094 0.07177813614 -2.543772172 0 -2.393070501 -1.041216253 1.534871408 0 139.4532279 48.47150741 -24.14431751 1


mesh: pSphereShape4 tranform: pSphere4 -0.513234948 0.3346313224 4.058037278 0 -0.5604472827 3.311703022 -0.3439694113 0 -3.828546382 -0.6922770807 -0.4271242695 0 137.1787351 54.93172321 -20.10264074 1


mesh: pSphereShape5 tranform: pSphere5 -1.074876665 0.2959685866 4.092139765 0 -0.4785956763 3.089451463 -0.3491600945 0 -3.832179559 -0.7016802144 -0.9558434725 0 135.5939128 55.85670396 -13.65998953 1


mesh: pSphereShape6 tranform: pSphere6 -1.248382377 -5.509704875 2.1668531 0 -1.419300706 0.99032886 1.700433573 0 -1.868709856 -0.1545994576 -1.469717461 0 134.0087168 49.48642581 -9.917611869 1


mesh: pSphereShape7 tranform: pSphere7 -3.157420203 -4.495011036 1.553088997 0 -1.213495034 1.334630162 1.395711112 0 -1.850873949 0.5593024886 -2.144059965 0 129.2865409 40.24468498 -7.606149565 1


mesh: pSphereShape8 tranform: pSphere8 0.054557941 -4.28571827 0.3293220088 0 -0.7315443922 0.04297335828 0.6804381623 0 -1.780850018 -0.1689721365 -1.903934282 0 125.9311056 33.18184398 -6.215783626 1


mesh: pSphereShape10 tranform: pSphere10 -0.1640922762 0.2867409871 4.153141855 0 -0.4077821492 3.48152934 -0.2564831874 0 -5.030004683 -0.600736297 -0.1572614713 0 134.8226422 64.95265889 -17.79858947 1


mesh: pSphereShape11 tranform: pSphere11 -0.1043333839 0.09764927571 0.9897369165 0 -2.743764242 2.702045374 -0.5558234441 0 -1.825587501 -1.855699095 -0.009358091952 0 134.1365572 60.48855363 -18.30988672 1


mesh: pSphereShape12 tranform: pSphere12 -1.53397184 0.5210917905 7.000064916 0 -0.4559834263 3.717533953 -0.3766596726 0 -5.742735396 -0.8256674275 -1.196981166 0 137.2227159 51.07900328 -17.21880836 1


mesh: pSphereShape13 tranform: pSphere13 -1.041809994 0.3402532899 4.852406765 0 -0.6311911714 4.631894633 -0.4603073827 0 -4.303922177 -0.6736340816 -0.8768149766 0 136.8222827 45.92079415 -16.73675636 1


mesh: pSphereShape14 tranform: pSphere14 -1.057418496 0.2702004033 4.911010218 0 -0.6616134644 5.428923498 -0.4411515222 0 -4.208837286 -0.583952663 -0.8741008381 0 137.130899 41.53168439 -16.40431372 1


mesh: pSphereShape15 tranform: pSphere15 -1.765955526 0.04662137803 2.958648678 0 0.3929819762 8.619581572 0.09873829354 0 -3.661980147 0.1920289409 -2.188785299 0 138.3344679 27.96236992 -20.61263948 1


mesh: pSphereShape16 tranform: pSphere16 -1.16715617 0.0360923552 1.953077959 0 -0.6950073436 8.187501093 -0.5666380605 0 -1.614395826 -0.2035487274 -0.9609987595 0 138.4216751 11.81472426 -21.27271516 1


mesh: pSphereShape17 tranform: pSphere17 -2.220291314 -0.3287848106 1.213494788 0 -0.1545260884 2.331250039 0.3488986314 0 -3.087664575 0.6158604494 -5.482536342 0 137.2057549 1.690578481 -25.02513924 1


mesh: pSphereShape18 tranform: pSphere18 0.2176607084 0.1518265293 2.89068679 0 0.5259061753 8.104084491 -0.4652472682 0 -3.300920802 0.2277919986 0.2365859539 0 136.7808291 27.72238313 -11.66310806 1


mesh: pSphereShape19 tranform: pSphere19 0.1758526759 0.1017163941 1.952456434 0 -3.481536464 9.126466281 -0.161885168 0 -2.127163149 -0.8073192746 0.2336466665 0 138.7113662 11.73674332 -10.58284667 1


mesh: pSphereShape20 tranform: pSphere20 1.006628311 0.549346414 2.356516868 0 -0.1751073118 1.819313101 -0.3493143469 0 -5.462051685 -0.07440263415 2.350557621 0 137.07075 2.372730547 -9.036661892 1


mesh: pSphereShape21 tranform: pSphere21 -1.260203449 0.3220177077 5.852812332 0 1.752695878 2.795138351 0.2235966696 0 -4.938610049 3.195892537 -1.239196986 0 138.6931474 37.78979309 -15.76569196 1


