mesh: pSphereShape1 tranform: pSphere1 -0.94282408 3.141744954 -0.5961469673 0 1.847715254 0.5386485638 -0.08349287922 0 0.03156123182 -0.6334904968 -3.388463537 0 119.1475926 30.60631627 11.24529742 1


mesh: pSphereShape2 tranform: pSphere2 -1.121971133 5.689430933 -1.081024314 0 3.130545217 0.6198252811 0.01301706346 0 0.1186737848 -0.53739944 -2.951502125 0 116.5847336 38.07588816 9.900728245 1


mesh: pSphereShape3 tranform: pSphere3 -1.061947306 6.175973417 -2.278622429 0 2.98097684 0.572665693 0.1628737472 0 0.3451591232 -0.9887518197 -2.840771544 0 114.4780901 48.29671991 7.454182357 1


mesh: pSphereShape4 tranform: pSphere4 -3.100241915 0.3684807195 -2.663789935 0 0.5254103455 3.331824491 -0.1506072548 0 2.49126919 -0.5272190176 -2.972384234 0 111.5604409 54.76001047 3.390631469 1


mesh: pSphereShape5 tranform: pSphere5 -2.839430719 0.3791743729 -3.12768686 0 0.5135689155 3.102224521 -0.0901494716 0 2.906981628 -0.5599095264 -2.706944991 0 107.043192 55.79369561 -1.442600144 1


mesh: pSphereShape6 tranform: pSphere6 -1.376254058 -5.274162241 -2.626727269 0 -0.5881446451 1.170556068 -2.042186193 0 2.246965327 -0.2054031291 -0.7648550897 0 104.5601326 49.6772472 -5.237347437 1


mesh: pSphereShape7 tranform: pSphere7 0.1492256738 -4.28337998 -3.770530419 0 -0.426567798 1.472003817 -1.68910096 0 2.835184712 0.4125600586 -0.356466862 0 104.721811 40.776758 -11.07747413 1


mesh: pSphereShape8 tranform: pSphere8 -0.6919445106 -4.220469866 -0.4331945877 0 -0.1801523692 0.1296174867 -0.9750612448 0 2.535075275 -0.3626019887 -0.5165822947 0 104.8588352 33.93392433 -15.11704653 1


mesh: pSphereShape10 tranform: pSphere10 -3.52756632 0.401966281 -2.180007547 0 0.3816169464 3.493819081 0.02670558433 0 2.63990491 -0.2553353869 -4.318827189 0 110.8951326 64.89776253 0.6686907284 1


mesh: pSphereShape11 tranform: pSphere11 -0.7801152998 0.1477983479 -0.6079274359 0 2.015895721 2.71290398 -1.927316155 0 0.9128604624 -1.825893477 -1.615325111 0 111.8652257 60.3354557 0.02387877659 1


mesh: pSphereShape12 tranform: pSphere12 -4.855532417 0.6322355146 -5.258288533 0 0.433313972 3.738936713 0.04943025423 0 4.313013398 -0.4464829468 -4.0363435 0 109.2690338 50.91791555 1.619891372 1


mesh: pSphereShape13 tranform: pSphere13 -3.382694537 0.4969549049 -3.613503185 0 0.6806428864 4.647736465 0.002022541281 0 3.193953689 -0.4664130283 -3.054087785 0 109.2346648 45.78890922 0.7309092219 1


mesh: pSphereShape14 tranform: pSphere14 -3.412076122 0.406794398 -3.674427622 0 0.6983077358 5.442041079 -0.04596289385 0 3.139680693 -0.4278993721 -2.962882307 0 108.8293551 41.38720863 0.5806801847 1


mesh: pSphereShape15 tranform: pSphere15 -2.225230477 0.2582364584 -2.61840366 0 0.009734372137 8.588236562 0.8387303324 0 3.260756315 0.2643870816 -2.745054193 0 111.4539447 27.86667312 2.958613881 1


mesh: pSphereShape16 tranform: pSphere16 -1.446896136 0.2450732325 -1.739109077 0 2.356668887 7.845649708 -0.8550909151 0 1.354621018 -0.5379947059 -1.202825082 0 110.4407022 12.01054431 3.049910913 1


mesh: pSphereShape17 tranform: pSphere17 -1.415980516 0.08276698241 -2.120969442 0 0.2248674659 2.350821317 -0.05838724564 0 5.224846666 -0.5869861333 -3.511066214 0 111.6441879 1.350986254 1.740078302 1


mesh: pSphereShape18 tranform: pSphere18 -1.75623226 0.1355005579 -2.307332972 0 -2.640921821 7.297096626 2.438673928 0 2.411703327 1.45769865 -1.750069129 0 108.5905336 28.37048337 -4.655682571 1


mesh: pSphereShape19 tranform: pSphere19 -1.231495366 0.004046533323 -1.528646233 0 3.886408369 8.406640911 -3.108682731 0 1.531157301 -1.165139297 -1.236602594 0 108.4542388 13.90412491 -5.448124828 1


mesh: pSphereShape20 tranform: pSphere20 -1.982222136 0.5611485075 -1.619926401 0 0.7173880481 1.691992187 -0.2917191658 0 3.142754598 -2.122279576 -4.580795611 0 107.8667203 3.62350269 -5.889121438 1


mesh: pSphereShape21 tranform: pSphere21 -4.066422247 0.4848068246 -4.379085839 0 -1.21281308 2.724876848 1.42788911 0 3.828020414 3.370980305 -3.181502631 0 107.4382912 37.59741423 1.32405629 1


