mesh: pSphereShape1 tranform: pSphere1 1.802954693 2.658926414 -0.8912544596 0 1.335078713 -0.4668645728 1.307963033 0 1.643364764 -1.904446742 -2.357207314 0 85.87527358 32.25596517 -11.79927914 1


mesh: pSphereShape2 tranform: pSphere2 3.365897813 4.705672021 -1.150843115 0 1.71381981 -0.5831019852 2.628208498 0 1.86540578 -1.725408291 -1.599210406 0 89.8114037 38.8154876 -14.1643705 1


mesh: pSphereShape3 tranform: pSphere3 3.746321107 5.089404638 -2.12733131 0 1.719206854 -0.2217133284 2.497171953 0 1.827888333 -1.943659159 -1.431000091 0 95.52311962 47.53263353 -16.92718031 1


mesh: pSphereShape4 tranform: pSphere4 0.6052694079 0.005337556998 -4.059147108 0 0.6355263972 3.314524669 0.09912332315 0 3.80045679 -0.7456170674 0.5657150127 0 99.4948934 52.84060174 -21.65558575 1


mesh: pSphereShape5 tranform: pSphere5 1.105004711 0.002097214751 -4.094816882 0 0.6060354279 3.082390851 0.1651200672 0 3.795007152 -0.8009822821 1.023689476 0 101.199849 53.2642845 -28.11380729 1


mesh: pSphereShape6 tranform: pSphere6 2.643805318 -5.215310431 -1.556081385 0 0.6694960267 0.9718896523 -2.119869254 0 2.039652756 0.7404759594 0.9836457295 0 104.0644332 47.14677061 -31.2607995 1


mesh: pSphereShape7 tranform: pSphere7 5.677373091 -0.03732131779 -0.5937624893 0 -0.1812093572 1.364641004 -1.818443146 0 0.1947305042 2.313238775 1.716552702 0 112.3826577 42.90281054 -32.28162786 1


mesh: pSphereShape8 tranform: pSphere8 3.874611207 -1.346856955 1.285369589 0 0.3973571001 0.323595387 -0.8587161117 0 0.4501038491 2.332442399 1.087227255 0 120.2465401 42.36622196 -32.10569898 1


mesh: pSphereShape10 tranform: pSphere10 0.4224179513 0.05309021981 -4.144451524 0 -0.01417994817 3.514401327 0.04357403464 0 5.042032058 0.01396970259 0.514081657 0 100.9793511 62.84250182 -24.57762291 1


mesh: pSphereShape11 tranform: pSphere11 0.1073000949 0.03009862743 -0.9937709808 0 2.560334059 2.906900235 0.3644881986 0 1.940112921 -1.72851072 0.157127249 0 102.2540672 58.40925231 -23.87219148 1


mesh: pSphereShape12 tranform: pSphere12 0.7059450797 -0.02537968965 -7.150280589 0 0.3942023025 3.743500986 0.02563204064 0 5.862582521 -0.6213264464 0.5810164099 0 99.53388596 48.77076801 -24.20668538 1


mesh: pSphereShape13 tranform: pSphere13 0.3662397314 -0.2556600376 -4.954543186 0 0.4850958353 4.667696439 -0.2050001464 0 4.407801447 -0.4427726411 0.3486721628 0 100.0518148 43.61082861 -24.23131814 1


mesh: pSphereShape14 tranform: pSphere14 0.2353247561 -0.08712956702 -5.024559104 0 0.4023429543 5.471553335 -0.07603708255 0 4.321688723 -0.3149006034 0.2078664966 0 99.93025107 39.21461905 -24.13004156 1


mesh: pSphereShape15 tranform: pSphere15 -0.4931472039 0.2096115496 -3.404004011 0 -4.28389153 7.412795356 1.077083529 0 3.656414007 2.17060669 -0.3960530327 0 104.0116213 26.92820081 -21.43906551 1


mesh: pSphereShape16 tranform: pSphere16 -0.3256471339 0.1383768392 -2.247860203 0 -3.080521536 7.583921005 0.9131359786 0 1.731626471 0.7281787208 -0.2060342217 0 111.8434436 12.82168216 -22.58511698 1


mesh: pSphereShape17 tranform: pSphere17 -0.06317290176 0.5507060582 -2.490601251 0 -1.067383743 2.051804373 0.4807557317 0 5.637903424 2.820322859 0.4806093168 0 120.0635837 5.114913067 -23.23712732 1


mesh: pSphereShape18 tranform: pSphere18 -0.3155144214 -0.3732256379 -2.861407149 0 0.9257932047 7.999989133 -1.14555601 0 3.275882602 -0.4229243993 -0.3060529067 0 98.53690528 25.65162609 -27.20090415 1


mesh: pSphereShape19 tranform: pSphere19 -0.2722535818 -0.2774400953 -1.924126164 0 7.214334212 6.298578902 -1.928983 0 1.509240688 -1.718197108 0.03419764641 0 92.12924461 11.82912734 -24.8867045 1


mesh: pSphereShape20 tranform: pSphere20 -0.4668137617 -0.07946483735 -2.577600442 0 0.7749499099 1.680806009 -0.192164096 0 5.301792497 -2.545240994 -0.8817086234 0 89.72791892 3.155591268 -23.12564081 1


mesh: pSphereShape21 tranform: pSphere21 0.280453832 -0.1038387179 -5.988136897 0 -1.927739361 2.683251629 -0.1368150585 0 4.876288999 3.511831803 0.1674827816 0 98.50923338 35.36467304 -24.22402465 1


