mesh: pSphereShape1 tranform: pSphere1 0.6349298809 2.901988903 -1.513338781 0 -0.3617987715 0.9365431937 1.644126969 0 3.321715416 -0.2664337232 0.8827294204 0 22.55445505 32.18233508 4.9025061 1


mesh: pSphereShape2 tranform: pSphere2 1.003271721 5.418687043 -2.104360642 0 -0.921084229 1.252829953 2.786877667 0 2.828886341 -0.1367906949 0.9964621367 0 24.09343363 39.03729912 1.051025085 1


mesh: pSphereShape3 tranform: pSphere3 2.175205487 6.096103787 -1.602653926 0 -1.04294829 1.068288466 2.647964386 0 2.666875201 -0.6106744642 1.29676571 0 26.46464919 48.85144962 -2.466467725 1


mesh: pSphereShape4 tranform: pSphere4 3.754829023 0.2917736242 -1.630699833 0 -0.01680575767 3.330032433 0.5571306665 0 1.579774213 -0.5831534823 3.533227357 0 31.14621627 55.17246698 -4.617103576 1


mesh: pSphereShape5 tranform: pSphere5 4.074386297 0.2881724767 -1.142321336 0 -0.09501864799 3.112473193 0.4462723539 0 1.107653094 -0.5140550311 3.821052746 0 37.48731751 56.07718122 -6.555506519 1


mesh: pSphereShape6 tranform: pSphere6 2.13521355 -5.569707123 1.014782921 0 2.227034274 0.9106840178 0.3124308618 0 -0.4323827667 0.2585001961 2.32857676 0 41.17420539 49.66731078 -6.037543163 1


mesh: pSphereShape7 tranform: pSphere7 2.552269935 -4.271644614 2.797406381 0 1.884792838 1.266317497 0.2140404858 0 -0.9882911073 1.048060977 2.502078267 0 44.81751937 40.80135568 -1.435099065 1


mesh: pSphereShape8 tranform: pSphere8 -0.3942403587 -4.239068914 0.5947099537 0 0.9957839408 -0.09056725516 0.01455731816 0 -0.004769623337 0.3633886737 2.587058183 0 47.24872266 33.94373018 1.771755405 1


mesh: pSphereShape10 tranform: pSphere10 3.866495643 0.1711526276 -1.542287962 0 0.08250946574 3.463634886 0.5912207862 0 1.883932912 -0.8352425285 4.630305506 0 34.53389639 65.03503465 -3.25262299 1


mesh: pSphereShape11 tranform: pSphere11 0.9429996746 0.07384475206 -0.3244974056 0 0.7992218405 2.482344879 2.887462462 0 0.6815960838 -1.995282108 1.526680227 0 34.2129784 60.47001234 -2.537956128 1


mesh: pSphereShape12 tranform: pSphere12 6.881069174 0.4849654247 -2.010276263 0 -0.1477675652 3.740422993 0.3965509628 0 1.689051209 -0.5325960495 5.653047665 0 33.64714764 51.27939023 -5.935978588 1


mesh: pSphereShape13 tranform: pSphere13 4.715857002 0.614039839 -1.459671056 0 -0.4098474596 4.637250504 0.626630594 0 1.36037786 -0.4481940306 4.20652204 0 34.45515149 46.16074808 -5.60647966 1


mesh: pSphereShape14 tranform: pSphere14 4.806954109 0.4750333055 -1.405951297 0 -0.3855493458 5.448280795 0.5226331988 0 1.242861082 -0.3096369677 4.144729855 0 34.85348479 41.78667255 -5.844464444 1


mesh: pSphereShape15 tranform: pSphere15 3.417667143 0.1690644351 -0.4066238919 0 -0.3436392788 8.594977779 0.685302552 0 0.5185805986 -0.3163091861 4.227147674 0 30.80833371 28.35523937 -5.752142275 1


mesh: pSphereShape16 tranform: pSphere16 2.256970325 0.09805883431 -0.273018527 0 -0.1763513714 8.105313552 1.453299858 0 0.2374927989 -0.3258688979 1.846247875 0 30.55881304 12.1992726 -7.019282208 1


mesh: pSphereShape17 tranform: pSphere17 2.515976231 -0.08215092943 0.416506181 0 0.0870632753 2.359894061 -0.06045922462 0 -1.025780627 0.1975909543 6.23537435 0 29.67093103 1.832242554 -4.075638985 1


mesh: pSphereShape18 tranform: pSphere18 2.886075054 0.3022291531 -0.07566980871 0 -0.8668537667 7.554421803 -2.889375975 0 -0.04237124051 1.180693184 3.09969491 0 39.28377703 28.25960546 -4.093051367 1


mesh: pSphereShape19 tranform: pSphere19 1.955037725 0.1494955104 -0.09399521951 0 -0.5057565948 8.992808632 3.783291279 0 0.1682679665 -0.8764764766 2.105861608 0 41.06065828 13.06598628 -3.593216051 1


mesh: pSphereShape20 tranform: pSphere20 2.595847458 -0.1957528995 -0.3025071304 0 0.1888197823 1.793151658 0.4599320197 0 0.5516859266 -1.52556304 5.72127307 0 41.33021651 2.933936419 -2.315587755 1


mesh: pSphereShape21 tranform: pSphere21 5.728801008 0.5661321531 -1.67557564 0 -0.7860999167 2.669919433 -1.785585018 0 1.049969654 3.50106569 4.772767567 0 34.89357656 37.96257514 -7.336067609 1


