mesh: pSphereShape1 tranform: pSphere1 -0.8283567429 3.198805605 -0.4431000099 0 1.302374537 0.5202106369 1.320744659 0 2.391397909 0.2774824158 -2.467430042 0 -53.37439287 33.16267564 -3.608477335 1


mesh: pSphereShape2 tranform: pSphere2 -0.8179928082 5.798021299 -0.7147684354 0 2.85298252 0.5644860555 1.313968194 0 1.279372134 -0.1538082577 -2.71178841 0 -55.49503044 40.79172571 -4.83955559 1


mesh: pSphereShape3 tranform: pSphere3 0.3538985934 6.405606332 -1.818093291 0 2.669168688 0.2588380498 1.431516032 0 1.439957889 -0.8005256717 -2.540162962 0 -56.27321636 51.24054425 -6.70032469 1


mesh: pSphereShape4 tranform: pSphere4 -1.172730339 0.2494954613 -3.924985395 0 0.6742301198 3.308342256 0.008847487812 0 3.668470009 -0.74456523 -1.143416159 0 -56.42589939 57.73045851 -11.19124067 1


mesh: pSphereShape5 tranform: pSphere5 -0.9054163266 0.2421054733 -4.136444285 0 0.6532901583 3.076932376 0.03709528839 0 3.829393237 -0.8023800922 -0.8851698506 0 -57.79285302 58.5409918 -17.71605872 1


mesh: pSphereShape6 tranform: pSphere6 0.7149466023 -5.160270366 -3.077502207 0 0.9875176769 1.234476033 -1.840521079 0 2.157891395 -0.2796566602 0.9702287429 0 -57.53992831 52.49152353 -22.24464652 1


mesh: pSphereShape7 tranform: pSphere7 3.615879793 -3.705323494 -2.40468358 0 0.7330057286 1.632777714 -1.413703263 0 2.03226954 0.7426823629 1.911504696 0 -52.65710156 44.23942826 -26.34146074 1


mesh: pSphereShape8 tranform: pSphere8 0.9261626571 -4.084787865 -0.9672339292 0 0.6150393996 0.3110197241 -0.7245641919 0 1.981524246 0.04629544296 1.7018703 0 -48.20120665 38.21044907 -28.9330554 1


mesh: pSphereShape10 tranform: pSphere10 -0.3416552449 -0.006483021136 -4.152223934 0 -0.3388324412 3.498257632 0.02241801116 0 5.027434539 0.4896005062 -0.4144341674 0 -57.0514598 67.94239253 -14.23721766 1


mesh: pSphereShape11 tranform: pSphere11 -0.1346634782 0.007369484384 -0.9908639858 0 2.272766247 3.145037429 -0.2854895403 0 2.083583732 -1.532444278 -0.2945671262 0 -55.2647479 63.67172284 -13.89153731 1


mesh: pSphereShape12 tranform: pSphere12 -1.635189708 0.3975468768 -6.985243459 0 0.4668185334 3.733802077 0.103221097 0 5.721555115 -0.677244836 -1.377913979 0 -57.55627448 53.81945522 -13.75076641 1


mesh: pSphereShape13 tranform: pSphere13 -1.140289972 0.3312971523 -4.830835617 0 0.9771588844 4.593775398 0.08438710462 0 4.225435579 -0.8793782089 -1.057696374 0 -57.43521349 48.61617655 -14.29860329 1


mesh: pSphereShape14 tranform: pSphere14 -1.124508894 0.326440921 -4.892655676 0 1.128502195 5.368637925 0.09882820011 0 4.133158816 -0.8502697566 -1.006679606 0 -58.10323582 44.24229747 -14.43243386 1


mesh: pSphereShape15 tranform: pSphere15 -0.8204398284 0.2342633531 -3.338618523 0 -0.152427665 8.603896344 0.6411739826 0 4.147073936 0.1486384007 -1.008681907 0 -57.41049084 30.73777098 -11.01464501 1


mesh: pSphereShape16 tranform: pSphere16 -0.4919664533 0.2697161774 -2.205287258 0 3.666381087 7.374948773 0.08407362397 0 1.642151672 -0.811072 -0.4655369814 0 -59.58926262 15.26170941 -11.09158373 1


mesh: pSphereShape17 tranform: pSphere17 -0.200804689 0.1883162314 -2.536646811 0 1.437841644 1.874114766 0.02530935157 0 4.991510894 -3.820376184 -0.6787533963 0 -60.84174558 3.086557644 -11.39110956 1


mesh: pSphereShape18 tranform: pSphere18 -0.5473947158 0.01402533846 -2.850729716 0 -2.75047894 7.634399843 0.5657052194 0 3.058523378 1.145008566 -0.5816617386 0 -56.63461835 30.98096031 -18.8406089 1


mesh: pSphereShape19 tranform: pSphere19 -0.4475878646 -0.08787041035 -1.909266982 0 6.729687364 6.824398281 -1.891715045 0 1.57380953 -1.633401185 -0.2937726465 0 -58.5985186 17.30919679 -18.48375593 1


mesh: pSphereShape20 tranform: pSphere20 -1.142666199 0.5175120597 -2.301032163 0 1.265393023 1.32363471 -0.3306885158 0 3.505399509 -4.011451141 -2.642933885 0 -61.86909793 7.080966241 -18.16814421 1


mesh: pSphereShape21 tranform: pSphere21 -1.340160014 0.389043672 -5.830937874 0 -1.49986169 2.897526016 0.5380470332 0 5.186398335 2.870448129 -1.00050354 0 -60.02182906 40.61479655 -14.33023101 1


