mesh: pSphereShape1 tranform: pSphere1 -1.022114347 3.011097588 -1.001720215 0 1.530882353 0.8026052408 0.8505228058 0 1.806167474 -0.35650236 -2.914559415 0 85.95932597 31.85569074 22.67368977 1


mesh: pSphereShape2 tranform: pSphere2 -1.152247391 5.547577506 -1.641269903 0 2.76331668 0.9529082368 1.280903196 0 1.382717983 -0.4879336135 -2.619972936 0 83.36593272 39.01129929 20.16674771 1


mesh: pSphereShape3 tranform: pSphere3 -0.3103730791 6.060467282 -2.763495031 0 2.586207476 0.7705749319 1.399443438 0 1.584911022 -1.002652716 -2.376866115 0 81.71923746 48.97676388 16.68836012 1


mesh: pSphereShape4 tranform: pSphere4 -1.263050834 -0.3632012484 -3.887909751 0 0.4393953591 3.316907346 -0.4526040151 0 3.689039104 -0.6440148469 -1.138281803 0 80.86175253 54.73871477 11.29682514 1


mesh: pSphereShape5 tranform: pSphere5 -0.9967700102 -0.3907432764 -4.103941319 0 0.4140492418 3.09324324 -0.3950777409 0 3.86316431 -0.6292961467 -0.878373449 0 79.30913048 54.55830647 4.763348651 1


mesh: pSphereShape6 tranform: pSphere6 0.06283097258 -5.828794896 -1.62227034 0 0.509347414 0.6411420904 -2.2838875 0 2.329223328 -0.1108102133 0.4883510187 0 78.99169162 47.60525292 1.753103556 1


mesh: pSphereShape7 tranform: pSphere7 1.699039076 -5.035740643 -2.08352931 0 0.5019238371 0.9930788393 -1.990900363 0 2.682057317 0.5182035333 0.9346552432 0 81.70868836 37.64150204 -0.9737578417 1


mesh: pSphereShape8 tranform: pSphere8 -0.6865138661 -4.233949571 0.2849217287 0 0.4546012222 -0.1329784761 -0.8807124693 0 2.289195438 -0.2887310636 1.225219466 0 83.46244188 30.05163367 -2.502356172 1


mesh: pSphereShape10 tranform: pSphere10 -1.150769082 -0.3179922465 -3.991534215 0 -0.2074959063 3.50171897 -0.2191487186 0 4.861824524 0.1993741842 -1.417559385 0 80.26016748 64.45598778 7.363840586 1


mesh: pSphereShape11 tranform: pSphere11 -0.2519214179 -0.06568649637 -0.9655158639 0 2.242630505 3.078550289 -0.7945864671 0 2.023624227 -1.582638047 -0.4203310908 0 81.9220347 60.22334254 7.915821869 1


mesh: pSphereShape12 tranform: pSphere12 -1.491912851 -0.6711693247 -6.996373552 0 0.2636140165 3.732126066 -0.4142399844 0 5.779996342 -0.5393226251 -1.180793729 0 79.91626845 50.45096771 9.329529048 1


mesh: pSphereShape13 tranform: pSphere13 -0.8922027913 -0.2857107892 -4.885625375 0 0.3226809225 4.674419277 -0.3322868038 0 4.360960809 -0.3561741716 -0.7755606114 0 80.5481393 45.30973491 9.433076709 1


mesh: pSphereShape14 tranform: pSphere14 -0.7576523579 -0.06870063977 -4.972967587 0 0.3762582687 5.472322944 -0.1329236598 0 4.278320342 -0.3098915501 -0.647538857 0 80.50262572 40.89547291 9.608334836 1


mesh: pSphereShape15 tranform: pSphere15 -0.3399865204 -0.02613563819 -3.429008686 0 1.009421672 8.568260285 -0.165390865 0 4.220267015 -0.5051898671 -0.4145893371 0 79.73350929 27.23630037 14.06214393 1


mesh: pSphereShape16 tranform: pSphere16 -0.08918365883 0.1506962882 -2.268789678 0 6.213619545 5.405279522 0.1147758374 0 1.238250422 -1.420389438 -0.1430185982 0 74.03989302 13.46141241 14.92195027 1


mesh: pSphereShape17 tranform: pSphere17 0.6325916082 -0.1175381447 -2.469083881 0 1.753313351 1.537806927 0.376001944 0 3.936350132 -4.790328835 1.236551114 0 68.89112203 2.99704121 15.77136176 1


mesh: pSphereShape18 tranform: pSphere18 -0.1437391263 -0.1977694605 -2.89252898 0 -2.966690711 7.565130226 -0.3698224631 0 3.084365618 1.198047045 -0.2351855908 0 82.55324193 27.51037885 6.245713009 1


mesh: pSphereShape19 tranform: pSphere19 -0.1249074751 -0.1467541775 -1.953514231 0 0.7962264281 9.705528372 -0.7800206634 0 2.274917269 -0.1971307476 -0.1306488621 0 85.39944873 11.68429142 6.816992597 1


mesh: pSphereShape20 tranform: pSphere20 -0.8779311991 0.1835686119 -2.462477038 0 -0.04947431943 1.853606267 0.1558182969 0 5.600982365 0.3153810261 -1.973371947 0 89.67837893 2.323721932 6.529734592 1


mesh: pSphereShape21 tranform: pSphere21 -0.902950079 -0.08187560886 -5.926651489 0 -1.918585725 2.681157472 0.2552648379 0 4.811855898 3.517696868 -0.7817026604 0 79.09318416 37.04400149 9.78110857 1


