mesh: pSphereShape1 tranform: pSphere1 1.819685591 1.883680099 2.06285323 0 -1.451775463 1.259558183 0.1304844201 0 -1.262705696 -1.734912146 2.698081843 0 44.340722 40.74611957 -26.96220412 1


mesh: pSphereShape2 tranform: pSphere2 3.233296408 3.552557481 3.423767927 0 -2.345836141 2.16352586 -0.02957747554 0 -1.198129438 -1.265668125 2.444752843 0 49.32629329 44.92969884 -22.31954333 1


mesh: pSphereShape3 tranform: pSphere3 3.220942224 3.551391637 4.634182618 0 -2.163649249 2.131324816 -0.1295114918 0 -1.544004025 -1.435368821 2.173135031 0 55.20684178 51.06723304 -15.76324704 1


mesh: pSphereShape4 tranform: pSphere4 3.629292968 -0.2137983633 1.904094955 0 -0.02241348651 3.350196927 0.4188928324 0 -1.827159414 -0.4414801224 3.433079358 0 60.68506612 55.06657736 -10.23288484 1


mesh: pSphereShape5 tranform: pSphere5 3.702097322 -0.229056618 2.056835821 0 -0.01230752899 3.123875339 0.3700382803 0 -1.957326955 -0.4194932828 3.476275107 0 66.508528 55.15045547 -6.847267742 1


mesh: pSphereShape6 tranform: pSphere6 4.862291429 -3.594030623 0.2272106095 0 1.192653636 1.693398724 1.263573561 0 -0.799443084 -0.9530970975 2.031881791 0 72.60125585 50.3580728 -5.808737965 1


mesh: pSphereShape7 tranform: pSphere7 4.537222401 -3.119131717 1.507030923 0 0.7986656722 1.752248796 1.222118929 0 -1.430896423 -0.9627233637 2.315436445 0 80.5070371 43.51815528 -3.403832111 1


mesh: pSphereShape8 tranform: pSphere8 2.922472027 -2.99499099 -0.9838683162 0 0.7294900058 0.6105091943 0.308419933 0 -0.1963306141 -0.9839620851 2.412098055 0 86.80377463 38.83678168 -2.358275549 1


mesh: pSphereShape10 tranform: pSphere10 4.085637065 -0.1215922981 0.8065475963 0 0.07816394899 3.511297488 0.1334046549 0 -0.9858168705 -0.1668266012 4.968590984 0 63.50090407 64.85560223 -7.559368356 1


mesh: pSphereShape11 tranform: pSphere11 0.9467689025 0.008643993471 0.3217979595 0 -0.8680104561 2.872468256 2.476633821 0 -0.6041244033 -1.75569363 1.824568445 0 62.215648 60.45465207 -6.68841414 1


mesh: pSphereShape12 tranform: pSphere12 6.086492409 -0.3841731906 3.799017795 0 0.07175482819 3.754283267 0.2646894062 0 -3.146170205 -0.2931533499 5.010905566 0 62.78036835 50.85046859 -9.240155449 1


mesh: pSphereShape13 tranform: pSphere13 4.11183903 -0.2665434096 2.787243473 0 0.01126541657 4.677511324 0.430690124 0 -2.501092698 -0.3307991323 3.658065162 0 62.2928529 45.69934058 -8.688491834 1


mesh: pSphereShape14 tranform: pSphere14 4.082410045 0.05561882096 2.939387396 0 -0.2614298936 5.474474397 0.2595031242 0 -2.526677348 -0.2872624566 3.514647372 0 62.24558634 41.28479799 -8.781351764 1


mesh: pSphereShape15 tranform: pSphere15 3.293963434 -0.5888211905 0.8230850326 0 1.680192276 8.435833531 -0.6892293674 0 -0.9389263293 0.524677818 4.132902773 0 57.83305393 27.66075889 -10.15741117 1


mesh: pSphereShape16 tranform: pSphere16 2.179189872 -0.3537617383 0.5514107663 0 1.010603009 8.086544661 1.19405404 0 -0.4921868772 -0.2061757634 1.812861886 0 54.24025007 12.00144135 -10.05795827 1


mesh: pSphereShape17 tranform: pSphere17 2.460049629 -0.1005588258 0.6696314769 0 0.02164510027 2.346364689 0.2728361247 0 -1.676834357 -0.6888190178 6.056807432 0 51.55510199 1.089028272 -7.234255983 1


mesh: pSphereShape18 tranform: pSphere18 1.765093154 -0.05943378447 2.303781974 0 0.7703428525 8.088894904 -0.3815349146 0 -2.614714867 0.343922025 2.012193841 0 65.02565005 27.69483368 -6.139974885 1


mesh: pSphereShape19 tranform: pSphere19 1.218424042 -0.04803769164 1.538340583 0 -2.638143559 9.101937607 2.373735471 0 -1.683544098 -0.8289659248 1.307544647 0 66.30128479 11.72028401 -7.081787281 1


mesh: pSphereShape20 tranform: pSphere20 1.700657621 0.01517343539 1.993937614 0 -0.1020215487 1.856572718 0.07288750521 0 -4.512895348 -0.3992228223 3.852150336 0 64.55649047 2.249284759 -6.505845632 1


mesh: pSphereShape21 tranform: pSphere21 4.865308521 0.06628504255 3.503084301 0 1.114942779 2.671084173 -1.599046169 0 -2.869343338 3.543261379 3.91808309 0 63.17412018 37.42815542 -9.836975426 1


