mesh: pSphereShape1 tranform: pSphere1 2.357540933 2.307618654 0.4814215514 0 -1.077783518 1.295753889 -0.9330431625 0 -1.490513476 0.9021834441 2.974630409 0 94.69881335 33.64856303 -31.31672829 1


mesh: pSphereShape2 tranform: pSphere2 3.278352227 4.769483784 1.140827878 0 -2.50596634 1.873087025 -0.6295584772 0 -0.8196797541 -0.1267845489 2.885532394 0 100.1680882 39.31970674 -29.84847279 1


mesh: pSphereShape3 tranform: pSphere3 0.4659654217 5.875012646 3.119231081 0 -2.717518286 0.8006897969 -1.10212839 0 -1.340214964 -1.189421581 2.440460633 0 103.6408414 48.31434657 -26.58397507 1


mesh: pSphereShape4 tranform: pSphere4 0.1580971276 -0.3842363128 4.082942878 0 -1.20777586 3.13437195 0.3417352281 0 -3.651908107 -1.408168418 0.008887398714 0 103.4327419 53.80561639 -20.86295635 1


mesh: pSphereShape5 tranform: pSphere5 -0.3235084268 -0.499820699 4.199295974 0 -1.139428004 2.920592801 0.2598431216 0 -3.726497167 -1.413331918 -0.4553062693 0 102.8941456 53.4479288 -14.19838523 1


mesh: pSphereShape6 tranform: pSphere6 -0.0685162684 -5.49219314 2.538046248 0 -1.629583643 0.7707605982 1.623892032 0 -1.764873274 -0.6531592942 -1.461044899 0 102.9912398 46.81513915 -10.31510218 1


mesh: pSphereShape7 tranform: pSphere7 -4.757447809 -3.146480696 -0.2299164226 0 -1.057757039 1.500423847 1.353401531 0 -0.8678279709 1.481742253 -2.320961285 0 97.98302221 38.83291379 -9.366991149 1


mesh: pSphereShape8 tranform: pSphere8 -1.85974365 -3.863757934 -0.3025538497 0 -0.8339740943 0.3693120853 0.4099948703 0 -0.8948158599 0.6167315702 -2.375687452 0 92.06915057 33.62979253 -10.29893809 1


mesh: pSphereShape10 tranform: pSphere10 -0.3497880605 -0.5298404101 4.117602626 0 0.2218633964 3.476571456 0.4662016682 0 -5.040153685 0.3726314255 -0.3802091987 0 102.7862266 63.48163924 -16.48305763 1


mesh: pSphereShape11 tranform: pSphere11 -0.06792309473 -0.1178779405 0.9907023995 0 -2.489032469 2.984779908 0.1844922554 0 -1.992976937 -1.641441959 -0.3319452531 0 101.1811046 59.20053083 -17.7425834 1


mesh: pSphereShape12 tranform: pSphere12 -0.3016114268 -0.8165455034 7.132166507 0 -1.06962672 3.590531025 0.3658383914 0 -5.674340918 -1.646739002 -0.4284929951 0 104.5880326 49.64100138 -18.75197732 1


mesh: pSphereShape13 tranform: pSphere13 -0.2647514079 -0.6404471924 4.926126862 0 -1.916429969 4.264763509 0.4514658972 0 -4.050135906 -1.772546219 -0.4481211089 0 105.3620676 44.45975704 -19.16246174 1


mesh: pSphereShape14 tranform: pSphere14 -0.3765330004 -0.4363050311 4.997701903 0 -2.19257611 5.022299848 0.2732610821 0 -3.963430532 -1.705956957 -0.4475416975 0 106.9074807 40.33252533 -19.49533277 1


mesh: pSphereShape15 tranform: pSphere15 -0.1852899658 -0.2036974513 3.434901665 0 -0.0287568607 8.614010587 0.5092791047 0 -4.264366476 -0.0006337490496 -0.230071626 0 108.3175725 27.26217756 -24.25564606 1


mesh: pSphereShape16 tranform: pSphere16 -0.3322612725 0.1089483512 2.248511152 0 -7.0152476 4.134667217 -1.236978642 0 -0.9509768109 -1.631898001 -0.06145407313 0 113.7725461 14.65105194 -24.61512091 1


mesh: pSphereShape17 tranform: pSphere17 -0.8191712516 -0.3987421516 2.383343393 0 -2.15336253 0.7523701764 -0.6142509637 0 -1.623961661 -5.911038442 -1.547105174 0 121.7607222 5.271804613 -24.29114057 1


mesh: pSphereShape18 tranform: pSphere18 -0.3692817025 -0.2700109796 2.866569848 0 1.497531574 7.939868786 0.9407978531 0 -3.233096831 0.6518671571 -0.3550976486 0 106.7396231 26.89099923 -16.61629785 1


mesh: pSphereShape19 tranform: pSphere19 -0.2063772372 -0.2179361197 1.939914637 0 -4.494283122 8.660040896 0.4947733045 0 -2.016493486 -1.027643063 -0.3299727132 0 108.2676268 11.40702155 -17.64246536 1


mesh: pSphereShape20 tranform: pSphere20 -0.1638915728 0.212778838 2.606936613 0 -0.2251421703 1.839807945 -0.1643197226 0 -5.891405193 -0.748569689 -0.3092794317 0 107.5627946 1.97455132 -18.94125202 1


mesh: pSphereShape21 tranform: pSphere21 -0.4487420898 -0.5199768181 5.956129194 0 0.9249781943 3.155944315 0.3452065031 0 -5.754047521 1.717477043 -0.2835793191 0 109.5178761 37.16458832 -19.48052992 1


