mesh: pSphereShape1 tranform: pSphere1 -0.5272923701 3.255650986 -0.4874107332 0 1.889618614 0.266597618 -0.2634999006 0 -0.3907132996 -0.5689368858 -3.377520599 0 -138.0450604 30.93837977 -7.379721615 1


mesh: pSphereShape2 tranform: pSphere2 -0.2368132659 5.798070637 -1.05988372 0 3.177771045 0.077972233 -0.2834743275 0 -0.2489502541 -0.5478628659 -2.941448022 0 -139.4860111 38.73507823 -8.53946616 1


mesh: pSphereShape3 tranform: pSphere3 -0.3287956202 6.295941623 -2.171523067 0 3.034826381 0.1123351483 -0.1338148744 0 -0.08940471646 -0.9909379567 -2.859509872 0 -140.1534325 49.19313965 -10.85693206 1


mesh: pSphereShape4 tranform: pSphere4 -3.187117936 0.2311117073 -2.575251721 0 0.6736997406 3.263955279 -0.5408489736 0 2.338943636 -0.9769561051 -2.982339608 0 -142.4703256 55.55559573 -14.90260862 1


mesh: pSphereShape5 tranform: pSphere5 -3.013390816 0.2100590534 -2.977232959 0 0.64007214 3.049386647 -0.4326958132 0 2.702302464 -0.9649822316 -2.803205795 0 -147.2077153 56.31821882 -19.5803645 1


mesh: pSphereShape6 tranform: pSphere6 -2.097771494 -5.376582567 -1.817215832 0 -0.6848305348 0.9806604531 -2.110912669 0 2.131094236 -0.5166803703 -0.9314105887 0 -150.5111993 50.03032271 -22.42017275 1


mesh: pSphereShape7 tranform: pSphere7 -0.3454297706 -4.59881919 -3.364231312 0 -0.4724098837 1.340410226 -1.783801195 0 2.819114858 0.2157923783 -0.5844414807 0 -151.4774119 40.64025834 -27.23967052 1


mesh: pSphereShape8 tranform: pSphere8 -0.6948343792 -4.242171094 -0.0004914379823 0 -0.3291536418 0.05402199829 -0.9427298149 0 2.430473264 -0.3979915243 -0.8714049461 0 -151.942493 33.49419131 -30.68079933 1


mesh: pSphereShape10 tranform: pSphere10 -1.921107002 0.2531686905 -3.688222802 0 0.3026514107 3.50066957 0.08265069736 0 4.4759966 -0.3313913129 -2.354187039 0 -142.9547906 65.6061055 -17.47803533 1


mesh: pSphereShape11 tranform: pSphere11 -0.5572216592 0.04189592637 -0.8293061882 0 2.389708674 2.695951593 -1.469479018 0 1.454670801 -1.873783776 -1.07207446 0 -142.0116954 61.05589593 -17.96138256 1


mesh: pSphereShape12 tranform: pSphere12 -5.225826418 0.3476557922 -4.918880847 0 0.5172526169 3.717533788 -0.2867827621 0 3.98332116 -0.8855236808 -4.294473284 0 -144.9404859 51.6544605 -16.23624624 1


mesh: pSphereShape13 tranform: pSphere13 -3.63798345 0.208535676 -3.386529355 0 0.7194593035 4.616097056 -0.4886300828 0 2.953400599 -0.8013778598 -3.222041575 0 -145.1216445 46.46870589 -16.66699212 1


mesh: pSphereShape14 tranform: pSphere14 -3.695666107 0.2158335964 -3.406557115 0 0.7793780572 5.407885966 -0.5028882638 0 2.878174379 -0.709339225 -3.167382895 0 -145.6013985 42.08893508 -16.43017269 1


mesh: pSphereShape15 tranform: pSphere15 -2.769143071 0.5679019405 -1.970712691 0 0.8956653238 8.499484786 1.190761337 0 2.502761388 0.2200673553 -3.453333258 0 -143.7649266 28.62420907 -14.69272083 1


mesh: pSphereShape16 tranform: pSphere16 -1.805552559 0.4432638648 -1.312084907 0 2.60902855 7.751672664 -0.9715086151 0 0.9820931311 -0.5220279687 -1.52781035 0 -145.9096881 12.85973207 -15.13605038 1


mesh: pSphereShape17 tranform: pSphere17 -2.229358148 0.3210666704 -1.198849871 0 0.3764360806 2.33085571 -0.07578160013 0 2.905512763 -0.6505739802 -5.577267292 0 -146.6786246 2.244280304 -17.86741156 1


mesh: pSphereShape18 tranform: pSphere18 -2.002179623 0.7189017656 -1.975083443 0 -1.160294796 7.116012215 3.766338263 0 2.354817959 1.381304341 -1.884348946 0 -147.884733 29.46326168 -22.54702795 1


mesh: pSphereShape19 tranform: pSphere19 -1.409675231 0.3960084016 -1.307420975 0 4.874500361 7.975826107 -2.839917934 0 1.109544663 -1.237547199 -1.57116702 0 -150.4681104 15.60982132 -24.98790146 1


mesh: pSphereShape20 tranform: pSphere20 -2.319619655 0.7955173132 -0.9245380721 0 0.7844039677 1.570744917 -0.6164852506 0 1.172846587 -2.628171119 -5.204018923 0 -153.471455 5.32636438 -26.28223049 1


mesh: pSphereShape21 tranform: pSphere21 -4.404397304 0.2572247825 -4.059844841 0 -1.047436348 2.846739852 1.316695114 0 3.607063301 3.047832073 -3.720083533 0 -146.9872508 38.39411112 -15.29973131 1


