mesh: pSphereShape1 tranform: pSphere1 -1.838417612 2.740407452 0.4746129948 0 -1.389706221 -0.7400411008 -1.110054405 0 -1.444275809 -1.449400697 2.7744002 0 112.9608486 31.9805609 -26.2651173 1


mesh: pSphereShape2 tranform: pSphere2 -3.395497093 4.807815404 0.3905991057 0 -1.636322572 -0.9467592061 -2.571140141 0 -1.912507399 -1.494286669 1.76739051 0 108.9641643 38.78970555 -24.93329938 1


mesh: pSphereShape3 tranform: pSphere3 -3.70297809 5.382443095 1.334076272 0 -1.668226894 -0.5317864388 -2.484938427 0 -1.891838145 -1.706863239 1.635333074 0 103.265668 47.83932015 -23.53421444 1


mesh: pSphereShape4 tranform: pSphere4 -0.3874127868 0.2921618919 4.07524325 0 -0.4230025159 3.338072411 -0.2795254331 0 -3.865550961 -0.5175102201 -0.3303771144 0 99.58174339 53.60881481 -19.4918181 1


mesh: pSphereShape5 tranform: pSphere5 -0.8810789464 0.2936615306 4.138360533 0 -0.4084365845 3.103944957 -0.3072168537 0 -3.889201146 -0.5895801167 -0.7861944899 0 98.25728276 54.50808839 -12.98436814 1


mesh: pSphereShape6 tranform: pSphere6 -2.60009318 -5.163329765 1.786085082 0 -1.026891042 1.16248229 1.865682126 0 -1.900297571 0.489595347 -1.351004245 0 95.43824311 48.52622966 -9.590762044 1


mesh: pSphereShape7 tranform: pSphere7 -4.813840048 -2.908021673 0.9781952405 0 -0.6046736756 1.53174591 1.577954875 0 -1.349830093 1.553280077 -2.025049753 0 87.94609693 41.40500227 -8.128562794 1


mesh: pSphereShape8 tranform: pSphere8 -1.991564154 -3.795559975 -0.3258946852 0 -0.6021451419 0.2508719686 0.7579475467 0 -1.69865977 1.036632043 -1.692599514 0 81.78993874 36.42520762 -7.559781809 1


mesh: pSphereShape10 tranform: pSphere10 0.9764099633 0.2078185185 4.044894187 0 0.03652127194 3.509418073 -0.1891228208 0 -4.926758592 0.1150432253 1.183375347 0 98.57418373 63.80846923 -16.84177578 1


mesh: pSphereShape11 tranform: pSphere11 0.1173510502 0.1189765448 0.9859377834 0 -2.495292603 2.984586557 -0.06315874048 0 -1.973811662 -1.641062174 0.4329652296 0 97.09500166 59.41194756 -17.26028558 1


mesh: pSphereShape12 tranform: pSphere12 -0.6299108803 0.4909185801 7.140569047 0 -0.2784144113 3.743375303 -0.2819199341 0 -5.884878998 -0.474330547 -0.4865286797 0 99.51833018 49.712592 -16.6662892 1


mesh: pSphereShape13 tranform: pSphere13 -0.2799527287 0.09272482567 4.965885657 0 -0.5423622423 4.664410973 -0.117671353 0 -4.406875086 -0.5184400844 -0.2387579016 0 98.94636284 44.54861226 -16.26821249 1


mesh: pSphereShape14 tranform: pSphere14 -0.1102115425 0.03860426759 5.029465838 0 -0.5179064218 5.462095954 -0.05327394361 0 -4.317714699 -0.4102902844 -0.09146558622 0 99.14609671 40.146015 -16.17440359 1


mesh: pSphereShape15 tranform: pSphere15 0.7671904883 0.1436907191 3.356359069 0 3.368558646 7.866970868 -1.106775758 0 -3.815036243 1.745729372 0.797296819 0 95.72053269 27.5677256 -18.97299622 1


mesh: pSphereShape16 tranform: pSphere16 0.5064746632 0.2021504521 2.209227989 0 -0.2374939043 8.203547356 -0.6962007404 0 -1.841559217 -0.01734960212 0.4237726112 0 91.61331687 12.41423647 -17.91280493 1


mesh: pSphereShape17 tranform: pSphere17 0.2135781092 0.1949571748 2.535101312 0 -0.03699843997 2.355266181 -0.1780102364 0 -6.299308983 -0.05850401993 0.5352055454 0 87.2619441 1.755162218 -16.94096906 1


mesh: pSphereShape18 tranform: pSphere18 0.3092409017 -0.1136778909 2.884084777 0 -0.06140927935 8.127641523 0.3269402533 0 -3.298246885 -0.03908406904 0.3521081816 0 99.74951963 26.27303722 -12.43449329 1


mesh: pSphereShape19 tranform: pSphere19 0.2984361722 -0.1318668288 1.935691997 0 -8.198029323 5.063932776 1.608909503 0 -1.194371809 -1.949877314 0.05130961589 0 105.9314846 13.30734948 -13.58240308 1


mesh: pSphereShape20 tranform: pSphere20 0.7653840561 0.2605601892 2.492899802 0 -1.609486147 0.8408850458 0.4062633678 0 -2.427162366 -5.271938827 1.296228895 0 111.6503399 3.895196252 -14.77453962 1


mesh: pSphereShape21 tranform: pSphere21 -0.1313472069 0.04600754701 5.993984614 0 1.87237627 2.725534704 0.02010953234 0 -4.95330687 3.403795357 -0.1346688971 0 100.6514373 36.33029679 -16.01802993 1


