mesh: pSphereShape1 tranform: pSphere1 -1.123092676 3.097973039 0.506058992 0 -1.146519781 -0.1641812385 -1.539383613 0 -2.515158359 -1.239402247 2.005455549 0 -104.8579898 29.43738718 -19.69519432 1


mesh: pSphereShape2 tranform: pSphere2 -2.203452222 5.451677809 0.4701749788 0 -1.650435688 -0.434500625 -2.696653004 0 -2.312053905 -1.071411125 1.587681127 0 -107.2255743 36.94725454 -18.23557517 1


mesh: pSphereShape3 tranform: pSphere3 -2.723411247 5.947998664 1.291062733 0 -1.55148946 -0.1438255824 -2.610151611 0 -2.291233127 -1.360981895 1.436915789 0 -110.9970992 46.93170904 -16.77083126 1


mesh: pSphereShape4 tranform: pSphere4 -0.8801894498 0.3847952122 3.990019294 0 -0.1495072199 3.35415877 -0.3564541443 0 -3.818999899 -0.2571221679 -0.8176662318 0 -114.1596363 53.25023392 -12.8871042 1


mesh: pSphereShape5 tranform: pSphere5 -1.234681448 0.4330257492 4.034428774 0 -0.1611747504 3.118052 -0.3839939592 0 -3.832188692 -0.3380517663 -1.136504675 0 -116.0992378 54.35593332 -6.558630833 1


mesh: pSphereShape6 tranform: pSphere6 -3.230937124 -4.848130587 1.633166814 0 -1.121408477 1.319747871 1.699220017 0 -1.686724236 0.5937506204 -1.574315243 0 -119.7438275 48.73619224 -3.34228951 1


mesh: pSphereShape7 tranform: pSphere7 -5.441320197 -1.724175959 0.07591949048 0 -0.5068718501 1.664560377 1.474495526 0 -0.5917853097 1.770640095 -2.202310283 0 -128.2015524 43.04655661 -2.938905536 1


mesh: pSphereShape8 tranform: pSphere8 -2.997234892 -3.058956489 -0.3717241547 0 -0.6517610696 0.5790958264 0.4897504793 0 -0.779636771 1.039327636 -2.266474948 0 -135.4042793 39.82975489 -3.591409804 1


mesh: pSphereShape10 tranform: pSphere10 -0.7196173847 0.5446802493 4.067334284 0 0.5158052659 3.456723496 -0.3716504407 0 -4.936294932 0.6335624734 -0.9582031725 0 -114.3792957 63.53274312 -10.98589369 1


mesh: pSphereShape11 tranform: pSphere11 -0.1793892145 0.1380306735 0.9740467355 0 -2.05860144 3.195049306 -0.831896123 0 -2.159022886 -1.441425474 -0.1933628889 0 -116.196156 59.28677252 -11.37103688 1


mesh: pSphereShape12 tranform: pSphere12 -1.346183608 0.6147056739 7.031034185 0 0.1375518102 3.749671507 -0.3014882736 0 -5.815045511 0.1229341569 -1.12411447 0 -114.949321 49.42120545 -10.0938788 1


mesh: pSphereShape13 tranform: pSphere13 -0.7299655236 0.1009098245 4.919751957 0 0.1272723185 4.694948537 -0.07741488429 0 -4.393934595 0.108325742 -0.6541695448 0 -116.1714794 44.38685031 -9.800009274 1


mesh: pSphereShape14 tranform: pSphere14 -0.4989301942 -0.04102814894 5.005851461 0 0.1940863217 5.48304254 0.06428369173 0 -4.314013963 0.1577314753 -0.4286823952 0 -116.5697232 39.98637379 -9.783535085 1


mesh: pSphereShape15 tranform: pSphere15 0.2107581732 0.2271890723 3.43195871 0 4.089350478 7.561320634 -0.7516738034 0 -3.75148439 2.038384224 0.09544327419 0 -120.8569094 27.82181513 -13.22200264 1


mesh: pSphereShape16 tranform: pSphere16 0.1359966844 0.3299598107 2.247376498 0 -1.183959461 8.074458146 -1.113846355 0 -1.866728901 -0.2530117008 0.1501095319 0 -124.7725854 13.13207127 -12.30120284 1


mesh: pSphereShape17 tranform: pSphere17 -0.2541036631 0.04669434204 2.538427375 0 -0.1677730268 2.355540818 -0.06012469406 0 -6.274800036 -0.4627371451 -0.6196129475 0 -127.9113056 2.309502413 -11.76507438 1


mesh: pSphereShape18 tranform: pSphere18 0.4179720809 0.1612755638 2.868063306 0 2.877112629 7.561631596 -0.8444929181 0 -3.065812949 1.208812891 0.3788173835 0 -119.8246502 26.59568215 -4.965897884 1


mesh: pSphereShape19 tranform: pSphere19 0.4012450533 -0.0150069712 1.921492574 0 -8.57082928 4.319196962 1.823489179 0 -0.9930863288 -2.051424242 0.1913540116 0 -116.626736 14.93963721 -4.965829843 1


mesh: pSphereShape20 tranform: pSphere20 1.147297307 0.903566874 2.176127198 0 -1.623110667 0.7196847669 0.556910085 0 -1.296170444 -5.086341441 2.795306498 0 -109.7656799 6.198299783 -5.182432642 1


mesh: pSphereShape21 tranform: pSphere21 -0.5946118342 -0.04889626481 5.965841622 0 2.199686109 2.457399812 0.2393823294 0 -4.448838421 4.022260299 -0.4104464422 0 -115.584166 36.00476093 -9.623395877 1


