mesh: pSphereShape1 tranform: pSphere1 0.547139856 3.096554555 -1.107636076 0 1.821153728 -0.09996209786 0.6201384318 0 0.9712911641 -1.264844793 -3.056264482 0 92.4474626 31.26518042 18.45397123 1


mesh: pSphereShape2 tranform: pSphere2 1.500570424 5.461478077 -1.648515317 0 2.708514447 -0.2399037896 1.670647132 0 1.39210021 -1.111922186 -2.416595223 0 93.46323651 38.73821153 15.75205886 1


mesh: pSphereShape3 tranform: pSphere3 1.684925288 5.887539554 -2.638257887 0 2.55926219 0.002649014505 1.640386173 0 1.443618513 -1.421376763 -2.24997814 0 95.80252232 48.66981784 12.31388666 1


mesh: pSphereShape4 tranform: pSphere4 -1.254301805 -0.107107207 -3.906188656 0 0.3667198084 3.349831948 -0.2096080179 0 3.702400578 -0.4788857343 -1.175733182 0 96.55521928 54.52629847 7.085402401 1


mesh: pSphereShape5 tranform: pSphere5 -0.7306598308 -0.114374097 -4.176316545 0 0.3218308415 3.126013731 -0.1419154558 0 3.93008914 -0.4352861833 -0.6756606622 0 95.25705246 54.79022857 0.5248599703 1


mesh: pSphereShape6 tranform: pSphere6 1.848445593 -5.100264092 -2.679760027 0 0.2630200608 1.195863189 -2.094605395 0 2.253799951 0.5139548971 0.5764400041 0 96.77090324 48.705256 -3.615277466 1


mesh: pSphereShape7 tranform: pSphere7 4.320188624 -2.627426662 -2.64936056 0 -0.06401765585 1.565735607 -1.657163579 0 1.885409326 1.625201764 1.462702183 0 103.4529617 41.91607634 -7.743691714 1


mesh: pSphereShape8 tranform: pSphere8 2.269693561 -3.629358945 -0.3937707893 0 0.2225971873 0.2416779405 -0.9444798914 0 2.141055519 1.24951506 0.824340645 0 109.2713593 37.31461563 -10.57179021 1


mesh: pSphereShape10 tranform: pSphere10 -1.967961166 0.09168391448 -3.671029399 0 0.2386937833 3.506352888 -0.04038756483 0 4.453861878 -0.3307918637 -2.395882613 0 97.00703466 64.36873117 3.656299147 1


mesh: pSphereShape11 tranform: pSphere11 -0.3962354105 0.06611689952 -0.9157652838 0 2.523890473 2.824799624 -0.8880963266 0 1.691471579 -1.781828819 -0.8605151848 0 98.20448971 59.93849538 3.874150217 1


mesh: pSphereShape12 tranform: pSphere12 -1.963006369 -0.2083458614 -6.908597042 0 0.1994399927 3.755157082 -0.1699148765 0 5.689953053 -0.3748423281 -1.605436989 0 95.68053115 50.37287592 4.818892765 1


mesh: pSphereShape13 tranform: pSphere13 -1.250756927 -0.4866507471 -4.790174312 0 0.0885019498 4.670047031 -0.4975552345 0 4.30012209 -0.1989630752 -1.10258659 0 96.44737253 45.25333053 4.750168654 1


mesh: pSphereShape14 tranform: pSphere14 -1.357476882 -0.3000711989 -4.834912335 0 0.1073375982 5.473322749 -0.3698298342 0 4.176354469 -0.1604602263 -1.162617802 0 96.60326731 40.84802145 5.032756652 1


mesh: pSphereShape15 tranform: pSphere15 -1.687895059 0.095330307 -3.002714917 0 -2.385856841 8.136997341 1.599478659 0 3.530977455 1.416638574 -1.939868077 0 100.0126354 27.68039324 7.063124965 1


mesh: pSphereShape16 tranform: pSphere16 -1.113092231 0.04353940332 -1.984237814 0 -1.723629689 7.972740077 1.141842549 0 1.600103188 0.4729940266 -0.8872265902 0 104.9429744 12.39010647 4.84656804 1


mesh: pSphereShape17 tranform: pSphere17 -1.357107203 0.3563799537 -2.13110674 0 -0.3333256417 2.262816421 0.5906701046 0 5.278990307 1.585913747 -3.096498069 0 111.0815494 3.250693164 1.255140415 1


mesh: pSphereShape18 tranform: pSphere18 -0.9888868339 -0.3650532168 -2.704687889 0 0.6976026206 7.993935464 -1.334003054 0 3.105801091 -0.4503837873 -1.074753124 0 93.87623708 27.243643 2.672526834 1


mesh: pSphereShape19 tranform: pSphere19 -0.6972250946 -0.2443683443 -1.81865824 0 4.727484576 8.044817573 -2.893352646 0 1.829275935 -1.266005298 -0.5311858199 0 89.50503859 12.09557546 5.917886862 1


mesh: pSphereShape20 tranform: pSphere20 -0.8012585342 -0.2754571958 -2.479992315 0 0.4131544068 1.783793233 -0.3316148084 0 5.505954803 -1.573482581 -1.604144558 0 89.80425194 2.689915159 7.892840107 1


mesh: pSphereShape21 tranform: pSphere21 -1.617805112 -0.3576169333 -5.762120884 0 -1.993023605 2.608533288 0.3976778946 0 4.514425556 3.677227409 -1.495716543 0 95.40263034 36.95221358 5.513755978 1


