mesh: pSphereShape1 tranform: pSphere1 -1.194040172 3.094522991 -0.3362518963 0 1.316430497 0.6438284218 1.250464196 0 2.193211803 0.5638325607 -2.599212629 0 42.48370866 34.35154304 -10.02292101 1


mesh: pSphereShape2 tranform: pSphere2 -1.478429972 5.684485883 -0.5458224901 0 2.82981412 0.8516646899 1.204776111 0 1.166376661 0.03773431653 -2.766294999 0 39.48457977 41.7194768 -10.98957242 1


mesh: pSphereShape3 tranform: pSphere3 -0.4725717923 6.436639001 -1.675963655 0 2.68421709 0.5408473896 1.320287653 0 1.404757118 -0.578760155 -2.618862743 0 37.44920644 52.05059835 -12.5682725 1


mesh: pSphereShape4 tranform: pSphere4 -1.067007066 0.1507867034 -3.96002703 0 0.4069347828 3.351697172 0.01797691738 0 3.749853352 -0.4497645075 -1.027502716 0 36.63973403 58.51671575 -16.95924088 1


mesh: pSphereShape5 tranform: pSphere5 -0.7955871753 0.1663952131 -4.162681682 0 0.4172610326 3.117620348 0.04487241399 0 3.904134 -0.5114936333 -0.7666185591 0 35.41863661 59.20860768 -23.52613222 1


mesh: pSphereShape6 tranform: pSphere6 -0.0377601585 -5.466779547 -2.592962451 0 0.5855520092 1.005727027 -2.128915703 0 2.311973368 -0.2594500397 0.5133339624 0 35.08167108 52.80705886 -27.65888799 1


mesh: pSphereShape7 tranform: pSphere7 1.632210664 -4.652795866 -2.8764372 0 0.5784162267 1.303355853 -1.780032462 0 2.667949844 0.2753314137 1.068542475 0 37.62664406 43.380548 -31.98896132 1


mesh: pSphereShape8 tranform: pSphere8 -0.8867234457 -4.119961007 -0.8476163499 0 0.6399661848 0.02029407424 -0.7681350355 0 1.933737097 -0.7436028744 1.59143323 0 39.26705955 36.12170775 -34.74685619 1


mesh: pSphereShape10 tranform: pSphere10 -0.3959913209 -0.09634723826 -4.146280504 0 0.2992263526 3.500214185 -0.1099122474 0 5.026761641 -0.4444788602 -0.4697534741 0 37.8050031 68.43210276 -20.34490257 1


mesh: pSphereShape11 tranform: pSphere11 -0.1217196655 0.01053183017 -0.9925086416 0 2.812804324 2.669477044 -0.3166311198 0 1.77042661 -1.893619437 -0.2372160839 0 38.80104929 63.9218078 -19.76913699 1


mesh: pSphereShape12 tranform: pSphere12 -1.522710953 0.2534195252 -7.017310381 0 0.1589157892 3.759566296 0.1012873386 0 5.78401298 -0.2104700356 -1.262694202 0 35.90778142 54.52520212 -19.53837058 1


mesh: pSphereShape13 tranform: pSphere13 -1.08772367 0.2066039437 -4.849862246 0 0.4924508314 4.670587694 0.08852033108 0 4.311060552 -0.4358665697 -0.9854495062 0 36.51634683 49.36525915 -20.07077954 1


mesh: pSphereShape14 tranform: pSphere14 -1.098207544 0.29632607 -4.90054023 0 0.5573721261 5.454621894 0.2049236101 0 4.210506343 -0.39390042 -0.967389833 0 36.30996475 44.95336931 -20.26025507 1


mesh: pSphereShape15 tranform: pSphere15 -0.9211476198 0.3638049806 -3.300531392 0 -0.5967750218 8.536895047 1.107543724 0 4.10454645 0.4294073032 -1.098208817 0 37.94297652 31.32699504 -17.57647902 1


mesh: pSphereShape16 tranform: pSphere16 -0.5535341487 0.3757679113 -2.174963936 0 3.69928972 7.351634227 0.328660646 0 1.624656171 -0.7929061788 -0.5504695272 0 36.22675367 15.95250538 -18.37966179 1


mesh: pSphereShape17 tranform: pSphere17 0.05845709676 0.1916537125 -2.543661572 0 1.437133062 1.866767015 0.1736801233 0 5.015611366 -3.845045421 -0.1744411111 0 34.95075876 3.780280985 -18.68937978 1


mesh: pSphereShape18 tranform: pSphere18 -0.5739948606 0.1994350598 -2.838530104 0 -3.530951718 7.22558572 1.221682748 0 2.915532349 1.506528796 -0.4837172316 0 39.03173 32.23891442 -25.60013589 1


mesh: pSphereShape19 tranform: pSphere19 -0.445199187 0.0397842116 -1.911431771 0 5.19463713 8.208275904 -1.039057984 0 1.866296455 -1.239383443 -0.4604828543 0 39.09625195 18.0162691 -26.61872849 1


mesh: pSphereShape20 tranform: pSphere20 -1.370645998 0.4223378801 -2.193447982 0 0.9483115099 1.574656092 -0.2893902502 0 4.062825209 -3.020223159 -3.12031551 0 37.88523418 7.310891121 -27.5204593 1


mesh: pSphereShape21 tranform: pSphere21 -1.30881476 0.3531535875 -5.840334477 0 -1.801697943 2.714063581 0.5678733238 0 4.867101794 3.415961521 -0.8841575118 0 34.78186219 41.14353063 -20.24475634 1


