mesh: pSphereShape1 tranform: pSphere1 -0.2305666115 3.097386718 -1.211571033 0 0.8174330213 0.6878962852 1.603049267 0 3.112464372 -0.3331988836 -1.444138324 0 -143.5355507 33.091027 -13.97487109 1


mesh: pSphereShape2 tranform: pSphere2 0.145548705 5.64825261 -1.695026595 0 1.788824411 0.7172566849 2.543681633 0 2.485276001 -0.5426215867 -1.594744942 0 -144.1169145 40.47002205 -17.0463766 1


mesh: pSphereShape3 tranform: pSphere3 1.393748118 6.121626877 -2.246252538 0 1.570194251 0.5740916622 2.538819716 0 2.514056441 -1.055365687 -1.316233802 0 -143.2856085 50.59948903 -20.36500464 1


mesh: pSphereShape4 tranform: pSphere4 1.112773606 -0.5036209703 -3.91805508 0 0.8270214254 3.268260169 -0.1852135125 0 3.64335851 -0.8570555967 1.144921209 0 -140.8203695 56.25554718 -25.12583466 1


mesh: pSphereShape5 tranform: pSphere5 1.768554056 -0.5466578722 -3.816011901 0 0.7459500305 3.054634986 -0.09187269814 0 3.519773373 -0.8069984701 1.746866026 0 -138.1478664 55.82467685 -31.22574336 1


mesh: pSphereShape6 tranform: pSphere6 1.253687893 -5.556328874 -2.041086681 0 1.541392538 0.9426352939 -1.619317087 0 1.772420294 -0.1811128694 1.581698886 0 -136.3984167 49.09880776 -34.56292104 1


mesh: pSphereShape7 tranform: pSphere7 3.254039436 -4.5212232 -1.247509562 0 1.309620101 1.309781492 -1.330858749 0 1.696652816 0.5980478388 2.258152959 0 -131.6531248 39.79455097 -36.43565822 1


mesh: pSphereShape8 tranform: pSphere8 0.1344687407 -4.280694135 -0.3693054699 0 0.7009534063 0.08312958018 -0.7083458161 0 1.861431505 -0.09943451002 1.83033594 0 -128.1234897 32.78729605 -37.69118771 1


mesh: pSphereShape10 tranform: pSphere10 2.029585971 -0.4203749319 -3.614111182 0 0.2936388683 3.494075546 -0.241513445 0 4.405849762 -0.1976553091 2.497194953 0 -138.0221307 65.74358237 -28.35963908 1


mesh: pSphereShape11 tranform: pSphere11 0.4356927961 -0.1102068357 -0.8933231447 0 2.570226011 2.775232977 0.9111812642 0 1.591531693 -1.801800903 0.9985072868 0 -137.4469686 61.34701477 -27.02547391 1


mesh: pSphereShape12 tranform: pSphere12 2.27367902 -0.9273949468 -6.752468987 0 0.6232404066 3.700325579 -0.2983522932 0 5.533294994 -0.7731786565 1.969350581 0 -140.7161008 51.91492764 -27.19054087 1


mesh: pSphereShape13 tranform: pSphere13 1.592167071 -0.8148895819 -4.641977032 0 1.004667959 4.565807273 -0.4569237467 0 4.101254168 -0.7485209467 1.538104068 0 -140.6497273 46.74188696 -26.56217345 1


mesh: pSphereShape14 tranform: pSphere14 1.579280914 -0.5831966206 -4.740771772 0 1.004897559 5.384090598 -0.3275770235 0 4.041476472 -0.6674013864 1.428428369 0 -141.2699945 42.39576842 -26.16050097 1


mesh: pSphereShape15 tranform: pSphere15 0.1408968109 -0.1834952516 -3.438146601 0 -2.479154585 8.247523739 -0.5417705044 0 4.086793301 1.235136062 0.1015589447 0 -140.2618946 29.56815531 -21.76461685 1


mesh: pSphereShape16 tranform: pSphere16 0.1766706045 0.1248503286 -2.265230583 0 4.373612463 6.941689399 0.7237059984 0 1.594593362 -1.011825511 0.06859832587 0 -140.8186803 15.11313593 -20.94992208 1


mesh: pSphereShape17 tranform: pSphere17 0.4803280339 0.4652513937 -2.462354298 0 1.152531875 1.973511837 0.5977094779 0 5.388879148 -3.277902344 0.4318554372 0 -142.5215169 3.748283769 -21.47195092 1


mesh: pSphereShape18 tranform: pSphere18 0.611399325 -0.0003116882334 -2.837725914 0 -0.8361578109 8.089331348 -0.1810420337 0 3.224829067 0.3488851382 0.6947639169 0 -140.1809849 28.53640556 -29.8637997 1


mesh: pSphereShape19 tranform: pSphere19 0.3891467898 0.007478188568 -1.924023224 0 2.393967469 9.457125186 0.5209536498 0 2.170591389 -0.5735222107 0.4367877441 0 -140.8191441 12.2979757 -30.44031024 1


mesh: pSphereShape20 tranform: pSphere20 -0.171243471 0.1480356783 -2.610941382 0 -0.023764252 1.857577773 0.1068799402 0 5.933625074 0.09798170813 -0.3836125052 0 -137.948154 2.9102871 -30.52562225 1


mesh: pSphereShape21 tranform: pSphere21 1.882145302 -0.6950383367 -5.649926646 0 -1.512156624 2.81522875 -0.8500624334 0 5.002056168 3.075678712 1.287960421 0 -143.0251158 38.69207201 -26.38939058 1


