mesh: pSphereShape1 tranform: pSphere1 0.7313342022 3.209037304 -0.5311305663 0 0.4663079749 0.2012946436 1.858279402 0 3.258194175 -0.8623964008 -0.7241785871 0 -147.5962986 31.816027 -15.9738173 1


mesh: pSphereShape2 tranform: pSphere2 1.608216155 5.670107106 -0.246136825 0 0.6519082638 -0.04930448014 3.12365985 0 2.82278226 -0.826767274 -0.6021649293 0 -145.8394656 39.50374219 -17.39812143 1


mesh: pSphereShape3 tranform: pSphere3 2.633323879 6.098932365 -0.5754383214 0 0.5105883459 0.06222059265 2.996018176 0 2.73468151 -1.222325099 -0.4406657901 0 -142.6627222 49.73550825 -18.23009811 1


mesh: pSphereShape4 tranform: pSphere4 2.32742921 -0.1859606972 -3.375136542 0 0.7139440159 3.285294839 0.311311387 0 3.115695439 -0.8853016761 2.197301294 0 -138.3490315 55.62732018 -21.00027292 1


mesh: pSphereShape5 tranform: pSphere5 2.819381528 -0.2423263147 -3.159261127 0 0.6007450004 3.073198307 0.3003906606 0 2.89725187 -0.8252648407 2.648860432 0 -133.9493379 55.69586552 -26.04794188 1


mesh: pSphereShape6 tranform: pSphere6 1.641740045 -5.765638429 -0.8201596537 0 2.011148174 0.7349642004 -1.140942912 0 1.165397702 0.03629877888 2.077637487 0 -131.3909347 48.88844037 -28.07039147 1


mesh: pSphereShape7 tranform: pSphere7 3.368613926 -4.581353653 0.5001508847 0 1.703694423 1.144062151 -0.9951705794 0 0.8841368274 0.9323516067 2.585453409 0 -126.5864028 39.49489546 -27.08538651 1


mesh: pSphereShape8 tranform: pSphere8 -0.01264514384 -4.280498512 0.3949471339 0 0.9304269094 -0.03639508439 -0.3646658251 0 0.9573767765 0.2205207554 2.420690898 0 -123.1408386 32.42801352 -25.96829214 1


mesh: pSphereShape10 tranform: pSphere10 2.35629508 -0.2851634375 -3.424074948 0 0.1228690078 3.506419338 -0.2074682839 0 4.175996401 0.02358547314 2.871769517 0 -135.455963 65.45188255 -23.63040054 1


mesh: pSphereShape11 tranform: pSphere11 0.5740974713 -0.04475287337 -0.817563009 0 2.080240956 3.022076616 1.295330695 0 1.614284271 -1.635430449 1.223082158 0 -134.9362095 61.18602666 -22.12815019 1


mesh: pSphereShape12 tranform: pSphere12 4.226837019 -0.3676086603 -5.798640166 0 0.5843534941 3.713769711 0.1905193358 0 4.70137487 -0.9185462038 3.485232796 0 -137.4544765 51.46215243 -23.2323127 1


mesh: pSphereShape13 tranform: pSphere13 2.904049338 -0.5322741169 -4.003769909 0 0.8651168199 4.616938182 0.01370339348 0 3.513860036 -0.666250867 2.637277177 0 -137.3778851 46.28684529 -22.91396829 1


mesh: pSphereShape14 tranform: pSphere14 2.861992623 -0.4746043005 -4.11009884 0 0.8230934065 5.424503714 -0.05323607584 0 3.507877388 -0.5077243614 2.501274974 0 -137.8818537 41.92523903 -22.76179067 1


mesh: pSphereShape15 tranform: pSphere15 1.183536023 -0.1232081646 -3.233950634 0 -1.747476689 8.39566963 -0.9593889973 0 3.916428094 0.9747091455 1.396168994 0 -138.7213996 28.8728192 -18.56100955 1


mesh: pSphereShape16 tranform: pSphere16 0.789820478 -0.01431758077 -2.13402163 0 0.7210138361 8.202106904 0.2118240781 0 1.764545985 -0.1720098738 0.6542282884 0 -137.2129895 13.11043356 -16.72935972 1


mesh: pSphereShape17 tranform: pSphere17 0.9030863232 0.2393396642 -2.374345002 0 -0.1348043745 2.351099724 0.1857234021 0 5.902011229 0.159800052 2.260948643 0 -133.7702976 2.621844288 -15.12414966 1


mesh: pSphereShape18 tranform: pSphere18 1.113675398 0.03044253989 -2.680540609 0 0.3908888874 8.121058222 0.2546310897 0 3.059230465 -0.187034318 1.268884304 0 -137.1033661 27.95849553 -26.80032849 1


mesh: pSphereShape19 tranform: pSphere19 0.7333980958 0.03598481111 -1.820491374 0 3.34503628 9.050982548 1.526478607 0 1.971720731 -0.8598016639 0.7773266326 0 -139.7739881 11.97145917 -28.57891768 1


mesh: pSphereShape20 tranform: pSphere20 -0.1583489015 0.3703395453 -2.589599976 0 -0.03686625487 1.841381442 0.2655908648 0 5.934785272 0.1677037429 -0.3389169791 0 -137.8108203 2.874649985 -29.50731021 1


mesh: pSphereShape21 tranform: pSphere21 3.410847255 -0.5656208763 -4.898307296 0 -1.335214427 2.755812299 -1.247973445 0 4.307094625 3.273806995 2.621131653 0 -139.3420641 38.15255221 -23.45808662 1


