mesh: pSphereShape1 tranform: pSphere1 -0.4606940533 3.23232803 0.6743043135 0 -0.998082153 0.1989672195 -1.635667771 0 -2.909829954 -0.7657057572 1.682431512 0 143.4499346 30.07878702 -28.25001277 1


mesh: pSphereShape2 tranform: pSphere2 -1.167658203 5.74185639 0.6817012944 0 -1.510621456 0.02654276637 -2.811046865 0 -2.577074984 -0.6877211127 1.378394217 0 142.5141562 37.82466725 -26.42952302 1


mesh: pSphereShape3 tranform: pSphere3 -2.181730388 6.184951466 1.203714161 0 -1.318229043 0.0679269796 -2.738312416 0 -2.541963243 -1.129378015 1.195690644 0 140.1257957 48.16341603 -24.82220423 1


mesh: pSphereShape4 tranform: pSphere4 -0.9401123258 0.4581533545 3.968543701 0 -0.5444674427 3.293040542 -0.5091485132 0 -3.75728817 -0.7455346391 -0.8039986366 0 137.2649678 54.6633896 -21.05941485 1


mesh: pSphereShape5 tranform: pSphere5 -1.475861454 0.4347840337 3.952386737 0 -0.4723605383 3.067336607 -0.5138079415 0 -3.712181883 -0.7893160894 -1.299337454 0 135.0245913 55.79346353 -14.850205 1


mesh: pSphereShape6 tranform: pSphere6 -1.291051031 -5.41775047 2.364683025 0 -1.576086588 1.040411647 1.523198856 0 -1.738517781 -0.2856944522 -1.603739861 0 133.2453634 49.56525546 -10.91990342 1


mesh: pSphereShape7 tranform: pSphere7 -3.188913819 -4.481298929 1.528169019 0 -1.351190557 1.376543049 1.217058211 0 -1.675922787 0.4027590209 -2.316163803 0 128.5490624 40.3439136 -8.496264551 1


mesh: pSphereShape8 tranform: pSphere8 0.1630733169 -4.258531161 0.563143046 0 -0.7938995701 0.04973715157 0.606011294 0 -1.585408542 -0.331763235 -2.049721208 0 125.2603798 33.26663256 -7.023710174 1


mesh: pSphereShape10 tranform: pSphere10 -0.4343171419 0.3439577277 4.129260907 0 -0.3776255154 3.478785634 -0.3294934535 0 -5.011077784 -0.5892297318 -0.4779855054 0 134.5676876 64.74405467 -19.15138477 1


mesh: pSphereShape11 tranform: pSphere11 -0.1876574567 0.121480661 0.9746933507 0 -2.772267245 2.592037066 -0.8568017788 0 -1.75997712 -1.915446055 -0.100116798 0 133.8693406 60.17675964 -19.70432318 1


mesh: pSphereShape12 tranform: pSphere12 -2.248017566 0.7440767095 6.783677613 0 -0.3737126341 3.707924709 -0.5305518906 0 -5.595742564 -0.816498301 -1.764793507 0 136.9763164 50.90180999 -18.07346154 1


mesh: pSphereShape13 tranform: pSphere13 -1.517505145 0.57268384 4.702786741 0 -0.586070154 4.599982136 -0.7492791192 0 -4.195409146 -0.7403535522 -1.263626606 0 136.5002353 45.75794113 -17.43198252 1


mesh: pSphereShape14 tranform: pSphere14 -1.544769149 0.5249776892 4.758912711 0 -0.6580280883 5.387013009 -0.8078658645 0 -4.095641398 -0.6882738237 -1.253540974 0 136.7977022 41.38729447 -16.8364711 1


mesh: pSphereShape15 tranform: pSphere15 -2.009561025 0.05372064897 2.798777063 0 0.6519497592 8.59909819 0.3030551101 0 -3.45415749 0.3495235562 -2.486842197 0 138.106338 27.83084984 -20.92453783 1


mesh: pSphereShape16 tranform: pSphere16 -1.332747588 0.06852730864 1.843137969 0 -0.8426133218 8.14232928 -0.9120113695 0 -1.519481242 -0.2791475283 -1.088337262 0 138.1343515 11.76726802 -21.50940638 1


mesh: pSphereShape17 tranform: pSphere17 -2.231669667 -0.3047005763 1.198820515 0 -0.1653643737 2.33897802 0.2866561671 0 -3.032792421 0.4630750222 -5.528009861 0 137.153273 1.572520772 -24.86496053 1


mesh: pSphereShape18 tranform: pSphere18 -0.3786184936 0.2204375067 2.869591075 0 1.464698268 7.990432267 -0.4205578716 0 -3.234187769 0.5680911688 -0.4703638486 0 134.8255035 27.80064197 -12.08311254 1


mesh: pSphereShape19 tranform: pSphere19 -0.212057882 0.1138836672 1.94818338 0 -4.584905736 8.568456269 -0.9999431479 0 -2.004475344 -1.090599541 -0.154432752 0 136.45771 12.39772484 -10.45345138 1


mesh: pSphereShape20 tranform: pSphere20 0.642296453 0.7374723467 2.431428303 0 -0.3617485511 1.771071259 -0.4416195473 0 -5.648356227 -0.7266843609 1.712503217 0 135.8617482 2.951107162 -8.71078331 1


mesh: pSphereShape21 tranform: pSphere21 -1.841015092 0.6256545511 5.671546539 0 1.698989505 2.826788277 0.2396652059 0 -4.815775782 3.055548272 -1.900298887 0 138.3184977 37.70770886 -15.83745188 1


