mesh: pSphereShape1 tranform: pSphere1 0.8695683477 2.876122297 1.444521108 0 -0.9342392506 0.9731702928 -1.375246014 0 -2.877604166 -0.08247622504 1.896466029 0 10.73742486 36.30327643 -28.66718437 1


mesh: pSphereShape2 tranform: pSphere2 0.9972953272 5.284513216 2.424124426 0 -2.512183531 1.192381789 -1.565830691 0 -1.780672396 -0.7221882776 2.306923563 0 12.97729809 43.08219989 -25.0309387 1


mesh: pSphereShape3 tranform: pSphere3 -0.4598821391 5.700004548 3.429425094 0 -2.327181056 0.8669826102 -1.753073375 0 -1.936675829 -1.312513949 1.921806913 0 13.8681516 52.52551431 -20.24716637 1


mesh: pSphereShape4 tranform: pSphere4 -0.5392976047 -0.9260841538 3.961638679 0 -0.6794301091 3.239775332 0.6648485085 0 -3.79928531 -0.6590176282 -0.6712503248 0 12.57165271 57.53855958 -14.3131821 1


mesh: pSphereShape5 tranform: pSphere5 -0.8119540464 -0.9687854623 4.04854918 0 -0.6281589424 3.023896566 0.5976142885 0 -3.854893486 -0.6187313651 -0.9211730302 0 11.19941759 56.43111091 -7.826006694 1


mesh: pSphereShape6 tranform: pSphere6 -1.102628879 -5.880507874 0.9024385997 0 -1.428451326 0.5564400545 1.880569423 0 -1.87618678 0.1273116787 -1.46279248 0 9.913935563 49.25265258 -5.685345777 1


mesh: pSphereShape7 tranform: pSphere7 -4.079150752 -3.993342067 0.01613270535 0 -1.066802708 1.09655975 1.691539558 0 -1.501845029 1.52629289 -1.936604839 0 4.489436626 40.44637569 -5.939909231 1


mesh: pSphereShape8 tranform: pSphere8 -1.298042223 -4.019713041 -0.7973732523 0 -0.696870075 0.08373835072 0.7122920659 0 -1.69948717 0.8995966465 -1.768449421 0 -0.5282858657 34.34739153 -6.605832711 1


mesh: pSphereShape10 tranform: pSphere10 -0.5186129781 -0.9633702302 4.020036357 0 0.2505855507 3.401765686 0.8475338052 0 -5.015772891 0.5007929957 -0.5270588783 0 11.73691874 66.58340503 -8.882515051 1


mesh: pSphereShape11 tranform: pSphere11 -0.1391092269 -0.2323520868 0.9626323965 0 -2.349190533 3.075269848 0.4028030734 0 -2.043270325 -1.47552479 -0.6514210633 0 10.18949658 62.57877598 -10.68451029 1


mesh: pSphereShape12 tranform: pSphere12 -1.230652456 -1.652264506 6.883388092 0 -0.4959693694 3.647559974 0.7868752835 0 -5.784009739 -0.5356490013 -1.162674473 0 12.66770728 52.99474817 -12.73902148 1


mesh: pSphereShape13 tranform: pSphere13 -0.8486188589 -1.220597211 4.747312951 0 -0.9954787219 4.485792648 0.9754073571 0 -4.276078668 -0.7412857613 -0.9549765055 0 12.49008791 47.88367467 -13.84189608 1


mesh: pSphereShape14 tranform: pSphere14 -0.7922852416 -1.023540214 4.861462025 0 -1.125679271 5.288981478 0.930095954 0 -4.190524313 -0.7442353213 -0.8396332887 0 13.15985018 43.59210065 -14.69137579 1


mesh: pSphereShape15 tranform: pSphere15 0.109830013 -0.525175548 3.403895193 0 2.207001359 8.254980116 1.202422074 0 -4.126283301 1.059964037 0.2966768614 0 11.74209259 31.32693484 -20.5435821 1


mesh: pSphereShape16 tranform: pSphere16 -0.07916503276 -0.05184250526 2.27356877 0 -6.007558349 5.634005332 -0.08071346018 0 -1.291122501 -1.377822298 -0.07637398839 0 13.91377468 18.04829451 -22.54182441 1


mesh: pSphereShape17 tranform: pSphere17 -0.6988993479 -0.8803624788 2.290603453 0 -1.868885089 1.444776958 -0.014945907 0 -3.457492301 -4.5012339 -2.784924008 0 19.25212511 7.634594288 -24.74040374 1


mesh: pSphereShape18 tranform: pSphere18 -0.06646160178 -0.5895917579 2.841559785 0 0.6372340017 7.937349712 1.661815313 0 -3.306152303 0.2698931381 -0.02132821853 0 12.97646444 29.42346323 -13.23363085 1


mesh: pSphereShape19 tranform: pSphere19 -0.005223203374 -0.4185703328 1.917844652 0 -4.70390634 8.368041006 1.813517192 0 -2.004581001 -1.074809507 -0.2400370158 0 15.66884701 14.09723122 -16.05760924 1


mesh: pSphereShape20 tranform: pSphere20 0.4955274148 -0.210380647 2.564848212 0 -0.8945776202 1.6030295 0.3043198093 0 -5.091845565 -2.981848583 0.7391571267 0 15.8204159 3.453476051 -17.91268448 1


mesh: pSphereShape21 tranform: pSphere21 -0.9442246355 -1.219828206 5.793762104 0 1.529223858 2.808843611 0.8406001863 0 -5.245386484 2.927151144 -0.2385672014 0 15.05565601 39.96870537 -15.04793616 1


