mesh: pSphereShape1 tranform: pSphere1 0.5287523325 3.101745051 -1.102029228 0 1.813977234 -0.08057783454 0.6435517099 0 1.023765855 -1.255643452 -3.042902308 0 92.23971551 31.27818774 18.46388317 1


mesh: pSphereShape2 tranform: pSphere2 1.466867234 5.473664835 -1.638398889 0 2.702250281 -0.2202703892 1.683446035 0 1.412037598 -1.09992962 -2.410508467 0 93.2126452 38.76044384 15.77171384 1


mesh: pSphereShape3 tranform: pSphere3 1.657743189 5.90023574 -2.627090718 0 2.550919123 0.01938686647 1.653218845 0 1.464602472 -1.410351357 -2.243344957 0 95.49711144 48.71018637 12.35004393 1


mesh: pSphereShape4 tranform: pSphere4 -1.227605195 -0.1170748543 -3.914375269 0 0.3734807493 3.348595778 -0.2172819958 0 3.709623931 -0.4882894727 -1.148787963 0 96.25026817 54.56736573 7.123623173 1


mesh: pSphereShape5 tranform: pSphere5 -0.696349787 -0.1239293264 -4.181901912 0 0.3285417364 3.125065571 -0.1473174771 0 3.934755512 -0.4439315433 -0.6420404117 0 95.00380959 54.81533009 0.5536390663 1


mesh: pSphereShape6 tranform: pSphere6 1.809428501 -5.132181967 -2.645228815 0 0.263017844 1.177640755 -2.104904736 0 2.258703695 0.5051911531 0.5648773773 0 96.49104048 48.69503239 -3.555371 1


mesh: pSphereShape7 tranform: pSphere7 4.280455314 -2.693315245 -2.647690935 0 -0.05687083719 1.551798493 -1.670480326 0 1.908812973 1.619020982 1.43901038 0 103.1057965 41.81478845 -7.657042687 1


mesh: pSphereShape8 tranform: pSphere8 2.225529567 -3.659543545 -0.3654720712 0 0.221477281 0.2293464005 -0.9478122401 0 2.158897099 1.232749386 0.802767955 0 108.861972 37.12529512 -10.46881427 1


mesh: pSphereShape10 tranform: pSphere10 -1.930812007 0.08355560889 -3.690896556 0 0.2312888374 3.506834891 -0.04160494272 0 4.478666725 -0.3232678608 -2.350235017 0 96.71036594 64.40564512 3.688758166 1


mesh: pSphereShape11 tranform: pSphere11 -0.3878558327 0.06395394248 -0.9194986385 0 2.528542053 2.826272498 -0.8699942354 0 1.701493346 -1.781318211 -0.841606946 0 97.9161747 59.97536241 3.920030557 1


mesh: pSphereShape12 tranform: pSphere12 -1.911064457 -0.2261786617 -6.922585568 0 0.1997389963 3.754775224 -0.1778185506 0 5.70193459 -0.3772819599 -1.561762047 0 95.39039 50.40848338 4.862135723 1


mesh: pSphereShape13 tranform: pSphere13 -1.213527292 -0.4917182065 -4.799224572 0 0.1039755118 4.668965319 -0.5046632716 0 4.308316388 -0.211355059 -1.067741739 0 96.15271467 45.2864848 4.810539409 1


mesh: pSphereShape14 tranform: pSphere14 -1.314139025 -0.2991999445 -4.846924954 0 0.1167830727 5.473150291 -0.3695199479 0 4.186490952 -0.1652749675 -1.124874209 0 96.29921049 40.88290394 5.098680042 1


mesh: pSphereShape15 tranform: pSphere15 -1.64261155 0.08238264019 -3.028104171 0 -2.404185106 8.145751656 1.525776687 0 3.560609124 1.405519704 -1.893233167 0 99.71419705 27.71150467 7.216477489 1


mesh: pSphereShape16 tranform: pSphere16 -1.082594364 0.02972229388 -2.001293514 0 -1.845406502 7.949061874 1.116323526 0 1.607368717 0.4942344247 -0.8621616576 0 104.7615213 12.43327589 5.112906874 1


mesh: pSphereShape17 tranform: pSphere17 -1.32561714 0.4133735395 -2.140613016 0 -0.3461564862 2.245151211 0.64792518 0 5.322025982 1.678147675 -2.971703417 0 111.0714078 3.396710428 1.609939425 1


mesh: pSphereShape18 tranform: pSphere18 -0.9814987029 -0.3767832791 -2.705770178 0 0.7004993608 7.988195917 -1.366471512 0 3.108751699 -0.4546832408 -1.064361911 0 93.614201 27.27672573 2.757494349 1


mesh: pSphereShape19 tranform: pSphere19 -0.6910188478 -0.2505372393 -1.820186957 0 4.618369462 8.116085863 -2.870453538 0 1.847658549 -1.23915101 -0.5308868984 0 89.32383553 12.07869967 6.022237126 1


mesh: pSphereShape20 tranform: pSphere20 -0.7914300119 -0.2652499492 -2.484257392 0 0.388541881 1.792289123 -0.3151478212 0 5.531515854 -1.481203105 -1.604068332 0 89.752792 2.677940262 7.971784325 1


mesh: pSphereShape21 tranform: pSphere21 -1.566156198 -0.3565785953 -5.776437207 0 -1.993615137 2.610808442 0.379360879 0 4.53183965 3.671988674 -1.455381755 0 95.08993238 36.98850227 5.56930776 1


