mesh: pSphereShape1 tranform: pSphere1 -0.4052724196 3.128004557 -1.079912759 0 1.481958726 0.5688382835 1.091506452 0 2.162323938 -0.6215744546 -2.611894302 0 89.5539484 31.69007818 19.82443145 1


mesh: pSphereShape2 tranform: pSphere2 -0.07851565838 5.670272357 -1.62447032 0 2.536208368 0.5658665908 1.852595016 0 1.821949844 -0.633879424 -2.300639489 0 88.45041771 39.14977604 17.11397806 1


mesh: pSphereShape3 tranform: pSphere3 0.6875499931 6.117438192 -2.562562171 0 2.325653602 0.5282099232 1.884947312 0 1.924553297 -1.08376051 -2.070822472 0 88.52892436 49.32202171 13.73459997 1


mesh: pSphereShape4 tranform: pSphere4 -0.6343086657 -0.2735080689 -4.045479037 0 0.3785909918 3.342906854 -0.285369306 0 3.841989722 -0.4837457131 -0.5696974319 0 88.9451829 55.22053877 8.473966434 1


mesh: pSphereShape5 tranform: pSphere5 -0.08487921838 -0.2719501905 -4.231714041 0 0.3110846583 3.123470372 -0.2069688493 0 3.990962463 -0.4010796549 -0.05427495424 0 88.66058628 55.22899419 1.78933507 1


mesh: pSphereShape6 tranform: pSphere6 1.459534385 -5.411842527 -2.278657184 0 0.6629218082 1.055291363 -2.081714413 0 2.218565757 0.2479372824 0.8321898937 0 90.066849 48.75574947 -1.947655916 1


mesh: pSphereShape7 tranform: pSphere7 3.449959381 -3.945265328 -2.262559116 0 0.4742446434 1.407382752 -1.730948637 0 2.220493199 1.086303158 1.491610599 0 95.54538476 40.31336669 -5.266545688 1


mesh: pSphereShape8 tranform: pSphere8 0.7342654229 -4.223183199 -0.3230922519 0 0.442590029 0.1446559495 -0.884979504 0 2.299762177 0.3080064486 1.200487434 0 99.72121732 33.93433709 -7.509653999 1


mesh: pSphereShape10 tranform: pSphere10 -1.298452618 -0.1538263219 -3.955766954 0 0.03576039909 3.511388541 -0.1482840558 0 4.815488986 -0.1156016924 -1.576154959 0 89.44027587 64.98428366 4.723359254 1


mesh: pSphereShape11 tranform: pSphere11 -0.2313817208 0.00505556602 -0.9728499065 0 2.526976635 2.899877531 -0.5859441176 0 1.885530831 -1.735502676 -0.4574717166 0 90.86865391 60.60141153 5.32184757 1


mesh: pSphereShape12 tranform: pSphere12 -0.7115414044 -0.4916836789 -7.132844529 0 0.1495147072 3.751358757 -0.2735048789 0 5.890159118 -0.2762100489 -0.5685367319 0 88.50056341 50.97326589 6.261308692 1


mesh: pSphereShape13 tranform: pSphere13 -0.4637428017 -0.5561774391 -4.921646173 0 0.2548680204 4.657986507 -0.5503971887 0 4.417759682 -0.2870769349 -0.3838224998 0 89.28062188 45.83630432 6.457247121 1


mesh: pSphereShape14 tranform: pSphere14 -0.531626549 -0.323104547 -4.992207944 0 0.2246861939 5.469210362 -0.3779041065 0 4.310179905 -0.2078564599 -0.4455436805 0 89.32834556 41.44299236 6.80928368 1


mesh: pSphereShape15 tranform: pSphere15 -1.230578677 -0.2052859997 -3.212150097 0 -3.162991759 7.997874839 0.700608133 0 3.668994416 1.583001856 -1.506764711 0 93.01275772 28.58396442 9.908378595 1


mesh: pSphereShape16 tranform: pSphere16 -0.7616497899 0.1057557952 -2.141675748 0 3.443751547 7.432646672 -0.8576868767 0 1.595877083 -0.8095186443 -0.6075199452 0 94.25235642 14.02796977 10.47087341 1


mesh: pSphereShape17 tranform: pSphere17 -0.0008035134943 -0.4555727374 -2.510540859 0 0.7996039025 2.187065843 -0.3971295913 0 5.949072642 -2.105968524 0.3802533952 0 94.31054163 2.866690311 12.20852918 1


mesh: pSphereShape18 tranform: pSphere18 -0.5576194999 -0.4849615226 -2.807199746 0 -0.1617213782 8.019456127 -1.353287619 0 3.254772373 -0.04223403849 -0.6392287054 0 88.49530867 27.71480368 4.263375368 1


mesh: pSphereShape19 tranform: pSphere19 -0.3978754427 -0.3112775081 -1.896881114 0 2.762553528 9.1370887 -2.078845311 0 2.144286677 -0.723627746 -0.3310223106 0 86.6507495 11.70709511 6.91756504 1


mesh: pSphereShape20 tranform: pSphere20 -0.7371411186 0.0397181503 -2.514617113 0 0.1245818099 1.856612734 -0.007195191247 0 5.692828563 -0.3884894409 -1.674946088 0 89.06247653 2.225660319 8.048465485 1


mesh: pSphereShape21 tranform: pSphere21 -0.6335784867 -0.3850674696 -5.949581639 0 -2.004232577 2.629813664 0.04322706466 0 4.73916277 3.623959835 -0.7392285519 0 88.02365253 37.5621708 7.104594587 1


