mesh: pSphereShape1 tranform: pSphere1 0.8850068549 3.100982223 0.8458971166 0 -1.522912691 0.6947422595 -0.9535382133 0 -1.902564124 -0.2385002631 2.864848834 0 134.2411059 31.81111856 -26.17967085 1


mesh: pSphereShape2 tranform: pSphere2 0.7991602404 5.686548321 1.349654857 0 -2.760519872 0.72662686 -1.426958171 0 -1.450542632 -0.4123296618 2.596181184 0 136.4122994 39.21756779 -24.02149901 1


mesh: pSphereShape3 tranform: pSphere3 -0.001249825502 6.220018603 2.402887204 0 -2.568212765 0.5856184532 -1.51724454 0 -1.619818863 -0.9220535898 2.385948862 0 137.4995323 49.44476931 -21.08883113 1


mesh: pSphereShape4 tranform: pSphere4 1.070290925 -0.3483697941 3.946665758 0 -0.4585378372 3.318943697 0.4173114013 0 -3.74098909 -0.6373342429 0.9582566416 0 137.9392783 55.33151528 -15.97394479 1


mesh: pSphereShape5 tranform: pSphere5 0.3368344702 -0.4208496631 4.206898288 0 -0.3973307043 3.101736555 0.3421046488 0 -3.966532531 -0.5372115235 0.2638474997 0 138.7225428 55.13788915 -9.345446933 1


mesh: pSphereShape6 tranform: pSphere6 -0.7436965017 -5.710497587 1.856796043 0 -0.7666694859 0.8014926234 2.157884973 0 -2.241326214 0.02941672799 -0.807241224 0 138.1262837 48.30153404 -6.074263018 1


mesh: pSphereShape7 tranform: pSphere7 -2.580565023 -4.677313454 2.012445032 0 -0.6666753493 1.162001356 1.845836993 0 -2.43308471 0.7587640774 -1.356437484 0 134.0820998 38.83158693 -3.350213264 1


mesh: pSphereShape8 tranform: pSphere8 0.09873819394 -4.297333472 -0.04456954578 0 -0.5082212809 -0.02060681063 0.8609799585 0 -2.249118993 -0.03789845761 -1.328522331 0 131.2018879 31.62070766 -1.679829568 1


mesh: pSphereShape10 tranform: pSphere10 0.7426184141 -0.5690902226 4.059850754 0 -0.1171585161 3.475726513 0.5086408766 0 -4.984166827 -0.2953634066 0.8702895382 0 137.5447357 64.8385923 -11.32584477 1


mesh: pSphereShape11 tranform: pSphere11 0.1652510945 -0.1283944934 0.9778583383 0 -2.472722812 2.896009616 0.7981236217 0 -1.963261115 -1.706009005 0.1077752083 0 136.3684817 60.62568906 -12.35122108 1


mesh: pSphereShape12 tranform: pSphere12 0.9671714448 -0.6884906498 7.086330158 0 -0.3939716862 3.720511861 0.415246782 0 -5.837227257 -0.6994483552 0.7287320449 0 138.8762128 51.05505956 -13.97664094 1


mesh: pSphereShape13 tranform: pSphere13 0.520204544 -0.5556500936 4.916058582 0 -0.5635522279 4.626848283 0.5825949922 0 -4.387047165 -0.5844795799 0.3981636312 0 138.4387319 45.8848581 -14.29080685 1


mesh: pSphereShape14 tranform: pSphere14 0.4643883996 -0.309522723 4.999770254 0 -0.4896924937 5.45152183 0.3829730763 0 -4.302220978 -0.4127316228 0.374047527 0 138.6311679 41.51709002 -14.67886976 1


mesh: pSphereShape15 tranform: pSphere15 0.2305513065 -0.04196698958 3.437944057 0 0.6504834977 8.604328589 0.0614111063 0 -4.248820966 0.3191476034 0.2888252027 0 137.9380222 27.94230005 -18.98528347 1


mesh: pSphereShape16 tranform: pSphere16 0.1271521316 0.05295381676 2.271364772 0 -2.386167571 7.883081369 -0.05020459714 0 -1.805640833 -0.5458332615 0.1138060423 0 138.6239917 12.11923998 -19.81062245 1


mesh: pSphereShape17 tranform: pSphere17 -0.5336230154 -0.1037063199 2.4929609 0 -0.1720048417 2.355208983 0.06115792427 0 -6.165303282 -0.4155448687 -1.336981401 0 136.9358315 1.562725743 -21.05498668 1


mesh: pSphereShape18 tranform: pSphere18 0.7017274888 -0.09454544762 2.815162036 0 -0.05498518205 8.129205735 0.2867202664 0 -3.218757105 -0.05001064095 0.8006509157 0 139.9821017 27.62798902 -11.1321322 1


mesh: pSphereShape19 tranform: pSphere19 0.4888335926 -0.0310280492 1.900903862 0 -1.932093424 9.554085631 0.6528035601 0 -2.16844809 -0.4760892348 0.5498637625 0 141.4612888 11.23489552 -11.49792755 1


mesh: pSphereShape20 tranform: pSphere20 1.102254219 0.1436933178 2.373318701 0 -0.0215060787 1.857852333 -0.1024960532 0 -5.394820243 0.07552733306 2.500974943 0 138.3812554 1.769494403 -10.58519404 1


mesh: pSphereShape21 tranform: pSphere21 0.5534458353 -0.3688810102 5.9585942 0 1.877840281 2.721840847 -0.005915402253 0 -4.917004339 3.393766836 0.6668001846 0 140.1229085 37.70310109 -14.95888186 1


