mesh: pSphereShape1 tranform: pSphere1 -0.4640346083 3.160618884 0.9539549078 0 -0.02658955772 0.5530137521 -1.845164974 0 -3.41342924 -0.4731930461 -0.09263165651 0 143.880373 30.12660038 -29.05146038 1


mesh: pSphereShape2 tranform: pSphere2 -0.9103961455 5.706563186 1.184640278 0 -0.2863132922 0.6021997511 -3.12090473 0 -2.954146907 -0.5072323862 0.1731409179 0 142.8605867 37.63391704 -26.45103614 1


mesh: pSphereShape3 tranform: pSphere3 -2.209144109 6.194805716 1.098437232 0 -0.1082030841 0.4929468646 -2.997664466 0 -2.854639738 -1.006910482 -0.06253953481 0 140.6407649 47.87999862 -24.30473473 1


mesh: pSphereShape4 tranform: pSphere4 -2.458924533 0.6261964767 3.22561977 0 -0.3436897461 3.23856595 -0.8907081247 0 -3.108270502 -0.931790331 -2.188577475 0 136.7154902 54.5053154 -21.37520826 1


mesh: pSphereShape5 tranform: pSphere5 -3.035882813 0.5793605375 2.904534734 0 -0.2569574744 3.012266013 -0.8694269714 0 -2.782008006 -1.017987387 -2.704759726 0 132.0754812 55.86304737 -16.76805754 1


mesh: pSphereShape6 tranform: pSphere6 -1.957325628 -5.184091151 2.429945277 0 -2.086545525 1.075405055 0.6135729942 0 -0.9402949258 -0.627928994 -2.09704496 0 129.0081525 49.91095331 -13.0955752 1


mesh: pSphereShape7 tranform: pSphere7 -3.329835097 -4.549742611 0.8936175844 0 -1.780366785 1.376092914 0.3721287123 0 -0.6481391754 -0.07802172474 -2.812361108 0 124.0832663 40.64626546 -11.29483055 1


mesh: pSphereShape8 tranform: pSphere8 0.03556787777 -4.069104022 1.385618283 0 -0.9765091997 0.06176003149 0.2064351747 0 -0.5625063844 -0.8267664119 -2.413501189 0 120.7626427 33.54046174 -10.03064797 1


mesh: pSphereShape10 tranform: pSphere10 -1.835148925 0.4126027695 3.717488576 0 -0.4468455138 3.43385953 -0.6017094528 0 -4.504179446 -0.9571310124 -2.117269496 0 132.8123922 64.4694557 -21.18439821 1


mesh: pSphereShape11 tranform: pSphere11 -0.552554064 0.1411603819 0.8214363962 0 -2.415375271 2.287470815 -2.017838123 0 -1.447743651 -2.073441736 -0.6175387564 0 132.6715679 59.78443698 -21.83157808 1


mesh: pSphereShape12 tranform: pSphere12 -5.056634248 0.9833484829 5.008891188 0 -0.1375428609 3.662640051 -0.8579055358 0 -4.203001615 -1.101062172 -4.02690203 0 135.2761472 50.89200278 -18.54262691 1


mesh: pSphereShape13 tranform: pSphere13 -3.496928801 0.8227556699 3.441155888 0 -0.2055774839 4.512639539 -1.287849123 0 -3.154525764 -0.9909433595 -2.968725644 0 134.608269 45.77381516 -17.84165304 1


mesh: pSphereShape14 tranform: pSphere14 -3.589482425 0.8238760887 3.4272449 0 -0.180814775 5.285932889 -1.460060578 0 -3.036176628 -0.921041573 -2.958492554 0 134.602763 41.47402595 -16.83740038 1


mesh: pSphereShape15 tranform: pSphere15 -2.617946975 0.02750890814 2.24052926 0 0.7184158881 8.567738395 0.7342397182 0 -2.754066479 0.5072416395 -3.224217509 0 137.1269089 27.86967686 -19.50684472 1


mesh: pSphereShape16 tranform: pSphere16 -1.735350079 0.07004273604 1.470280183 0 -0.675106413 8.12294079 -1.18378727 0 -1.212556849 -0.307212919 -1.416527689 0 137.1906146 11.88693184 -20.28545072 1


mesh: pSphereShape17 tranform: pSphere17 -2.253394046 -0.09242722324 1.193329398 0 -0.1053428946 2.359868135 -0.01614222573 0 -2.952286983 -0.1700120237 -5.588046067 0 136.1046404 1.243599064 -23.18610649 1


mesh: pSphereShape18 tranform: pSphere18 -2.593246681 0.2956457429 1.270497085 0 1.74297363 7.749424014 1.754334101 0 -1.310275554 0.9502052544 -2.895553177 0 130.1412307 28.44354186 -15.0404698 1


mesh: pSphereShape19 tranform: pSphere19 -1.739314996 0.1620783907 0.8954721964 0 -0.9060488318 9.110365311 -3.408813452 0 -1.038872905 -0.8038917642 -1.872345949 0 128.4334389 12.92785935 -14.36804169 1


mesh: pSphereShape20 tranform: pSphere20 -2.225132577 0.2342260929 1.364616041 0 -0.1375681033 1.778536681 -0.5295899686 0 -3.110876449 -1.665924387 -4.786628161 0 127.2153708 2.503061595 -15.44538979 1


mesh: pSphereShape21 tranform: pSphere21 -4.277850396 0.981873773 4.084499996 0 1.401401599 2.893909725 0.7720730388 0 -3.354207402 2.737084014 -4.170955682 0 135.4638859 37.93385622 -14.94640221 1


