mesh: pSphereShape1 tranform: pSphere1 -0.6188083957 3.190612274 -0.7429261701 0 1.640646873 0.5197552617 0.8656196057 0 1.689693995 -0.3667235068 -2.982354696 0 69.94038133 30.44116989 23.78194932 1


mesh: pSphereShape2 tranform: pSphere2 -0.6232344775 5.772977529 -1.039887669 0 2.665136745 0.58580976 1.654853236 0 1.620784154 -0.2775169934 -2.512028953 0 68.14563803 38.02328484 21.92210839 1


mesh: pSphereShape3 tranform: pSphere3 -0.08656285153 6.362147516 -1.994513918 0 2.45970453 0.5647163322 1.694593125 0 1.778615506 -0.7108773629 -2.344766129 0 67.11239054 48.44081175 19.5766208 1


mesh: pSphereShape4 tranform: pSphere4 -0.8627673207 0.2826032257 -4.002352153 0 0.4680558421 3.341031081 0.1350113271 0 3.787877347 -0.4962438293 -0.8515734664 0 66.75935651 54.96230567 14.93995641 1


mesh: pSphereShape5 tranform: pSphere5 -0.5060819702 0.2899551972 -4.200996564 0 0.3712769181 3.119093042 0.1705549321 0 3.954532393 -0.4430008356 -0.5069673128 0 65.91568618 55.86551726 8.343513372 1


mesh: pSphereShape6 tranform: pSphere6 0.874848611 -5.381394914 -2.624078393 0 0.7130123323 1.109061185 -2.036722068 0 2.251041417 -0.0144723105 0.7801602573 0 66.58207312 49.61776964 4.139483741 1


mesh: pSphereShape7 tranform: pSphere7 2.842415127 -4.200205024 -2.620203425 0 0.587680028 1.438936 -1.669105373 0 2.390700459 0.7105979343 1.45435507 0 70.99624439 40.81487302 0.1488655682 1


mesh: pSphereShape8 tranform: pSphere8 0.2145241489 -4.27272209 -0.4202808321 0 0.4142071937 0.1096730743 -0.9035508937 0 2.374238328 0.01200280564 1.089858896 0 74.26215554 34.08579507 -2.53154006 1


mesh: pSphereShape10 tranform: pSphere10 -0.7112206868 0.259365299 -4.096904772 0 0.1357579713 3.506467778 0.1984186187 0 4.989958694 -0.1436605488 -0.8753492234 0 67.54200688 65.09766769 12.28323182 1


mesh: pSphereShape11 tranform: pSphere11 -0.1459338613 0.08866128291 -0.9853133943 0 2.657746595 2.838221701 -0.1382451983 0 1.862848096 -1.76557168 -0.4347758473 0 68.77640719 60.62120583 12.48426577 1


mesh: pSphereShape12 tranform: pSphere12 -0.8977000757 0.4841118125 -7.112333331 0 0.2671241205 3.748262527 0.2214154974 0 5.862505962 -0.3725899702 -0.7653110447 0 66.0516182 51.05911802 12.21838849 1


mesh: pSphereShape13 tranform: pSphere13 -0.6528158695 0.4103025513 -4.914516765 0 0.1751508802 4.679642335 0.3674273588 0 4.402138907 -0.1180777326 -0.5946126287 0 66.77422106 45.98767785 11.54960233 1


mesh: pSphereShape14 tranform: pSphere14 -0.6134453787 0.2929438451 -4.984679745 0 0.1859528304 5.475548689 0.2989071433 0 4.303246301 -0.1168561701 -0.5364514852 0 66.87355073 41.57002759 11.24244439 1


mesh: pSphereShape15 tranform: pSphere15 -0.3248094996 0.1492857003 -3.427329433 0 -0.005395041392 8.620902136 0.3760157284 0 4.251553742 0.02019642262 -0.4020418911 0 67.02545595 28.03756312 15.13429988 1


mesh: pSphereShape16 tranform: pSphere16 -0.1913246019 0.1616102829 -2.261713225 0 2.600933732 7.807705828 0.3378779097 0 1.786017986 -0.586613264 -0.1930005585 0 65.49414834 12.16988231 15.2302929 1


mesh: pSphereShape17 tranform: pSphere17 0.4801801618 -0.1418901465 -2.501930608 0 0.1487388043 2.355245608 -0.1050247839 0 6.196536524 -0.337439742 1.208400135 0 66.98282638 1.741419568 16.07842034 1


mesh: pSphereShape18 tranform: pSphere18 -0.00485088466 0.109980405 -2.900754794 0 -3.750877979 7.212619539 0.2797347422 0 2.943504837 1.528694405 0.05303717075 0 69.70480094 28.47166424 7.179977148 1


mesh: pSphereShape19 tranform: pSphere19 -0.06852884106 -0.0309211062 -1.961556575 0 5.948582664 7.742431231 -0.3298676278 0 1.812530932 -1.394345956 -0.04134263868 0 69.52803594 14.60726322 6.694227772 1


mesh: pSphereShape20 tranform: pSphere20 -0.695655977 0.4844165267 -2.479850233 0 0.9819831934 1.580249598 0.03321835437 0 4.798354306 -2.941372937 -1.920621435 0 67.98905696 4.320216371 6.107475551 1


mesh: pSphereShape21 tranform: pSphere21 -0.7310880081 0.3491227412 -5.94060973 0 -2.018745939 2.588235638 0.4005469095 0 4.704563398 3.725138168 -0.3600504884 0 65.59697941 37.67224422 11.07553458 1


