mesh: pSphereShape1 tranform: pSphere1 0.1003531261 3.23845072 0.7856436807 0 -1.363859841 0.3605274709 -1.31189606 0 -2.432430529 -0.5044692487 2.390143083 0 139.5286659 30.65725324 -26.67281869 1


mesh: pSphereShape2 tranform: pSphere2 -0.4277194635 5.800697662 0.9828630736 0 -2.23210216 0.2200792536 -2.270231541 0 -2.13474518 -0.5047500186 2.049960207 0 139.8739458 38.40486811 -24.65599527 1


mesh: pSphereShape3 tranform: pSphere3 -1.282861165 6.304082627 1.753656002 0 -2.021032254 0.2174835886 -2.260271286 0 -2.185306813 -0.9625006823 1.861390479 0 138.8759542 48.85484313 -22.45539463 1


mesh: pSphereShape4 tranform: pSphere4 0.07623736091 0.08891784497 4.102357404 0 -0.5365287763 3.33287451 -0.06226870451 0 -3.863589386 -0.6203709998 0.08524657323 0 137.504706 55.16119751 -17.9554658 1


mesh: pSphereShape5 tranform: pSphere5 -0.6135699804 0.03542751075 4.19652736 0 -0.4802401564 3.107369319 -0.09644815072 0 -3.921707575 -0.6237288523 -0.5681232779 0 136.7256947 55.6820591 -11.33521398 1


mesh: pSphereShape6 tranform: pSphere6 -1.281189963 -5.617808619 1.846439093 0 -1.231080935 0.9008622035 1.886670905 0 -1.990029609 0.02338046688 -1.309687919 0 135.2851391 49.11193301 -7.945209108 1


mesh: pSphereShape7 tranform: pSphere7 -3.213276547 -4.483616049 1.469201467 0 -1.035154687 1.263477015 1.591822221 0 -1.994323134 0.7970075456 -1.929507965 0 130.3898616 39.89214944 -5.943691362 1


mesh: pSphereShape8 tranform: pSphere8 -0.1083235804 -4.29732834 -0.006766633573 0 -0.6824885108 0.01605301692 0.7307200101 0 -1.908301785 0.05091119365 -1.783461933 0 126.8480144 32.87162976 -4.839463519 1


mesh: pSphereShape10 tranform: pSphere10 0.1250197421 0.1319505819 4.162294204 0 -0.4320008692 3.486685289 -0.09755713932 0 -5.027461869 -0.6181299147 0.170601729 0 135.5409297 65.02507463 -15.06929543 1


mesh: pSphereShape11 tranform: pSphere11 -0.01813049044 0.05159785375 0.9985033534 0 -2.742409969 2.753275703 -0.1920718184 0 -1.845977543 -1.834417804 0.06127525077 0 134.8454874 60.62193336 -15.64474724 1


mesh: pSphereShape12 tranform: pSphere12 -0.7145717033 0.08028100709 7.149017928 0 -0.4723158818 3.73347354 -0.08913540103 0 -5.847555762 -0.7535174794 -0.5760238372 0 137.9151268 51.13856805 -15.34610361 1


mesh: pSphereShape13 tranform: pSphere13 -0.5630240064 -0.04158175862 4.942495999 0 -0.6668572658 4.649588877 -0.03684748902 0 -4.369830696 -0.6307205266 -0.5030952083 0 137.5482292 45.95648372 -15.19349627 1


mesh: pSphereShape14 tranform: pSphere14 -0.6267030289 -0.008929948163 4.991625693 0 -0.5966456548 5.453927623 -0.06515239083 0 -4.278409432 -0.4744739962 -0.5380069226 0 137.8342517 41.56964556 -15.18947707 1


mesh: pSphereShape15 tranform: pSphere15 -1.468515103 -0.1035969499 3.115622816 0 0.7527086526 8.572364425 0.6398190508 0 -3.845358017 0.4717542566 -1.796781688 0 138.2342971 28.11735191 -20.15274496 1


mesh: pSphereShape16 tranform: pSphere16 -0.9737834865 -0.04566072351 2.056144576 0 -0.7405113279 8.201372634 -0.1685762268 0 -1.699518538 -0.1700732557 -0.8086633472 0 137.8790233 12.08669583 -21.71061802 1


mesh: pSphereShape17 tranform: pSphere17 -2.170605418 -0.412747904 1.276116709 0 -0.1661208304 2.31016254 0.4646377306 0 -3.293401999 0.8355198023 -5.331657462 0 136.5480847 2.128205828 -25.87439202 1


mesh: pSphereShape18 tranform: pSphere18 0.3159186994 -0.08442730614 2.884365615 0 -0.2777213039 8.125277244 0.2682505361 0 -3.295569975 -0.1244388114 0.3573146696 0 138.6070959 27.64638315 -11.37811297 1


mesh: pSphereShape19 tranform: pSphere19 0.2289753168 -0.02823887686 1.949392055 0 -2.515286263 9.430077319 0.4320491913 0 -2.193907135 -0.5965919241 0.2490537981 0 140.7189519 11.35051862 -11.56647452 1


mesh: pSphereShape20 tranform: pSphere20 1.091823756 0.299918824 2.363519277 0 -0.05420587098 1.848177837 -0.2094842511 0 -5.403391137 0.1226799403 2.480519976 0 138.1608686 1.962739996 -10.51165546 1


mesh: pSphereShape21 tranform: pSphere21 -0.7468881255 -0.01064247648 5.948887728 0 1.816754855 2.753150911 0.2330205302 0 -4.966884195 3.329833344 -0.6176396868 0 139.3761706 37.77578366 -14.90786275 1


