mesh: pSphereShape1 tranform: pSphere1 -1.500939359 2.925407154 0.5514017013 0 -1.300810289 -0.411028976 -1.360188504 0 -2.014142876 -1.480807823 2.373695036 0 -10.75165037 29.99181512 -23.84391342 1


mesh: pSphereShape2 tranform: pSphere2 -2.874275696 5.113181238 0.6252791277 0 -2.007856808 -0.8434080852 -2.332775175 0 -1.8182155 -1.26958255 2.023980968 0 -13.9559571 37.1690461 -22.3196958 1


mesh: pSphereShape3 tranform: pSphere3 -3.380327993 5.552031156 1.486886886 0 -1.927000499 -0.5618600384 -2.282910236 0 -1.768425664 -1.580647452 1.881747127 0 -18.91695125 46.57959027 -20.64447874 1


mesh: pSphereShape4 tranform: pSphere4 -0.6144506683 0.4359773547 4.034281709 0 -0.8252872273 3.239190541 -0.4757506169 0 -3.749769056 -1.023017625 -0.4605616857 0 -22.67477824 52.51754366 -16.59941338 1


mesh: pSphereShape5 tranform: pSphere5 -0.9795180187 0.4012133182 4.107083811 0 -0.7767623222 3.010407835 -0.4793348512 0 -3.775205682 -1.100346148 -0.7928760674 0 -24.28237475 53.57822067 -10.16814581 1


mesh: pSphereShape6 tranform: pSphere6 -2.013711755 -5.018937736 2.713998469 0 -1.171400447 1.354987977 1.63660278 0 -1.929836953 0.01890122008 -1.396932 0 -26.43955276 47.78832615 -5.842172718 1


mesh: pSphereShape7 tranform: pSphere7 -5.597586584 0.4760345974 -1.013374308 0 -0.1063082634 1.779207679 1.423002447 0 0.5500378634 1.790240588 -2.197280994 0 -33.91723051 43.82038416 -5.444386625 1


mesh: pSphereShape8 tranform: pSphere8 -3.955943408 -1.168055875 -1.210358572 0 -0.3493167118 0.8947402921 0.2782402639 0 0.4606348278 0.9258813733 -2.399063017 0 -41.3897322 43.92886512 -7.810720531 1


mesh: pSphereShape10 tranform: pSphere10 -0.3530258621 0.2401236879 4.144327122 0 0.3765828279 3.490322352 -0.1701520119 0 -5.020682348 0.5193824995 -0.4577695486 0 -23.08235092 62.87693197 -14.12911934 1


mesh: pSphereShape11 tranform: pSphere11 -0.09620057162 0.08813102882 0.9914526574 0 -2.154336916 3.202085632 -0.4936711202 0 -2.153181683 -1.460833068 -0.07906841227 0 -24.76313242 58.6365297 -14.69907298 1


mesh: pSphereShape12 tranform: pSphere12 -0.9574136615 0.7528678926 7.081106136 0 -0.6977033702 3.667230159 -0.4842365746 0 -5.767564099 -1.183651847 -0.6539672054 0 -22.41187799 48.78149046 -13.57958707 1


mesh: pSphereShape13 tranform: pSphere13 -0.3230295893 0.2558629084 4.957537477 0 -1.198025021 4.531244041 -0.3119239777 0 -4.287028591 -1.148604933 -0.220059191 0 -22.32883565 43.59731526 -12.93240696 1


mesh: pSphereShape14 tranform: pSphere14 -0.0153458098 0.1149731409 5.029483987 0 -1.328377121 5.322139328 -0.1257162959 0 -4.209052663 -1.050292945 0.01116698199 0 -21.48471604 39.26912137 -12.7059434 1


mesh: pSphereShape15 tranform: pSphere15 0.7714227305 0.1956773452 3.352758837 0 3.988318955 7.530787168 -1.357176153 0 -3.664388876 2.07083153 0.7222643124 0 -24.92257003 27.24498288 -15.26709701 1


mesh: pSphereShape16 tranform: pSphere16 0.5064453177 0.3041325899 2.197518193 0 -1.147050603 8.110923559 -0.8581852871 0 -1.823476652 -0.2103326828 0.4493524737 0 -28.88788998 12.56829051 -13.81314743 1


mesh: pSphereShape17 tranform: pSphere17 0.07977399861 0.2489382084 2.538115137 0 -0.04787896254 2.350655282 -0.2290472996 0 -6.317884882 -0.1083008767 0.2091958549 0 -32.21455981 1.956885977 -12.85833656 1


mesh: pSphereShape18 tranform: pSphere18 0.541892679 -0.02871684603 2.851670609 0 -0.4152442302 8.12225126 0.1606999229 0 -3.254504384 -0.1785845648 0.6166433487 0 -19.63092864 25.57293766 -8.773332892 1


mesh: pSphereShape19 tranform: pSphere19 0.4754176387 -0.07743802055 1.902981329 0 -8.81984454 3.485638754 2.345283458 0 -0.8127624722 -2.134735857 0.1161818526 0 -12.54605118 13.82029364 -10.28599891 1


mesh: pSphereShape20 tranform: pSphere20 0.8040702602 0.7896606608 2.366043289 0 -1.764868363 0.3275291408 0.4904564896 0 -0.4727218643 -5.572996398 2.020621361 0 -4.662042945 5.618450689 -11.59556169 1


mesh: pSphereShape21 tranform: pSphere21 -0.01828873101 0.1370219541 5.994006243 0 1.444588585 2.973862613 -0.06357430391 0 -5.407577668 2.625158559 -0.07651011201 0 -19.4238788 35.723668 -12.52450844 1


