mesh: pSphereShape1 tranform: pSphere1 -0.6889921466 3.2381475 0.3931417034 0 1.501281217 0.4551799367 -1.11809254 0 -2.039389378 -0.0966909323 -2.777684879 0 -136.1379167 31.12562158 -11.39507506 1


mesh: pSphereShape2 tranform: pSphere2 -0.8142892932 5.842116457 0.06054236834 0 2.343248988 0.3487672138 -2.138273085 0 -1.995661594 -0.2550656075 -2.228569665 0 -137.9419367 38.87185792 -10.41292285 1


mesh: pSphereShape3 tranform: pSphere3 -1.552010376 6.442517206 -0.7400917123 0 2.324799964 0.3384385432 -1.929108927 0 -1.818983158 -0.7042060013 -2.315629963 0 -139.8379647 49.43072039 -10.51825975 1


mesh: pSphereShape4 tranform: pSphere4 -4.084069598 -0.003769445167 -0.4042475679 0 0.05081803604 3.331779665 -0.5444766381 0 0.3810198883 -0.6339117332 -3.843491884 0 -144.125276 55.75286718 -11.83174448 1


mesh: pSphereShape5 tranform: pSphere5 -4.153129537 -0.005605914171 -0.8602608496 0 0.09304354087 3.109121174 -0.4694521952 0 0.8049583494 -0.6102648632 -3.882165748 0 -150.6843082 56.17879639 -13.13860841 1


mesh: pSphereShape6 tranform: pSphere6 -2.157712776 -5.31856122 -1.915134681 0 -1.608982088 1.156821067 -1.399850614 0 1.567807857 0.009890122322 -1.793858312 0 -154.3228845 49.88920955 -15.27616089 1


mesh: pSphereShape7 tranform: pSphere7 -1.276702105 -3.985024046 -3.882798871 0 -1.312212775 1.500416963 -1.108451147 0 2.271426317 0.8160300395 -1.584381343 0 -156.3307404 41.35791285 -21.2145855 1


mesh: pSphereShape8 tranform: pSphere8 0.03848066137 -4.279752714 -0.4013061041 0 -0.8839366665 0.03577054111 -0.4662364616 0 1.221379496 0.2264838751 -2.298234388 0 -157.7625357 34.75322957 -25.40040083 1


mesh: pSphereShape10 tranform: pSphere10 -3.737740866 0.4110922653 -1.793886927 0 0.2892829457 3.497136595 0.1986642034 0 2.199597032 0.07739591034 -4.565341734 0 -146.2502791 65.76827822 -12.78419109 1


mesh: pSphereShape11 tranform: pSphere11 -0.9415195054 0.04155831966 -0.3343858954 0 0.9420641135 3.009874697 -2.278464534 0 0.6100282275 -1.646040133 -1.922210673 0 -145.8230902 61.41134113 -14.09413825 1


mesh: pSphereShape12 tranform: pSphere12 -7.1271736 -0.03674915879 -0.9097038336 0 0.01661706623 3.753684924 -0.2818252157 0 0.7501904668 -0.4432532029 -5.859542755 0 -146.6601612 51.66946423 -11.87033161 1


mesh: pSphereShape13 tranform: pSphere13 -4.939117429 -0.1696735081 -0.5686138446 0 -0.119523053 4.682054009 -0.3589116526 0 0.517855749 -0.3241842741 -4.401484234 0 -146.6796552 46.52457575 -12.53833104 1


mesh: pSphereShape14 tranform: pSphere14 -5.010917663 -0.05589745675 -0.4435573759 0 -0.03019943491 5.475666815 -0.3488815103 0 0.384769166 -0.272643406 -4.31242189 0 -146.6205077 42.10813614 -12.48992986 1


mesh: pSphereShape15 tranform: pSphere15 -3.36784966 0.5917651192 -0.4263533548 0 1.336972982 8.445465592 1.161027453 0 0.6158148352 0.4797112052 -4.198619302 0 -143.8397531 28.54443266 -13.3382374 1


mesh: pSphereShape16 tranform: pSphere16 -2.211904526 0.4467126195 -0.2932505764 0 1.773505983 7.940585428 -1.281041621 0 0.1770877744 -0.338141354 -1.850817368 0 -145.8614825 12.70554069 -13.97117588 1


mesh: pSphereShape17 tranform: pSphere17 -2.280100173 -0.1614109828 -1.133777873 0 -0.149447255 2.357280741 -0.03504768434 0 2.809300647 0.09390708618 -5.663053302 0 -145.4623196 2.418128839 -16.56480638 1


mesh: pSphereShape18 tranform: pSphere18 -2.679385354 0.6176787126 0.930518527 0 2.430733768 7.494117658 2.024586783 0 -0.8039638663 1.079818299 -3.031761006 0 -153.3629578 29.07949534 -14.11059779 1


mesh: pSphereShape19 tranform: pSphere19 -1.805627166 0.3446115049 0.6887016511 0 -0.5917509441 8.011003306 -5.559977211 0 -0.8865287696 -1.245943478 -1.700843857 0 -156.0674941 14.74432665 -12.16374871 1


mesh: pSphereShape20 tranform: pSphere20 -1.038635093 0.3988820876 2.372843023 0 -0.9177031821 1.48215988 -0.6508503689 0 -4.605281643 -3.479755698 -1.430855255 0 -158.6610573 3.927860381 -8.98057259 1


mesh: pSphereShape21 tranform: pSphere21 -5.971879388 -0.06661711333 -0.5286199712 0 -0.2021490145 2.664485243 1.947919628 0 0.3877333474 3.559637963 -4.828855756 0 -146.7936834 38.24470762 -11.11365278 1


