mesh: pSphereShape1 tranform: pSphere1 3.207680312 0.8653068587 -0.2773100526 0 -0.4968823619 1.860366988 0.05751159918 0 0.3036212153 -0.02506007547 3.433828419 0 6.462766618 50.66112851 -3.93370578 1


mesh: pSphereShape2 tranform: pSphere2 5.678353796 0.777704693 -1.395897816 0 -0.4005663365 3.163311687 0.1329359249 0 0.7207202081 -0.03121243218 2.914418395 0 14.18946063 51.29136118 -5.507462873 1


mesh: pSphereShape3 tranform: pSphere3 6.447890937 1.698339427 0.05334373132 0 -0.7745060673 2.939284083 0.03802893009 0 -0.0137727027 -0.04279721097 3.027329955 0 24.50481007 53.20708093 -7.095421127 1


mesh: pSphereShape4 tranform: pSphere4 4.103944302 -0.008938978793 -0.02482024624 0 0.007400844497 3.376341014 0.007720023279 0 0.02365142345 -0.00900105566 3.9139251 0 33.07853986 55.83342438 -7.031375741 1


mesh: pSphereShape5 tranform: pSphere5 4.241266882 -0.009441250737 -0.01145451332 0 0.006999670776 3.145731523 -0.001062306968 0 0.01083671504 0.001330534288 4.011417809 0 39.8031616 56.27861546 -6.91083991 1


mesh: pSphereShape6 tranform: pSphere6 5.884364899 -1.408657588 -0.02218689593 0 0.564896977 2.359522971 0.01352173258 0 0.005404672946 -0.01494673244 2.382392562 0 47.08648458 53.76253094 -6.785827445 1


mesh: pSphereShape7 tranform: pSphere7 5.368561678 -0.1170291867 1.936843222 0 0.04818482924 2.280236348 0.00421870875 0 -0.979475183 0.01567311027 2.715866252 0 57.11908698 52.01506579 -3.812900099 1


mesh: pSphereShape8 tranform: pSphere8 3.95552876 -1.679309558 0.1119030219 0 0.3908112142 0.9204703265 -0.0009863907308 0 -0.06159185018 0.02894913197 2.611572804 0 64.65216387 51.0556728 -1.58782978 1


mesh: pSphereShape10 tranform: pSphere10 4.166012918 0.00478542712 -0.0452482406 0 -0.003721101013 3.514577635 0.02909726938 0 0.05509004733 -0.04189743225 5.067718626 0 36.29416201 65.77731821 -6.197997891 1


mesh: pSphereShape11 tranform: pSphere11 0.9999543965 0.005990647682 -0.007437546441 0 -0.000809220911 3.082538761 2.374065132 0 0.02485467979 -1.588313119 2.062309411 0 35.70699902 61.53123225 -5.02614607 1


mesh: pSphereShape12 tranform: pSphere12 7.185059681 -0.01567708202 -0.013663703 0 0.008219728456 3.764275894 0.003394219411 0 0.01125379012 -0.00536616762 5.923963622 0 35.61308573 51.7332816 -6.875218079 1


mesh: pSphereShape13 tranform: pSphere13 4.974621029 -0.009117107884 -0.00736723696 0 0.00861858686 4.697298755 0.006572874622 0 0.006569507489 -0.006230036239 4.443675451 0 35.79246708 46.65148361 -5.841889086 1


mesh: pSphereShape14 tranform: pSphere14 5.030810249 -0.006454248094 -0.008371173483 0 0.007050860822 5.486844222 0.006939172855 0 0.007211498753 -0.005495656184 4.338119648 0 35.78636744 42.22985707 -5.591901056 1


mesh: pSphereShape15 tranform: pSphere15 3.445918812 0.002686787482 -0.003285492176 0 -0.006577384881 8.627670667 0.1569272513 0 0.004131626658 -0.07766062046 4.26986025 0 31.56016915 28.54617163 -5.737840343 1


mesh: pSphereShape16 tranform: pSphere16 2.275534324 0.003184199635 -0.001761114079 0 -0.0103600754 8.130836472 1.314792375 0 0.001865924287 -0.3016629082 1.865534934 0 30.7299588 12.41023339 -6.417987525 1


mesh: pSphereShape17 tranform: pSphere17 2.505013276 -0.002910758071 0.4850387448 0 0.002842760699 2.362271571 -0.0005054281836 0 -1.201839144 0.002774333533 6.206990925 0 29.5620489 1.8833113 -3.401706234 1


mesh: pSphereShape18 tranform: pSphere18 2.898876661 0.1513206756 -0.01066570839 0 -0.4250837998 8.105689409 -0.5350894609 0 0.0007702409626 0.2185476931 3.310011566 0 40.14083859 28.20770854 -5.496829832 1


mesh: pSphereShape19 tranform: pSphere19 1.95873119 0.1266499443 -0.02623799341 0 -0.596872236 9.59314955 1.747831506 0 0.05642076919 -0.4064422486 2.250066584 0 41.49692097 11.86129417 -6.068556185 1


mesh: pSphereShape20 tranform: pSphere20 2.603091475 0.01553315124 -0.3031951242 0 -0.01018039987 1.860757048 0.007925287606 0 0.6881262715 -0.02139342112 5.906834182 0 41.98544846 2.345949127 -2.599472608 1


mesh: pSphereShape21 tranform: pSphere21 5.995586847 -0.007692002494 -0.009976543567 0 -0.0002678468135 2.538990974 -2.11855174 0 0.01262175878 3.851441935 4.615781971 0 35.87347876 38.28907844 -6.737712492 1


