mesh: pSphereShape1 tranform: pSphere1 0.6003923522 3.102411122 1.062753059 0 -1.40434511 0.6623843758 -1.140274855 0 -2.276662646 -0.4336205141 2.552013305 0 118.7136802 30.28853675 -31.60237462 1


mesh: pSphereShape2 tranform: pSphere2 0.4753793504 5.615103277 1.74404323 0 -2.781611341 0.6739826485 -1.411754906 0 -1.451729586 -0.6666685667 2.54210162 0 120.347794 37.65960349 -28.92002509 1


mesh: pSphereShape3 tranform: pSphere3 -0.4559040215 6.022346714 2.825949661 0 -2.580685687 0.5181737131 -1.520609798 0 -1.586585603 -1.192875899 2.286162978 0 120.7680173 47.69588827 -25.27941361 1


mesh: pSphereShape4 tranform: pSphere4 1.358884027 -0.1136127764 3.870863098 0 -0.7461794263 3.273351092 0.3580250125 0 -3.590500904 -0.9532791474 1.23248214 0 120.9940887 53.5981074 -19.87237313 1


mesh: pSphereShape5 tranform: pSphere5 0.6653079028 -0.192183796 4.184375209 0 -0.6809657719 3.061050434 0.2488630081 0 -3.865433789 -0.9064918617 0.5729626243 0 122.2371787 53.75519693 -13.32526114 1


mesh: pSphereShape6 tranform: pSphere6 1.100806927 -5.283634322 2.735322866 0 -0.7224832935 0.9443588888 2.114909989 0 -2.232681497 -0.6985409897 -0.4508001255 0 123.6496502 47.37926804 -9.158246531 1


mesh: pSphereShape7 tranform: pSphere7 -0.6787783624 -4.785286408 3.037565789 0 -0.7776254399 1.226596397 1.758572526 0 -2.692340853 -0.2590984866 -1.009809629 0 122.9875135 37.78004602 -4.519428209 1


mesh: pSphereShape8 tranform: pSphere8 1.584117516 -3.918172232 0.7856899517 0 -0.4859907076 -0.02128681012 0.8737047006 0 -2.070302322 -1.073188296 -1.177734817 0 122.7992511 30.47473393 -1.407049058 1


mesh: pSphereShape10 tranform: pSphere10 0.9979672112 -0.2168442017 4.039155106 0 0.1907524369 3.506681164 0.1411282273 0 -4.912950052 0.217925818 1.225558039 0 121.405425 63.50794925 -16.11726473 1


mesh: pSphereShape11 tranform: pSphere11 0.2258490445 -0.05611343273 0.9725448533 0 -2.373426219 2.996797075 0.7240762342 0 -1.97716961 -1.653776881 0.3637290027 0 119.7257802 59.17218513 -16.56990699 1


mesh: pSphereShape12 tranform: pSphere12 1.362617384 -0.3142646563 7.047696551 0 -0.5944117298 3.706482717 0.2802010925 0 -5.740757468 -1.00118318 1.065286988 0 122.3586637 49.48425931 -17.78247689 1


mesh: pSphereShape13 tranform: pSphere13 0.7558049349 -0.1080097518 4.915697771 0 -1.187304742 4.536010677 0.2822191753 0 -4.246051272 -1.150453214 0.6275663157 0 122.4180535 44.24852293 -17.7965322 1


mesh: pSphereShape14 tranform: pSphere14 0.5952205233 0.1524753512 4.993158048 0 -1.312242778 5.327620209 -0.006259951987 0 -4.180848167 -1.029159547 0.5298146126 0 123.2449624 39.92568622 -17.88815683 1


mesh: pSphereShape15 tranform: pSphere15 0.886485721 0.3347631784 3.313072766 0 -0.7118449968 8.57309544 -0.6757823964 0 -4.111769969 -0.252673875 1.125725735 0 124.0290066 26.17943101 -20.99997993 1


mesh: pSphereShape16 tranform: pSphere16 0.4188781758 0.4198961238 2.196883706 0 -6.648591189 4.84968174 0.3407495731 0 -1.059820869 -1.487113253 0.486311096 0 129.6576751 12.82612503 -21.2264346 1


mesh: pSphereShape17 tranform: pSphere17 0.5129207128 1.356836789 2.099111441 0 -2.155674076 0.9614722136 -0.09474055708 0 -2.251796598 -4.69537291 3.585254061 0 136.6562304 3.298257188 -19.28668578 1


mesh: pSphereShape18 tranform: pSphere18 -0.03179998137 -0.1457249111 2.899008556 0 3.269975924 7.436976345 0.4097048584 0 -3.037172488 1.333561611 0.03371880997 0 121.1960198 27.14887244 -14.23380752 1


mesh: pSphereShape19 tranform: pSphere19 0.01000189063 -0.1328893533 1.958467997 0 -1.769772127 9.585028123 0.6594181049 0 -2.249303928 -0.4141666299 -0.0166155606 0 118.7268166 11.57493085 -14.76672804 1


mesh: pSphereShape20 tranform: pSphere20 0.7079581461 0.06633690894 2.52242908 0 -0.01737326973 1.860199305 -0.04404497431 0 -5.725458728 -0.0154147866 1.6073426 0 115.3121731 2.046734057 -14.73455511 1


mesh: pSphereShape21 tranform: pSphere21 0.7093681064 0.1817160984 5.950713947 0 1.43825199 2.966059887 -0.2620241764 0 -5.366257117 2.651473931 0.5587289494 0 125.2982088 36.37143947 -17.9296 1


