mesh: pSphereShape1 tranform: pSphere1 -1.423223778 1.961891949 -2.289166632 0 -0.3749651474 1.313267099 1.358637427 0 3.044344254 1.49861368 -0.6083720592 0 39.92037285 36.16290493 15.83314852 1


mesh: pSphereShape2 tranform: pSphere2 -2.234076799 4.175002154 -3.517856592 0 0.08275632988 2.081453859 2.417719463 0 2.77763042 0.8150079918 -0.7967293389 0 36.6657597 40.92703226 10.26998219 1


mesh: pSphereShape3 tranform: pSphere3 -0.6374109996 5.77662057 -3.269076614 0 0.08953272158 1.504006967 2.640197664 0 3.012479276 0.2076520217 -0.22044772 0 33.79478946 49.19501673 4.414031954 1


mesh: pSphereShape4 tranform: pSphere4 2.939570128 0.1184600703 -2.861459324 0 0.3987029022 3.307889964 0.5465281319 0 2.691917199 -0.7760492723 2.733272658 0 35.78328838 55.03698536 -0.02864326006 1


mesh: pSphereShape5 tranform: pSphere5 3.414968154 0.06241356108 -2.514490438 0 0.2758201724 3.10091745 0.451565211 0 2.352803469 -0.6721683077 3.17869433 0 41.06971929 55.60679596 -4.099604132 1


mesh: pSphereShape6 tranform: pSphere6 2.086606814 -5.630683715 -0.7429883099 0 2.238598098 0.8737211914 -0.3345592837 0 0.411069039 -0.1566335262 2.341481394 0 44.36474734 49.0207961 -5.810948636 1


mesh: pSphereShape7 tranform: pSphere7 3.092968936 -4.731239164 0.7971393359 0 1.91680821 1.213811814 -0.2330762627 0 0.0299727402 0.498692853 2.843581167 0 48.89339423 39.46124702 -4.488905531 1


mesh: pSphereShape8 tranform: pSphere8 -0.07242714318 -4.270670823 -0.4847016361 0 0.9997693284 -0.01824194996 0.01133672087 0 -0.03479713219 -0.294002042 2.595630189 0 51.84416286 32.15177833 -3.511673551 1


mesh: pSphereShape10 tranform: pSphere10 3.084208955 0.1837595846 -2.794927812 0 0.2847908349 3.460988742 0.5418187513 0 3.38248788 -0.8538793835 3.676442319 0 39.42007512 64.8114389 -0.05862593276 1


mesh: pSphereShape11 tranform: pSphere11 0.7680296173 0.05939473072 -0.6376541169 0 1.735337776 2.587030047 2.331117642 0 1.196335295 -1.938205417 1.260403923 0 39.36009303 60.34714767 0.651769365 1


mesh: pSphereShape12 tranform: pSphere12 5.799205654 0.1012964732 -4.240809816 0 0.3012535933 3.718644474 0.5007810308 0 3.465187109 -0.9159050742 4.7166828 0 37.34422045 51.04773865 -2.219987458 1


mesh: pSphereShape13 tranform: pSphere13 4.025272636 0.4118486382 -2.893881941 0 0.08275138664 4.632305296 0.7743596892 0 2.609887211 -0.6382884116 3.539408161 0 37.84425744 45.89530397 -2.251344808 1


mesh: pSphereShape14 tranform: pSphere14 4.141872119 0.479922136 -2.814912714 0 -0.09583702717 5.429606685 0.7846935061 0 2.461187927 -0.4683863197 3.541543807 0 37.9860844 41.53003419 -2.696346779 1


mesh: pSphereShape15 tranform: pSphere15 3.254343469 -0.07279249296 -1.13063005 0 0.5149591719 8.563270314 0.9309077041 0 1.380780633 -0.5187153309 4.00775923 0 33.48217646 27.88300581 -1.949908083 1


mesh: pSphereShape16 tranform: pSphere16 2.154070814 -0.01704833691 -0.7333198358 0 0.9711457921 7.729906045 2.67296024 0 0.5669518813 -0.6523519622 1.680543681 0 31.50233828 12.11725007 -4.374632204 1


mesh: pSphereShape17 tranform: pSphere17 2.496126685 -0.2873135676 0.4440327206 0 0.2570460706 2.347089472 0.07371324632 0 -1.11537866 -0.07327803231 6.222678052 0 29.19137873 1.988369068 -2.854884153 1


mesh: pSphereShape18 tranform: pSphere18 2.008895298 0.1699580449 -2.088528559 0 -1.978267077 7.787491392 -1.269115812 0 2.254563473 0.938590725 2.244979119 0 42.98350877 28.03073864 -4.434838056 1


mesh: pSphereShape19 tranform: pSphere19 1.339394777 0.1512580888 -1.427059612 0 -1.627094299 9.619493388 -0.5075439141 0 1.628074993 0.3580073489 1.566007916 0 46.84185456 12.05606551 -2.825144353 1


mesh: pSphereShape20 tranform: pSphere20 0.9009910889 0.09861447278 -2.459012816 0 -0.3439554896 1.827976643 -0.05271866716 0 5.475078476 1.089316229 2.049773482 0 52.76182377 3.543014644 0.1751825431 1


mesh: pSphereShape21 tranform: pSphere21 4.93617385 0.5719585323 -3.354738662 0 -1.24805937 2.738931055 -1.369430976 0 2.548575188 3.319206058 4.315882661 0 37.48524346 37.76118659 -4.243975445 1


