mesh: pSphereShape1 tranform: pSphere1 -2.590456769 2.098479087 -0.02809025152 0 0.8184515983 1.029179115 1.407868007 0 1.6012883 1.945206498 -2.352878858 0 57.51676619 37.45749 -11.68036162 1


mesh: pSphereShape2 tranform: pSphere2 -3.935231986 4.391404174 -0.1630206438 0 2.232018094 2.038173764 1.02401617 0 0.770174699 0.584652546 -2.842403692 0 51.35930092 42.58009933 -12.00355205 1


mesh: pSphereShape3 tranform: pSphere3 -2.046150469 6.114407105 -1.699939386 0 2.521310426 1.182566724 1.21869867 0 1.413309346 -0.2677327697 -2.664136596 0 45.98854212 51.35147346 -13.2511885 1


mesh: pSphereShape4 tranform: pSphere4 -1.235665114 0.1419872252 -3.911013442 0 0.4699704503 3.343379443 -0.02710523026 0 3.692409063 -0.5286460305 -1.185790363 0 43.77308769 57.54581801 -17.649983 1


mesh: pSphereShape5 tranform: pSphere5 -0.960731589 0.1481641176 -4.128390403 0 0.4517154393 3.113131292 0.006607189866 0 3.864468457 -0.5587832529 -0.9193676419 0 42.28138169 58.21323448 -24.16298721 1


mesh: pSphereShape6 tranform: pSphere6 -1.080669432 -5.102666409 -3.066840038 0 1.030079692 0.9672540745 -1.972307142 0 2.114682221 -0.8585842663 0.6833733209 0 40.87109615 52.10131673 -28.69686053 1


mesh: pSphereShape7 tranform: pSphere7 0.6186639427 -4.716720961 -3.155362149 0 1.066163083 1.215812021 -1.608388879 0 2.533012779 -0.5253515238 1.281951176 0 41.38188706 42.63382358 -33.6475936 1


mesh: pSphereShape8 tranform: pSphere8 -1.980665635 -3.725105164 -0.8242364981 0 0.587677237 -0.1359945214 -0.7975844502 0 1.737504079 -1.254441026 1.494122288 0 41.18442294 35.35188221 -36.77928447 1


mesh: pSphereShape10 tranform: pSphere10 -0.5853479047 -0.2147376622 -4.119343334 0 0.4037822967 3.483242306 -0.2389546953 0 4.984024952 -0.6241077737 -0.6756827225 0 45.12084837 67.35409291 -21.35934474 1


mesh: pSphereShape11 tranform: pSphere11 -0.1440393785 -0.01058537832 -0.9895153396 0 2.897887882 2.557089694 -0.4491873076 0 1.696087444 -1.961818184 -0.2259053344 0 46.0088346 62.82647853 -20.61470369 1


mesh: pSphereShape12 tranform: pSphere12 -1.412879365 0.2509339317 -7.040335159 0 0.2352225214 3.7559302 0.0866648067 0 5.796506916 -0.3359001163 -1.175235775 0 42.86059046 53.55056201 -20.16878362 1


mesh: pSphereShape13 tranform: pSphere13 -0.9386646111 0.2444947249 -4.879151858 0 0.645399733 4.651486657 0.1089226317 0 4.320938759 -0.5793901995 -0.8603073381 0 43.34479016 48.36964346 -20.67166168 1


mesh: pSphereShape14 tranform: pSphere14 -0.867783461 0.3025589865 -4.946167549 0 0.6820491432 5.440124047 0.2131119583 0 4.238940512 -0.5011174302 -0.7743571185 0 43.02620924 43.97195212 -20.84758121 1


mesh: pSphereShape15 tranform: pSphere15 -0.6318960216 0.4793518272 -3.353401812 0 -0.221961171 8.533484594 1.261643564 0 4.19671511 0.2213977152 -0.7591575139 0 43.94988083 30.41597569 -18.10249033 1


mesh: pSphereShape16 tranform: pSphere16 -0.3864964619 0.3995297701 -2.206596054 0 2.860213184 7.672646037 0.8882406129 0 1.742854544 -0.6017487963 -0.4142233787 0 42.49459917 14.70655374 -19.48679962 1


mesh: pSphereShape17 tranform: pSphere17 0.09220781772 0.101816503 -2.547840986 0 0.9935677575 2.139720699 0.1214650346 0 5.731313165 -2.667028696 0.1008400233 0 42.91297229 2.865477189 -20.19110076 1


mesh: pSphereShape18 tranform: pSphere18 -0.4368037508 0.1820703967 -2.864009506 0 -4.134107106 6.923301756 1.070639528 0 2.812930152 1.72902923 -0.3190957997 0 46.6273588 31.49997559 -25.95641487 1


mesh: pSphereShape19 tranform: pSphere19 -0.3219411397 0.0846178661 -1.934567196 0 0.524387252 9.749342112 0.3391697622 0 2.252864818 -0.1079676444 -0.3796331605 0 50.9315977 16.44382851 -27.84950975 1


mesh: pSphereShape20 tranform: pSphere20 -0.9494953424 0.04835045879 -2.442206915 0 -0.04137507387 1.859589399 0.05290192233 0 5.541221981 0.184473213 -2.150696186 0 55.41570934 7.013001055 -29.32659257 1


mesh: pSphereShape21 tranform: pSphere21 -1.03420142 0.3605818129 -5.894711911 0 -1.757972835 2.759801397 0.4772467656 0 4.984972587 3.291810558 -0.6732303072 0 41.40536297 40.20083793 -20.88957493 1


