mesh: pSphereShape1 tranform: pSphere1 1.105488892 3.079885275 -0.6380210123 0 0.3954799979 0.2453032537 1.869381417 0 3.174346647 -1.244677358 -0.5082254435 0 39.04504408 32.2583105 11.03441973 1


mesh: pSphereShape2 tranform: pSphere2 2.066009702 5.498322465 -0.5450789947 0 0.3575000503 0.1795480941 3.166168406 0 2.792022772 -1.074323449 -0.2543312454 0 41.58652164 39.6387266 9.231615949 1


mesh: pSphereShape3 tranform: pSphere3 3.12347388 5.831419241 -0.8372338148 0 0.2432661962 0.3025660068 3.014958066 0 2.663953639 -1.437044247 -0.07073037981 0 45.60217425 49.51484928 7.863166673 1


mesh: pSphereShape4 tranform: pSphere4 2.394649921 -0.3343510734 -3.316159812 0 0.5739811708 3.32627122 0.07911006325 0 3.108229762 -0.5911553824 2.304103548 0 50.31393313 55.13872476 4.829361825 1


mesh: pSphereShape5 tranform: pSphere5 2.878655545 -0.3655426329 -3.09326461 0 0.4473916852 3.11338594 0.04843144066 0 2.890210188 -0.4580038738 2.743812961 0 54.78392293 55.01560199 -0.1609190532 1


mesh: pSphereShape6 tranform: pSphere6 2.721947379 -5.400280518 -0.1962944732 0 1.946497088 1.018538801 -1.029741655 0 0.9349124168 0.3928690768 2.15583849 0 58.43874265 48.5338057 -1.448239519 1


mesh: pSphereShape7 tranform: pSphere7 4.21331425 -3.584244806 1.409852542 0 1.515995257 1.39994947 -0.9714510987 0 0.3344478512 1.381604046 2.512938852 0 64.85437399 40.53513014 0.9446556501 1


mesh: pSphereShape8 tranform: pSphere8 0.9402323633 -4.065235848 1.033746219 0 0.9150750712 0.1132175656 -0.3870651068 0 0.8851459697 0.796060766 2.325456512 0 69.70708522 34.65052648 3.170746784 1


mesh: pSphereShape10 tranform: pSphere10 2.199260349 -0.08896544971 -3.537382224 0 0.2456555354 3.505510115 0.06456503146 0 4.289930004 -0.3499110838 2.675934449 0 53.60191782 64.8099639 2.953012289 1


mesh: pSphereShape11 tranform: pSphere11 0.566616124 0.00753891097 -0.823947409 0 2.202757432 2.812974352 1.54054085 0 1.558477157 -1.79833121 1.055286803 0 53.97542858 60.40020062 4.170631961 1


mesh: pSphereShape12 tranform: pSphere12 4.411964491 -0.6127396178 -5.637786319 0 0.448387228 3.737077264 -0.05526757294 0 4.622071623 -0.5002745746 3.671468331 0 51.40069553 50.86288471 2.910909648 1


mesh: pSphereShape13 tranform: pSphere13 3.048933782 -0.6392793436 -3.878442534 0 0.7102000885 4.638727491 -0.2062914731 0 3.446360962 -0.4041978881 2.775887906 0 51.64293915 45.71572454 3.555331154 1


mesh: pSphereShape14 tranform: pSphere14 3.043147163 -0.500367131 -3.974676286 0 0.6421519022 5.445695697 -0.1938986568 0 3.416942715 -0.3083912583 2.654950396 0 51.27476928 41.33692974 3.872312482 1


mesh: pSphereShape15 tranform: pSphere15 1.482489308 -0.220756905 -3.102880325 0 -2.348697886 8.127341814 -1.700383442 0 3.675743261 1.408700509 1.655967739 0 50.97210381 28.62165475 8.837487481 1


mesh: pSphereShape16 tranform: pSphere16 0.9811312829 -0.08087647447 -2.051562843 0 -0.03881224018 8.229225431 -0.3429729904 0 1.705064218 0.04195755593 0.8137691075 0 53.66114195 13.20680222 11.93563246 1


mesh: pSphereShape17 tranform: pSphere17 1.575686508 0.03946524377 -2.006493731 0 -0.09138188659 2.360369197 -0.0253360672 0 4.966685884 0.234200758 3.904912637 0 57.22515306 2.762019704 15.44067444 1


mesh: pSphereShape18 tranform: pSphere18 1.454312399 -0.5003192927 -2.461941033 0 1.346193237 7.979601157 -0.8264060199 0 2.817908938 -0.2967548775 1.724895943 0 51.47285461 27.38257751 1.294906292 1


mesh: pSphereShape19 tranform: pSphere19 0.9668367564 -0.3227872016 -1.677614862 0 4.22276638 8.778005187 0.7446870248 0 1.727651871 -0.9307695683 1.174761788 0 47.10275663 11.67845319 1.376236684 1


mesh: pSphereShape20 tranform: pSphere20 1.01786739 0.06725817479 -2.414058016 0 0.1001018313 1.855732692 0.09390974951 0 5.470619473 -0.4112440975 2.295183297 0 47.52002776 2.441620878 3.233720334 1


mesh: pSphereShape21 tranform: pSphere21 3.626742453 -0.5963243376 -4.73691427 0 -1.37437911 2.668115195 -1.388157082 0 4.083238994 3.500572392 2.685583687 0 49.97185684 37.49612264 3.239202375 1


