mesh: pSphereShape1 tranform: pSphere1 0.537222834 3.150866905 0.9477864652 0 -0.9367778643 0.6293502455 -1.561259266 0 -2.960623117 -0.02636594127 1.765787943 0 -88.32971935 35.23855316 -21.94544335 1


mesh: pSphereShape2 tranform: pSphere2 0.3973616879 5.70004898 1.465811189 0 -2.454120203 0.6668842894 -1.928010775 0 -1.908602954 -0.4515276523 2.273236451 0 -86.89978161 42.72586557 -19.47701986 1


mesh: pSphereShape3 tranform: pSphere3 -0.5872147245 6.213296973 2.347896825 0 -2.245125301 0.5353630487 -1.978255687 0 -2.023711097 -0.9608835966 2.036674754 0 -86.61302966 52.96894205 -16.4098946 1


mesh: pSphereShape4 tranform: pSphere4 -0.3841897212 -0.09303919143 4.084947583 0 -0.2188590181 3.368789334 0.05614418446 0 -3.888551337 -0.2464376188 -0.3713315239 0 -87.72912949 59.11111919 -11.44455185 1


mesh: pSphereShape5 tranform: pSphere5 -0.6527340933 -0.07763765107 4.190044834 0 -0.2077877583 3.138763471 0.02578876203 0 -3.954775749 -0.2567072359 -0.6208399225 0 -88.79339184 59.42643729 -4.815185342 1


mesh: pSphereShape6 tranform: pSphere6 -2.346766338 -5.150576036 2.138881243 0 -1.233386494 1.255498921 1.670065956 0 -1.831769968 0.2079211673 -1.509117128 0 -91.36545801 53.27494323 -1.223302139 1


mesh: pSphereShape7 tranform: pSphere7 -5.57251056 -1.194623067 -0.3263644901 0 -0.4508324618 1.709256891 1.441182968 0 -0.2580833455 1.813532148 -2.231600528 0 -99.16307712 47.69930568 -0.7311499311 1


mesh: pSphereShape8 tranform: pSphere8 -3.42180074 -2.333328465 -1.151376834 0 -0.5708871501 0.526215922 0.6302258843 0 -0.5254767161 1.710046313 -1.90382771 0 -106.6294871 45.52536636 -1.919114497 1


mesh: pSphereShape10 tranform: pSphere10 -0.4177616386 -0.02810478491 4.145168184 0 0.235145412 3.50650387 0.04747316899 0 -5.031234435 0.3442268354 -0.5047279696 0 -88.36753517 69.06959657 -8.182730443 1


mesh: pSphereShape11 tranform: pSphere11 -0.1128101349 -0.0042824624 0.9936073339 0 -2.320286735 3.113196362 -0.2500179948 0 -2.068880247 -1.561355148 -0.2416217115 0 -89.88829548 64.78924339 -8.989916891 1


mesh: pSphereShape12 tranform: pSphere12 -0.8988499016 -0.169824507 7.126622172 0 0.05073920796 3.762718354 0.0960635635 0 -5.87689686 0.09811243235 -0.7388894966 0 -88.12493703 54.97027251 -9.033070554 1


mesh: pSphereShape13 tranform: pSphere13 -0.6618902196 -0.2162258102 4.925661328 0 -0.08352690972 4.6925283 0.1947677734 0 -4.403466627 -0.05372384707 -0.5940781918 0 -89.17572459 49.87348143 -9.152317368 1


mesh: pSphereShape14 tranform: pSphere14 -0.6028555834 -0.08394994519 4.99386434 0 -0.05598517883 5.485901852 0.08546291071 0 -4.306641664 -0.03584185646 -0.5204970976 0 -89.37166825 45.4568528 -9.287100097 1


mesh: pSphereShape15 tranform: pSphere15 -0.06852039817 -0.06056366311 3.444707748 0 3.518246226 7.876538331 0.208465768 0 -3.89856355 1.742629191 -0.04690996488 0 -92.96497758 32.79299201 -13.52071437 1


mesh: pSphereShape16 tranform: pSphere16 -0.06687702418 0.1550096099 2.269266221 0 -2.079508468 7.946696427 -0.6041096627 0 -1.827702218 -0.4798798276 -0.02108404033 0 -95.46143365 17.9079764 -14.07794484 1


mesh: pSphereShape17 tranform: pSphere17 -0.841399094 0.01799287455 2.40875204 0 -0.7071606849 2.238459532 -0.2637385129 0 -5.660620577 -2.019460995 -1.962221531 0 -96.80401097 6.19693573 -14.96177451 1


mesh: pSphereShape18 tranform: pSphere18 -0.125199159 -0.2886660203 2.885739887 0 0.8960601166 8.040850596 0.8432174796 0 -3.293925424 0.3780901903 -0.1050874001 0 -90.60194648 31.67293759 -6.105866373 1


mesh: pSphereShape19 tranform: pSphere19 -0.04560129081 -0.2167288681 1.950462928 0 -4.429920312 8.664711834 0.8592232539 0 -2.037823998 -1.025829984 -0.1616305399 0 -88.4158162 16.05465982 -7.284970927 1


mesh: pSphereShape20 tranform: pSphere20 0.513931642 -0.008845619944 2.569834588 0 -0.9425258132 1.59267143 0.1939743543 0 -4.993153125 -3.07522179 0.9879768733 0 -88.44022042 5.046149501 -8.026814255 1


mesh: pSphereShape21 tranform: pSphere21 -0.7184673696 -0.1000493285 5.951555688 0 2.080484367 2.553397584 0.2940787142 0 -4.616804255 3.818525052 -0.4931454052 0 -88.21032544 41.52328137 -9.118259712 1


