mesh: pSphereShape1 tranform: pSphere1 -2.657991048 2.009496471 0.1089831816 0 0.8814729886 1.094474017 1.317686227 0 1.357235168 1.931483476 -2.512225257 0 -31.86628782 37.0003193 -6.504691175 1


mesh: pSphereShape2 tranform: pSphere2 -4.042212102 4.296227638 0.002557747475 0 2.244307882 2.11111775 0.8312220848 0 0.568679067 0.536781534 -2.898743887 0 -38.17305388 41.9484605 -6.521783223 1


mesh: pSphereShape3 tranform: pSphere3 -1.692886082 6.173668408 -1.866133704 0 2.6462304 1.048265191 1.067380688 0 1.276479928 -0.4677117548 -2.705289754 0 -43.29537413 50.68477934 -7.749697186 1


mesh: pSphereShape4 tranform: pSphere4 -1.55334106 0.1564708885 -3.79548458 0 0.7113029299 3.296931474 -0.1551902628 0 3.527737366 -0.8306700734 -1.478007581 0 -45.40347683 56.91059338 -12.25745657 1


mesh: pSphereShape5 tranform: pSphere5 -1.316083997 0.1334242492 -4.0297253 0 0.6702643306 3.071267394 -0.1172145936 0 3.716399761 -0.8584636867 -1.242177507 0 -47.41788558 57.55524676 -18.63383776 1


mesh: pSphereShape6 tranform: pSphere6 -1.008417471 -5.054692211 -3.169185949 0 1.187660317 0.9487069574 -1.891046843 0 2.039193948 -0.9203152272 0.81899625 0 -48.98011889 51.49883999 -23.15752482 1


mesh: pSphereShape7 tranform: pSphere7 1.26254555 -4.691775209 -2.996620782 0 1.169797314 1.267752862 -1.492043666 0 2.39478477 -0.3596101399 1.572015659 0 -47.86713092 42.09805768 -27.97942978 1


mesh: pSphereShape8 tranform: pSphere8 -1.560445931 -3.934375929 -0.7513356058 0 0.5408933793 -0.05424204962 -0.8393403078 0 1.982135911 -1.042952801 1.34474191 0 -47.25574855 34.82841851 -31.10775627 1


mesh: pSphereShape10 tranform: pSphere10 -0.6084034526 -0.3516868467 -4.106567367 0 -0.2930185302 3.493115255 -0.2557389445 0 4.996024557 0.3626255673 -0.7712351824 0 -46.21222158 66.96007158 -16.10995761 1


mesh: pSphereShape11 tranform: pSphere11 -0.1999660809 -0.08715184697 -0.9759191166 0 2.255278278 3.083518343 -0.7374724658 0 2.056377234 -1.571243963 -0.2810364899 0 -44.4784733 62.72119541 -15.53845314 1


mesh: pSphereShape12 tranform: pSphere12 -1.999015861 0.2049838021 -6.898364467 0 0.5517495603 3.723304853 -0.0492492008 0 5.623445472 -0.8552187338 -1.65498108 0 -46.84978229 52.94781612 -14.57035366 1


mesh: pSphereShape13 tranform: pSphere13 -1.288996079 0.2538092279 -4.798026862 0 1.003605957 4.58876733 -0.0268803518 0 4.185591143 -0.9223003367 -1.173252895 0 -46.82038523 47.74165758 -14.97596528 1


mesh: pSphereShape14 tranform: pSphere14 -1.183516292 0.2571866758 -4.882858558 0 1.097536175 5.375935093 0.01713482587 0 4.126114799 -0.8390478057 -1.044289107 0 -47.47717609 43.37760763 -15.01538131 1


mesh: pSphereShape15 tranform: pSphere15 -0.6072700335 0.4210029067 -3.365762043 0 0.575022271 8.555511346 0.9664085902 0 4.194087198 -0.1936739808 -0.7809467064 0 -47.55162862 29.94122962 -11.71660878 1


mesh: pSphereShape16 tranform: pSphere16 -0.3725653686 0.3416013777 -2.218687279 0 3.165620764 7.577257501 0.6350606268 0 1.716961076 -0.6843161408 -0.3936758375 0 -50.12115276 14.2430493 -12.57110134 1


mesh: pSphereShape17 tranform: pSphere17 0.08490474447 0.02650593992 -2.549990429 0 1.07616782 2.102111046 0.05768264113 0 5.624173482 -2.883590474 0.1572895066 0 -50.17285413 2.380975455 -12.91105012 1


mesh: pSphereShape18 tranform: pSphere18 -0.3642085591 -0.08946347047 -2.878514549 0 -3.934734597 7.114105299 0.2767439438 0 2.873332522 1.605292414 -0.4134449585 0 -44.77848762 30.56336329 -18.95878346 1


mesh: pSphereShape19 tranform: pSphere19 -0.272101242 -0.08206060836 -1.942313951 0 -0.2126094891 9.759515718 -0.3825439706 0 2.264550244 0.03683685167 -0.3188000519 0 -40.12337652 15.23774493 -19.42064378 1


mesh: pSphereShape20 tranform: pSphere20 -0.6568131672 -0.371028185 -2.509818387 0 -0.1776110409 1.838551381 -0.2253139569 0 5.728977141 0.3631285148 -1.552940466 0 -34.85083665 6.076966903 -19.66953984 1


mesh: pSphereShape21 tranform: pSphere21 -1.410483474 0.3065082908 -5.819261927 0 -1.51073058 2.895410527 0.5186788094 0 5.157142095 2.887505676 -1.097908866 0 -49.37277258 39.74061822 -14.8444124 1


