mesh: pSphereShape1 tranform: pSphere1 -0.3096442193 3.176772635 -0.962863384 0 1.32938331 0.5214905175 1.293040081 0 2.474330266 -0.4721444904 -2.353457196 0 -142.2646577 32.28712831 -11.61446749 1


mesh: pSphereShape2 tranform: pSphere2 0.08156122446 5.720767387 -1.43639319 0 2.521158758 0.4426015936 1.905919338 0 1.840309657 -0.6023471325 -2.294490077 0 -143.1285363 39.8647446 -14.07352907 1


mesh: pSphereShape3 tranform: pSphere3 1.057338947 6.157379669 -2.330495627 0 2.303635759 0.3437623441 1.953403827 0 1.916243373 -1.110407145 -2.064401912 0 -142.5957264 50.11581053 -17.09603008 1


mesh: pSphereShape4 tranform: pSphere4 -0.4509845236 -0.227012165 -4.072853204 0 0.7036219669 3.291866146 -0.2613932359 0 3.803833566 -0.8427681574 -0.3742220425 0 -141.6266744 56.03124616 -22.16454254 1


mesh: pSphereShape5 tranform: pSphere5 0.1417767509 -0.2600859501 -4.230936038 0 0.6198904255 3.07944975 -0.168529034 0 3.930489814 -0.7813673026 0.1797414864 0 -141.5293003 56.0598563 -28.84513232 1


mesh: pSphereShape6 tranform: pSphere6 0.3666310888 -5.616700756 -2.220093014 0 0.8940949854 0.8793372629 -2.077017144 0 2.210067787 -0.1985551515 0.8673079985 0 -141.1976278 49.37086187 -32.54146424 1


mesh: pSphereShape7 tranform: pSphere7 2.51514097 -4.626438826 -2.203778953 0 0.7863184251 1.254032005 -1.735201557 0 2.393034056 0.5835232647 1.506132593 0 -137.5837162 39.91689027 -35.74001856 1


mesh: pSphereShape8 tranform: pSphere8 -0.1601936829 -4.289111625 -0.2380548261 0 0.4680458726 0.03153521596 -0.8831413201 0 2.306587636 -0.1536920768 1.216953715 0 -134.8654633 32.76170121 -37.87232915 1


mesh: pSphereShape10 tranform: pSphere10 1.017184964 -0.06874991981 -4.039596779 0 0.3222533412 3.499829067 0.02158093746 0 4.892800229 -0.4581588739 1.239822062 0 -139.8107144 65.71208646 -25.09974757 1


mesh: pSphereShape11 tranform: pSphere11 0.1528597382 -0.02367781472 -0.9879642005 0 2.817255538 2.657587329 0.3721987937 0 1.750785687 -1.900289281 0.3164278008 0 -139.0153661 61.19872847 -24.46866437 1


mesh: pSphereShape12 tranform: pSphere12 -0.3816246473 -0.4414524306 -7.161354444 0 0.4495702366 3.728715541 -0.2538091971 0 5.873154184 -0.7263807081 -0.2682003635 0 -142.2997881 51.8333777 -24.40819059 1


mesh: pSphereShape13 tranform: pSphere13 -0.2196907313 -0.5252743268 -4.941944419 0 0.7162235053 4.612930057 -0.5221429415 0 4.387339271 -0.6949131874 -0.1211745146 0 -141.9655701 46.64054456 -24.17969386 1


mesh: pSphereShape14 tranform: pSphere14 -0.2800326293 -0.4047179133 -5.006690387 0 0.8350257304 5.401359626 -0.4833255625 0 4.280792343 -0.6783095633 -0.1846004912 0 -142.3875621 42.25358479 -23.77234868 1


mesh: pSphereShape15 tranform: pSphere15 -1.635107259 0.007556954429 -3.033272427 0 -0.2873383562 8.622511213 0.176373527 0 3.756488982 0.1665941486 -2.024547286 0 -142.0244801 28.77465636 -20.04783963 1


mesh: pSphereShape16 tranform: pSphere16 -1.017672189 0.1483170912 -2.029880552 0 3.952178235 7.076385322 -1.464358574 0 1.426425826 -0.9591514541 -0.7852148964 0 -144.1595738 13.59578903 -18.52791452 1


mesh: pSphereShape17 tranform: pSphere17 -1.750736317 0.8958032545 -1.62567569 0 1.002478735 2.136773146 0.09783772462 0 3.735549653 -1.52975697 -4.865868244 0 -146.2817508 3.21216382 -20.16290998 1


mesh: pSphereShape18 tranform: pSphere18 0.04477492191 0.1884512111 -2.896373412 0 -1.558158601 7.968497275 0.4943791177 0 3.255390828 0.6308896011 0.0913735012 0 -142.0286173 28.57345424 -28.03018238 1


mesh: pSphereShape19 tranform: pSphere19 0.003292429206 0.1274420227 -1.958852778 0 1.991203554 9.543850959 0.6242651727 0 2.239161106 -0.4654380662 -0.02651760754 0 -141.6331936 12.44656034 -29.47970261 1


mesh: pSphereShape20 tranform: pSphere20 -0.2420351381 -0.1524008348 -2.605080952 0 0.03534125176 1.857096325 -0.1119262166 0 5.92032728 -0.1453050443 -0.5415503958 0 -138.4028066 2.911754666 -29.83399526 1


mesh: pSphereShape21 tranform: pSphere21 -0.3337354951 -0.4823321249 -5.966841432 0 -1.707728734 2.82854654 -0.1331305981 0 5.136999515 3.076224847 -0.5359889617 0 -144.1183305 38.54368684 -23.47017966 1


