mesh: pSphereShape1 tranform: pSphere1 2.531642646 2.137731663 0.3684544174 0 -0.8954903924 1.258861966 -1.15088162 0 -1.569522156 1.386792523 2.738137717 0 91.01242724 37.73915694 -31.72484779 1


mesh: pSphereShape2 tranform: pSphere2 3.71964242 4.450645576 1.073811604 0 -2.399247741 2.080846216 -0.313616775 0 -0.5789681411 -0.224841713 2.937428895 0 96.96046764 42.96834998 -30.48534235 1


mesh: pSphereShape3 tranform: pSphere3 0.3051533608 5.622237374 3.572090178 0 -2.780993696 0.7622488296 -0.9621577601 0 -1.214707701 -1.439963074 2.370177102 0 100.6196047 51.46461343 -26.92117347 1


mesh: pSphereShape4 tranform: pSphere4 -0.1705511539 -0.2632512281 4.092024668 0 -0.954645643 3.234212038 0.1682771808 0 -3.750772075 -1.095319073 -0.2267930112 0 100.0681895 56.93170877 -20.88806573 1


mesh: pSphereShape5 tranform: pSphere5 -0.5821286484 -0.3293000142 4.188227888 0 -0.9304149252 3.003098225 0.1067991325 0 -3.792197859 -1.152924054 -0.6177326043 0 99.09294729 56.83545767 -14.25369953 1


mesh: pSphereShape6 tranform: pSphere6 -0.1716145252 -5.311503343 2.892929211 0 -1.939403304 0.7451380232 1.253045982 0 -1.429949201 -0.8756267481 -1.692504066 0 98.92491657 50.38286134 -10.00763662 1


mesh: pSphereShape7 tranform: pSphere7 -4.950699779 -1.969267848 -2.049162713 0 -1.123705931 1.592711953 1.18421746 0 0.2066043516 1.810697782 -2.23924875 0 93.94160511 43.63629908 -10.47627354 1


mesh: pSphereShape8 tranform: pSphere8 -2.327469039 -3.389212808 -1.254964168 0 -0.8363509524 0.54053702 0.09130615776 0 0.2241917052 0.7670209908 -2.487239635 0 87.83227164 39.89228924 -13.88515018 1


mesh: pSphereShape10 tranform: pSphere10 -0.2295128712 -0.4138646749 4.139296294 0 0.1615364952 3.492669105 0.3581688681 0 -5.05513121 0.2598797422 -0.2543095633 0 99.20153045 66.71432956 -16.81879763 1


mesh: pSphereShape11 tranform: pSphere11 -0.08101318873 -0.07545763451 0.9938526091 0 -2.458724569 3.015309528 0.02851429521 0 -2.006457592 -1.633373536 -0.2875678226 0 97.70860073 62.43502312 -18.02125255 1


mesh: pSphereShape12 tranform: pSphere12 -0.9388304053 -0.566547561 7.10092504 0 -0.8002207231 3.673475414 0.1872892592 0 -5.73658698 -1.206068907 -0.8546742352 0 100.7219957 52.75782035 -18.58738888 1


mesh: pSphereShape13 tranform: pSphere13 -0.6668501791 -0.5240734514 4.901800652 0 -1.408680053 4.471944212 0.2864760915 0 -4.197097539 -1.276780101 -0.7074873185 0 100.9973757 47.53606024 -18.84641875 1


mesh: pSphereShape14 tranform: pSphere14 -0.6884732581 -0.4725373779 4.961035829 0 -1.673355855 5.21874368 0.2648621665 0 -4.088584221 -1.276012624 -0.6889376891 0 102.0970416 43.24845995 -19.12327666 1


mesh: pSphereShape15 tranform: pSphere15 -0.1790756384 -0.1924568676 3.435879326 0 1.086464235 8.543684051 0.5351904919 0 -4.230766632 0.5498920449 -0.1897030347 0 102.2840771 30.51626844 -24.09435764 1


mesh: pSphereShape16 tranform: pSphere16 -0.2581937608 0.1162566276 2.257850765 0 -5.790743975 5.778022274 -0.9597035297 0 -1.326651468 -1.343282276 -0.08254206503 0 105.5164324 16.64775194 -24.71251219 1


mesh: pSphereShape17 tranform: pSphere17 -0.9407420322 -0.3718147503 2.342460414 0 -1.789569263 1.463269224 -0.4864363714 0 -3.405605311 -4.877045738 -2.14183069 0 110.6271264 5.760990234 -25.19652622 1


mesh: pSphereShape18 tranform: pSphere18 -0.2082272194 -0.2774421915 2.882041785 0 0.2950774898 8.089624763 0.8000738918 0 -3.306484474 0.1428740177 -0.2251392713 0 102.6051927 29.18727762 -16.39974726 1


mesh: pSphereShape19 tranform: pSphere19 -0.1028092898 -0.2028760921 1.949776412 0 -4.814302378 8.477470203 0.6282366584 0 -1.986564536 -1.111821884 -0.2204352075 0 105.7441324 13.64642763 -17.36131262 1


mesh: pSphereShape20 tranform: pSphere20 -0.07451002779 0.2276676717 2.609764257 0 -0.9707148146 1.578898806 -0.1654525698 0 -5.070714476 -3.104292955 0.1260374656 0 106.1832822 2.708407053 -18.42994703 1


mesh: pSphereShape21 tranform: pSphere21 -0.8205042541 -0.5631575726 5.912431535 0 1.226200879 3.036466517 0.4593900385 0 -5.522056126 2.31255773 -0.5460589483 0 104.3614706 39.82565752 -19.03965222 1


