mesh: pSphereShape1 tranform: pSphere1 -1.700628204 2.819586322 0.5221747785 0 -1.393790227 -0.6230844397 -1.174853003 0 -1.603407938 -1.463073953 2.678150305 0 115.6694735 31.71323926 -25.94822803 1


mesh: pSphereShape2 tranform: pSphere2 -3.279581219 4.884620708 0.4264794214 0 -1.630343855 -0.8673809119 -2.602747673 0 -1.968606465 -1.472243516 1.723755792 0 111.8884565 38.63192147 -24.53504373 1


mesh: pSphereShape3 tranform: pSphere3 -3.619565041 5.432455275 1.360028858 0 -1.645239458 -0.4670333473 -2.513118332 0 -1.944360226 -1.692935235 1.587507967 0 106.3693275 47.78096367 -23.07422298 1


mesh: pSphereShape4 tranform: pSphere4 -0.506289384 0.1492131147 4.069946104 0 -0.4363910292 3.343363001 -0.1768607579 0 -3.85102482 -0.5269729859 -0.4597362362 0 102.6575764 53.47573841 -18.98957312 1


mesh: pSphereShape5 tranform: pSphere5 -1.037577813 0.1475037043 4.109773722 0 -0.4119898182 3.111177424 -0.2156765188 0 -3.853899591 -0.5763587941 -0.9522922473 0 101.1084596 54.14501188 -12.50855843 1


mesh: pSphereShape6 tranform: pSphere6 -2.826646729 -5.091395702 1.642655409 0 -1.032268878 1.172118281 1.856663615 0 -1.84657562 0.5765228137 -1.390621033 0 98.01789821 48.18125817 -9.301586384 1


mesh: pSphereShape7 tranform: pSphere7 -5.110391516 -2.45564629 0.6634846226 0 -0.5359792655 1.544970847 1.589845491 0 -1.093059242 1.722829606 -2.042700767 0 90.09695651 41.59985715 -8.277305985 1


mesh: pSphereShape8 tranform: pSphere8 -2.433016008 -3.499895557 -0.5567538422 0 -0.6082915504 0.3063896406 0.7321931288 0 -1.453706053 1.288457717 -1.746871359 0 83.42888687 37.30849428 -8.168575124 1


mesh: pSphereShape10 tranform: pSphere10 0.6240404372 0.1316243303 4.11715709 0 0.01877254148 3.512763175 -0.1151473978 0 -5.010942339 0.05162145184 0.757861782 0 101.5370535 63.57752828 -16.13897541 1


mesh: pSphereShape11 tranform: pSphere11 0.05763573881 0.08235890169 0.994934738 0 -2.469995955 3.004363065 -0.1056109477 0 -2.005733883 -1.640129706 0.251957466 0 100.1584432 59.21723551 -16.68559116 1


mesh: pSphereShape12 tranform: pSphere12 -0.7492933599 0.2396162761 7.141894608 0 -0.2819021853 3.750497513 -0.1554080176 0 -5.874949763 -0.4664762525 -0.6007209263 0 102.5282199 49.48394713 -16.30430748 1


mesh: pSphereShape13 tranform: pSphere13 -0.4002197052 -0.1228711713 4.956986851 0 -0.4787964138 4.672208705 0.07715493463 0 -4.406060155 -0.4454653022 -0.3667806662 0 101.9237145 44.32085766 -16.12556233 1


mesh: pSphereShape14 tranform: pSphere14 -0.2250249789 -0.1187356586 5.024383454 0 -0.4381146925 5.468235554 0.1096030598 0 -4.319921911 -0.3420719222 -0.2015583566 0 102.0603295 39.9163433 -16.18798719 1


mesh: pSphereShape15 tranform: pSphere15 0.6917933043 0.1278331919 3.373344805 0 3.381721699 7.876628177 -0.9919967106 0 -3.834278506 1.736935495 0.720498594 0 98.81159441 27.2966749 -19.12371373 1


mesh: pSphereShape16 tranform: pSphere16 0.4605700312 0.1260841 2.224870276 0 1.252837691 8.108816123 -0.7188788914 0 -1.828195329 0.314433713 0.3606353578 0 93.42949851 12.21017625 -18.18065154 1


mesh: pSphereShape17 tranform: pSphere17 0.2051316002 0.2411685684 2.531821739 0 0.05115617462 2.350682349 -0.2280588857 0 -6.300322811 0.1849242829 0.4928456677 0 87.35237119 1.85941572 -17.19019508 1


mesh: pSphereShape18 tranform: pSphere18 0.1943987116 -0.2401533248 2.88635291 0 -1.185127568 8.012951777 0.7465214237 0 -3.274296456 -0.5009355817 0.1788477304 0 103.9796147 26.12755408 -12.9070787 1


mesh: pSphereShape19 tranform: pSphere19 0.1907836506 -0.1858097431 1.944847771 0 -7.422067295 6.213349308 1.321702382 0 -1.470499131 -1.751649772 -0.02310021498 0 110.8179768 12.37097843 -14.31531347 1


mesh: pSphereShape20 tranform: pSphere20 0.5526829924 0.05487132346 2.561207613 0 -1.142929404 1.452532091 0.2155136827 0 -4.522195435 -3.714899194 1.055432573 0 114.0963999 2.952702049 -15.39507769 1


mesh: pSphereShape21 tranform: pSphere21 -0.2681788295 -0.1415060234 5.987927563 0 1.910339673 2.695007378 0.149245699 0 -4.899558827 3.480619513 -0.1371809055 0 103.506776 36.07533443 -16.11978201 1


