mesh: pSphereShape1 tranform: pSphere1 1.552009493 2.944259253 0.1935814892 0 -1.462316853 0.8325007463 -0.9379429216 0 -1.568767766 0.6294057599 3.004464603 0 120.0301362 29.21376879 -28.9795536 1


mesh: pSphereShape2 tranform: pSphere2 2.094955503 5.504452484 0.3304866513 0 -2.830062592 1.133744354 -0.943417003 0 -0.8879621096 0.1660429025 2.863249808 0 123.8765041 36.21908332 -28.38568848 1


mesh: pSphereShape3 tranform: pSphere3 0.949082546 6.395133261 1.632180383 0 -2.754515242 0.6863050305 -1.08734905 0 -1.205986806 -0.5173940174 2.72848808 0 126.8043798 46.31805274 -27.06101273 1


mesh: pSphereShape4 tranform: pSphere4 1.884426653 0.5597965523 3.602585016 0 -0.8893937089 3.256854744 -0.04085367776 0 -3.320633846 -0.8833009677 1.874198591 0 128.5317005 53.02436941 -22.93621334 1


mesh: pSphereShape5 tranform: pSphere5 1.203375698 0.4845075131 4.038032257 0 -0.8027652344 3.038999584 -0.1254051291 0 -3.707864998 -0.9292506514 1.216479522 0 130.6204008 54.25779672 -16.72912212 1


mesh: pSphereShape6 tranform: pSphere6 1.306217072 -5.035130711 3.090600978 0 -0.7633466822 1.057689907 2.045784442 0 -2.202196055 -0.8165414644 -0.3995491267 0 132.4828953 48.3825367 -12.1352215 1


mesh: pSphereShape7 tranform: pSphere7 -0.5074508245 -4.587706934 3.358861525 0 -0.8282833418 1.314226046 1.669902387 0 -2.677746277 -0.4290256177 -0.9905345405 0 132.1824603 39.10739221 -6.848709744 1


mesh: pSphereShape8 tranform: pSphere8 1.67031193 -3.892750223 0.7316859991 0 -0.4377861736 -0.01889181203 0.8988806181 0 -2.118127346 -1.107126576 -1.054870329 0 132.2496511 31.96150519 -3.401997568 1


mesh: pSphereShape10 tranform: pSphere10 1.774222483 0.308816639 3.756927042 0 -0.08168926904 3.504879861 -0.2495204912 0 -4.584143181 0.04700364598 2.161014653 0 128.7417143 63.38816678 -20.43652739 1


mesh: pSphereShape11 tranform: pSphere11 0.3811509451 0.09343317041 0.9197794299 0 -2.429214354 2.956042915 0.706370315 0 -1.774952607 -1.675039393 0.9056835558 0 127.3697804 58.97832533 -20.23871009 1


mesh: pSphereShape12 tranform: pSphere12 2.033334749 0.8145165389 6.84307151 0 -0.8189387124 3.669031996 -0.1933796394 0 -5.533718837 -1.141319169 1.780125508 0 130.4513356 49.35647321 -20.48361037 1


mesh: pSphereShape13 tranform: pSphere13 1.344316558 0.7649650749 4.728068655 0 -1.354028103 4.485007951 -0.3406532692 0 -4.082104168 -1.130344704 1.343532616 0 130.8169965 44.21075757 -19.6805974 1


mesh: pSphereShape14 tranform: pSphere14 1.274751514 0.6986789669 4.816224639 0 -1.337953625 5.304982115 -0.4154542541 0 -4.061037812 -0.9294851126 1.209708067 0 131.7206629 39.93696283 -19.30027426 1


mesh: pSphereShape15 tranform: pSphere15 1.496814362 0.6051318345 3.044295764 0 -1.84530738 8.395024576 -0.7614286568 0 -3.736661402 -0.6431221535 1.965072583 0 133.3412265 26.44815059 -22.33346283 1


mesh: pSphereShape16 tranform: pSphere16 0.9470025544 0.466939776 2.01574381 0 -4.268908958 7.033788592 0.3761946406 0 -1.411868995 -0.9035542648 0.8726054183 0 138.0501003 11.27669421 -22.31337326 1


mesh: pSphereShape17 tranform: pSphere17 1.773408626 0.8678662525 1.616227887 0 -0.7931732183 2.203055258 -0.3126644996 0 -4.019435373 -0.7630514083 4.820067758 0 140.21674 1.418789028 -19.35465973 1


mesh: pSphereShape18 tranform: pSphere18 0.6114029381 0.03051067484 2.837561126 0 3.476180416 7.30756462 -0.8275788763 0 -2.91654696 1.456784776 0.6127578637 0 130.0086043 27.09327063 -14.61899653 1


mesh: pSphereShape19 tranform: pSphere19 0.4396537351 0.03549063327 1.912799394 0 1.918967383 9.559016452 -0.6184321933 0 -2.183329582 0.4702046055 0.4931103331 0 124.6030149 11.70915524 -12.77500059 1


mesh: pSphereShape20 tranform: pSphere20 0.838616208 -0.5596525211 2.41904231 0 0.6050553326 1.748864009 0.1948485733 0 -5.291923455 1.585582296 2.201395109 0 117.933224 3.837458178 -11.05463938 1


mesh: pSphereShape21 tranform: pSphere21 1.519215202 0.8326671484 5.739849382 0 1.367768275 2.906844968 -0.7837084857 0 -5.256987875 2.741501254 0.9937086303 0 133.7735855 36.38298595 -19.22980623 1


