mesh: pSphereShape1 tranform: pSphere1 -0.9850678822 3.033015778 -0.9722789567 0 1.523795421 0.7785681427 0.8848978241 0 1.84690773 -0.3273489629 -2.892363386 0 80.85303993 31.03099004 24.59378481 1


mesh: pSphereShape2 tranform: pSphere2 -1.132092032 5.571486551 -1.572883458 0 2.752975418 0.9315635454 1.31832541 0 1.405107107 -0.4525618434 -2.614403988 0 78.31117715 38.2302087 22.16179641 1


mesh: pSphereShape3 tranform: pSphere3 -0.3648245914 6.098395509 -2.671886064 0 2.571584094 0.7771155255 1.422583382 0 1.605983762 -0.9487851954 -2.384820906 0 76.63165426 48.24603335 18.8169869 1


mesh: pSphereShape4 tranform: pSphere4 -1.458293202 -0.05944524241 -3.835740084 0 0.5497524064 3.321101744 -0.2604774759 0 3.602646014 -0.7029278795 -1.358780407 0 75.59447298 54.28173261 13.58886979 1


mesh: pSphereShape5 tranform: pSphere5 -1.071590294 -0.08682274261 -4.102769938 0 0.4086454997 3.114302813 -0.1726377237 0 3.846145077 -0.5597049118 -0.992718744 0 73.81622657 54.60186181 7.131152952 1


mesh: pSphereShape6 tranform: pSphere6 0.1608284111 -5.739025403 -1.910047218 0 0.4969692032 0.7624568057 -2.249071211 0 2.331071416 -0.09534738666 0.4827648121 0 73.56615251 47.84828648 3.758765271 1


mesh: pSphereShape7 tranform: pSphere7 1.862894939 -4.866628676 -2.330677962 0 0.4763095444 1.109095369 -1.93516254 0 2.661632686 0.5532485433 0.9722007375 0 76.52434747 38.1124504 0.5422203269 1


mesh: pSphereShape8 tranform: pSphere8 -0.4899111738 -4.270677263 0.01064890894 0 0.4703731613 -0.05615487301 -0.8806791239 0 2.286104304 -0.2591648879 1.237539815 0 78.56967349 30.69084134 -1.389097158 1


mesh: pSphereShape10 tranform: pSphere10 -1.296883476 -0.08802067799 -3.958292504 0 -0.004193467312 3.513859157 -0.07676386387 0 4.816386951 -0.02871176023 -1.577388588 0 75.39175946 64.20890752 10.08942165 1


mesh: pSphereShape11 tranform: pSphere11 -0.2854291004 -0.01036363789 -0.958343792 0 2.383561659 2.984297238 -0.7421825465 0 1.918643321 -1.670046144 -0.5533806217 0 76.80753822 59.87914101 10.42673614 1


mesh: pSphereShape12 tranform: pSphere12 -1.702926816 -0.1574823734 -6.978592598 0 0.395277024 3.739105108 -0.1808345985 0 5.721471388 -0.6716312441 -1.381005817 0 74.38728604 50.17064897 11.39962607 1


mesh: pSphereShape13 tranform: pSphere13 -1.158751851 0.1841919406 -4.834289943 0 0.5093840353 4.669276862 0.05580829361 0 4.294501292 -0.4559878582 -1.046741232 0 74.80632232 45.01966728 11.0777435 1


mesh: pSphereShape14 tranform: pSphere14 -1.059135402 0.1410091366 -4.916046391 0 0.4734577528 5.46611324 0.05478305528 0 4.224347829 -0.3566759269 -0.9203434103 0 74.64099362 40.6150722 10.99583696 1


mesh: pSphereShape15 tranform: pSphere15 -0.3326431434 0.3026433663 -3.416449912 0 1.994071391 8.377635446 0.5479727979 0 4.134475729 -0.9522528506 -0.4869083563 0 72.99284768 27.3271693 14.98789145 1


mesh: pSphereShape16 tranform: pSphere16 -0.1782407305 0.2609875382 -2.253482959 0 4.469750885 6.903743972 0.4460204488 0 1.580375827 -1.007581648 -0.2416941267 0 67.7249856 12.31498715 14.79397431 1


mesh: pSphereShape17 tranform: pSphere17 0.4014136928 -0.05413028872 -2.519186283 0 0.6187205741 2.279267134 0.04961344988 0 6.019951384 -1.655805869 0.9948133579 0 66.70309586 1.975052449 15.27769912 1


mesh: pSphereShape18 tranform: pSphere18 -0.5338606051 -0.07726694863 -2.852283343 0 -3.347969856 7.401264696 0.42614142 0 2.961033037 1.373478617 -0.591422095 0 76.70528519 27.17887549 7.117548531 1


mesh: pSphereShape19 tranform: pSphere19 -0.3875075641 -0.03122922955 -1.924115157 0 -2.07360946 9.543102663 0.2627262746 0 2.188982099 0.4879962059 -0.4487708874 0 82.09850937 11.68133748 5.992764968 1


mesh: pSphereShape20 tranform: pSphere20 -0.8802458599 -0.1004280195 -2.466441815 0 -0.4762321881 1.79622139 0.09682387542 0 5.390610767 1.536288166 -1.986403716 0 88.95139707 3.658217605 4.678042439 1


mesh: pSphereShape21 tranform: pSphere21 -1.262249612 0.1680509665 -5.85881431 0 -1.847257329 2.701169104 0.4754603538 0 4.822821354 3.463605199 -0.9397024535 0 73.1702717 36.78428522 11.10654596 1


