mesh: pSphereShape1 tranform: pSphere1 -0.04691697061 3.245085962 0.7629454181 0 -1.337294313 0.2990092253 -1.354031904 0 -2.480910405 -0.5817372252 2.321778807 0 140.4109653 30.59583586 -26.95870123 1


mesh: pSphereShape2 tranform: pSphere2 -0.6703637658 5.787611467 0.922617505 0 -2.162014695 0.1232705195 -2.344176404 0 -2.181901603 -0.5687498686 1.982441777 0 140.4052222 38.36406856 -24.9925206 1


mesh: pSphereShape3 tranform: pSphere3 -1.520482799 6.27296326 1.673488542 0 -1.954392332 0.1461985937 -2.323719724 0 -2.213827455 -1.016276164 1.798026335 0 138.9974301 48.79297818 -22.89711181 1


mesh: pSphereShape4 tranform: pSphere4 -0.02171514349 0.1553812971 4.101029126 0 -0.5604282497 3.327020633 -0.1290228733 0 -3.859656655 -0.6499869619 0.004189879804 0 137.3518648 55.12604495 -18.48895296 1


mesh: pSphereShape5 tranform: pSphere5 -0.6963914578 0.1028778119 4.182465804 0 -0.474565195 3.105851228 -0.1554122273 0 -3.910441093 -0.6293096801 -0.6356192483 0 136.4406473 55.75570551 -11.89350778 1


mesh: pSphereShape6 tranform: pSphere6 -1.30441493 -5.592847317 1.90502475 0 -1.261253166 0.9258007248 1.854393041 0 -1.969365036 0.002625732148 -1.340761498 0 134.9441912 49.23526237 -8.432145719 1


mesh: pSphereShape7 tranform: pSphere7 -3.210975319 -4.477839303 1.491678473 0 -1.063958679 1.281872698 1.557758547 0 -1.970842188 0.7572528497 -1.969237408 0 130.0458379 40.02662295 -6.368210887 1


mesh: pSphereShape8 tranform: pSphere8 -0.09518498277 -4.296926138 0.0785889902 0 -0.687748543 0.02850198926 0.7253892598 0 -1.895629849 0.009113984088 -1.797623022 0 126.5205226 33.00953855 -5.183998056 1


mesh: pSphereShape10 tranform: pSphere10 0.0718398823 0.1952296212 4.161064571 0 -0.4380861257 3.483804702 -0.155890351 0 -5.027907675 -0.6270552636 0.11622604 0 135.315606 65.03221721 -15.77305906 1


mesh: pSphereShape11 tranform: pSphere11 -0.03199253366 0.06565233929 0.9973295584 0 -2.739976469 2.749266739 -0.2688725907 0 -1.846319821 -1.834065565 0.0615064952 0 134.6397836 60.62441173 -16.29198438 1


mesh: pSphereShape12 tranform: pSphere12 -0.8452844035 0.1986781776 7.132428503 0 -0.4793567723 3.730179543 -0.1607163782 0 -5.83427056 -0.7786050141 -0.6697474897 0 137.7150711 51.14849229 -15.80445285 1


mesh: pSphereShape13 tranform: pSphere13 -0.6427842855 0.0196397121 4.932893109 0 -0.6542707383 4.650365001 -0.1037700934 0 -4.362746871 -0.6264349498 -0.565996884 0 137.3456539 45.97222137 -15.58129298 1


mesh: pSphereShape14 tranform: pSphere14 -0.6902661887 0.01819721044 4.983208298 0 -0.6117424628 5.451639926 -0.1046453903 0 -4.269793662 -0.4904430073 -0.58965416 0 137.6349555 41.58086459 -15.53368506 1


mesh: pSphereShape15 tranform: pSphere15 -1.528696828 -0.06421638252 3.087610198 0 0.5456515965 8.600117111 0.4490217954 0 -3.81779826 0.3405484373 -1.883135152 0 138.3464462 28.06985814 -20.27956992 1


mesh: pSphereShape16 tranform: pSphere16 -1.011170535 -0.0332474537 2.038258682 0 -0.6695223477 8.206808938 -0.198279921 0 -1.685956753 -0.1578124358 -0.8389693953 0 138.1690755 11.97523923 -21.61492462 1


mesh: pSphereShape17 tranform: pSphere17 -2.183906674 -0.4010891819 1.256997088 0 -0.1615853866 2.312009104 0.4569894725 0 -3.240606892 0.8337936963 -5.364179006 0 136.7981248 2.007377687 -25.76321435 1


mesh: pSphereShape18 tranform: pSphere18 0.310125543 -0.0292341063 2.886081273 0 -0.2126071031 8.130986864 0.1052073725 0 -3.297093733 -0.09078391729 0.3533715447 0 138.3862273 27.67616293 -11.51070555 1


mesh: pSphereShape19 tranform: pSphere19 0.2262725014 0.006309391729 1.949901911 0 -2.617790037 9.408089793 0.2733340447 0 -2.187706427 -0.6161603425 0.2558617948 0 140.5020614 11.40071604 -11.39557802 1


mesh: pSphereShape20 tranform: pSphere20 1.092410938 0.3409113255 2.357683524 0 -0.06701094297 1.844600536 -0.235672736 0 -5.401312696 0.1212868704 2.485110892 0 138.04485 2.018613097 -10.18027237 1


mesh: pSphereShape21 tranform: pSphere21 -0.8226410214 0.02168695502 5.938856099 0 1.805562387 2.759903808 0.24002531 0 -4.968339803 3.311251926 -0.7002983458 0 139.1842668 37.7933525 -15.21027364 1


