mesh: pSphereShape1 tranform: pSphere1 -1.288682633 2.9857551 0.7344612772 0 -1.279058999 -0.2011696069 -1.426430461 0 -2.20670683 -1.490901985 2.188983256 0 -96.86224085 29.64118025 -21.10048527 1


mesh: pSphereShape2 tranform: pSphere2 -2.497659605 5.273476723 0.8655615985 0 -1.719936829 -0.3777568321 -2.661537762 0 -2.18631485 -1.297622688 1.597012571 0 -99.60366125 36.89759263 -19.10992319 1


mesh: pSphereShape3 tranform: pSphere3 -3.017650578 5.688847699 1.730114665 0 -1.634540183 -0.08803216537 -2.561488922 0 -2.153832868 -1.576973489 1.428603002 0 -103.8946693 46.5361044 -16.93215764 1


mesh: pSphereShape4 tranform: pSphere4 -0.850134226 0.2943506034 4.004208325 0 -0.1749463579 3.359830313 -0.284125069 0 -3.823737618 -0.2660994975 -0.7922573991 0 -107.2965039 52.59488248 -12.65260254 1


mesh: pSphereShape5 tranform: pSphere5 -1.212763842 0.3262472646 4.051090186 0 -0.1579464577 3.127497133 -0.2991513597 0 -3.838662628 -0.3014603117 -1.124892418 0 -109.1876827 53.54380153 -6.28099745 1


mesh: pSphereShape6 tranform: pSphere6 -3.019792857 -4.877589577 1.9236761 0 -1.036378953 1.329766273 1.744786637 0 -1.796265913 0.5315312147 -1.472056476 0 -112.6286274 47.84558014 -2.803115282 1


mesh: pSphereShape7 tranform: pSphere7 -5.667438665 0.2668662275 -0.6288349447 0 -0.09486624997 1.661137617 1.559948585 0 0.3239550815 1.973732476 -2.082061478 0 -121.058595 44.01144588 -2.767455671 1


mesh: pSphereShape8 tranform: pSphere8 -3.881939904 -1.346166273 -1.263799665 0 -0.4272657202 0.7251675998 0.5399777371 0 0.1152058974 1.602067884 -2.060351964 0 -128.7238467 43.88114228 -4.497994254 1


mesh: pSphereShape10 tranform: pSphere10 -0.5621521884 0.3034276655 4.116995325 0 0.3920047294 3.486840032 -0.2034584323 0 -4.989928081 0.5189992375 -0.7195970565 0 -107.75347 62.83070344 -10.22482827 1


mesh: pSphereShape11 tranform: pSphere11 -0.1514036671 0.08535638813 0.9847797808 0 -2.118351191 3.207241586 -0.6036727273 0 -2.147648523 -1.456881058 -0.203911332 0 -109.4094457 58.5954717 -10.7946906 1


mesh: pSphereShape12 tranform: pSphere12 -1.291837861 0.4697797427 7.052373857 0 0.05341773112 3.756220565 -0.2404281618 0 -5.826834638 0.01448375942 -1.068311171 0 -107.9905247 48.69862035 -9.920136725 1


mesh: pSphereShape13 tranform: pSphere13 -0.7622607431 0.06020043734 4.915518919 0 0.007653170676 4.696967175 -0.05633703605 0 -4.391201596 -0.001012482475 -0.6809412587 0 -109.0915052 43.6303212 -9.688265244 1


mesh: pSphereShape14 tranform: pSphere14 -0.5377549241 0.06397201083 5.001588819 0 0.1316388433 5.484987916 -0.0560014588 0 -4.312018482 0.09874138612 -0.4648774501 0 -109.4138268 39.23561582 -9.62714987 1


mesh: pSphereShape15 tranform: pSphere15 0.3454478929 0.1407073077 3.425673901 0 4.582584424 7.272033086 -0.7608057292 0 -3.593179662 2.292355329 0.2681823264 0 -114.1801498 27.1997869 -12.7502483 1


mesh: pSphereShape16 tranform: pSphere16 0.2434363377 0.1742264803 2.25576009 0 1.591395311 8.042267564 -0.7928943446 0 -1.843104483 0.3814172076 0.1694442727 0 -121.0060647 12.89244601 -12.06721358 1


mesh: pSphereShape17 tranform: pSphere17 -0.1967616375 0.1327684045 2.540476329 0 0.2060092682 2.350843969 -0.1069024257 0 -6.279289336 0.5268991433 -0.5138716687 0 -127.5020091 2.86218034 -11.79129449 1


mesh: pSphereShape18 tranform: pSphere18 0.305568062 -0.225128511 2.877923368 0 0.3184770876 8.106012976 0.6002863816 0 -3.296231336 0.1029912145 0.3580391651 0 -109.8657708 25.39524706 -6.059812571 1


mesh: pSphereShape19 tranform: pSphere19 0.306241453 -0.216994244 1.926781302 0 -8.450608962 4.53751327 1.854149729 0 -1.090701223 -2.009662396 -0.05297292696 0 -103.9189094 12.84601102 -7.700393173 1


mesh: pSphereShape20 tranform: pSphere20 0.5318862378 0.213414299 2.557304275 0 -1.49927824 1.079621447 0.2217330232 0 -3.30907992 -4.819296461 1.090429822 0 -98.56906996 4.156009582 -9.249874743 1


mesh: pSphereShape21 tranform: pSphere21 -0.6408821224 0.07624015372 5.960761518 0 2.169843673 2.487150914 0.2014831908 0 -4.490618399 3.960928482 -0.5334786231 0 -108.3846541 35.27007964 -9.371152594 1


