mesh: pSphereShape1 tranform: pSphere1 2.112261155 2.579259169 -0.02539217681 0 -0.9774902353 0.7861129484 -1.462089008 0 -2.013435575 1.670981791 2.244524115 0 40.39637264 35.51385732 -27.14880026 1


mesh: pSphereShape2 tranform: pSphere2 2.970540271 5.09524497 0.1068939843 0 -2.623143193 1.549241642 -0.9505978653 0 -0.7988820642 0.4056329145 2.865570764 0 45.39144532 41.78029137 -26.93973519 1


mesh: pSphereShape3 tranform: pSphere3 1.11377387 6.369129065 1.629786068 0 -2.717813878 0.7637383161 -1.127336809 0 -1.258410292 -0.4740735114 2.71263816 0 49.17263994 51.43262844 -25.80827848 1


mesh: pSphereShape4 tranform: pSphere4 1.069659301 0.2483846971 3.954388551 0 -0.6338902383 3.316115197 -0.03682634565 0 -3.706589229 -0.6969104938 1.046404392 0 50.4169068 57.89502611 -21.46229891 1


mesh: pSphereShape5 tranform: pSphere5 0.8648507955 0.2413959156 4.14515696 0 -0.6104050933 3.085505478 -0.05233072992 0 -3.84923591 -0.747134955 0.8466193437 0 51.68854805 58.70799705 -14.91045761 1


mesh: pSphereShape6 tranform: pSphere6 -0.1847435492 -5.249690823 3.002861103 0 -1.368507163 1.030820327 1.717916668 0 -1.965945824 -0.6154058244 -1.19682063 0 51.91110885 52.52928292 -10.46897309 1


mesh: pSphereShape7 tranform: pSphere7 -2.970785192 -4.377679355 2.144031436 0 -1.168676709 1.442140545 1.325233102 0 -1.972151841 0.3173965642 -2.084567896 0 48.24248412 43.42838669 -6.764088185 1


mesh: pSphereShape8 tranform: pSphere8 0.2346686343 -4.275780094 0.3760928958 0 -0.5830825083 0.03937351986 0.8114582642 0 -2.117598826 -0.2489983778 -1.509542692 0 45.21604541 36.42697071 -4.549786231 1


mesh: pSphereShape10 tranform: pSphere10 0.1682713848 -0.08125455332 4.162068761 0 0.4252948944 3.48850238 0.05091019731 0 -5.026783754 0.609692269 0.2151343929 0 51.23183943 68.08707137 -18.18231763 1


mesh: pSphereShape11 tranform: pSphere11 0.09679911842 -0.02659200762 0.9949486398 0 -2.17403261 3.213000844 0.2973867908 0 -2.144119198 -1.466468594 0.1694082462 0 49.37335182 63.88865458 -18.64115994 1


mesh: pSphereShape12 tranform: pSphere12 1.347532004 0.3971924247 7.046411198 0 -0.4398947396 3.736354606 -0.1264870131 0 -5.777533893 -0.641582548 1.141040925 0 51.44684531 53.97969748 -18.86515991 1


mesh: pSphereShape13 tranform: pSphere13 0.9219208587 0.3322289455 4.877158767 0 -0.8178226315 4.622791356 -0.1603100067 0 -4.297625604 -0.7304002318 0.8621271087 0 51.2026058 48.79604095 -18.3070752 1


mesh: pSphereShape14 tranform: pSphere14 0.8879937249 0.3115079962 4.94202321 0 -0.8799082791 5.412744443 -0.1830748475 0 -4.212961125 -0.6578624389 0.7984609309 0 51.6843439 44.41056676 -18.11958403 1


mesh: pSphereShape15 tranform: pSphere15 0.6910487749 0.3942487833 3.352818808 0 -0.3644281296 8.570800692 -0.9327047811 0 -4.179923873 -0.0829142434 0.8712728837 0 51.52258752 30.87079438 -21.27497672 1


mesh: pSphereShape16 tranform: pSphere16 0.43572611 0.3125393596 2.211454635 0 -2.683369425 7.766285492 -0.5688815647 0 -1.749637983 -0.573339306 0.425762318 0 53.43758834 15.0157242 -20.49670214 1


mesh: pSphereShape17 tranform: pSphere17 0.08756805222 0.3052863146 2.531697982 0 -1.011929916 2.12308427 -0.2210120815 0 -5.708703664 -2.666918191 0.5190483604 0 52.83429909 3.08203241 -19.6555251 1


mesh: pSphereShape18 tranform: pSphere18 0.180177544 -0.01778817614 2.897191266 0 3.540126116 7.321613672 -0.1752086863 0 -2.979495426 1.445283825 0.1941698286 0 49.00246828 31.40644589 -14.08941074 1


mesh: pSphereShape19 tranform: pSphere19 0.1583834672 -0.06762396094 1.95542788 0 -2.764163014 9.354115076 0.5473789372 0 -2.185939583 -0.6549855606 0.1544030211 0 47.02045185 16.16437385 -13.87443661 1


mesh: pSphereShape20 tranform: pSphere20 0.7580595898 0.1743070324 2.502641905 0 -0.3903943809 1.819369067 -0.008465701223 0 -5.554202924 -1.183591152 1.764825021 0 44.77809909 5.907231879 -13.58310441 1


mesh: pSphereShape21 tranform: pSphere21 1.058287479 0.3712470064 5.889772797 0 1.653805684 2.823808572 -0.4751511517 0 -5.096455713 3.105961293 0.7199660467 0 53.44089182 40.70050586 -18.10558629 1


