mesh: pSphereShape1 tranform: pSphere1 1.238411576 3.073547648 0.3667580103 0 -1.238524565 0.6567062285 -1.321347353 0 -2.309148986 0.6345125325 2.479761333 0 -44.05883876 34.55287512 -22.56603641 1


mesh: pSphereShape2 tranform: pSphere2 1.516187882 5.669989919 0.5911393697 0 -2.776095606 0.8785249474 -1.306198025 0 -1.263992658 0.05412639828 2.722799903 0 -41.00108749 41.88503262 -21.50939476 1


mesh: pSphereShape3 tranform: pSphere3 0.4374322344 6.43568245 1.689125321 0 -2.631386583 0.5512069873 -1.418686815 0 -1.502835303 -0.5712085108 2.565532076 0 -38.95310602 52.19811718 -19.86736944 1


mesh: pSphereShape4 tranform: pSphere4 0.7554611064 0.2637920551 4.025263601 0 -0.5508706106 3.329137884 -0.1147847319 0 -3.793752386 -0.6018409337 0.7514522107 0 -38.46808509 58.73687738 -15.4664088 1


mesh: pSphereShape5 tranform: pSphere5 0.299103566 0.2662391507 4.222347556 0 -0.5240364434 3.097746542 -0.1582058868 0 -3.945251169 -0.6510365971 0.3205255149 0 -37.94112173 59.589416 -8.843208176 1


mesh: pSphereShape6 tranform: pSphere6 -0.5198786906 -5.411673857 2.6559501 0 -0.9168673479 1.060059142 1.980471904 0 -2.196263245 -0.2281035229 -0.8946750664 0 -38.28935373 53.29422655 -4.615276945 1


mesh: pSphereShape7 tranform: pSphere7 -2.47903427 -4.457915285 2.562789962 0 -0.814403176 1.383981491 1.619617262 0 -2.387613785 0.4275280512 -1.565907711 0 -41.99445481 44.1203109 -0.6951928852 1


mesh: pSphereShape8 tranform: pSphere8 0.316710562 -4.122637944 1.175738683 0 -0.7129063565 0.1411334551 0.6869103834 0 -1.821872296 -0.641609667 -1.75899474 0 -44.69651119 37.14741022 1.980591883 1


mesh: pSphereShape10 tranform: pSphere10 0.08864902904 -0.03945455562 4.165131285 0 0.3433791275 3.497790776 0.02582476928 0 -5.042792608 0.4942254108 0.1120104219 0 -38.08208242 68.94463944 -12.3049417 1


mesh: pSphereShape11 tranform: pSphere11 0.0564850287 0.004931526184 0.9983912668 0 -2.254558334 3.169018155 0.1119007146 0 -2.116479889 -1.510234751 0.1272018233 0 -39.83177438 64.70107217 -12.84290257 1


mesh: pSphereShape12 tranform: pSphere12 0.8413273303 0.4356853473 7.12234945 0 -0.3474931693 3.743497845 -0.1879480455 0 -5.857753871 -0.5074519161 0.7229886466 0 -37.73481457 54.82546347 -12.76466913 1


mesh: pSphereShape13 tranform: pSphere13 0.673061051 0.3915681871 4.91331405 0 -0.7018036535 4.636536675 -0.2733722172 0 -4.352480416 -0.6207368482 0.6457038596 0 -38.12768877 49.65730974 -12.15410971 1


mesh: pSphereShape14 tranform: pSphere14 0.7159720215 0.4656931566 4.957789572 0 -0.7785933773 5.416847567 -0.396373775 0 -4.24961713 -0.5620505155 0.6664966308 0 -37.73696956 45.26889147 -11.81390364 1


mesh: pSphereShape15 tranform: pSphere15 0.7409547604 0.3717227477 3.344724609 0 0.2069275439 8.568679704 -0.9981381137 0 -4.16941736 0.2056193812 0.9007965054 0 -38.32650258 31.55124718 -14.60354523 1


mesh: pSphereShape16 tranform: pSphere16 0.4363929085 0.3660031544 2.203105222 0 -3.7612766 7.312413712 -0.4697787648 0 -1.641687938 -0.8148447972 0.4605575485 0 -36.1082405 16.14109918 -13.83482333 1


mesh: pSphereShape17 tranform: pSphere17 0.06547783573 0.1269496091 2.547539798 0 -1.543774199 1.787360404 -0.04938949782 0 -4.782680488 -4.121811637 0.3283253688 0 -34.52984581 3.863782804 -13.3357165 1


mesh: pSphereShape18 tranform: pSphere18 0.4297791361 0.1851881793 2.864872219 0 3.317164441 7.36326976 -0.9735996496 0 -2.988785201 1.393824193 0.3582699955 0 -40.15891209 32.44556113 -6.627026762 1


mesh: pSphereShape19 tranform: pSphere19 0.3528753825 0.03073714093 1.930774639 0 -5.654520157 7.914710425 0.9074416856 0 -1.819235244 -1.340286507 0.3538268496 0 -39.65951762 18.2845352 -5.788438915 1


mesh: pSphereShape20 tranform: pSphere20 1.104178842 0.7981709065 2.238742075 0 -1.026474939 1.551366894 -0.04683166122 0 -4.280842402 -2.739237337 3.087981967 0 -38.08598423 7.937985159 -4.715186104 1


mesh: pSphereShape21 tranform: pSphere21 0.8532765544 0.5550008103 5.908562732 0 1.718566996 2.778843967 -0.5092056587 0 -5.064191712 3.210682458 0.4297533603 0 -36.04679115 41.53357292 -11.61166453 1


