mesh: pSphereShape1 tranform: pSphere1 0.5816629299 3.240188437 -0.5269885593 0 0.5419563103 0.2015820757 1.837610682 0 3.252952614 -0.7270173407 -0.8796229514 0 -144.3800745 31.20065116 -11.34446025 1


mesh: pSphereShape2 tranform: pSphere2 1.388527461 5.726570427 -0.2746629984 0 0.8722907437 -0.06430018772 3.069143288 0 2.800239689 -0.7178703627 -0.8109045836 0 -142.9924501 38.96389048 -12.76674958 1


mesh: pSphereShape3 tranform: pSphere3 2.45486696 6.170990262 -0.5958248892 0 0.70718071 0.004130580554 2.956446372 0 2.72547244 -1.147004668 -0.6503293136 0 -140.1692827 49.28918762 -13.60524122 1


mesh: pSphereShape4 tranform: pSphere4 2.070511197 0.1005193931 -3.542024 0 0.6176166328 3.288147252 0.4543460801 0 3.302669501 -0.8836430011 1.905518123 0 -136.2167427 55.46708542 -16.48994226 1


mesh: pSphereShape5 tranform: pSphere5 2.525567192 0.07352124609 -3.406562797 0 0.5419441553 3.063175586 0.4678982774 0 3.147720447 -0.9103669483 2.314018161 0 -132.2552759 56.01493804 -21.86424071 1


mesh: pSphereShape6 tranform: pSphere6 1.481334019 -5.649152475 -1.58217716 0 1.911986504 0.8461016292 -1.230877622 0 1.345706955 -0.1950311529 1.956293069 0 -129.9315341 49.42970569 -24.78866032 1


mesh: pSphereShape7 tranform: pSphere7 3.261446574 -4.669506064 -0.3810398285 0 1.636380023 1.225448879 -1.011114653 0 1.150535155 0.5930067607 2.580728312 0 -125.2571439 39.91448202 -25.33402322 1


mesh: pSphereShape8 tranform: pSphere8 -0.1303226166 -4.293216348 -0.1735512939 0 0.8882439124 -0.008396260231 -0.4592953897 0 1.197474695 -0.1300623498 2.318206691 0 -121.9517293 32.692 -25.45170622 1


mesh: pSphereShape10 tranform: pSphere10 1.951817327 -0.163502778 -3.677146978 0 -0.05619218738 3.509332149 -0.1858675882 0 4.47687783 0.1970791321 2.367548751 0 -133.8918703 65.54115599 -19.10877797 1


mesh: pSphereShape11 tranform: pSphere11 0.4962439459 0.009027397275 -0.8681361946 0 2.126844373 3.009923821 1.2470456 0 1.755799013 -1.649383859 0.9864984229 0 -133.0054855 61.19860327 -17.60884331 1


mesh: pSphereShape12 tranform: pSphere12 3.879787397 0.1288122697 -6.046170048 0 0.4173006261 3.724943945 0.3471381349 0 4.942651644 -0.8476126151 3.15360873 0 -135.3070318 51.4721252 -19.00473125 1


mesh: pSphereShape13 tranform: pSphere13 2.588834403 0.05337215699 -4.247596924 0 0.7164238992 4.61592822 0.4946478963 0 3.733528054 -0.8222092501 2.265187343 0 -134.9935895 46.26994552 -19.13410209 1


mesh: pSphereShape14 tranform: pSphere14 2.53819594 -0.04929866783 -4.34330456 0 0.8235613055 5.40841865 0.4198950597 0 3.68848439 -0.7296521554 2.163805658 0 -135.4362129 41.8877315 -19.40727427 1


mesh: pSphereShape15 tranform: pSphere15 1.370122166 0.00336155975 -3.161823591 0 -0.9427423905 8.568143177 -0.399411885 0 3.890609376 0.5066952718 1.686467723 0 -136.977958 28.82576024 -15.40261043 1


mesh: pSphereShape16 tranform: pSphere16 0.9188027135 0.06810982801 -2.080680736 0 1.42397236 8.063162285 0.89275122 0 1.697719858 -0.3814443081 0.7372056076 0 -136.9749855 12.90106489 -14.72430555 1


mesh: pSphereShape17 tranform: pSphere17 0.9642119197 0.348273529 -2.336528085 0 -0.1687470911 2.339649906 0.2791022188 0 5.836022648 0.1312913614 2.427913425 0 -134.3722703 2.530457748 -13.82349805 1


mesh: pSphereShape18 tranform: pSphere18 1.308358795 0.3631064891 -2.565706246 0 -2.265682883 7.812389237 -0.0497316863 0 2.813338136 0.8257769444 1.551502892 0 -131.9374318 28.14403001 -22.90723581 1


mesh: pSphereShape19 tranform: pSphere19 0.8250625745 0.170967119 -1.7729632 0 5.65042976 7.241430408 3.327764852 0 1.599082403 -1.522262188 0.5973537768 0 -133.3647092 13.98863565 -25.68099318 1


mesh: pSphereShape20 tranform: pSphere20 -0.05804096654 1.060639578 -2.395814834 0 0.692895138 1.585308294 0.6850380892 0 5.517593707 -1.975849046 -1.008387683 0 -134.1895412 4.693665405 -28.98706147 1


mesh: pSphereShape21 tranform: pSphere21 3.024954916 -0.05875285089 -5.176235717 0 -1.423332403 2.856921071 -0.8642126929 0 4.49938726 3.026616331 2.595055946 0 -136.9503033 38.19290811 -20.35912446 1


