mesh: pSphereShape1 tranform: pSphere1 2.163663589 2.493228644 0.4660907797 0 -0.8956754305 1.031239774 -1.358482627 0 -2.075974607 1.353599624 2.396265625 0 12.6509465 32.12496572 -26.58613389 1


mesh: pSphereShape2 tranform: pSphere2 3.007102159 4.962497049 1.062081339 0 -2.5697296 1.72412487 -0.7800957607 0 -0.9094451197 -0.06115203471 2.860667128 0 17.71238342 38.17727841 -25.16650529 1


mesh: pSphereShape3 tranform: pSphere3 1.102969818 5.995044491 2.702850169 0 -2.663837346 0.9805147653 -1.087776705 0 -1.36992424 -0.8962347568 2.546923396 0 21.52824477 47.45237756 -22.30953514 1


mesh: pSphereShape4 tranform: pSphere4 0.7276353879 -0.6174756394 3.991531706 0 -1.009680517 3.151094385 0.671522486 0 -3.669865232 -1.276395737 0.4715434265 0 22.37519253 52.84597439 -16.86465709 1


mesh: pSphereShape5 tranform: pSphere5 0.5540030693 -0.6853088283 4.148734448 0 -0.8580449388 2.965484203 0.6044330063 0 -3.823587283 -1.170975628 0.3171567551 0 23.12478705 52.18803355 -10.21062254 1


mesh: pSphereShape6 tranform: pSphere6 1.741520968 -5.579780547 1.563237821 0 -1.019108364 0.2932935101 2.182209234 0 -2.050464457 -0.8752950802 -0.8399410488 0 25.18224425 45.3373446 -7.351332014 1


mesh: pSphereShape7 tranform: pSphere7 0.4223524726 -5.388350921 1.836791968 0 -1.11209448 0.5638317534 1.909753125 0 -2.511594242 -0.6318368484 -1.276018551 0 26.25896434 34.91067536 -5.057234484 1


mesh: pSphereShape8 tranform: pSphere8 2.541608144 -3.46068891 0.2065695066 0 -0.6178929909 -0.41389117 0.6685075551 0 -1.354027888 -1.110158592 -1.938839988 0 27.7890948 27.22237928 -3.830328361 1


mesh: pSphereShape10 tranform: pSphere10 -0.171154844 -0.7400161535 4.096439435 0 0.4946893894 3.420612769 0.6385977947 0 -5.013417643 0.7392162759 -0.0759290438 0 23.18823735 62.1430897 -11.5921067 1


mesh: pSphereShape11 tranform: pSphere11 0.0291776276 -0.2706389442 0.9622386544 0 -2.029153589 3.179210493 0.9557130705 0 -2.219812162 -1.325014735 -0.3053626404 0 21.33284692 58.16099628 -12.65364645 1


mesh: pSphereShape12 tranform: pSphere12 0.7538728593 -1.202267432 7.043560451 0 -0.8941531196 3.587344588 0.7080261992 0 -5.72075863 -1.496347867 0.3568812074 0 23.680108 48.53892929 -15.16399086 1


mesh: pSphereShape13 tranform: pSphere13 0.3150100368 -0.597539616 4.928560324 0 -1.372466296 4.448357964 0.6270412789 0 -4.240449474 -1.323898472 0.1105195684 0 24.03609299 43.37465879 -15.78313481 1


mesh: pSphereShape14 tranform: pSphere14 0.1249662842 -0.1566202337 5.026829719 0 -1.434703166 5.292160471 0.2005536272 0 -4.185813787 -1.137373416 0.06862176053 0 24.99024564 39.11026138 -16.1248398 1


mesh: pSphereShape15 tranform: pSphere15 0.2085184744 0.1134070359 3.437736663 0 -1.059696167 8.561006308 -0.218141235 0 -4.230358108 -0.5166684832 0.2736398254 0 26.86816619 25.56336022 -20.01033388 1


mesh: pSphereShape16 tranform: pSphere16 -0.09209584145 0.286374559 2.255565931 0 -7.478976601 3.371394455 -0.7334142713 0 -0.7879188727 -1.707721824 0.184647244 0 33.72082043 13.50743544 -19.95722274 1


mesh: pSphereShape17 tranform: pSphere17 -0.586947858 -0.3046181559 2.464358448 0 -2.291482932 0.2548962466 -0.5142656803 0 -0.4945649303 -6.2398771 -0.8891010491 0 43.08831304 5.011633422 -19.77989216 1


mesh: pSphereShape18 tranform: pSphere18 -0.1479999667 0.03856258302 2.898811228 0 4.155547919 6.991884033 0.119150858 0 -2.846677357 1.694751738 -0.1678833564 0 21.93884684 26.7316768 -12.27772341 1


mesh: pSphereShape19 tranform: pSphere19 -0.06591088756 -0.03946188159 1.961493061 0 -2.472519857 9.450654789 0.1070483736 0 -2.211379532 -0.5775770592 -0.08592753578 0 19.00421494 11.80692029 -12.07508276 1


mesh: pSphereShape20 tranform: pSphere20 0.4699844312 0.2589522588 2.565211911 0 -0.05155260512 1.851602022 -0.1774697842 0 -5.848092175 -0.05955188964 1.077467853 0 16.21927105 2.280274848 -11.91403487 1


mesh: pSphereShape21 tranform: pSphere21 0.1489315186 -0.1866558599 5.990842956 0 1.384073135 3.002595595 0.0591435882 0 -5.457625338 2.511527096 0.2139271032 0 27.12398768 35.60416513 -16.19297506 1


