mesh: pSphereShape1 tranform: pSphere1 -0.8031818468 3.122082776 0.8499222735 0 -1.555940022 -0.09207735368 -1.132138421 0 -1.855214929 -1.197891979 2.647116135 0 -2.251150878 29.87892081 -25.02637373 1


mesh: pSphereShape2 tranform: pSphere2 -1.936761889 5.459399808 1.113985751 0 -2.307784937 -0.3754989037 -2.172048673 0 -1.824474475 -1.080922976 2.125357576 0 -3.963132892 37.40210847 -22.86699278 1


mesh: pSphereShape3 tranform: pSphere3 -2.673786179 5.78330054 1.966418633 0 -2.130584466 -0.2528181972 -2.153459905 0 -1.785990325 -1.485842692 1.941457699 0 -7.490771304 47.24170195 -20.3882261 1


mesh: pSphereShape4 tranform: pSphere4 -0.9141739834 0.01633997973 4.000884117 0 -0.8773427338 3.253363198 -0.2137537018 0 -3.677627322 -1.04668476 -0.836037314 0 -10.94561622 53.0298448 -15.92765627 1


mesh: pSphereShape5 tranform: pSphere5 -1.351850675 -0.03857306178 4.019897633 0 -0.8256105064 3.025266042 -0.2486153723 0 -3.653544963 -1.098907629 -1.239194604 0 -13.10891774 53.40005376 -9.591843588 1


mesh: pSphereShape6 tranform: pSphere6 -1.705470931 -5.204959192 2.571055704 0 -0.892955975 1.227528539 1.892734369 0 -2.110983758 0.1512788959 -1.094033455 0 -15.09869665 47.26378106 -5.483856813 1


mesh: pSphereShape7 tranform: pSphere7 -5.399962918 1.726986403 -0.6666561617 0 0.3055922527 1.57957252 1.616595622 0 0.852613617 1.890633289 -2.008507546 0 -22.19343789 44.39477151 -4.797800622 1


mesh: pSphereShape8 tranform: pSphere8 -3.998209188 0.5102814827 -1.494237847 0 -0.1261241267 0.7855907202 0.6057556644 0 0.9012463669 1.586423575 -1.869748472 0 -29.3159521 46.77350718 -6.598232407 1


mesh: pSphereShape10 tranform: pSphere10 -0.6201578448 0.2022966699 4.114877184 0 0.1778517038 3.507175655 -0.1456164546 0 -5.005162524 0.2220429718 -0.7652499008 0 -12.19910859 63.10494641 -13.34474677 1


mesh: pSphereShape11 tranform: pSphere11 -0.1652074748 0.05603742336 0.9846655765 0 -2.358690927 3.041583596 -0.568838693 0 -2.025120361 -1.616779783 -0.2477641684 0 -13.61293291 58.74887067 -13.99123756 1


mesh: pSphereShape12 tranform: pSphere12 -1.354116408 0.03469172967 7.056251153 0 -0.7561908922 3.683935977 -0.1632272691 0 -5.694809317 -1.217113816 -1.086867628 0 -10.80192222 49.01497162 -13.28148487 1


mesh: pSphereShape13 tranform: pSphere13 -0.7140090703 -0.3354302708 4.911687018 0 -1.039995949 4.57788981 0.1614508976 0 -4.28621003 -0.949471279 -0.6879253981 0 -10.76678964 43.82270138 -13.21507447 1


mesh: pSphereShape14 tranform: pSphere14 -0.4470545105 -0.2133982329 5.006372634 0 -0.9413251615 5.403523814 0.1462693307 0 -4.25638888 -0.7303563322 -0.4112148152 0 -10.18003833 39.48440342 -13.31896787 1


mesh: pSphereShape15 tranform: pSphere15 0.7412791156 0.1761706182 3.360631437 0 4.542623971 7.205710546 -1.379736769 0 -3.512772819 2.339404708 0.6522020625 0 -14.13685303 27.51546454 -15.59063663 1


mesh: pSphereShape16 tranform: pSphere16 0.5003454028 0.1609518126 2.214005124 0 2.385089979 7.80553676 -1.106449154 0 -1.760426393 0.5882553919 0.3550761795 0 -21.68664853 13.47572685 -13.91085401 1


mesh: pSphereShape17 tranform: pSphere17 0.2627022489 0.4871933551 2.490781551 0 0.8127327575 2.159097281 -0.5080351471 0 -5.900519844 2.263352438 0.1796181462 0 -29.19127394 5.054474696 -12.54443446 1


mesh: pSphereShape18 tranform: pSphere18 0.3755388433 -0.3707406621 2.8544736 0 -1.840743366 7.822900972 1.258213816 0 -3.202544831 -0.8045244392 0.3168395245 0 -7.24422289 26.22395605 -10.30143643 1


mesh: pSphereShape19 tranform: pSphere19 0.2995366172 -0.2585631248 1.922701079 0 -7.111799088 6.401993685 1.968877936 0 -1.528771847 -1.701160366 0.009396056389 0 0.1241502874 12.50095736 -12.77309193 1


mesh: pSphereShape20 tranform: pSphere20 0.6128863416 -0.0389070661 2.547765758 0 -0.9432998108 1.584207024 0.2511111609 0 -4.933815587 -3.11837125 1.139249752 0 2.720018288 3.339798819 -14.38137938 1


mesh: pSphereShape21 tranform: pSphere21 -0.5327877638 -0.2543223805 5.966462743 0 1.646655991 2.855002835 0.2687369971 0 -5.185790658 3.022426777 -0.334244111 0 -8.392910273 35.79021338 -13.22231564 1


