mesh: pSphereShape1 tranform: pSphere1 0.7737801079 3.12052793 0.8822922366 0 -1.242380039 0.6776293443 -1.307086572 0 -2.510211505 -0.0454868917 2.362363351 0 136.0278822 31.20677148 -26.01725514 1


mesh: pSphereShape2 tranform: pSphere2 0.6782699847 5.726329425 1.243446128 0 -2.353836291 0.7198785498 -2.031230111 0 -1.99780944 -0.2470657038 2.227546272 0 137.9160317 38.66106786 -23.76017278 1


mesh: pSphereShape3 tranform: pSphere3 -0.4483149385 6.329186277 2.050101142 0 -2.151834341 0.5221900784 -2.082696152 0 -2.128843521 -0.7984005558 1.999332329 0 138.568169 48.99027234 -21.12622485 1


mesh: pSphereShape4 tranform: pSphere4 0.2922729485 -0.1199475701 4.091850913 0 -0.5636107116 3.326132651 0.1377590987 0 -3.849009618 -0.6627938493 0.255498282 0 138.0304778 55.13934546 -16.31960145 1


mesh: pSphereShape5 tranform: pSphere5 -0.4052637466 -0.1678857959 4.218547234 0 -0.4471578305 3.112744547 0.0809209235 0 -3.952155038 -0.5572956269 -0.4018509416 0 137.6110127 55.33913387 -9.654330011 1


mesh: pSphereShape6 tranform: pSphere6 -1.474874138 -5.62704381 1.664837217 0 -1.168820804 0.8791118844 1.935887472 0 -2.005375313 0.1475673882 -1.277787405 0 136.0530394 48.68929768 -6.498928154 1


mesh: pSphereShape7 tranform: pSphere7 -3.353433093 -4.414053806 1.362764645 0 -0.9647404333 1.242733161 1.651274527 0 -1.991871757 0.9364040957 -1.86845954 0 130.8396017 39.5912323 -4.747246034 1


mesh: pSphereShape8 tranform: pSphere8 -0.246657983 -4.288543806 -0.1623653516 0 -0.674953491 0.01088779066 0.7377799408 0 -1.921792606 0.1771956091 -1.760755241 0 127.0698595 32.66141789 -3.845185692 1


mesh: pSphereShape10 tranform: pSphere10 0.2619845234 -0.1447502061 4.15549581 0 -0.3457551851 3.49470581 0.1435308616 0 -5.03352881 -0.5103048908 0.2995647127 0 136.4342481 64.87664351 -12.74805154 1


mesh: pSphereShape11 tranform: pSphere11 0.02025585443 -0.01268975197 0.9997142945 0 -2.703022542 2.797096919 0.09027228855 0 -1.871654548 -1.809188198 0.01495808618 0 135.594277 60.51408223 -13.57344576 1


mesh: pSphereShape12 tranform: pSphere12 -0.3584587966 -0.2687981303 7.171106605 0 -0.433022108 3.737420824 0.1184463141 0 -5.877224373 -0.6708348986 -0.3189273383 0 138.5479483 50.99007971 -13.93839917 1


mesh: pSphereShape13 tranform: pSphere13 -0.3542401697 -0.3130584617 4.952120766 0 -0.6389672327 4.647033244 0.248064471 0 -4.390993551 -0.5850204447 -0.3510843098 0 138.1418735 45.80705052 -14.04293428 1


mesh: pSphereShape14 tranform: pSphere14 -0.41769829 -0.1398693065 5.011499597 0 -0.5287828082 5.460239261 0.1083205124 0 -4.302887651 -0.4093607619 -0.370062051 0 138.3827089 41.42755244 -14.21774476 1


mesh: pSphereShape15 tranform: pSphere15 -1.097561411 -0.3067479877 3.25202077 0 1.650263953 8.362236006 1.345737131 0 -3.964911558 0.9828950541 -1.2454511 0 137.4962075 28.17606323 -19.78001803 1


mesh: pSphereShape16 tranform: pSphere16 -0.7370400547 -0.1232235929 2.149338876 0 -1.098566855 8.162359587 0.09124084722 0 -1.770039036 -0.2312953283 -0.6202329119 0 136.3860245 12.53072486 -22.26390516 1


mesh: pSphereShape17 tranform: pSphere17 -2.075227646 -0.5109580596 1.393812989 0 -0.1869574724 2.287276004 0.5601345369 0 -3.644185674 0.9459363571 -5.0790035 0 135.1896584 2.715438383 -26.59818386 1


mesh: pSphereShape18 tranform: pSphere18 0.4322567355 -0.2112336158 2.862696643 0 -0.4204731468 8.096640962 0.6609275559 0 -3.275750556 -0.2092316289 0.4791875141 0 139.3333637 27.61655224 -10.78345461 1


mesh: pSphereShape19 tranform: pSphere19 0.3057241813 -0.1101683537 1.9359112 0 -2.438137643 9.415265829 0.9208387096 0 -2.185969699 -0.5965123705 0.3112678983 0 141.5646774 11.34084652 -11.78096415 1


mesh: pSphereShape20 tranform: pSphere20 1.062784044 0.2027804174 2.38696962 0 -0.06042563289 1.855222035 -0.130702669 0 -5.432450905 -0.006494069022 2.419318186 0 138.9295286 1.890376888 -11.2326445 1


mesh: pSphereShape21 tranform: pSphere21 -0.4978017952 -0.1666925471 5.972572921 0 1.860096784 2.724221818 0.2310674161 0 -4.945193649 3.403478063 -0.3171818701 0 139.8862153 37.60958643 -14.10455252 1


