mesh: pSphereShape1 tranform: pSphere1 -1.795528457 2.768319978 0.4768142932 0 -1.36603658 -0.683861261 -1.173645105 0 -1.568900079 -1.480716298 2.688870255 0 114.4045442 31.87853722 -26.0061059 1


mesh: pSphereShape2 tranform: pSphere2 -3.356501093 4.835707011 0.3832691583 0 -1.61424102 -0.9146558315 -2.59659331 0 -1.94664378 -1.488658771 1.734566076 0 110.4705547 38.72469125 -24.67100209 1


mesh: pSphereShape3 tranform: pSphere3 -3.675116022 5.40378742 1.324803249 0 -1.642299362 -0.5019886314 -2.508297628 0 -1.925248092 -1.701903296 1.601153616 0 104.8330901 47.81341622 -23.27948967 1


mesh: pSphereShape4 tranform: pSphere4 -0.4762311698 0.2253214166 4.070072348 0 -0.4187389938 3.342108142 -0.2340167497 0 -3.857141219 -0.5128818248 -0.4229231002 0 101.1048646 53.54770288 -19.23977743 1


mesh: pSphereShape5 tranform: pSphere5 -0.9715212042 0.2249424052 4.122391608 0 -0.401986311 3.108728708 -0.2643667175 0 -3.870982036 -0.5754618496 -0.8808710336 0 99.63877091 54.33951669 -12.7485777 1


mesh: pSphereShape6 tranform: pSphere6 -2.698564564 -5.145313585 1.689395197 0 -1.029673355 1.153858088 1.869498429 0 -1.877423687 0.5364323399 -1.36512548 0 96.68981739 48.35028035 -9.470628314 1


mesh: pSphereShape7 tranform: pSphere7 -4.962196278 -2.702370294 0.8125976117 0 -0.5716779086 1.528769482 1.593067989 0 -1.23014095 1.649973153 -2.024818169 0 88.99377886 41.46865676 -8.255428601 1


mesh: pSphereShape8 tranform: pSphere8 -2.22662169 -3.644791244 -0.4862749029 0 -0.6031820738 0.2682735808 0.7511329255 0 -1.584521794 1.19468148 -1.699108875 0 82.57358662 36.81864476 -7.9429815 1


mesh: pSphereShape10 tranform: pSphere10 0.8092431211 0.1714610077 4.083314907 0 0.02478307404 3.511308959 -0.1523536927 0 -4.971536974 0.07769836354 0.9820109272 0 100.0414995 63.70082017 -16.49331917 1


mesh: pSphereShape11 tranform: pSphere11 0.08873448282 0.1013756674 0.9908830232 0 -2.466975517 3.007446488 -0.08676715229 0 -1.999699349 -1.630352819 0.3458737153 0 98.62467332 59.33520211 -16.97884641 1


mesh: pSphereShape12 tranform: pSphere12 -0.7101596551 0.3752739778 7.140053067 0 -0.2781824225 3.747267276 -0.2246209958 0 -5.878691926 -0.4699789685 -0.5600012936 0 100.9858712 49.60578325 -16.47950593 1


mesh: pSphereShape13 tranform: pSphere13 -0.3589710116 -0.02852796111 4.961584197 0 -0.4501111203 4.675692545 -0.005681425118 0 -4.411598344 -0.4250785812 -0.3216235948 0 100.364592 44.4518607 -16.19832893 1


mesh: pSphereShape14 tranform: pSphere14 -0.1767186039 -0.07224869833 5.027197445 0 -0.4219686215 5.470231408 0.06378253422 0 -4.322596061 -0.331613789 -0.1567159067 0 100.4828793 40.04330251 -16.20412701 1


mesh: pSphereShape15 tranform: pSphere15 0.7710728684 0.1428312388 3.355505974 0 3.464681543 7.82192189 -1.129110411 0 -3.792684014 1.794730466 0.7951385534 0 97.11464617 27.49711868 -18.99417874 1


mesh: pSphereShape16 tranform: pSphere16 0.5128461079 0.1777921545 2.209852601 0 0.403766319 8.192043135 -0.75278821 0 -1.838817075 0.1288921548 0.4163690218 0 92.35854705 12.406154 -17.86177363 1


mesh: pSphereShape17 tranform: pSphere17 0.2073444379 0.2467683328 2.531101785 0 -0.01811331112 2.351199569 -0.2277450503 0 -6.30117913 0.001442296356 0.5160434637 0 87.27160511 1.81434979 -16.81186343 1


mesh: pSphereShape18 tranform: pSphere18 0.2516983188 -0.1669577264 2.887086883 0 -0.693322782 8.087619229 0.5281443748 0 -3.292608491 -0.2998764452 0.2697103911 0 101.9001427 26.17854063 -12.69369573 1


mesh: pSphereShape19 tranform: pSphere19 0.2449111383 -0.1514675358 1.94176019 0 -7.876881938 5.599000359 1.430250205 0 -1.322484252 -1.865948048 0.02124905594 0 108.5392333 12.82812069 -13.93503648 1


mesh: pSphereShape20 tranform: pSphere20 0.6356868781 0.1534685454 2.537834389 0 -1.413119969 1.177162542 0.2827782624 0 -3.590096247 -4.592450177 1.176977401 0 113.0352511 3.362588577 -15.02910607 1


mesh: pSphereShape21 tranform: pSphere21 -0.2106085669 -0.08610409139 5.991281203 0 1.919111139 2.690814928 0.1061327953 0 -4.891050349 3.493138358 -0.1217308245 0 101.9193318 36.1989791 -16.11473971 1


