mesh: pSphereShape1 tranform: pSphere1 -0.8592879658 3.156138554 -0.6444248833 0 1.535909248 0.6191381193 0.9842843924 0 1.881598801 -0.07728931545 -2.887490913 0 -138.0693828 31.49745414 -10.19394204 1


mesh: pSphereShape2 tranform: pSphere2 -0.7738326636 5.745122934 -1.091697124 0 2.916556715 0.6100194215 1.142908313 0 1.153412864 -0.3667481845 -2.747613683 0 -140.2106987 39.03331777 -11.88355038 1


mesh: pSphereShape3 tranform: pSphere3 0.01360221214 6.28560808 -2.225633832 0 2.732508583 0.4393175989 1.25741547 0 1.326596494 -0.910947357 -2.564578835 0 -141.2314949 49.3670285 -14.40089248 1


mesh: pSphereShape4 tranform: pSphere4 -1.494057639 0.04672627076 -3.8221281 0 0.8035774319 3.267857023 -0.2741656482 0 3.524400793 -0.9832548436 -1.389697472 0 -141.8809562 55.57946437 -19.25579284 1


mesh: pSphereShape5 tranform: pSphere5 -0.8983246364 -0.02337683261 -4.145000782 0 0.701264198 3.061904631 -0.1692497963 0 3.817070095 -0.9196593796 -0.8220672471 0 -143.4475992 56.00406183 -25.73268407 1


mesh: pSphereShape6 tranform: pSphere6 -0.3782426462 -5.578684056 -2.312093301 0 0.4778958213 0.8830141929 -2.208742085 0 2.331019507 -0.3149001724 0.378461191 0 -144.2664011 49.44101465 -29.5179416 1


mesh: pSphereShape7 tranform: pSphere7 1.605837662 -4.742844991 -2.741025133 0 0.4772674757 1.234900882 -1.857162606 0 2.703869433 0.3712374895 0.9417109935 0 -142.0164642 39.84350248 -33.52266606 1


mesh: pSphereShape8 tranform: pSphere8 -0.6190300013 -4.243986943 -0.290150531 0 0.3234175135 0.01750821661 -0.9460943792 0 2.443262688 -0.4129546555 0.8275747759 0 -140.3917146 32.55061223 -36.2250058 1


mesh: pSphereShape10 tranform: pSphere10 0.02810637631 0.1380475602 -4.163878821 0 0.556441122 3.468341044 0.1187439846 0 5.004155102 -0.803083388 0.007153177439 0 -140.2752431 65.31272851 -22.10169754 1


mesh: pSphereShape11 tranform: pSphere11 -0.08731848106 0.01449305382 -0.9960750144 0 2.952656379 2.524028034 -0.2221123839 0 1.679941632 -1.980723509 -0.1760878261 0 -139.6845895 60.78079605 -21.92460951 1


mesh: pSphereShape12 tranform: pSphere12 -1.997937617 -0.001329844276 -6.901721423 0 0.6309401409 3.70650041 -0.1833612272 0 5.603044933 -1.034010354 -1.621792373 0 -143.3844359 51.5659976 -21.43935862 1


mesh: pSphereShape13 tranform: pSphere13 -1.409969062 -0.07341675297 -4.770072222 0 0.8623966989 4.605958853 -0.325803706 0 4.182637752 -0.8696416208 -1.222946591 0 -143.3475657 46.36758091 -21.61089625 1


mesh: pSphereShape14 tranform: pSphere14 -1.489960473 -0.1011071528 -4.804056476 0 0.8222701279 5.412330146 -0.3689330649 0 4.092184713 -0.7072057614 -1.254292063 0 -143.8291953 42.00316329 -21.39554829 1


mesh: pSphereShape15 tranform: pSphere15 -2.146080167 0.229189616 -2.686296057 0 0.3811009789 8.60994351 0.430122507 0 3.335923572 -0.01445860568 -2.666300745 0 -143.3506284 28.61167748 -17.90394154 1


mesh: pSphereShape16 tranform: pSphere16 -1.38659568 0.2332768937 -1.78913499 0 2.919283198 7.595980544 -1.272066522 0 1.340364866 -0.7044730738 -1.130647734 0 -145.2479909 12.91434403 -16.99420961 1


mesh: pSphereShape17 tranform: pSphere17 -2.108687254 0.6102212111 -1.300550156 0 0.6045101615 2.281822385 0.09049520025 0 3.170711656 -0.6244927247 -5.433944957 0 -146.3343456 2.521356067 -19.30227312 1


mesh: pSphereShape18 tranform: pSphere18 -0.05588603034 0.2626961808 -2.890391853 0 -1.769708527 7.903859267 0.7525677272 0 3.237133303 0.7244981883 0.003256436349 0 -144.01802 28.28412644 -25.43932779 1


mesh: pSphereShape19 tranform: pSphere19 -0.06311772439 0.1832141269 -1.953408624 0 1.301591305 9.643740504 0.8624493589 0 2.265593038 -0.2967455089 -0.1010372555 0 -142.8769083 12.16823721 -27.36270682 1


mesh: pSphereShape20 tranform: pSphere20 -0.1567071108 -0.4801158544 -2.571611447 0 -0.0338507641 1.829263703 -0.3394579112 0 5.935193135 0.04128490548 -0.3693825935 0 -138.9997821 2.822045947 -27.75785455 1


mesh: pSphereShape21 tranform: pSphere21 -1.775695558 -0.1204968356 -5.725347686 0 -1.62137769 2.847750712 0.4429299934 0 4.92756484 3.053223974 -1.592524913 0 -145.5238317 38.29865876 -20.89051136 1


