mesh: pSphereShape1 tranform: pSphere1 0.9179313919 3.097881371 0.8218289234 0 -1.412735862 0.7104891025 -1.100248888 0 -2.142897884 -0.08108941052 2.699148871 0 134.1015548 31.55807322 -26.90862289 1


mesh: pSphereShape2 tranform: pSphere2 0.8965345803 5.696763383 1.241035791 0 -2.612213214 0.7732237863 -1.662267511 0 -1.663292699 -0.2793492443 2.483881602 0 136.3548465 38.95525249 -24.80377708 1


mesh: pSphereShape3 tranform: pSphere3 -0.05377266508 6.290538267 2.211048781 0 -2.420498429 0.591360392 -1.741314737 0 -1.831454179 -0.813381207 2.26956704 0 137.5011591 49.22769519 -22.09657383 1


mesh: pSphereShape4 tranform: pSphere4 0.7301437319 -0.2368793483 4.031604283 0 -0.4932199331 3.32796951 0.2848614623 0 -3.808891617 -0.6204195298 0.6533562276 0 137.6281949 55.25804735 -17.13597917 1


mesh: pSphereShape5 tranform: pSphere5 0.02348533368 -0.2969837553 4.230817202 0 -0.4351674545 3.107677498 0.2205601759 0 -3.972802348 -0.5551103463 -0.01691308393 0 137.886046 55.25463261 -10.45951273 1


mesh: pSphereShape6 tranform: pSphere6 -0.7722641094 -5.712366993 1.839301553 0 -0.9486656215 0.7995991458 2.085021541 0 -2.171592238 -0.0218593403 -0.9796715045 0 137.1559649 48.45707517 -7.161239442 1


mesh: pSphereShape7 tranform: pSphere7 -2.567949463 -4.747096058 1.859361869 0 -0.8396452792 1.151640302 1.780600403 0 -2.349256365 0.6677636425 -1.539686016 0 133.1637403 38.89093938 -4.667690912 1


mesh: pSphereShape8 tranform: pSphere8 0.2742612342 -4.289924181 0.01191411765 0 -0.584589894 -0.03512256458 0.810568357 0 -2.113000202 -0.1393362847 -1.529954138 0 130.4181553 31.59099293 -3.167394494 1


mesh: pSphereShape10 tranform: pSphere10 0.452826844 -0.4298954051 4.119207658 0 -0.1427786534 3.491173841 0.3800472639 0 -5.033957686 -0.2631258499 0.5259250705 0 136.8995151 64.90440054 -12.84045839 1


mesh: pSphereShape11 tranform: pSphere11 0.09229662086 -0.09612518201 0.9910808661 0 -2.515238497 2.922970236 0.517736824 0 -1.971494281 -1.699804611 0.01873533549 0 135.7863521 60.65991387 -13.80753659 1


mesh: pSphereShape12 tranform: pSphere12 0.3887680079 -0.4855804654 7.158113308 0 -0.4195158813 3.730651504 0.2758584227 0 -5.878340611 -0.6812162654 0.2730503659 0 138.3850343 51.04021783 -14.94658287 1


mesh: pSphereShape13 tranform: pSphere13 0.1376237641 -0.4582594309 4.951570435 0 -0.6383648134 4.632267778 0.4464512003 0 -4.400741863 -0.6127812707 0.06560218989 0 137.9853176 45.85723033 -15.16738201 1


mesh: pSphereShape14 tranform: pSphere14 0.07722356884 -0.2517535203 5.023924778 0 -0.5761118723 5.449235966 0.2819217673 0 -4.313635593 -0.4582945559 0.04334003334 0 138.2474283 41.48177937 -15.47557481 1


mesh: pSphereShape15 tranform: pSphere15 0.02113388708 0.07013963354 3.445142706 0 0.4329868481 8.616390282 -0.1780771377 0 -4.265108449 0.2147786161 0.02179120964 0 138.1179057 27.84171772 -19.47661132 1


mesh: pSphereShape16 tranform: pSphere16 -0.00624542821 0.1107941229 2.272829812 0 -2.209819638 7.924772609 -0.3923828766 0 -1.820474878 -0.506663466 0.01969601459 0 138.933211 11.9260004 -19.79494201 1


mesh: pSphereShape17 tranform: pSphere17 -0.5385118325 -0.06680045656 2.49317173 0 -0.1175304729 2.359044614 0.03782078297 0 -6.171852101 -0.285993948 -1.340749966 0 137.0237302 1.40724298 -20.64861528 1


mesh: pSphereShape18 tranform: pSphere18 0.5957370238 -0.02839547004 2.840913355 0 -0.0907978482 8.133320757 0.1003343186 0 -3.246399747 -0.04463437132 0.6803210332 0 139.3750629 27.63535254 -11.59237845 1


mesh: pSphereShape19 tranform: pSphere19 0.4181601626 0.01054093281 1.917912272 0 -2.191957989 9.510722456 0.425638667 0 -2.174958947 -0.5226186226 0.4770760833 0 141.0750429 11.28103765 -11.57851906 1


mesh: pSphereShape20 tranform: pSphere20 1.11362345 0.1920272071 2.364576527 0 -0.04006372379 1.8556935 -0.1318323743 0 -5.38170027 0.06350600837 2.529413901 0 138.2404882 1.823238586 -10.44549315 1


mesh: pSphereShape21 tranform: pSphere21 0.09203301072 -0.3000331995 5.987380925 0 1.843475625 2.743068876 0.109121355 0 -4.989890035 3.343731897 0.2442579153 0 139.7970197 37.68249337 -15.59557691 1


