mesh: pSphereShape1 tranform: pSphere1 0.4565399091 3.231638928 -0.6804049992 0 1.329929887 0.1047288854 1.389778167 0 2.448942322 -0.826265698 -2.281218525 0 -67.76515446 30.16317136 -2.141864501 1


mesh: pSphereShape2 tranform: pSphere2 1.332667615 5.665453485 -0.9610884304 0 2.559578047 -0.2822961994 1.885082294 0 1.660005929 -0.792986757 -2.372719692 0 -66.88657687 37.92111904 -3.938744331 1


mesh: pSphereShape3 tranform: pSphere3 2.147367068 6.035018286 -1.851990516 0 2.351582731 -0.2506179748 1.909959702 0 1.652386413 -1.263131789 -2.200196621 0 -64.32173394 48.10119981 -6.130649517 1


mesh: pSphereShape4 tranform: pSphere4 -0.5246391904 0.3856417871 -4.052047497 0 0.9210293628 3.242782168 0.1893719686 0 3.732175369 -1.026106738 -0.5808804319 0 -62.43979039 54.37571929 -10.65510338 1


mesh: pSphereShape5 tranform: pSphere5 -0.1870841229 0.3627048092 -4.221612235 0 0.902611568 3.005552671 0.2182256595 0 3.838680417 -1.133390221 -0.2674907547 0 -62.65456412 55.36257891 -17.2877492 1


mesh: pSphereShape6 tranform: pSphere6 1.491218382 -5.097344954 -2.898948236 0 1.177437398 1.298506648 -1.677546345 0 1.998629681 -0.1479646898 1.288267357 0 -61.48931357 49.46793773 -21.72469652 1


mesh: pSphereShape7 tranform: pSphere7 4.731111115 -2.908550034 -1.320392481 0 0.709413028 1.740478701 -1.292007904 0 1.342936016 1.147780641 2.283565027 0 -55.04096147 42.10779736 -24.51099066 1


mesh: pSphereShape8 tranform: pSphere8 2.147624523 -3.719270637 -0.1831542688 0 0.6140457871 0.3884048693 -0.6870876428 0 1.596272245 0.8284253407 1.894880074 0 -48.91284447 37.23563751 -25.68020093 1


mesh: pSphereShape10 tranform: pSphere10 -0.1299514135 0.0767577989 -4.163526727 0 -0.5082986486 3.476831152 0.07996298717 0 5.012417889 0.7360812108 -0.1428766657 0 -62.94852739 64.71585582 -13.45924452 1


mesh: pSphereShape11 tranform: pSphere11 -0.05416582223 0.05553014689 -0.9969866932 0 2.23193538 3.186461196 0.05621944972 0 2.127595016 -1.486759235 -0.1984007344 0 -60.92416413 60.45450656 -12.99802085 1


mesh: pSphereShape12 tranform: pSphere12 -0.6622207672 0.6194927187 -7.127636882 0 0.7117618718 3.687619726 0.2543774475 0 5.791435283 -1.074269512 -0.6314450261 0 -63.44238908 50.5944656 -13.44858347 1


mesh: pSphereShape13 tranform: pSphere13 -0.615274571 0.3072681167 -4.92686668 0 1.363191752 4.493810889 0.110022784 0 4.216779724 -1.264331389 -0.6054489098 0 -63.6719405 45.38513631 -14.01904359 1


mesh: pSphereShape14 tranform: pSphere14 -0.7399824573 0.1866422837 -4.972600337 0 1.61453323 5.243753677 -0.04344208072 0 4.096670309 -1.26679476 -0.6571816369 0 -64.72913255 41.07538019 -14.09301179 1


mesh: pSphereShape15 tranform: pSphere15 -0.7257151295 0.1399655418 -3.36572751 0 -1.698653478 8.42983477 0.7168212259 0 4.089270606 0.8958169726 -0.8444718211 0 -63.11945754 28.22798416 -10.50977672 1


mesh: pSphereShape16 tranform: pSphere16 -0.4411999481 0.2347251672 -2.219981171 0 2.776246827 7.749845087 0.2676616069 0 1.741042456 -0.6095216902 -0.4104620047 0 -62.92712946 12.74844439 -10.79379404 1


mesh: pSphereShape17 tranform: pSphere17 -0.1753555835 0.09867338956 -2.543595202 0 0.4149066502 2.32473563 0.0615795102 0 6.208808413 -1.09565161 -0.4705390541 0 -61.73188544 1.847038051 -11.16814608 1


mesh: pSphereShape18 tranform: pSphere18 -0.5503329068 0.1186949016 -2.847725901 0 -1.584688355 7.953066991 0.6377350615 0 3.192305818 0.683268725 -0.5884451257 0 -64.82771695 27.42257854 -18.39160981 1


mesh: pSphereShape19 tranform: pSphere19 -0.4941188876 -0.01875802206 -1.899697654 0 8.730845463 3.72645146 -2.307723283 0 0.8494605175 -2.114134814 -0.2000726261 0 -69.60767688 15.74445015 -17.79982123 1


mesh: pSphereShape20 tranform: pSphere20 -1.014673152 0.8078850356 -2.277282141 0 1.674458846 0.6171757049 -0.5271289832 0 1.194595116 -5.302234243 -2.413279932 0 -76.78482 7.425860623 -16.8470544 1


mesh: pSphereShape21 tranform: pSphere21 -0.8818915579 0.2224353466 -5.926213811 0 -1.257346615 3.043519005 0.3013441004 0 5.489298028 2.33993739 -0.7290457185 0 -66.9801371 37.64451149 -13.98198505 1


