mesh: pSphereShape1 tranform: pSphere1 0.4243694725 3.234752492 -0.6864085347 0 1.019553041 0.2102074145 1.620953249 0 2.891844186 -0.7448580156 -1.722328425 0 51.69847195 29.9207458 17.99583351 1


mesh: pSphereShape2 tranform: pSphere2 1.004342343 5.769022465 -0.7118520834 0 1.387432665 0.1128105566 2.871753916 0 2.655030595 -0.6175056314 -1.258469606 0 52.48209828 37.66791862 16.11554127 1


mesh: pSphereShape3 tranform: pSphere3 1.860675442 6.270345104 -1.297366209 0 1.211834273 0.215493983 2.77951737 0 2.645029392 -1.007335502 -1.075101226 0 54.45088426 48.08971865 14.3787891 1


mesh: pSphereShape4 tranform: pSphere4 1.324767002 0.0855661325 -3.883390994 0 0.3648387685 3.350726343 0.1982893448 0 3.680261432 -0.47439747 1.245019251 0 57.29005757 54.38807802 10.53706114 1


mesh: pSphereShape5 tranform: pSphere5 1.784475097 0.07853015035 -3.846822943 0 0.2813339659 3.127100691 0.1943435283 0 3.621372498 -0.4296589188 1.671121326 0 60.03282661 54.96189046 4.441829676 1


mesh: pSphereShape6 tranform: pSphere6 2.438918306 -5.393917095 -1.25215598 0 1.630271322 1.071930727 -1.44215811 0 1.480244854 0.2395290835 1.851363801 0 63.08797733 48.63876135 1.766702626 1


mesh: pSphereShape7 tranform: pSphere7 4.061721761 -4.001001501 -0.2844561601 0 1.303122861 1.410393387 -1.230641572 0 1.18083623 1.02624041 2.426520801 0 69.45813563 40.14658168 1.582556192 1


mesh: pSphereShape8 tranform: pSphere8 0.6637017564 -4.246955441 0.04098906293 0 0.8494767135 0.1278130726 -0.5119112537 0 1.318065894 0.22764184 2.24406453 0 74.05550302 33.66583493 1.698277149 1


mesh: pSphereShape10 tranform: pSphere10 1.09354221 0.27993149 -4.010428622 0 0.197977846 3.496440256 0.2980381836 0 4.882153721 -0.3876099165 1.304184027 0 59.737714 64.33064376 8.684816848 1


mesh: pSphereShape11 tranform: pSphere11 0.3079526843 0.1011025669 -0.9460144899 0 2.511180211 2.756023694 1.11199751 0 1.819615707 -1.818539414 0.3979817885 0 60.51617383 59.84510768 9.367970513 1


mesh: pSphereShape12 tranform: pSphere12 2.6507214 0.1294662445 -6.677007536 0 0.2125335309 3.754993355 0.1571829986 0 5.495938706 -0.4020765911 2.174049814 0 57.99682363 50.3527782 8.012214161 1


mesh: pSphereShape13 tranform: pSphere13 1.803070446 -0.150538325 -4.633925653 0 0.307204061 4.687140628 -0.03273331235 0 4.13131444 -0.2594890628 1.615933137 0 58.7243856 45.22183393 8.115224358 1


mesh: pSphereShape14 tranform: pSphere14 1.721721047 -0.1806229469 -4.72358079 0 0.2603128904 5.47947545 -0.1146445558 0 4.07096992 -0.1622235065 1.490050916 0 58.72849378 40.81613369 8.252284792 1


mesh: pSphereShape15 tranform: pSphere15 0.1702307609 0.01650128727 -3.441674544 0 -2.952403223 8.107601549 -0.1071582975 0 4.00727805 1.461972588 0.2052159238 0 60.39534581 28.05541554 12.1990993 1


mesh: pSphereShape16 tranform: pSphere16 0.1156593361 0.1023265899 -2.270291146 0 0.291350347 8.222277123 0.3854373342 0 1.886141588 -0.0711880122 0.09288035931 0 63.81227486 12.61946909 12.85783687 1


mesh: pSphereShape17 tranform: pSphere17 0.5408492864 0.2025838022 -2.485317771 0 -0.05975141177 2.354728628 0.1789362211 0 6.176539389 0.05425382761 1.348547017 0 67.9819274 2.026437384 13.60812181 1


mesh: pSphereShape18 tranform: pSphere18 0.9853391553 -0.1508857914 -2.726323133 0 0.5158936591 8.113822352 -0.262599204 0 3.113168213 -0.1612380056 1.134075057 0 58.89949724 26.74121773 4.715257145 1


mesh: pSphereShape19 tranform: pSphere19 0.6031936765 -0.1385562306 -1.862878438 0 7.139906107 6.410452232 1.83508384 0 1.39393378 -1.71834337 0.5791570722 0 53.19135349 12.75280924 3.269509991 1


mesh: pSphereShape20 tranform: pSphere20 0.6801949971 -0.2993406005 -2.513162103 0 1.132251242 1.470837157 0.1312570932 0 4.45970008 -3.578835082 1.633303447 0 49.82538963 3.349334624 3.481970789 1


mesh: pSphereShape21 tranform: pSphere21 2.051901693 -0.2152616599 -5.629438888 0 -1.870767296 2.612239798 -0.7817734137 0 4.509956865 3.679678637 1.503150591 0 57.50323867 36.91860259 7.854529121 1


