mesh: pSphereShape1 tranform: pSphere1 -1.459007433 2.994851434 0.1305067375 0 1.731704192 0.8439807851 -0.007875266564 0 -0.07178010544 0.1151381763 -3.44464545 0 127.9488273 30.78314022 1.726209661 1


mesh: pSphereShape2 tranform: pSphere2 -1.963397677 5.562322931 -0.05186812693 0 2.979424049 1.047402095 -0.4589633585 0 -0.3984855293 -0.168362773 -2.971045216 0 124.2895234 37.90752519 1.996372927 1


mesh: pSphereShape3 tranform: pSphere3 -1.921643626 6.228329204 -1.406307578 0 2.90963756 0.8345940543 -0.2795689617 0 -0.08477419758 -0.6914372556 -2.946434422 0 120.8135786 47.97567512 1.215661736 1


mesh: pSphereShape4 tranform: pSphere4 -3.429707947 0.09587809243 -2.251880454 0 0.2724262597 3.354331348 -0.2720995316 0 2.126235715 -0.436884742 -3.256946961 0 116.8525917 54.25650712 -1.878724747 1


mesh: pSphereShape5 tranform: pSphere5 -3.259649323 0.105260737 -2.711488811 0 0.2246223092 3.134200136 -0.1483619406 0 2.550434845 -0.3285239417 -3.078789724 0 111.6443157 54.87026162 -6.05367818 1


mesh: pSphereShape6 tranform: pSphere6 -1.386988927 -5.703914245 -1.467031943 0 -1.007488287 0.7763848807 -2.066115667 0 2.09739679 -0.2252007236 -1.107365465 0 109.080092 48.20128302 -8.580237105 1


mesh: pSphereShape7 tranform: pSphere7 -0.4595580244 -4.976394768 -2.758770292 0 -0.7990437539 1.091709225 -1.836169225 0 2.69414536 0.3017071906 -0.9930258462 0 108.6579347 38.31446411 -12.63833064 1


mesh: pSphereShape8 tranform: pSphere8 -0.8159392015 -4.192234577 0.4880810585 0 -0.1335106641 -0.08893190518 -0.9870491471 0 2.541141266 -0.52905319 -0.2960539003 0 108.4214689 30.76071786 -15.05649297 1


mesh: pSphereShape10 tranform: pSphere10 -3.811856934 0.06328654747 -1.680320047 0 0.1291788381 3.50863803 -0.160898909 0 2.037032886 -0.2874073854 -4.631895551 0 115.0038753 64.23495729 -4.662880217 1


mesh: pSphereShape11 tranform: pSphere11 -0.8607401641 0.06976815441 -0.5042407902 0 1.483694206 2.896916268 -2.13184398 0 0.8778110798 -1.72824816 -1.737550699 0 116.1879257 59.86068703 -5.174042751 1


mesh: pSphereShape12 tranform: pSphere12 -5.346996837 0.1758014253 -4.796272904 0 0.2027481982 3.757785235 -0.08829146774 0 3.944211115 -0.3163916544 -4.408695436 0 114.6126534 50.22739194 -3.257973654 1


mesh: pSphereShape13 tranform: pSphere13 -3.700373871 0.2870186896 -3.312377585 0 0.257210854 4.688755508 0.1189430034 0 2.959945375 -0.07831905148 -3.313445787 0 114.8893323 45.14785347 -4.151773668 1


mesh: pSphereShape14 tranform: pSphere14 -3.681715301 0.1694756435 -3.424239177 0 0.1350819849 5.483738877 0.1261672279 0 2.954441228 0.0003078419725 -3.176576967 0 114.9132805 40.74532716 -4.434157037 1


mesh: pSphereShape15 tranform: pSphere15 -2.245855398 0.351175845 -2.589823069 0 1.664997031 8.461753178 -0.2964601157 0 3.132399301 -0.7149192337 -2.813311199 0 116.271344 27.24518726 -0.8848637864 1


mesh: pSphereShape16 tranform: pSphere16 -1.441723492 0.3069691898 -1.73357232 0 3.921972561 6.952258494 -2.030645493 0 1.152360396 -0.9807253238 -1.132019408 0 112.1485273 12.12565378 1.400454724 1


mesh: pSphereShape17 tranform: pSphere17 -1.431010847 0.2625638763 -2.096098933 0 0.6132447025 2.277382931 -0.1333912854 0 4.970388656 -1.548520702 -3.587266593 0 111.1735599 1.793750839 1.40775651 1


mesh: pSphereShape18 tranform: pSphere18 -2.349192869 -0.1838146163 -1.695288368 0 -1.875964023 7.71635691 1.762898972 0 1.792193316 1.028570061 -2.595000386 0 113.7431608 26.95507169 -8.464891786 1


mesh: pSphereShape19 tranform: pSphere19 -1.604062571 -0.09678233897 -1.127374366 0 -1.111350411 9.676843235 0.750529816 0 1.292457258 0.2930126004 -1.864101952 0 116.4320582 10.96995736 -11.38533603 1


mesh: pSphereShape20 tranform: pSphere20 -2.506358398 0.1170040163 -0.7567902134 0 0.008747958691 1.84309001 0.2559803368 0 1.737441885 0.7742951957 -5.634396874 0 119.6588668 2.1348986 -16.68873378 1


mesh: pSphereShape21 tranform: pSphere21 -4.387771102 0.201976598 -4.080917855 0 -1.382565156 2.534717052 1.611973874 0 3.235182005 3.855427285 -3.287626094 0 113.9705393 36.80854343 -3.753582857 1


