mesh: pSphereShape1 tranform: pSphere1 0.4905645172 3.245015817 -0.58659067 0 0.5767173922 0.2421829204 1.822061875 0 3.249863882 -0.6613516959 -0.9407391488 0 -143.2286162 31.16350492 -10.28836482 1


mesh: pSphereShape2 tranform: pSphere2 1.219110146 5.756193807 -0.4207855025 0 0.9804003103 0.01436766979 3.036984521 0 2.788998047 -0.6562742197 -0.89724047 0 -142.0904942 38.93494173 -11.87599234 1


mesh: pSphereShape3 tranform: pSphere3 2.289135711 6.216040581 -0.7636734218 0 0.806152799 0.06313043332 2.93032916 0 2.727950927 -1.093907266 -0.7269102956 0 -139.5607605 49.30921866 -12.96875818 1


mesh: pSphereShape4 tranform: pSphere4 1.984320859 0.1103512307 -3.590730862 0 0.6336353529 3.285540707 0.4511335912 0 3.346425528 -0.8955251847 1.821790584 0 -135.7995833 55.52801076 -16.03162439 1


mesh: pSphereShape5 tranform: pSphere5 2.441862611 0.08213317724 -3.466861151 0 0.5495532074 3.063070019 0.4596414548 0 3.204151633 -0.9102859534 2.235259233 0 -131.9727486 56.09130291 -21.50132731 1


mesh: pSphereShape6 tranform: pSphere6 1.405864151 -5.6415673 -1.675357608 0 1.888327437 0.8466726662 -1.266493177 0 1.389749928 -0.2244613934 1.922045565 0 -129.7544207 49.51408752 -24.53819894 1


mesh: pSphereShape7 tranform: pSphere7 3.207959885 -4.693256733 -0.5185042 0 1.622373545 1.22337714 -1.035890839 0 1.218763619 0.5503676137 2.558760933 0 -125.169222 39.96752427 -25.30403905 1


mesh: pSphereShape8 tranform: pSphere8 -0.1858473567 -4.290378299 -0.1921599812 0 0.86868284 -0.01545287999 -0.4951275916 0 1.289192458 -0.1573688548 2.266751413 0 -121.9390445 32.71567656 -25.59473022 1


mesh: pSphereShape10 tranform: pSphere10 1.874936057 -0.1531046713 -3.717379141 0 -0.06466224561 3.509636559 -0.1771622702 0 4.525006308 0.1981643702 2.274117671 0 -133.5473719 65.61138599 -18.67288893 1


mesh: pSphereShape11 tranform: pSphere11 0.4785702233 0.01261654362 -0.8779586347 0 2.150561413 3.005991356 1.215455757 0 1.775997588 -1.652431748 0.944340146 0 -132.6235007 61.26272031 -17.19707146 1


mesh: pSphereShape12 tranform: pSphere12 3.758727987 0.1441291545 -6.121822098 0 0.4254741929 3.723853709 0.3489088067 0 5.004132135 -0.8577399843 3.052285067 0 -134.9525533 51.54055301 -18.57981884 1


mesh: pSphereShape13 tranform: pSphere13 2.519078155 0.09776026221 -4.288552198 0 0.7313032905 4.609131858 0.5346326631 0 3.768854314 -0.8525164406 2.194376075 0 -134.6470844 46.33647973 -18.74835762 1


mesh: pSphereShape14 tranform: pSphere14 2.488688837 0.01186515825 -4.372121978 0 0.8271134275 5.402384748 0.4854686384 0 3.712991212 -0.7582029289 2.111442368 0 -135.0975025 41.95844369 -19.06772361 1


mesh: pSphereShape15 tranform: pSphere15 1.405961457 0.008288620008 -3.146041664 0 -0.7823267432 8.587340033 -0.3269963208 0 3.879666195 0.4195105658 1.734922446 0 -136.7849795 28.83082012 -15.14996492 1


mesh: pSphereShape16 tranform: pSphere16 0.9423206289 0.06697701621 -2.070172846 0 1.480754017 8.048200679 0.934409669 0 1.686233347 -0.39786286 0.7546832641 0 -137.0113099 12.88442051 -14.581137 1


mesh: pSphereShape17 tranform: pSphere17 0.9591628895 0.3620268236 -2.336515718 0 -0.1696813422 2.337933758 0.2925906642 0 5.840934734 0.1214864995 2.416585159 0 -134.4715706 2.523347371 -13.74304658 1


mesh: pSphereShape18 tranform: pSphere18 1.325588354 0.3898094136 -2.552912402 0 -2.602573039 7.704884254 -0.1748998901 0 2.753700316 0.96595648 1.577340451 0 -131.240286 28.37048535 -22.4749128 1


mesh: pSphereShape19 tranform: pSphere19 0.8343176663 0.1793450023 -1.767796911 0 5.769471899 7.092417419 3.442455359 0 1.568981257 -1.558964743 0.5823272114 0 -132.3808462 14.46076098 -25.19217364 1


mesh: pSphereShape20 tranform: pSphere20 0.03227898741 1.065627688 -2.394086357 0 0.7945860931 1.533214247 0.6931596192 0 5.376886761 -2.34704022 -0.972191574 0 -133.4839295 5.034842476 -28.58339996 1


mesh: pSphereShape21 tranform: pSphere21 2.965953657 0.01414058237 -5.210579554 0 -1.433676631 2.868095974 -0.8082904895 0 4.52793225 2.992028396 2.585498619 0 -136.6215146 38.27660634 -20.05345651 1


