mesh: pSphereShape1 tranform: pSphere1 2.418588316 2.184563962 0.7021258182 0 -0.6712897152 1.181952898 -1.365108956 0 -2.046124919 1.519173402 2.321524597 0 -88.75979948 36.11317771 -21.16178791 1


mesh: pSphereShape2 tranform: pSphere2 3.418642419 4.638699356 1.261907062 0 -2.127490176 1.941730982 -1.374093345 0 -1.407342572 0.3210177723 2.632599645 0 -83.19408322 41.54344828 -19.219462 1


mesh: pSphereShape3 tranform: pSphere3 1.356006865 6.057530995 2.435172176 0 -2.271289731 1.170464853 -1.64680046 0 -1.915771762 -0.4926029312 2.292140671 0 -78.766489 50.52473115 -16.34920959 1


mesh: pSphereShape4 tranform: pSphere4 0.1313615342 -0.3008880506 4.090875862 0 -0.4972020686 3.329345941 0.260842341 0 -3.869308166 -0.5842074507 0.08127775746 0 -77.98512582 56.31813958 -11.21058654 1


mesh: pSphereShape5 tranform: pSphere5 -0.02454413665 -0.3157694893 4.229450594 0 -0.3840261124 3.113710068 0.2302400813 0 -3.981361437 -0.4866419631 -0.05943697834 0 -78.11152322 56.26270723 -4.481623236 1


mesh: pSphereShape6 tranform: pSphere6 -0.5019612139 -5.571644796 2.305508172 0 -1.443665095 0.8552143751 1.752449585 0 -1.904566718 -0.3973975535 -1.37504463 0 -78.62003152 49.5585402 -0.7904045522 1


mesh: pSphereShape7 tranform: pSphere7 -2.860862335 -4.672994846 1.60159229 0 -1.255531104 1.258399151 1.428947375 0 -1.927682683 0.4606204148 -2.099384455 0 -82.42395058 40.01932329 1.718759729 1


mesh: pSphereShape8 tranform: pSphere8 0.1180843369 -4.265325486 0.5214069735 0 -0.7154531132 0.06522638379 0.6956093456 0 -1.823811503 -0.2766294387 -1.849900505 0 -85.46208006 32.85180776 3.289822725 1


mesh: pSphereShape10 tranform: pSphere10 -0.151999668 -0.237433099 4.156712109 0 0.4044718023 3.48479412 0.2138433029 0 -5.031122605 0.5931608915 -0.1500928909 0 -77.85971568 66.11909948 -7.340428541 1


mesh: pSphereShape11 tranform: pSphere11 -0.04099496538 -0.07241771411 0.9965315286 0 -2.224057997 3.189375963 0.1402786887 0 -2.13327605 -1.479017215 -0.1952378004 0 -79.65707644 61.93369474 -8.218281659 1


mesh: pSphereShape12 tranform: pSphere12 -0.3612301002 -0.5297332347 7.156424429 0 -0.1982452417 3.749529654 0.2675411922 0 -5.908253937 -0.2895724633 -0.3196617727 0 -77.78029251 52.06043854 -8.98648642 1


mesh: pSphereShape13 tranform: pSphere13 -0.3589817449 -0.3359779835 4.950277031 0 -0.5533932675 4.656432755 0.2759039136 0 -4.401072581 -0.5021151421 -0.3532336346 0 -78.4037665 46.87877919 -9.215237495 1


mesh: pSphereShape14 tranform: pSphere14 -0.4314877895 -0.1307229411 5.01057814 0 -0.6207966811 5.450898294 0.08875049082 0 -4.294183535 -0.4828337025 -0.3823920413 0 -78.14844936 42.46526159 -9.39434307 1


mesh: pSphereShape15 tranform: pSphere15 -0.05413616575 -0.03056225101 3.445360605 0 1.509880002 8.495399664 0.09908328623 0 -4.204150269 0.7478930546 -0.05942463041 0 -79.31741197 29.14931119 -13.63076628 1


mesh: pSphereShape16 tranform: pSphere16 -0.2391637038 0.277684098 2.245832132 0 -6.819824027 4.438853066 -1.275096764 0 -1.040853543 -1.575058287 0.08390397874 0 -75.68586859 16.47364865 -13.50127969 1


mesh: pSphereShape17 tranform: pSphere17 -0.9249971574 -0.7735210416 2.248645821 0 -2.079135999 0.9976469882 -0.5120832908 0 -1.937607212 -5.400779666 -2.654885808 0 -68.19403569 6.973479869 -13.96448269 1


mesh: pSphereShape18 tranform: pSphere18 -0.2609255704 -0.1145324952 2.888822901 0 1.952426485 7.881516294 0.4888246078 0 -3.206415933 0.8102701325 -0.257486759 0 -80.09058515 28.83408217 -5.964469966 1


mesh: pSphereShape19 tranform: pSphere19 -0.1321771773 -0.1197582608 1.954876893 0 -4.340101148 8.748965388 0.2425209286 0 -2.043283561 -1.00807061 -0.1999104076 0 -79.17224587 13.37911556 -6.284640305 1


mesh: pSphereShape20 tranform: pSphere20 0.3140684989 0.2519699104 2.589618877 0 -0.5648623006 1.769959863 -0.1037106949 0 -5.621209546 -1.744054443 0.8514357479 0 -79.82624385 3.155954091 -6.477781874 1


mesh: pSphereShape21 tranform: pSphere21 -0.5142357567 -0.1557921503 5.971474753 0 1.813306062 2.755839303 0.2280516961 0 -5.000628496 3.318818338 -0.3440450171 0 -76.58138079 38.67349681 -9.263865633 1


