mesh: pSphereShape1 tranform: pSphere1 2.083946306 2.56491446 -0.4396037048 0 1.152693435 -0.7008382082 1.375241305 0 1.727958475 -1.810281293 -2.370871699 0 95.68299814 31.18690782 -13.75000082 1


mesh: pSphereShape2 tranform: pSphere2 3.591323882 4.657207998 -0.4581086823 0 1.437100922 -0.8403737401 2.72271539 0 1.960911998 -1.664466211 -1.54874878 0 100.1200825 37.69001732 -15.15718099 1


mesh: pSphereShape3 tranform: pSphere3 3.924894926 5.194568061 -1.44019526 0 1.503085823 -0.412099963 2.609904864 0 1.936383949 -1.853412177 -1.407845321 0 106.1846111 46.4676944 -16.74935212 1


mesh: pSphereShape4 tranform: pSphere4 0.6273128914 0.2307551169 -4.049232693 0 0.3165335287 3.352901181 0.240110841 0 3.850569125 -0.4045848019 0.5734794254 0 110.1974553 52.06906775 -20.86351229 1


mesh: pSphereShape5 tranform: pSphere5 1.143091383 0.2827854339 -4.074547778 0 0.3304207591 3.113064472 0.3087533829 0 3.839946645 -0.5108993934 1.04181746 0 111.9216817 52.92270787 -27.26989948 1


mesh: pSphereShape6 tranform: pSphere6 3.138207172 -4.998858029 -1.331778089 0 0.8376465882 1.062427257 -2.014010079 0 1.863497736 0.8446794121 1.220630908 0 115.3769613 47.1164168 -30.22653882 1


mesh: pSphereShape7 tranform: pSphere7 5.382608976 -1.795838561 -0.6236958074 0 0.2726443649 1.427624679 -1.757660434 0 0.8974094949 2.060257057 1.812606918 0 123.8441792 41.39294255 -31.00113017 1


mesh: pSphereShape8 tranform: pSphere8 2.909077332 -3.136002672 0.4261067508 0 0.5908703732 0.4578576551 -0.664257909 0 1.147410318 1.327380086 1.935576346 0 131.0449296 38.0772467 -30.92886096 1


mesh: pSphereShape10 tranform: pSphere10 0.5037146105 0.2481424539 -4.128247915 0 -0.238858084 3.501881808 0.1813479359 0 5.019208348 0.3096736701 0.6310405325 0 111.0789706 62.26362261 -23.3464631 1


mesh: pSphereShape11 tranform: pSphere11 0.1226467278 0.07916190267 -0.9892882155 0 2.379919087 3.03071614 0.5375648231 0 2.034478821 -1.619361219 0.1226441932 0 112.6291124 57.88053686 -22.79013609 1


mesh: pSphereShape12 tranform: pSphere12 0.7991137022 0.34309421 -7.132266031 0 0.03963705248 3.75951438 0.1852906386 0 5.886893896 -0.09435050548 0.6550409706 0 110.6367652 48.13028791 -23.57863007 1


mesh: pSphereShape13 tranform: pSphere13 0.3575459653 0.002819065576 -4.961768305 0 0.2436221443 4.690945795 0.02022065368 0 4.426196051 -0.2312467874 0.3188211425 0 111.5394701 43.00500764 -23.83909264 1


mesh: pSphereShape14 tranform: pSphere14 0.09805442689 -0.01209127077 -5.029851153 0 0.1814102341 5.48384488 -0.009646125759 0 4.334932845 -0.1432539959 0.08485171143 0 111.6148305 38.59529748 -23.88261627 1


mesh: pSphereShape15 tranform: pSphere15 -0.3526270524 0.1809018796 -3.423054651 0 -4.378922121 7.387709509 0.8415223331 0 3.65380186 2.195379495 -0.260375949 0 116.4506441 26.53527263 -20.71025269 1


mesh: pSphereShape16 tranform: pSphere16 -0.2318089885 0.3181683238 -2.241228058 0 1.310582197 8.068569658 1.00987427 0 1.855732801 -0.2725616119 -0.2306307083 0 120.5857938 12.07059795 -21.66312808 1


mesh: pSphereShape17 tranform: pSphere17 0.2293907892 0.04915424958 -2.540733417 0 0.1785487712 2.354708425 0.06167564377 0 6.278514481 -0.4906751292 0.5573645054 0 123.5883853 1.235282781 -22.1324234 1


mesh: pSphereShape18 tranform: pSphere18 -0.5693390335 0.1687281478 -2.841457632 0 -1.941000158 7.853044477 0.8552359804 0 3.155013976 0.8432031556 -0.5820957817 0 113.3070647 25.0790491 -28.8961238 1


mesh: pSphereShape19 tranform: pSphere19 -0.5099787433 0.006339461996 -1.895583817 0 8.748744348 3.662878579 -2.341470173 0 0.8263265778 -2.120315392 -0.2294019629 0 108.9083472 13.57744842 -28.52099349 1


mesh: pSphereShape20 tranform: pSphere20 -1.432289827 0.9078589869 -1.998147066 0 1.556017038 0.3280133255 -0.9663340412 0 -0.2705653502 -5.479227176 -2.295545564 0 100.7747909 5.26048428 -27.37729227 1


mesh: pSphereShape21 tranform: pSphere21 0.1168586774 -0.01441005731 -5.994443822 0 -2.036343541 2.604981652 -0.04595961796 0 4.735048943 3.702912698 0.08340596521 0 110.3464959 34.69279068 -23.99205224 1


