mesh: pSphereShape1 tranform: pSphere1 -0.7316269275 3.17284888 0.7159761413 0 -0.4322128047 0.3178523128 -1.850223498 0 -3.273144103 -0.8926873072 0.6112515968 0 145.3774796 30.09613696 -28.62406137 1


mesh: pSphereShape2 tranform: pSphere2 -1.349790386 5.687216669 0.7941596879 0 -0.5512525761 0.3060206379 -3.128440209 0 -2.876336758 -0.7432835704 0.4341230276 0 143.8235333 37.67599794 -26.55800782 1


mesh: pSphereShape3 tranform: pSphere3 -2.52610311 6.096475735 0.9561833501 0 -0.384064477 0.3112900506 -2.999381562 0 -2.775756431 -1.186579008 0.2322809513 0 140.9615186 47.87988391 -24.90504233 1


mesh: pSphereShape4 tranform: pSphere4 -1.992312379 0.6411340859 3.530253993 0 -0.4416264156 3.240809791 -0.8378013035 0 -3.38335741 -0.9118537098 -1.743807773 0 137.0889327 54.44763067 -21.81249096 1


mesh: pSphereShape5 tranform: pSphere5 -2.582501695 0.6041854907 3.309714489 0 -0.3529898602 3.014822713 -0.8257839345 0 -3.150074217 -0.9924502892 -2.276766763 0 133.1538682 55.84079229 -16.59551078 1


mesh: pSphereShape6 tranform: pSphere6 -1.814411879 -5.231535912 2.439159744 0 -1.972530651 1.09835743 0.8884671457 0 -1.189102236 -0.5192030512 -1.998126872 0 130.4242174 49.86197522 -12.76233316 1


mesh: pSphereShape7 tranform: pSphere7 -3.39523884 -4.476074274 1.011743197 0 -1.676628003 1.413452887 0.6268068718 0 -0.939278236 0.09576250481 -2.728393798 0 125.4214319 40.68043214 -10.8430617 1


mesh: pSphereShape8 tranform: pSphere8 0.08605784027 -4.172894423 1.028764711 0 -0.9359066363 0.066002178 0.3460093649 0 -0.9187466203 -0.6032381497 -2.370011077 0 122.0031732 33.61374233 -9.638593634 1


mesh: pSphereShape10 tranform: pSphere10 -1.353064937 0.4922125116 3.909562131 0 -0.4223666782 3.440792208 -0.5793719199 0 -4.754614687 -0.8428537839 -1.539415168 0 133.5216633 64.47677976 -21.2105975 1


mesh: pSphereShape11 tranform: pSphere11 -0.4356902048 0.1607659949 0.8856231368 0 -2.598001017 2.342489823 -1.703338858 0 -1.571219533 -2.035931649 -0.4033954945 0 133.1591109 59.79438042 -21.76338823 1


mesh: pSphereShape12 tranform: pSphere12 -4.228032446 1.028529642 5.71763793 0 -0.2221295329 3.666318784 -0.8237822117 0 -4.77698097 -1.041044809 -3.345172486 0 136.0183415 50.84216705 -18.81239781 1


mesh: pSphereShape13 tranform: pSphere13 -2.93906792 0.8206367704 3.928794578 0 -0.3685475743 4.521101342 -1.220060826 0 -3.568217254 -0.957255179 -2.46937677 0 135.4174839 45.72528563 -18.03465755 1


mesh: pSphereShape14 tranform: pSphere14 -3.033540823 0.8231189236 3.928010795 0 -0.3539701915 5.297749468 -1.383514748 0 -3.44939867 -0.8781038926 -2.4799086 0 135.5309135 41.4211655 -17.06643977 1


mesh: pSphereShape15 tranform: pSphere15 -2.42666205 0.04311259719 2.44618623 0 0.8729771821 8.55498236 0.7152329893 0 -3.001117809 0.5559662976 -2.986963034 0 137.5525018 27.79285954 -20.24152362 1


mesh: pSphereShape16 tranform: pSphere16 -1.610619899 0.08839615243 1.605041856 0 -0.7853519785 8.105465086 -1.234482106 0 -1.322744387 -0.3275725777 -1.309300606 0 137.4640541 11.8425865 -20.97313377 1


mesh: pSphereShape17 tranform: pSphere17 -2.241289734 -0.1785323414 1.206279031 0 -0.1396982812 2.356451422 0.08919865432 0 -2.998286916 0.03294111945 -5.565999624 0 136.4692903 1.364847179 -23.86874042 1


mesh: pSphereShape18 tranform: pSphere18 -1.936928762 0.3301859996 2.136769003 0 2.362497262 7.725911096 0.9476930893 0 -2.275196242 0.9670436293 -2.211842881 0 130.9702378 28.44156075 -13.98482389 1


mesh: pSphereShape19 tranform: pSphere19 -1.281915739 0.1801881091 1.475662834 0 -2.283891217 8.984988682 -3.081153847 0 -1.647536865 -0.8730290439 -1.324621004 0 129.6654685 13.05417847 -12.49778466 1


mesh: pSphereShape20 tranform: pSphere20 -1.242192173 0.5355804996 2.244630465 0 -0.1293051487 1.788191868 -0.4982301341 0 -5.220035778 -1.108644208 -2.624271326 0 127.7434715 3.055875912 -12.3362359 1


mesh: pSphereShape21 tranform: pSphere21 -3.615293871 0.9809714037 4.68129957 0 1.523465691 2.878371287 0.5733827143 0 -3.915142396 2.791028769 -3.608465868 0 136.6354912 37.86120175 -15.34691236 1


