mesh: pSphereShape1 tranform: pSphere1 -3.139025771 1.121643787 -0.05746505055 0 0.4105611112 1.222322024 1.431269869 0 0.8993904641 2.39885304 -2.306640923 0 70.5454669 36.00080299 -11.88996111 1


mesh: pSphereShape2 tranform: pSphere2 -4.855130328 3.33177582 -0.3521881838 0 1.641098811 2.507439739 1.097363579 0 0.7239442496 0.7575330027 -2.813591102 0 63.25017725 39.26028351 -12.41989653 1


mesh: pSphereShape3 tranform: pSphere3 -1.757445188 6.085774298 -2.082603541 0 2.396003789 1.18680242 1.446154429 0 1.683769994 -0.3657116007 -2.489562527 0 57.4114403 47.03155336 -14.16316917 1


mesh: pSphereShape4 tranform: pSphere4 -1.386097636 0.1604957066 -3.859537441 0 0.8317024513 3.268266332 -0.1627858511 0 3.555616544 -0.9704390888 -1.317303711 0 55.37865939 53.16655287 -18.88803388 1


mesh: pSphereShape5 tranform: pSphere5 -1.189284758 0.1388222061 -4.068770732 0 0.7285163638 3.058291619 -0.1085965878 0 3.736750716 -0.9300431659 -1.12396879 0 53.5849282 53.81976599 -25.33246015 1


mesh: pSphereShape6 tranform: pSphere6 -2.861774574 -4.35381644 -3.076538219 0 1.125060232 0.6973369689 -2.033371758 0 1.784892538 -1.506087031 0.4710704988 0 50.24581117 48.38013496 -29.82485966 1


mesh: pSphereShape7 tranform: pSphere7 -1.450282867 -4.407123583 -3.325725984 0 1.266297419 0.8594140602 -1.691069394 0 2.286484649 -1.477740564 0.9611542839 0 47.07530809 39.56625933 -35.04799477 1


mesh: pSphereShape8 tranform: pSphere8 -3.347659569 -2.475131388 -1.070378751 0 0.4836826836 -0.2983580676 -0.8228204695 0 1.043618276 -1.988650905 1.334568317 0 43.88350684 33.15789771 -38.49182011 1


mesh: pSphereShape10 tranform: pSphere10 -0.6667722089 -0.3485870825 -4.097759852 0 0.3004128204 3.484769762 -0.3453234683 0 4.984073885 -0.5057654769 -0.7679656092 0 56.2617685 63.00441469 -23.00189769 1


mesh: pSphereShape11 tranform: pSphere11 -0.1761928381 -0.07550313814 -0.9814557351 0 2.74465251 2.667948957 -0.6979699741 0 1.787172085 -1.884559994 -0.1758578835 0 57.25909404 58.57537995 -22.21996454 1


mesh: pSphereShape12 tranform: pSphere12 -1.430692629 0.1839852734 -7.038805517 0 0.6356659447 3.710086562 -0.03222724237 0 5.718509904 -0.9900994861 -1.188212073 0 53.93813791 49.22191762 -21.23668972 1


mesh: pSphereShape13 tranform: pSphere13 -0.8829822789 0.4328247287 -4.876473811 0 0.8075927307 4.619840716 0.263815881 0 4.305873344 -0.7046141849 -0.842203703 0 54.04563215 44.06760473 -21.72351492 1


mesh: pSphereShape14 tranform: pSphere14 -0.7740127664 0.3418819186 -4.959151589 0 0.6784019968 5.438102414 0.2690172011 0 4.252786626 -0.4960068102 -0.6979594875 0 53.67270398 39.7073573 -21.96996906 1


mesh: pSphereShape15 tranform: pSphere15 -0.3930420104 0.6030832945 -3.369893617 0 1.990058386 8.302365342 1.253701681 0 4.126801008 -0.8923865917 -0.6410260548 0 51.95510965 26.56812258 -18.76640849 1


mesh: pSphereShape16 tranform: pSphere16 -0.1758737305 0.5016035499 -2.212584916 0 5.544737489 6.020076686 0.9240405439 0 1.389765065 -1.220600304 -0.3871854164 0 45.78832054 12.33203258 -20.15148517 1


mesh: pSphereShape17 tranform: pSphere17 -0.1051607177 0.1872381045 -2.54248809 0 1.014235681 2.130363968 0.1149376315 0 5.703947454 -2.692142401 -0.4341821118 0 43.11177152 2.291563376 -21.27002691 1


mesh: pSphereShape18 tranform: pSphere18 -0.06567816498 0.01928490217 -2.902035849 0 -4.713561534 6.62788343 0.1507204523 0 2.702500728 1.923041638 -0.04838314415 0 57.4874971 27.09826762 -25.6137261 1


mesh: pSphereShape19 tranform: pSphere19 -0.07311563693 0.02257128295 -1.961504819 0 -3.481504371 9.124894387 0.2347753511 0 2.135312493 0.8165114445 -0.07019866626 0 65.53784723 12.82689022 -26.38972119 1


mesh: pSphereShape20 tranform: pSphere20 -0.1495567513 -0.3690860368 -2.590301539 0 -0.9632434088 1.582992456 -0.1699419355 0 5.07672526 3.011627749 -0.7222357163 0 73.42348867 6.50825122 -26.51833722 1


mesh: pSphereShape21 tranform: pSphere21 -0.9224479819 0.4074458453 -5.910185948 0 -1.766430821 2.756367307 0.4657232408 0 4.99712539 3.295821318 -0.5527270304 0 52.0525908 35.9370871 -22.07245958 1


