mesh: pSphereShape1 tranform: pSphere1 0.9072470327 3.158354828 -0.562643238 0 1.339452347 -0.1393610786 1.377537984 0 2.293189654 -1.07532995 -2.338576099 0 106.0049536 29.60865322 -13.77630509 1


mesh: pSphereShape2 tranform: pSphere2 2.024743378 5.512406101 -0.5575395644 0 1.975813503 -0.4768811767 2.460368168 0 2.120620195 -0.9701809599 -1.891022292 0 107.9587599 37.22947183 -15.28950768 1


mesh: pSphereShape3 tranform: pSphere3 2.599293601 5.986469665 -1.36687733 0 1.840543475 -0.2497071738 2.40639623 0 2.100789857 -1.310068376 -1.742742314 0 111.4763103 47.2842338 -16.83179705 1


mesh: pSphereShape4 tranform: pSphere4 0.5313830878 0.1586976902 -4.066386829 0 0.2333711751 3.364394817 0.1617974899 0 3.871619389 -0.292336935 0.4945225218 0 114.3152674 53.4365793 -20.9120984 1


mesh: pSphereShape5 tranform: pSphere5 1.025018171 0.2163184123 -4.109879463 0 0.2274537657 3.129680427 0.2214546076 0 3.881700515 -0.3493098398 0.9497240604 0 115.8424766 54.19117181 -27.38494168 1


mesh: pSphereShape6 tranform: pSphere6 2.659146693 -5.223664111 -1.500943318 0 0.9696601624 1.056027791 -1.957346305 0 1.916547971 0.6084928648 1.277743027 0 118.8450271 48.11360806 -30.47298812 1


mesh: pSphereShape7 tranform: pSphere7 4.538889015 -3.292446208 -1.069951616 0 0.6236664478 1.406818055 -1.683365824 0 1.562834376 1.546357877 1.871329155 0 126.1699705 40.63527824 -31.80012286 1


mesh: pSphereShape8 tranform: pSphere8 1.594468162 -3.990610765 0.1072737135 0 0.6607782482 0.2449450632 -0.7094885642 0 1.704700027 0.7305803292 1.839889758 0 131.8808344 35.1507055 -32.42256374 1


mesh: pSphereShape10 tranform: pSphere10 0.6274845459 0.2914636402 -4.108411618 0 -0.3150638351 3.494842663 0.1998149049 0 4.989738393 0.4046171603 0.7907958651 0 114.9488867 63.59435367 -23.33781768 1


mesh: pSphereShape11 tranform: pSphere11 0.1398664565 0.0833924825 -0.9866524556 0 2.32134186 3.066522411 0.5882545302 0 2.057120751 -1.587432553 0.1574437359 0 116.5844535 59.23273207 -22.80290545 1


mesh: pSphereShape12 tranform: pSphere12 0.725858379 0.2157388346 -7.145075329 0 -0.06917316717 3.762141758 0.1065671278 0 5.892664848 0.09131140286 0.6013847822 0 114.8102444 49.45339108 -23.55076412 1


mesh: pSphereShape13 tranform: pSphere13 0.2991730298 -0.01630028329 -4.965603848 0 0.08424160705 4.696544419 -0.01034157965 0 4.434925511 -0.07896003252 0.2674593491 0 115.8713494 44.35747726 -23.75052589 1


mesh: pSphereShape14 tranform: pSphere14 0.06865891692 -0.06124877799 -5.029979924 0 0.02647727822 5.486386918 -0.0664449159 0 4.337674583 -0.02021354446 0.05945512671 0 116.0812388 39.94624467 -23.75181856 1


mesh: pSphereShape15 tranform: pSphere15 -0.4266527975 0.3760490165 -3.398665767 0 -2.969934613 8.003580261 1.258396585 0 3.974641195 1.526782657 -0.3300255879 0 119.6219818 27.31866892 -20.76508455 1


mesh: pSphereShape16 tranform: pSphere16 -0.2567863787 0.4166403193 -2.222282903 0 2.126056923 7.86195958 1.228316561 0 1.813228464 -0.4445822958 -0.2928714791 0 121.6295074 12.23052972 -22.36328661 1


mesh: pSphereShape17 tranform: pSphere17 0.1525254889 0.005538146238 -2.546972296 0 0.2944314522 2.34374249 0.02272827622 0 6.261579799 -0.7902273905 0.3732565631 0 123.6373799 1.402938005 -23.1929692 1


mesh: pSphereShape18 tranform: pSphere18 -0.2964463403 0.2711719567 -2.874905726 0 -3.247760791 7.386276446 1.031594814 0 3.022425436 1.354648305 -0.1838823175 0 119.3993658 26.73621858 -28.68674637 1


mesh: pSphereShape19 tranform: pSphere19 -0.3109156459 0.05510085229 -1.937434353 0 8.329178152 4.963394331 -1.195490595 0 1.139032774 -1.968949821 -0.2387868901 0 116.8150507 14.8100982 -29.36431015 1


mesh: pSphereShape20 tranform: pSphere20 -0.8941306418 0.9972147297 -2.252631121 0 1.615068979 0.8906344264 -0.2467909143 0 2.14642365 -4.705608483 -2.935094515 0 110.7842563 5.705499838 -29.92499492 1


mesh: pSphereShape21 tranform: pSphere21 0.08182588466 -0.0729946767 -5.994597287 0 -2.109302538 2.545978053 -0.05979357309 0 4.629044321 3.835477088 0.01648254787 0 114.9229474 36.00863992 -23.81377122 1


