mesh: pSphereShape1 tranform: pSphere1 -0.1699825696 3.253907024 0.7057370742 0 -1.212095085 0.2566294559 -1.475171794 0 -2.673661957 -0.5937413057 2.093560236 0 141.2445651 30.31808189 -27.56055549 1


mesh: pSphereShape2 tranform: pSphere2 -0.8222174612 5.788217229 0.7858478758 0 -1.964278385 0.06235085495 -2.514436115 0 -2.328976661 -0.5759065619 1.805116551 0 140.956806 38.10988714 -25.7134061 1


mesh: pSphereShape3 tranform: pSphere3 -1.721281323 6.273528488 1.463738643 0 -1.760532252 0.09473770656 -2.476337564 0 -2.341205036 -1.021594218 1.625377549 0 139.2546089 48.54530956 -23.87731678 1


mesh: pSphereShape4 tranform: pSphere4 -0.3724167053 0.3003144028 4.076048558 0 -0.5736509511 3.314024166 -0.2965829205 0 -3.840713306 -0.6916637043 -0.2999545285 0 137.176374 54.98879645 -19.73100997 1


mesh: pSphereShape5 tranform: pSphere5 -0.9765915558 0.2551818833 4.119431544 0 -0.4851065745 3.092950895 -0.3065995891 0 -3.854317462 -0.6908568223 -0.8709453483 0 135.7747146 55.85370423 -13.24196788 1


mesh: pSphereShape6 tranform: pSphere6 -1.236912821 -5.538179672 2.099802687 0 -1.377944459 0.9696587748 1.745758004 0 -1.899484389 -0.1191292018 -1.433113471 0 134.2401753 49.44118585 -9.566581856 1


mesh: pSphereShape7 tranform: pSphere7 -3.155388216 -4.500655692 1.540823007 0 -1.175906259 1.3183077 1.442611054 0 -1.890221501 0.6076345204 -2.096041447 0 129.507504 40.19084393 -7.3145761 1


mesh: pSphereShape8 tranform: pSphere8 0.03436122675 -4.291182876 0.251752815 0 -0.71785253 0.03504409467 0.6953126323 0 -1.818661789 -0.1243501086 -1.871349906 0 126.1346665 33.12581554 -5.979417736 1


mesh: pSphereShape10 tranform: pSphere10 -0.09458839313 0.2663848254 4.15666045 0 -0.424369295 3.481214201 -0.2327548902 0 -5.029796425 -0.6181495844 -0.07484245978 0 134.9103995 64.98613899 -17.32021658 1


mesh: pSphereShape11 tranform: pSphere11 -0.0833219213 0.09030708002 0.9924223339 0 -2.737482079 2.723284707 -0.4776435799 0 -1.837090865 -1.844285506 0.01358504119 0 134.242242 60.5480021 -17.82821515 1


mesh: pSphereShape12 tranform: pSphere12 -1.349538213 0.4554470609 7.042501663 0 -0.476364644 3.719251119 -0.3318130961 0 -5.770048602 -0.8328721888 -1.051838146 0 137.3268415 51.11236369 -16.88289676 1


mesh: pSphereShape13 tranform: pSphere13 -0.9313472435 0.2434708875 4.880605087 0 -0.6343228311 4.640912591 -0.352559139 0 -4.323669297 -0.6511726486 -0.7925853106 0 136.9427612 45.95095473 -16.46618979 1


mesh: pSphereShape14 tranform: pSphere14 -0.9410092192 0.1721799384 4.939030189 0 -0.6479146462 5.439462423 -0.3130695502 0 -4.230662844 -0.5492202986 -0.786901046 0 137.244357 41.55795343 -16.23009196 1


mesh: pSphereShape15 tranform: pSphere15 -1.690010418 0.0262673647 3.002923456 0 0.3454876924 8.621359656 0.1190231474 0 -3.717768804 0.1778910516 -2.093873131 0 138.3875411 27.99149879 -20.53672137 1


mesh: pSphereShape16 tranform: pSphere16 -1.116048838 0.01755035178 1.982976721 0 -0.6644812983 8.197460712 -0.4465316667 0 -1.639797723 -0.1831050573 -0.9212820133 0 138.4724362 11.83589449 -21.3184489 1


mesh: pSphereShape17 tranform: pSphere17 -2.213200805 -0.3481675646 1.221017655 0 -0.1555777888 2.326103372 0.3812793834 0 -3.11838738 0.6858699327 -5.456775967 0 137.1938054 1.756950309 -25.20741577 1


mesh: pSphereShape18 tranform: pSphere18 0.3180416712 0.1215870197 2.88280483 0 0.2992433195 8.12026303 -0.375499033 0 -3.294989968 0.1379657815 0.3576965242 0 137.308676 27.70997985 -11.61364187 1


mesh: pSphereShape19 tranform: pSphere19 0.2396930883 0.09011393837 1.946222808 0 -3.168292223 9.241222532 -0.03768592677 0 -2.145456114 -0.7343392892 0.2982316336 0 139.2702993 11.60899947 -10.72363953 1


mesh: pSphereShape20 tranform: pSphere20 1.065338475 0.4810931827 2.345603775 0 -0.1351299477 1.829167902 -0.313795997 0 -5.416117288 0.02114225539 2.455583844 0 137.3466915 2.244849727 -9.204722734 1


mesh: pSphereShape21 tranform: pSphere21 -1.121469946 0.2051995052 5.886205795 0 1.769702985 2.783022507 0.2401536607 0 -4.952177665 3.240217822 -1.056471644 0 138.8046789 37.79752478 -15.705897 1


