mesh: pSphereShape1 tranform: pSphere1 -0.2331128846 3.262140636 0.6472763426 0 -1.390464882 0.1632083451 -1.323304743 0 -2.373758257 -0.6486620489 2.41422881 0 138.7726353 29.8303254 -29.39106647 1


mesh: pSphereShape2 tranform: pSphere2 -0.9071663299 5.782715685 0.7309621651 0 -2.172186401 -0.04528338871 -2.337567503 0 -2.150558645 -0.5914262674 2.009865394 0 138.4084828 37.65158519 -27.69127851 1


mesh: pSphereShape3 tranform: pSphere3 -1.550835145 6.303288073 1.525113021 0 -1.981132871 0.07016455524 -2.304536017 0 -2.18573026 -0.9851445216 1.84900553 0 136.7685069 48.12074937 -25.8913276 1


mesh: pSphereShape4 tranform: pSphere4 -0.2148994353 0.1683458756 4.094939888 0 -0.601170512 3.318158554 -0.167960832 0 -3.846007746 -0.7055525107 -0.1728298966 0 134.9223004 54.47448639 -21.63932799 1


mesh: pSphereShape5 tranform: pSphere5 -0.8392351793 0.1206397797 4.15568231 0 -0.4989125991 3.100060912 -0.1907498242 0 -3.880307334 -0.6715003042 -0.7641298191 0 133.7534705 55.12832057 -15.08323074 1


mesh: pSphereShape6 tranform: pSphere6 -1.210453623 -5.522933467 2.154661613 0 -1.352482986 0.9824534017 1.758469553 0 -1.919665111 -0.12749292 -1.40523249 0 132.3021081 48.67566327 -11.38669395 1


mesh: pSphereShape7 tranform: pSphere7 -3.07188969 -4.519479387 1.650548937 0 -1.16314357 1.320484236 1.450943071 0 -1.93746757 0.5626578421 -2.06523179 0 127.6545391 39.41049022 -8.971447745 1


mesh: pSphereShape8 tranform: pSphere8 0.1401685284 -4.286431636 0.2926896937 0 -0.7052329086 0.0253185096 0.7085234772 0 -1.850210285 -0.1858003275 -1.834978 0 124.4238715 32.30576231 -7.498126697 1


mesh: pSphereShape10 tranform: pSphere10 -0.2550577102 0.006281799312 4.158442021 0 -0.1710449768 3.510500052 -0.01579403936 0 -5.052668414 -0.2475779188 -0.3095310202 0 133.2672298 64.4956916 -18.58077952 1


mesh: pSphereShape11 tranform: pSphere11 -0.08953040428 0.01245487718 0.9959062118 0 -2.636972179 2.847851319 -0.2726750978 0 -1.899852472 -1.773400815 -0.1486154708 0 132.2455807 60.07763088 -19.31183259 1


mesh: pSphereShape12 tranform: pSphere12 -1.000314651 0.2339515178 7.111269393 0 -0.4853219008 3.727984243 -0.1909141821 0 -5.816353062 -0.7977480278 -0.7919189263 0 135.1845617 50.50955253 -18.92458618 1


mesh: pSphereShape13 tranform: pSphere13 -0.6606242804 0.2157773259 4.92585094 0 -0.7968072265 4.618899257 -0.3091940761 0 -4.339344071 -0.7852359176 -0.5475683248 0 134.8931842 45.31724219 -18.57356806 1


mesh: pSphereShape14 tranform: pSphere14 -0.67375362 0.1935295489 4.981743256 0 -0.7793613543 5.422017476 -0.3160375894 0 -4.254659221 -0.6436476609 -0.5504152001 0 135.3168787 40.94322823 -18.33951956 1


mesh: pSphereShape15 tranform: pSphere15 -0.4633803934 0.362906634 3.395283767 0 -0.2176726325 8.574306911 -0.9461766116 0 -4.230409069 -0.1691125101 -0.5592806661 0 136.5369726 27.43448025 -21.50196483 1


mesh: pSphereShape16 tranform: pSphere16 -0.3281756956 0.2966699789 2.232119472 0 -2.628566308 7.677920922 -1.406931956 0 -1.770090606 -0.6381440746 -0.17543081 0 138.5255007 11.64723431 -20.20754912 1


mesh: pSphereShape17 tranform: pSphere17 -0.5475372334 0.1240842681 2.489009571 0 -0.1694700963 2.351116322 -0.15449026 0 -6.1583117 -0.5311729384 -1.328237056 0 137.1641276 1.20345297 -19.80630683 1


mesh: pSphereShape18 tranform: pSphere18 -0.1720802589 0.428095316 2.865941448 0 2.507247617 7.674072669 -0.9957589145 0 -3.149581109 0.9853835625 -0.336300946 0 132.9520963 27.54721552 -13.27703034 1


mesh: pSphereShape19 tranform: pSphere19 -0.05759082753 0.2193032935 1.949857912 0 -5.557434266 7.964371228 -1.059908041 0 -1.879846512 -1.299668204 0.09065255482 0 134.1890505 13.01327374 -10.95230084 1


mesh: pSphereShape20 tranform: pSphere20 0.83164344 0.8226981646 2.345163258 0 -0.6359989063 1.708331283 -0.3737550849 0 -5.260437255 -1.439784503 2.370545498 0 134.8533807 3.536782131 -8.602457965 1


mesh: pSphereShape21 tranform: pSphere21 -0.802961778 0.2306434074 5.9371101 0 1.720678066 2.821142648 0.1231172665 0 -5.070090746 3.127588902 -0.8072019485 0 136.9829476 37.22056121 -17.87457527 1


