mesh: pSphereShape1 tranform: pSphere1 0.110796394 3.240994841 0.7736578126 0 -1.598747611 0.3009540539 -1.031793453 0 -1.919894345 -0.6025390259 2.799096977 0 92.00535465 30.27023124 -28.75406248 1


mesh: pSphereShape2 tranform: pSphere2 -0.4399151563 5.773492855 1.127081203 0 -2.711033049 0.1212703914 -1.679362818 0 -1.568132376 -0.6051392633 2.487772848 0 92.44174901 38.02509426 -26.78480673 1


mesh: pSphereShape3 tranform: pSphere3 -1.134777172 6.23153065 2.083940121 0 -2.502654135 0.119911501 -1.721348392 0 -1.639544332 -1.070780522 2.309127845 0 91.50904515 48.41081261 -24.28257833 1


mesh: pSphereShape4 tranform: pSphere4 0.8064558138 0.3036603644 4.012539619 0 -0.5605117628 3.326600644 -0.1390961453 0 -3.782289448 -0.6035969381 0.8058581568 0 90.78271311 54.84054077 -19.56835568 1


mesh: pSphereShape5 tranform: pSphere5 0.3173603029 0.3104456251 4.217993725 0 -0.5507361169 3.091558271 -0.1861024484 0 -3.938054806 -0.6806806356 0.3463961036 0 91.34962993 55.75779659 -12.96235784 1


mesh: pSphereShape6 tranform: pSphere6 -0.5416222753 -5.469727981 2.529679792 0 -0.6414652504 1.034246395 2.098927538 0 -2.287751845 -0.07885174578 -0.6603187349 0 91.00249287 49.43889273 -8.820125218 1


mesh: pSphereShape7 tranform: pSphere7 -2.525917722 -4.371316594 2.664177712 0 -0.5498008669 1.374927672 1.734678725 0 -2.493814024 0.646830349 -1.303092051 0 87.14279989 40.37890253 -4.820977088 1


mesh: pSphereShape8 tranform: pSphere8 0.08663591843 -4.271032846 0.4791485078 0 -0.4618758418 0.08962419945 0.8824047878 0 -2.316508458 -0.1809554664 -1.194147312 0 84.29482645 33.45314795 -2.167675939 1


mesh: pSphereShape10 tranform: pSphere10 2.006705806 0.1655326214 3.647391492 0 -0.06752123599 3.511924782 -0.1222360857 0 -4.440493942 -0.0003407550033 2.443066888 0 90.35355064 65.0241284 -16.52887805 1


mesh: pSphereShape11 tranform: pSphere11 0.3569136061 0.1033977205 0.9283973229 0 -2.538241901 2.875020065 0.6556056702 0 -1.740471817 -1.733191632 0.8621374885 0 88.84409022 60.54988835 -16.64524315 1


mesh: pSphereShape12 tranform: pSphere12 0.9806417068 0.5053661552 7.099891688 0 -0.3537379762 3.741315106 -0.2174461084 0 -5.84207937 -0.5033829644 0.8427423489 0 91.55646322 50.95656504 -16.83905693 1


mesh: pSphereShape13 tranform: pSphere13 0.7543685909 0.4246986618 4.898729514 0 -0.7204344057 4.632624364 -0.2906868559 0 -4.339097179 -0.6294355495 0.7227586356 0 91.18376172 45.79127942 -16.1808965 1


mesh: pSphereShape14 tranform: pSphere14 0.787337553 0.3576476844 4.955941001 0 -0.7754060603 5.425154943 -0.2683219579 0 -4.240585748 -0.5707409783 0.714878687 0 91.57982436 41.39850277 -15.89698036 1


mesh: pSphereShape15 tranform: pSphere15 0.7968715755 0.2160766146 3.345546452 0 1.003200819 8.534087107 -0.7901366507 0 -4.125040282 0.5724537061 0.9455655558 0 90.16218767 28.06378691 -19.17543396 1


mesh: pSphereShape16 tranform: pSphere16 0.5076625596 0.2173442903 2.207512148 0 -1.869731592 8.013396192 -0.3589892736 0 -1.791492744 -0.3977902156 0.4511554896 0 89.91052392 12.17592148 -18.71580558 1


mesh: pSphereShape17 tranform: pSphere17 0.2483669073 0.06836031703 2.538504149 0 -0.1246585688 2.358423711 -0.05131428656 0 -6.283400578 -0.3185573414 0.6233456228 0 87.46275024 1.525116194 -18.13193355 1


mesh: pSphereShape18 tranform: pSphere18 0.460048074 0.2498830176 2.85524287 0 3.648785223 7.16790206 -1.215221881 0 -2.917790691 1.542109684 0.3351648214 0 88.79141215 28.54515359 -10.7556186 1


mesh: pSphereShape19 tranform: pSphere19 0.3801409861 0.05871609798 1.924942016 0 -6.15710129 7.520410096 0.9865218816 0 -1.71962435 -1.458271608 0.3840758364 0 89.30871628 14.92158292 -9.709217015 1


mesh: pSphereShape20 tranform: pSphere20 1.12757358 0.600263383 2.288343392 0 -1.098429396 1.494582205 0.1491983227 0 -4.061426825 -3.270321378 2.859104006 0 91.55011001 4.580266684 -8.948580677 1


mesh: pSphereShape21 tranform: pSphere21 0.9383281108 0.4262350687 5.906359653 0 1.715623121 2.786934541 -0.4736769857 0 -5.052351728 3.207285666 0.5711988812 0 93.26667258 37.65748036 -15.79949814 1


