mesh: pSphereShape1 tranform: pSphere1 0.6523768007 3.18448399 -0.7404971551 0 0.7653569499 0.250161446 1.750089422 0 3.09082084 -0.9170209649 -1.220610726 0 47.11422097 30.47364169 15.86642876 1


mesh: pSphereShape2 tranform: pSphere2 1.399509409 5.680951581 -0.7518109347 0 1.021370524 0.1480291236 3.01986023 0 2.753824006 -0.7965004304 -0.8923490501 0 48.527068 38.09932474 13.85715577 1


mesh: pSphereShape3 tranform: pSphere3 2.407856878 6.10310176 -1.190325191 0 0.8568875776 0.2290142432 2.907575094 0 2.691291785 -1.198082816 -0.6987803938 0 51.31579715 48.32499978 12.11377229 1


mesh: pSphereShape4 tranform: pSphere4 1.721307547 -0.09229052197 -3.724464737 0 0.5176135762 3.332766722 0.1566371052 0 3.502074463 -0.620701072 1.633907812 0 54.93677291 54.34183202 8.480028021 1


mesh: pSphereShape5 tranform: pSphere5 2.232298754 -0.1223843167 -3.604223836 0 0.3819440249 3.119732751 0.1306264069 0 3.37590125 -0.501566973 2.107916831 0 58.35921923 54.60743304 2.723751793 1


mesh: pSphereShape6 tranform: pSphere6 2.71445746 -5.353712284 -0.7616063284 0 1.756185537 1.073198953 -1.284794322 0 1.248930837 0.3489185238 1.998618163 0 61.79799082 48.25988151 0.6505832917 1


mesh: pSphereShape7 tranform: pSphere7 4.318336989 -3.697379194 0.5175565 0 1.361976067 1.43120548 -1.13951281 0 0.7700350044 1.247518853 2.487225278 0 68.50095526 40.1546072 1.687978698 1


mesh: pSphereShape8 tranform: pSphere8 0.9638110838 -4.145259219 0.6055615935 0 0.8673580905 0.1315501704 -0.4799838492 0 1.160766704 0.6003501815 2.262110616 0 73.49893179 34.08523682 2.834529772 1


mesh: pSphereShape10 tranform: pSphere10 1.534963838 0.1597892909 -3.869895003 0 0.2102738591 3.50099062 0.2279605978 0 4.701910897 -0.4027543355 1.848346625 0 57.68291528 64.17519142 6.609663178 1


mesh: pSphereShape11 tranform: pSphere11 0.4090049129 0.06581340229 -0.9101557984 0 2.406559795 2.775392265 1.282146188 0 1.746526108 -1.816326807 0.6535135118 0 58.32207502 59.71762727 7.472355424 1


mesh: pSphereShape12 tranform: pSphere12 3.327203248 -0.1924627693 -6.365390147 0 0.3637176333 3.745885037 0.07685610341 0 5.219254277 -0.5631020876 2.745141393 0 55.71152554 50.20472556 6.149619635 1


mesh: pSphereShape13 tranform: pSphere13 2.270104742 -0.4008413318 -4.408281124 0 0.3465221415 4.678000195 -0.2469203395 0 3.940412012 -0.183896526 2.045890693 0 56.28154404 45.09499074 6.525963208 1


mesh: pSphereShape14 tranform: pSphere14 2.18987843 -0.3934466911 -4.512072213 0 0.2528239589 5.469566323 -0.3542339222 0 3.9004517 -0.05736799546 1.898038393 0 56.26700093 40.71030149 6.881166008 1


mesh: pSphereShape15 tranform: pSphere15 0.6184606054 0.02111810448 -3.389901913 0 -2.807623363 8.14651211 -0.4614781168 0 3.964791507 1.407902716 0.7321154583 0 57.18195476 27.91741675 11.04991315 1


mesh: pSphereShape16 tranform: pSphere16 0.4076188344 0.02781962879 -2.238558164 0 -1.309758874 8.130493626 -0.1374523459 0 1.834754823 0.3012759935 0.3378344244 0 61.70058701 12.50216716 12.59535152 1


mesh: pSphereShape17 tranform: pSphere17 0.5623805342 0.2329756288 -2.477864617 0 -0.3369978344 2.333738684 0.142938889 0 6.10048387 0.7915632562 1.459001553 0 67.74524554 2.576700965 14.04531282 1


mesh: pSphereShape18 tranform: pSphere18 1.161164318 -0.3295731993 -2.639995555 0 1.344460708 8.012144418 -0.4088826085 0 2.990422706 -0.4319264774 1.369215764 0 55.73864984 26.67385891 3.593063753 1


mesh: pSphereShape19 tranform: pSphere19 0.7497242767 -0.2294984661 -1.799611202 0 5.933184841 7.61478265 1.500697358 0 1.593299497 -1.407637913 0.8432855124 0 50.03693116 11.83988859 2.588762782 1


mesh: pSphereShape20 tranform: pSphere20 0.9167321219 -0.1229187111 -2.452090332 0 0.555989359 1.77180352 0.1190435345 0 5.280175433 -1.795589749 2.064042234 0 48.57677377 2.58857137 3.489344784 1


mesh: pSphereShape21 tranform: pSphere21 2.609839302 -0.4688993799 -5.37736855 0 -1.790829193 2.556374818 -1.092069276 0 4.323451576 3.784161363 1.768359903 0 55.10071685 36.78833925 6.552225271 1


