mesh: pSphereShape1 tranform: pSphere1 -0.8507439475 3.101090207 0.8799682226 0 -1.358768048 0.01472626601 -1.365539279 0 -2.279918971 -1.265338047 2.254967977 0 117.7061998 31.20460687 -27.41984971 1


mesh: pSphereShape2 tranform: pSphere2 -2.000878398 5.444533095 1.072661246 0 -1.937698606 -0.2143138026 -2.526669722 0 -2.157298961 -1.137775011 1.750935645 0 115.8168767 38.65833074 -25.16738121 1


mesh: pSphereShape3 tranform: pSphere3 -2.582732357 5.84090627 1.917239531 0 -1.802403591 0.006505658374 -2.447855335 0 -2.13748479 -1.460492248 1.569990163 0 112.3368718 48.53652161 -22.6843683 1


mesh: pSphereShape4 tranform: pSphere4 -0.4278933228 -0.09413738807 4.08057597 0 -0.4634154428 3.34428223 0.0285571501 0 -3.855428099 -0.5306878958 -0.4165268642 0 109.529088 54.36385276 -18.06478098 1


mesh: pSphereShape5 tranform: pSphere5 -1.195401027 -0.1102689171 4.067852291 0 -0.4108512228 3.118584278 -0.03619823237 0 -3.812979603 -0.5155010219 -1.134476658 0 107.8793757 54.63451869 -11.6071421 1


mesh: pSphereShape6 tranform: pSphere6 -2.912530683 -5.079403866 1.525575339 0 -1.072153357 1.166632129 1.837415777 0 -1.803466512 0.6030421175 -1.435233667 0 104.6471229 48.58191967 -8.602740086 1


mesh: pSphereShape7 tranform: pSphere7 -5.086434229 -2.529199366 0.5637813349 0 -0.5862380442 1.532170575 1.584485929 0 -1.080225788 1.713905021 -2.056985319 0 96.69680693 41.95080482 -7.789761442 1


mesh: pSphereShape8 tranform: pSphere8 -2.320907702 -3.589359072 -0.4568364407 0 -0.635117993 0.3212700934 0.7024319625 0 -1.443068777 1.167104778 -1.838576368 0 90.11027856 37.52410863 -7.761301246 1


mesh: pSphereShape10 tranform: pSphere10 0.1483176176 -0.01912832699 4.163576579 0 -0.002795410984 3.51466139 0.01624665711 0 -5.064977056 -0.004862397171 0.1804055495 0 108.3015006 64.28665189 -14.85046547 1


mesh: pSphereShape11 tranform: pSphere11 -0.02866093602 0.02217782942 0.9993431316 0 -2.493266635 2.983770246 -0.1377233692 0 -1.997050518 -1.66968763 -0.02022057193 0 107.0192331 59.93744497 -15.6071263 1


mesh: pSphereShape12 tranform: pSphere12 -0.9841517204 -0.1891103268 7.114857537 0 -0.3145412261 3.750701172 0.05618384252 0 -5.847228161 -0.4780541941 -0.8215153444 0 109.4806899 50.22038062 -15.61758814 1


mesh: pSphereShape13 tranform: pSphere13 -0.6844654391 -0.4001909886 4.911043272 0 -0.687248159 4.638189455 0.2821730402 0 -4.35313983 -0.6051018235 -0.6560174455 0 109.0061047 45.02465917 -15.76532413 1


mesh: pSphereShape14 tranform: pSphere14 -0.6394419982 -0.2012863572 4.9859564 0 -0.6412440949 5.447513866 0.1376810708 0 -4.272971169 -0.4886361067 -0.5677291932 0 109.3203994 40.63831226 -15.95883845 1


mesh: pSphereShape15 tranform: pSphere15 0.06663156683 -0.04191228339 3.445022216 0 3.366090929 7.945426762 0.03155946713 0 -3.931380189 1.665152108 0.09629672267 0 106.5497052 27.81558931 -19.78179962 1


mesh: pSphereShape16 tranform: pSphere16 0.04479176269 -0.02168646638 2.274992988 0 2.008030266 7.987850918 0.03660892393 0 -1.83236919 0.4604456697 0.04046627219 0 100.676459 12.78756651 -20.67929448 1


mesh: pSphereShape17 tranform: pSphere17 -0.05130506649 0.1551490955 2.54630303 0 0.4427764969 2.316635173 -0.1322337405 0 -6.20892217 1.175476855 -0.1967257352 0 93.64229239 3.322542654 -21.10948477 1


mesh: pSphereShape18 tranform: pSphere18 0.03147287453 -0.4086870248 2.873757466 0 -1.301991402 7.947586184 1.144512995 0 -3.274253815 -0.530691121 -0.03961238802 0 111.0426423 27.10849585 -12.91084609 1


mesh: pSphereShape19 tranform: pSphere19 0.04553158997 -0.2656191096 1.944409905 0 -5.071321002 8.256350253 1.246624853 0 -1.954151804 -1.182816351 -0.1158207365 0 116.2042474 11.84003336 -14.72101493 1


mesh: pSphereShape20 tranform: pSphere20 0.4359600798 0.01117840332 2.584195743 0 -0.3686933479 1.823101347 0.05431330795 0 -5.744361285 -1.190730239 0.9742383772 0 116.0592565 2.460491369 -15.76850429 1


mesh: pSphereShape21 tranform: pSphere21 -0.7620700929 -0.2398877668 5.942131214 0 1.793479315 2.757112781 0.3413177028 0 -4.992456931 3.310271802 -0.5066378205 0 110.8926925 36.84918527 -15.81524359 1


