mesh: pSphereShape1 tranform: pSphere1 0.5279806939 3.260794174 0.4509185666 0 -1.350404525 0.4003956308 -1.3142511 0 -2.397161231 0.04561145059 2.477000018 0 -36.83719571 33.17325728 -23.1302753 1


mesh: pSphereShape2 tranform: pSphere2 0.2678864883 5.853907151 0.676065849 0 -2.813441039 0.2992539593 -1.476368099 0 -1.410619544 -0.2402758073 2.639444346 0 -35.44701981 40.96634003 -21.88414468 1


mesh: pSphereShape3 tranform: pSphere3 -0.5961555112 6.428121879 1.669235638 0 -2.608550186 0.1612198512 -1.552472499 0 -1.530815093 -0.7886345797 2.490262757 0 -35.32845959 51.51910139 -20.16193162 1


mesh: pSphereShape4 tranform: pSphere4 0.6483013731 0.3063725165 4.040902869 0 -0.5554737903 3.326356393 -0.1630798313 0 -3.810844103 -0.6041590393 0.6571979767 0 -35.76693459 58.08535136 -15.78774425 1


mesh: pSphereShape5 tranform: pSphere5 0.173604322 0.3152452056 4.225996582 0 -0.5401205985 3.092004049 -0.2084649538 0 -3.948448101 -0.6753942257 0.2125847548 0 -35.43612638 59.00961087 -9.164609344 1


mesh: pSphereShape6 tranform: pSphere6 -1.525672106 -5.215242666 2.661602391 0 -0.9224563713 1.22830722 1.878024413 0 -2.12006686 0.066544094 -1.084866501 0 -36.78319528 52.95782123 -4.929447704 1


mesh: pSphereShape7 tranform: pSphere7 -3.771523732 -3.690167384 2.178252833 0 -0.6714157966 1.575402171 1.50636191 0 -1.993642327 0.9355263602 -1.867010306 0 -42.51833051 44.81809429 -1.453500506 1


mesh: pSphereShape8 tranform: pSphere8 -0.9430547308 -4.050556115 1.087406813 0 -0.6953476993 0.3328813224 0.6369313952 0 -1.787890868 -0.09448094416 -1.902488822 0 -47.17186925 38.8016357 0.8182370913 1


mesh: pSphereShape10 tranform: pSphere10 0.03902942545 0.004602795561 4.166076026 0 0.394479932 3.492484069 -0.007554234505 0 -5.035943798 0.5689161006 0.0465501319 0 -35.36368642 68.33396178 -12.73548329 1


mesh: pSphereShape11 tranform: pSphere11 0.04606596091 0.01895820887 0.9987584861 0 -2.252032351 3.172487345 0.04365155051 0 -2.119392231 -1.50621719 0.1263438774 0 -37.19305607 64.08010566 -13.25132303 1


mesh: pSphereShape12 tranform: pSphere12 0.806724318 0.5097091714 7.12143999 0 -0.3353563518 3.742265764 -0.2298589976 0 -5.862812587 -0.4824708171 0.6986779772 0 -35.10732287 54.20318376 -13.0274392 1


mesh: pSphereShape13 tranform: pSphere13 0.65064102 0.4342858123 4.912744027 0 -0.7250319227 4.630432023 -0.31330666 0 -4.351793394 -0.6385859209 0.6327999345 0 -35.49840882 49.03622708 -12.36939367 1


mesh: pSphereShape14 tranform: pSphere14 0.7126088769 0.4885366394 4.956075467 0 -0.8341308767 5.407323383 -0.4130821937 0 -4.24344542 -0.6034368515 0.6696261808 0 -35.07072393 44.64727129 -12.00246743 1


mesh: pSphereShape15 tranform: pSphere15 0.8427382864 0.3471089583 3.323203578 0 0.2798845639 8.570274425 -0.966142576 0 -4.138570501 0.2505189861 1.02334219 0 -35.71921071 30.93156407 -14.77016557 1


mesh: pSphereShape16 tranform: pSphere16 0.5126190139 0.33819268 2.191099531 0 -3.392261266 7.496649205 -0.3634587338 0 -1.668595709 -0.7306514762 0.5031514324 0 -33.91427359 15.37317981 -14.10342874 1


mesh: pSphereShape17 tranform: pSphere17 -3.862406246e-05 0.1831447641 2.544959835 0 -1.358242795 1.927760468 -0.1387494184 0 -5.172711932 -3.625765094 0.260845021 0 -33.14125908 3.166321155 -13.71753091 1


mesh: pSphereShape18 tranform: pSphere18 0.4815867237 0.1870358023 2.856499507 0 2.966806632 7.508895928 -0.9918458076 0 -3.039294609 1.257648275 0.4300573749 0 -37.04928112 31.69218803 -6.775515401 1


mesh: pSphereShape19 tranform: pSphere19 0.4054912122 0.02224613825 1.920530786 0 -6.868004253 6.811025511 1.371181537 0 -1.55645119 -1.639452381 0.3476115921 0 -35.23148561 18.20285567 -6.266496235 1


mesh: pSphereShape20 tranform: pSphere20 1.060254457 0.9959504261 2.179953445 0 -1.314235162 1.316797511 0.03759651192 0 -3.454819776 -3.542278627 3.298658506 0 -31.75661854 8.21662962 -5.477178084 1


mesh: pSphereShape21 tranform: pSphere21 0.8492684474 0.5822250699 5.906519906 0 1.68987613 2.794683311 -0.5184598057 0 -5.096675104 3.159998163 0.4213335839 0 -33.34232947 40.93010486 -11.78907886 1


