mesh: pSphereShape1 tranform: pSphere1 0.9955222003 3.142595487 -0.497894533 0 0.4108883808 0.1668537289 1.874698794 0 3.206823697 -1.11155122 -0.6039264199 0 32.36981095 31.78390371 6.322999622 1


mesh: pSphereShape2 tranform: pSphere2 1.733149791 5.631131812 -0.2891426163 0 -0.09556686182 0.192906664 3.18407289 0 2.868452633 -0.8757074947 0.1391484564 0 34.62542219 39.3230306 4.824659039 1


mesh: pSphereShape3 tranform: pSphere3 2.6930806 6.069550319 -0.6085850033 0 -0.1720654016 0.3782857391 3.011310374 0 2.764436048 -1.195690768 0.308163706 0 38.00585709 49.49002158 3.810990011 1


mesh: pSphereShape4 tranform: pSphere4 2.891639462 -0.3598015921 -2.889985955 0 0.4887246464 3.339997971 0.07317644078 0 2.71905741 -0.4587231286 2.777723887 0 42.68873963 55.28202202 1.315890252 1


mesh: pSphereShape5 tranform: pSphere5 3.228404007 -0.3793646528 -2.7243449 0 0.4167587076 3.117437616 0.05976476873 0 2.546697832 -0.3993810976 3.073502389 0 47.80702525 55.1286253 -3.031305066 1


mesh: pSphereShape6 tranform: pSphere6 2.142409232 -5.657733623 -0.1034004516 0 2.181984675 0.8381382031 -0.6504669948 0 0.6113112931 0.1895438447 2.294867876 0 51.03966149 48.36610336 -4.068794739 1


mesh: pSphereShape7 tranform: pSphere7 3.315580471 -4.4540367 1.324762319 0 1.848232246 1.202321754 -0.5833329581 0 0.2229500865 0.9718472545 2.709493117 0 55.93085692 39.2292329 -1.665770829 1


mesh: pSphereShape8 tranform: pSphere8 -0.003752739255 -4.286413801 0.3247357157 0 0.9916385334 -0.0106115449 -0.1286095419 0 0.3371212301 0.1954090138 2.583236093 0 59.2274762 32.25966268 0.2506747891 1


mesh: pSphereShape10 tranform: pSphere10 2.672763565 -0.2786614322 -3.183773966 0 0.3850753239 3.493497852 0.01749878636 0 3.847959375 -0.4405200937 3.268900897 0 46.64583615 64.8528272 -0.2685275751 1


mesh: pSphereShape11 tranform: pSphere11 0.6895802347 -0.04012252581 -0.7230970079 0 2.044037502 2.781785938 1.794939777 0 1.297628888 -1.817025273 1.338302975 0 46.61885637 60.48226865 1.114123344 1


mesh: pSphereShape12 tranform: pSphere12 5.428578562 -0.6483115604 -4.662160659 0 0.4091438863 3.741727529 -0.04391429167 0 3.82706721 -0.365579181 4.507039924 0 44.11588645 50.98604773 -0.3178347716 1


mesh: pSphereShape13 tranform: pSphere13 3.861939038 -0.4186567778 -3.107594753 0 0.468985531 4.673606227 -0.04680256101 0 2.765634007 -0.2427788083 3.469677287 0 44.37492126 45.86153583 0.4305252256 1


mesh: pSphereShape14 tranform: pSphere14 3.965413188 -0.04202183549 -3.095625285 0 0.1293025902 5.484571451 0.09118236577 0 2.667677364 -0.119731561 3.418848655 0 44.28314511 41.47042559 0.6138918103 1


mesh: pSphereShape15 tranform: pSphere15 2.724143258 -0.6354680201 -2.012361394 0 0.5121170968 8.38891494 -1.955815115 0 2.603023676 0.6171860824 3.328829205 0 40.70047064 27.86555549 4.824299662 1


mesh: pSphereShape16 tranform: pSphere16 1.903204452 -0.1741659749 -1.235131056 0 3.504416528 5.888762285 4.569554858 0 0.6531208905 -1.313314552 1.191579865 0 36.86834303 14.18512007 3.965557206 1


mesh: pSphereShape17 tranform: pSphere17 2.302057396 -1.076258566 -0.2292636335 0 0.9133329716 1.65071405 1.42172477 0 -1.208030889 -3.652625039 5.016986452 0 31.30026536 3.992923247 1.772730758 1


mesh: pSphereShape18 tranform: pSphere18 1.855723885 -0.3760410806 -2.200313515 0 0.6087135682 8.065384601 -0.8650183803 0 2.538753531 0.03735075422 2.134777666 0 46.71331959 27.84180229 -1.515856327 1


mesh: pSphereShape19 tranform: pSphere19 1.24541807 -0.2226908433 -1.500899442 0 2.107090623 9.533538575 0.333917769 0 1.697690624 -0.4267802758 1.472033755 0 44.82338141 11.49881483 -1.020786399 1


mesh: pSphereShape20 tranform: pSphere20 0.9607510015 0.2074710163 -2.429437605 0 -0.1013935707 1.854270293 0.118255092 0 5.523306611 0.1618391746 2.198080447 0 47.29346319 2.10758687 1.225957758 1


mesh: pSphereShape21 tranform: pSphere21 4.725874755 -0.0500805142 -3.689284494 0 -1.244981473 2.593812769 -1.629997903 0 2.926323279 3.728425024 3.697930016 0 43.56295512 37.56065208 -0.4084612845 1


