mesh: pSphereShape1 tranform: pSphere1 0.8844861272 3.045654069 -1.02788394 0 -1.69887441 0.6919455704 0.5883893806 0 1.343635847 0.6579634644 3.105755665 0 130.6802269 29.67656737 -22.06973268 1


mesh: pSphereShape2 tranform: pSphere2 1.099080045 5.647127101 -1.303470634 0 -2.623765674 0.877795598 1.590595723 0 1.615021975 0.2666286668 2.516914697 0 132.9728506 36.94875018 -24.5363236 1


mesh: pSphereShape3 tranform: pSphere3 1.569676332 6.47787113 -0.1892134591 0 -2.604280812 0.6724253557 1.416425913 0 1.389521688 -0.2584915351 2.677528627 0 135.2019489 47.25182283 -26.29717995 1


mesh: pSphereShape4 tranform: pSphere4 3.930837985 0.3994664905 1.109952272 0 -0.3981493315 3.346488052 0.2056400838 0 -1.025991754 -0.3531543922 3.760594766 0 139.2359981 53.94010401 -25.33044674 1


mesh: pSphereShape5 tranform: pSphere5 3.818089123 0.4291494224 1.796271507 0 -0.4206968192 3.113857147 0.1502823781 0 -1.66231168 -0.3997232341 3.628847373 0 145.2826853 55.04931888 -22.72009789 1


mesh: pSphereShape6 tranform: pSphere6 3.463898839 -4.468274386 2.155571286 0 1.021160759 1.546884135 1.56557346 0 -1.676406274 -0.5228596023 1.610070425 0 150.1540713 49.70595966 -19.87069481 1


mesh: pSphereShape7 tranform: pSphere7 2.143148439 -3.578290812 3.897340327 0 0.6686247295 1.776950276 1.263806182 0 -2.538556007 -0.02276657604 1.375049768 0 154.1565828 41.95252582 -13.82489628 1


mesh: pSphereShape8 tranform: pSphere8 1.420892063 -4.025977565 0.5013791334 0 0.5758418801 0.2980416423 0.7612997495 0 -1.953500312 -0.4819378376 1.666288262 0 156.9202475 35.91344837 -9.463674408 1


mesh: pSphereShape10 tranform: pSphere10 3.598089043 0.6161556005 2.007944583 0 -0.3974863402 3.47418114 -0.3538169964 0 -2.489928096 0.1643811233 4.411326252 0 140.7634631 64.19146031 -24.37707385 1


mesh: pSphereShape11 tranform: pSphere11 0.8860753219 0.1146892744 0.4491290397 0 -1.401019243 3.036572588 1.988618394 0 -0.7598768582 -1.599923475 1.907697162 0 140.237383 59.85404602 -23.02209361 1


mesh: pSphereShape12 tranform: pSphere12 6.619119147 0.7080056235 2.703979446 0 -0.4047822576 3.742443497 0.01095827503 0 -2.214746522 -0.2556174908 5.488447684 0 142.0466986 50.11526409 -24.5409919 1


mesh: pSphereShape13 tranform: pSphere13 4.602925235 0.3668503062 1.850808449 0 -0.4597848958 4.669673665 0.2178962851 0 -1.628340594 -0.3525550788 4.119532171 0 142.3638905 44.99688338 -23.62220476 1


mesh: pSphereShape14 tranform: pSphere14 4.675811044 0.3040973496 1.831250768 0 -0.379686263 5.473365317 0.0605626153 0 -1.572330254 -0.1537773041 4.040234449 0 142.6330796 40.62077016 -23.49388624 1


mesh: pSphereShape15 tranform: pSphere15 3.139313675 0.5068528338 1.327472909 0 -0.6141584549 8.424474189 -1.764203671 0 -1.734563307 0.6783328715 3.843033885 0 139.3679726 27.14383343 -22.93820253 1


mesh: pSphereShape16 tranform: pSphere16 2.044578718 0.4425819588 0.8954824252 0 -2.343323348 7.748238029 1.520832397 0 -0.631723617 -0.5251021922 1.701886466 0 141.0049235 11.54658479 -22.14222957 1


mesh: pSphereShape17 tranform: pSphere17 2.021586081 -0.08514360328 1.554446157 0 0.03474899872 2.360519931 0.0841039619 0 -3.856299314 -0.1216825786 5.008523766 0 140.5699187 1.307804924 -20.39769854 1


mesh: pSphereShape18 tranform: pSphere18 2.667998753 1.140089058 -0.09207166137 0 -2.590000681 5.636024784 -5.262731122 0 -0.7699941655 2.006010967 2.527245385 0 149.365009 29.621037 -16.81318552 1


mesh: pSphereShape19 tranform: pSphere19 1.843394881 0.667468716 -0.09867795785 0 -2.922147034 8.601567872 3.593574346 0 0.3873015609 -0.755670623 2.123708466 0 154.8384399 17.04235395 -13.54172919 1


mesh: pSphereShape20 tranform: pSphere20 1.654845048 0.8218760794 -1.858564329 0 0.09074914417 1.668574107 0.8186624983 0 4.602167375 -1.857727124 3.276212886 0 160.6222422 6.862705274 -13.61923054 1


mesh: pSphereShape21 tranform: pSphere21 5.572508166 0.3624151934 2.182436322 0 0.5935106935 2.605284371 -1.948069587 0 -1.938121132 3.684360483 4.336863129 0 143.4067358 36.73447211 -24.5654981 1


