mesh: pSphereShape1 tranform: pSphere1 -0.7809138015 3.145341446 -0.7822216019 0 1.636614839 0.6086988176 0.8137214598 0 1.629348485 -0.3460705399 -3.018186568 0 73.39777817 30.71964658 24.3997197 1


mesh: pSphereShape2 tranform: pSphere2 -0.8864446593 5.713004957 -1.171685693 0 2.771210639 0.7191505083 1.409922096 0 1.419020123 -0.3185188047 -2.626627891 0 71.22582721 38.18137778 22.45647611 1


mesh: pSphereShape3 tranform: pSphere3 -0.3195153727 6.286844544 -2.199089699 0 2.575518031 0.6482123438 1.478926774 0 1.60171475 -0.7754088204 -2.449489532 0 69.79050383 48.47803437 19.85645399 1


mesh: pSphereShape4 tranform: pSphere4 -1.235622504 0.2485162087 -3.905704995 0 0.4868266195 3.340563668 0.05854264246 0 3.689486031 -0.5166443779 -1.200092295 0 68.96159724 54.91925537 15.07881199 1


mesh: pSphereShape5 tranform: pSphere5 -0.8681396475 0.2496058597 -4.143983057 0 0.3908722375 3.119560293 0.1060160808 0 3.894735176 -0.4593306544 -0.8435907188 0 67.53234011 55.76129438 8.578100844 1


mesh: pSphereShape6 tranform: pSphere6 0.547810255 -5.469084484 -2.529738634 0 0.531275419 1.037486094 -2.127911914 0 2.314598122 -0.02893527616 0.5637776322 0 67.73739229 49.40963834 4.494149882 1


mesh: pSphereShape7 tranform: pSphere7 2.487401207 -4.338726334 -2.75223564 0 0.4500658547 1.375971171 -1.762373808 0 2.535408998 0.6974245126 1.191992886 0 71.59898771 40.40416227 0.369314614 1


mesh: pSphereShape8 tranform: pSphere8 0.05897527949 -4.284893673 -0.3391441763 0 0.3607139571 0.07852283271 -0.9293651628 0 2.436315853 -0.04103682113 0.9421386121 0 74.46302196 33.52361651 -2.381818524 1


mesh: pSphereShape10 tranform: pSphere10 -1.063680007 0.1149459665 -4.026550162 0 0.1096310561 3.512266113 0.07130383302 0 4.897679468 -0.1265357071 -1.297415477 0 69.36108472 65.03319513 12.04612811 1


mesh: pSphereShape11 tranform: pSphere11 -0.2339629905 0.05188302657 -0.9708601705 0 2.585048739 2.869708938 -0.4696006306 0 1.847754758 -1.752660216 -0.5389442902 0 70.65422726 60.59011507 12.27809881 1


mesh: pSphereShape12 tranform: pSphere12 -1.511885161 0.4174305707 -7.011809329 0 0.3168541962 3.747731981 0.1547918221 0 5.769838646 -0.4353594338 -1.270009686 0 67.97419838 50.9932369 12.4788666 1


mesh: pSphereShape13 tranform: pSphere13 -1.031213814 0.4793851459 -4.842910254 0 0.5193964825 4.655352223 0.3502228593 0 4.31930407 -0.4096622508 -0.960272187 0 68.45670379 45.86518701 11.78486254 1


mesh: pSphereShape14 tranform: pSphere14 -0.9403899892 0.4002836837 -4.925911401 0 0.5260538864 5.450826597 0.3425114671 0 4.241320954 -0.3566260882 -0.8386767511 0 68.26203903 41.4638476 11.45668906 1


mesh: pSphereShape15 tranform: pSphere15 -0.3920773952 0.232420707 -3.415644947 0 0.4613313377 8.600304832 0.5322600471 0 4.236687726 -0.1963366608 -0.4996837259 0 68.17321221 27.90876697 15.17180182 1


mesh: pSphereShape16 tranform: pSphere16 -0.233489188 0.2131383792 -2.253469443 0 2.97090547 7.67062914 0.4176809052 0 1.751852813 -0.6651990061 -0.2444311507 0 65.84413842 12.1285981 15.01676416 1


mesh: pSphereShape17 tranform: pSphere17 0.4240515391 -0.1316100484 -2.512612516 0 0.1817487531 2.353450238 -0.09259957901 0 6.215346207 -0.4378145363 1.071891468 0 66.91448372 1.774111502 15.66741808 1


mesh: pSphereShape18 tranform: pSphere18 -0.2125278457 0.09506060626 -2.893491488 0 -3.889743585 7.125231999 0.5197899162 0 2.903243033 1.596642407 -0.1607892037 0 71.24866549 28.52576033 7.140560978 1


mesh: pSphereShape19 tranform: pSphere19 -0.183113257 -0.007101601622 -1.954424626 0 3.254625426 9.205031394 -0.3383786304 0 2.145941404 -0.766029643 -0.1982733319 0 73.24106703 13.64295342 6.383029765 1


mesh: pSphereShape20 tranform: pSphere20 -0.8768573623 0.2936907246 -2.452166534 0 0.473695579 1.798909042 0.04606516022 0 5.395734556 -1.367224681 -2.09318197 0 74.90861907 3.334187285 5.621261966 1


mesh: pSphereShape21 tranform: pSphere21 -1.120731964 0.4770475272 -5.870571169 0 -1.831246173 2.694078451 0.5685204194 0 4.877837146 3.452911573 -0.6506258022 0 66.7512862 37.64887871 11.33901742 1


