mesh: pSphereShape1 tranform: pSphere1 0.3065394284 3.113132488 1.152956852 0 -1.196467045 0.6265649196 -1.37369866 0 -2.683175064 -0.5144137001 2.102365711 0 115.1044806 31.47234183 -29.93869073 1


mesh: pSphereShape2 tranform: pSphere2 -0.02363610592 5.640832279 1.725546195 0 -2.320692297 0.6319230102 -2.097552562 0 -2.060922724 -0.6465588442 2.085379007 0 115.9745565 38.8813923 -27.01369832 1


mesh: pSphereShape3 tranform: pSphere3 -0.9372642385 6.078728047 2.575480729 0 -2.106976888 0.5713926273 -2.115385457 0 -2.140516536 -1.106692431 1.833076313 0 115.6143035 48.99174311 -23.48808315 1


mesh: pSphereShape4 tranform: pSphere4 -0.05859141722 -0.1748927286 4.099882238 0 -0.4935468279 3.337348558 0.135311298 0 -3.871561026 -0.5693213872 -0.07961458384 0 114.415326 54.93618724 -18.26453081 1


mesh: pSphereShape5 tranform: pSphere5 -0.836597647 -0.188912505 4.153670853 0 -0.452478208 3.112619026 0.05043020034 0 -3.890061261 -0.5523929261 -0.8086269106 0 113.3337007 55.07732381 -11.68861609 1


mesh: pSphereShape6 tranform: pSphere6 -1.888037205 -5.390346702 1.997507614 0 -1.100251571 1.079679543 1.87360045 0 -1.989004088 0.2174116217 -1.29330656 0 111.2206462 48.66151056 -8.224833222 1


mesh: pSphereShape7 tranform: pSphere7 -4.231768684 -3.599638669 1.311963129 0 -0.7683209181 1.472831335 1.5627758 0 -1.675953058 1.242994436 -1.995417991 0 104.8462094 40.56823829 -6.238969343 1


mesh: pSphereShape8 tranform: pSphere8 -1.319836519 -4.084919108 -0.2242277648 0 -0.5411050425 0.1292177509 0.8309681738 0 -2.045301964 0.7402626356 -1.446960686 0 99.66130908 34.6470846 -5.15920165 1


mesh: pSphereShape10 tranform: pSphere10 0.2947104766 -0.1063260177 4.1544644 0 0.1601060071 3.510174294 0.07847893378 0 -5.050220822 0.222213748 0.3639410385 0 113.7923422 64.83476484 -14.79232818 1


mesh: pSphereShape11 tranform: pSphere11 0.009032968206 -0.004939500989 0.999947002 0 -2.424735082 3.042618415 0.03693352897 0 -2.035705326 -1.622427999 0.01037502664 0 112.2478247 60.51373794 -15.56082109 1


mesh: pSphereShape12 tranform: pSphere12 -0.7170717743 -0.3331763793 7.141450599 0 -0.3223859434 3.747748644 0.1424763007 0 -5.872526285 -0.4818904521 -0.6121413708 0 114.6063175 50.7475329 -15.90458228 1


mesh: pSphereShape13 tranform: pSphere13 -0.5271289248 -0.379561093 4.932044227 0 -0.8420230531 4.613618172 0.2650615423 0 -4.346275542 -0.7631687965 -0.5232549867 0 114.2216311 45.52709873 -16.07585769 1


mesh: pSphereShape14 tranform: pSphere14 -0.5420917323 -0.1656162198 4.998786984 0 -0.8475990846 5.420281204 0.08766327285 0 -4.260487945 -0.6584105974 -0.4838411344 0 114.6949996 41.15023572 -16.24329379 1


mesh: pSphereShape15 tranform: pSphere15 0.4529667322 -0.1235122527 3.413786803 0 3.286347562 7.977440358 -0.1474299703 0 -3.908627452 1.620847596 0.5772688383 0 111.9079059 28.41566966 -19.88869042 1


mesh: pSphereShape16 tranform: pSphere16 0.2367724985 0.1744624722 2.256451047 0 -3.850600695 7.279214087 -0.1587596321 0 -1.658922631 -0.8722790259 0.2415151936 0 111.0415727 13.99964395 -20.35195939 1


mesh: pSphereShape17 tranform: pSphere17 -0.01400803771 -0.01228558933 2.551473184 0 -1.019860223 2.130774206 0.004660670724 0 -5.702609862 -2.729363713 -0.04445048312 0 111.7932871 2.574340997 -20.51761473 1


mesh: pSphereShape18 tranform: pSphere18 -0.06313550049 -0.3308718276 2.883233487 0 -0.00669082635 8.081421375 0.9272548488 0 -3.316432944 0.00551415089 -0.0719886813 0 115.0255335 27.4576997 -13.06056673 1


mesh: pSphereShape19 tranform: pSphere19 -0.01814622008 -0.2148817559 1.95111585 0 -3.525484481 9.059770706 0.9649889419 0 -2.132950704 -0.818296184 -0.1099585725 0 117.544553 11.46535719 -14.41335772 1


mesh: pSphereShape20 tranform: pSphere20 0.4917364471 0.1218865733 2.571301755 0 -0.1514771616 1.85369052 -0.05890134981 0 -5.821104937 -0.4396452309 1.13407005 0 115.7921065 1.973801301 -15.04215039 1


mesh: pSphereShape21 tranform: pSphere21 -0.646050616 -0.1973770387 5.957422365 0 1.691985869 2.827560555 0.2771675299 0 -5.124257503 3.110677052 -0.4526376217 0 116.4140895 37.4259821 -16.08558059 1


