mesh: pSphereShape1 tranform: pSphere1 0.7067783283 3.191310135 0.6564098017 0 -1.215492349 0.554654889 -1.387840516 0 -2.572712622 0.09824417737 2.2924854 0 117.50973 28.66498422 -30.70438359 1


mesh: pSphereShape2 tranform: pSphere2 0.6129418461 5.797365772 0.9010602252 0 -2.481304899 0.5618013633 -1.926699614 0 -1.862147654 -0.1682328877 2.349116903 0 119.2991136 36.28099197 -28.96858725 1


mesh: pSphereShape3 tranform: pSphere3 -0.5914932473 6.41280689 1.728740418 0 -2.277232892 0.3256513443 -1.987173452 0 -1.987542911 -0.7635921305 2.152521354 0 119.7601126 46.74039599 -26.92944545 1


mesh: pSphereShape4 tranform: pSphere4 0.1610457981 0.05816248464 4.100455604 0 -1.061991694 3.204988703 -0.003750999346 0 -3.712175511 -1.229859949 0.1632408793 0 118.8271802 53.00408796 -22.43857507 1


mesh: pSphereShape5 tranform: pSphere5 -0.4925726559 -0.0895032824 4.211641776 0 -0.9576173811 2.996049115 -0.04832792473 0 -3.792538032 -1.219769471 -0.4694781768 0 118.1588505 53.34551856 -15.79524427 1


mesh: pSphereShape6 tranform: pSphere6 0.1313958516 -5.705936217 2.008876735 0 -1.34627359 0.6426526249 1.913422355 0 -1.981352491 -0.4797089078 -1.232951176 0 118.304246 46.64093607 -12.25668326 1


mesh: pSphereShape7 tranform: pSphere7 -2.144820066 -5.030988187 1.635670117 0 -1.23874101 1.048997644 1.602167915 0 -2.167929548 0.3127146751 -1.880914083 0 115.6612316 36.63452657 -9.926766441 1


mesh: pSphereShape8 tranform: pSphere8 0.739398027 -4.234283872 -0.05423366624 0 -0.5633703229 -0.108866652 0.8190005686 0 -2.111132517 -0.3494546186 -1.498647753 0 113.7204961 29.05930812 -8.527657842 1


mesh: pSphereShape10 tranform: pSphere10 -0.1469168794 -0.2268077368 4.157488138 0 -0.3161476828 3.495845009 0.1795404434 0 -5.044481165 -0.4457947935 -0.2025812489 0 116.9701928 62.84561258 -18.78723564 1


mesh: pSphereShape11 tranform: pSphere11 -0.04943575467 -0.05116868962 0.9974657244 0 -2.759431379 2.742946225 0.003948397639 0 -1.830677075 -1.841412896 -0.1851929176 0 116.1089476 58.43460456 -19.68825431 1


mesh: pSphereShape12 tranform: pSphere12 -0.6831296334 -0.1233224634 7.151478208 0 -1.024551203 3.622001259 -0.03540906685 0 -5.672437029 -1.610124135 -0.5696129086 0 119.9028065 49.06524873 -19.89269428 1


mesh: pSphereShape13 tranform: pSphere13 -0.5968164943 0.09781602306 4.937735703 0 -1.531041946 4.432402396 -0.2728601008 0 -4.167052861 -1.468599649 -0.4745724445 0 120.4145514 43.87600555 -19.65702839 1


mesh: pSphereShape14 tranform: pSphere14 -0.7057122969 0.08056530514 4.980425974 0 -1.610499347 5.235832578 -0.3129000714 0 -4.102155529 -1.295274448 -0.5603109924 0 121.521725 39.62726792 -19.45546011 1


mesh: pSphereShape15 tranform: pSphere15 -0.410458079 0.3558055441 3.402837206 0 -2.892714861 8.042254809 -1.189835654 0 -3.991174862 -1.483854922 -0.3262707241 0 126.1968362 26.84814544 -22.44278318 1


mesh: pSphereShape16 tranform: pSphere16 -0.3192777135 0.2908379224 2.234176525 0 -5.146013109 6.241929432 -1.547951582 0 -1.451506723 -1.209069544 -0.05003654464 0 133.2004075 12.6692182 -20.73766127 1


mesh: pSphereShape17 tranform: pSphere17 -0.6337752281 0.1254865806 2.46838908 0 -1.299139491 1.925210473 -0.431435431 0 -5.041412495 -3.650452486 -1.108836357 0 136.1329626 1.839712925 -19.85654412 1


mesh: pSphereShape18 tranform: pSphere18 -0.6627975048 0.1530153191 2.822017607 0 4.42649901 6.791506668 0.67138771 0 -2.678022595 1.817374645 -0.7275195058 0 117.8073503 27.157525 -16.3522505 1


mesh: pSphereShape19 tranform: pSphere19 -0.4238032293 0.06351195505 1.915649647 0 -0.133848393 9.76201715 -0.353264062 0 -2.233017087 -0.04843632479 -0.4924092295 0 112.7237922 12.239486 -16.45661479 1


mesh: pSphereShape20 tranform: pSphere20 -0.2046051692 0.07945624937 2.611527755 0 0.3009686154 1.836017173 -0.03228122071 0 -5.850124971 0.9504131149 -0.4872558097 0 107.8346623 3.377673744 -17.20760738 1


mesh: pSphereShape21 tranform: pSphere21 -0.8410492854 0.09601560382 5.935540198 0 1.261894086 3.053786781 0.1294075875 0 -5.49229232 2.304098302 -0.815514302 0 123.74424 36.20759515 -18.99019263 1


