mesh: pSphereShape1 tranform: pSphere1 -0.309797468 3.184461924 -0.9370686188 0 1.363373685 0.5045907869 1.264027424 0 2.414356217 -0.4755529068 -2.414275243 0 -142.1321435 32.18531638 -11.435157 1


mesh: pSphereShape2 tranform: pSphere2 0.0742551209 5.728589621 -1.40527729 0 2.568068353 0.4199277755 1.847525852 0 1.782059532 -0.5974369064 -2.341277298 0 -143.0121477 39.78157035 -13.82959338 1


mesh: pSphereShape3 tranform: pSphere3 1.005677862 6.169276151 -2.321883656 0 2.352135772 0.3305561804 1.897073191 0 1.862783833 -1.100729143 -2.117824282 0 -142.5246738 50.05072837 -16.80720667 1


mesh: pSphereShape4 tranform: pSphere4 -0.5639499863 -0.2038940071 -4.059980595 0 0.6788075539 3.297192414 -0.2598759427 0 3.796178049 -0.8198516624 -0.4861332885 0 -141.6918607 55.99690857 -21.86487557 1


mesh: pSphereShape5 tranform: pSphere5 0.01815685704 -0.2375920992 -4.234593892 0 0.6320763564 3.076894771 -0.169926417 0 3.929583624 -0.8038201687 0.06194931935 0 -141.7739106 56.05777729 -28.54687449 1


mesh: pSphereShape6 tranform: pSphere6 0.2290841136 -5.622227672 -2.224552808 0 0.8360676685 0.8673578158 -2.106020264 0 2.234705422 -0.2235387075 0.7950905959 0 -141.6266334 49.37070161 -32.25421768 1


mesh: pSphereShape7 tranform: pSphere7 2.362182129 -4.667736927 -2.284477961 0 0.7466480888 1.240371268 -1.76233173 0 2.452527986 0.5449033081 1.422579925 0 -138.2525615 39.86144677 -35.56352196 1


mesh: pSphereShape8 tranform: pSphere8 -0.2408550725 -4.28546127 -0.2358414327 0 0.4382556461 0.02481629121 -0.8985077297 0 2.343643508 -0.19433404 1.137766895 0 -135.727671 32.66268781 -37.78551338 1


mesh: pSphereShape10 tranform: pSphere10 0.9153606697 -0.03559674407 -4.064305802 0 0.3644815604 3.495371227 0.05147453473 0 4.916339631 -0.529027955 1.111888679 0 -139.8412803 65.66887258 -24.74449672 1


mesh: pSphereShape11 tranform: pSphere11 0.1278148043 -0.01507357571 -0.9916834995 0 2.852591685 2.625553266 0.3277527276 0 1.738735371 -1.920707576 0.2532945767 0 -139.0865502 61.14465911 -24.18388865 1


mesh: pSphereShape12 tranform: pSphere12 -0.5738452917 -0.4023999491 -7.150824495 0 0.4577789669 3.72820484 -0.2465343324 0 5.860942442 -0.7479719841 -0.4282429724 0 -142.4351623 51.81103147 -24.1118282 1


mesh: pSphereShape13 tranform: pSphere13 -0.3709531384 -0.4628701834 -4.939143321 0 0.726750872 4.615117854 -0.4870866885 0 4.377654918 -0.7169660314 -0.2615924561 0 -142.1199043 46.61417887 -23.93872935 1


mesh: pSphereShape14 tranform: pSphere14 -0.4374171161 -0.3614794685 -4.998716071 0 0.8220668596 5.405143321 -0.4628057319 0 4.272545519 -0.6776268231 -0.3248706933 0 -142.5401344 42.22885084 -23.5635647 1


mesh: pSphereShape15 tranform: pSphere15 -1.731683254 0.02388895937 -2.979106728 0 -0.1498646299 8.626383122 0.1562862389 0 3.691413508 0.1029900158 -2.144904232 0 -142.1762118 28.76808135 -19.79979091 1


mesh: pSphereShape16 tranform: pSphere16 -1.087574738 0.1475785928 -1.993356829 0 3.768659665 7.162975825 -1.525866874 0 1.416963455 -0.9247780577 -0.8415608677 0 -144.2861714 13.49661875 -18.23632917 1


mesh: pSphereShape17 tranform: pSphere17 -1.820622386 0.8695608964 -1.561909263 0 0.9480618275 2.161449074 0.09824450845 0 3.630735061 -1.365604941 -4.992398965 0 -146.2356894 3.120878321 -19.90140187 1


mesh: pSphereShape18 tranform: pSphere18 0.04905885429 0.1938112284 -2.895950282 0 -1.632486766 7.952960927 0.5045960926 0 3.249246939 0.6606680149 0.09925902855 0 -142.1508347 28.52505344 -27.76143057 1


mesh: pSphereShape19 tranform: pSphere19 0.005694756883 0.1292067018 -1.958731659 0 2.012586441 9.538651893 0.6350634785 0 2.238106478 -0.4705907448 -0.02453526778 0 -141.6880382 12.42197106 -29.23014757 1


mesh: pSphereShape20 tranform: pSphere20 -0.2348185415 -0.1585901191 -2.605371992 0 0.03944373068 1.856727698 -0.1165748258 0 5.921558973 -0.1586977264 -0.5240418467 0 -138.4796745 2.882331057 -29.57913464 1


mesh: pSphereShape21 tranform: pSphere21 -0.5213021716 -0.4308016879 -5.957337852 0 -1.709685501 2.829961633 -0.05503959858 0 5.119123963 3.079610477 -0.6706538943 0 -144.262367 38.51686346 -23.23910656 1


