mesh: pSphereShape1 tranform: pSphere1 0.604666562 3.087381464 -1.103324002 0 1.834496668 -0.1567472368 0.5667603334 0 0.8463843613 -1.270355739 -3.090925633 0 93.88527335 31.07645455 18.24927114 1


mesh: pSphereShape2 tranform: pSphere2 1.581047201 5.438638519 -1.648805002 0 2.739456611 -0.3089916376 1.607659112 0 1.313201698 -1.125743718 -2.454067806 0 95.01393571 38.54051313 15.56867379 1


mesh: pSphereShape3 tranform: pSphere3 1.718784058 5.877699671 -2.638357035 0 2.597628266 -0.05123970783 1.578099697 0 1.365286831 -1.428839442 -2.293721357 0 97.46092642 48.45145237 12.14001881 1


mesh: pSphereShape4 tranform: pSphere4 -1.368702935 -0.02325928017 -3.869000655 0 0.38333807 3.35090814 -0.1557548593 0 3.663071023 -0.4791481167 -1.292972492 0 98.15800315 54.36746968 6.95077856 1


mesh: pSphereShape5 tranform: pSphere5 -0.882042506 -0.03150572277 -4.1484423 0 0.3212006609 3.127944056 -0.09204919498 0 3.902290293 -0.4250379157 -0.8264776354 0 96.63338166 54.7660834 0.4416608272 1


mesh: pSphereShape6 tranform: pSphere6 1.812606232 -5.089566113 -2.724212575 0 0.2116225068 1.19874681 -2.098776329 0 2.26351044 0.5238247412 0.5274230397 0 98.05425113 48.72310606 -3.752733507 1


mesh: pSphereShape7 tranform: pSphere7 4.255018915 -2.628758863 -2.751536454 0 -0.1032948531 1.565510831 -1.655392215 0 1.920205371 1.624997673 1.41694766 0 104.659444 41.94504924 -8.038796108 1


mesh: pSphereShape8 tranform: pSphere8 2.251820319 -3.636849908 -0.4259561472 0 0.2238214011 0.2489473202 -0.9422999587 0 2.147146158 1.231601797 0.8353828535 0 110.4262659 37.34031901 -10.96180541 1


mesh: pSphereShape10 tranform: pSphere10 -2.142055373 0.1264371547 -3.571182768 0 0.2675886299 3.504309532 -0.03643463372 0 4.329850016 -0.357760956 -2.609783194 0 98.5798879 64.25401855 3.546876108 1


mesh: pSphereShape11 tranform: pSphere11 -0.4348018437 0.07706384965 -0.8972226701 0 2.511397139 2.806888685 -0.9759566803 0 1.634640323 -1.791492522 -0.946034875 0 99.75285483 59.81208692 3.702784773 1


mesh: pSphereShape12 tranform: pSphere12 -2.197457756 -0.062081731 -6.840529246 0 0.2189648327 3.756461146 -0.1044325014 0 5.62958855 -0.3783307392 -1.805020511 0 97.18928515 50.26447751 4.63131715 1


mesh: pSphereShape13 tranform: pSphere13 -1.482898339 -0.3471458096 -4.735767528 0 0.04867513117 4.683354469 -0.3585452917 0 4.241412273 -0.1449445253 -1.317477324 0 97.93963816 45.15523825 4.397312309 1


mesh: pSphereShape14 tranform: pSphere14 -1.62440325 -0.2189865693 -4.756313957 0 0.03519004 5.480368851 -0.2643412525 0 4.105669076 -0.09378825152 -1.397873203 0 98.13800666 40.74754801 4.557273677 1


mesh: pSphereShape15 tranform: pSphere15 -1.98387874 0.1429778369 -2.813921988 0 -2.182127174 8.117490853 1.950905895 0 3.320625948 1.437735816 -2.268063895 0 101.5186644 27.62456275 6.16658158 1


mesh: pSphereShape16 tranform: pSphere16 -1.310373156 0.1040717926 -1.857460889 0 -0.9862571873 8.096017905 1.149381962 0 1.528326024 0.3365714526 -1.059322333 0 105.6433007 12.24357161 3.477345641 1


mesh: pSphereShape17 tranform: pSphere17 -1.393271731 0.2907753986 -2.117688863 0 -0.09438330871 2.329283121 0.3819257105 0 5.290470914 0.7678072172 -3.375285313 0 110.8402684 2.334807491 -0.2259321328 1


mesh: pSphereShape18 tranform: pSphere18 -1.042993472 -0.3102875289 -2.691167751 0 0.6908461136 8.016912558 -1.192083241 0 3.082855022 -0.4358497946 -1.144543631 0 95.28569321 27.06554725 2.157268829 1


mesh: pSphereShape19 tranform: pSphere19 -0.740087405 -0.2158180172 -1.805283837 0 5.24681485 7.649425741 -3.065437894 0 1.725889704 -1.400260956 -0.5401409291 0 90.51876278 12.2024408 5.372706704 1


mesh: pSphereShape20 tranform: pSphere20 -0.8177056981 -0.315864668 -2.469785556 0 0.5614652012 1.72681923 -0.4067375302 0 5.357436417 -2.096576417 -1.505625403 0 90.15723765 2.76466981 7.598419858 1


mesh: pSphereShape21 tranform: pSphere21 -1.935920911 -0.2609824123 -5.668449412 0 -1.991801954 2.579181327 0.5615027774 0 4.388575265 3.753045215 -1.671605889 0 97.00279986 36.83066322 5.025811225 1


