mesh: pSphereShape1 tranform: pSphere1 -1.533471313 2.95386663 0.1949550498 0 1.709320597 0.888352316 -0.01477346524 0 -0.1163827028 0.1667077213 -3.441315891 0 128.1469823 30.95359775 1.775411993 1


mesh: pSphereShape2 tranform: pSphere2 -2.104000436 5.510676098 0.05184829183 0 2.944476049 1.1288278 -0.4903822712 0 -0.4403168745 -0.1402030864 -2.966599157 0 124.3125602 37.97786148 2.197603484 1


mesh: pSphereShape3 tranform: pSphere3 -2.017787256 6.206183634 -1.369057777 0 2.895325283 0.8733076255 -0.3084186595 0 -0.1073202406 -0.6850313844 -2.947195669 0 120.6432113 47.97167182 1.538847557 1


mesh: pSphereShape4 tranform: pSphere4 -3.429136942 0.1334670093 -2.250835663 0 0.3188485457 3.348978307 -0.2871809873 0 2.118384863 -0.4808827923 -3.255863544 0 116.6207513 54.26180874 -1.53085991 1


mesh: pSphereShape5 tranform: pSphere5 -3.243946518 0.1430783552 -2.728535263 0 0.2835375287 3.128151601 -0.1730634746 0 2.558786754 -0.4013989972 -3.063181555 0 111.4424797 54.93174814 -5.728289456 1


mesh: pSphereShape6 tranform: pSphere6 -1.433548216 -5.685673056 -1.492856367 0 -1.002797912 0.7941524414 -2.061639718 0 2.094708803 -0.236684966 -1.110055039 0 108.8157419 48.2980467 -8.276436013 1


mesh: pSphereShape7 tranform: pSphere7 -0.5222025586 -4.966957055 -2.764625488 0 -0.790875157 1.10328324 -1.832784754 0 2.695087863 0.2726213002 -0.998862262 0 108.2918714 38.42567444 -12.36514657 1


mesh: pSphereShape8 tranform: pSphere8 -0.8548248479 -4.18260384 0.5038950692 0 -0.1383081036 -0.09054954147 -0.9862411718 0 2.534660428 -0.554711729 -0.3045250928 0 107.9674324 30.8746675 -14.78053854 1


mesh: pSphereShape10 tranform: pSphere10 -3.804671248 0.1035202132 -1.694548375 0 0.1628347111 3.507663563 -0.1513196479 0 2.051842679 -0.2947683124 -4.624890879 0 114.8684845 64.26491265 -4.299303055 1


mesh: pSphereShape11 tranform: pSphere11 -0.859420016 0.07732214387 -0.5053894757 0 1.513868014 2.879856023 -2.133744137 0 0.8633960209 -1.738800897 -1.734241961 0 116.008396 59.87336935 -4.826743785 1


mesh: pSphereShape12 tranform: pSphere12 -5.356768238 0.2389763903 -4.782618469 0 0.2428549955 3.755496984 -0.08435605222 0 3.929560019 -0.3533697734 -4.41895783 0 114.3340247 50.25860057 -2.908814098 1


mesh: pSphereShape13 tranform: pSphere13 -3.718802196 0.3196965971 -3.288661748 0 0.33613203 4.684664026 0.07530802357 0 2.934326905 -0.1569570369 -3.333380204 0 114.5357644 45.16538133 -3.788135495 1


mesh: pSphereShape14 tranform: pSphere14 -3.712959598 0.1639560273 -3.390606574 0 0.1922228362 5.483212685 0.05464808145 0 2.923223264 -0.07054033197 -3.204552091 0 114.4988198 40.76131553 -4.022967136 1


mesh: pSphereShape15 tranform: pSphere15 -2.255511747 0.3795979875 -2.577391433 0 1.730123175 8.449577444 -0.2696022584 0 3.113038482 -0.7277648097 -2.831449203 0 115.8499549 27.32077079 -0.4975089474 1


mesh: pSphereShape16 tranform: pSphere16 -1.453597151 0.316919705 -1.721826624 0 3.791588592 7.060296808 -1.90140816 0 1.164975676 -0.9369341549 -1.15594578 0 111.7687889 12.11187364 1.643259632 1


mesh: pSphereShape17 tranform: pSphere17 -1.437243208 0.2533484573 -2.092966577 0 0.5588357499 2.292761477 -0.1062201878 0 5.00517723 -1.386969669 -3.604951789 0 110.9986369 1.765943334 1.474071607 1


mesh: pSphereShape18 tranform: pSphere18 -2.406641046 -0.1679389553 -1.614426517 0 -1.839181163 7.681994348 1.942573874 0 1.696437285 1.07389132 -2.640605654 0 113.2689009 26.99078933 -8.154374744 1


mesh: pSphereShape19 tranform: pSphere19 -1.642396775 -0.08530011059 -1.071733754 0 -1.151886453 9.649790233 0.9971939565 0 1.223302002 0.3425673875 -1.901935339 0 115.9343756 11.06912967 -11.45412224 1


mesh: pSphereShape20 tranform: pSphere20 -2.501180576 0.0003569333098 -0.7825275632 0 -0.07909539106 1.841735083 0.2536514261 0 1.757581954 0.8491253951 -5.617344322 0 119.2209744 2.358200351 -16.97104781 1


mesh: pSphereShape21 tranform: pSphere21 -4.42500723 0.1953984651 -4.040835407 0 -1.340883101 2.569125417 1.592596563 0 3.242171382 3.779754212 -3.367638685 0 113.5226492 36.84343552 -3.283024269 1


