mesh: pSphereShape1 tranform: pSphere1 -2.889802701 1.655874543 -0.1482891 0 0.7900218148 1.465523502 0.9691601474 0 0.9780316542 1.44039066 -2.975352129 0 -6.657572577 35.56906107 -7.958115729 1


mesh: pSphereShape2 tranform: pSphere2 -4.251712717 4.050157988 -0.5623311925 0 2.069177036 2.286302867 0.8221871892 0 0.736126891 0.3719416798 -2.886870798 0 -13.32696272 39.94204166 -8.685155601 1


mesh: pSphereShape3 tranform: pSphere3 -1.533643561 5.997712326 -2.477475365 0 2.54892599 1.145852486 1.196116696 0 1.495592381 -0.6692422387 -2.54599022 0 -18.49980971 48.32680439 -10.91863572 1


mesh: pSphereShape4 tranform: pSphere4 -1.091710469 -0.5118854759 -3.922906613 0 0.8600426176 3.198265394 -0.6566720512 0 3.63887767 -1.155492029 -0.8618918559 0 -20.06569048 53.82270837 -16.14622162 1


mesh: pSphereShape5 tranform: pSphere5 -1.0615701 -0.5435972761 -4.070151844 0 0.6766137026 3.016977447 -0.5794116998 0 3.786694015 -1.012932158 -0.8523549281 0 -21.58404023 53.38666289 -22.695219 1


mesh: pSphereShape6 tranform: pSphere6 -2.225236137 -5.32824126 -1.80796237 0 0.8761396742 0.3903010249 -2.228605946 0 2.041613858 -1.061882345 0.6166568546 0 -24.23262209 46.79584234 -25.78275522 1


mesh: pSphereShape7 tranform: pSphere7 -0.7812830054 -5.223766871 -2.165264079 0 1.004225687 0.6541374327 -1.940477355 0 2.561914546 -0.8183760628 1.049952978 0 -26.04659107 36.6412289 -28.70021183 1


mesh: pSphereShape8 tranform: pSphere8 -2.75237213 -3.297184864 -0.1784104031 0 0.4489675915 -0.3298471178 -0.8304390288 0 1.628275405 -1.437760279 1.451381654 0 -28.08108478 29.17182119 -30.49289072 1


mesh: pSphereShape10 tranform: pSphere10 -0.1837270673 -0.8793426201 -4.068259438 0 -0.7346955451 3.366175047 -0.6944094326 0 4.951183537 0.9903512133 -0.4376624669 0 -21.81817566 63.11489104 -21.48390507 1


mesh: pSphereShape11 tranform: pSphere11 -0.1068013368 -0.2761821032 -0.9551528256 0 1.818160996 3.244897749 -1.141560472 0 2.284603447 -1.243474068 0.1040949453 0 -19.62430142 59.25620979 -20.41529256 1


mesh: pSphereShape12 tranform: pSphere12 -1.266492222 -1.003194476 -7.001079444 0 0.6695506523 3.647880914 -0.643831385 0 5.735231276 -1.205304552 -0.8647910632 0 -21.3642059 49.52722595 -17.87713514 1


mesh: pSphereShape13 tranform: pSphere13 -0.5830871788 -0.5954999871 -4.904322674 0 1.296188183 4.461000251 -0.6957772826 0 4.239277571 -1.286020593 -0.3478651927 0 -21.52893682 44.3216223 -17.32502221 1


mesh: pSphereShape14 tranform: pSphere14 -0.327587446 -0.2152580142 -5.015527285 0 1.520399455 5.261960432 -0.3251388807 0 4.158671514 -1.215174435 -0.2194689575 0 -22.50017624 40.03855512 -16.89054861 1


mesh: pSphereShape15 tranform: pSphere15 -0.3274643371 0.1104055107 -3.428549577 0 0.4379116917 8.614760785 0.2355855104 0 4.245714009 -0.2045516037 -0.4120994945 0 -23.43918961 26.45409982 -13.03071439 1


mesh: pSphereShape16 tranform: pSphere16 0.02002434916 0.3084488029 -2.254446287 0 7.46922175 3.429745459 0.535593681 0 0.7962822558 -1.698931071 -0.2253716241 0 -29.5914783 14.33901901 -12.95543229 1


mesh: pSphereShape17 tranform: pSphere17 0.7879737084 -0.7565002124 -2.305898401 0 2.246334653 0.2732672007 0.6779682709 0 0.1229783138 -5.993547808 2.008338211 0 -39.18519355 5.956098723 -12.21657754 1


mesh: pSphereShape18 tranform: pSphere18 -0.02171843124 0.004176781676 -2.902758767 0 -3.455435633 7.363956394 0.03644955982 0 3.00294797 1.409193361 -0.02044035717 0 -20.33291343 27.32863049 -20.89279009 1


mesh: pSphereShape19 tranform: pSphere19 -0.04880220406 -0.04385972256 -1.961899892 0 2.315404491 9.487141842 -0.2696876909 0 2.221282506 -0.5433452062 -0.04310745542 0 -18.08027056 11.93822571 -21.15580913 1


mesh: pSphereShape20 tranform: pSphere20 -0.5354371873 0.05632897718 -2.564836808 0 0.1733109292 1.852707812 0.004508676566 0 5.794972504 -0.5391159098 -1.221602722 0 -15.21847107 2.085335054 -21.25168675 1


mesh: pSphereShape21 tranform: pSphere21 -0.3904100702 -0.2565388187 -5.977373014 0 -1.331184688 3.026687786 -0.04295448874 0 5.489021326 2.407603093 -0.4618438314 0 -24.69214011 36.57351711 -16.69302801 1


