mesh: pSphereShape1 tranform: pSphere1 1.061716155 2.987740749 1.030064967 0 -0.8760361923 0.8291650772 -1.50206886 0 -2.867269261 0.3716453983 1.877401966 0 11.1238427 33.96966557 -27.89220386 1


mesh: pSphereShape2 tranform: pSphere2 1.42290139 5.469113086 1.6915114 0 -2.503713282 1.149576271 -1.61076391 0 -1.715097961 -0.3098956712 2.444718813 0 13.88768001 41.00463628 -25.24039551 1


mesh: pSphereShape3 tranform: pSphere3 -0.09474562621 6.103322246 2.683836943 0 -2.350101973 0.7454549016 -1.778205409 0 -1.919925956 -0.9672742056 2.131903582 0 15.44494863 50.8924786 -21.74179186 1


mesh: pSphereShape4 tranform: pSphere4 -0.3932910109 -0.4285428784 4.062601133 0 -0.6684494057 3.297395148 0.2831141989 0 -3.818154706 -0.7356194311 -0.4472234249 0 14.56370513 56.61634637 -16.45399068 1


mesh: pSphereShape5 tranform: pSphere5 -0.6526142732 -0.4599137863 4.165469845 0 -0.6113554434 3.076110644 0.2438539811 0 -3.886235673 -0.7178124242 -0.6881203816 0 13.4422202 56.32184044 -9.831190102 1


mesh: pSphereShape6 tranform: pSphere6 -0.8242551418 -5.768905843 1.628154648 0 -1.388233607 0.7217000511 1.854345321 0 -1.926776221 -0.1187631313 -1.396236243 0 12.47545733 49.41093917 -6.806664374 1


mesh: pSphereShape7 tranform: pSphere7 -3.458506076 -4.454047025 0.8869683239 0 -1.12971548 1.192320266 1.582381968 0 -1.797435279 0.9913837427 -2.030254041 0 7.822103969 40.08921758 -5.584116686 1


mesh: pSphereShape8 tranform: pSphere8 -0.6631424326 -4.246983335 -0.04674734522 0 -0.6909244495 0.1000030543 0.7159768112 0 -1.845116752 0.3081772503 -1.823599483 0 3.745000723 33.31151333 -5.005885698 1


mesh: pSphereShape10 tranform: pSphere10 -0.5020259145 -0.5222931555 4.102793411 0 0.350000052 3.463611066 0.4837507644 0 -5.005884366 0.5810664413 -0.5385590816 0 14.08340805 66.24145849 -11.98094459 1


mesh: pSphereShape11 tranform: pSphere11 -0.1255000475 -0.1307486522 0.9834401497 0 -2.279455736 3.15054512 0.1279770049 0 -2.084189213 -1.489089212 -0.4639451144 0 12.39851322 62.10239727 -13.31403851 1


mesh: pSphereShape12 tranform: pSphere12 -1.030076897 -0.788165178 7.067054006 0 -0.475858185 3.718087519 0.345306062 0 -5.814758237 -0.6586644473 -0.9210039284 0 14.72887609 52.30195506 -14.33477459 1


mesh: pSphereShape13 tranform: pSphere13 -0.7060057399 -0.5694784038 4.891241358 0 -0.9594941063 4.581283765 0.3948964441 0 -4.304034691 -0.8394528601 -0.7189838354 0 14.51753819 47.09293267 -14.76645135 1


mesh: pSphereShape14 tranform: pSphere14 -0.6745583999 -0.3302981563 4.974438419 0 -1.097052609 5.372038436 0.2079326854 0 -4.210543421 -0.8356096844 -0.6264541861 0 15.15978654 42.72080657 -15.03981645 1


mesh: pSphereShape15 tranform: pSphere15 0.1042853302 -0.069797207 3.443635781 0 1.873866066 8.422411126 0.1139621192 0 -4.166654978 0.9250601373 0.144930427 0 14.06433056 29.65179972 -19.2340219 1


mesh: pSphereShape16 tranform: pSphere16 -0.1122919379 0.2545419363 2.258465989 0 -6.517066446 4.958591848 -0.8828929021 0 -1.151820663 -1.494050311 0.1111189126 0 17.01880579 16.64355822 -19.42530321 1


mesh: pSphereShape17 tranform: pSphere17 -0.687884172 -0.6464966715 2.370489399 0 -2.010788008 1.213807254 -0.2524655436 0 -2.846861556 -5.181873702 -2.239358298 0 23.45697842 6.592626579 -20.18732364 1


mesh: pSphereShape18 tranform: pSphere18 -0.1046821325 -0.1426240117 2.897446745 0 1.241385889 8.027116475 0.4399771896 0 -3.276179982 0.5117651114 -0.09317427986 0 14.36833868 28.96283367 -11.54939448 1


mesh: pSphereShape19 tranform: pSphere19 -0.03092704199 -0.1225665177 1.958922531 0 -4.261500587 8.777645055 0.4819229785 0 -2.057786289 -0.9938466628 -0.09467121065 0 16.0433647 13.30245767 -11.98765857 1


mesh: pSphereShape20 tranform: pSphere20 0.4645015023 0.1830260335 2.572740487 0 -0.6392663258 1.747524696 -0.008901925763 0 -5.484514102 -2.000534503 1.132533557 0 15.40599191 2.893318394 -12.19044409 1


mesh: pSphereShape21 tranform: pSphere21 -0.8039208934 -0.3936406232 5.928404388 0 1.552247858 2.891927717 0.4025138229 0 -5.246539698 2.888420616 -0.519668192 0 17.04249041 39.07472711 -14.93146905 1


