mesh: pSphereShape1 tranform: pSphere1 0.7052157757 3.011606608 1.244092504 0 -0.4304323664 0.8021443552 -1.697780141 0 -3.280086157 0.3552245785 0.9994207121 0 -139.548678 31.19340489 -20.37785301 1


mesh: pSphereShape2 tranform: pSphere2 0.7748844119 5.591620488 1.71183866 0 -1.362864828 1.015764011 -2.701016311 0 -2.686028906 -0.03828108625 1.340906295 0 -137.8667427 38.36505226 -17.22157173 1


mesh: pSphereShape3 tranform: pSphere3 -0.9703105274 6.343097914 1.812762046 0 -1.173348329 0.6031729464 -2.738637046 0 -2.758062965 -0.7146270393 1.024277707 0 -137.548709 48.5327655 -14.21715119 1


mesh: pSphereShape4 tranform: pSphere4 -1.63444267 -0.2282998596 3.757596455 0 -0.5196160163 3.336052751 -0.02332933184 0 -3.539330833 -0.5622829459 -1.573666179 0 -139.9499347 54.61142448 -10.02609026 1


mesh: pSphereShape5 tranform: pSphere5 -1.774594945 -0.2457114126 3.844346991 0 -0.4428490371 3.114407305 -0.0053669048 0 -3.599387835 -0.5147301106 -1.694417943 0 -142.899314 54.66651296 -3.9695298 1


mesh: pSphereShape6 tranform: pSphere6 -0.2635595857 -5.45425138 2.60619204 0 -1.8745717 0.7369041963 1.352624571 0 -1.508963727 -0.7350012375 -1.690812995 0 -143.8147438 48.06649082 -0.06328537541 1


mesh: pSphereShape7 tranform: pSphere7 -1.591142839 -5.064958888 2.097848402 0 -1.766260431 0.9897651603 1.050003044 0 -1.639778604 -0.4511890175 -2.333045516 0 -145.9633637 38.05226602 3.106537579 1


mesh: pSphereShape8 tranform: pSphere8 1.407010507 -3.638842535 1.804981187 0 -0.919022484 -0.1818686563 0.349744858 0 -0.5739408334 -1.307179967 -2.18787947 0 -146.7839686 30.54131491 5.570468169 1


mesh: pSphereShape10 tranform: pSphere10 -2.995750041 0.232182505 2.886053865 0 0.3684864184 3.493858874 0.1014119318 0 -3.481871094 0.4732324815 -3.652285186 0 -141.2897633 64.51801607 -7.460119696 1


mesh: pSphereShape11 tranform: pSphere11 -0.6359461245 -0.02058019525 0.7714589959 0 -1.786734938 3.16512724 -1.388444789 0 -1.614567374 -1.512989105 -1.371317829 0 -142.5056372 60.26053505 -8.667967954 1


mesh: pSphereShape12 tranform: pSphere12 -3.148534294 -0.4179422116 6.444964794 0 -0.2425314791 3.754385482 0.1249808987 0 -5.311221543 -0.2561745139 -2.611283359 0 -140.7743353 50.39360996 -7.876589726 1


mesh: pSphereShape13 tranform: pSphere13 -2.243659529 -0.3388282656 4.42698307 0 -0.3438124253 4.681095996 0.1840281746 0 -3.952691184 -0.210923522 -2.019424956 0 -141.4351085 45.26728419 -8.363901389 1


mesh: pSphereShape14 tranform: pSphere14 -2.293876241 -0.195608052 4.473145736 0 -0.3078872705 5.477599566 0.08164439693 0 -3.853244338 -0.1870105962 -1.98416214 0 -141.3822425 40.8506883 -8.593573679 1


mesh: pSphereShape15 tranform: pSphere15 -0.6873286283 0.05143364188 3.376286186 0 0.306742821 8.623371107 -0.06892136689 0 -4.181999776 0.1419367231 -0.8535142857 0 -139.9630169 27.26300807 -12.16762207 1


mesh: pSphereShape16 tranform: pSphere16 -0.6111450337 0.2629650978 2.176102204 0 -6.045340141 5.093315687 -2.313284666 0 -1.17887746 -1.468975814 -0.1535661955 0 -135.5548074 13.77678851 -11.06949965 1


mesh: pSphereShape17 tranform: pSphere17 -1.054598583 -0.3973259343 2.289173759 0 -1.630689051 1.644445445 -0.465819397 0 -3.754425652 -4.430812564 -2.498669527 0 -130.4450546 3.854270246 -10.28562466 1


mesh: pSphereShape18 tranform: pSphere18 -1.378840174 0.4673087867 2.511358172 0 3.776373373 7.166650144 0.7398294504 0 -2.479840663 1.475619859 -1.636116307 0 -146.7678692 27.95987947 -5.789848415 1


mesh: pSphereShape19 tranform: pSphere19 -0.9071243576 0.2694401225 1.719849975 0 -1.140876317 9.475533142 -2.086231683 0 -2.010654342 -0.4597225804 -0.9884849524 0 -150.4530474 12.87043009 -4.743276981 1


mesh: pSphereShape20 tranform: pSphere20 -0.6814890636 0.1020142356 2.528521216 0 -0.03925419212 1.858419246 -0.08555851538 0 -5.740870107 -0.1921381801 -1.539532016 0 -154.0614459 3.305812255 -4.799053937 1


mesh: pSphereShape21 tranform: pSphere21 -2.733781148 -0.2331205125 5.330977002 0 1.742287126 2.623495948 1.008187133 0 -4.311985607 3.65201416 -2.051531182 0 -140.1907548 36.96074228 -8.046869479 1


