mesh: pSphereShape1 tranform: pSphere1 0.4471196831 3.193273031 -0.8473258811 0 0.4027945176 0.4302648745 1.834064805 0 3.339266617 -0.6233543349 -0.5871280058 0 34.1623661 31.32781009 8.082568909 1


mesh: pSphereShape2 tranform: pSphere2 0.8258116809 5.773548675 -0.883870971 0 0.06188513992 0.4741937694 3.155309284 0 2.972236935 -0.4242924659 0.005470001044 0 35.12534891 38.94327258 5.789132727 1


mesh: pSphereShape3 tranform: pSphere3 1.834065007 6.31709452 -1.092255592 0 -0.06851299563 0.5370917384 2.991243087 0 2.910083239 -0.8082765965 0.2117839253 0 36.96262722 49.35482426 3.873337174 1


mesh: pSphereShape4 tranform: pSphere4 2.895655395 -0.2854684663 -2.894260247 0 0.4854082027 3.337618481 0.1564441388 0 2.715966804 -0.5247910344 2.769037521 0 40.94464688 55.37407365 1.017992071 1


mesh: pSphereShape5 tranform: pSphere5 3.270170736 -0.3109994027 -2.682876784 0 0.391304119 3.119173572 0.1153873942 0 2.505257691 -0.429091893 3.103410397 0 46.09457844 55.3349245 -3.286990501 1


mesh: pSphereShape6 tranform: pSphere6 2.042263618 -5.688701563 -0.2799867198 0 2.219114684 0.8229421815 -0.5337942183 0 0.5301959241 0.07608475342 2.321454356 0 49.25257647 48.55786042 -4.493115073 1


mesh: pSphereShape7 tranform: pSphere7 3.145472405 -4.622210005 1.152254316 0 1.898823218 1.178890355 -0.4544285369 0 0.164559449 0.8021534352 2.76857668 0 53.85323742 39.17718345 -2.41136264 1


mesh: pSphereShape8 tranform: pSphere8 -0.1121711295 -4.297213575 -0.01355622062 0 0.998059878 -0.02587393099 -0.05663055319 0 0.1476807443 -0.01208308141 2.608253921 0 56.87150956 32.00325594 -0.8190077913 1


mesh: pSphereShape10 tranform: pSphere10 2.783620709 -0.1648510478 -3.095482808 0 0.3906807214 3.48899563 0.1655129081 0 3.7286229 -0.5780335505 3.383756915 0 44.88799777 64.97083518 -0.1776769567 1


mesh: pSphereShape11 tranform: pSphere11 0.7104914864 -0.02007660557 -0.703419347 0 1.981664032 2.740788072 1.923361517 0 1.264058998 -1.846919101 1.32948152 0 44.80860198 60.58463634 1.006310329 1


mesh: pSphereShape12 tranform: pSphere12 5.54015726 -0.5305557022 -4.544302286 0 0.4051942772 3.741979219 0.0571070295 0 3.717856028 -0.472597042 4.587777134 0 42.37517816 51.12124527 -0.7215422284 1


mesh: pSphereShape13 tranform: pSphere13 3.929604235 -0.1941503662 -3.044258197 0 0.3498638002 4.681763608 0.1530291197 0 2.704689287 -0.316896219 3.511490585 0 42.68420309 45.9817973 -0.133448623 1


mesh: pSphereShape14 tranform: pSphere14 4.051702999 0.14333319 -2.978644305 0 0.03597700966 5.477826814 0.3125322979 0 2.571330425 -0.2158506387 3.487267216 0 42.67000351 41.57990017 -0.1224061001 1


mesh: pSphereShape15 tranform: pSphere15 2.931544194 -0.505316621 -1.7392752 0 0.8725812296 8.525691369 -1.006260031 0 2.202699834 0.205697801 3.652883334 0 38.44399033 27.8148944 2.905929542 1


mesh: pSphereShape16 tranform: pSphere16 2.004296733 -0.1467271322 -1.067396577 0 2.790742948 6.40661189 4.359629106 0 0.6250086021 -1.181391242 1.336002831 0 34.72888324 13.44870927 1.197366795 1


mesh: pSphereShape17 tranform: pSphere17 2.389627147 -0.8568758399 0.256531608 0 0.569540268 1.949492148 1.206415999 0 -1.608884901 -2.870651225 5.398334213 0 29.86104601 3.055045925 -0.3920159635 1


mesh: pSphereShape18 tranform: pSphere18 1.907429216 -0.2286693948 -2.176217289 0 -0.0571878567 8.084347073 -0.8995997555 0 2.500450894 0.2585408284 2.164449634 0 45.85645007 27.90683277 -2.173754596 1


mesh: pSphereShape19 tranform: pSphere19 1.278074609 -0.1233120595 -1.484815121 0 1.261344841 9.683462471 0.2815199745 0 1.71068038 -0.2662806996 1.494605454 0 45.36175533 11.46077114 -1.595112516 1


mesh: pSphereShape20 tranform: pSphere20 0.8986421813 0.2327955296 -2.450816651 0 -0.1586830756 1.850291983 0.1175691363 0 5.563215916 0.3454078819 2.072676425 0 48.67228001 2.112438334 0.6196482288 1


mesh: pSphereShape21 tranform: pSphere21 4.828712674 0.170820712 -3.54986965 0 -1.240998424 2.637706559 -1.561141804 0 2.758309554 3.621520391 3.926261065 0 42.04381178 37.70371212 -1.319593834 1


