mesh: pSphereShape1 tranform: pSphere1 0.1547741953 3.197853653 0.929863846 0 -1.139384028 0.4843163915 -1.475942636 0 -2.775114604 -0.4460594359 1.995936216 0 7.241155051 34.99968623 -26.50756294 1


mesh: pSphereShape2 tranform: pSphere2 -0.2441578675 5.71918885 1.424192041 0 -2.542573889 0.3631556838 -1.894228642 0 -1.810260062 -0.6512739544 2.305004807 0 7.815899592 42.61787749 -24.09581794 1


mesh: pSphereShape3 tranform: pSphere3 -1.354192492 6.106993056 2.309393515 0 -2.31611922 0.2260148918 -1.955813335 0 -1.862039142 -1.19455457 2.06702626 0 6.885115025 52.83517009 -21.1048439 1


mesh: pSphereShape4 tranform: pSphere4 -0.7675324685 -0.195406705 4.026880296 0 -0.6470095189 3.313573234 0.03747159173 0 -3.771084141 -0.7278155732 -0.7540948177 0 4.68295005 58.75419904 -16.25816449 1


mesh: pSphereShape5 tranform: pSphere5 -1.197630285 -0.2147724716 4.063018532 0 -0.6176943879 3.084439732 -0.01902938928 0 -3.766707771 -0.7614245977 -1.150537786 0 2.786438783 58.84257898 -9.827884581 1


mesh: pSphereShape6 tranform: pSphere6 -1.660187234 -5.368702296 2.243072164 0 -1.354603611 1.118181588 1.673726105 0 -1.865320453 -0.04215832222 -1.481502352 0 0.8179316045 52.43090615 -6.155872376 1


mesh: pSphereShape7 tranform: pSphere7 -5.562377201 -1.097028565 -0.6655825945 0 -0.5051760581 1.670756286 1.468055843 0 -0.1105381274 1.885374469 -2.18373332 0 -6.340845113 46.69898499 -5.877796686 1


mesh: pSphereShape8 tranform: pSphere8 -3.611300845 -2.059852879 -1.092850844 0 -0.5358409989 0.6601729699 0.5263516635 0 -0.2204467416 1.511071531 -2.119672188 0 -13.77561574 44.87683535 -7.51839373 1


mesh: pSphereShape10 tranform: pSphere10 -0.6418330091 -0.09529360805 4.115422634 0 0.2284430012 3.505323007 0.1167941129 0 -4.996842158 0.3513401773 -0.7711620525 0 3.652017964 68.66080755 -12.90750681 1


mesh: pSphereShape11 tranform: pSphere11 -0.1707654222 -0.01850552921 0.9851379172 0 -2.343868947 3.085965307 -0.3483211265 0 -2.029694482 -1.584676468 -0.3815982566 0 2.163488975 64.36376896 -13.88194949 1


mesh: pSphereShape12 tranform: pSphere12 -1.413279173 -0.3740228302 7.034789549 0 -0.4543367556 3.735225988 0.1073173712 0 -5.76407187 -0.6668276778 -1.193447429 0 4.596157659 54.56502649 -13.89889092 1


mesh: pSphereShape13 tranform: pSphere13 -0.9093947812 -0.3775219478 4.87621473 0 -0.891778443 4.60794934 0.1904393879 0 -4.286576675 -0.7940032994 -0.860902229 0 4.331112009 49.34983681 -14.08823822 1


mesh: pSphereShape14 tranform: pSphere14 -0.774416364 -0.1977599976 4.966923975 0 -0.9174572521 5.409121853 0.07232122274 0 -4.224600554 -0.7073638426 -0.6868412098 0 4.856041571 44.97347778 -14.20593502 1


mesh: pSphereShape15 tranform: pSphere15 0.1332040821 0.02615144501 3.443246614 0 3.578223357 7.849743088 -0.1980445083 0 -3.882590482 1.773287974 0.1367322504 0 1.791644843 32.51356278 -17.98159292 1


mesh: pSphereShape16 tranform: pSphere16 0.07285877429 0.197504269 2.265778754 0 -1.712408045 8.030627822 -0.6449523475 0 -1.847484213 -0.3864709422 0.09309606943 0 -1.12965623 17.56667622 -18.04593937 1


mesh: pSphereShape17 tranform: pSphere17 -0.5239894707 0.03068759946 2.496969338 0 -0.5489131985 2.293136296 -0.1433720387 0 -6.010592803 -1.516464703 -1.242686737 0 -3.251356505 6.087591538 -18.4373812 1


mesh: pSphereShape18 tranform: pSphere18 -0.04537814598 -0.325703893 2.884155924 0 0.01091739913 8.083042002 0.9129789539 0 -3.316810427 0.01024353852 -0.05102856822 0 5.155484232 31.17929845 -11.08211504 1


mesh: pSphereShape19 tranform: pSphere19 0.006341886425 -0.231875767 1.949243424 0 -4.962220569 8.354402568 1.009957668 0 -1.970144429 -1.15437067 -0.1309103569 0 8.748737124 15.72554798 -12.45165728 1


mesh: pSphereShape20 tranform: pSphere20 0.4860424844 0.04927731236 2.574798679 0 -1.017936706 1.549186833 0.1625061895 0 -4.854402941 -3.292455807 0.9793734398 0 9.365858632 4.80314505 -13.31888058 1


mesh: pSphereShape21 tranform: pSphere21 -0.9229289789 -0.2356851445 5.919448872 0 1.642141412 2.84634499 0.3693622792 0 -5.135224181 3.050800504 -0.6791880358 0 6.611541446 41.26951251 -13.98441789 1


