mesh: pSphereShape1 tranform: pSphere1 0.4088651417 3.166801896 -0.9586787043 0 0.408029829 0.4970528099 1.815933688 0 3.342472072 -0.6084845801 -0.5844813304 0 -147.1918847 32.7322001 -16.5070587 1


mesh: pSphereShape2 tranform: pSphere2 1.134476537 5.689505528 -1.067495649 0 0.9697903849 0.3727821315 3.017483433 0 2.801504034 -0.7110660027 -0.8125310477 0 -146.1853072 40.29417546 -18.96197075 1


mesh: pSphereShape3 tranform: pSphere3 2.322899564 6.102430304 -1.351658944 0 0.7799801745 0.3492561814 2.917250044 0 2.729614039 -1.169664976 -0.5897787594 0 -143.7000132 50.49481595 -21.12469543 1


mesh: pSphereShape4 tranform: pSphere4 2.097202242 -0.4363261003 -3.500630954 0 0.8494596246 3.266167099 0.1018029837 0 3.217043243 -0.9002531444 2.039516401 0 -139.7602909 56.18541658 -24.69769095 1


mesh: pSphereShape5 tranform: pSphere5 2.65831747 -0.5045371103 -3.266091799 0 0.7117671475 3.062315056 0.1062589405 0 2.991042507 -0.7838759053 2.555542082 0 -135.6457664 55.84327133 -29.95848568 1


mesh: pSphereShape6 tranform: pSphere6 1.443203817 -5.744871353 -1.234574665 0 1.954578216 0.7540192618 -1.223813316 0 1.292061904 -0.1049776469 1.998900364 0 -133.3766859 48.94760511 -32.34998545 1


mesh: pSphereShape7 tranform: pSphere7 3.231889236 -4.705448052 -0.01275102489 0 1.674426696 1.152864775 -1.033932022 0 1.082115937 0.7362667883 2.573418562 0 -128.7979619 39.378631 -32.22900247 1


mesh: pSphereShape8 tranform: pSphere8 -0.1438755814 -4.295237565 0.09510374909 0 0.8797740862 -0.03995811097 -0.4737097283 0 1.238860491 0.009428698851 2.30001737 0 -125.5283901 32.14490348 -31.88110988 1


mesh: pSphereShape10 tranform: pSphere10 2.492546003 -0.3701892664 -3.317816792 0 0.1945299494 3.500787488 -0.2444616911 0 4.051417658 -0.01248870773 3.045065086 0 -136.6663206 65.79789606 -27.51199445 1


mesh: pSphereShape11 tranform: pSphere11 0.5798413729 -0.09254125749 -0.8094566683 0 2.227846366 2.930024928 1.260906661 0 1.508756307 -1.695710531 1.274635881 0 -136.1848035 61.48333754 -26.00430027 1


mesh: pSphereShape12 tranform: pSphere12 3.86579734 -0.8093584673 -6.002171681 0 0.7136076774 3.695823943 -0.03874993129 0 4.86554791 -0.9053271516 3.255814296 0 -139.1491136 51.88620398 -26.76359669 1


mesh: pSphereShape13 tranform: pSphere13 2.68206608 -0.839719166 -4.104678434 0 1.096213449 4.562447146 -0.2170833646 0 3.595974301 -0.7449506052 2.502069325 0 -139.2710975 46.72021972 -26.19872675 1


mesh: pSphereShape14 tranform: pSphere14 2.68659298 -0.6624934403 -4.201485939 0 1.054347991 5.381773728 -0.1744111232 0 3.571759582 -0.622548533 2.382085453 0 -139.9732673 42.38686127 -25.90396405 1


mesh: pSphereShape15 tranform: pSphere15 1.19427933 -0.3218110865 -3.216288074 0 -1.857822811 8.288663089 -1.519187008 0 3.898940036 1.118745921 1.335825198 0 -140.6496892 29.52103265 -21.01348113 1


mesh: pSphereShape16 tranform: pSphere16 0.799583018 -0.1286370959 -2.126543955 0 0.9450718213 8.180871644 -0.1395222469 0 1.755924141 -0.191390658 0.6718069751 0 -139.2210385 13.9615488 -18.30003232 1


mesh: pSphereShape17 tranform: pSphere17 0.9702742715 0.07224005473 -2.358752167 0 0.1508829786 2.353629896 0.1341489916 0 5.833357265 -0.5098327523 2.383941053 0 -136.2457572 3.036996528 -16.18230288 1


mesh: pSphereShape18 tranform: pSphere18 0.9977188606 -0.09771226972 -2.724244296 0 0.2919233595 8.127110559 -0.1845873287 0 3.112851701 -0.08584952404 1.143120464 0 -139.2765815 28.43983274 -29.48938096 1


mesh: pSphereShape19 tranform: pSphere19 0.6603638724 -0.03667433428 -1.848223759 0 2.30488014 9.472236842 0.6355678464 0 2.085182803 -0.558120692 0.7561033061 0 -141.0602244 12.10964403 -30.11095701 1


mesh: pSphereShape20 tranform: pSphere20 -0.1085292639 0.2023657092 -2.610655723 0 -0.1041811922 1.851987733 0.1478883316 0 5.932382683 0.3512379151 -0.2193926264 0 -138.1108839 2.885658278 -30.10055057 1


mesh: pSphereShape21 tranform: pSphere21 3.20181059 -0.789542193 -5.007220028 0 -1.259561164 2.792220397 -1.245691632 0 4.537567085 3.121723171 2.409260651 0 -141.6197031 38.67155298 -26.4835691 1


