mesh: pSphereShape1 tranform: pSphere1 1.716784943 2.791370807 -0.6129994186 0 1.444721107 -0.6475184231 1.09757269 0 1.431412922 -1.486755037 -2.761269268 0 14.26845956 31.41752259 -7.153643684 1


mesh: pSphereShape2 tranform: pSphere2 3.256695411 4.861727168 -0.7447154308 0 2.145718871 -1.118622254 2.080682811 0 1.48044526 -1.335544011 -2.244738391 0 17.95632291 38.33848767 -8.763894339 1


mesh: pSphereShape3 tranform: pSphere3 3.569151746 5.382618347 -1.658636624 0 2.117749051 -0.7762666116 2.037951392 0 1.446179143 -1.611136019 -2.116495821 0 23.44905458 47.4191972 -10.63921016 1


mesh: pSphereShape4 tranform: pSphere4 -0.2089687961 0.7042644132 -4.037746706 0 0.7470479287 3.250032027 0.528208515 0 3.811792701 -0.8208427387 -0.3404463334 0 26.69888827 53.45370083 -14.86641372 1


mesh: pSphereShape5 tranform: pSphere5 0.2229605929 0.6961393184 -4.177827633 0 0.7206970953 3.013959109 0.5406691443 0 3.899039292 -0.9415217866 0.05119928257 0 27.05460666 54.97530177 -21.38434903 1


mesh: pSphereShape6 tranform: pSphere6 2.329793995 -4.861909506 -2.746717063 0 0.7806284903 1.402110269 -1.819710426 0 2.060807303 0.3400555473 1.146072605 0 29.24022132 49.47535968 -25.81253174 1


mesh: pSphereShape7 tranform: pSphere7 5.082763354 -2.067675665 -1.573768096 0 0.2750010321 1.760038013 -1.424239446 0 1.267267566 1.509317605 2.109867309 0 36.83713834 43.3145627 -28.75149778 1


mesh: pSphereShape8 tranform: pSphere8 2.622674734 -3.355768611 -0.5824130089 0 0.5499951596 0.5403643823 -0.6367979733 0 1.489954889 0.8203111717 1.982944308 0 43.62601469 39.49929719 -30.229441 1


mesh: pSphereShape10 tranform: pSphere10 0.02990884666 0.4752843411 -4.138954481 0 -0.1803623538 3.48730052 0.3991502945 0 5.061382802 0.2542455955 0.06577000876 0 27.20715906 63.93018499 -16.7851226 1


mesh: pSphereShape11 tranform: pSphere11 -0.01599810429 0.1369337755 -0.9904510093 0 2.448943886 3.000020584 0.3752085486 0 2.022399445 -1.618825868 -0.2564755782 0 28.76594667 59.52953995 -16.70423373 1


mesh: pSphereShape12 tranform: pSphere12 -0.4320745928 1.208314024 -7.069568859 0 0.5732109987 3.672867912 0.5927246741 0 5.844043657 -0.8314835777 -0.4992887291 0 26.05427548 49.88698959 -18.02725868 1


mesh: pSphereShape13 tranform: pSphere13 -0.4639124892 0.7325877734 -4.898478553 0 1.135219407 4.522436691 0.5688377186 0 4.292003478 -1.007300698 -0.557122005 0 26.06243436 44.75098049 -19.06012866 1


mesh: pSphereShape14 tranform: pSphere14 -0.6817105333 0.6438098804 -4.942665585 0 1.304123262 5.30504974 0.5111429917 0 4.172606962 -0.9582624572 -0.7003202819 0 25.2447646 40.43103125 -19.5953351 1


mesh: pSphereShape15 tranform: pSphere15 -0.8610460449 0.3770712547 -3.315236258 0 -2.889942735 7.960358082 1.655989361 0 3.87987797 1.580785558 -0.8279002077 0 28.33661055 27.60351579 -17.60499401 1


mesh: pSphereShape16 tranform: pSphere16 -0.5419611921 0.4206787006 -2.169649095 0 2.235039747 7.868179187 0.9672857217 0 1.762293837 -0.4360860348 -0.5247608832 0 30.25916044 12.56375042 -19.49363278 1


mesh: pSphereShape17 tranform: pSphere17 -0.1258038163 0.229570281 -2.538076724 0 0.3707193013 2.325094651 0.1919306555 0 6.236151065 -0.9616129266 -0.3960831221 0 32.11924422 1.610227402 -20.69045814 1


mesh: pSphereShape18 tranform: pSphere18 -0.6529089786 0.4706095398 -2.789038208 0 -1.144449354 7.893050782 1.599750854 0 3.198350426 0.5951411765 -0.6483068571 0 24.69966696 27.28158909 -25.54117307 1


mesh: pSphereShape19 tranform: pSphere19 -0.5655034937 0.2232970407 -1.866467451 0 8.776121434 3.673287185 -2.21953679 0 0.7585842749 -2.103310794 -0.4814684195 0 19.37774799 15.75804465 -26.08717461 1


mesh: pSphereShape20 tranform: pSphere20 -1.012325165 1.473637294 -1.916205801 0 1.710029983 0.5632567773 -0.4702366469 0 0.4711411176 -4.576327774 -3.768277543 0 11.58509135 7.885695667 -26.40205701 1


mesh: pSphereShape21 tranform: pSphere21 -0.8124446172 0.7672756196 -5.890538363 0 -1.437974505 2.920951128 0.5788009554 0 5.351789632 2.71096191 -0.3850204447 0 23.19790141 36.88354651 -19.87085538 1


