mesh: pSphereShape1 tranform: pSphere1 0.04509082746 3.230843589 -0.8212711698 0 0.8926248151 0.4088668604 1.657472119 0 3.054562234 -0.4336012208 -1.538060792 0 -133.3926434 30.91559654 -4.323033764 1


mesh: pSphereShape2 tranform: pSphere2 0.5188251752 5.787826655 -1.014366885 0 1.783966731 0.3008384199 2.628996981 0 2.475422017 -0.506139706 -1.621836877 0 -133.4183205 38.62809011 -6.494057698 1


mesh: pSphereShape3 tranform: pSphere3 1.610234319 6.275207417 -1.578422382 0 1.570984952 0.2484906064 2.59055119 0 2.486753015 -0.9934591447 -1.412744251 0 -132.0802569 49.03507594 -8.658763805 1


mesh: pSphereShape4 tranform: pSphere4 0.9660569307 0.1427803731 -3.986151347 0 0.8212927564 3.259684086 0.3158019754 0 3.682955309 -1.010903734 0.8563667038 0 -129.5573084 55.3111072 -12.78502705 1


mesh: pSphereShape5 tranform: pSphere5 1.445558802 0.08695963117 -3.986397231 0 0.7696310524 3.03054217 0.3451943427 0 3.641305899 -1.07247741 1.297025674 0 -127.2788822 55.88471823 -19.06107012 1


mesh: pSphereShape6 tranform: pSphere6 0.4175159644 -5.673526556 -2.06090649 0 1.616816167 0.7215694241 -1.658880083 0 1.768741014 -0.4283585192 1.537566629 0 -126.46257 49.27059022 -22.65725722 1


mesh: pSphereShape7 tranform: pSphere7 2.398372795 -4.982590599 -1.41707828 0 1.463662575 1.09293419 -1.365651529 0 1.852364022 0.2663741268 2.198485646 0 -123.2557573 39.33776436 -24.72365365 1


mesh: pSphereShape8 tranform: pSphere8 -0.7621181137 -4.222017716 -0.269356701 0 0.7016226373 -0.08148918767 -0.7078737084 0 1.802963793 -0.4427150579 1.838006817 0 -121.1075011 31.8005565 -26.03351446 1


mesh: pSphereShape10 tranform: pSphere10 1.191319114 -0.3278230761 -3.978822029 0 0.09169821964 3.503779113 -0.2612275185 0 4.854774633 -0.01856743873 1.455122296 0 -127.5189069 65.32144263 -16.14638586 1


mesh: pSphereShape11 tranform: pSphere11 0.2921432291 -0.0414810068 -0.955474573 0 2.485277937 2.925936897 0.632864893 0 1.852896227 -1.712461174 0.6408812102 0 -126.5702104 60.98142278 -14.81517512 1


mesh: pSphereShape12 tranform: pSphere12 2.258348919 0.1567304897 -6.819150299 0 0.6768041986 3.690031962 0.3089535285 0 5.521967087 -1.163682699 1.802005133 0 -129.5857876 51.36832115 -15.54176947 1


mesh: pSphereShape13 tranform: pSphere13 1.574269367 0.3094569777 -4.708811328 0 1.084229004 4.522606709 0.6597037968 0 4.088615122 -1.168375852 1.290138648 0 -129.6015099 46.16239477 -15.97028579 1


mesh: pSphereShape14 tranform: pSphere14 1.633131915 0.2866912149 -4.749721233 0 1.132414943 5.321492688 0.7105697412 0 4.004313686 -1.02768223 1.314802428 0 -130.3194759 41.84870217 -16.47414063 1


mesh: pSphereShape15 tranform: pSphere15 1.185288037 0.1107793025 -3.2337586 0 0.9590379179 8.55139042 0.6444677834 0 3.98179533 -0.555116578 1.440453516 0 -133.4510149 28.47949454 -13.38264239 1


mesh: pSphereShape16 tranform: pSphere16 0.7909267768 0.09324764576 -2.13162131 0 2.379742197 7.789644113 1.223748228 0 1.685722403 -0.609066048 0.5988347957 0 -136.2275904 12.62373684 -14.11383302 1


mesh: pSphereShape17 tranform: pSphere17 0.9354668148 0.3164625086 -2.352682701 0 -0.07887057098 2.343823698 0.2839105864 0 5.878250838 -0.08394631303 2.326001176 0 -134.7103048 2.391405362 -13.66382261 1


mesh: pSphereShape18 tranform: pSphere18 1.329744488 0.1758296786 -2.574366159 0 -3.887664553 6.979257119 -1.531421612 0 2.4862463 1.692066865 1.399796168 0 -125.9060414 29.22816351 -18.83496874 1


mesh: pSphereShape19 tranform: pSphere19 0.8674377012 0.04590913869 -1.760341075 0 2.570740142 9.303369452 1.509404419 0 1.961491685 -0.6958789834 0.9484097468 0 -123.1901017 14.45062793 -18.57701429 1


mesh: pSphereShape20 tranform: pSphere20 0.2877070941 -0.003921695904 -2.604892135 0 0.2919713592 1.837516479 0.02948147043 0 5.836762141 -0.9377954621 0.6460749758 0 -120.8176213 4.452119202 -18.62796946 1


mesh: pSphereShape21 tranform: pSphere21 1.946323503 0.3416710216 -5.660592378 0 -1.435035306 2.96250488 -0.3146032705 0 5.052202016 2.648736459 1.897012769 0 -132.1554353 38.30097914 -17.41919231 1


