mesh: pSphereShape1 tranform: pSphere1 1.416383965 2.867157762 0.9424078952 0 -0.7933454777 0.8893949297 -1.5135206 0 -2.779128592 0.7493443424 1.897081651 0 11.3220153 33.20699643 -27.87812853 1


mesh: pSphereShape2 tranform: pSphere2 1.89411739 5.343594028 1.629533464 0 -2.55531321 1.325812092 -1.377411657 0 -1.51842296 -0.2479975445 2.5782039 0 14.79383315 39.99687546 -25.41606348 1


mesh: pSphereShape3 tranform: pSphere3 0.2775645271 6.061853687 2.763944232 0 -2.451153531 0.8376145277 -1.590894415 0 -1.786278546 -0.9459904416 2.254120446 0 17.04627922 49.71791293 -21.93808261 1


mesh: pSphereShape4 tranform: pSphere4 -0.0777568845 -0.5374558019 4.06794173 0 -0.7914263339 3.255944303 0.4150470735 0 -3.804238656 -0.9002693409 -0.1916597577 0 16.67020638 55.29398106 -16.51844522 1


mesh: pSphereShape5 tranform: pSphere5 -0.3078228036 -0.5823244492 4.189833943 0 -0.7132075137 3.041362503 0.3703054177 0 -3.896110558 -0.8641724204 -0.4063503297 0 16.07260373 54.80215791 -9.8376302 1


mesh: pSphereShape6 tranform: pSphere6 -0.1475430647 -5.830104722 1.612038676 0 -1.291377405 0.5776962894 1.971104126 0 -2.016104235 -0.2906458279 -1.235676191 0 15.92379079 47.78033006 -6.855016374 1


mesh: pSphereShape7 tranform: pSphere7 -2.390870187 -5.013695191 1.31647722 0 -1.165597928 0.9987769823 1.68690349 0 -2.167083581 0.554092049 -1.825452692 0 12.78184922 37.78756825 -5.179362572 1


mesh: pSphereShape8 tranform: pSphere8 0.4117899813 -4.268191989 0.302946863 0 -0.7196419257 -0.02016786809 0.6940524158 0 -1.796602953 -0.3061860795 -1.871740376 0 10.32151178 30.31270239 -4.124355012 1


mesh: pSphereShape10 tranform: pSphere10 -0.4670646797 -0.6435978322 4.089665799 0 0.4194560448 3.439482223 0.5891817385 0 -4.999788803 0.6889802898 -0.4625802273 0 16.58079016 64.78134607 -11.67313974 1


mesh: pSphereShape11 tranform: pSphere11 -0.09173601357 -0.177693057 0.9798008376 0 -2.223331604 3.17179664 0.3670609875 0 -2.122892808 -1.434963871 -0.4590002612 0 14.79521076 60.7119518 -13.02957245 1


mesh: pSphereShape12 tranform: pSphere12 -0.5263679981 -0.9962245413 7.096195353 0 -0.6109667976 3.684273601 0.4719106848 0 -5.829295239 -0.8951959629 -0.5580695649 0 17.17709855 50.94493162 -14.52807133 1


mesh: pSphereShape13 tranform: pSphere13 -0.4239326057 -0.6143583109 4.918316459 0 -1.123771569 4.53664414 0.4698196304 0 -4.297994929 -1.013183547 -0.4970233092 0 17.15908186 45.73908723 -15.0373349 1


mesh: pSphereShape14 tranform: pSphere14 -0.4679758551 -0.3061866974 4.999641167 0 -1.246422482 5.339265358 0.2103183737 0 -4.205396987 -0.963896247 -0.4526637781 0 17.93520576 41.40116003 -15.33923261 1


mesh: pSphereShape15 tranform: pSphere15 0.1343832699 -0.06013650451 3.442774929 0 1.114116682 8.55621911 0.1059675622 0 -4.231548021 0.5488311428 0.1747584605 0 17.63399564 28.09881053 -19.50093588 1


mesh: pSphereShape16 tranform: pSphere16 -0.1321421027 0.2494736323 2.257957278 0 -7.108890858 4.068631556 -0.8655611412 0 -0.9480647565 -1.629990964 0.1246084231 0 21.8812864 15.65369602 -19.69408957 1


mesh: pSphereShape17 tranform: pSphere17 -0.630142956 -0.7429300175 2.358248803 0 -2.188070861 0.8295388253 -0.3233365987 0 -1.799984152 -5.626136829 -2.253398056 0 29.84255113 6.505095324 -20.44411723 1


mesh: pSphereShape18 tranform: pSphere18 -0.1680065976 -0.08394208675 2.896761141 0 2.061707261 7.861164761 0.3473752055 0 -3.20315462 0.8471993048 -0.1612267664 0 16.49355866 27.92789476 -11.71284273 1


mesh: pSphereShape19 tranform: pSphere19 -0.07205988848 -0.09577808168 1.959334185 0 -3.956399701 8.927595888 0.290899986 0 -2.08953618 -0.922036996 -0.1219203343 0 17.01176439 12.36562798 -11.90553739 1


mesh: pSphereShape20 tranform: pSphere20 0.4211347354 0.278472324 2.571643927 0 -0.3711205675 1.818329726 -0.1361241107 0 -5.748458358 -1.093917621 1.059828401 0 15.8095453 2.46046203 -11.95122838 1


mesh: pSphereShape21 tranform: pSphere21 -0.5577212701 -0.3649052229 5.958440358 0 1.480684277 2.939522822 0.3186163211 0 -5.346077536 2.729027641 -0.3332725671 0 19.92773634 37.81280953 -15.27782458 1


