mesh: pSphereShape1 tranform: pSphere1 2.155323957 2.513116445 0.3920385001 0 -0.9273885666 1.006813625 -1.355522691 0 -2.040354079 1.373022096 2.415731156 0 15.44074971 31.64659755 -26.44513926 1


mesh: pSphereShape2 tranform: pSphere2 2.997915198 4.995969936 0.9218709232 0 -2.584598596 1.696839234 -0.7907293399 0 -0.8795166283 -0.001934041779 2.870660756 0 20.49075313 37.74828201 -25.20803084 1


mesh: pSphereShape3 tranform: pSphere3 1.080828955 6.059042591 2.565601596 0 -2.680891061 0.9372367472 -1.084023603 0 -1.34023984 -0.8523631963 2.577592306 0 24.27608045 47.09964306 -22.58932907 1


mesh: pSphereShape4 tranform: pSphere4 0.967146336 -0.5530416738 3.949914893 0 -1.060142902 3.128766038 0.6976482797 0 -3.599770792 -1.373395725 0.6891186609 0 25.2889893 52.57648913 -17.26605157 1


mesh: pSphereShape5 tranform: pSphere5 0.7402309747 -0.6230505614 4.129458949 0 -0.7990259136 2.984128531 0.5934740405 0 -3.816182237 -1.124130762 0.5144659435 0 26.40947322 52.03849233 -10.66173318 1


mesh: pSphereShape6 tranform: pSphere6 2.192831167 -5.413104831 1.581248333 0 -0.9866025125 0.2438967448 2.203127309 0 -1.997994234 -1.03720611 -0.779916317 0 28.95284902 45.34650745 -7.784901404 1


mesh: pSphereShape7 tranform: pSphere7 1.009472277 -5.288859185 1.896166194 0 -1.108104507 0.4819936131 1.934322604 0 -2.471287924 -0.8989434612 -1.191714492 0 30.99864019 35.07957679 -5.391158422 1


mesh: pSphereShape8 tranform: pSphere8 2.971989526 -3.095736238 0.2500120957 0 -0.5895576624 -0.5157909395 0.6215959052 0 -1.091088489 -1.212288647 -2.040790598 0 33.40649221 27.61810081 -4.194057482 1


mesh: pSphereShape10 tranform: pSphere10 -0.04194001458 -0.7213699627 4.103120806 0 0.4374978946 3.433921537 0.6081898724 0 -5.028514786 0.6301386805 0.05938580523 0 26.14268791 61.95039276 -12.11777242 1


mesh: pSphereShape11 tranform: pSphere11 0.06134642823 -0.2579905642 0.9641978451 0 -2.077013172 3.142828532 0.9730756508 0 -2.195418561 -1.379831326 -0.2295196742 0 24.34241348 57.92261166 -13.12234726 1


mesh: pSphereShape12 tranform: pSphere12 1.005444578 -1.108930723 7.027436869 0 -0.851797402 3.601113532 0.6901265146 0 -5.710461099 -1.463067339 0.5861471124 0 26.71880508 48.30690542 -15.57728443 1


mesh: pSphereShape13 tranform: pSphere13 0.468758031 -0.5225499848 4.924855247 0 -1.282586429 4.479161876 0.5973391119 0 -4.254270892 -1.2544409 0.2718284105 0 27.0021531 43.13662809 -16.13124471 1


mesh: pSphereShape14 tranform: pSphere14 0.2762598552 -0.138829789 5.021311609 0 -1.352253272 5.313002757 0.221292051 0 -4.197563659 -1.076733197 0.2011696872 0 27.88199021 38.85198213 -16.46841228 1


mesh: pSphereShape15 tranform: pSphere15 0.2500638056 0.2432865719 3.428214434 0 -2.033457069 8.37421901 -0.4459583995 0 -4.1387128 -0.9851767477 0.3718036228 0 30.60688835 25.33968873 -20.13753854 1


mesh: pSphereShape16 tranform: pSphere16 -0.02741967906 0.3275022774 2.2516794 0 -7.288776945 3.782177338 -0.6388687558 0 -0.8797786328 -1.656565118 0.2302306453 0 38.33672327 13.0264542 -19.90699523 1


mesh: pSphereShape17 tranform: pSphere17 -0.2247942985 0.02630440359 2.541483459 0 -2.307268927 0.4617619044 -0.2088572599 0 -1.236728541 -6.199969285 -0.04521887798 0 46.9469359 3.965320543 -19.4103975 1


mesh: pSphereShape18 tranform: pSphere18 -0.119450182 0.04234621542 2.90007518 0 4.53070385 6.755309093 0.08797414192 0 -2.751657968 1.847330885 -0.1403113683 0 24.49882844 26.72705607 -12.61204979 1


mesh: pSphereShape19 tranform: pSphere19 -0.0531111881 -0.027712952 1.962082493 0 -1.205031484 9.694158526 0.1043040223 0 -2.268866945 -0.2813277456 -0.06538901491 0 20.18936718 11.88856473 -12.3708716 1


mesh: pSphereShape20 tranform: pSphere20 0.5366325478 0.1843992367 2.558569174 0 -0.02098070113 1.856180142 -0.1293767148 0 -5.820428497 0.01920278927 1.219388722 0 16.22666373 2.299736719 -12.11190891 1


mesh: pSphereShape21 tranform: pSphere21 0.3292392024 -0.1654536776 5.984266619 0 1.427932561 2.982571054 0.003901225258 0 -5.412151299 2.590632663 0.3693889693 0 29.96241355 35.31529932 -16.58640283 1


