mesh: pSphereShape1 tranform: pSphere1 -0.8602857215 3.06625093 -0.9863485805 0 0.8137919626 0.7374565473 1.582739864 0 2.995327906 0.3000047455 -1.679880755 0 -117.9889995 29.80413087 -1.849114479 1


mesh: pSphereShape2 tranform: pSphere2 -0.8625346333 5.652356832 -1.450501078 0 2.193054061 0.8846010281 2.143049482 0 2.136525124 -0.21252549 -2.098651884 0 -120.0502847 37.11820541 -4.396352535 1


mesh: pSphereShape3 tranform: pSphere3 0.9075568106 6.274005702 -2.06777489 0 1.993399733 0.4531411805 2.24982607 0 2.248353247 -0.9206682 -1.806661476 0 -120.4711925 47.31184676 -7.246292543 1


mesh: pSphereShape4 tranform: pSphere4 0.1332822031 -0.1129162566 -4.100309813 0 1.407373899 3.068809077 -0.03876305609 0 3.555496527 -1.628545308 0.1604204756 0 -118.9800782 53.26626485 -12.01676801 1


mesh: pSphereShape5 tranform: pSphere5 0.8415856643 -0.3299339566 -4.143843899 0 1.236607325 2.892411531 0.02085170642 0 3.601576218 -1.545960593 0.8545446922 0 -117.7643861 53.24466756 -18.57719102 1


mesh: pSphereShape6 tranform: pSphere6 -0.9077710732 -5.728008512 -1.725232996 0 1.498584136 0.3286262559 -1.879598482 0 1.839259258 -0.6964830644 1.344650013 0 -118.6356466 46.44042227 -21.80142731 1


mesh: pSphereShape7 tranform: pSphere7 1.20264987 -5.408190155 -1.375363418 0 1.457566498 0.7298073913 -1.5952111 0 2.135698424 -0.0191158687 1.942671769 0 -117.6444411 35.99485828 -23.59505967 1


mesh: pSphereShape8 tranform: pSphere8 -1.534612192 -4.014946147 0.06311497345 0 0.594309728 -0.2392302583 -0.7678312514 0 1.882694943 -0.6933094822 1.673238128 0 -117.1158239 28.14070723 -24.66455647 1


mesh: pSphereShape10 tranform: pSphere10 0.722242043 -0.7306908692 -4.037597209 0 0.2957638257 3.455144611 -0.5723774388 0 4.973201873 -0.2702383457 0.9385077254 0 -116.8507056 62.86958145 -16.53014218 1


mesh: pSphereShape11 tranform: pSphere11 0.1575600564 -0.1626062291 -0.9740297957 0 2.750342029 2.752024479 -0.01452961502 0 1.795029326 -1.79082051 0.5893284727 0 -116.0332151 58.58095019 -15.02362609 1


mesh: pSphereShape12 tranform: pSphere12 1.254081985 -0.5138517184 -7.056114361 0 1.335308206 3.519438033 -0.01897408532 0 5.441365461 -2.058483725 1.116999158 0 -120.2363529 49.33283648 -14.48732107 1


mesh: pSphereShape13 tranform: pSphere13 1.027453346 -0.08175431285 -4.866687542 0 1.914035517 4.276776091 0.3322459662 0 3.952897269 -1.836314388 0.8653820712 0 -121.1996982 44.2013152 -14.61819515 1


mesh: pSphereShape14 tranform: pSphere14 1.182041797 0.004271987433 -4.889981844 0 1.964643137 5.100582824 0.4793637289 0 3.920152388 -1.598891714 0.9462107788 0 -122.6281637 40.0711929 -14.89782964 1


mesh: pSphereShape15 tranform: pSphere15 1.034066563 0.1084541234 -3.285318633 0 2.47517881 8.199565658 1.049753992 0 3.885212339 -1.32378346 1.179184983 0 -127.6111082 27.29663863 -11.96713903 1


mesh: pSphereShape16 tranform: pSphere16 0.7105518732 0.1110174251 -2.158902699 0 4.233859751 6.845940353 1.745514352 0 1.5097581 -1.0466791 0.4430777857 0 -133.5603733 12.51524457 -13.59969539 1


mesh: pSphereShape17 tranform: pSphere17 0.9736919933 0.1948572658 -2.350386589 0 0.3256849624 2.316752503 0.3269899948 0 5.778456845 -1.136891681 2.299581517 0 -134.4381652 2.591773763 -13.78794458 1


mesh: pSphereShape18 tranform: pSphere18 1.265476783 -0.09108863721 -2.610894285 0 -4.001024564 6.740394942 -2.174418595 0 2.500102028 1.854079403 1.147091831 0 -119.1162385 27.76651906 -16.52311216 1


mesh: pSphereShape19 tranform: pSphere19 0.8332803613 -0.09347456863 -1.774897986 0 -0.2324395333 9.746703952 -0.622433658 0 2.070165193 0.1110624143 0.9660535438 0 -114.1507288 12.88216794 -13.94196353 1


mesh: pSphereShape20 tranform: pSphere20 0.2818759265 -0.3374705457 -2.583585373 0 -0.2953133927 1.817330065 -0.2696009631 0 5.836509899 1.023065571 0.5031446425 0 -108.9899494 4.238656047 -12.05308584 1


mesh: pSphereShape21 tranform: pSphere21 1.408726209 0.005091241847 -5.827751271 0 -1.009173407 3.139765512 -0.2412017358 0 5.54780982 1.886308009 1.342704653 0 -125.0483553 36.82709906 -15.58247295 1


