mesh: pSphereShape1 tranform: pSphere1 -0.8710592783 3.181209269 0.4858324119 0 0.7898681259 0.4746387267 -1.691742125 0 -3.012457712 -0.5849869882 -1.570630516 0 142.7803545 30.54204834 -18.93193295 1


mesh: pSphereShape2 tranform: pSphere2 -1.354447542 5.736961759 0.2231563568 0 1.38755559 0.4380729744 -2.840325286 0 -2.614374505 -0.5641672603 -1.364187549 0 140.6081885 38.13358427 -17.5708256 1


mesh: pSphereShape3 tranform: pSphere3 -2.397473561 6.210244636 -0.3840338448 0 1.456716753 0.3992340405 -2.638045726 0 -2.424185748 -1.028262127 -1.494238403 0 137.6807103 48.44101477 -17.31182315 1


mesh: pSphereShape4 tranform: pSphere4 -3.805521512 0.1155977002 1.532219951 0 -0.1286472945 3.325340816 -0.5703957822 0 -1.457820676 -0.6688089447 -3.570280601 0 132.739729 54.70323033 -16.83728494 1


mesh: pSphereShape5 tranform: pSphere5 -4.117492988 0.1033448911 1.011996264 0 -0.04409422259 3.105983423 -0.4965879708 0 -0.9604837237 -0.6281792598 -3.843755179 0 126.3093033 55.31029311 -15.1082734 1


mesh: pSphereShape6 tranform: pSphere6 -2.288907442 -5.577737741 0.5101991118 0 -2.243427689 0.9025367758 -0.1977363223 0 0.1042615012 -0.2592053723 -2.366006984 0 122.4825882 48.78016036 -14.1920937 1


mesh: pSphereShape7 tranform: pSphere7 -2.908832992 -4.77857339 -1.135974897 0 -1.909580719 1.221823019 -0.2499347201 0 0.5726323163 0.3198168112 -2.811646531 0 118.2047436 39.16005637 -15.95435973 1


mesh: pSphereShape8 tranform: pSphere8 -0.2804456782 -4.199725646 0.8731926278 0 -0.9857684912 0.03149306356 -0.1651322764 0 0.4047564501 -0.5512599179 -2.521354565 0 115.2466599 31.84727848 -16.94067321 1


mesh: pSphereShape10 tranform: pSphere10 -3.237339634 -0.2960445963 2.605709812 0 -0.5586476552 3.456911949 -0.301312176 0 -3.086813536 -0.8414440391 -3.930663621 0 127.9313013 64.38765784 -17.29503157 1


mesh: pSphereShape11 tranform: pSphere11 -0.86590097 -0.01525578652 0.4999827708 0 -1.525768 2.494874531 -2.566293866 0 -0.8083861227 -1.997150444 -1.460951199 0 128.6885491 59.90511636 -18.53746678 1


mesh: pSphereShape12 tranform: pSphere12 -6.904607748 0.1704053679 1.980623374 0 -0.01601393094 3.745220089 -0.3780504304 0 -1.638827171 -0.5786720855 -5.663292731 0 130.385819 50.69775202 -15.58954927 1


mesh: pSphereShape13 tranform: pSphere13 -4.799916754 0.1655702331 1.296293729 0 -0.00194839532 4.658545565 -0.6022312637 0 -1.167343951 -0.5501853045 -4.252168589 0 129.9447106 45.52695087 -15.95984758 1


mesh: pSphereShape14 tranform: pSphere14 -4.863259103 0.3178373273 1.247739485 0 0.1814687995 5.441670706 -0.6788566783 0 -1.100988266 -0.483269758 -4.168169799 0 129.8022124 41.12564864 -15.65445543 1


mesh: pSphereShape15 tranform: pSphere15 -2.965936877 -0.2248987964 1.739831442 0 0.1414131045 8.522813077 1.342769586 0 -2.173005251 0.6073120538 -3.625875762 0 133.1282655 27.4914019 -17.64572366 1


mesh: pSphereShape16 tranform: pSphere16 -1.972272675 -0.06387163133 1.133194868 0 -1.137631123 8.013067416 -1.528343569 0 -0.9057185505 -0.4339129118 -1.60081794 0 134.3688091 11.7301349 -18.71015516 1


mesh: pSphereShape17 tranform: pSphere17 -2.247256582 0.1395506557 1.200302478 0 0.01868806204 2.350154112 -0.238247177 0 -2.9937562 -0.538063632 -5.542478931 0 133.7474835 0.9531186387 -21.04019703 1


mesh: pSphereShape18 tranform: pSphere18 -2.855263123 0.229426622 -0.4704609638 0 0.5418583547 8.089783589 0.6565125837 0 0.5558263006 0.2275246437 -3.262396345 0 125.2497991 27.55283855 -14.82756884 1


mesh: pSphereShape19 tranform: pSphere19 -1.936248164 0.1484107797 -0.2868341034 0 1.235939135 8.952035697 -3.711226357 0 0.2405545711 -0.899307066 -2.089152588 0 123.310627 11.72808202 -12.96811561 1


mesh: pSphereShape20 tranform: pSphere20 -2.516139632 -0.2800867911 -0.6773821146 0 -0.1250253109 1.833234128 -0.2936061056 0 1.614585435 -0.7975938143 -5.667594152 0 124.0458377 2.170245679 -14.09217536 1


mesh: pSphereShape21 tranform: pSphere21 -5.795903814 0.3787901361 1.487022979 0 0.6223738313 2.751787107 1.724834845 0 -1.042645576 3.311867815 -4.907507439 0 129.8703882 37.34901604 -14.04740639 1


