mesh: pSphereShape1 tranform: pSphere1 0.9161985059 3.110396147 0.775168317 0 -1.44277467 0.6922778056 -1.072528642 0 -2.078637773 -0.07286093178 2.749172195 0 82.70532637 30.82233214 -28.68874503 1


mesh: pSphereShape2 tranform: pSphere2 0.9502638113 5.682989167 1.263997607 0 -2.802844352 0.7626551394 -1.321774132 0 -1.351735292 -0.3647032087 2.6559461 0 85.02658281 38.2280804 -26.6924629 1


mesh: pSphereShape3 tranform: pSphere3 0.1041662708 6.237354067 2.355220485 0 -2.619344958 0.58303689 -1.428214531 0 -1.535723899 -0.8992512153 2.449417748 0 86.32128965 48.45631991 -23.89045832 1


mesh: pSphereShape4 tranform: pSphere4 1.265759789 0.2651031974 3.894948939 0 -0.5566546349 3.329840291 -0.04574135821 0 -3.66685478 -0.5960673162 1.232205289 0 86.97152353 54.86940189 -18.98587561 1


mesh: pSphereShape5 tranform: pSphere5 0.8439122444 0.2682581496 4.147820488 0 -0.5211577042 3.100828826 -0.09451017386 0 -3.874641103 -0.6259512446 0.8288144586 0 88.35658092 55.72717896 -12.48755149 1


mesh: pSphereShape6 tranform: pSphere6 0.1108485816 -5.461739909 2.601474291 0 -0.4968909748 1.012991418 2.147926402 0 -2.331538995 -0.2484211382 -0.4222082294 0 88.82573642 49.37922621 -8.324332204 1


mesh: pSphereShape7 tranform: pSphere7 -1.761036693 -4.564781982 2.940752831 0 -0.4825270591 1.33580538 1.784547282 0 -2.67752822 0.3822277984 -1.010094709 0 86.20034546 40.05565835 -3.890040028 1


mesh: pSphereShape8 tranform: pSphere8 0.5290798267 -4.240724386 0.4638338784 0 -0.3535857156 0.05799982765 0.9336022503 0 -2.422453865 -0.3998608026 -0.8926212696 0 84.35952226 32.9250908 -0.9105682916 1


mesh: pSphereShape10 tranform: pSphere10 2.515506407 0.104497809 3.319494187 0 -0.1282203403 3.512334886 -0.0134033109 0 -4.035879681 -0.1356454334 3.062652102 0 86.85687474 64.99512973 -15.66600683 1


mesh: pSphereShape11 tranform: pSphere11 0.4680200028 0.08767640191 0.8793577915 0 -2.438664858 2.857432052 1.013028578 0 -1.621722973 -1.751982161 1.037809969 0 85.39940284 60.5398697 -15.75300826 1


mesh: pSphereShape12 tranform: pSphere12 1.535316456 0.4425289193 7.005175703 0 -0.3591718777 3.743788512 -0.1577822223 0 -5.759483601 -0.4980281545 1.293760813 0 88.03237069 50.95869281 -16.39314592 1


mesh: pSphereShape13 tranform: pSphere13 1.072169272 0.4724836585 4.834687583 0 -0.7137676676 4.63341389 -0.2945242192 0 -4.2863905 -0.5961823019 1.008839246 0 87.68558058 45.7997524 -15.71296782 1


mesh: pSphereShape14 tranform: pSphere14 1.047252508 0.3888637125 4.905222797 0 -0.7443291768 5.429347875 -0.2715015869 0 -4.20208572 -0.5291193651 0.9390807149 0 88.06342324 41.40879579 -15.42367667 1


mesh: pSphereShape15 tranform: pSphere15 0.7559930478 0.2586605279 3.352005924 0 -0.08693881553 8.604568414 -0.6443714949 0 -4.166305582 0.02810943448 0.9374766409 0 87.63100535 27.93056596 -18.93811516 1


mesh: pSphereShape16 tranform: pSphere16 0.4769957185 0.2310786718 2.212949939 0 -2.599443948 7.811335868 -0.2553647844 0 -1.748883649 -0.5677290194 0.4362503026 0 89.16541146 12.05108989 -18.72461989 1


mesh: pSphereShape17 tranform: pSphere17 0.2711248137 0.05587133481 2.536480298 0 -0.1644123267 2.35629486 -0.03432830828 0 -6.271062411 -0.4276654084 0.6797351695 0 87.5768874 1.540798829 -18.2286338 1


mesh: pSphereShape18 tranform: pSphere18 0.4751066197 0.1876049443 2.857547144 0 3.916865769 7.041831775 -1.113546392 0 -2.856190266 1.646692436 0.3667716425 0 85.22584379 28.61572235 -10.51540355 1


mesh: pSphereShape19 tranform: pSphere19 0.3524939376 0.07377348021 1.929679251 0 -1.820778476 9.598087103 -0.0343429688 0 -2.209250044 -0.4175985319 0.4195282422 0 82.1541156 13.54076021 -8.804776562 1


mesh: pSphereShape20 tranform: pSphere20 1.076715926 0.2883559897 2.371874243 0 -0.2946059205 1.835157702 -0.08936891562 0 -5.339371763 -0.7347671499 2.513143829 0 79.09768247 3.430397492 -7.297010311 1


mesh: pSphereShape21 tranform: pSphere21 1.248087893 0.4634375069 5.845915037 0 1.711158232 2.768515743 -0.5848032145 0 -4.989583563 3.254472131 0.8072635943 0 89.72268085 37.65440059 -15.3838103 1


