mesh: pSphereShape1 tranform: pSphere1 -0.1078882276 3.098226484 -1.226467526 0 0.6517970681 0.6868241792 1.677676406 0 3.242084828 -0.3319310058 -1.123698907 0 -144.5674573 33.13510887 -14.5662467 1


mesh: pSphereShape2 tranform: pSphere2 0.3573519109 5.651331174 -1.652819623 0 1.538340533 0.6948365276 2.708390072 0 2.624239036 -0.5598640397 -1.346910598 0 -144.8034083 40.52388432 -17.66113199 1


mesh: pSphereShape3 tranform: pSphere3 1.625167532 6.117784046 -2.096198646 0 1.32222547 0.5663450232 2.677997366 0 2.624487295 -1.064075886 -1.070773968 0 -143.5955239 50.65726626 -20.86296014 1


mesh: pSphereShape4 tranform: pSphere4 1.464464364 -0.51829545 -3.798653543 0 0.8278384648 3.270827871 -0.1271280119 0 3.528150311 -0.8356680895 1.474199556 0 -140.6853812 56.30108834 -25.37322011 1


mesh: pSphereShape5 tranform: pSphere5 2.065624804 -0.5607168008 -3.661605652 0 0.7421778306 3.05653581 -0.04937452657 0 3.373281102 -0.7864034055 2.023397225 0 -137.5110945 55.84816273 -31.23439047 1


mesh: pSphereShape6 tranform: pSphere6 1.213787959 -5.597647241 -1.950287897 0 1.653856245 0.8931453336 -1.534174376 0 1.676378146 -0.2212524837 1.678347575 0 -135.6860139 49.07044607 -34.43450148 1


mesh: pSphereShape7 tranform: pSphere7 3.15717919 -4.632112211 -1.078085347 0 1.421778911 1.26226667 -1.259779726 0 1.595798833 0.5420879051 2.344165857 0 -131.1320859 39.61258974 -36.0372967 1


mesh: pSphereShape8 tranform: pSphere8 -0.06729478918 -4.285572016 -0.3288685894 0 0.7527678582 0.03860851999 -0.6571528999 0 1.719259278 -0.1773270595 1.958991263 0 -127.8295215 32.45708796 -37.06104836 1


mesh: pSphereShape10 tranform: pSphere10 2.219593162 -0.4277246419 -3.499741671 0 0.2836688951 3.494503106 -0.2471769722 0 4.269508183 -0.153721189 2.726578818 0 -137.7048548 65.79160764 -28.48657356 1


mesh: pSphereShape11 tranform: pSphere11 0.4897372204 -0.1115172454 -0.864708829 0 2.47886814 2.812341206 1.041240031 0 1.549366662 -1.775303271 1.10645274 0 -137.1890254 61.42002216 -27.08397098 1


mesh: pSphereShape12 tranform: pSphere12 2.825844437 -0.9501997668 -6.537372462 0 0.6436654805 3.699755917 -0.2595245569 0 5.351558853 -0.7610118574 2.423876901 0 -140.3865538 51.95129976 -27.39960326 1


mesh: pSphereShape13 tranform: pSphere13 1.976218388 -0.8453007648 -4.486314666 0 1.022150341 4.566370184 -0.4101281448 0 3.961699057 -0.7179115803 1.880392786 0 -140.361977 46.78476626 -26.7369555 1


mesh: pSphereShape14 tranform: pSphere14 1.974842971 -0.6142613767 -4.586048593 0 1.003615286 5.38652193 -0.289301292 0 3.910212481 -0.6335571199 1.768674086 0 -140.995101 42.44006052 -26.35031858 1


mesh: pSphereShape15 tranform: pSphere15 0.5640570846 -0.2566523863 -3.389740938 0 -2.435924999 8.214155693 -1.027271251 0 4.036799683 1.269111327 0.5756383881 0 -140.368231 29.66360295 -21.56320855 1


mesh: pSphereShape16 tranform: pSphere16 0.4364116645 0.0535697455 -2.232654214 0 3.671838746 7.318392259 0.8933213468 0 1.652308923 -0.8658965767 0.3021968309 0 -140.4826592 14.94174724 -20.3224307 1


mesh: pSphereShape17 tranform: pSphere17 0.7785361985 0.2219558591 -2.419706502 0 0.904366421 2.127471823 0.4861278964 0 5.512846123 -2.692325182 1.526785547 0 -141.1993611 3.50499163 -20.18645619 1


mesh: pSphereShape18 tranform: pSphere18 0.7534701215 -0.05016488892 -2.802902756 0 -0.4631896877 8.116765986 -0.2697832641 0 3.197951621 0.2109415589 0.8558909623 0 -139.9704693 28.52219372 -29.9088329 1


mesh: pSphereShape19 tranform: pSphere19 0.4885434068 -0.01805017734 -1.901145982 0 2.298339302 9.481916432 0.5005866191 0 2.148866823 -0.5502964478 0.5574257195 0 -140.9344184 12.21917964 -30.35758488 1


mesh: pSphereShape20 tranform: pSphere20 -0.1500984847 0.1601141897 -2.611529758 0 -0.06282967195 1.856031158 0.1174053493 0 5.933661832 0.2215775737 -0.3274540269 0 -137.9704652 2.903047482 -30.35137767 1


mesh: pSphereShape21 tranform: pSphere21 2.353565719 -0.732060493 -5.465531646 0 -1.44854859 2.799799523 -0.9987824199 0 4.861636759 3.11336037 1.67650909 0 -142.7073895 38.72513734 -26.69327925 1


