mesh: pSphereShape1 tranform: pSphere1 -1.513332487 1.783666676 -2.375547891 0 -0.4943126793 1.324068655 1.309069198 0 2.94158012 1.693625202 -0.6022719764 0 38.91758998 36.83373798 15.66027899 1


mesh: pSphereShape2 tranform: pSphere2 -2.407048209 3.907928175 -3.705573293 0 -0.005460803868 2.194092023 2.317454757 0 2.74104062 0.8928709473 -0.8388827149 0 35.45992592 41.18957759 9.888583736 1


mesh: pSphereShape3 tranform: pSphere3 -0.7312267629 5.701048176 -3.380215529 0 0.04461223403 1.554404847 2.61199772 0 3.009075785 0.2627632316 -0.2077651254 0 32.37369137 49.14360316 3.792547206 1


mesh: pSphereShape4 tranform: pSphere4 2.993516242 0.2602002272 -2.795391053 0 0.3212969344 3.297387664 0.6509960777 0 2.651452282 -0.8041510229 2.764523834 0 34.30033758 55.03351177 -0.6515226198 1


mesh: pSphereShape5 tranform: pSphere5 3.480803926 0.2134341779 -2.413921081 0 0.188964006 3.092243979 0.5458907567 0 2.279301721 -0.7084446428 3.22404744 0 39.66485196 55.8376761 -4.56709788 1


mesh: pSphereShape6 tranform: pSphere6 2.186077797 -5.598022791 -0.7026830157 0 2.233093055 0.9069565899 -0.2781460621 0 0.3561198006 -0.1559761135 2.35050996 0 43.1113782 49.34630863 -6.236738267 1


mesh: pSphereShape7 tranform: pSphere7 3.161825856 -4.661578043 0.9268545725 0 1.898307393 1.250063121 -0.188649445 0 -0.06191860144 0.5224361632 2.838797866 0 47.7630495 39.87874333 -4.7635814 1


mesh: pSphereShape8 tranform: pSphere8 0.00879991134 -4.2736623 -0.4631886814 0 0.9995775271 -0.00108966636 0.02904444818 0 -0.07574225295 -0.281531273 2.596140862 0 50.82721478 32.6329257 -3.659998331 1


mesh: pSphereShape10 tranform: pSphere10 3.154441548 0.2361180161 -2.711361418 0 0.2693478917 3.450187042 0.6138220782 0 3.287950647 -0.9229335707 3.74488138 0 37.93018601 64.84899575 -0.343095841 1


mesh: pSphereShape11 tranform: pSphere11 0.784317334 0.07731955042 -0.6155225477 0 1.690830568 2.488516874 2.467104958 0 1.152449863 -1.990943894 1.218391625 0 37.8617907 60.32408026 0.3010231766 1


mesh: pSphereShape12 tranform: pSphere12 5.88916502 0.3598310175 -4.100459987 0 0.1778368279 3.714861106 0.5814061557 0 3.382187971 -0.9096667813 4.777741236 0 36.0168191 51.13904015 -2.896469407 1


mesh: pSphereShape13 tranform: pSphere13 4.069692948 0.5549243918 -2.806537013 0 -0.0005281525539 4.608242726 0.9104019869 0 2.555527222 -0.7042936056 3.566452666 0 36.63794483 45.99115777 -3.04440399 1


mesh: pSphereShape14 tranform: pSphere14 4.185280612 0.5472570542 -2.737352627 0 -0.1102090811 5.409249639 0.9129237015 0 2.405579756 -0.5530690401 3.56744516 0 36.81509992 41.63507762 -3.601609169 1


mesh: pSphereShape15 tranform: pSphere15 3.285857878 0.03099968296 -1.037569996 0 0.2607618491 8.557091313 1.081462936 0 1.279956341 -0.5492159676 4.037056896 0 32.50009552 28.03899094 -3.06680833 1


mesh: pSphereShape16 tranform: pSphere16 2.170915347 0.02962036836 -0.6814094882 0 0.6171869084 7.88207997 2.308935626 0 0.5484389022 -0.5478082389 1.723469027 0 31.07076043 12.11732941 -5.359011147 1


mesh: pSphereShape17 tranform: pSphere17 2.505224189 -0.2434935998 0.4182405987 0 0.231923934 2.350770393 -0.02061948188 0 -1.026014769 0.1559280853 6.236516775 0 29.23349468 1.977226892 -3.36725215 1


mesh: pSphereShape18 tranform: pSphere18 2.145373469 0.2794082013 -1.935407278 0 -2.536600441 7.534075183 -1.724119224 0 1.980772586 1.209307246 2.370243912 0 42.4487207 28.40332186 -4.748600062 1


mesh: pSphereShape19 tranform: pSphere19 1.431768096 0.2104945201 -1.326306409 0 -1.815031868 9.589263283 -0.4374685562 0 1.505874881 0.3618095037 1.683036827 0 47.08228919 12.76641176 -2.653840689 1


mesh: pSphereShape20 tranform: pSphere20 1.233875626 0.08813571374 -2.310419188 0 -0.3192302233 1.83044892 -0.1006581276 0 5.146333187 1.050861384 2.788478183 0 52.80775261 4.257695195 0.842895251 1


mesh: pSphereShape21 tranform: pSphere21 4.987906947 0.6522065102 -3.262304598 0 -1.227505112 2.770939003 -1.322824613 0 2.479366699 3.214887308 4.433559277 0 36.34001817 37.90438151 -5.246726879 1


