mesh: pSphereShape1 tranform: pSphere1 0.7795419106 3.117834613 0.8867308181 0 -1.597729383 0.6446098615 -0.8619187544 0 -1.749230138 -0.3998020817 2.943525723 0 134.5686584 31.91073394 -25.54793778 1


mesh: pSphereShape2 tranform: pSphere2 0.7213423683 5.67832198 1.425966972 0 -2.827930993 0.6880255639 -1.30923386 0 -1.342123252 -0.492510709 2.640148631 0 136.5977157 39.33549025 -23.31941161 1


mesh: pSphereShape3 tranform: pSphere3 0.0157816812 6.177391118 2.510396347 0 -2.634945484 0.5764607509 -1.401945815 0 -1.509741654 -0.984730095 2.432639456 0 137.6219127 49.53444716 -20.24334007 1


mesh: pSphereShape4 tranform: pSphere4 1.227768504 -0.4110747024 3.894439225 0 -0.441700504 3.311461572 0.4887902821 0 -3.699488116 -0.6553997455 1.097127594 0 138.2005716 55.33636204 -15.04815836 1


mesh: pSphereShape5 tranform: pSphere5 0.4736937986 -0.4818795115 4.187119706 0 -0.3809613378 3.09692361 0.3995116398 0 -3.956623169 -0.5364942683 0.38587439 0 139.2183291 55.04407172 -8.46110491 1


mesh: pSphereShape6 tranform: pSphere6 -1.080305244 -5.62925443 1.937780655 0 -0.7072757634 0.8756119241 2.149349863 0 -2.23892043 0.1544020841 -0.7996513234 0 138.3479312 48.2786107 -5.144590292 1


mesh: pSphereShape7 tranform: pSphere7 -3.011306002 -4.391538144 2.057411208 0 -0.5661283417 1.243700623 1.826068136 0 -2.34572034 0.9611000453 -1.381821106 0 133.6023454 39.20581198 -2.305806219 1


mesh: pSphereShape8 tranform: pSphere8 -0.3449000105 -4.284593154 -0.04600147636 0 -0.4499524955 0.02663617298 0.8926551776 0 -2.323628548 0.1996859007 -1.177208578 0 130.0741445 32.31967164 -0.501882769 1


mesh: pSphereShape10 tranform: pSphere10 0.8511949962 -0.6289758995 4.02958935 0 -0.07542765046 3.469388565 0.5574675822 0 -4.960095148 -0.2694339533 1.005695706 0 137.9918005 64.78135278 -10.26643971 1


mesh: pSphereShape11 tranform: pSphere11 0.1952379117 -0.1425332843 0.970343455 0 -2.462728829 2.869209601 0.9169700653 0 -1.950184814 -1.718625249 0.139938811 0 136.7353163 60.55933394 -11.30563243 1


mesh: pSphereShape12 tranform: pSphere12 1.25257962 -0.7927920167 7.03050782 0 -0.3551920875 3.716319134 0.4823512892 0 -5.806420185 -0.6792837866 0.9578928005 0 139.198646 51.02781936 -13.15201948 1


mesh: pSphereShape13 tranform: pSphere13 0.6994682746 -0.6983261975 4.875456536 0 -0.5149747933 4.610891172 0.7343137207 0 -4.372483086 -0.5751314121 0.5449302744 0 138.7191141 45.86624947 -13.5574885 1


mesh: pSphereShape14 tranform: pSphere14 0.6510407876 -0.4271010436 4.970200608 0 -0.4477825328 5.443156581 0.5263977765 0 -4.287056614 -0.4036285162 0.5268718027 0 138.8739851 41.50943079 -14.06132831 1


mesh: pSphereShape15 tranform: pSphere15 0.3755874876 -0.1994357246 3.419580954 0 1.22959731 8.533344168 0.3626269797 0 -4.201283391 0.5843191575 0.495523753 0 137.3112645 28.04416725 -18.63799627 1


mesh: pSphereShape16 tranform: pSphere16 0.2113317496 -0.0101567747 2.265679905 0 -2.785496789 7.745549805 0.2945401567 0 -1.769737389 -0.6426102675 0.1621918658 0 137.6947967 12.49510102 -20.04364924 1


mesh: pSphereShape17 tranform: pSphere17 -0.5464615002 -0.1899612569 2.485086944 0 -0.3215588172 2.33779231 0.1079923793 0 -6.115317352 -0.7762899711 -1.40407583 0 136.5712096 1.851437511 -21.74724069 1


mesh: pSphereShape18 tranform: pSphere18 0.7518406889 -0.1716814736 2.798527943 0 -0.04753755475 8.118253445 0.5108022544 0 -3.203966384 -0.07264033868 0.8563077955 0 140.2928674 27.65111675 -10.80323186 1


mesh: pSphereShape19 tranform: pSphere19 0.5223285678 -0.08195244586 1.890453168 0 -1.841459309 9.549722343 0.9227786949 0 -2.162159605 -0.4726722832 0.5769098642 0 141.7028764 11.26103505 -11.62526345 1


mesh: pSphereShape20 tranform: pSphere20 1.101731755 0.09934840947 2.375830554 0 -0.02747484835 1.859462669 -0.06501505149 0 -5.395093012 0.007747807289 2.501514912 0 138.5453087 1.75934144 -10.96446125 1


mesh: pSphereShape21 tranform: pSphere21 0.7758932239 -0.5090077487 5.923353877 0 1.889796394 2.713521699 -0.01436291791 0 -4.871423484 3.397561534 0.9300625515 0 140.3351179 37.69685977 -14.48512267 1


