mesh: pSphereShape1 tranform: pSphere1 1.000614186 2.806240082 1.496214444 0 -0.0006734144077 0.9065353778 -1.69981121 0 -3.288385423 0.9123969822 0.4878980583 0 -142.3370277 32.76981596 -21.2958187 1


mesh: pSphereShape2 tranform: pSphere2 1.233976943 5.394394709 2.043248336 0 -0.9145704974 1.263747149 -2.784092334 0 -2.807039799 0.2498829908 1.035534873 0 -140.1142674 39.53330242 -17.61348671 1


mesh: pSphereShape3 tranform: pSphere3 -0.5434064856 6.373347658 1.883520355 0 -0.7737077835 0.7722994048 -2.836481388 0 -2.917539239 -0.4479041653 0.6738654113 0 -139.0501667 49.49695755 -14.21547472 1


mesh: pSphereShape4 tranform: pSphere4 -2.281411165 -0.09722094987 3.410097648 0 -0.4648410584 3.337233548 -0.2158426652 0 -3.208592351 -0.5868407683 -2.163331491 0 -141.5594467 55.6907405 -10.33824077 1


mesh: pSphereShape5 tranform: pSphere5 -2.509987405 -0.1069787467 3.417174839 0 -0.371088294 3.118873058 -0.174932171 0 -3.198748813 -0.5132754125 -2.365617556 0 -145.602988 55.96599499 -4.967102157 1


mesh: pSphereShape6 tranform: pSphere6 -1.445674754 -5.503462981 2.057298823 0 -2.064755706 0.8850225987 0.9166018521 0 -1.11414525 -0.4743206051 -2.051766863 0 -147.9410106 49.39982102 -1.723194831 1


mesh: pSphereShape7 tranform: pSphere7 -2.933054376 -4.829171412 0.8141298967 0 -1.808933962 1.212842375 0.6771917528 0 -0.9441569989 0.1138777628 -2.726012875 0 -152.141823 39.69956878 -0.3495367716 1


mesh: pSphereShape8 tranform: pSphere8 0.3812328686 -4.151257541 1.049062905 0 -0.9439219301 -0.003252775429 0.330152706 0 -0.8308534637 -0.6782894845 -2.382131402 0 -154.9157944 32.32107748 0.661407384 1


mesh: pSphereShape10 tranform: pSphere10 -3.470260737 0.4456810398 2.261944466 0 0.3590004806 3.493609225 -0.1375852168 0 -2.756331335 0.1158034587 -4.251563184 0 -143.291033 65.65124955 -8.882803292 1


mesh: pSphereShape11 tranform: pSphere11 -0.7647187927 0.03646316161 0.6433316453 0 -1.488855481 3.025403263 -1.941256183 0 -1.349573574 -1.634071456 -1.511601162 0 -144.2859448 61.30419164 -9.905777988 1


mesh: pSphereShape12 tranform: pSphere12 -4.205432568 -0.1948021389 5.822534168 0 -0.2253280427 3.757353785 -0.03703908452 0 -4.790152782 -0.3214765319 -3.470531602 0 -142.7981301 51.54904251 -8.239918355 1


mesh: pSphereShape13 tranform: pSphere13 -2.957004967 -0.2509156572 3.992512334 0 -0.445728693 4.675975259 -0.03625450396 0 -3.548456516 -0.3588016439 -2.650669956 0 -143.3541171 46.39196981 -8.663625943 1


mesh: pSphereShape14 tranform: pSphere14 -2.98895273 -0.06596401813 4.046106007 0 -0.3907193455 5.469287761 -0.1994672053 0 -3.475761544 -0.3421500545 -2.573204096 0 -143.203368 41.97040097 -8.703872959 1


mesh: pSphereShape15 tranform: pSphere15 -1.511134045 0.1364049083 3.093904018 0 1.224042992 8.538974135 0.2213821274 0 -3.789925205 0.5919454079 -1.877184693 0 -142.1789345 28.3917663 -12.10928242 1


mesh: pSphereShape16 tranform: pSphere16 -1.121332738 0.3434943687 1.950049796 0 -4.882032968 5.458987332 -3.768885706 0 -1.20388292 -1.386029306 -0.4481219255 0 -139.4791284 14.72786714 -10.15332386 1


mesh: pSphereShape17 tranform: pSphere17 -1.720705155 -0.6743845342 1.759187835 0 -1.47758106 1.655239688 -0.8107225796 0 -2.480831526 -4.18974452 -4.032700976 0 -134.7894553 4.564334755 -8.595856026 1


mesh: pSphereShape18 tranform: pSphere18 -1.600241565 0.5214871716 2.365116416 0 3.003488851 7.550719442 0.3672987794 0 -2.481876579 1.080503373 -1.917483079 0 -148.3317935 28.88364409 -5.459372345 1


mesh: pSphereShape19 tranform: pSphere19 -1.058483497 0.3296017055 1.619978987 0 -0.6998591411 9.449147302 -2.379811374 0 -1.919201385 -0.4356476592 -1.165356339 0 -151.5193533 13.3701081 -3.807015065 1


mesh: pSphereShape20 tranform: pSphere20 -0.6174778522 0.2648689879 2.533144155 0 -0.0001963179924 1.850707326 -0.1935603221 0 -5.779399499 -0.1463532954 -1.393480404 0 -155.5674382 3.833992876 -3.505463819 1


mesh: pSphereShape21 tranform: pSphere21 -3.562154959 -0.07861417543 4.822042326 0 1.519372323 2.695531977 1.16634121 0 -3.968997854 3.481276175 -2.875235594 0 -142.0646216 38.12964348 -7.808302187 1


