mesh: pSphereShape1 tranform: pSphere1 -1.40285871 2.973548196 0.5521488714 0 -1.317006476 -0.3694470761 -1.356527846 0 -2.055605932 -1.411765963 2.380208516 0 -12.99185231 30.00187129 -23.85174201 1


mesh: pSphereShape2 tranform: pSphere2 -2.728469041 5.192222932 0.6271641292 0 -2.054834067 -0.8011850424 -2.306604791 0 -1.829920905 -1.209250627 2.050207018 0 -15.97542483 37.27548023 -22.33299338 1


mesh: pSphereShape3 tranform: pSphere3 -3.219987086 5.64571967 1.489977341 0 -1.964683356 -0.5241944133 -2.259631895 0 -1.788865817 -1.524052122 1.908919109 0 -20.66839308 46.82232468 -20.6592784 1


mesh: pSphereShape4 tranform: pSphere4 -0.5317788775 0.4631851302 4.042984733 0 -0.8154649748 3.241258598 -0.4785943956 0 -3.764121937 -1.003146975 -0.3801740243 0 -24.22625253 52.85754268 -16.60008654 1


mesh: pSphereShape5 tranform: pSphere5 -0.8543562792 0.4340593979 4.131613837 0 -0.7690578457 3.012982276 -0.475567841 0 -3.804848288 -1.077498642 -0.6735860913 0 -25.65924757 53.96899619 -10.1314622 1


mesh: pSphereShape6 tranform: pSphere6 -2.132098404 -4.972998785 2.708135559 0 -1.176638401 1.381484566 1.610485191 0 -1.906913081 0.04012025812 -1.427627332 0 -27.88289577 48.23737018 -5.808987613 1


mesh: pSphereShape7 tranform: pSphere7 -5.636768942 0.1736481733 -0.8849825929 0 -0.1618481824 1.804822649 1.385004602 0 0.4075253796 1.762981375 -2.249748101 0 -35.50957149 44.02392042 -5.307754305 1


mesh: pSphereShape8 tranform: pSphere8 -3.935169759 -1.421716325 -0.9858865593 0 -0.3835769141 0.8894920229 0.2483398725 0 0.3183725063 0.8237346881 -2.458667166 0 -43.0502493 43.67197845 -7.457329028 1


mesh: pSphereShape10 tranform: pSphere10 -0.2818955722 0.2321317363 4.150226943 0 0.4163391202 3.485970383 -0.1666993667 0 -5.02081017 0.5817852124 -0.3735687201 0 -24.47809306 63.2345566 -14.10901579 1


mesh: pSphereShape11 tranform: pSphere11 -0.07795711906 0.08792167186 0.9930722366 0 -2.131213688 3.223542034 -0.4526986735 0 -2.168428245 -1.43964111 -0.04276503168 0 -26.2245568 59.01049645 -14.66374789 1


mesh: pSphereShape12 tranform: pSphere12 -0.8295930567 0.8002328783 7.092031993 0 -0.6995259615 3.665389632 -0.4954133286 0 -5.780463593 -1.17662668 -0.5434066161 0 -23.91381869 49.13926409 -13.56160535 1


mesh: pSphereShape13 tranform: pSphere13 -0.2367414988 0.3101065994 4.959312366 0 -1.177603231 4.534594163 -0.3397638635 0 -4.296576821 -1.125884642 -0.1347029042 0 -23.8384002 43.96200037 -12.87239204 1


mesh: pSphereShape14 tranform: pSphere14 0.06294027652 0.1535495295 5.028083587 0 -1.295264822 5.329762655 -0.1465485228 0 -4.215170258 -1.022082103 0.08397716553 0 -23.01769755 39.63160196 -12.62309225 1


mesh: pSphereShape15 tranform: pSphere15 0.7957676961 0.2073897803 3.346358876 0 3.641692788 7.706758187 -1.343622885 0 -3.743918495 1.903772004 0.7723219875 0 -26.18530727 27.39215785 -15.20051359 1


mesh: pSphereShape16 tranform: pSphere16 0.5138104574 0.3145128703 2.194345043 0 -1.575066109 8.046308033 -0.7844627727 0 -1.805145557 -0.3078473752 0.4668019869 0 -29.43422614 12.55750242 -13.81526647 1


mesh: pSphereShape17 tranform: pSphere17 0.08990956123 0.2065262185 2.541579383 0 -0.1010815918 2.352642128 -0.1875975559 0 -6.312554466 -0.2517818401 0.2437691137 0 -32.24421494 1.9106277 -12.941335 1


mesh: pSphereShape18 tranform: pSphere18 0.5500133862 0.0242945043 2.850156601 0 0.02299656809 8.134079334 -0.0737720326 0 -3.25711626 0.01490793369 0.6284199829 0 -21.62205576 25.92288862 -8.457366533 1


mesh: pSphereShape19 tranform: pSphere19 0.487510421 -0.0511732889 1.900808091 0 -8.865331669 3.355112693 2.364064919 0 -0.7750366668 -2.147236317 0.1409702055 0 -14.99316687 14.27460416 -9.721249193 1


mesh: pSphereShape20 tranform: pSphere20 0.8841345081 0.9428788868 2.279811256 0 -1.749393342 0.3280609587 0.5427542595 0 -0.2879904036 -5.448659528 2.365129249 0 -6.946017975 6.241928547 -10.78358864 1


mesh: pSphereShape21 tranform: pSphere21 0.07501056 0.1829962758 5.992337283 0 1.462886896 2.963588684 -0.1088152463 0 -5.390801804 2.660502561 -0.01376674814 0 -20.97757785 36.07397507 -12.44586105 1


