mesh: pSphereShape1 tranform: pSphere1 -0.313894694 3.226017824 -0.7804799358 0 1.695380778 -0.05594248541 -0.9130823905 0 -1.604503759 -0.8640757352 -2.92624884 0 -138.5938216 31.06618509 -4.968140529 1


mesh: pSphereShape2 tranform: pSphere2 0.0482178518 5.657644549 -1.669068701 0 2.991712492 -0.3377428801 -1.058419713 0 -1.044926868 -0.7882293152 -2.702049001 0 -139.5392127 38.82988951 -6.707604876 1


mesh: pSphereShape3 tranform: pSphere3 -0.5072549136 6.171048029 -2.474542095 0 2.891422835 -0.1346749141 -0.9285652519 0 -0.9056914358 -1.139077458 -2.654990304 0 -139.98596 49.13052129 -9.789748763 1


mesh: pSphereShape4 tranform: pSphere4 -3.793028335 0.2085833044 -1.553217255 0 0.4154170262 3.301679552 -0.5710812941 0 1.414891175 -0.7941073236 -3.561871225 0 -143.0393558 55.40141501 -13.35523312 1


mesh: pSphereShape5 tranform: pSphere5 -3.737916872 0.2016680137 -1.993959022 0 0.4161695064 3.082710435 -0.4683761897 0 1.819708975 -0.7758811121 -3.48973635 0 -148.9275249 56.15345623 -16.46631352 1


mesh: pSphereShape6 tranform: pSphere6 -2.537673622 -5.286120563 -1.492548394 0 -1.260589739 1.101101817 -1.756453352 0 1.77352601 -0.4180234006 -1.53489702 0 -152.8833981 49.94689525 -18.63176804 1


mesh: pSphereShape7 tranform: pSphere7 -1.511139217 -4.476566153 -3.203642573 0 -0.9618552925 1.408390833 -1.514294236 0 2.503779095 0.1758796404 -1.426780773 0 -155.4046694 40.76173915 -23.38720527 1


mesh: pSphereShape8 tranform: pSphere8 -0.7846914991 -4.219995636 0.2338946873 0 -0.6488324006 0.0786991131 -0.756850689 0 1.929854486 -0.4531574958 -1.701544612 0 -157.2121446 33.72117558 -26.60584299 1


mesh: pSphereShape10 tranform: pSphere10 -2.818277155 0.4146177419 -3.040253269 0 0.3320801607 3.494903459 0.1687869411 0 3.701810447 -0.1847965779 -3.4567343 0 -144.2668716 65.48925078 -15.1726153 1


mesh: pSphereShape11 tranform: pSphere11 -0.7671097795 0.06171195384 -0.6385406964 0 1.838413586 2.830959942 -1.934976076 0 1.129553518 -1.778519971 -1.528872784 0 -143.5674589 61.02195191 -16.13010976 1


mesh: pSphereShape12 tranform: pSphere12 -6.507564428 0.327725441 -3.028153948 0 0.3242405251 3.738899156 -0.2921528258 0 2.458849198 -0.6314677836 -5.352458267 0 -145.6999906 51.46535644 -14.0748789 1


mesh: pSphereShape13 tranform: pSphere13 -4.540185248 0.11519361 -2.029886726 0 0.3285536845 4.662146327 -0.4702947773 0 1.78935747 -0.5328738445 -4.032440798 0 -145.8533309 46.3021675 -14.64968098 1


mesh: pSphereShape14 tranform: pSphere14 -4.629457411 0.06676450487 -1.967950729 0 0.2839147722 5.458199059 -0.4827140105 0 1.683057059 -0.4390143278 -3.974160244 0 -146.0291335 41.89773713 -14.47957058 1


mesh: pSphereShape15 tranform: pSphere15 -3.151350136 0.7050380234 -1.202617218 0 1.513127087 8.438447162 0.9820521753 0 1.556927402 0.18312659 -3.972429548 0 -143.667093 28.5126431 -13.77285743 1


mesh: pSphereShape16 tranform: pSphere16 -2.066960913 0.5105930246 -0.8031419834 0 2.346999235 7.822545509 -1.067082195 0 0.5785316581 -0.412448789 -1.751117272 0 -146.2852708 12.71089998 -14.17575171 1


mesh: pSphereShape17 tranform: pSphere17 -2.274545935 0.08715409057 -1.152912626 0 0.1286670402 2.357554033 -0.07562465146 0 2.84409632 -0.3360239672 -5.636431972 0 -146.6571691 2.231473165 -16.90922501 1


mesh: pSphereShape18 tranform: pSphere18 -2.66654566 0.9771325923 -0.601035555 0 1.315271586 6.492841514 4.720411792 0 1.196194911 1.657226768 -2.61278729 0 -151.3018485 29.8205177 -20.28304152 1


mesh: pSphereShape19 tranform: pSphere19 -1.855877326 0.5392488141 -0.3439281645 0 3.155997303 7.037203768 -5.996426759 0 -0.09699564703 -1.456719776 -1.760607161 0 -155.5033108 17.43435961 -21.22846268 1


mesh: pSphereShape20 tranform: pSphere20 -2.265911927 1.236553385 0.4525844156 0 0.3704667897 1.185880925 -1.385288429 0 -2.743373952 -3.623299323 -3.835396573 0 -160.0547914 7.238488075 -18.73671725 1


mesh: pSphereShape21 tranform: pSphere21 -5.51726513 0.07956817439 -2.345351727 0 -0.6919373269 2.737782188 1.720612721 0 1.988482606 3.370525586 -4.563408999 0 -146.762229 38.09289801 -13.12458774 1


