mesh: pSphereShape1 tranform: pSphere1 -1.320524959 2.984212997 0.6823169613 0 -1.431453323 -0.3497028585 -1.240892537 0 -1.85956701 -1.403786553 2.54074503 0 -4.566511493 29.72458343 -24.15221029 1


mesh: pSphereShape2 tranform: pSphere2 -2.579857536 5.240846729 0.8215338018 0 -2.048072465 -0.6377849333 -2.362899857 0 -1.891434672 -1.240555599 1.974270271 0 -7.336316108 37.01460052 -22.33464093 1


mesh: pSphereShape3 tranform: pSphere3 -3.286177599 5.566433071 1.636569448 0 -1.91235825 -0.4467767488 -2.320339034 0 -1.820027072 -1.60641887 1.809328001 0 -11.94985059 46.52461946 -20.35382141 1


mesh: pSphereShape4 tranform: pSphere4 -0.9399870198 0.2038958789 3.989725011 0 -0.8352755505 3.251211711 -0.3629465291 0 -3.684864636 -1.03768267 -0.8151302908 0 -15.89309477 52.29356264 -16.21248395 1


mesh: pSphereShape5 tranform: pSphere5 -1.304088809 0.1677195819 4.032342697 0 -0.7962693475 3.019084496 -0.3830938119 0 -3.679571979 -1.11558194 -1.143599156 0 -18.02402897 52.98032911 -9.884464316 1


mesh: pSphereShape6 tranform: pSphere6 -1.77751039 -5.142644212 2.646549839 0 -1.034575014 1.276348131 1.78528151 0 -2.03817122 0.07064425161 -1.23163079 0 -20.07594412 46.98041853 -5.663708099 1


mesh: pSphereShape7 tranform: pSphere7 -5.464805353 1.345704752 -0.9547215093 0 0.1376925537 1.662544506 1.55525043 0 0.8160918037 1.855563274 -2.055827299 0 -27.25019834 43.76481202 -5.219567217 1


mesh: pSphereShape8 tranform: pSphere8 -3.870413286 -0.1079003209 -1.867369583 0 -0.2914996223 0.7759942299 0.5593397227 0 0.8439674471 1.646477351 -1.844390252 0 -34.48768886 45.41206632 -7.515231223 1


mesh: pSphereShape10 tranform: pSphere10 -0.5352575084 0.1789359241 4.127858436 0 0.2537636361 3.503507896 -0.1189659333 0 -5.012852156 0.3405141506 -0.6647749701 0 -16.95190653 62.49952626 -13.651572 1


mesh: pSphereShape11 tranform: pSphere11 -0.1484849445 0.0725556735 0.9862494084 0 -2.309822112 3.07786671 -0.5741858959 0 -2.058831397 -1.581199553 -0.1936431754 0 -18.47941474 58.15982969 -14.35259607 1


mesh: pSphereShape12 tranform: pSphere12 -1.299424414 0.3738172089 7.056718216 0 -0.7056308544 3.683243251 -0.3250482166 0 -5.719488941 -1.183145316 -0.9905119164 0 -15.81936073 48.39744825 -13.39230816 1


mesh: pSphereShape13 tranform: pSphere13 -0.5882702006 -0.06686139831 4.939277225 0 -1.099228699 4.566361112 -0.0691052927 0 -4.28822303 -1.040216681 -0.5248104219 0 -15.78918464 43.19898009 -13.05397797 1


mesh: pSphereShape14 tranform: pSphere14 -0.2777029282 -0.08940073198 5.022355233 0 -1.152890069 5.36427017 0.03173983603 0 -4.234518671 -0.9086025555 -0.2503144262 0 -15.0728007 38.85391145 -13.00444869 1


mesh: pSphereShape15 tranform: pSphere15 0.7268919888 0.1617378664 3.364497492 0 4.568750426 7.197969549 -1.333088324 0 -3.509089668 2.346830664 0.6453141336 0 -18.96320963 27.11386822 -15.51575209 1


mesh: pSphereShape16 tranform: pSphere16 0.4966340061 0.2103978569 2.210691544 0 1.09775817 8.099321844 -1.017448138 0 -1.826931751 0.2956401217 0.3822850765 0 -25.43297694 12.84111999 -13.9642698 1


mesh: pSphereShape17 tranform: pSphere17 0.1435234021 0.3339366434 2.525519733 0 0.360548399 2.311701447 -0.3261542342 0 -6.238072975 1.004214058 0.22172291 0 -31.46801306 3.091318148 -12.77079704 1


mesh: pSphereShape18 tranform: pSphere18 0.4719237083 -0.2567608686 2.852693371 0 -1.753927295 7.879984115 0.9994033949 0 -3.193982529 -0.7691505562 0.4591549613 0 -11.9438709 25.4076335 -9.877560396 1


mesh: pSphereShape19 tranform: pSphere19 0.388371143 -0.1968427474 1.914099606 0 -8.129069221 4.968967651 2.160389739 0 -1.185066713 -1.955824462 0.03931658168 0 -3.887412338 12.73144777 -12.19756287 1


mesh: pSphereShape20 tranform: pSphere20 0.6137159323 0.1203350142 2.545019848 0 -1.429381163 1.155562443 0.2900485711 0 -3.543733442 -4.653163774 1.074563015 0 0.9281405721 3.783889942 -14.0326224 1


mesh: pSphereShape21 tranform: pSphere21 -0.3309590188 -0.1065454323 5.985510382 0 1.538163109 2.924037385 0.1370997172 0 -5.311276586 2.805376766 -0.2437410871 0 -13.13625455 35.23711068 -12.86751951 1


