mesh: pSphereShape1 tranform: pSphere1 0.6878199754 3.073365233 -1.093709118 0 1.84418234 -0.2326640805 0.5059880607 0 0.6981102814 -1.269433872 -3.128125819 0 96.32292335 30.86038665 17.96093529 1


mesh: pSphereShape2 tranform: pSphere2 1.692199242 5.40802886 -1.639128641 0 2.770878628 -0.4029305976 1.531190628 0 1.215319042 -1.137592093 -2.498625677 0 97.61359184 38.31103468 15.31857875 1


mesh: pSphereShape3 tranform: pSphere3 1.772972749 5.86780134 -2.624495184 0 2.639591095 -0.1255373128 1.502496591 0 1.267670487 -1.432662704 -2.346750319 0 100.2148844 48.19619069 11.92197018 1


mesh: pSphereShape4 tranform: pSphere4 -1.543951951 0.1588763638 -3.799213795 0 0.4181755095 3.350228619 -0.02984058262 0 3.593925397 -0.461774681 -1.479835965 0 100.8279044 54.25246916 6.828043484 1


mesh: pSphereShape5 tranform: pSphere5 -1.150374606 0.1636536086 -4.079022048 0 0.3729918064 3.123483479 0.02012468663 0 3.831651553 -0.4504790782 -1.098684223 0 98.9395399 54.9529706 0.4339551482 1


mesh: pSphereShape6 tranform: pSphere6 1.659097269 -5.096354388 -2.808046817 0 0.1001719658 1.194803809 -2.109277012 0 2.28901985 0.5222761582 0.4045524398 0 100.0881888 48.97995203 -3.866634832 1


mesh: pSphereShape7 tranform: pSphere7 3.890889865 -2.886999353 -3.018728671 0 -0.1465104435 1.547605896 -1.668912237 0 2.104430174 1.538044617 1.241506817 0 106.2641196 41.94175824 -8.541294553 1


mesh: pSphereShape8 tranform: pSphere8 1.967435768 -3.7815292 -0.5550171658 0 0.1854737022 0.2364825893 -0.9537690972 0 2.27167873 1.077837094 0.7090042789 0 111.5369185 36.98115757 -11.79876087 1


mesh: pSphereShape10 tranform: pSphere10 -2.394553267 0.2009979317 -3.40344655 0 0.2767067509 3.503769397 0.01224092905 0 4.128214531 -0.3158093224 -2.923127031 0 101.1517012 64.26192626 3.587354729 1


mesh: pSphereShape11 tranform: pSphere11 -0.4909930573 0.1036147823 -0.8649796498 0 2.488242535 2.790048146 -1.078198289 0 1.539917901 -1.794193392 -1.089035975 0 102.3415434 59.78718431 3.590362045 1


mesh: pSphereShape12 tranform: pSphere12 -2.566813396 0.2559292965 -6.706078159 0 0.2429979426 3.756097743 0.05033718231 0 5.519834374 -0.3286193319 -2.12530898 0 99.71675134 50.26457298 4.377309825 1


mesh: pSphereShape13 tranform: pSphere13 -1.821269371 -0.06074559512 -4.62885295 0 0.1608413983 4.692895739 -0.1248707322 0 4.132364311 -0.1848288028 -1.623495302 0 100.3569464 45.15095932 3.846334348 1


mesh: pSphereShape14 tranform: pSphere14 -1.971298978 -0.02281318143 -4.628457993 0 0.1466304165 5.484163553 -0.0894819849 0 3.989531449 -0.1343820105 -1.698512463 0 100.4501828 40.73412637 3.814883259 1


mesh: pSphereShape15 tranform: pSphere15 -2.125015014 0.1463584629 -2.708738611 0 -2.164146821 8.076091373 2.134147896 0 3.186692985 1.493246081 -2.419288894 0 104.1838375 27.74167124 5.14678346 1


mesh: pSphereShape16 tranform: pSphere16 -1.400713162 0.1673395862 -1.785516676 0 0.1988131244 8.2111674 0.6135888897 0 1.488619615 0.05086582904 -1.163034347 0 107.2896642 12.31918944 2.674907913 1


mesh: pSphereShape17 tranform: pSphere17 -1.363870025 0.2879042314 -2.137131788 0 0.2087993877 2.345917666 0.1827797418 0 5.313973711 -0.2065776805 -3.419089122 0 111.0006617 1.556152649 -0.3551683411 1


mesh: pSphereShape18 tranform: pSphere18 -1.201338873 -0.157837146 -2.637872238 0 0.3846925094 8.098514139 -0.6597713105 0 3.015737621 -0.2539052611 -1.358233769 0 97.78158288 26.9092838 0.9836061985 1


mesh: pSphereShape19 tranform: pSphere19 -0.8639357922 -0.1347311626 -1.75750362 0 6.105055659 6.766043634 -3.519749803 0 1.474788217 -1.642348103 -0.5990581439 0 92.68036572 12.66089771 3.944619636 1


mesh: pSphereShape20 tranform: pSphere20 -0.9677911561 -0.4219521154 -2.398664311 0 0.8687109893 1.524825626 -0.6187336027 0 4.778534587 -3.271217936 -1.352555324 0 90.96598939 3.193910399 6.737581908 1


mesh: pSphereShape21 tranform: pSphere21 -2.349342081 -0.02718814739 -5.51607405 0 -1.883485937 2.600789702 0.7893733983 0 4.343478049 3.712566589 -1.868222485 0 99.2589606 36.82885731 4.239231836 1


