mesh: pSphereShape1 tranform: pSphere1 0.5318014102 3.213737762 -0.7098920094 0 0.9319647233 0.2151618761 1.672217724 0 2.966528006 -0.832439375 -1.5462043 0 49.67282612 30.14691064 17.1116442 1


mesh: pSphereShape2 tranform: pSphere2 1.210419508 5.729319928 -0.7119233854 0 1.222866013 0.1076907165 2.945788112 0 2.703914811 -0.7075118996 -1.096593827 0 50.76619175 37.8463078 15.18663142 1


mesh: pSphereShape3 tranform: pSphere3 2.118009549 6.198158949 -1.248743809 0 1.05540379 0.2121023307 2.842856348 0 2.671501817 -1.096232519 -0.9100001385 0 53.13702531 48.18570131 13.46238348 1


mesh: pSphereShape4 tranform: pSphere4 1.497360478 0.005998569347 -3.821116382 0 0.4315800666 3.344118196 0.1743707317 0 3.609691668 -0.5395660126 1.413663567 0 56.33193359 54.36055605 9.705472054 1


mesh: pSphereShape5 tranform: pSphere5 1.988491883 -0.01572507976 -3.746227151 0 0.2962737578 3.128438172 0.1441298141 0 3.523028692 -0.4198773688 1.871780936 0 59.36698124 54.79600488 3.740725799 1


mesh: pSphereShape6 tranform: pSphere6 2.638145004 -5.35422085 -0.9914982323 0 1.692972868 1.08550466 -1.357262901 0 1.354026357 0.3086839882 1.93581346 0 62.6781628 48.48095214 1.382316921 1


mesh: pSphereShape7 tranform: pSphere7 4.21468419 -3.848544938 0.1079399531 0 1.333586562 1.427443561 -1.177186959 0 0.9704774654 1.132144624 2.472239636 0 69.28773378 40.20242988 1.818933488 1


mesh: pSphereShape8 tranform: pSphere8 0.8187867019 -4.212133797 0.2575419516 0 0.866185501 0.1390275489 -0.4799937692 0 1.206952442 0.3744189695 2.286486466 0 74.10767479 33.91350345 2.425577265 1


mesh: pSphereShape10 tranform: pSphere10 1.288727298 0.2238521515 -3.955604391 0 0.2140750263 3.497945992 0.2676979196 0 4.809733308 -0.4124928199 1.543657202 0 58.92307598 64.24993701 7.846454516 1


mesh: pSphereShape11 tranform: pSphere11 0.352904939 0.0869435569 -0.9316109284 0 2.465501503 2.763857339 1.191900193 0 1.792052881 -1.818178205 0.5091668826 0 59.62233393 59.78082838 8.611814644 1


mesh: pSphereShape12 tranform: pSphere12 2.936362396 -0.01476613189 -6.557672829 0 0.2810984041 3.751939259 0.1174204895 0 5.38856872 -0.4792627632 2.413945896 0 57.06624264 50.27824164 7.266235853 1


mesh: pSphereShape13 tranform: pSphere13 2.001041847 -0.2454325681 -4.547811139 0 0.3376735428 4.683999451 -0.1042055419 0 4.05576751 -0.2523798124 1.798162344 0 57.71817712 45.14956741 7.479486367 1


mesh: pSphereShape14 tranform: pSphere14 1.920797618 -0.2499673812 -4.642974942 0 0.2692391062 5.477170572 -0.1834944537 0 4.003828447 -0.1410685511 1.663977681 0 57.70357948 40.75052048 7.686292236 1


mesh: pSphereShape15 tranform: pSphere15 0.2734875811 0.02803875674 -3.434937094 0 -2.99245701 8.091780814 -0.1722058772 0 3.991188597 1.48301939 0.3298815972 0 59.15383335 28.00030098 11.60617841 1


mesh: pSphereShape16 tranform: pSphere16 0.1799493483 0.08048808586 -2.266982488 0 -0.4183248431 8.221761661 0.2587036198 0 1.881403531 0.09092542466 0.1525709857 0 63.19332656 12.57881986 12.45865698 1


mesh: pSphereShape17 tranform: pSphere17 0.5336180744 0.2526762299 -2.482291088 0 -0.1135710066 2.349746962 0.2147700019 0 6.174991957 0.1754953092 1.345301857 0 68.18613246 2.085426545 13.332379 1


mesh: pSphereShape18 tranform: pSphere18 1.063644866 -0.2387253299 -2.69038425 0 0.9832293018 8.068173504 -0.3271913974 0 3.06035683 -0.3227235555 1.23854989 0 57.45331678 26.71021243 4.229799819 1


mesh: pSphereShape19 tranform: pSphere19 0.6698231139 -0.1831088868 -1.836073159 0 6.612848793 6.983206324 1.716027391 0 1.491711029 -1.585173752 0.7022824342 0 51.62993857 12.31457499 2.956885953 1


mesh: pSphereShape20 tranform: pSphere20 0.8332935086 -0.2028610597 -2.476433546 0 0.8557568756 1.645235243 0.1531809667 0 4.930502219 -2.739929535 1.883507236 0 49.17836202 2.958531725 3.481223182 1


mesh: pSphereShape21 tranform: pSphere21 2.289155894 -0.2979045261 -5.533374967 0 -1.833802474 2.600827549 -0.8986663782 0 4.444868669 3.700543488 1.639612119 0 56.49328806 36.84778614 7.293777588 1


