mesh: pSphereShape1 tranform: pSphere1 -0.448444597 3.145737674 1.009010277 0 0.1382885672 0.6047163351 -1.823830974 0 -3.407012561 -0.3641072383 -0.3790551263 0 143.8197197 30.26095728 -28.6973687 1


mesh: pSphereShape2 tranform: pSphere2 -0.891592741 5.69452359 1.254799028 0 -0.1333572888 0.6662167466 -3.118178516 0 -2.965227789 -0.4700793853 0.02638077948 0 142.7895735 37.7297292 -25.98974092 1


mesh: pSphereShape3 tranform: pSphere3 -2.24556905 6.195276783 1.019051092 0 0.04799612395 0.5102593543 -2.996335851 0 -2.850411141 -0.9977155887 -0.2155640858 0 140.5457035 47.95439849 -23.83086852 1


mesh: pSphereShape4 tranform: pSphere4 -2.63392798 0.5839766131 3.092644419 0 -0.3365381316 3.237325919 -0.8979175911 0 -2.976111423 -0.9620270953 -2.353022475 0 136.4675287 54.54231508 -21.07694228 1


mesh: pSphereShape5 tranform: pSphere5 -3.200684571 0.537244592 2.730485604 0 -0.241607952 3.011693491 -0.8757881316 0 -2.613924503 -1.04114085 -2.859198571 0 131.5685699 55.83175309 -16.73071003 1


mesh: pSphereShape6 tranform: pSphere6 -2.000917683 -5.175628885 2.412416381 0 -2.120557563 1.060172443 0.5156647114 0 -0.8481921401 -0.6627617916 -2.125409098 0 128.3943411 49.86848172 -13.14354182 1


mesh: pSphereShape7 tranform: pSphere7 -3.283410528 -4.586671511 0.8764540745 0 -1.814553611 1.352759677 0.2815205596 0 -0.5492555863 -0.1476934748 -2.830556786 0 123.525027 40.55830463 -11.37017992 1


mesh: pSphereShape8 tranform: pSphere8 0.02358422965 -4.029861581 1.496151752 0 -0.984362559 0.05621921953 0.1669423608 0 -0.4599728138 -0.8974344792 -2.409975205 0 120.2614539 33.43409284 -10.05785826 1


mesh: pSphereShape10 tranform: pSphere10 -2.006153191 0.3549027369 3.634161163 0 -0.4459845299 3.437386817 -0.5818815353 0 -4.395129015 -0.9650063374 -2.331987583 0 132.4781769 64.48471512 -20.96969337 1


mesh: pSphereShape11 tranform: pSphere11 -0.5932977707 0.1287726593 0.7946164845 0 -2.329228348 2.292999634 -2.11070583 0 -1.400913489 -2.076170488 -0.7095307813 0 132.4113433 59.80633599 -21.68465914 1


mesh: pSphereShape12 tranform: pSphere12 -5.336151675 0.9110517941 4.724508971 0 -0.1172466142 3.667570376 -0.8396623463 0 -3.962741556 -1.102693177 -4.2631265 0 134.9086121 50.89951145 -18.34737793 1


mesh: pSphereShape13 tranform: pSphere13 -3.70147187 0.7726653169 3.232504614 0 -0.1696929876 4.517989932 -1.274246578 0 -2.96449451 -1.00124662 -3.155251335 0 134.2450924 45.77069436 -17.71795147 1


mesh: pSphereShape14 tranform: pSphere14 -3.794711732 0.7845455389 3.208397522 0 -0.128196849 5.29145939 -1.445538127 0 -2.846343865 -0.9267226707 -3.139884709 0 134.2128126 41.46686027 -16.7364897 1


mesh: pSphereShape15 tranform: pSphere15 -2.688275048 0.01736196873 2.1557482 0 0.6691509969 8.56899733 0.7654359933 0 -2.65112553 0.5027019663 -3.310072349 0 136.8863019 27.88198549 -19.26737584 1


mesh: pSphereShape16 tranform: pSphere16 -1.781607298 0.06309350111 1.414200956 0 -0.6583052334 8.123156905 -1.191739978 0 -1.165878497 -0.3079497365 -1.455032259 0 137.0199555 11.89953641 -20.06376571 1


mesh: pSphereShape17 tranform: pSphere17 -2.256280906 -0.0581599297 1.190032128 0 -0.08768174122 2.360096715 -0.05089911279 0 -2.942870432 -0.2299084932 -5.59086908 0 135.9193965 1.212787448 -22.93411135 1


mesh: pSphereShape18 tranform: pSphere18 -2.738139309 0.2950473747 0.9176261586 0 1.453558142 7.790967039 1.832271563 0 -0.9283917109 0.8921822518 -3.057129358 0 129.8625517 28.36331369 -15.2441433 1


mesh: pSphereShape19 tranform: pSphere19 -1.842039512 0.1637413713 0.6583583491 0 -0.4679015568 9.082388094 -3.568050499 0 -0.7828248597 -0.8206122228 -1.986192099 0 128.1430934 12.81926007 -14.59757243 1


mesh: pSphereShape20 tranform: pSphere20 -2.462209242 0.1003373948 0.892026818 0 -0.1335415726 1.767152803 -0.5673807026 0 -1.991688411 -1.848837349 -5.289578738 0 127.4772288 2.318232909 -15.80938674 1


mesh: pSphereShape21 tranform: pSphere21 -4.522437266 0.9350006621 3.823683468 0 1.332877773 2.899242964 0.867504345 0 -3.115447113 2.734930846 -4.353544538 0 134.9823789 37.92347828 -14.8123223 1


