mesh: pSphereShape1 tranform: pSphere1 -0.3489383892 3.244770573 0.6815979335 0 -1.051674257 0.2227085971 -1.598607874 0 -2.86567364 -0.684162973 1.789923763 0 142.7051233 30.13153045 -28.05669259 1


mesh: pSphereShape2 tranform: pSphere2 -1.056082052 5.761782277 0.6954227678 0 -1.662527356 0.02404732112 -2.723984342 0 -2.505786129 -0.6431890222 1.523676532 0 141.9940342 37.90444298 -26.24615785 1


mesh: pSphereShape3 tranform: pSphere3 -2.027324569 6.22372516 1.271888412 0 -1.46656284 0.06626100036 -2.661860193 0 -2.48712549 -1.084676346 1.343291467 0 139.8339014 48.28725283 -24.59607395 1


mesh: pSphereShape4 tranform: pSphere4 -0.7777018537 0.4063931816 4.009124492 0 -0.5475741195 3.302347895 -0.4409693635 0 -3.790304612 -0.7169594433 -0.6625784504 0 137.2153079 54.77680358 -20.72056031 1


mesh: pSphereShape5 tranform: pSphere5 -1.293811665 0.3792495553 4.021291616 0 -0.4727084342 3.078391437 -0.4424136422 0 -3.772374061 -0.7436267551 -1.143593126 0 135.2532977 55.82433449 -14.39904147 1


mesh: pSphereShape6 tranform: pSphere6 -1.293882184 -5.450693181 2.286125864 0 -1.507073702 1.028499033 1.599236905 0 -1.796239172 -0.2233301894 -1.549095025 0 133.5399958 49.54316757 -10.54057735 1


mesh: pSphereShape7 tranform: pSphere7 -3.196126736 -4.471451936 1.541883091 0 -1.288669897 1.367048447 1.293184371 0 -1.749688778 0.4759280685 -2.246692776 0 128.7936443 40.33492387 -8.158187105 1


mesh: pSphereShape8 tranform: pSphere8 0.08908116493 -4.272716146 0.4634349223 0 -0.7664380164 0.0534473159 0.6400907369 0 -1.677156883 -0.2505159951 -1.987292291 0 125.4382783 33.28284129 -6.714826738 1


mesh: pSphereShape10 tranform: pSphere10 -0.3108278978 0.3239558281 4.142001035 0 -0.3781289158 3.481341489 -0.3006599637 0 -5.024567637 -0.5744316367 -0.3321306073 0 134.6713046 64.84025869 -18.64695593 1


mesh: pSphereShape11 tranform: pSphere11 -0.1499270971 0.1131690305 0.9821988781 0 -2.762806609 2.641576223 -0.7260894007 0 -1.790886238 -1.888409606 -0.055785943 0 133.9545997 60.31196771 -19.17725748 1


mesh: pSphereShape12 tranform: pSphere12 -1.934681919 0.6540451632 6.888740515 0 -0.4063824021 3.713075337 -0.4666658067 0 -5.66922536 -0.810908024 -1.515193859 0 137.0533139 50.97598934 -17.77386677 1


mesh: pSphereShape13 tranform: pSphere13 -1.310769326 0.489213121 4.773839762 0 -0.6152968223 4.612425821 -0.6416158868 0 -4.246950509 -0.7185112832 -1.092468028 0 136.6115826 45.82458265 -17.18969648 1


mesh: pSphereShape14 tranform: pSphere14 -1.335035775 0.4332135014 4.83106293 0 -0.6789637905 5.403036633 -0.6721314575 0 -4.147999064 -0.6565232084 -1.087403022 0 136.9268193 41.44539701 -16.69063892 1


mesh: pSphereShape15 tranform: pSphere15 -1.925996354 0.05927528662 2.856816227 0 0.5358209947 8.610512808 0.1825804063 0 -3.531303204 0.2703489655 -2.386328543 0 138.2045764 27.884392 -20.80826804 1


mesh: pSphereShape16 tranform: pSphere16 -1.275553257 0.05982234797 1.883468841 0 -0.7801437907 8.161519671 -0.7875661073 0 -1.554685378 -0.2494459738 -1.044966347 0 138.2709215 11.7782951 -21.37155608 1


mesh: pSphereShape17 tranform: pSphere17 -2.228608667 -0.3107769991 1.202947895 0 -0.1610090284 2.336903327 0.3054410658 0 -3.048251199 0.5108462848 -5.515284405 0 137.1977916 1.599877461 -24.87082492 1


mesh: pSphereShape18 tranform: pSphere18 -0.1498786234 0.1906209077 2.892697299 0 1.09480881 8.046514261 -0.4735184062 0 -3.282571767 0.4349313728 -0.1987398927 0 135.6006935 27.75155776 -11.9025405 1


mesh: pSphereShape19 tranform: pSphere19 -0.06258514037 0.1061386907 1.959125875 0 -4.247536513 8.776366187 -0.6111627129 0 -2.058392135 -0.9970266838 -0.0117407739 0 137.4224447 12.11525747 -10.49238048 1


mesh: pSphereShape20 tranform: pSphere20 0.8248175231 0.6730812076 2.394763356 0 -0.2998536675 1.792287619 -0.4004698641 0 -5.562676289 -0.472856105 2.04883018 0 136.5051396 2.701289618 -8.820349111 1


mesh: pSphereShape21 tranform: pSphere21 -1.591060394 0.5162924146 5.757533265 0 1.714919895 2.818666108 0.2211511657 0 -4.886143655 3.100560089 -1.628291991 0 138.4803452 37.74423452 -15.83147535 1


