mesh: pSphereShape1 tranform: pSphere1 -1.964395997 2.61949644 -0.6278985402 0 0.8294666122 0.9682069073 1.444204113 0 2.35689144 1.243208248 -2.187118527 0 -4.603845209 36.05332325 -6.76032249 1


mesh: pSphereShape2 tranform: pSphere2 -2.791767847 5.069134881 -1.143223943 0 2.467892532 1.629647006 1.199342847 0 1.266739281 0.08403794538 -2.720763796 0 -9.299577203 42.31503394 -8.489185721 1


mesh: pSphereShape3 tranform: pSphere3 -0.97660043 6.129458192 -2.436902496 0 2.494600201 0.970318035 1.440884978 0 1.672389074 -0.6978378804 -2.42546594 0 -12.87200534 51.78499481 -11.2363339 1


mesh: pSphereShape4 tranform: pSphere4 -0.4388250129 -0.4194479525 -4.058885415 0 0.6402995601 3.289737599 -0.4091894678 0 3.820124553 -0.7848155936 -0.3319080917 0 -13.52329873 57.51757205 -16.41740276 1


mesh: pSphereShape5 tranform: pSphere5 -0.1977442961 -0.451076415 -4.212599242 0 0.5883549204 3.069619046 -0.356306522 0 3.93620521 -0.766375645 -0.1027081204 0 -13.75518319 57.2348666 -23.12950127 1


mesh: pSphereShape6 tranform: pSphere6 0.1422297364 -5.793670827 -1.738881186 0 1.104222757 0.645864981 -2.061599042 0 2.120665736 -0.2640247599 1.053145144 0 -13.75416629 50.29066463 -26.26045809 1


mesh: pSphereShape7 tranform: pSphere7 2.796031737 -4.745754695 -1.498843185 0 0.9465143635 1.111144554 -1.752508407 0 2.213633947 0.7720111091 1.685043138 0 -10.16023363 40.60689093 -28.28587935 1


mesh: pSphereShape8 tranform: pSphere8 0.2355425076 -4.290686551 0.1154958543 0 0.4814081091 0.002834250988 -0.8764919849 0 2.285332926 0.1592574012 1.255720756 0 -6.985974763 33.452916 -29.5984339 1


mesh: pSphereShape10 tranform: pSphere10 0.0741965612 -0.6663358491 -4.111961253 0 -0.5616945622 3.423235876 -0.5648644154 0 5.002237135 0.8139120275 -0.04163219389 0 -14.15101054 67.08560237 -21.20359347 1


mesh: pSphereShape11 tranform: pSphere11 -0.0009633038963 -0.1631835909 -0.9865952502 0 2.164091964 3.189727101 -0.5296962461 0 2.163340199 -1.428837736 0.2342185596 0 -12.10046281 63.0306044 -19.96038377 1


mesh: pSphereShape12 tranform: pSphere12 -0.1639213818 -0.7764904059 -7.141127888 0 0.4070590221 3.719268608 -0.4137584587 0 5.887687521 -0.6515374478 -0.06430430938 0 -14.13326581 53.21103625 -18.46966286 1


mesh: pSphereShape13 tranform: pSphere13 0.0005181944357 -0.5459979661 -4.944580643 0 0.9732503476 4.567628163 -0.5042715519 0 4.347257012 -0.9150885818 0.1015028908 0 -13.8962982 47.99024974 -18.07938026 1


mesh: pSphereShape14 tranform: pSphere14 0.06344826062 -0.3224630405 -5.020075238 0 1.230127769 5.337155498 -0.327283127 0 4.227344496 -0.9672480122 0.1155598995 0 -14.60996963 43.62050159 -17.71877007 1


mesh: pSphereShape15 tranform: pSphere15 -0.353779195 0.05844250685 -3.4272145 0 -2.073551842 8.368660673 0.35675182 0 4.122186522 1.038762718 -0.407805211 0 -12.95696146 30.71185718 -13.82532505 1


mesh: pSphereShape16 tranform: pSphere16 -0.08261491139 0.3273608584 -2.250350938 0 6.028497842 5.581016324 0.5905578802 0 1.285824628 -1.362946053 -0.2454743695 0 -15.22893951 17.21091287 -13.92513196 1


mesh: pSphereShape17 tranform: pSphere17 0.5847146751 -0.6805440262 -2.388583502 0 1.934209162 1.353307974 0.08790767585 0 3.327857614 -4.899927528 2.210709228 0 -20.69940942 6.580407006 -12.76862967 1


mesh: pSphereShape18 tranform: pSphere18 -0.1133552048 -0.0831870365 -2.899435826 0 -1.47140621 7.998413154 -0.1719550852 0 3.259925621 0.5965953408 -0.14456555 0 -14.10527555 29.88738264 -21.34420582 1


mesh: pSphereShape19 tranform: pSphere19 -0.1136923253 -0.07973902129 -1.958078716 0 3.731038524 9.009911961 -0.5835475345 0 2.109649474 -0.8792283574 -0.0866881112 0 -15.15231677 14.09484991 -21.14069532 1


mesh: pSphereShape20 tranform: pSphere20 -0.642140306 0.1425364351 -2.536847055 0 0.7866728919 1.683091271 -0.1045599266 0 5.188536648 -2.515480339 -1.454686085 0 -14.24660639 3.161421534 -21.10379376 1


mesh: pSphereShape21 tranform: pSphere21 0.07561596204 -0.3843029389 -5.982793145 0 -1.498950987 2.940186873 -0.2078071307 0 5.357949842 2.72398187 -0.1072555395 0 -16.60412838 40.03424391 -17.60788676 1


