mesh: pSphereShape1 tranform: pSphere1 3.187683345 0.9299438823 -0.2979078354 0 -0.5223026428 1.84610127 0.1739972577 0 0.3820471923 -0.2141910302 3.419379126 0 6.504324177 49.36094647 -4.247251687 1


mesh: pSphereShape2 tranform: pSphere2 5.636077282 1.187638493 -1.273265414 0 -0.5813423186 3.119827744 0.3367226356 0 0.697312385 -0.1846186074 2.914432676 0 14.22336827 50.41633348 -5.783470751 1


mesh: pSphereShape3 tranform: pSphere3 6.360543522 1.992653279 0.1879332839 0 -0.9123207471 2.891295676 0.2208550186 0 -0.01542723488 -0.2354362651 3.018456511 0 24.44437436 52.96100798 -7.165106268 1


mesh: pSphereShape4 tranform: pSphere4 4.102567716 -0.02239857519 -0.1071971348 0 0.01905135812 3.376221257 0.02366612765 0 0.1020798908 -0.02800179861 3.912575328 0 32.94928778 55.82829371 -7.044541782 1


mesh: pSphereShape5 tranform: pSphere5 4.241222426 -0.02249005572 -0.009572753809 0 0.01667425518 3.145693976 -0.00288399852 0 0.009073321238 0.003629609479 4.011420764 0 39.67272233 56.25274601 -6.9770306 1


mesh: pSphereShape6 tranform: pSphere6 5.725428767 -1.955536589 -0.07681670928 0 0.784696818 2.29279064 0.1183303165 0 -0.008970402379 -0.1197310634 2.379418193 0 46.80847981 53.19524261 -6.898455557 1


mesh: pSphereShape7 tranform: pSphere7 5.22081046 -0.5855292655 2.233115672 0 0.2231592324 2.268627653 0.07311570562 0 -1.132920942 0.02586026311 2.655441237 0 56.50167347 50.50004064 -3.719458233 1


mesh: pSphereShape8 tranform: pSphere8 3.758229971 -2.023776791 0.5087687429 0 0.4724316062 0.8812303059 0.01554108671 0 -0.2915865374 0.1105778341 2.593779859 0 63.75609788 48.91452069 -0.9994673246 1


mesh: pSphereShape10 tranform: pSphere10 4.162283447 0.03524453534 -0.178572847 0 -0.02445771086 3.512456012 0.1231707694 0 0.2185948655 -0.1759308035 5.060417672 0 36.08704854 65.74439883 -6.005815606 1


mesh: pSphereShape11 tranform: pSphere11 0.9992756303 0.02457398589 -0.02905742577 0 -0.002186329825 3.007580745 2.468336364 0 0.09905379118 -1.650223821 2.010827221 0 35.52250981 61.45254387 -4.923976561 1


mesh: pSphereShape12 tranform: pSphere12 7.184821215 -0.0382762469 -0.04892982683 0 0.02013051392 3.764215537 0.01132438515 0 0.04024606051 -0.01803661568 5.923812571 0 35.46967134 51.71969912 -6.949455558 1


mesh: pSphereShape13 tranform: pSphere13 4.974401922 0.00822209509 -0.04743093563 0 -0.007980934915 4.697249379 -0.02275196374 0 0.04233242916 0.02159447266 4.443430558 0 35.65688709 46.64495557 -5.908930289 1


mesh: pSphereShape14 tranform: pSphere14 5.030490475 0.01560525875 -0.05554771309 0 -0.0174382291 5.486694992 -0.03783324674 0 0.0478051986 0.03006276837 4.337761541 0 35.67235229 42.22723373 -5.626468743 1


mesh: pSphereShape15 tranform: pSphere15 3.445883619 0.01437635275 -0.007340038532 0 -0.03564881022 8.627502485 0.1621746069 0 0.009429753412 -0.08022225483 4.269804476 0 31.4679491 28.54216027 -5.740889264 1


mesh: pSphereShape16 tranform: pSphere16 2.275506187 0.01104192245 -0.004400968827 0 -0.03688956046 8.129438213 1.322936713 0 0.005080269037 -0.3035132546 1.865228801 0 30.69209451 12.40437321 -6.432592066 1


mesh: pSphereShape17 tranform: pSphere17 2.50513614 -0.00396480177 0.4843962935 0 0.003749284413 2.36227036 -5.47778342e-05 0 -1.200247963 0.002048915933 6.20729909 0 29.55491236 1.877625403 -3.425255049 1


mesh: pSphereShape18 tranform: pSphere18 2.898267078 0.1612781728 -0.02312776834 0 -0.4553383271 8.102326846 -0.5605215873 0 0.01362524531 0.2296992099 3.309228441 0 40.05278844 28.19693148 -5.513923617 1


mesh: pSphereShape19 tranform: pSphere19 1.958181668 0.132914893 -0.03485255652 0 -0.6200181382 9.592135408 1.745338233 0 0.06753921247 -0.4050359579 2.250013903 0 41.46090315 11.85711133 -6.057114505 1


mesh: pSphereShape20 tranform: pSphere20 2.602805343 0.02366949111 -0.3051194638 0 -0.01599458039 1.860716248 0.007903223717 0 0.6925555812 -0.01913342027 5.906324252 0 41.97900088 2.34295523 -2.585983988 1


mesh: pSphereShape21 tranform: pSphere21 5.995205749 0.01859793542 -0.06620029806 0 -0.03144220909 2.521530489 -2.139072718 0 0.03855204772 3.889131389 4.583926076 0 35.76637843 38.27762506 -6.740900797 1


