mesh: pSphereShape1 tranform: pSphere1 0.8659203095 3.217809545 -0.1036993681 0 -0.5007536137 0.1943745184 1.850034962 0 3.20613727 -0.8319954591 0.9552271049 0 134.245654 30.89299328 -22.51911857 1


mesh: pSphereShape2 tranform: pSphere2 1.324541433 5.741640957 0.2760547936 0 -1.147070889 0.1215537181 2.975587211 0 2.719411631 -0.6790783667 1.076057326 0 136.3208003 38.60217958 -23.15811196 1


mesh: pSphereShape3 tranform: pSphere3 2.346398262 6.221650868 0.497971458 0 -1.19682015 0.2284562549 2.784982233 0 2.571139104 -1.0650943 1.192294336 0 139.1475421 48.96732844 -22.85972833 1


mesh: pSphereShape4 tranform: pSphere4 3.530077265 -0.04808657442 -2.092676988 0 0.1840244491 3.363268124 0.2331427564 0 1.984878993 -0.3412488474 3.35607728 0 143.8811545 55.13702312 -23.79660548 1


mesh: pSphereShape5 tranform: pSphere5 4.046889431 0.004621657471 -1.269342224 0 0.074787742 3.134909615 0.2498508243 0 1.196763264 -0.332547136 3.814283961 0 150.077038 55.55920933 -26.13491733 1


mesh: pSphereShape6 tranform: pSphere6 4.111078214 -4.429424748 0.2996515384 0 1.769265466 1.652750716 0.1573367803 0 -0.1934732283 -0.01893261547 2.374501337 0 155.5777482 50.13079043 -26.27452252 1


mesh: pSphereShape7 tranform: pSphere7 4.217748067 -2.98889263 2.421494183 0 1.281623258 1.884282677 0.09347723666 0 -1.073768987 0.6007702126 2.611827348 0 162.6816215 43.20279391 -22.60019562 1


mesh: pSphereShape8 tranform: pSphere8 1.491569271 -3.992630573 0.5594040223 0 0.9333864472 0.3555359517 0.04882547623 0 -0.2393435357 0.2730624994 2.587101789 0 167.7951564 37.87792407 -19.65699774 1


mesh: pSphereShape10 tranform: pSphere10 4.102187122 0.4982777483 -0.5305789682 0 -0.4625230155 3.469627043 -0.3176115474 0 0.5823882625 0.5358895457 5.006017248 0 145.8564389 65.15247197 -25.14940954 1


mesh: pSphereShape11 tranform: pSphere11 0.9732547801 0.03480467681 -0.2270765675 0 0.3828120297 3.229591712 2.135748919 0 0.5403980308 -1.448884332 2.094082278 0 146.3667412 60.9512412 -23.45031839 1


mesh: pSphereShape12 tranform: pSphere12 6.5148337 -0.06450094924 -3.029570361 0 0.06225953657 3.763387536 0.05375958937 0 2.496470107 -0.1180238958 5.370959673 0 146.0372175 51.01808488 -25.0349003 1


mesh: pSphereShape13 tranform: pSphere13 4.534259817 -0.1846111479 -2.037988815 0 0.2828601405 4.684303407 0.2049995255 0 1.808233104 -0.2863873861 4.049025659 0 146.446095 45.87166645 -24.30585776 1


mesh: pSphereShape14 tranform: pSphere14 4.589402034 -0.05999633497 -2.059842931 0 0.173617938 5.479396003 0.2272303547 0 1.771667194 -0.2200980857 3.953747144 0 146.3598864 41.45891365 -24.25967082 1


mesh: pSphereShape15 tranform: pSphere15 3.359775661 -0.2752243786 -0.7145162849 0 0.2009375987 8.324964496 -2.261848975 0 0.9437035919 1.070791928 4.024994779 0 142.3301426 28.24678783 -20.13706314 1


mesh: pSphereShape16 tranform: pSphere16 2.233861629 -0.01575794459 -0.4332246642 0 0.5927939714 7.732073221 2.775414755 0 0.3333385402 -0.6510209615 1.742492958 0 140.9202466 13.02325266 -19.358184 1


mesh: pSphereShape17 tranform: pSphere17 2.33830962 -0.8252370263 0.6013772041 0 0.7118477969 2.232901562 0.2962408494 0 -1.664928411 -0.2775575985 6.09279382 0 138.3714164 2.830870386 -18.20541228 1


mesh: pSphereShape18 tranform: pSphere18 2.120333077 0.2113259752 -1.971300731 0 -2.186008874 7.684887719 -1.527443523 0 2.082856435 1.060358498 2.353994302 0 152.1820099 28.13517102 -24.7694783 1


mesh: pSphereShape19 tranform: pSphere19 1.412692739 0.1161517011 -1.358000193 0 1.165593214 9.486039554 2.023891244 0 1.564423063 -0.5297798152 1.582116325 0 154.1567784 12.39729845 -24.77262142 1


mesh: pSphereShape20 tranform: pSphere20 0.6995319339 0.3845897824 -2.49619702 0 -0.02766866174 1.840049836 0.2757431598 0 5.730375874 -0.1509971795 1.582611034 0 157.6461437 2.762853953 -24.52013204 1


mesh: pSphereShape21 tranform: pSphere21 5.469528189 -0.07150204818 -2.454866428 0 -0.7862611383 2.640509331 -1.828726498 0 2.005125299 3.618109011 4.362105823 0 145.8551234 37.57891287 -25.50104774 1


