mesh: pSphereShape1 tranform: pSphere1 0.8851787854 2.942347684 -1.293799999 0 -1.604595879 0.7950159667 0.7102018531 0 1.673728896 0.7768793369 2.911886251 0 130.9442357 30.26020864 -20.09449771 1


mesh: pSphereShape2 tranform: pSphere2 1.136162329 5.53481771 -1.694693249 0 -2.445005142 1.042685018 1.766189114 0 1.840867048 0.3407966734 2.347192484 0 133.2204183 37.30426104 -23.16577804 1


mesh: pSphereShape3 tranform: pSphere3 1.689660376 6.42589667 -0.5616045802 0 -2.455857144 0.7864354323 1.609652687 0 1.610955832 -0.2002349965 2.555675096 0 135.5380837 47.44282694 -25.56742159 1


mesh: pSphereShape4 tranform: pSphere4 4.01149891 0.3701972552 0.7835083117 0 -0.3616507814 3.346002628 0.2706808893 0 -0.7122084154 -0.386747203 3.829182142 0 139.7608138 54.0625758 -25.12304935 1


mesh: pSphereShape5 tranform: pSphere5 3.9454257 0.406847467 1.502217127 0 -0.3965597037 3.114352131 0.1980609629 0 -1.38239937 -0.4140577049 3.742875932 0 145.9940472 55.13194838 -22.99603524 1


mesh: pSphereShape6 tranform: pSphere6 3.747514598 -4.342853133 1.92518044 0 1.117516522 1.60222245 1.438985797 0 -1.514774122 -0.5260073458 1.76205067 0 151.1905586 49.90250183 -20.49305244 1


mesh: pSphereShape7 tranform: pSphere7 2.551703508 -3.440677671 3.773202666 0 0.7337497986 1.819573501 1.16300511 0 -2.409827918 -0.0441417096 1.589442574 0 155.8845052 42.37633581 -14.66651538 1


mesh: pSphereShape8 tranform: pSphere8 1.533125335 -3.989293611 0.4624649568 0 0.6441451666 0.3276754972 0.6911626241 0 -1.767765984 -0.462936892 1.866986069 0 159.1610832 36.50241387 -10.43584756 1


mesh: pSphereShape10 tranform: pSphere10 3.708680925 0.5783475065 1.808019328 0 -0.3648122022 3.476732095 -0.36381651 0 -2.248493924 0.2387114762 4.535841078 0 141.5137905 64.31254795 -24.43175708 1


mesh: pSphereShape11 tranform: pSphere11 0.9142517965 0.1010216013 0.392349702 0 -1.214874084 3.084502749 2.036701959 0 -0.6720381873 -1.564737529 1.968867077 0 141.0223772 60.00555076 -23.00407089 1


mesh: pSphereShape12 tranform: pSphere12 6.818508141 0.6642506464 2.166156249 0 -0.3770713476 3.745155402 0.03847467457 0 -1.7712824 -0.2363602288 5.648025579 0 142.601514 50.21886983 -24.571529 1


mesh: pSphereShape13 tranform: pSphere13 4.733192537 0.32050384 1.497049591 0 -0.4023856015 4.672136462 0.2719554858 0 -1.313524917 -0.3593392093 4.229877198 0 142.9486421 45.09400657 -23.68745134 1


mesh: pSphereShape14 tranform: pSphere14 4.796976695 0.2748344788 1.490853477 0 -0.3559472835 5.473599672 0.1362554493 0 -1.276587761 -0.1861205983 4.141865172 0 143.1993373 40.70996507 -23.61100961 1


mesh: pSphereShape15 tranform: pSphere15 3.184152185 0.4243696795 1.247180705 0 -0.4480965722 8.44230945 -1.728580684 0 -1.617540297 0.7102303711 3.888044625 0 139.6650659 27.2338668 -22.87717888 1


mesh: pSphereShape16 tranform: pSphere16 2.077424894 0.3886443534 0.8434044548 0 -2.10748923 7.800573024 1.596507967 0 -0.6007940457 -0.5136303885 1.716524081 0 140.9297668 11.59773549 -22.15758493 1


mesh: pSphereShape17 tranform: pSphere17 2.027881052 -0.1657215656 1.539674437 0 0.1016593425 2.357042133 0.1198043258 0 -3.827422271 -0.09065426346 5.031280347 0 140.2095279 1.333072666 -20.49570373 1


mesh: pSphereShape18 tranform: pSphere18 2.689847808 1.03455589 -0.3477218379 0 -2.882491461 5.867452029 -4.840812682 0 -0.4169313177 1.970037427 2.636107179 0 150.3172588 29.45507557 -17.69090281 1


mesh: pSphereShape19 tranform: pSphere19 1.847785607 0.6036616513 -0.2731986026 0 -2.362213534 8.811971888 3.494107669 0 0.5386847831 -0.6930541339 2.112030518 0 155.7136842 16.43891667 -14.84839801 1


mesh: pSphereShape20 tranform: pSphere20 1.376525168 0.6064408271 -2.14608056 0 0.2954362449 1.709647958 0.6726102343 0 4.971596548 -1.902202886 2.651323715 0 161.3018094 6.090213663 -15.18246741 1


mesh: pSphereShape21 tranform: pSphere21 5.71691019 0.3275404765 1.776759817 0 0.4598374419 2.621211695 -1.962787683 0 -1.607093501 3.650148173 4.498096963 0 143.8804408 36.83145583 -24.77009221 1


