mesh: pSphereShape1 tranform: pSphere1 -1.294021898 3.020543749 0.5627544757 0 -1.109025057 -0.1836429247 -1.564449966 0 -2.480945854 -1.42161042 1.925596777 0 -101.2406554 29.37550405 -20.29420602 1


mesh: pSphereShape2 tranform: pSphere2 -2.4799488 5.319526744 0.5912244033 0 -1.64552234 -0.4677096524 -2.694099124 0 -2.241532628 -1.220714873 1.581022801 0 -104.0005227 36.71768347 -18.68316803 1


mesh: pSphereShape3 tranform: pSphere3 -2.926442527 5.808875814 1.468126637 0 -1.575995237 -0.137921885 -2.59574909 0 -2.221987024 -1.480250163 1.427718832 0 -108.1948375 46.49532133 -16.96094236 1


mesh: pSphereShape4 tranform: pSphere4 -0.8664634841 0.4129289767 3.990211207 0 -0.1380438585 3.352414312 -0.3769020976 0 -3.822433218 -0.2478325539 -0.804383877 0 -111.5146688 52.7364859 -12.93776141 1


mesh: pSphereShape5 tranform: pSphere5 -1.236432516 0.4498274843 4.032053444 0 -0.1342216913 3.118696915 -0.3890899942 0 -3.833372708 -0.3073584745 -1.141217109 0 -113.4389033 53.87823581 -6.608544785 1


mesh: pSphereShape6 tranform: pSphere6 -3.216875113 -4.833648481 1.702385265 0 -1.081528351 1.325667302 1.720332151 0 -1.71575241 0.5993154438 -1.540474473 0 -117.0823046 48.27882389 -3.320694815 1


mesh: pSphereShape7 tranform: pSphere7 -5.645971877 -0.7863277717 -0.3019969994 0 -0.3140537845 1.671209968 1.51994896 0 -0.1531158692 1.924029578 -2.147140539 0 -125.6858229 43.50709094 -3.198526498 1


mesh: pSphereShape8 tranform: pSphere8 -3.53949826 -2.320344937 -0.7528360323 0 -0.5522678308 0.6912306563 0.4660476616 0 -0.3409428496 1.255175695 -2.265664598 0 -133.2704217 41.72464191 -4.460508131 1


mesh: pSphereShape10 tranform: pSphere10 -0.5888054977 0.4737683229 4.09714359 0 0.4480439104 3.469714745 -0.3368273988 0 -4.975550069 0.5667169616 -0.7805740045 0 -111.796446 63.03230431 -10.88134738 1


mesh: pSphereShape11 tranform: pSphere11 -0.1570654143 0.1208312585 0.9801684868 0 -2.036932507 3.23469816 -0.7251654253 0 -2.179909116 -1.412005785 -0.1752493524 0 -113.4994089 58.82574792 -11.28703764 1


mesh: pSphereShape12 tranform: pSphere12 -1.344732387 0.6824597995 7.025059325 0 0.07712984653 3.747254281 -0.3492684245 0 -5.818035275 0.0158070305 -1.115220208 0 -112.2489131 48.92309588 -10.09867729 1


mesh: pSphereShape13 tranform: pSphere13 -0.7468235332 0.1505204919 4.915952601 0 0.00776018604 4.695140428 -0.1425805767 0 -4.39331749 -0.01299476434 -0.6670277724 0 -113.3680989 43.86359359 -9.740903309 1


mesh: pSphereShape14 tranform: pSphere14 -0.5184886405 -0.004749775969 5.004029423 0 0.1208392569 5.485493688 0.01772744336 0 -4.313970283 0.09647614911 -0.446897122 0 -113.6854043 39.46953167 -9.679272899 1


mesh: pSphereShape15 tranform: pSphere15 0.261967857 0.1719637363 3.431643307 0 4.536186539 7.305947745 -0.7123972158 0 -3.618348814 2.262473868 0.1628454869 0 -118.4017709 27.51466154 -13.02162892 1


mesh: pSphereShape16 tranform: pSphere16 0.1844091884 0.2728551574 2.251580115 0 -0.2224238707 8.175814531 -0.9725597331 0 -1.88286122 -0.03241199914 0.1581381397 0 -123.6076679 13.05273625 -12.25340042 1


mesh: pSphereShape17 tranform: pSphere17 -0.2556791501 0.01950589658 2.538623695 0 -0.1874332501 2.354535494 -0.03696888992 0 -6.270419687 -0.5090122865 -0.6276183583 0 -127.8225432 2.103713507 -11.8954018 1


mesh: pSphereShape18 tranform: pSphere18 0.4009393615 -0.006737377481 2.875013014 0 1.821745298 7.924330193 -0.2354842184 0 -3.200329499 0.749047131 0.448062208 0 -115.7570126 25.76174514 -5.371460088 1


mesh: pSphereShape19 tranform: pSphere19 0.3898537275 -0.1052472837 1.92101369 0 -8.690768455 3.997378552 1.982724919 0 -0.9407317041 -2.083340591 0.07677291632 0 -111.2949056 13.89462058 -6.169529094 1


mesh: pSphereShape20 tranform: pSphere20 1.006191267 0.6411440594 2.333402498 0 -1.683358554 0.5449088857 0.5761610276 0 -1.100046752 -5.496860263 1.984714057 0 -104.1092723 5.258292443 -7.207101243 1


mesh: pSphereShape21 tranform: pSphere21 -0.6179210742 -0.005660657611 5.963670165 0 2.165806165 2.488492628 0.2267703846 0 -4.500285103 3.958876366 -0.4625358354 0 -112.647599 35.50294267 -9.48092935 1


