mesh: pSphereShape1 tranform: pSphere1 2.999789515 1.44311042 -0.1832075058 0 -0.839847123 1.728163701 -0.1388237331 0 0.06241064105 0.3061142292 3.43313129 0 22.9490531 50.8169628 -6.387532946 1


mesh: pSphereShape2 tranform: pSphere2 5.623196383 0.6214231852 -1.670494775 0 -0.4756738212 3.125052443 -0.4386887517 0 0.7890958705 0.520151593 2.849739715 0 30.46733099 51.79117141 -7.977427163 1


mesh: pSphereShape3 tranform: pSphere3 6.517284045 1.183624181 -0.7658605443 0 -0.5949205724 2.933866608 -0.5283871795 0 0.2422037594 0.5824280341 2.961226582 0 40.80022231 53.04980406 -10.45995903 1


mesh: pSphereShape4 tranform: pSphere4 4.087539331 0.3012450517 0.2105431642 0 -0.2549732646 3.363927722 0.1370107018 0 -0.1883971409 -0.173353496 3.905624813 0 49.2990713 55.4392298 -10.84677038 1


mesh: pSphereShape5 tranform: pSphere5 4.227552608 0.3162620052 0.1278373819 0 -0.2421044501 3.124111082 0.2774748965 0 -0.0936933081 -0.3619939155 3.993967202 0 55.96013869 56.37489048 -10.35710895 1


mesh: pSphereShape6 tranform: pSphere6 5.989100658 0.1451003303 -0.848632975 0 -0.06235043159 2.425306173 -0.02534698106 0 0.3334231844 0.03322328993 2.358764958 0 63.44138388 55.49388965 -11.08670621 1


mesh: pSphereShape7 tranform: pSphere7 5.631175136 0.9343140943 0.05861529574 0 -0.3739853577 2.247363141 0.1063543156 0 -0.007176281354 -0.1376692621 2.883841614 0 74.15090458 56.09260207 -10.59608036 1


mesh: pSphereShape8 tranform: pSphere8 3.692300072 -1.087360082 -1.913995527 0 0.2637547274 0.9638115172 -0.03874020082 0 1.146703611 -0.2198684959 2.337022207 0 82.03110732 56.38683974 -11.42404415 1


mesh: pSphereShape10 tranform: pSphere10 4.129999685 0.4275384183 -0.3435803235 0 -0.3120691318 3.457215509 0.5508087086 0 0.4926309713 -0.7502416267 4.98808727 0 51.61296129 65.32516507 -8.146199734 1


mesh: pSphereShape11 tranform: pSphere11 0.991176939 0.1295737775 -0.02790899088 0 -0.2370705294 2.460628119 3.004552869 0 0.3064189158 -1.988059978 1.652332109 0 51.37882686 60.70470607 -7.490441031 1


mesh: pSphereShape12 tranform: pSphere12 7.163821173 0.5252967885 0.1710104599 0 -0.2779258885 3.752190659 0.1169382376 0 -0.1270877188 -0.1938946491 5.919438657 0 52.13423401 51.53993071 -10.67828906 1


mesh: pSphereShape13 tranform: pSphere13 4.956339248 0.3849999098 0.1829429185 0 -0.381216658 4.650418622 0.5413072826 0 -0.1221545807 -0.5234589664 4.411054574 0 52.68493083 46.38099405 -9.992684465 1


mesh: pSphereShape14 tranform: pSphere14 5.007200487 0.405927811 0.268941241 0 -0.4765029557 5.422822 0.6866613936 0 -0.1853986179 -0.5604935325 4.297771358 0 53.03437044 41.9653084 -10.27536491 1


mesh: pSphereShape15 tranform: pSphere15 3.444518975 -0.0438132511 0.08799943715 0 0.1335030004 8.574900498 -0.9563623618 0 -0.1023558021 0.4748013406 4.242857736 0 48.97393184 28.42614565 -9.716552658 1


mesh: pSphereShape16 tranform: pSphere16 2.274456487 0.01689330071 0.06805881259 0 -0.09815829659 8.138899837 1.26014382 0 -0.05370496094 -0.289662875 1.866664346 0 48.05534203 12.43438417 -9.193627686 1


mesh: pSphereShape17 tranform: pSphere17 2.469322849 0.01982602281 0.6421948029 0 -0.03160241812 2.36156173 0.04860860957 0 -1.589756743 -0.1471893882 6.117366275 0 46.7288046 1.790852807 -6.219939454 1


mesh: pSphereShape18 tranform: pSphere18 2.888885673 0.1763065992 0.2230541415 0 -0.2992820908 7.799975851 -2.289110028 0 -0.3011107198 0.9196302056 3.172940729 0 57.50951443 28.5624973 -7.980800622 1


mesh: pSphereShape19 tranform: pSphere19 1.958481727 0.07640544101 0.108940572 0 -0.5650997075 8.945808671 3.88495293 0 -0.08082995654 -0.9147885796 2.094709194 0 58.68380865 13.09706227 -8.183309967 1


mesh: pSphereShape20 tranform: pSphere20 2.525089546 0.3514607929 -0.6071670981 0 -0.1742955676 1.822930158 0.3303482083 0 1.491290549 -0.888159679 5.687872219 0 59.77246986 3.315459101 -6.896750278 1


mesh: pSphereShape21 tranform: pSphere21 5.967449355 0.4837740491 0.3205170712 0 -0.1295864754 2.780844144 -1.784614778 0 -0.5320409431 3.216537406 5.050745197 0 53.51910163 38.22417046 -11.89373785 1


