mesh: pSphereShape1 tranform: pSphere1 -0.6540011066 3.178708853 0.7635197367 0 -0.3760926437 0.3677638631 -1.853232058 0 -3.312662962 -0.804682801 0.5125828207 0 144.9312039 30.04177204 -28.87402043 1


mesh: pSphereShape2 tranform: pSphere2 -1.235000169 5.701780097 0.8726599777 0 -0.568152364 0.3545002367 -3.120288232 0 -2.88676851 -0.6936580708 0.4468248761 0 143.5439095 37.62574463 -26.70546824 1


mesh: pSphereShape3 tranform: pSphere3 -2.419946288 6.127685466 1.028508967 0 -0.3972628981 0.3456272854 -2.99389725 0 -2.793357114 -1.143213791 0.2386759476 0 140.8742205 47.85784357 -24.92569213 1


mesh: pSphereShape4 tranform: pSphere4 -2.027295371 0.6450420674 3.509565357 0 -0.4287522275 3.24109509 -0.843366566 0 -3.366640439 -0.9079759843 -1.777853163 0 137.0650543 54.45222143 -21.79671696 1


mesh: pSphereShape5 tranform: pSphere5 -2.626555051 0.6050006396 3.274713407 0 -0.3333074446 3.017334927 -0.8247866537 0 -3.12084221 -0.9795067445 -2.322176239 0 133.0712441 55.85022605 -16.62712781 1


mesh: pSphereShape6 tranform: pSphere6 -1.811090882 -5.226984244 2.451355596 0 -1.984545077 1.094092068 0.8667084077 0 -1.170465567 -0.5347609358 -2.005015719 0 130.3206691 49.87329851 -12.79693545 1


mesh: pSphereShape7 tranform: pSphere7 -3.373080352 -4.490524715 1.021777231 0 -1.68976938 1.407062537 0.6055343407 0 -0.9218009368 0.07006261118 -2.735127244 0 125.3524157 40.67426535 -10.85705489 1


mesh: pSphereShape8 tranform: pSphere8 0.1195706129 -4.166479243 1.051172788 0 -0.9429402082 0.0557570292 0.3282604415 0 -0.8668093825 -0.6262340532 -2.38357222 0 121.9859216 33.58562334 -9.646082385 1


mesh: pSphereShape10 tranform: pSphere10 -1.396987955 0.489637456 3.89440801 0 -0.4264784982 3.439264729 -0.5853978709 0 -4.735013536 -0.8579022523 -1.590664302 0 133.4667017 64.4753828 -21.2396077 1


mesh: pSphereShape11 tranform: pSphere11 -0.446393929 0.1600981134 0.8803982362 0 -2.583908184 2.335013258 -1.734751481 0 -1.561230378 -2.04012857 -0.4206085518 0 133.1260406 59.79262171 -21.7961395 1


mesh: pSphereShape12 tranform: pSphere12 -4.304242275 1.031803347 5.659893584 0 -0.2144487271 3.665093996 -0.8312339201 0 -4.731367232 -1.04948941 -3.406792705 0 135.9641685 50.8496815 -18.80381066 1


mesh: pSphereShape13 tranform: pSphere13 -2.99318003 0.8252042804 3.886759959 0 -0.350958307 4.51983869 -1.229885992 0 -3.533745881 -0.9594556921 -2.517621557 0 135.3550513 45.7339792 -18.02861652 1


mesh: pSphereShape14 tranform: pSphere14 -3.089314997 0.8281966755 3.883218589 0 -0.3323022043 5.296414149 -1.393961903 0 -3.41375402 -0.8795878395 -2.528235159 0 135.453882 41.43103089 -17.05475524 1


mesh: pSphereShape15 tranform: pSphere15 -2.442897953 0.04373009984 2.429961263 0 0.8591145688 8.556846508 0.7096975147 0 -2.981804646 0.5488197992 -3.007555931 0 137.5287953 27.80287197 -20.16985269 1


mesh: pSphereShape16 tranform: pSphere16 -1.621138425 0.08772849386 1.594454019 0 -0.7714475566 8.107415276 -1.230436616 0 -1.314285974 -0.3251467906 -1.318391644 0 137.4499245 11.84766522 -20.8980078 1


mesh: pSphereShape17 tranform: pSphere17 -2.242382726 -0.169475329 1.205553977 0 -0.1363998341 2.357053689 0.07764216231 0 -2.994354634 0.01013890567 -5.568204279 0 136.4420351 1.35109777 -23.79260656 1


mesh: pSphereShape18 tranform: pSphere18 -2.006531664 0.3291235731 2.071715702 0 2.333950174 7.723584604 1.033506269 0 -2.200086916 0.9706005582 -2.285058505 0 130.8698372 28.45289005 -14.09409905 1


mesh: pSphereShape19 tranform: pSphere19 -1.33026832 0.1801217078 1.432235624 0 -2.135737856 9.009134829 -3.11669748 0 -1.605863938 -0.8593004575 -1.383467373 0 129.477855 13.04966841 -12.68923725 1


mesh: pSphereShape20 tranform: pSphere20 -1.333033322 0.5058589644 2.198950354 0 -0.1268235831 1.790947661 -0.488881884 0 -5.103991132 -1.134782671 -2.833056353 0 127.5383571 3.020540579 -12.65914761 1


mesh: pSphereShape21 tranform: pSphere21 -3.681764059 0.9870229344 4.627917401 0 1.516048079 2.878479826 0.5921898529 0 -3.862023665 2.788512774 -3.667175646 0 136.5324766 37.87251166 -15.31585247 1


