mesh: pSphereShape1 tranform: pSphere1 0.9128361435 3.04784961 0.9960987616 0 -1.706220361 0.69500766 -0.5629755127 0 -1.292585728 -0.6364054105 3.131804871 0 67.85471618 31.56920543 -24.48752486 1


mesh: pSphereShape2 tranform: pSphere2 0.9501272882 5.567272869 1.702876412 0 -2.95955714 0.7812716994 -0.9029408856 0 -1.013898864 -0.6669428763 2.746168733 0 70.22141192 38.81966844 -22.03030913 1


mesh: pSphereShape3 tranform: pSphere3 0.4570667378 5.996496359 2.880212026 0 -2.777943528 0.7000673183 -1.016677075 0 -1.211801265 -1.125695596 2.535960383 0 71.78159164 48.78853805 -18.44250124 1


mesh: pSphereShape4 tranform: pSphere4 2.145987193 -0.3205987901 3.483534149 0 -0.2120238074 3.341093184 0.4381041616 0 -3.327215821 -0.4741882562 2.006048473 0 73.54636505 54.56381855 -13.21827268 1


mesh: pSphereShape5 tranform: pSphere5 2.055275469 -0.3319965434 3.695157121 0 -0.1236444001 3.12382509 0.3494364089 0 -3.505428735 -0.353299927 1.918004324 0 76.77118759 54.4867756 -7.313354935 1


mesh: pSphereShape6 tranform: pSphere6 1.488023446 -5.745142041 1.178850233 0 0.1443618935 0.5226416032 2.364877477 0 -2.304921626 -0.5434715903 0.260810008 0 78.88858362 47.57604447 -4.811797321 1


mesh: pSphereShape7 tranform: pSphere7 0.2075929654 -5.305423549 2.09663972 0 -0.01482841439 0.8377231271 2.121277317 0 -2.885163927 -0.1045461693 0.02111856719 0 79.21016001 37.22387272 -2.097277015 1


mesh: pSphereShape8 tranform: pSphere8 1.520362088 -3.929393738 -0.8527453421 0 0.002158120602 -0.2112823443 0.9774226893 0 -2.443600842 -0.904231211 -0.1900656766 0 79.89677156 29.4422006 -0.6291936354 1


mesh: pSphereShape10 tranform: pSphere10 3.436845891 -0.2973380682 2.336110941 0 0.2397723735 3.505267809 0.09339833082 0 -2.843827442 0.08276924164 4.194324393 0 75.41819671 64.31155018 -9.644449291 1


mesh: pSphereShape11 tranform: pSphere11 0.7083134264 -0.0165082436 0.7057050148 0 -1.690186599 3.026286701 1.76722641 0 -1.448405298 -1.635530286 1.41549963 0 73.52923847 60.03374153 -9.382167077 1


mesh: pSphereShape12 tranform: pSphere12 3.069331232 -0.5561437182 6.472667537 0 -0.01951440674 3.749616898 0.3314278154 0 -5.356172107 -0.2504736273 2.518369267 0 74.78275116 50.29039197 -11.38647047 1


mesh: pSphereShape13 tranform: pSphere13 1.94233661 -0.1403951342 4.577620504 0 -0.2407447427 4.684692388 0.2458297587 0 -4.084622701 -0.3003712935 1.723939661 0 74.03542359 45.14771677 -11.17751754 1


mesh: pSphereShape14 tranform: pSphere14 1.77001828 0.1466970234 4.706875691 0 -0.3810929811 5.473534622 -0.02728130125 0 -4.049564301 -0.2743167675 1.531386161 0 74.05625191 40.7278962 -11.19915732 1


mesh: pSphereShape15 tranform: pSphere15 1.011863754 -0.02920774744 3.293881164 0 0.1129573868 8.628259569 0.04180920137 0 -4.081920964 0.04736054805 1.254365583 0 72.72423357 26.93674386 -15.11186054 1


mesh: pSphereShape16 tranform: pSphere16 0.49046667 0.2125571911 2.211861566 0 -6.654743041 4.744887292 1.01967039 0 -1.036346766 -1.534560245 0.3772728708 0 77.4551219 13.75044099 -16.65576876 1


mesh: pSphereShape17 tranform: pSphere17 0.07072614558 -0.02545073019 2.550433815 0 -2.116575579 1.046739111 0.06914020123 0 -2.802072218 -5.667371996 0.02114974001 0 84.05772762 3.670636751 -18.12775891 1


mesh: pSphereShape18 tranform: pSphere18 1.033074421 -0.1303804885 2.709659714 0 2.881615005 7.57141244 -0.7343203611 0 -2.868684386 1.203486921 1.151611642 0 72.70675655 27.51784451 -6.661001316 1


mesh: pSphereShape19 tranform: pSphere19 0.7248244438 -0.1043951718 1.821287371 0 -0.7680944354 9.70088352 0.8617305806 0 -2.117927565 -0.2413370674 0.829046129 0 70.07551358 11.69881525 -6.039968368 1


mesh: pSphereShape20 tranform: pSphere20 1.708920389 0.234107889 1.973078404 0 -0.04753104511 1.851607919 -0.1785277505 0 -4.506039798 0.2576771237 3.872192316 0 66.46887705 2.276997242 -4.104264035 1


mesh: pSphereShape21 tranform: pSphere21 2.109461059 0.1748296398 5.609530192 0 1.80446708 2.664318068 -0.7616065267 0 -4.572114346 3.556360435 1.608501898 0 75.42794838 36.87022797 -11.4942049 1


