mesh: pSphereShape1 tranform: pSphere1 -0.6282517812 3.273955554 0.03720937524 0 1.509727388 0.302864368 -1.157653396 0 -2.040396531 -0.3602261089 -2.755178871 0 -136.5221223 30.77214943 -9.496238491 1


mesh: pSphereShape2 tranform: pSphere2 -0.6455582057 5.846427652 -0.4467610612 0 2.539475289 0.133060089 -1.928218464 0 -1.788424787 -0.3794653866 -2.381551851 0 -138.1879398 38.60733042 -9.290998754 1


mesh: pSphereShape3 tranform: pSphere3 -1.336620812 6.417748567 -1.22001969 0 2.49386468 0.1909627752 -1.727677327 0 -1.62136572 -0.7993911138 -2.428764088 0 -139.7991606 49.18400574 -10.23470189 1


mesh: pSphereShape4 tranform: pSphere4 -4.047381479 0.06112496399 -0.6767729951 0 0.1399675971 3.330560661 -0.5362534591 0 0.6274239619 -0.6398223024 -3.810041561 0 -143.8421213 55.53996787 -12.13464992 1


mesh: pSphereShape5 tranform: pSphere5 -4.078398062 0.06177428569 -1.162505181 0 0.1806133866 3.105389749 -0.4686259135 0 1.076695343 -0.6377662692 -3.811243021 0 -150.2795418 56.06983003 -13.90735175 1


mesh: pSphereShape6 tranform: pSphere6 -2.155856088 -5.166043681 -2.296701098 0 -1.39599239 1.263018578 -1.530565059 0 1.753965481 -0.01517403699 -1.612272239 0 -153.9011215 49.95665632 -16.5173116 1


mesh: pSphereShape7 tranform: pSphere7 -1.049269027 -3.855852001 -4.076512216 0 -1.118053478 1.579864172 -1.206566614 0 2.459840568 0.7299562521 -1.323591715 0 -155.6400142 41.64449278 -22.85688264 1


mesh: pSphereShape8 tranform: pSphere8 -0.05425493353 -4.272781411 -0.4681944725 0 -0.8334064878 0.07064400192 -0.5481268568 0 1.443426564 0.2190619148 -2.166443111 0 -156.9053152 35.16997993 -27.29190726 1


mesh: pSphereShape10 tranform: pSphere10 -3.578767473 0.4468587293 -2.085779132 0 0.3166336326 3.494379321 0.2053600745 0 2.554409298 0.02578825079 -4.377315443 0 -145.7385262 65.58517142 -13.28335819 1


mesh: pSphereShape11 tranform: pSphere11 -0.9126634844 0.05446241445 -0.40506692 0 1.165084641 2.971114676 -2.225598005 0 0.7241150541 -1.674761178 -1.856692977 0 -145.2629014 61.20205008 -14.54606796 1


mesh: pSphereShape12 tranform: pSphere12 -7.047185204 0.07692333269 -1.398849023 0 0.09655158744 3.752612364 -0.2800541465 0 1.145030547 -0.4618531616 -5.793884461 0 -146.4339946 51.4973657 -12.34393482 1


mesh: pSphereShape13 tranform: pSphere13 -4.896097731 -0.09838040024 -0.874951477 0 -0.0205073325 4.679217791 -0.4113798587 0 0.7862524482 -0.3796116943 -4.357067309 0 -146.4966314 46.34419237 -12.98914704 1


mesh: pSphereShape14 tranform: pSphere14 -4.97625073 -0.05548467525 -0.7368945777 0 -0.001386509132 5.472058369 -0.4026570061 0 0.6372295547 -0.314743124 -4.279513939 0 -146.4766628 41.9297695 -12.89489757 1


mesh: pSphereShape15 tranform: pSphere15 -3.32543671 0.6356438052 -0.641718093 0 1.40866832 8.446278409 1.066491989 0 0.8758000772 0.3795277612 -4.162533808 0 -143.676163 28.45237866 -13.447779 1


mesh: pSphereShape16 tranform: pSphere16 -2.181720932 0.4771536333 -0.4364491753 0 1.997000484 7.871082423 -1.377439151 0 0.2801098146 -0.3908902334 -1.827557906 0 -145.9384254 12.64718283 -13.8397886 1


mesh: pSphereShape17 tranform: pSphere17 -2.283988797 -0.1208273463 -1.130998895 0 -0.0892463873 2.359493394 -0.07184231316 0 2.808225625 -0.06623848309 -5.663977636 0 -145.8230615 2.315507988 -16.28832448 1


mesh: pSphereShape18 tranform: pSphere18 -2.69533455 0.8070204154 0.7144139626 0 2.892066008 6.969553301 3.038173588 0 -0.3550386157 1.440652878 -2.966885087 0 -153.6068046 29.40008128 -15.85784761 1


mesh: pSphereShape19 tranform: pSphere19 -1.8303707 0.4495879345 0.5486076062 0 0.1601953961 7.810373003 -5.866182807 0 -0.8255806125 -1.270108977 -1.713597991 0 -157.3791122 15.85311324 -14.84258102 1


mesh: pSphereShape20 tranform: pSphere20 -1.326388737 0.6277289987 2.171382741 0 -0.8315703779 1.393394202 -0.9107834805 0 -4.386723364 -3.67504814 -1.617202766 0 -160.4377986 5.045785139 -11.38586012 1


mesh: pSphereShape21 tranform: pSphere21 -5.930564252 -0.06612517123 -0.8782115044 0 -0.3123076975 2.68340806 1.906966648 0 0.6763242777 3.512354227 -4.831683014 0 -146.7362734 38.08001097 -11.49412279 1


