mesh: pSphereShape1 tranform: pSphere1 -1.506582178 2.920077216 0.5641179025 0 -1.340670922 -0.4382160006 -1.312148319 0 -1.923917951 -1.467027393 2.4556795 0 -9.011661328 29.89051633 -23.86956057 1


mesh: pSphereShape2 tranform: pSphere2 -2.875839008 5.109192742 0.6501974019 0 -2.046223909 -0.8599539441 -2.293057589 0 -1.779300596 -1.263905517 2.061765906 0 -12.21164231 37.06461771 -22.32369085 1


mesh: pSphereShape3 tranform: pSphere3 -3.436882452 5.513203938 1.501639522 0 -1.951873469 -0.6037073069 -2.25087188 0 -1.718177959 -1.593310186 1.91728326 0 -17.22567083 46.43746833 -20.62311278 1


mesh: pSphereShape4 tranform: pSphere4 -0.6572965249 0.3996218271 4.031292406 0 -0.7977395003 3.249450805 -0.4521882031 0 -3.751172049 -0.9923354193 -0.5132531333 0 -21.06197736 52.31874687 -16.56693931 1


mesh: pSphereShape5 tranform: pSphere5 -1.088330801 0.3631942702 4.08315945 0 -0.7922666254 3.006482336 -0.4785963793 0 -3.743172379 -1.129232865 -0.8972656916 0 -22.81744217 53.31272785 -10.17245463 1


mesh: pSphereShape6 tranform: pSphere6 -1.913430711 -5.059239973 2.711721322 0 -1.149221435 1.330739541 1.671844026 0 -1.958304221 0.01340326344 -1.356802073 0 -24.91587437 47.47012313 -5.851348863 1


mesh: pSphereShape7 tranform: pSphere7 -5.562744949 0.7288646007 -1.054104841 0 -0.04718363411 1.75150121 1.460080337 0 0.6454063053 1.812123571 -2.152952774 0 -32.27496418 43.71037552 -5.480515079 1


mesh: pSphereShape8 tranform: pSphere8 -3.878067788 -1.035654125 -1.538447727 0 -0.3844757558 0.8252960203 0.4135998937 0 0.5113026765 1.334255241 -2.187070334 0 -39.72624276 44.17626805 -7.883113885 1


mesh: pSphereShape10 tranform: pSphere10 -0.414322558 0.2217712054 4.139672485 0 0.3466289947 3.49423928 -0.1525013024 0 -5.018235843 0.4747793763 -0.5276892588 0 -21.61606975 62.65235814 -14.07068201 1


mesh: pSphereShape11 tranform: pSphere11 -0.1112007459 0.08499027444 0.9901570822 0 -2.195803262 3.169802426 -0.5186826899 0 -2.129404165 -1.49325135 -0.1109717756 0 -23.2597662 58.38463385 -14.68203249 1


mesh: pSphereShape12 tranform: pSphere12 -1.045455759 0.6905257767 7.075006113 0 -0.6889020761 3.67198786 -0.460186021 0 -5.759787469 -1.172911661 -0.7366321895 0 -20.84053331 48.55324714 -13.5781865 1


mesh: pSphereShape13 tranform: pSphere13 -0.3904968835 0.194525807 4.955468058 0 -1.196179976 4.534287695 -0.2722528952 0 -4.283007747 -1.147450807 -0.2924632681 0 -20.76641728 43.36221935 -12.98532416 1


mesh: pSphereShape14 tranform: pSphere14 -0.08088747644 0.07034987597 5.029679076 0 -1.312916082 5.326599862 -0.09561725529 0 -4.211527296 -1.039024636 -0.05319714372 0 -19.9317307 39.03358901 -12.79102486 1


mesh: pSphereShape15 tranform: pSphere15 0.7604446782 0.1846740447 3.355889429 0 4.238198865 7.391213846 -1.367113317 0 -3.598623128 2.192005509 0.6948224405 0 -23.58463645 27.1717108 -15.34315542 1


mesh: pSphereShape16 tranform: pSphere16 0.507063028 0.2872189858 2.199650436 0 -0.6568892054 8.159194973 -0.9139595286 0 -1.836078128 -0.09896247665 0.436174413 0 -28.22227101 12.62090161 -13.83556333 1


mesh: pSphereShape17 tranform: pSphere17 0.06848116781 0.2967830468 2.533296809 0 0.01632403102 2.346120396 -0.275296067 0 -6.319846505 0.06315124986 0.1634424546 0 -32.14000744 2.086008725 -12.82491412 1


mesh: pSphereShape18 tranform: pSphere18 0.5335256979 -0.08385630984 2.852159891 0 -0.8235193533 8.08316795 0.3917008219 0 -3.243368891 -0.3593251957 0.5961408305 0 -17.66796911 25.36275418 -9.098023804 1


mesh: pSphereShape19 tranform: pSphere19 0.4609578523 -0.1052835941 1.905200708 0 -8.717104865 3.75309189 2.316478742 0 -0.8818842303 -2.10809724 0.09687347164 0 -10.20355085 13.43241361 -10.84862669 1


mesh: pSphereShape20 tranform: pSphere20 0.6598574913 0.6287205716 2.457143122 0 -1.773983112 0.4246603155 0.3677373781 0 -0.9904890487 -5.611370125 1.70179971 0 -2.775182081 4.972053928 -12.35266217 1


mesh: pSphereShape21 tranform: pSphere21 -0.09639955908 0.08384112502 5.994238744 0 1.45294581 2.970413211 -0.01818069893 0 -5.399338708 2.640271209 -0.1237617003 0 -17.88257658 35.48113357 -12.61428738 1


