mesh: pSphereShape1 tranform: pSphere1 -1.288077032 3.064320518 -0.2562559875 0 1.774136016 0.7494405477 0.04410509005 0 0.1756257321 -0.2135319588 -3.436211746 0 123.7069994 30.90966049 7.615723775 1


mesh: pSphereShape2 tranform: pSphere2 -1.722688363 5.611886964 -0.5797643 0 3.051014519 0.9174525679 -0.1850874589 0 -0.0808244303 -0.3329597581 -2.982759063 0 120.3695643 38.17008529 7.035670714 1


mesh: pSphereShape3 tranform: pSphere3 -1.512111547 6.193540605 -1.953477246 0 2.953346141 0.7200228819 -0.003223915075 0 0.2071111834 -0.8624776862 -2.894820399 0 117.3995678 48.2841096 5.31590225 1


mesh: pSphereShape4 tranform: pSphere4 -3.274806697 0.3439019608 -2.449576969 0 0.5243134114 3.327192452 -0.2338350949 0 2.279425065 -0.5790819208 -3.128631586 0 113.9671321 54.73146958 1.648645598 1


mesh: pSphereShape5 tranform: pSphere5 -3.05854252 0.3493889393 -2.917500665 0 0.4971260727 3.102605634 -0.1496024129 0 2.705832782 -0.57364228 -2.905339143 0 109.1107861 55.72208362 -2.856094907 1


mesh: pSphereShape6 tranform: pSphere6 -1.768544156 -5.441207127 -1.968775074 0 -0.7985197272 1.004574071 -2.059086511 0 2.139229506 -0.3358514563 -0.9934524921 0 106.158701 49.41515995 -5.933987903 1


mesh: pSphereShape7 tranform: pSphere7 -0.6032487491 -4.682198324 -3.209302383 0 -0.5827150994 1.297251289 -1.783087093 0 2.774588928 0.1761751804 -0.7785662229 0 105.2548466 39.94477569 -10.79396777 1


mesh: pSphereShape8 tranform: pSphere8 -1.06992929 -4.162040823 0.1071361122 0 -0.2294789978 0.0339527496 -0.9727212347 0 2.45819815 -0.6474348286 -0.6025231276 0 104.5066109 32.69596418 -13.96079854 1


mesh: pSphereShape10 tranform: pSphere10 -3.70033702 0.3157952893 -1.888256658 0 0.3308807145 3.498517633 -0.06331489336 0 2.279538022 -0.297336939 -4.516841765 0 112.9220661 64.85486192 -1.134043894 1


mesh: pSphereShape11 tranform: pSphere11 -0.8254819619 0.127232693 -0.5499012387 0 1.806939079 2.750019852 -2.076196786 0 0.835038599 -1.811477864 -1.672643092 0 113.9097764 60.33619183 -1.74595139 1


mesh: pSphereShape12 tranform: pSphere12 -5.123874052 0.5836489766 -5.003077419 0 0.4447051717 3.737875527 -0.01938927905 0 4.093527007 -0.5090728658 -4.251750451 0 111.5532631 50.87458698 0.08420904018 1


mesh: pSphereShape13 tranform: pSphere13 -3.552400922 0.5039785797 -3.445786566 0 0.674265561 4.648641454 -0.01522029348 0 3.044662021 -0.4521087855 -3.204990531 0 111.472188 45.74942033 -0.7743550725 1


mesh: pSphereShape14 tranform: pSphere14 -3.571142158 0.3774592773 -3.523298409 0 0.6561478378 5.44686897 -0.08152189992 0 3.011200556 -0.4090749502 -3.095915565 0 111.0853065 41.34680312 -0.9062321716 1


mesh: pSphereShape15 tranform: pSphere15 -2.232247209 0.347533572 -2.602050593 0 0.9204552859 8.5725074 0.355316064 0 3.221335713 -0.2300673898 -2.794247666 0 112.9409494 27.80012441 1.984672023 1


mesh: pSphereShape16 tranform: pSphere16 -1.453700914 0.2815489985 -1.727875433 0 2.762745347 7.684856565 -1.07215007 0 1.308414405 -0.6384738285 -1.20483505 0 110.6090018 12.00338625 2.764010543 1


mesh: pSphereShape17 tranform: pSphere17 -1.421360887 0.1295608011 -2.115020046 0 0.2946940139 2.34318583 -0.05450610829 0 5.190899036 -0.7350347015 -3.533475986 0 111.2889156 1.412987664 1.679390767 1


mesh: pSphereShape18 tranform: pSphere18 -2.057565817 0.04652642297 -2.047133556 0 -2.203366254 7.458579834 2.384110267 0 2.160570978 1.32279109 -2.14151746 0 110.2048776 28.06193482 -5.792652077 1


mesh: pSphereShape19 tranform: pSphere19 -1.410331322 0.02007032675 -1.365254284 0 0.2513953297 9.765398221 -0.1161365882 0 1.589802678 -0.06046886986 -1.643182643 0 112.2845036 12.35122332 -8.779470736 1


mesh: pSphereShape20 tranform: pSphere20 -2.210682234 -0.01049005773 -1.407489895 0 -0.03994957862 1.859730462 0.04888642119 0 3.191329856 0.2003556661 -5.013974157 0 115.3744877 2.94326895 -12.54687978 1


mesh: pSphereShape21 tranform: pSphere21 -4.255992949 0.4498460021 -4.198974032 0 -1.169462372 2.717901589 1.476518008 0 3.661822703 3.394382455 -3.347899301 0 109.7553412 37.54804179 -0.09950225731 1


