mesh: pSphereShape1 tranform: pSphere1 -0.4609578926 3.094539916 1.151612062 0 0.5930526535 0.7162048514 -1.687158604 0 -3.245080316 -0.05085323883 -1.162264664 0 143.3473159 30.6258891 -26.60835966 1


mesh: pSphereShape2 tranform: pSphere2 -0.9005901567 5.665086428 1.375787145 0 0.4503289924 0.8130241183 -3.053008641 0 -2.936775125 -0.3396956714 -0.5236459981 0 142.1528444 37.9892165 -23.6807508 1


mesh: pSphereShape3 tranform: pSphere3 -2.279318798 6.22922386 0.6811577107 0 0.6256890811 0.5486503118 -2.923729259 0 -2.776200678 -0.9317470284 -0.7689637274 0 139.8284574 48.18489502 -21.63359676 1


mesh: pSphereShape4 tranform: pSphere4 -3.228201556 0.3760179834 2.50606863 0 -0.2480338397 3.26838314 -0.8099036236 0 -2.399622737 -0.9140870482 -2.953930549 0 135.3321406 54.63805915 -19.60299889 1


mesh: pSphereShape5 tranform: pSphere5 -3.686370299 0.3400128065 2.069693316 0 -0.162718144 3.040742091 -0.7893587773 0 -1.972882381 -0.9761427874 -3.353576063 0 129.6235338 55.61148781 -16.27499135 1


mesh: pSphereShape6 tranform: pSphere6 -2.135753302 -5.2463243 2.127251254 0 -2.201580574 0.9919551588 0.2360254683 0 -0.5434053648 -0.6782371902 -2.218276777 0 126.1161828 49.48792648 -13.26174196 1


mesh: pSphereShape7 tranform: pSphere7 -3.133780256 -4.724325313 0.6683439481 0 -1.898002056 1.264151529 0.03642091855 0 -0.2255127687 -0.2559885216 -2.866907855 0 121.4295646 39.97869905 -11.92578381 1


mesh: pSphereShape8 tranform: pSphere8 -0.0636732675 -3.908517382 1.788364682 0 -0.9982066024 -0.01068881013 -0.05890100453 0 0.151526635 -1.087177642 -2.370659945 0 118.4139105 32.72348961 -10.75191332 1


mesh: pSphereShape10 tranform: pSphere10 -2.565312862 0.0795470044 3.281855592 0 -0.4354105486 3.461725617 -0.4242521173 0 -3.943832841 -0.871268766 -3.061639372 0 131.060793 64.51386986 -19.62573331 1


mesh: pSphereShape11 tranform: pSphere11 -0.7244641247 0.07078910017 0.6856680212 0 -1.987186974 2.384630551 -2.345816741 0 -1.205057619 -2.048665692 -1.06173511 0 131.2576353 59.88438305 -20.66898449 1


mesh: pSphereShape12 tranform: pSphere12 -6.179678515 0.5717464656 3.620800259 0 -0.05689913304 3.701622546 -0.6816194712 0 -3.020946509 -0.967709049 -5.003091227 0 133.3603132 50.83412171 -17.41468525 1


mesh: pSphereShape13 tranform: pSphere13 -4.27613491 0.5622928543 2.479009633 0 -0.02765132426 4.570355484 -1.084351988 0 -2.270519967 -0.8948035395 -3.713542673 0 132.72295 45.67114643 -17.15419498 1


mesh: pSphereShape14 tranform: pSphere14 -4.354703789 0.6036248165 2.445680986 0 0.04452831621 5.344746014 -1.239864775 0 -2.171935529 -0.8314267108 -3.662074545 0 132.5931118 41.32596862 -16.37008264 1


mesh: pSphereShape15 tranform: pSphere15 -2.898719843 -0.06835713869 1.862021763 0 0.4648988437 8.553846967 1.037758014 0 -2.297687764 0.5563580924 -3.556522376 0 135.735071 27.83135614 -18.65948555 1


mesh: pSphereShape16 tranform: pSphere16 -1.921979605 0.01750904851 1.218095863 0 -0.7442423113 8.100578193 -1.290745669 0 -0.9971833974 -0.34154149 -1.568502237 0 136.2613879 11.91419268 -19.62344762 1


mesh: pSphereShape17 tranform: pSphere17 -2.264710806 0.04069941519 1.174645092 0 -0.03361389091 2.357487225 -0.1464902842 0 -2.910922806 -0.3894021648 -5.598754838 0 135.2747341 1.140415768 -22.31940676 1


mesh: pSphereShape18 tranform: pSphere18 -2.885801932 0.3120049508 0.03602387156 0 0.8786475058 7.965955306 1.393108892 0 0.02074820238 0.56921988 -3.267950197 0 128.3398467 27.88979956 -15.21835149 1


mesh: pSphereShape19 tranform: pSphere19 -1.953272522 0.1845274617 0.0635026327 0 0.7044254998 8.855454502 -4.065021526 0 -0.1565306325 -0.9416460718 -2.078455935 0 126.3974073 12.30826976 -13.84156945 1


mesh: pSphereShape20 tranform: pSphere20 -2.591482202 -0.2588392297 -0.292362849 0 -0.1110530376 1.765142862 -0.5783780284 0 0.8118674801 -1.788177268 -5.613195057 0 126.9265478 2.116380981 -14.58534536 1


mesh: pSphereShape21 tranform: pSphere21 -5.189821016 0.7193841212 2.914698035 0 1.08286948 2.877265871 1.217978453 0 -2.277204714 2.873679888 -4.763980487 0 133.0507801 37.71586176 -14.47064152 1


