mesh: pSphereShape1 tranform: pSphere1 2.865008032 1.692456541 0.2054011806 0 -0.5515836661 1.112476869 -1.472859692 0 -1.460639688 2.204150909 2.2118413 0 -69.94686049 35.03201118 -21.24409831 1


mesh: pSphereShape2 tranform: pSphere2 4.219092062 4.079853526 0.5925491664 0 -2.002730305 2.230181941 -1.095456988 0 -0.9235456333 0.5478500165 2.803777851 0 -63.3546334 39.50288135 -20.38085937 1


mesh: pSphereShape3 tranform: pSphere3 1.38528711 6.139936251 2.201059373 0 -2.460840465 1.067820169 -1.429937434 0 -1.662477833 -0.5131669459 2.477816597 0 -58.313647 48.01269538 -18.32884538 1


mesh: pSphereShape4 tranform: pSphere4 1.16781153 0.1431591917 3.931765057 0 -0.9039919075 3.249621072 0.1501816712 0 -3.602894431 -1.053495808 1.108489242 0 -56.79540878 54.17174478 -13.46783756 1


mesh: pSphereShape5 tranform: pSphere5 0.9336834845 0.1078200167 4.135840314 0 -0.7753468481 3.047191349 0.095598547 0 -3.786052537 -0.9909726772 0.8805517476 0 -55.39186263 54.78182552 -6.92450104 1


mesh: pSphereShape6 tranform: pSphere6 2.145904405 -4.599239107 3.29433645 0 -1.294203097 0.7612548561 1.905825142 0 -1.829499619 -1.355632638 -0.7008838921 0 -52.82845457 49.11678456 -2.214896709 1


mesh: pSphereShape7 tranform: pSphere7 0.6276430235 -4.568035317 3.365357272 0 -1.380715368 0.9499529509 1.546942739 0 -2.275949728 -1.245706781 -1.266417874 0 -51.05022329 40.00533494 3.140899529 1


mesh: pSphereShape8 tranform: pSphere8 2.928622669 -2.923212909 1.164820242 0 -0.5663644368 -0.2551428714 0.7836666638 0 -1.211593316 -1.795714174 -1.460272702 0 -48.92117122 33.2286116 6.681738521 1


mesh: pSphereShape10 tranform: pSphere10 0.3752184424 -0.3830134961 4.131615388 0 0.208138406 3.495239393 0.3051170965 0 -5.038664216 0.2580143643 0.4815120808 0 -56.4451129 64.1807984 -9.352937413 1


mesh: pSphereShape11 tranform: pSphere11 0.1242936848 -0.1163359983 0.9854019563 0 -2.300470032 3.06924777 0.6525234666 0 -2.074320152 -1.570945263 0.07617948106 0 -58.02768324 59.95940657 -10.07296061 1


mesh: pSphereShape12 tranform: pSphere12 0.9841217643 0.09636450095 7.116722091 0 -0.771630414 3.683912317 0.05682109085 0 -5.741125843 -1.21503229 0.8103524067 0 -55.35705549 50.23514684 -11.10379186 1


mesh: pSphereShape13 tranform: pSphere13 0.5563207313 0.1277607653 4.941778648 0 -0.9713244828 4.595777646 -0.009468680408 0 -4.319148308 -0.9118081147 0.5098012734 0 -55.299172 45.05497993 -10.83576848 1


mesh: pSphereShape14 tranform: pSphere14 0.4728392515 0.1537172191 5.006191921 0 -0.7495095791 5.434570969 -0.09607893498 0 -4.278077955 -0.5825518458 0.4219557422 0 -54.83268553 40.72489156 -10.77672312 1


mesh: pSphereShape15 tranform: pSphere15 0.4699540506 0.7258556009 3.335663548 0 -1.996745348 8.25698598 -1.515440896 0 -4.113637363 -0.8542921818 0.7654588868 0 -52.9493997 27.23223275 -13.32767167 1


mesh: pSphereShape16 tranform: pSphere16 0.244182764 0.566499993 2.190324687 0 -5.139847158 6.34662331 -1.068471715 0 -1.462666409 -1.108815972 0.4498429721 0 -47.13771898 12.73816709 -11.51474972 1


mesh: pSphereShape17 tranform: pSphere17 0.2970749214 0.2583951351 2.52098017 0 -1.066857164 2.105713892 -0.09011166383 0 -5.592554331 -2.793006801 0.9453097002 0 -44.82723938 2.269251098 -9.877893943 1


mesh: pSphereShape18 tranform: pSphere18 0.2250290768 0.04473389873 2.893761979 0 4.256592483 6.918008162 -0.4379512077 0 -2.815083252 1.744248531 0.1919468679 0 -58.21199785 28.19239638 -6.387530057 1


mesh: pSphereShape19 tranform: pSphere19 0.1804482408 0.04352385797 1.954200763 0 2.979874751 9.29126597 -0.4820921755 0 -2.168010153 0.7048921842 0.184491787 0 -65.35087678 13.46426562 -5.09585563 1


mesh: pSphereShape20 tranform: pSphere20 0.3898724551 -0.2872429726 2.575605702 0 0.8535380579 1.652579741 0.05510196652 0 -5.209730472 2.654599025 1.084655669 0 -72.90520636 6.655479585 -4.399352013 1


mesh: pSphereShape21 tranform: pSphere21 0.5635173375 0.1831961238 5.966247374 0 1.745931122 2.797063769 -0.2507897518 0 -5.073996096 3.201351643 0.380944573 0 -53.16046573 36.97639624 -10.7250303 1


