mesh: pSphereShape1 tranform: pSphere1 -0.8522556974 3.170863633 -0.5780604269 0 1.718501481 0.3138555952 -0.8120420688 0 -1.284688063 -0.9046771654 -3.068407937 0 130.7978851 30.90029496 -1.760335833 1


mesh: pSphereShape2 tranform: pSphere2 -0.9026992512 5.686061497 -1.284871919 0 3.036464444 0.2685918084 -0.9446736457 0 -0.8016304335 -0.7582278006 -2.792261748 0 128.5509177 38.48669737 -3.021969703 1


mesh: pSphereShape3 tranform: pSphere3 -1.445855584 6.14093566 -2.158914253 0 2.905545887 0.4038624246 -0.7971166881 0 -0.6009291497 -1.109110185 -2.752363839 0 126.4426506 48.73768636 -5.497721862 1


mesh: pSphereShape4 tranform: pSphere4 -3.728273329 -0.3264003464 -1.684189891 0 -0.1265084276 3.353649637 -0.3698955862 0 1.629509718 -0.3293548538 -3.543398589 0 122.4973266 54.62337966 -8.833042194 1


mesh: pSphereShape5 tranform: pSphere5 -3.600319988 -0.3081078848 -2.220659952 0 -0.1444842823 3.135993901 -0.2008568659 0 2.112409369 -0.1209558664 -3.408032919 0 116.6993471 54.57870642 -12.18288656 1


mesh: pSphereShape6 tranform: pSphere6 -0.5099143791 -5.258307681 -2.949702761 0 -1.436361251 1.060752199 -1.64265371 0 1.90955739 0.5516531583 -1.313512962 0 114.9649298 48.25661602 -15.9157411 1


mesh: pSphereShape7 tranform: pSphere7 0.6325798717 -3.365528466 -4.567228135 0 -1.303823502 1.415695869 -1.223791999 0 2.347153166 1.492180792 -0.7744774246 0 116.3094269 40.65149294 -23.10293324 1


mesh: pSphereShape8 tranform: pSphere8 0.7623815922 -3.980579613 -1.432679621 0 -0.5032905107 0.2056793739 -0.8392822273 0 2.209413354 0.8270677969 -1.122227968 0 117.6863391 35.10169322 -28.61454409 1


mesh: pSphereShape10 tranform: pSphere10 -4.08613609 -0.5153238854 -0.6290207327 0 -0.3928175163 3.479848701 -0.2991051219 0 0.8109547391 -0.3374928985 -4.991494099 0 118.7674241 64.17774834 -11.70557025 1


mesh: pSphereShape11 tranform: pSphere11 -0.9587764722 -0.07033851845 -0.2753183051 0 0.5415171583 2.834319191 -2.609909004 0 0.6449173782 -1.773948941 -1.792669282 0 120.4062112 59.88661776 -12.40200981 1


mesh: pSphereShape12 tranform: pSphere12 -6.312131537 -0.5562737887 -3.387192055 0 -0.26129142 3.752976005 -0.1294217634 0 2.80005627 0.01491949679 -5.220437025 0 120.5295845 50.34850708 -9.822666358 1


mesh: pSphereShape13 tranform: pSphere13 -4.292553359 -0.4476147822 -2.473988368 0 -0.3721124273 4.678242308 -0.2007842756 0 2.218055552 0.0111674176 -3.850511439 0 121.2610613 45.27276592 -10.62068684 1


mesh: pSphereShape14 tranform: pSphere14 -4.360797589 -0.003143536509 -2.508505133 0 -0.07586399966 5.484904266 0.125008933 0 2.162279766 0.1155818881 -3.75906256 0 121.5681199 40.89173396 -10.82370954 1


mesh: pSphereShape15 tranform: pSphere15 -3.150430461 -0.3265460149 -1.357398276 0 -1.929843393 8.014312251 2.551053545 0 1.44274541 1.530483652 -3.716700185 0 126.642582 27.59356602 -11.96703117 1


mesh: pSphereShape16 tranform: pSphere16 -2.031420143 0.1082715954 -1.019646587 0 2.801657233 5.957940209 -4.94903559 0 0.5585054155 -1.301725304 -1.250922666 0 127.2759029 14.31433761 -10.64548854 1


mesh: pSphereShape17 tranform: pSphere17 -1.85371959 -0.3524203815 -1.717523254 0 0.8782998451 1.759414502 -1.308963447 0 3.653521504 -4.127433091 -3.096326543 0 126.5203908 3.591162038 -6.426103226 1


mesh: pSphereShape18 tranform: pSphere18 -2.518517094 -0.3948548765 -1.388401552 0 -1.131937674 8.051829233 -0.2366027717 0 1.583603679 0.1370683043 -2.911589243 0 118.7564748 27.51626011 -12.64165686 1


mesh: pSphereShape19 tranform: pSphere19 -1.714796444 -0.2436846435 -0.923822204 0 -0.05657055456 9.471447429 -2.39336021 0 1.113125925 -0.4832485514 -1.938710847 0 119.7743674 11.23879925 -10.90054256 1


mesh: pSphereShape20 tranform: pSphere20 -2.423527683 0.009606238236 -0.9973339844 0 0.01846149433 1.86051514 -0.0269412166 0 2.262427899 -0.1020735479 -5.498696799 0 122.3474301 1.740653847 -13.09418214 1


mesh: pSphereShape21 tranform: pSphere21 -5.197083446 -0.003746383825 -2.989570195 0 -1.092631852 2.478875616 1.896330148 0 2.244912624 3.97876912 -3.907553082 0 120.9725292 36.92057479 -9.972020131 1


