mesh: pSphereShape1 tranform: pSphere1 -0.9126268194 3.184254637 -0.3774976914 0 1.773034884 0.4352702032 -0.6148594523 0 -0.9626949192 -0.6604488014 -3.243611773 0 129.675059 30.53311341 -1.718439823 1


mesh: pSphereShape2 tranform: pSphere2 -0.9511106285 5.745184624 -0.9409034694 0 3.087212832 0.3955954597 -0.7051860324 0 -0.5867785856 -0.5702355788 -2.888731329 0 127.3162367 38.14329399 -2.571454329 1


mesh: pSphereShape3 tranform: pSphere3 -1.34864508 6.243476532 -1.913806978 0 2.952800459 0.4696248885 -0.5487428218 0 -0.3774971615 -0.9546349241 -2.8483181 0 125.2153792 48.49445065 -4.543925042 1


mesh: pSphereShape4 tranform: pSphere4 -3.559477569 -0.3150758099 -2.018390808 0 -0.1177928367 3.359409249 -0.3166817979 0 1.943457595 -0.2512429422 -3.388111518 0 121.4985487 54.46967801 -7.904805163 1


mesh: pSphereShape5 tranform: pSphere5 -3.41867859 -0.2943202397 -2.492905414 0 -0.1146701963 3.1364217 -0.2130413127 0 2.369668782 -0.133030238 -3.233970449 0 116.0038063 54.44230169 -11.74258211 1


mesh: pSphereShape6 tranform: pSphere6 -0.4559174912 -5.379899453 -2.731186526 0 -1.242237927 1.026160854 -1.813967728 0 2.03859546 0.416392362 -1.160514062 0 114.3947931 47.99540605 -15.36199763 1


mesh: pSphereShape7 tranform: pSphere7 0.7459585648 -3.774010194 -4.217452414 0 -1.118610502 1.378749399 -1.431634735 0 2.487589959 1.282983202 -0.7080939759 0 115.9235873 39.83068556 -21.9360498 1


mesh: pSphereShape8 tranform: pSphere8 0.579681612 -4.139292907 -1.004506894 0 -0.4064256138 0.1613280545 -0.899328349 0 2.360821565 0.5649369559 -0.9655629944 0 117.3538067 33.73970815 -26.82955298 1


mesh: pSphereShape10 tranform: pSphere10 -4.024208709 -0.5596441465 -0.9221044575 0 -0.4173513146 3.477815241 -0.2893708459 0 1.166004845 -0.2698462078 -4.924853105 0 117.8811117 64.03425322 -10.95964219 1


mesh: pSphereShape11 tranform: pSphere11 -0.933351879 -0.07759751969 -0.3504752416 0 0.7011910493 2.891213571 -2.507478079 0 0.8081381727 -1.730259755 -1.76906481 0 119.6367325 59.79101069 -11.56565226 1


mesh: pSphereShape12 tranform: pSphere12 -5.94238132 -0.5273814304 -4.004433564 0 -0.2505049663 3.753938631 -0.122654424 0 3.306675251 0.06007289962 -4.914854064 0 119.6401031 50.20004451 -9.112663095 1


mesh: pSphereShape13 tranform: pSphere13 -4.01679639 -0.3988897182 -2.907443126 0 -0.3461614659 4.681665108 -0.1640644127 0 2.600921843 0.06606961812 -3.602384468 0 120.4506227 45.13635946 -9.891837901 1


mesh: pSphereShape14 tranform: pSphere14 -4.069359182 0.08273945063 -2.956794467 0 -0.039724767 5.482761683 0.2080953011 0 2.550479025 0.1515444452 -3.505917186 0 120.7563882 40.75397878 -10.13145183 1


mesh: pSphereShape15 tranform: pSphere15 -2.874962082 -0.3307499835 -1.870714289 0 -2.147617259 8.147995353 1.859914621 0 2.100787271 1.344966792 -3.466339851 0 125.8177719 27.19756993 -10.29027408 1


mesh: pSphereShape16 tranform: pSphere16 -1.805321473 0.116125692 -1.380361873 0 4.097320965 5.17826094 -4.923094819 0 0.6630670306 -1.466407102 -0.9905639343 0 125.6030648 14.42006302 -8.097580541 1


mesh: pSphereShape17 tranform: pSphere17 -1.61325582 -0.08902396798 -1.974802006 0 1.480394681 1.333129228 -1.26946184 0 2.879986015 -5.214635937 -2.117643492 0 122.4700518 4.026598048 -3.173239292 1


mesh: pSphereShape18 tranform: pSphere18 -2.437551868 -0.4345795729 -1.515248851 0 -1.165469262 8.038989747 -0.4307470371 0 1.73752596 0.1005866311 -2.823973463 0 118.1470767 27.48019172 -12.2347989 1


mesh: pSphereShape19 tranform: pSphere19 -1.660826225 -0.2673644288 -1.011696114 0 -0.08447895238 9.478080917 -2.366122392 0 1.219081122 -0.4584873945 -1.880108711 0 119.2430856 11.20406079 -10.31115858 1


mesh: pSphereShape20 tranform: pSphere20 -2.418010962 0.03581014766 -1.010046737 0 0.03943992935 1.860165945 -0.02846736025 0 2.289912861 -0.132517553 -5.486656876 0 121.8852788 1.677088715 -12.50372893 1


mesh: pSphereShape21 tranform: pSphere21 -4.849754847 0.09860669302 -3.52382959 0 -1.265793352 2.46029604 1.810924432 0 2.682928217 4.015486781 -3.58007955 0 120.0382089 36.77650891 -9.414402078 1


