mesh: pSphereShape1 tranform: pSphere1 1.021858176 3.048064313 0.8831645495 0 -1.19110058 0.7760120388 -1.300096042 0 -2.494890132 0.1484527601 2.374337059 0 134.8348648 31.5870366 -25.65726199 1


mesh: pSphereShape2 tranform: pSphere2 1.023172639 5.659147847 1.313095778 0 -2.441253238 0.8731405313 -1.860799403 0 -1.862316202 -0.2075985819 2.345831965 0 137.2417515 38.88668922 -23.38603342 1


mesh: pSphereShape3 tranform: pSphere3 -0.1553913943 6.295954914 2.190731644 0 -2.254885639 0.6201083371 -1.942074451 0 -2.029273104 -0.7829333437 2.106137221 0 138.4257575 49.11177128 -20.60131932 1


mesh: pSphereShape4 tranform: pSphere4 0.4653648521 -0.2094592554 4.072175974 0 -0.5418604692 3.324443969 0.2329217552 0 -3.837695727 -0.6538879149 0.404934816 0 138.2611166 55.16394201 -15.65644334 1


mesh: pSphereShape5 tranform: pSphere5 -0.2295253848 -0.2532621215 4.227498256 0 -0.3904746275 3.117018554 0.1655349926 0 -3.974484864 -0.4848884721 -0.2448372509 0 138.1399977 55.23033217 -8.976990309 1


mesh: pSphereShape6 tranform: pSphere6 -1.523039372 -5.620789459 1.642448068 0 -1.077427732 0.8736239002 1.990620718 0 -2.048680215 0.2048356368 -1.198748794 0 136.580817 48.55585509 -5.866654976 1


mesh: pSphereShape7 tranform: pSphere7 -3.361800168 -4.383741922 1.437921551 0 -0.8806968764 1.234245348 1.703769001 0 -2.049808007 0.9893218979 -1.776253387 0 131.2796299 39.51937597 -4.033926472 1


mesh: pSphereShape8 tranform: pSphere8 -0.3007165062 -4.286793836 -0.1085303366 0 -0.6718799341 0.02839427192 0.7401156122 0 -1.926294452 0.1795754678 -1.755587212 0 127.4454693 32.63400766 -3.061071266 1


mesh: pSphereShape10 tranform: pSphere10 0.3599960615 -0.2828227698 4.141032245 0 -0.2886593711 3.492890015 0.2636504622 0 -5.032049198 -0.4465763768 0.4069555185 0 136.933926 64.8297819 -11.72796296 1


mesh: pSphereShape11 tranform: pSphere11 0.05322267294 -0.04897338538 0.9973810478 0 -2.669719061 2.816382291 0.2807526375 0 -1.888590051 -1.791518876 0.01281262191 0 136.0000291 60.49569608 -12.64426394 1


mesh: pSphereShape12 tranform: pSphere12 -0.01189745286 -0.4123491016 7.173237885 0 -0.3840237421 3.738511285 0.2142690497 0 -5.893060741 -0.6027950873 -0.0444254645 0 138.8384244 50.96150836 -13.38521106 1


mesh: pSphereShape13 tranform: pSphere13 -0.114537642 -0.4294529613 4.954739454 0 -0.5901352358 4.643840918 0.3888637441 0 -4.407289248 -0.5475688449 -0.149342985 0 138.3774963 45.78373382 -13.58224319 1


mesh: pSphereShape14 tranform: pSphere14 -0.1602081694 -0.2152317143 5.023661229 0 -0.4780891043 5.461605753 0.2187482274 0 -4.319420981 -0.3719510055 -0.1536851602 0 138.5744213 41.40761889 -13.84726792 1


mesh: pSphereShape15 tranform: pSphere15 -0.8497872763 -0.4154352435 3.313555434 0 1.970560881 8.258586575 1.540781674 0 -4.022131488 1.125822419 -0.8903577773 0 137.0683748 28.273616 -19.60952694 1


mesh: pSphereShape16 tranform: pSphere16 -0.5775073711 -0.1706423849 2.194410197 0 -1.38522991 8.114765578 0.2664690805 0 -1.800053252 -0.2909788865 -0.4963508437 0 135.7943955 12.82870597 -22.41433939 1


mesh: pSphereShape17 tranform: pSphere17 -1.8915463 -0.5991592086 1.60418933 0 -0.2258844332 2.277682043 0.5843595196 0 -4.199814605 0.7793252701 -4.661048248 0 134.5242926 2.958806837 -26.66817934 1


mesh: pSphereShape18 tranform: pSphere18 0.5169240614 -0.2440809569 2.845999227 0 -0.3832238759 8.089474966 0.7633819477 0 -3.26045614 -0.20865395 0.5743078771 0 139.6674852 27.61228048 -10.56037278 1


mesh: pSphereShape19 tranform: pSphere19 0.3625491785 -0.1310038918 1.924773386 0 -2.295218488 9.434889901 1.074483307 0 -2.182656571 -0.5733495201 0.3721005982 0 141.7615722 11.3246881 -11.78744868 1


mesh: pSphereShape20 tranform: pSphere20 1.065568509 0.167304237 2.388477932 0 -0.05637822111 1.856985693 -0.1049231873 0 -5.43008624 -0.02787072622 2.424469455 0 138.9989317 1.854702579 -11.36780286 1


mesh: pSphereShape21 tranform: pSphere21 -0.190931867 -0.2565074752 5.987066834 0 1.89161643 2.706556498 0.1762836226 0 -4.92712864 3.444200824 -0.009567725656 0 140.0506683 37.57742532 -13.870081 1


