mesh: pSphereShape1 tranform: pSphere1 -0.5165884253 3.255727308 -0.4982428179 0 1.880423148 0.2466170435 -0.338162406 0 -0.5249916551 -0.5966527474 -3.354456845 0 -138.0737448 30.93007855 -7.240479876 1


mesh: pSphereShape2 tranform: pSphere2 -0.2106439824 5.792590037 -1.094799941 0 3.172285533 0.05022919086 -0.3445978882 0 -0.3095802137 -0.5654711677 -2.932345284 0 -139.4814936 38.72947095 -8.422820135 1


mesh: pSphereShape3 tranform: pSphere3 -0.3388010616 6.288110867 -2.192572796 0 3.032110367 0.09550261482 -0.1946348973 0 -0.1515325218 -1.002868296 -2.852725192 0 -140.1258105 49.18099113 -10.78543833 1


mesh: pSphereShape4 tranform: pSphere4 -3.240764265 0.233214116 -2.507212185 0 0.6627218916 3.264167486 -0.5529948751 0 2.275243651 -0.9755478967 -3.031669957 0 -142.4982815 55.53925924 -14.80382194 1


mesh: pSphereShape5 tranform: pSphere5 -3.075781413 0.214157737 -2.912433736 0 0.6257992732 3.051807178 -0.4364918722 0 2.64423421 -0.9516409709 -2.862515843 0 -147.3358846 56.30896974 -19.37627231 1


mesh: pSphereShape6 tranform: pSphere6 -2.137368123 -5.369237214 -1.792626 0 -0.7309253998 0.989211239 -2.09137497 0 2.110127641 -0.5127911066 -0.9800273239 0 -150.6984568 50.02922971 -22.16873744 1


mesh: pSphereShape7 tranform: pSphere7 -0.4221168904 -4.586065654 -3.372881726 0 -0.5112517613 1.347255582 -1.767863516 0 2.805553002 0.2169074855 -0.6460420066 0 -151.7731988 40.65774052 -27.00258655 1


mesh: pSphereShape8 tranform: pSphere8 -0.7064566492 -4.240251108 -0.0004383857265 0 -0.3501284153 0.05843059236 -0.93487751 0 2.409137774 -0.4012839855 -0.9273459278 0 -152.3246861 33.52483625 -30.45901939 1


mesh: pSphereShape10 tranform: pSphere10 -1.979834498 0.2638462412 -3.656278772 0 0.302767001 3.500512514 0.08866077672 0 4.437947856 -0.3223930241 -2.426364347 0 -143.045339 65.5962527 -17.3258133 1


mesh: pSphereShape11 tranform: pSphere11 -0.5714667827 0.04329356891 -0.8194823874 0 2.357514057 2.706904946 -1.50100773 0 1.440669264 -1.866485398 -1.103259152 0 -142.1127687 61.0530059 -17.84045187 1


mesh: pSphereShape12 tranform: pSphere12 -5.325042856 0.3536698699 -4.810857647 0 0.5043378516 3.719459788 -0.2848057279 0 3.89716898 -0.8636032835 -4.377186739 0 -144.9903174 51.63864716 -16.09617816 1


mesh: pSphereShape13 tranform: pSphere13 -3.70409772 0.1992647501 -3.314656154 0 0.6918426903 4.61959421 -0.4954150806 0 2.893117287 -0.7850593983 -3.280226758 0 -145.1650043 46.45340435 -16.53587233 1


mesh: pSphereShape14 tranform: pSphere14 -3.758559706 0.2019357834 -3.337905686 0 0.7471506292 5.411395144 -0.5139318163 0 2.822416307 -0.6955184382 -3.220183936 0 -145.6214108 42.07096445 -16.29354552 1


mesh: pSphereShape15 tranform: pSphere15 -2.787451523 0.5798814131 -1.941191908 0 0.9329445243 8.494477405 1.197847527 0 2.467968319 0.2194394583 -3.478323374 0 -143.7493813 28.61154427 -14.60968466 1


mesh: pSphereShape16 tranform: pSphere16 -1.817887227 0.4503284305 -1.292501464 0 2.609211166 7.751934752 -0.9689234989 0 0.9662464124 -0.5176344664 -1.539365783 0 -145.9343803 12.84903914 -15.07357768 1


mesh: pSphereShape17 tranform: pSphere17 -2.232680754 0.304054595 -1.197100674 0 0.3574625292 2.333901148 -0.07390050207 0 2.907012429 -0.6219177974 -5.579754328 0 -146.6912476 2.252033388 -17.81347366 1


mesh: pSphereShape18 tranform: pSphere18 -2.053349402 0.7374236975 -1.914800282 0 -1.059403038 7.080005304 3.862694378 0 2.304650692 1.399207678 -1.932548399 0 -148.0343022 29.47839809 -22.45182353 1


mesh: pSphereShape19 tranform: pSphere19 -1.44563629 0.405319788 -1.264598 0 4.905287895 7.864415298 -3.086877455 0 1.036914264 -1.272054751 -1.593067404 0 -150.763811 15.75404921 -24.80643944 1


mesh: pSphereShape20 tranform: pSphere20 -2.339751674 0.8479678299 -0.8214416905 0 0.7953077568 1.541218313 -0.6743255345 0 0.8465551421 -2.720642224 -5.2197812 0 -154.0562105 5.491561713 -25.89790466 1


mesh: pSphereShape21 tranform: pSphere21 -4.479352236 0.2406617358 -3.978027879 0 -1.035062451 2.841602276 1.337415021 0 3.525143055 3.064988893 -3.783968422 0 -146.9706239 38.36972534 -15.14000243 1


