mesh: pSphereShape1 tranform: pSphere1 -0.436864527 3.156386422 0.9804304916 0 -1.232349728 0.2810089327 -1.453792669 0 -2.610892212 -0.9894188087 2.021950479 0 116.46192 30.97355107 -28.20575205 1


mesh: pSphereShape2 tranform: pSphere2 -1.321240824 5.597045302 1.313188375 0 -2.088728225 0.07278505909 -2.411759299 0 -2.168089042 -0.9456521724 1.849156103 0 115.5327921 38.52673965 -25.69681442 1


mesh: pSphereShape3 tranform: pSphere3 -2.034536601 5.982168025 2.129982735 0 -1.906196583 0.1920403544 -2.360133865 0 -2.169986354 -1.323693312 1.64491434 0 113.1186868 48.60514616 -22.84852446 1


mesh: pSphereShape4 tranform: pSphere4 -0.3796685842 -0.1135303355 4.08485219 0 -0.4799702961 3.341719914 0.04826537927 0 -3.857299562 -0.5486244441 -0.3737665183 0 110.7860172 54.52542447 -18.04576549 1


mesh: pSphereShape5 tranform: pSphere5 -1.192279294 -0.1290666463 4.068215456 0 -0.4144295547 3.118239487 -0.02252955012 0 -3.813224223 -0.5149889175 -1.133886891 0 109.1715607 54.76645308 -11.58527284 1


mesh: pSphereShape6 tranform: pSphere6 -2.858309705 -5.087782615 1.598465644 0 -1.112673053 1.189968827 1.797935746 0 -1.793221038 0.5453663767 -1.470707571 0 105.9929907 48.69470676 -8.521322086 1


mesh: pSphereShape7 tranform: pSphere7 -5.003777678 -2.680298119 0.6039229479 0 -0.6454788871 1.55230592 1.541272433 0 -1.123967292 1.623760364 -2.106097478 0 98.17361973 41.87847014 -7.618132994 1


mesh: pSphereShape8 tranform: pSphere8 -2.196881706 -3.669222608 -0.435117072 0 -0.6264770605 0.2892623837 0.7237774286 0 -1.537464755 1.13198966 -1.783184135 0 91.74171789 37.22909223 -7.477258125 1


mesh: pSphereShape10 tranform: pSphere10 0.1526837404 -0.03402993042 4.163323621 0 0.02670952821 3.514489032 0.02774699184 0 -5.064640224 0.03702162027 0.1860407998 0 109.6465221 64.44312567 -14.78683733 1


mesh: pSphereShape11 tranform: pSphere11 -0.0274282026 0.01748462814 0.9994708507 0 -2.487857958 2.989022986 -0.1205632235 0 -2.000184821 -1.665855377 -0.02574823734 0 108.316778 60.09241019 -15.55380276 1


mesh: pSphereShape12 tranform: pSphere12 -0.9834539931 -0.2240103516 7.113940729 0 -0.3137986064 3.750439964 0.07471679941 0 -5.847406778 -0.4728504453 -0.8232538283 0 110.7707436 50.37136703 -15.61780063 1


mesh: pSphereShape13 tranform: pSphere13 -0.675018224 -0.376479805 4.914224774 0 -0.7319526083 4.632954123 0.2543905443 0 -4.3477921 -0.6513679812 -0.6471144358 0 110.3190888 45.16746916 -15.76332407 1


mesh: pSphereShape14 tranform: pSphere14 -0.6407906261 -0.1707093595 4.98692382 0 -0.6983892149 5.441368622 0.09652669813 0 -4.267217385 -0.5376359374 -0.566716575 0 110.6781341 40.78247544 -15.92805963 1


mesh: pSphereShape15 tranform: pSphere15 0.2712714697 -0.09807568575 3.433826935 0 3.490393132 7.891513902 -0.05034570487 0 -3.891117895 1.723304998 0.3566177366 0 107.7632441 28.05818992 -19.62340185 1


mesh: pSphereShape16 tranform: pSphere16 0.1832961825 0.005562970173 2.268136077 0 0.7040904978 8.205949765 -0.07702648708 0 -1.876687465 0.1624442189 0.1512634006 0 102.8312457 12.92908058 -20.29646386 1


mesh: pSphereShape17 tranform: pSphere17 -0.1165439694 -0.006848701451 2.548868998 0 0.1291272201 2.358709734 0.01224193852 0 -6.306214205 0.3467244753 -0.2874124262 0 97.36193837 2.591239659 -20.73752788 1


mesh: pSphereShape18 tranform: pSphere18 -0.007672049164 -0.4116105634 2.873502302 0 -1.057266559 7.984346629 1.14088303 0 -3.289068435 -0.4255646637 -0.06974095881 0 112.1033738 27.20792305 -12.89086777 1


mesh: pSphereShape19 tranform: pSphere19 0.01791160415 -0.266260213 1.944772786 0 -4.663913061 8.498931806 1.206549976 0 -2.00959736 -1.084347568 -0.1299501431 0 116.674664 11.71813926 -14.66802837 1


mesh: pSphereShape20 tranform: pSphere20 0.4214737517 0.04659597707 2.586202328 0 -0.2954515807 1.837135027 0.01504986061 0 -5.792965862 -0.9395084885 0.961007708 0 116.0841718 2.316722863 -15.67966009 1


mesh: pSphereShape21 tranform: pSphere21 -0.763677352 -0.2034469081 5.943284159 0 1.76424973 2.77823778 0.321798756 0 -5.026514695 3.253870686 -0.5344932897 0 112.2899458 37.01121943 -15.75514497 1


