mesh: pSphereShape1 tranform: pSphere1 0.1967039868 3.192565349 0.9400552349 0 -1.087878643 0.5103885341 -1.505718632 0 -2.837754494 -0.389942515 1.918094296 0 7.644369611 35.14484262 -26.59367452 1


mesh: pSphereShape2 tranform: pSphere2 -0.1942612794 5.714804086 1.449252892 0 -2.537858552 0.3941339966 -1.894359665 0 -1.817666457 -0.6452765589 2.300859237 0 8.293359601 42.74823473 -24.15270427 1


mesh: pSphereShape3 tranform: pSphere3 -1.307380565 6.107545387 2.33476879 0 -2.312287913 0.2531545709 -1.957021753 0 -1.873624263 -1.188557646 2.060002619 0 7.446279405 52.95916089 -21.11786772 1


mesh: pSphereShape4 tranform: pSphere4 -0.7514069767 -0.2147393773 4.028936503 0 -0.6521879583 3.312314728 0.05490923474 0 -3.772838785 -0.7305541917 -0.742582102 0 5.294793716 58.86290759 -16.24174348 1


mesh: pSphereShape5 tranform: pSphere5 -1.166934965 -0.2355880727 4.070789377 0 -0.6199346819 3.084048854 0.0007717591922 0 -3.774719307 -0.7584868316 -1.125959112 0 3.438820142 58.91915745 -9.797346769 1


mesh: pSphereShape6 tranform: pSphere6 -1.60723419 -5.405232829 2.193357025 0 -1.360816773 1.089432326 1.687588516 0 -1.868148111 -0.04420836378 -1.477875229 0 1.533287615 52.46315305 -6.177419377 1


mesh: pSphereShape7 tranform: pSphere7 -5.521073645 -1.338771197 -0.5585243757 0 -0.5495084828 1.651054758 1.474406996 0 -0.2332269088 1.873201695 -2.18455199 0 -5.5544822 46.47340976 -5.843027307 1


mesh: pSphereShape8 tranform: pSphere8 -3.474096566 -2.306724564 -1.043305077 0 -0.5725628804 0.619360614 0.537181699 0 -0.3603539267 1.497197214 -2.11032928 0 -12.92456928 44.24900858 -7.349380504 1


mesh: pSphereShape10 tranform: pSphere10 -0.6216643967 -0.1228290469 4.117788282 0 0.2232141244 3.504879473 0.1382453978 0 -5.001105166 0.3478752145 -0.7446424232 0 4.286627253 68.74968745 -12.81344215 1


mesh: pSphereShape11 tranform: pSphere11 -0.1641497677 -0.02682162359 0.9860707146 0 -2.333923268 3.098138613 -0.3042538939 0 -2.038504386 -1.573196228 -0.3821386164 0 2.808762841 64.47042868 -13.79947443 1


mesh: pSphereShape12 tranform: pSphere12 -1.374294533 -0.40755586 7.040648255 0 -0.4613081267 3.733784717 0.1260896117 0 -5.769106329 -0.6734269605 -1.165078853 0 5.225206637 54.66309204 -13.90079968 1


mesh: pSphereShape13 tranform: pSphere13 -0.8802931882 -0.3696052757 4.882158091 0 -0.8546200588 4.614783614 0.1952685956 0 -4.298182495 -0.760758118 -0.8325910203 0 4.945351713 49.45353707 -14.09947712 1


mesh: pSphereShape14 tranform: pSphere14 -0.7536170318 -0.1853582292 4.970600285 0 -0.8702965958 5.416939527 0.07005270209 0 -4.233625704 -0.6715582129 -0.6669237291 0 5.433368556 45.07364599 -14.21836143 1


mesh: pSphereShape15 tranform: pSphere15 0.134272553 0.02398228157 3.443220905 0 3.515477778 7.878193763 -0.1919624838 0 -3.896548144 1.74215922 0.1398163311 0 2.484686445 32.59247654 -18.01892131 1


mesh: pSphereShape16 tranform: pSphere16 0.06740442395 0.2084845561 2.264963693 0 -2.069581848 7.9440356 -0.6696397685 0 -1.828281901 -0.468086069 0.09749516308 0 -0.06683802094 17.68690779 -18.06819967 1


mesh: pSphereShape17 tranform: pSphere17 -0.5644298777 0.01242645107 2.488298026 0 -0.6639491899 2.261259737 -0.1618986911 0 -5.904032607 -1.828767914 -1.330100845 0 -1.641669175 6.09659524 -18.48265377 1


mesh: pSphereShape18 tranform: pSphere18 -0.05880050094 -0.3164812744 2.884940156 0 0.03279233341 8.085799222 0.8876899034 0 -3.316511174 0.02062292136 -0.06533437083 0 5.714198378 31.24381525 -11.09453413 1


mesh: pSphereShape19 tranform: pSphere19 -0.001886203546 -0.2269572343 1.949831626 0 -5.025619922 8.321894997 0.9637934398 0 -1.9613289 -1.168481464 -0.1379066701 0 9.329117083 15.81373561 -12.40120885 1


mesh: pSphereShape20 tranform: pSphere20 0.4611144967 0.09083264759 2.578250694 0 -1.087621526 1.503204354 0.1415603309 0 -4.710439193 -3.499114172 0.9657267265 0 10.14263106 4.77035921 -13.23200319 1


mesh: pSphereShape21 tranform: pSphere21 -0.8981408838 -0.2209050443 5.923830201 0 1.668355675 2.832446313 0.3585720804 0 -5.111662625 3.094353487 -0.6596129128 0 7.15774719 41.35488114 -14.00038283 1


