mesh: pSphereShape1 tranform: pSphere1 -3.086330659 1.241686577 0.2182826516 0 0.5887323829 1.223034846 1.367020461 0 0.7677938049 2.333577066 -2.418450374 0 -22.79268626 36.62528699 -6.903933636 1


mesh: pSphereShape2 tranform: pSphere2 -4.87644572 3.318842618 0.05116586334 0 1.749970646 2.559623413 0.7553786466 0 0.3789393372 0.6017534238 -2.9169409 0 -30.07190731 39.97394913 -6.765761422 1


mesh: pSphereShape3 tranform: pSphere3 -1.967789683 5.979957246 -2.197820512 0 2.553610754 1.239936273 1.087348576 0 1.378289031 -0.5187119012 -2.645374313 0 -36.0648792 47.66239165 -8.228204396 1


mesh: pSphereShape4 tranform: pSphere4 -1.63140499 0.1299009151 -3.763601772 0 0.9331593787 3.231591354 -0.2929571883 0 3.424693958 -1.127022365 -1.523398169 0 -38.41103585 53.67902958 -13.0309433 1


mesh: pSphereShape5 tranform: pSphere5 -1.378893035 0.08452096365 -4.009996922 0 0.857856571 3.017651705 -0.2313811304 0 3.63236259 -1.130203972 -1.27286018 0 -40.51657598 54.24339113 -19.38163345 1


mesh: pSphereShape6 tranform: pSphere6 -2.483784205 -4.782698666 -2.750848636 0 1.071034829 0.6405238362 -2.08068587 0 1.90092292 -1.316841032 0.5731218738 0 -43.60856719 48.40566649 -23.48075593 1


mesh: pSphereShape7 tranform: pSphere7 -0.7864483084 -4.806707645 -2.977175282 0 1.193331448 0.8785949693 -1.733738247 0 2.428046926 -1.090196364 1.118752336 0 -45.75292861 38.95997337 -28.02570459 1


mesh: pSphereShape8 tranform: pSphere8 -2.891898635 -3.139005197 -0.5122297355 0 0.4532487634 -0.2794429067 -0.8464497743 0 1.527761557 -1.628732178 1.35577293 0 -47.96480461 31.88192972 -30.84503646 1


mesh: pSphereShape10 tranform: pSphere10 -0.7361663977 -0.6548970691 -4.048073962 0 -0.3869035664 3.458913684 -0.4892220468 0 4.957147514 0.4174352097 -0.9690194796 0 -39.47499137 63.59422487 -17.57666936 1


mesh: pSphereShape11 tranform: pSphere11 -0.2248336056 -0.164628844 -0.9603890844 0 2.200771607 3.036775106 -1.035776236 0 2.065387935 -1.569929711 -0.2144057095 0 -37.59343694 59.41263242 -16.76608878 1


mesh: pSphereShape12 tranform: pSphere12 -1.862254739 0.07856170759 -6.93911741 0 0.7764620604 3.679560139 -0.1667211485 0 5.589536373 -1.248114315 -1.514197552 0 -40.15285345 49.74283961 -15.18168904 1


mesh: pSphereShape13 tranform: pSphere13 -1.199859496 0.332980029 -4.816269643 0 1.27166723 4.521899831 -0.00417743734 0 4.141299874 -1.165660914 -1.112296483 0 -40.42769552 44.54592288 -15.49879066 1


mesh: pSphereShape14 tranform: pSphere14 -1.093985625 0.2650234059 -4.903276613 0 1.187725031 5.356702784 0.02453410553 0 4.128874528 -0.9110377686 -0.9704481487 0 -41.22191034 40.24498631 -15.54332985 1


mesh: pSphereShape15 tranform: pSphere15 -0.6370390665 0.5189857982 -3.346521992 0 1.904847104 8.364184276 0.9345316841 0 4.089712702 -0.8300198979 -0.9072330345 0 -42.95724016 27.18209651 -11.95850373 1


mesh: pSphereShape16 tranform: pSphere16 -0.3527427226 0.4345195601 -2.205637101 0 5.134658415 6.424715744 0.4445206645 0 1.448277091 -1.126093964 -0.4534649228 0 -48.62913787 12.56210826 -12.63868945 1


mesh: pSphereShape17 tranform: pSphere17 -0.2170629546 0.03342410426 -2.542071807 0 0.9221260231 2.174282375 -0.05015041586 0 5.795790498 -2.470193011 -0.527371176 0 -50.69990686 2.21593723 -13.19357792 1


mesh: pSphereShape18 tranform: pSphere18 -0.1943258024 -0.07486642349 -2.895363552 0 -4.797013897 6.567703609 0.1521339504 0 2.669801712 1.955330042 -0.2297465983 0 -37.72638173 27.78949824 -19.03751669 1


mesh: pSphereShape19 tranform: pSphere19 -0.1583878173 -0.04820665154 -1.956002539 0 -3.163169803 9.243010515 0.02833992923 0 2.156084094 0.7384524463 -0.1927889999 0 -29.84544651 13.48432783 -19.66583764 1


mesh: pSphereShape20 tranform: pSphere20 -0.2189298462 -0.4433937155 -2.573659947 0 -0.8349364078 1.649256728 -0.2131119031 0 5.291307556 2.563495763 -0.8917507003 0 -22.11607837 6.698952759 -19.75503039 1


mesh: pSphereShape21 tranform: pSphere21 -1.303783187 0.3158478988 -5.843595626 0 -1.470390402 2.921730402 0.4859837804 0 5.223478644 2.797468509 -1.014223 0 -43.1813558 36.64089029 -15.39747467 1


