mesh: pSphereShape1 tranform: pSphere1 0.1361136021 3.231796472 -0.8073626581 0 0.8086975049 0.3916435211 1.704050672 0 3.125692407 -0.4749487612 -1.37421327 0 -137.4375286 31.18839805 -5.950977907 1


mesh: pSphereShape2 tranform: pSphere2 0.653520122 5.791267365 -0.9116967112 0 1.481270122 0.2757268346 2.813268511 0 2.63848435 -0.5085973845 -1.339393688 0 -137.2071339 38.90974172 -8.079739108 1


mesh: pSphereShape3 tranform: pSphere3 1.727956199 6.288289003 -1.390715174 0 1.279462436 0.2556329425 2.745600926 0 2.631965192 -0.974425702 -1.135782428 0 -135.65626 49.33423472 -10.0502647 1


mesh: pSphereShape4 tranform: pSphere4 1.443851039 0.1585773018 -3.838385364 0 0.7117300813 3.275786374 0.4030594731 0 3.56967666 -0.9360430106 1.304102039 0 -132.7173813 55.64393736 -13.85486422 1


mesh: pSphereShape5 tranform: pSphere5 1.908978352 0.1240179937 -3.785364751 0 0.6761860339 3.040445104 0.4406165621 0 3.476806287 -1.022472646 1.719872023 0 -129.7045842 56.26555553 -19.80697228 1


mesh: pSphereShape6 tranform: pSphere6 0.8187557898 -5.629208868 -2.062087582 0 1.73924305 0.7991459049 -1.490986088 0 1.629529445 -0.3839273436 1.695075372 0 -128.2932623 49.7107448 -23.35086695 1


mesh: pSphereShape7 tranform: pSphere7 2.776539952 -4.848147931 -1.171665281 0 1.536404728 1.172553927 -1.210948049 0 1.606536971 0.3463997739 2.373729752 0 -124.4756192 39.95607101 -25.13811392 1


mesh: pSphereShape8 tranform: pSphere8 -0.5253192511 -4.257484637 -0.2769023258 0 0.7602451675 -0.05168683135 -0.6475768347 0 1.666850249 -0.3346772758 1.983568877 0 -121.8363047 32.53889774 -26.20947335 1


mesh: pSphereShape10 tranform: pSphere10 1.450167302 -0.2229609956 -3.899363682 0 -0.001024398496 3.50894671 -0.2010183879 0 4.751262094 0.102278122 1.761138858 0 -130.6153038 65.72210437 -16.83852166 1


mesh: pSphereShape11 tranform: pSphere11 0.3731816375 -0.005964006918 -0.9277391315 0 2.346104548 2.962939546 0.9246695714 0 1.835443015 -1.687127678 0.7491498931 0 -129.6312571 61.36448106 -15.44964679 1


mesh: pSphereShape12 tranform: pSphere12 2.995175554 0.2103002724 -6.527649829 0 0.5236773526 3.71027544 0.3598197824 0 5.321281909 -0.9847704526 2.409914197 0 -132.298288 51.69578678 -16.56942642 1


mesh: pSphereShape13 tranform: pSphere13 2.043327336 0.2785569563 -4.527053258 0 0.8687037671 4.566947651 0.6731091988 0 3.967301217 -1.009410331 1.728567417 0 -132.1052239 46.49028981 -16.93243475 1


mesh: pSphereShape14 tranform: pSphere14 2.073872649 0.254582587 -4.576396337 0 0.924133863 5.360731505 0.717001893 0 3.884251373 -0.8983501414 1.710240505 0 -132.6486431 42.14327017 -17.42781481 1


mesh: pSphereShape15 tranform: pSphere15 1.351502017 0.04722624491 -3.169477315 0 0.1479710404 8.625703218 0.1916223629 0 3.927721592 -0.1045508598 1.67326836 0 -135.0708506 28.72214222 -14.05245829 1


mesh: pSphereShape16 tranform: pSphere16 0.9048012898 0.0699152312 -2.086747753 0 1.949974466 7.92480521 1.111013057 0 1.675242592 -0.5116399987 0.7092329329 0 -136.6665125 12.75377582 -14.18858943 1


mesh: pSphereShape17 tranform: pSphere17 0.9374703219 0.3637371705 -2.345038856 0 -0.1430975879 2.338067291 0.3054500515 0 5.867595596 0.05162663715 2.353681793 0 -134.6481475 2.475041431 -13.60231384 1


mesh: pSphereShape18 tranform: pSphere18 1.346215716 0.3290740057 -2.550668764 0 -3.656389888 7.197046126 -1.001278084 0 2.532590414 1.49953605 1.530136491 0 -127.9378688 29.29231192 -20.2598696 1


mesh: pSphereShape19 tranform: pSphere19 0.859871301 0.1232784164 -1.760335279 0 4.816236268 7.985294845 2.911807717 0 1.719305984 -1.309772676 0.7481047433 0 -127.1821462 15.29054003 -21.65070004 1


mesh: pSphereShape20 tranform: pSphere20 0.2044757134 0.5037093008 -2.563731735 0 0.7540229944 1.656890568 0.3856763038 0 5.416877516 -2.453487717 -0.05001486155 0 -127.3729347 5.140014721 -23.68269182 1


mesh: pSphereShape21 tranform: pSphere21 2.471586675 0.3034048065 -5.454028343 0 -1.472591525 2.917387211 -0.505037399 0 4.778167299 2.813786158 2.321838112 0 -134.295149 38.53274832 -18.47822355 1


