mesh: pSphereShape1 tranform: pSphere1 2.838513483 1.739801123 0.1755080263 0 -0.5646874252 1.0723563 -1.497446184 0 -1.499398892 2.228280657 2.161147783 0 -67.87625443 35.7474382 -21.26040855 1


mesh: pSphereShape2 tranform: pSphere2 4.256887832 4.051394483 0.51202135 0 -2.001878513 2.239610087 -1.077634102 0 -0.8791852619 0.5681437343 2.81398159 0 -61.27833513 40.23308682 -20.49797531 1


mesh: pSphereShape3 tranform: pSphere3 1.539267802 6.124786927 2.140126081 0 -2.465208404 1.106206063 -1.392749957 0 -1.627773145 -0.4678276358 2.509629422 0 -56.07876059 48.70300864 -18.56917145 1


mesh: pSphereShape4 tranform: pSphere4 1.099220081 0.1704697685 3.950406316 0 -0.854685454 3.264951825 0.09692973378 0 -3.638517633 -0.9837934344 1.054888625 0 -54.48323325 54.88094824 -13.76476449 1


mesh: pSphereShape5 tranform: pSphere5 0.8154343134 0.129902158 4.16013911 0 -0.7492194971 3.054782818 0.05146856877 0 -3.818898717 -0.9497390032 0.7782033517 0 -53.2428713 55.52975844 -7.19520547 1


mesh: pSphereShape6 tranform: pSphere6 1.851818107 -4.704322542 3.324255983 0 -1.358514444 0.7757238567 1.854543363 0 -1.834351974 -1.29024162 -0.80403752 0 -51.01985218 49.77521025 -2.43974771 1


mesh: pSphereShape7 tranform: pSphere7 0.2408378777 -4.648455013 3.304599083 0 -1.419864421 0.9847292591 1.488660703 0 -2.256144382 -1.119990314 -1.411021262 0 -49.85400149 40.53108961 2.839888627 1


mesh: pSphereShape8 tranform: pSphere8 2.715292113 -3.124286592 1.15966921 0 -0.6376273212 -0.2891238863 0.7140299557 0 -1.151985213 -1.627651774 -1.687786685 0 -48.23421201 33.54693256 6.210250484 1


mesh: pSphereShape10 tranform: pSphere10 0.3447921862 -0.3365190323 4.138309706 0 0.2217088814 3.497604088 0.2659459855 0 -5.040677212 0.2858216692 0.4432173225 0 -54.15706341 64.92887721 -9.775388329 1


mesh: pSphereShape11 tranform: pSphere11 0.1161139621 -0.09942105162 0.9882474398 0 -2.298314877 3.085300431 0.5804318198 0 -2.078597224 -1.564728243 0.0868074415 0 -55.75736381 60.70303861 -10.46947067 1


mesh: pSphereShape12 tranform: pSphere12 0.9491073542 0.1596720483 7.120338135 0 -0.741879315 3.690420969 0.01613210444 0 -5.754829224 -1.16035091 0.793112102 0 -53.12525612 50.9527556 -11.34029933 1


mesh: pSphereShape13 tranform: pSphere13 0.5927487309 0.2289023382 4.933887356 0 -0.998499495 4.589018757 -0.09294452467 0 -4.309725828 -0.9263726026 0.5607410892 0 -53.07304919 45.77034845 -10.98908713 1


mesh: pSphereShape14 tranform: pSphere14 0.5434307693 0.2304220982 4.996073673 0 -0.8358898344 5.420474224 -0.1590746735 0 -4.261807031 -0.6427379412 0.4932069179 0 -52.5524088 41.43659516 -10.85934006 1


mesh: pSphereShape15 tranform: pSphere15 0.4595966978 0.695897082 3.343482107 0 -1.450807372 8.365385587 -1.54170442 0 -4.171066134 -0.5949006223 0.697176702 0 -51.18194654 27.92812335 -13.41222444 1


mesh: pSphereShape16 tranform: pSphere16 0.2478100696 0.5454440996 2.195256387 0 -4.582408285 6.74524259 -1.158673707 0 -1.556746977 -0.9853410239 0.4205549885 0 -46.43200702 13.02185534 -11.50586798 1


mesh: pSphereShape17 tranform: pSphere17 0.2182826557 0.2177911185 2.532840753 0 -1.003587269 2.136281736 -0.09720212142 0 -5.697743619 -2.644011828 0.7183874073 0 -44.86398352 2.202765505 -9.926955324 1


mesh: pSphereShape18 tranform: pSphere18 0.2557624586 0.06485817701 2.89082628 0 4.297114769 6.886083249 -0.5346773881 0 -2.801384563 1.764315834 0.2082652627 0 -55.89465805 28.94050096 -6.381465561 1


mesh: pSphereShape19 tranform: pSphere19 0.1996222745 0.04831503211 1.95222261 0 2.480635897 9.436565783 -0.4871975941 0 -2.199953629 0.5891737533 0.2103724218 0 -62.69371412 14.14267929 -4.977240162 1


mesh: pSphereShape20 tranform: pSphere20 0.5010964977 -0.1686482812 2.566849011 0 0.7345842044 1.70938658 -0.03109355597 0 -5.344200793 2.318341111 1.19560774 0 -69.88738595 6.87162916 -4.155060891 1


mesh: pSphereShape21 tranform: pSphere21 0.6476464449 0.2746109737 5.954188713 0 1.698043649 2.819984337 -0.3147583437 0 -5.117427862 3.127470911 0.4123897055 0 -50.82108612 37.71548758 -10.78131109 1


