mesh: pSphereShape1 tranform: pSphere1 2.230843897 2.415392431 0.5514387725 0 -1.131633608 1.256023098 -0.9235671872 0 -1.569139826 0.77094127 2.971101013 0 95.89877018 32.50579347 -31.23941463 1


mesh: pSphereShape2 tranform: pSphere2 3.03769377 4.915635418 1.185749609 0 -2.545669855 1.760656261 -0.7773806635 0 -0.942400101 -0.1047948756 2.84870962 0 101.0688228 38.41621567 -29.63699755 1


mesh: pSphereShape3 tranform: pSphere3 0.4207128564 5.959162571 2.962073943 0 -2.68450159 0.7822932794 -1.192545685 0 -1.407614321 -1.112789554 2.43866137 0 104.3215351 47.61571922 -26.45284558 1


mesh: pSphereShape4 tranform: pSphere4 0.25070529 -0.4024757979 4.076544477 0 -1.278225769 3.101267958 0.3847972877 0 -3.614780976 -1.499095668 0.074301897 0 104.1418613 53.13336069 -20.84953064 1


mesh: pSphereShape5 tranform: pSphere5 -0.2455566254 -0.5377161925 4.199896231 0 -1.184443666 2.89856074 0.3018538997 0 -3.708955794 -1.473369384 -0.4054893622 0 103.7371705 52.72443293 -14.17991532 1


mesh: pSphereShape6 tranform: pSphere6 -0.06147777897 -5.558649718 2.389182396 0 -1.521261138 0.7605372728 1.730314332 0 -1.855806222 -0.5725831734 -1.379919819 0 103.8854921 46.02995937 -10.44476459 1


mesh: pSphereShape7 tranform: pSphere7 -4.485463181 -3.51933872 0.2852840944 0 -1.041162241 1.442661645 1.427069004 0 -1.204988241 1.353592122 -2.247518295 0 99.05001503 37.65207723 -9.121190729 1


mesh: pSphereShape8 tranform: pSphere8 -1.583811301 -3.995677065 -0.07012274797 0 -0.8197540524 0.3165590494 0.4772773426 0 -1.145483685 0.4943301055 -2.295310218 0 93.50647877 31.98924262 -9.407113246 1


mesh: pSphereShape10 tranform: pSphere10 -0.3544189066 -0.5663966144 4.112337054 0 0.2138544209 3.472840793 0.4967489995 0 -5.040394782 0.365322073 -0.3840867131 0 103.5236595 62.78266115 -16.38818393 1


mesh: pSphereShape11 tranform: pSphere11 -0.05970297469 -0.1275377355 0.9900351917 0 -2.495170151 2.976255599 0.2329369915 0 -1.991324265 -1.643475947 -0.3317995013 0 101.9271915 58.50814117 -17.66375885 1


mesh: pSphereShape12 tranform: pSphere12 -0.1097677152 -0.8581291738 7.132817147 0 -1.155297639 3.559032562 0.410398196 0 -5.637350328 -1.795034475 -0.3027093603 0 105.4471208 48.98844802 -18.78771018 1


mesh: pSphereShape13 tranform: pSphere13 -0.1439823755 -0.6364993584 4.931645711 0 -2.01315219 4.216201127 0.485385816 0 -4.012835206 -1.874706287 -0.359114786 0 106.3452952 43.83013156 -19.22676149 1


mesh: pSphereShape14 tranform: pSphere14 -0.2755025873 -0.3825049495 5.008687631 0 -2.283664633 4.982515689 0.2548933955 0 -3.937370365 -1.786577983 -0.3530127599 0 107.9706493 39.74013264 -19.5569494 1


mesh: pSphereShape15 tranform: pSphere15 -0.2053536891 -0.2130206832 3.433194798 0 -0.3137306684 8.607982998 0.5153371052 0 -4.260150045 -0.1394940639 -0.2634725677 0 109.7403321 26.59491697 -24.25750858 1


mesh: pSphereShape16 tranform: pSphere16 -0.3517874553 0.09528275492 2.246160387 0 -7.121219342 3.934897911 -1.282225241 0 -0.9034838536 -1.658275684 -0.07115663296 0 115.5934751 14.14300019 -24.5891334 1


mesh: pSphereShape17 tranform: pSphere17 -0.7881964058 -0.4141906542 2.391140962 0 -2.193345743 0.6260072808 -0.6145605339 0 -1.303095874 -6.009231823 -1.470454147 0 123.9552927 4.991463829 -24.16017449 1


mesh: pSphereShape18 tranform: pSphere18 -0.4082515395 -0.2917198576 2.85914809 0 2.000489552 7.809958815 1.082498323 0 -3.181315066 0.8656014986 -0.3659354445 0 107.4625713 26.58257705 -16.73784478 1


mesh: pSphereShape19 tranform: pSphere19 -0.2306505171 -0.2428293967 1.934215794 0 -4.454361417 8.676798007 0.5581491292 0 -2.017777465 -1.012203299 -0.3676912028 0 108.3934203 11.23971111 -17.97242951 1


mesh: pSphereShape20 tranform: pSphere20 -0.1219698911 0.1891287292 2.611054855 0 -0.1536398595 1.849071484 -0.141112308 0 -5.920048706 -0.5101826943 -0.2395880309 0 107.5945195 1.973748332 -19.29761711 1


mesh: pSphereShape21 tranform: pSphere21 -0.3283367105 -0.4558593011 5.969221694 0 0.8701264322 3.176985486 0.2904822308 0 -5.79038443 1.603818016 -0.1960189245 0 110.6415255 36.62298375 -19.55360011 1


