mesh: pSphereShape1 tranform: pSphere1 -2.741549318 1.879179437 -0.2597340795 0 0.8249609255 1.354665625 1.093382601 0 1.291702215 1.493938064 -2.825534624 0 -4.924474858 36.11686422 -7.784597022 1


mesh: pSphereShape2 tranform: pSphere2 -4.042909089 4.241032956 -0.6823362033 0 2.148635017 2.189726112 0.8792799884 0 0.8330200375 0.3331256686 -2.865196559 0 -11.30166368 40.87715327 -8.725107775 1


mesh: pSphereShape3 tranform: pSphere3 -1.6019459 5.992982162 -2.445492598 0 2.524541307 1.173116969 1.221140671 0 1.521632942 -0.6299675116 -2.540575145 0 -16.37984911 49.43695498 -11.04115864 1


mesh: pSphereShape4 tranform: pSphere4 -0.8630429693 -0.4907010209 -3.982138135 0 0.7608645789 3.240756961 -0.5642450107 0 3.723441696 -0.9933784508 -0.6845664979 0 -17.84075464 54.97156764 -16.2463077 1


mesh: pSphereShape5 tranform: pSphere5 -0.8155377135 -0.527340708 -4.128604501 0 0.6904578431 3.02419681 -0.522664861 0 3.836848062 -0.9852332591 -0.6320636164 0 -18.93930305 54.55467792 -22.88133253 1


mesh: pSphereShape6 tranform: pSphere6 -1.256145605 -5.622853383 -1.84829023 0 0.9869563096 0.4900464595 -2.161576228 0 2.119475453 -0.7366954441 0.8007187784 0 -20.55956009 47.71774054 -26.03676181 1


mesh: pSphereShape7 tranform: pSphere7 0.5877914571 -5.297471302 -2.043969422 0 1.030475575 0.8309465055 -1.857273639 0 2.558433336 -0.2249847062 1.318843254 0 -20.22017039 37.40339678 -28.78928119 1


mesh: pSphereShape8 tranform: pSphere8 -1.821954037 -3.892028225 -0.1068196289 0 0.476489978 -0.1995567185 -0.8562326885 0 2.012303087 -0.9790056337 1.348009041 0 -20.36972657 29.65788497 -30.56201204 1


mesh: pSphereShape10 tranform: pSphere10 -0.09653331522 -0.8829665105 -4.070477293 0 -0.7315173904 3.363151892 -0.7121854472 0 4.955811796 1.006800255 -0.3359242053 0 -19.28975909 64.32252274 -21.53729836 1


mesh: pSphereShape11 tranform: pSphere11 -0.07278764416 -0.2426447489 -0.9673807341 0 1.945526472 3.230757924 -0.9567450554 0 2.246380316 -1.305805106 0.1585084503 0 -17.04032769 60.43004411 -20.31238464 1


mesh: pSphereShape12 tranform: pSphere12 -0.9269810724 -0.9351664086 -7.06340463 0 0.5592300595 3.680057455 -0.5606165867 0 5.808170145 -0.9789976256 -0.6326323253 0 -18.87651517 50.65720913 -18.10252965 1


mesh: pSphereShape13 tranform: pSphere13 -0.3900026745 -0.592404715 -4.923814207 0 1.035929548 4.538401616 -0.6280874298 0 4.320251791 -1.016566229 -0.2198887043 0 -18.80516455 45.45435472 -17.61642544 1


mesh: pSphereShape14 tranform: pSphere14 -0.2091186452 -0.235078966 -5.02097309 0 1.34723587 5.310146247 -0.3047289444 0 4.201456876 -1.073109164 -0.1247442609 0 -19.59884973 41.10246279 -17.21818494 1


mesh: pSphereShape15 tranform: pSphere15 -0.3792571678 0.0372100089 -3.424785232 0 -0.6211233306 8.605186952 0.1622772001 0 4.233479189 0.3143494526 -0.4653957177 0 -19.73174437 27.65758596 -13.30844177 1


mesh: pSphereShape16 tranform: pSphere16 -0.02001457905 0.2977221343 -2.255887995 0 7.296105029 3.796805903 0.4363535283 0 0.8767133597 -1.658678068 -0.2266833391 0 -24.60129699 15.33428239 -13.07927487 1


mesh: pSphereShape17 tranform: pSphere17 0.6272743083 -0.8933368619 -2.306260775 0 2.247020198 0.629540177 0.3673073762 0 1.178724008 -5.677379783 2.519747979 0 -33.23635339 6.567993697 -11.68930771 1


mesh: pSphereShape18 tranform: pSphere18 -0.02625545942 -0.002751766985 -2.902722976 0 -2.707613371 7.670576973 0.01721900192 0 3.127917282 1.10417976 -0.02933912446 0 -18.29008088 28.01668418 -21.21160021 1


mesh: pSphereShape19 tranform: pSphere19 -0.05497187453 -0.04190381278 -1.961779467 0 3.035531312 9.281431653 -0.2833122835 0 2.173020787 -0.7120899912 -0.04568084327 0 -17.41706572 12.42295521 -21.44314978 1


mesh: pSphereShape20 tranform: pSphere20 -0.5870244429 0.07353762009 -2.553086036 0 0.2991136266 1.83653539 -0.01587591161 0 5.716340651 -0.9426079282 -1.341493699 0 -15.3138193 2.413776032 -21.61155286 1


mesh: pSphereShape21 tranform: pSphere21 -0.2492220808 -0.2801609059 -5.98386318 0 -1.432156022 2.979478125 -0.07984948391 0 5.412762062 2.592476435 -0.3468144756 0 -21.67543643 37.56507957 -17.06033699 1


