mesh: pSphereShape1 tranform: pSphere1 -0.1548768929 3.187283772 0.9654559098 0 -1.907026262 -0.1596653223 0.2211850239 0 0.4611395351 -0.9698539918 3.275778537 0 133.7824144 29.41680502 -34.62096234 1


mesh: pSphereShape2 tranform: pSphere2 -0.7712639549 5.640051719 1.546617488 0 -3.136504217 -0.2879949231 -0.5138739162 0 -0.3911941668 -0.8368668003 2.85672321 0 133.8087755 37.12513626 -32.44769987 1


mesh: pSphereShape3 tranform: pSphere3 -0.5574631648 6.164009482 2.481274234 0 -2.986930178 -0.04347111107 -0.5630764992 0 -0.5023172915 -1.153912787 2.753708511 0 132.9449566 47.41019943 -29.37837724 1


mesh: pSphereShape4 tranform: pSphere4 2.882351019 0.6443183268 2.849554576 0 -0.6985087239 3.303067255 -0.04031487449 0 -2.665962083 -0.5294039867 2.816350065 0 134.3166371 54.06475222 -25.08569812 1


mesh: pSphereShape5 tranform: pSphere5 2.500716743 0.6604000764 3.361376596 0 -0.6673054975 3.072278947 -0.1071558663 0 -3.126238701 -0.5938370298 2.442453932 0 138.3341139 55.53938413 -19.95256757 1


mesh: pSphereShape6 tranform: pSphere6 1.54936316 -4.884090551 3.218026106 0 0.07869660056 1.351549259 2.013395522 0 -2.301717033 -0.4651548793 0.4022145821 0 140.8910993 49.9019587 -15.45172353 1


mesh: pSphereShape7 tranform: pSphere7 -0.4790167725 -3.979631526 4.064429584 0 -0.04328047619 1.63189803 1.592750136 0 -2.876430179 0.1301789913 -0.2115410946 0 140.631135 41.47536706 -9.005245085 1


mesh: pSphereShape8 tranform: pSphere8 0.6826778097 -4.198395859 0.6214771655 0 0.08171621357 0.1589317675 0.9839020041 0 -2.570455262 -0.3773431873 0.274437586 0 140.2700814 34.90172272 -4.56665088 1


mesh: pSphereShape10 tranform: pSphere10 2.902674816 0.5642540752 2.93493274 0 -0.1737039151 3.475142127 -0.4963170389 0 -3.627044307 0.3221752385 3.525239722 0 135.2731556 64.48816896 -23.59230342 1


mesh: pSphereShape11 tranform: pSphere11 0.6633997176 0.1591315164 0.7311483947 0 -2.077113001 3.055546129 1.219619021 0 -1.364865469 -1.557417248 1.577361782 0 134.062975 60.13859803 -22.58953382 1


mesh: pSphereShape12 tranform: pSphere12 4.332160846 1.110831259 5.623517708 0 -0.6174937279 3.704455192 -0.256057249 0 -4.625093777 -0.5176068528 3.665254581 0 136.6643652 50.42761448 -22.98559551 1


mesh: pSphereShape13 tranform: pSphere13 2.970878269 0.8306312788 3.902681869 0 -1.053016552 4.574526906 -0.172025588 0 -3.422190335 -0.6843161541 2.750755932 0 136.9490377 45.32039065 -21.92158532 1


mesh: pSphereShape14 tranform: pSphere14 2.965264569 0.7835711172 3.987779562 0 -1.090030961 5.371904765 -0.2450083352 0 -3.396835028 -0.5689622359 2.637642519 0 137.6620678 40.98667051 -21.59236208 1


mesh: pSphereShape15 tranform: pSphere15 2.207780264 0.7042378648 2.55031955 0 -1.318421148 8.444287334 -1.190440112 0 -3.213350709 -0.1054407547 2.810874288 0 137.0107495 27.24117985 -23.47334238 1


mesh: pSphereShape16 tranform: pSphere16 1.433348772 0.5201426458 1.689092249 0 -3.186243626 7.586300375 0.3676768033 0 -1.272731615 -0.5957832923 1.263495583 0 140.134712 11.5955062 -22.74802873 1


mesh: pSphereShape17 tranform: pSphere17 1.919141654 0.6220907081 1.562133488 0 -0.5094939254 2.288927619 -0.2855899272 0 -3.936867878 -0.259931834 4.940108108 0 140.9306017 1.444407855 -19.65062766 1


mesh: pSphereShape18 tranform: pSphere18 1.420711296 0.4967198865 2.482205947 0 1.976221968 7.442891482 -2.62052111 0 -2.778247897 1.212139272 1.347589426 0 138.5553877 28.18227353 -15.56423886 1


mesh: pSphereShape19 tranform: pSphere19 0.9944822924 0.2955193738 1.666442254 0 -2.945701195 9.314035462 0.1061961492 0 -1.84741645 -0.5980521504 1.208538093 0 138.6550051 12.89724751 -12.28001087 1


mesh: pSphereShape20 tranform: pSphere20 2.03382895 0.4301922337 1.595847183 0 -0.3458555107 1.827641509 -0.0519011053 0 -3.58389903 -0.544328339 4.714237997 0 137.820136 3.110063406 -8.882611937 1


mesh: pSphereShape21 tranform: pSphere21 3.533924033 0.933839372 4.752530409 0 1.157511653 2.761449579 -1.403317394 0 -4.376728485 3.171741074 2.63125708 0 139.3938322 37.29140328 -22.03530731 1


