mesh: pSphereShape1 tranform: pSphere1 2.392583165 2.3215344 0.02989379672 0 -0.9720012527 1.018678806 -1.314789737 0 -1.654689943 1.672888635 2.519411889 0 29.76980265 32.50605205 -26.79428352 1


mesh: pSphereShape2 tranform: pSphere2 3.375112466 4.831544192 0.2487040246 0 -2.480355213 1.780474267 -0.9286633294 0 -0.7862118404 0.4014987172 2.869654359 0 35.33443785 38.26269528 -26.41674648 1


mesh: pSphereShape3 tranform: pSphere3 1.230092958 6.276519555 1.885384178 0 -2.674606737 0.8705194273 -1.152983737 0 -1.326089774 -0.5413679697 2.667424709 0 39.54505073 47.59115466 -24.94727641 1


mesh: pSphereShape4 tranform: pSphere4 1.108062526 0.1383693047 3.94919057 0 -1.015296031 3.215479887 0.1722094077 0 -3.580146967 -1.186465215 1.046087036 0 40.81047141 53.82651957 -20.32809871 1


mesh: pSphereShape5 tranform: pSphere5 0.9001932944 0.1013789898 4.143421224 0 -0.847946625 3.027297427 0.1101532975 0 -3.767956232 -1.086159179 0.8451959055 0 42.1438426 54.42505675 -13.76720846 1


mesh: pSphereShape6 tranform: pSphere6 0.4386110716 -5.412786739 2.668317592 0 -1.465020857 0.7583331235 1.779124741 0 -1.891221149 -0.7610465042 -1.232938651 0 43.07404925 48.03998362 -9.712893436 1


mesh: pSphereShape7 tranform: pSphere7 -1.649888996 -4.985568615 2.237964225 0 -1.390818815 1.103080679 1.432010271 0 -2.130616988 -0.1663029045 -1.94122677 0 41.22473328 38.15825609 -6.219219879 1


mesh: pSphereShape8 tranform: pSphere8 1.684131442 -3.94634339 0.2624610078 0 -0.6474184884 -0.2279227993 0.7272554561 0 -1.707837373 -0.8476143308 -1.785997081 0 40.38888906 30.538776 -4.244900633 1


mesh: pSphereShape10 tranform: pSphere10 0.1964878518 -0.4077091329 4.141605935 0 0.3761160636 3.479402016 0.3246764088 0 -5.033416015 0.5170687964 0.289698921 0 41.49801594 63.85359797 -16.16849665 1


mesh: pSphereShape11 tranform: pSphere11 0.1046249238 -0.1296786357 0.9860208298 0 -2.201597736 3.142099111 0.646847513 0 -2.12898411 -1.497686907 0.02893124023 0 39.70489235 59.68190221 -16.90013692 1


mesh: pSphereShape12 tranform: pSphere12 1.086585902 0.09584791998 7.101806766 0 -0.8559621492 3.664769872 0.08150261669 0 -5.69880339 -1.350837896 0.8901557918 0 42.31697217 49.90929842 -17.97627121 1


mesh: pSphereShape13 tranform: pSphere13 0.6402931019 0.1761432688 4.930110554 0 -1.265656713 4.523586913 0.002756911225 0 -4.240946833 -1.186938224 0.5931956595 0 42.60314364 44.71424234 -17.71318241 1


mesh: pSphereShape14 tranform: pSphere14 0.5668867161 0.2005016237 4.994757456 0 -1.056808284 5.383258141 -0.09615310144 0 -4.228741441 -0.8209994021 0.5129035963 0 43.32700538 40.4283985 -17.65157928 1


mesh: pSphereShape15 tranform: pSphere15 0.5898152415 0.5169081906 3.3554878 0 -1.360470595 8.454580457 -1.063277772 0 -4.153325325 -0.5655617674 0.8171801696 0 44.58435779 26.92673772 -20.69754514 1


mesh: pSphereShape16 tranform: pSphere16 0.3246786238 0.4401918722 2.208819731 0 -4.792225892 6.669598272 -0.6247543078 0 -1.513130861 -1.046835284 0.4310399873 0 49.38784657 12.04010357 -19.74166158 1


mesh: pSphereShape17 tranform: pSphere17 0.2142432589 0.1200496251 2.539694959 0 -0.6077123207 2.282064148 -0.05660627738 0 -6.086378665 -1.60618009 0.5893569668 0 50.68697354 1.970724658 -18.88054157 1


mesh: pSphereShape18 tranform: pSphere18 0.04311658055 -0.01060171964 2.90250343 0 4.675606052 6.656266814 -0.04514319224 0 -2.714033888 1.906757657 0.04728151892 0 39.59574729 28.1843351 -13.75189492 1


mesh: pSphereShape19 tranform: pSphere19 0.05300202806 -0.02683791423 1.962097609 0 1.504702351 9.652316319 0.09137963393 0 -2.259040631 0.3515392528 0.06583174794 0 33.08863549 13.478702 -13.34229115 1


mesh: pSphereShape20 tranform: pSphere20 0.5522860374 -0.05917236013 2.561197484 0 0.4740703016 1.798376707 -0.06067795052 0 -5.612373451 1.521498092 1.245380782 0 26.64162846 5.295486125 -13.0396172 1


mesh: pSphereShape21 tranform: pSphere21 0.675600623 0.2389525421 5.95262008 0 1.579751454 2.889968206 -0.2953063177 0 -5.23759003 2.911837121 0.4775591533 0 45.20879445 36.7803421 -17.62396091 1


