mesh: pSphereShape1 tranform: pSphere1 -0.3001441463 3.104880881 -1.176646938 0 0.7878360425 0.6890633866 1.617303625 0 3.130510361 -0.2370193921 -1.423979687 0 -92.46483152 33.90037334 -0.4769654192 1


mesh: pSphereShape2 tranform: pSphere2 0.08354919928 5.59834229 -1.857051499 0 2.386937269 0.6347591916 2.02095953 0 1.992415776 -0.7338729765 -2.12272378 0 -93.25476826 41.27869164 -3.502156544 1


mesh: pSphereShape3 tranform: pSphere3 1.654390217 5.906940115 -2.614106232 0 2.139153282 0.3444552627 2.132151632 0 2.015715023 -1.362146706 -1.802275573 0 -92.21808661 51.20844439 -7.158798022 1


mesh: pSphereShape4 tranform: pSphere4 0.8413465101 -0.3707723734 -3.999714825 0 1.020109963 3.217478323 -0.08367749482 0 3.643787935 -1.132608104 0.8714691446 0 -89.62561316 56.77814919 -12.25026012 1


mesh: pSphereShape5 tranform: pSphere5 1.446907499 -0.4582874867 -3.960428812 0 0.9337010201 3.003970243 -0.006489944945 0 3.577872741 -1.108981457 1.435471636 0 -87.40611375 56.49588902 -18.54653136 1


mesh: pSphereShape6 tranform: pSphere6 2.088741901 -5.586934969 -1.016795773 0 1.783921346 0.9155507341 -1.366027659 0 1.389644413 0.1686812893 1.927817927 0 -85.07888504 49.82933721 -20.94475025 1


mesh: pSphereShape7 tranform: pSphere7 4.225937911 -3.800954077 0.5298196541 0 1.371764737 1.355393671 -1.217779487 0 0.8671915369 1.302369266 2.426388244 0 -78.95631294 41.39052559 -20.13860521 1


mesh: pSphereShape8 tranform: pSphere8 0.9778159166 -4.14433589 0.5892085445 0 0.9155889968 0.1638137632 -0.3672354012 0 0.8662781005 0.5460851162 2.403392897 0 -74.08268693 35.27708356 -18.77847187 1


mesh: pSphereShape10 tranform: pSphere10 0.7414188507 -0.2125109925 -4.094248539 0 0.03550164816 3.510122988 -0.1757631765 0 4.987030592 -0.005205002772 0.9033610379 0 -87.83272651 66.51288204 -15.63978948 1


mesh: pSphereShape11 tranform: pSphere11 0.2087921353 -0.02851786513 -0.9775441553 0 2.506759798 2.941469548 0.4496035262 0 1.915244628 -1.702314895 0.4587356997 0 -86.72449057 62.15980189 -14.50338973 1


mesh: pSphereShape12 tranform: pSphere12 1.753553389 -0.715445636 -6.930995826 0 0.8535104245 3.66266081 -0.162135229 0 5.585612236 -1.233423217 1.54048809 0 -89.93457753 52.55125889 -14.5212002 1


mesh: pSphereShape13 tranform: pSphere13 1.128585498 -0.704936608 -4.793365303 0 1.411576348 4.468410615 -0.3247951133 0 4.116651802 -1.216993812 1.14823233 0 -90.25036465 47.34798516 -14.15510542 1


mesh: pSphereShape14 tranform: pSphere14 0.989616786 -0.5720527691 -4.899242568 0 1.509689376 5.26596073 -0.3099241257 0 4.082451906 -1.11420143 0.9547281814 0 -91.26120791 43.0703789 -13.85961944 1


mesh: pSphereShape15 tranform: pSphere15 0.2240916126 -0.234275283 -3.430637333 0 -3.396824259 7.895803435 -0.761080568 0 3.915933284 1.69813712 0.1398271526 0 -89.03344721 30.94311786 -8.893320872 1


mesh: pSphereShape16 tranform: pSphere16 0.1503593053 -0.03357205741 -2.27031599 0 0.489450234 8.221421859 -0.08915791913 0 1.882291474 -0.1106898005 0.1262978916 0 -85.34100103 15.83114404 -7.146682222 1


mesh: pSphereShape17 tranform: pSphere17 0.6913420464 0.05638996415 -2.455448822 0 0.1222678708 2.357444007 0.08856429875 0 6.076974999 -0.3791313919 1.702291283 0 -81.57787312 4.946972317 -5.557913321 1


mesh: pSphereShape18 tranform: pSphere18 0.2585120735 -0.5032810261 -2.847170054 0 0.4861979818 8.003395822 -1.370578202 0 3.298084185 -0.1446939002 0.3250302083 0 -92.51745168 29.22395112 -16.25391341 1


mesh: pSphereShape19 tranform: pSphere19 0.1458052878 -0.3386293956 -1.928063138 0 4.630582295 8.525341968 -1.147145013 0 2.006747753 -1.044862596 0.3352668334 0 -96.38578754 13.69407658 -14.24853691 1


mesh: pSphereShape20 tranform: pSphere20 -0.3338501044 0.0416090968 -2.599051092 0 0.7308261614 1.709986606 -0.06649942075 0 5.416248163 -2.343349156 -0.7332367042 0 -96.20973404 3.288289973 -13.04334825 1


mesh: pSphereShape21 tranform: pSphere21 1.179399161 -0.6817573886 -5.838787958 0 -1.298856692 2.979151381 -0.6102172204 0 5.400479727 2.517737585 0.7968837181 0 -93.40080473 39.56924502 -13.97960017 1


