mesh: pSphereShape1 tranform: pSphere1 -0.536370933 3.171989918 0.8750177094 0 -0.1908763464 0.4797062476 -1.855966899 0 -3.385220932 -0.6239781412 0.1868742328 0 144.2694261 30.05920151 -29.0732842 1


mesh: pSphereShape2 tranform: pSphere2 -1.019212602 5.711075161 1.068589401 0 -0.4053862027 0.5121400283 -3.123786292 0 -2.932523215 -0.5768565314 0.2859904765 0 143.12635 37.60321664 -26.63833091 1


mesh: pSphereShape3 tranform: pSphere3 -2.278744064 6.172670047 1.080726553 0 -0.2285259245 0.4407153403 -2.99904029 0 -2.836261284 -1.057679591 0.06069395322 0 140.7584822 47.85181636 -24.6226093 1


mesh: pSphereShape4 tranform: pSphere4 -2.28706445 0.6452268998 3.346053382 0 -0.3758958921 3.237578435 -0.8812384298 0 -3.220569143 -0.9245649956 -2.023008666 0 136.8910763 54.4772452 -21.60272157 1


mesh: pSphereShape5 tranform: pSphere5 -2.864587088 0.6014222797 3.069364293 0 -0.2856884739 3.013224779 -0.8570504438 0 -2.935703647 -1.001798943 -2.543547723 0 132.5161311 55.870006 -16.74904503 1


mesh: pSphereShape6 tranform: pSphere6 -1.952071659 -5.196017149 2.408605561 0 -2.044834853 1.096773221 0.7087869971 0 -1.026399955 -0.5747583405 -2.071763238 0 129.527493 49.91996017 -13.03494544 1


mesh: pSphereShape7 tranform: pSphere7 -3.392988374 -4.502118124 0.8972593168 0 -1.738301772 1.402227933 0.4624728664 0 -0.7407165909 0.002097256026 -2.790498399 0 124.4991246 40.71451754 -11.25394525 1


mesh: pSphereShape8 tranform: pSphere8 0.004563898872 -4.115564869 1.241336227 0 -0.9682239048 0.07123234816 0.2397257238 0 -0.6533308278 -0.7310935165 -2.421488224 0 121.0806737 33.64192948 -10.07971796 1


mesh: pSphereShape10 tranform: pSphere10 -1.665820718 0.4507296171 3.792046688 0 -0.4422607166 3.434315972 -0.60249126 0 -4.601453395 -0.9278311979 -1.911103948 0 133.0946326 64.46511677 -21.2823221 1


mesh: pSphereShape11 tranform: pSphere11 -0.5112756282 0.1499806608 0.8462287122 0 -2.490192302 2.298254907 -1.911857161 0 -1.493065912 -2.063885153 -0.5362916032 0 132.8765749 59.77823719 -21.88488087 1


mesh: pSphereShape12 tranform: pSphere12 -4.760128199 1.021374985 5.284267949 0 -0.1680768878 3.661098809 -0.8590446808 0 -4.429530342 -1.090170898 -3.779456151 0 135.5854227 50.87766217 -18.68925012 1


mesh: pSphereShape13 tranform: pSphere13 -3.296871857 0.8408920153 3.629122257 0 -0.2634681302 4.510590332 -1.284481406 0 -3.318318072 -0.9871377199 -2.785795716 0 134.937839 45.7632722 -17.93917751 1


mesh: pSphereShape14 tranform: pSphere14 -3.391832798 0.8411971045 3.618980684 0 -0.2381237325 5.285926081 -1.451840189 0 -3.198341922 -0.9093498691 -2.786226132 0 134.97188 41.46655104 -16.93120884 1


mesh: pSphereShape15 tranform: pSphere15 -2.541292406 0.04097388116 2.326913948 0 0.7767208524 8.565724731 0.6974490043 0 -2.858486336 0.5141285003 -3.130891653 0 137.3227042 27.84971799 -19.74896845 1


mesh: pSphereShape16 tranform: pSphere16 -1.685051963 0.08022933884 1.527164967 0 -0.6983874312 8.11901733 -1.19712182 0 -1.259866518 -0.3109319213 -1.373783928 0 137.3106397 11.87028096 -20.48496007 1


mesh: pSphereShape17 tranform: pSphere17 -2.24851029 -0.1207478588 1.199993334 0 -0.1166038723 2.359317927 0.01891475601 0 -2.9720503 -0.1021579487 -5.579215189 0 136.2350582 1.279559419 -23.38777351 1


mesh: pSphereShape18 tranform: pSphere18 -2.385842315 0.30965838 1.624304692 0 2.03945966 7.725998738 1.522749342 0 -1.69672701 0.9757561905 -2.678237771 0 130.3940114 28.47432019 -14.7084833 1


mesh: pSphereShape19 tranform: pSphere19 -1.594154709 0.1700161238 1.132749662 0 -1.356244076 9.103534817 -3.275048943 0 -1.296279741 -0.8059047096 -1.703336335 0 128.7080738 12.99355078 -13.81589549 1


mesh: pSphereShape20 tranform: pSphere20 -1.893448868 0.3548079453 1.776855788 0 -0.1314213284 1.788339349 -0.4971459031 0 -4.090026932 -1.432646851 -4.072329577 0 127.025787 2.712747079 -14.54718086 1


mesh: pSphereShape21 tranform: pSphere21 -4.042296788 1.002516502 4.313005642 0 1.454224922 2.888188205 0.6916180137 0 -3.566858292 2.749506114 -3.982078044 0 135.9205132 37.92363587 -15.08782728 1


