mesh: pSphereShape1 tranform: pSphere1 -1.20557442 3.026552625 -0.7081238167 0 0.7761880863 0.6889126373 1.622989966 0 2.898408269 0.7552092453 -1.706716134 0 123.4766297 31.47591636 -12.55948381 1


mesh: pSphereShape2 tranform: pSphere2 -1.495087003 5.617036299 -1.00532343 0 2.254128771 0.9655226745 2.042384789 0 1.984442854 0.1255808609 -2.24954716 0 120.5681794 38.70013536 -14.45210579 1


mesh: pSphereShape3 tranform: pSphere3 0.007252584204 6.441544146 -1.723065964 0 2.101243398 0.5654347029 2.122676742 0 2.187886236 -0.5430994204 -2.021124633 0 118.8503513 48.95408581 -16.5968524 1


mesh: pSphereShape4 tranform: pSphere4 0.4387705511 0.0764637617 -4.07979025 0 0.1055885193 3.373882113 0.07458933721 0 3.889648221 -0.1309238031 0.4158674988 0 119.4824884 55.39426509 -21.00010689 1


mesh: pSphereShape5 tranform: pSphere5 0.7320878281 0.1086970149 -4.176218083 0 0.1153068628 3.141970569 0.1019912188 0 3.948485482 -0.1672321342 0.6878138234 0 120.6492463 56.0013429 -27.58918547 1


mesh: pSphereShape6 tranform: pSphere6 0.7900619082 -5.595245105 -2.163236723 0 1.10549371 0.9128508596 -1.957352049 0 2.097826686 -0.1371357352 1.120876407 0 121.81496 49.44617678 -31.29904774 1


mesh: pSphereShape7 tranform: pSphere7 2.446935039 -4.733117165 -2.048566037 0 0.9991521499 1.227352154 -1.642290793 0 2.281282134 0.4372424777 1.714677119 0 125.6480872 39.90896915 -34.20666417 1


mesh: pSphereShape8 tranform: pSphere8 -0.6133823021 -4.206368003 -0.6395631483 0 0.7225813467 -0.0002609505323 -0.6912858521 0 1.767065098 -0.5385476685 1.847265944 0 128.0696224 32.58140076 -36.09597515 1


mesh: pSphereShape10 tranform: pSphere10 0.8023793441 0.2524918942 -4.080461882 0 -0.4329706293 3.485486055 0.1305367633 0 4.933966219 0.5752333322 1.005806316 0 119.7313667 65.50234233 -23.6243145 1


mesh: pSphereShape11 tranform: pSphere11 0.1730143919 0.05983214259 -0.983100267 0 2.183664684 3.168087983 0.5771119473 0 2.106918886 -1.503114586 0.2793130395 0 121.4735597 61.22523675 -22.99198786 1


mesh: pSphereShape12 tranform: pSphere12 0.9011155649 0.1207679522 -7.127336173 0 -0.160512222 3.760611916 0.04342735225 0 5.871772489 0.2420015353 0.746474066 0 120.0345486 51.36267901 -23.5622184 1


mesh: pSphereShape13 tranform: pSphere13 0.5213608125 0.05608924553 -4.946921131 0 0.007394048136 4.69699464 0.05403479163 0 4.419207385 -0.01231312839 0.4656049404 0 121.2040394 46.28378227 -23.6994594 1


mesh: pSphereShape14 tranform: pSphere14 0.4244568401 0.05995527779 -5.012524838 0 -0.07283216256 5.486047607 0.05945175502 0 4.322277464 0.05340877175 0.366646038 0 121.4911531 41.87905502 -23.74457986 1


mesh: pSphereShape15 tranform: pSphere15 -0.2782597569 0.466771307 -3.402803333 0 -1.288433958 8.438391606 1.262875923 0 4.208590683 0.6801403166 -0.2508553543 0 123.0430193 28.57834754 -20.83358675 1


mesh: pSphereShape16 tranform: pSphere16 -0.1513871083 0.421843933 -2.230963769 0 2.556523784 7.72317625 1.286865498 0 1.792026036 -0.5554345447 -0.2266268684 0 122.8948424 12.99848432 -22.4749416 1


mesh: pSphereShape17 tranform: pSphere17 0.1057018515 0.1183280107 -2.546603261 0 0.6472821581 2.268010379 0.1322499206 0 6.074661354 -1.743665174 0.1711214808 0 124.0738731 1.682675473 -23.57135123 1


mesh: pSphereShape18 tranform: pSphere18 0.154587543 0.2966029016 -2.883509495 0 -3.944791127 7.095011164 0.5183216261 0 2.89566513 1.586711244 0.3184511507 0 126.0527925 29.01243333 -28.15074157 1


mesh: pSphereShape19 tranform: pSphere19 0.04612296459 0.09874318197 -1.959969125 0 5.414468546 8.11392106 0.5361950407 0 1.90300157 -1.268620226 -0.01913067067 0 126.5197428 15.02679978 -29.54603357 1


mesh: pSphereShape20 tranform: pSphere20 -0.595366447 0.5464768636 -2.493021384 0 0.9869610308 1.57370681 0.1092613491 0 4.857033506 -2.921132267 -1.800243676 0 125.5136876 4.443369771 -30.84991045 1


mesh: pSphereShape21 tranform: pSphere21 0.5058564568 0.07145311732 -5.973794776 0 -2.147677818 2.509812784 -0.1518436401 0 4.54286391 3.91349029 0.4314959282 0 120.4149138 37.92460218 -23.97743149 1


