mesh: pSphereShape1 tranform: pSphere1 -0.573641408 3.225453714 0.6182666757 0 -1.508981638 -0.03893937232 -1.19692236 0 -2.059272815 -0.8693009594 2.624443327 0 137.0200889 30.66634153 -30.4400292 1


mesh: pSphereShape2 tranform: pSphere2 -1.528006576 5.662294401 0.632989062 0 -2.109718977 -0.3037999041 -2.375175285 0 -2.114236218 -0.7917975596 1.979219102 0 135.8264435 38.42536706 -28.83691413 1


mesh: pSphereShape3 tranform: pSphere3 -2.056072127 6.173568618 1.456749062 0 -1.950820973 -0.1001092493 -2.329157023 0 -2.126014826 -1.13979512 1.829665541 0 133.2104404 48.73040619 -27.17185383 1


mesh: pSphereShape4 tranform: pSphere4 -0.2656172515 0.2881267479 4.085276642 0 -0.5292846862 3.323759969 -0.2688315604 0 -3.857306632 -0.6309337502 -0.2062965057 0 130.9321038 55.09181735 -23.01819088 1


mesh: pSphereShape5 tranform: pSphere5 -0.7019207635 0.2745919163 4.17378385 0 -0.4942911909 3.093410726 -0.2866413001 0 -3.905580018 -0.6807780844 -0.6120277524 0 129.851017 55.9658494 -16.45573096 1


mesh: pSphereShape6 tranform: pSphere6 -1.124278002 -5.46394218 2.343478942 0 -1.339214806 1.023946877 1.744900162 0 -1.936683683 -0.1909590815 -1.374349983 0 128.5323391 49.62763179 -12.5328952 1


mesh: pSphereShape7 tranform: pSphere7 -3.193510537 -4.404194426 1.729472143 0 -1.131842686 1.378780795 1.421166081 0 -1.916761014 0.5723499753 -2.0818236 0 123.8398117 40.49495133 -9.86596549 1


mesh: pSphereShape8 tranform: pSphere8 0.01409006395 -4.290873589 0.2588744143 0 -0.6903247061 0.04131169514 0.7223192812 0 -1.890094167 -0.1147915313 -1.799808619 0 120.4170322 33.50224256 -8.307662663 1


mesh: pSphereShape10 tranform: pSphere10 -0.230406644 0.08276805152 4.159061933 0 -0.2211677777 3.506774983 -0.0820395232 0 -5.050375222 -0.3249148197 -0.2733182285 0 129.0399278 65.16358205 -20.1940183 1


mesh: pSphereShape11 tranform: pSphere11 -0.09016005928 0.03979406143 0.9951319492 0 -2.731695739 2.747428387 -0.3573608345 0 -1.838757788 -1.840325242 -0.09300123012 0 128.0529288 60.66491674 -20.86301036 1


mesh: pSphereShape12 tranform: pSphere12 -0.9941679934 0.4629678372 7.100901765 0 -0.3845598174 3.732777902 -0.2972119942 0 -5.835698413 -0.6628208085 -0.7738171922 0 131.0588827 51.19997925 -20.19091351 1


mesh: pSphereShape13 tranform: pSphere13 -0.6859929538 0.470817338 4.904562823 0 -0.7227491977 4.609435081 -0.5435760348 0 -4.347799349 -0.7450050689 -0.5366020397 0 130.6544112 46.0260858 -19.64455504 1


mesh: pSphereShape14 tranform: pSphere14 -0.7461887201 0.461499501 4.953724265 0 -0.7519601913 5.400021302 -0.6163466486 0 -4.248749813 -0.6576984496 -0.5787245162 0 131.0390984 41.65480173 -19.1868354 1


mesh: pSphereShape15 tranform: pSphere15 -0.4386020452 0.360666111 3.39881195 0 -0.9034412335 8.520751017 -1.020767655 0 -4.212170461 -0.5053035132 -0.4899420004 0 132.9725393 28.03172952 -22.06892101 1


mesh: pSphereShape16 tranform: pSphere16 -0.3236592056 0.3049137596 2.23166799 0 -3.519416928 7.292632882 -1.506817238 0 -1.687285413 -0.8410991054 -0.1297875702 0 136.4476179 12.58480038 -20.60095022 1


mesh: pSphereShape17 tranform: pSphere17 -0.5734188587 0.2597015454 2.472672338 0 -0.7312077635 2.21004925 -0.4016874827 0 -5.841461145 -2.138081104 -1.130089488 0 136.6399087 1.497574037 -19.8028587 1


mesh: pSphereShape18 tranform: pSphere18 -0.4848178024 0.5125616944 2.815800029 0 4.093797214 7.00604203 -0.5704535081 0 -2.812462649 1.580534462 -0.7719487749 0 126.6703765 29.089297 -14.47770085 1


mesh: pSphereShape19 tranform: pSphere19 -0.2814226384 0.2578262126 1.92553459 0 -4.281686812 8.599322342 -1.77721778 0 -2.029485923 -1.042941243 -0.156967158 0 125.1318256 14.86367613 -12.11295368 1


mesh: pSphereShape20 tranform: pSphere20 0.4190129632 0.7400326353 2.478917833 0 -0.44185671 1.75116059 -0.4480875815 0 -5.697948117 -1.106732273 1.29352094 0 124.2973113 5.134233448 -9.981947793 1


mesh: pSphereShape21 tranform: pSphere21 -0.889288018 0.5500029222 5.903717807 0 1.730454029 2.817847072 -0.001855117479 0 -5.044546574 3.097191152 -1.048410377 0 132.6825722 37.9566436 -18.49920996 1


