mesh: pSphereShape1 tranform: pSphere1 0.6339344503 3.194086014 -0.7147107498 0 0.4492216553 0.3237140751 1.845148801 0 3.287567538 -0.8001724528 -0.6600115097 0 -147.8069523 32.38999651 -16.92818131 1


mesh: pSphereShape2 tranform: pSphere2 1.457180821 5.683610056 -0.6084882247 0 0.7797653657 0.1310938525 3.091835467 0 2.815319307 -0.7942103929 -0.6763530633 0 -146.2905431 40.03092603 -18.80772803 1


mesh: pSphereShape3 tranform: pSphere3 2.544406628 6.094632611 -0.918666504 0 0.61772285 0.1898453412 2.97036597 0 2.730107485 -1.213662015 -0.4901893274 0 -143.3274157 50.25150815 -20.23147161 1


mesh: pSphereShape4 tranform: pSphere4 2.248813141 -0.3670537167 -3.413380409 0 0.8213424353 3.269443817 0.1895435256 0 3.132602541 -0.91230193 2.161933535 0 -139.1081196 55.98870883 -23.35003837 1


mesh: pSphereShape5 tranform: pSphere5 2.776455061 -0.4374649271 -3.176237844 0 0.6958806272 3.062128097 0.1865438528 0 2.899716507 -0.8202698835 2.647714777 0 -134.7865385 55.75277531 -28.45400767 1


mesh: pSphereShape6 tranform: pSphere6 1.544775795 -5.783624163 -0.8797260975 0 1.999299527 0.7127769845 -1.175325679 0 1.204937232 0.009214492706 2.055258692 0 -132.3728679 48.85451087 -30.49767581 1


mesh: pSphereShape7 tranform: pSphere7 3.308686991 -4.633807817 0.4085676253 0 1.701143591 1.124617084 -1.021354138 0 0.9476142177 0.9035067049 2.573178911 0 -127.6866355 39.38632805 -29.65512933 1


mesh: pSphereShape8 tranform: pSphere8 -0.1110049417 -4.284008046 0.3372886163 0 0.9135225353 -0.05539956589 -0.4029980962 0 1.060574073 0.1600682447 2.382121935 0 -124.3459621 32.24229151 -28.69698175 1


mesh: pSphereShape10 tranform: pSphere10 2.510308116 -0.301262587 -3.311393657 0 0.1391521603 3.505453072 -0.2134288873 0 4.039914446 0.02595319292 3.060225495 0 -136.1120951 65.68495605 -26.00507703 1


mesh: pSphereShape11 tranform: pSphere11 0.5931868938 -0.06822081495 -0.8021690778 0 2.12753954 2.978158788 1.319991234 0 1.538123769 -1.66572129 1.279071648 0 -135.5999536 61.3860639 -24.51218575 1


mesh: pSphereShape12 tranform: pSphere12 4.083506435 -0.6852040952 -5.872051229 0 0.7064238173 3.696922161 0.05986664378 0 4.745775625 -0.9621048101 3.412545749 0 -138.3930108 51.72851224 -25.4648067 1


mesh: pSphereShape13 tranform: pSphere13 2.833129777 -0.7648374875 -4.016888231 0 1.126087865 4.559735582 -0.07396363243 0 3.493826846 -0.820341646 2.620409708 0 -138.5426437 46.54816161 -25.01183497 1


mesh: pSphereShape14 tranform: pSphere14 2.835083663 -0.6059845259 -4.111477456 0 1.072236231 5.380797597 -0.0537034829 0 3.481955366 -0.6689049901 2.499583412 0 -139.2682408 42.21882588 -24.82244815 1


mesh: pSphereShape15 tranform: pSphere15 1.188878543 -0.2471919765 -3.224878046 0 -1.599220577 8.389545139 -1.232638015 0 3.92943611 0.951158837 1.375712005 0 -140.2389099 29.1868438 -20.33864026 1


mesh: pSphereShape16 tranform: pSphere16 0.787884139 -0.1337038779 -2.130594179 0 0.1164628677 8.222048947 -0.4729012181 0 1.772676568 0.012548758 0.654740329 0 -138.3698065 13.43719834 -17.6356556 1


mesh: pSphereShape17 tranform: pSphere17 0.8649580779 0.1084459716 -2.398009501 0 -0.04811515026 2.360091556 0.08937614047 0 5.946528895 0.03993639349 2.146709236 0 -134.2608072 2.864089135 -15.28405079 1


mesh: pSphereShape18 tranform: pSphere18 1.035446019 -0.0642611604 -2.71112885 0 0.4167149755 8.123696869 -0.03340022927 0 3.094345121 -0.1538542845 1.185452396 0 -138.5911505 28.31242547 -28.59968357 1


mesh: pSphereShape19 tranform: pSphere19 0.6852360211 -0.01689143336 -1.839435454 0 2.647407337 9.360579109 0.9002682144 0 2.051725202 -0.6543670404 0.7703283132 0 -140.7703938 12.07306202 -29.58799869 1


mesh: pSphereShape20 tranform: pSphere20 -0.1161104539 0.2464905947 -2.606533049 0 -0.0903682366 1.849969286 0.178970578 0 5.933956672 0.312577564 -0.2347743003 0 -138.1434211 2.885368813 -29.83754288 1


mesh: pSphereShape21 tranform: pSphere21 3.378777866 -0.7221963606 -4.899950294 0 -1.207369362 2.814441963 -1.247362167 0 4.454691453 3.071765561 2.619005134 0 -140.9011387 38.51746461 -25.51798928 1


