mesh: pSphereShape1 tranform: pSphere1 -2.947120147 1.550843779 -0.1556798731 0 0.6191290923 1.304555205 1.275139161 0 1.170460461 1.965373178 -2.579015712 0 79.03989561 34.05002538 -13.0945232 1


mesh: pSphereShape2 tranform: pSphere2 -4.402927683 3.892897971 -0.5065869489 0 1.932856758 2.320362439 1.031818336 0 0.8280830216 0.5683827311 -2.829393221 0 72.22806554 38.19984681 -13.82948109 1


mesh: pSphereShape3 tranform: pSphere3 -1.294402262 6.139969337 -2.255615044 0 2.49041182 1.039158917 1.399533667 0 1.633646173 -0.5684733473 -2.484911705 0 67.13217504 46.53726055 -15.84634411 1


mesh: pSphereShape4 tranform: pSphere4 -1.346338468 -0.2237075863 -3.8704499 0 0.7924156984 3.249168089 -0.4634405133 0 3.581475425 -1.04256033 -1.185559716 0 65.5060058 52.39720469 -20.80990494 1


mesh: pSphereShape5 tranform: pSphere5 -1.134928935 -0.2654766484 -4.077992591 0 0.7269182211 3.034368609 -0.3998424457 0 3.75234597 -1.027710666 -0.9773958006 0 63.80146936 52.40436114 -27.310435 1


mesh: pSphereShape6 tranform: pSphere6 -3.440506359 -4.344250539 -2.429189571 0 0.9311761781 0.4855553943 -2.187186998 0 1.733428322 -1.588316972 0.3853860175 0 59.91558795 46.81366724 -31.08540688 1


mesh: pSphereShape7 tranform: pSphere7 -2.236156539 -4.433656983 -2.815812792 0 1.115431176 0.6348212492 -1.885373345 0 2.250052541 -1.631404259 0.7818762615 0 55.5041754 37.97131811 -35.28384126 1


mesh: pSphereShape8 tranform: pSphere8 -3.721800141 -2.048124876 -0.6574183206 0 0.3749170779 -0.4152363427 -0.8288642617 0 0.8657962594 -2.024566685 1.405870085 0 51.29482613 31.76944705 -37.92758657 1


mesh: pSphereShape10 tranform: pSphere10 -0.396580549 -0.4181937197 -4.126205499 0 0.2018018788 3.489019326 -0.3730101834 0 5.036778735 -0.3394002364 -0.4496997131 0 66.21384341 62.01765872 -25.0745873 1


mesh: pSphereShape11 tranform: pSphere11 -0.1350732191 -0.113084053 -0.9843613272 0 2.701182173 2.715848276 -0.6826522775 0 1.840295616 -1.840679796 -0.04106532871 0 67.31810216 57.60671915 -24.25805746 1


mesh: pSphereShape12 tranform: pSphere12 -1.479938466 -0.4908192294 -7.013871521 0 0.5819954667 3.699385698 -0.3816789497 0 5.724139551 -1.017799129 -1.136578977 0 64.14463822 48.22880626 -22.78843162 1


mesh: pSphereShape13 tranform: pSphere13 -0.7691305274 -0.1314883781 -4.913058194 0 1.001977673 4.580685649 -0.2794509018 0 4.286704887 -0.9770171247 -0.6449280811 0 64.19386522 43.01604387 -22.70438649 1


mesh: pSphereShape14 tranform: pSphere14 -0.5449738698 0.08410367147 -5.000509329 0 1.115953325 5.372078545 -0.03126758952 0 4.221378772 -0.87967986 -0.4748567146 0 63.53502393 38.65923705 -22.57858858 1


mesh: pSphereShape15 tranform: pSphere15 -0.2463810628 0.3784378986 -3.416204853 0 1.912082768 8.377410852 0.7901249748 0 4.153196969 -0.9101763622 -0.4003607429 0 61.42370528 25.1358322 -19.17917619 1


mesh: pSphereShape16 tranform: pSphere16 0.02755968385 0.4189216708 -2.236473742 0 7.234155951 3.853395266 0.81093813 0 0.9031966046 -1.633560309 -0.2948579224 0 53.87043884 12.73594574 -19.92876318 1


mesh: pSphereShape17 tranform: pSphere17 0.1631059103 -0.03710192911 -2.546052332 0 2.188906269 0.8790846482 0.1274160037 0 2.34272013 -5.867480248 0.2355828779 0 46.17730808 3.587812437 -20.44345208 1


mesh: pSphereShape18 tranform: pSphere18 0.09847763922 0.03103253112 -2.901006159 0 -4.635464265 6.683884902 -0.0858570088 0 2.723582244 1.890329108 0.1126759575 0 67.22786669 26.4603485 -26.3601298 1


mesh: pSphereShape19 tranform: pSphere19 0.04197752161 -0.02186433418 -1.96242614 0 0.1070325416 9.768156557 -0.1065422408 0 2.286516595 -0.02451758374 0.0491831812 0 72.48516839 11.64409908 -26.60346847 1


mesh: pSphereShape20 tranform: pSphere20 -0.4154359503 0.06650365296 -2.586743904 0 -0.1680489466 1.851696083 0.07459498687 0 5.847014955 0.5678812163 -0.9244417413 0 77.50740181 2.49631762 -26.62169783 1


mesh: pSphereShape21 tranform: pSphere21 -0.6494854713 0.1002325354 -5.95947501 0 -1.548810502 2.913500829 0.2177972878 0 5.271343697 2.841607474 -0.526697338 0 61.61308695 35.03246571 -22.52477135 1


