mesh: pSphereShape1 tranform: pSphere1 -0.5783133464 3.224776205 0.6174479003 0 -1.509432262 -0.04164468767 -1.196262915 0 -2.056816638 -0.8715839283 2.625611973 0 136.8418405 30.70211198 -30.45011434 1


mesh: pSphereShape2 tranform: pSphere2 -1.535914292 5.660276977 0.6318931623 0 -2.11031979 -0.307592573 -2.37415319 0 -2.112220215 -0.7942344868 1.98039485 0 135.6374421 38.45987373 -28.84895104 1


mesh: pSphereShape3 tranform: pSphere3 -2.062284162 6.171609145 1.456270751 0 -1.951891913 -0.1028832974 -2.32813869 0 -2.123798117 -1.141736189 1.831029213 0 133.00906 48.76215771 -27.18548074 1


mesh: pSphereShape4 tranform: pSphere4 -0.2639962975 0.2872598594 4.085442756 0 -0.5322366288 3.323350284 -0.2680673062 0 -3.856861976 -0.634185018 -0.2046342177 0 130.7258501 55.12089788 -23.03175512 1


mesh: pSphereShape5 tranform: pSphere5 -0.6940222097 0.2740627305 4.175139267 0 -0.4991888098 3.092684692 -0.2859875218 0 -3.905829779 -0.6863103919 -0.6042051181 0 129.652271 55.99342574 -16.46736962 1


mesh: pSphereShape6 tranform: pSphere6 -1.110242874 -5.465591629 2.34632215 0 -1.337215101 1.021878385 1.747644249 0 -1.939269598 -0.1942955593 -1.37022976 0 128.3519008 49.65341351 -12.54118554 1


mesh: pSphereShape7 tranform: pSphere7 -3.17991741 -4.410650967 1.738043528 0 -1.131479107 1.376687094 1.423483422 0 -1.92287607 0.5676890076 -2.077456038 0 123.6825703 40.51179843 -9.862145228 1


mesh: pSphereShape8 tranform: pSphere8 0.02430012469 -4.290757621 0.2600369011 0 -0.6887007491 0.03997344609 0.7239429548 0 -1.894094904 -0.119528554 -1.795288707 0 120.2787928 33.51200909 -8.293972578 1


mesh: pSphereShape10 tranform: pSphere10 -0.2291785881 0.08091341551 4.159166278 0 -0.2207724361 3.506838145 -0.08038788179 0 -5.050493877 -0.3241878146 -0.2719857387 0 128.8380257 65.19251457 -20.20208083 1


mesh: pSphereShape11 tranform: pSphere11 -0.0893123045 0.0393854471 0.9952246474 0 -2.730805949 2.748767573 -0.3538457505 0 -1.839629576 -1.839489445 -0.0922931751 0 127.850457 60.69503766 -20.87148906 1


mesh: pSphereShape12 tranform: pSphere12 -0.9858235433 0.4615439374 7.102157716 0 -0.3859628278 3.7327175 -0.2961500516 0 -5.83643125 -0.6643365725 -0.7669599909 0 130.8556545 51.22868086 -20.20521658 1


mesh: pSphereShape13 tranform: pSphere13 -0.682394846 0.4699426522 4.905148617 0 -0.7229901751 4.609558839 -0.5422043822 0 -4.348215276 -0.7447604316 -0.5335628347 0 130.4524045 46.05480378 -19.65959243 1


mesh: pSphereShape14 tranform: pSphere14 -0.7446735354 0.4580363179 4.954273665 0 -0.757381082 5.399638629 -0.6130529818 0 -4.248345562 -0.6614519049 -0.5774128979 0 130.8399168 41.6826104 -19.20421794 1


mesh: pSphereShape15 tranform: pSphere15 -0.4424219271 0.3597000949 3.398419214 0 -0.9514618306 8.514999483 -1.025121823 0 -4.208965952 -0.5295271589 -0.4918957178 0 132.8303776 28.06792063 -22.08897895 1


mesh: pSphereShape16 tranform: pSphere16 -0.3260536389 0.3033093643 2.231538069 0 -3.542069552 7.281568951 -1.507244157 0 -1.684469764 -0.8465277325 -0.1310610434 0 136.3772447 12.63324397 -20.61619171 1


mesh: pSphereShape17 tranform: pSphere17 -0.5752575017 0.2620824071 2.47199397 0 -0.7584429533 2.19937823 -0.4096767028 0 -5.81541895 -2.213774665 -1.118599809 0 136.6294956 1.510598342 -19.80497286 1


mesh: pSphereShape18 tranform: pSphere18 -0.4902257113 0.5105755989 2.815224486 0 4.116373121 6.99430576 -0.551703752 0 -2.805750579 1.589989888 -0.7769402133 0 126.4523704 29.12360549 -14.52295677 1


mesh: pSphereShape19 tranform: pSphere19 -0.2865530832 0.2582019127 1.924727414 0 -4.115612837 8.680042029 -1.777158146 0 -2.047265405 -1.005491522 -0.1699099713 0 124.7619131 14.84964365 -12.17951837 1


mesh: pSphereShape20 tranform: pSphere20 0.406114682 0.7194888896 2.48709879 0 -0.4049519816 1.761251353 -0.4433856185 0 -5.730671245 -1.008589308 1.227526041 0 123.7372115 5.131261202 -10.10456726 1


mesh: pSphereShape21 tranform: pSphere21 -0.8874822609 0.545875592 5.904372567 0 1.727750496 2.819505983 -0.0009741223811 0 -5.047927821 3.092932656 -1.044700816 0 132.4872073 37.98564938 -18.51929349 1


