mesh: pSphereShape1 tranform: pSphere1 0.3170099679 3.105842387 1.169665575 0 -1.202318761 0.6364144943 -1.36402756 0 -2.673480511 -0.522743266 2.11263648 0 115.4120337 31.5188716 -30.07395478 1


mesh: pSphereShape2 tranform: pSphere2 -0.06672261522 5.635188943 1.742771013 0 -2.312615919 0.6247346148 -2.108596797 0 -2.068698608 -0.6652204074 2.071765984 0 116.253144 38.91910233 -27.11629799 1


mesh: pSphereShape3 tranform: pSphere3 -0.9485409857 6.067946972 2.59668817 0 -2.099580367 0.5792693149 -2.120590982 0 -2.146693182 -1.114798565 1.820901009 0 115.8470965 49.01915167 -23.5546858 1


mesh: pSphereShape4 tranform: pSphere4 -0.02177289376 -0.1784475816 4.1000899 0 -0.5249516679 3.332264394 0.1422419555 0 -3.866353886 -0.6070857188 -0.04695377307 0 114.6606828 54.94835045 -18.30797717 1


mesh: pSphereShape5 tranform: pSphere5 -0.8058916773 -0.1972446174 4.159350703 0 -0.4285342476 3.115741661 0.06472430613 0 -3.900255798 -0.5202244072 -0.7803610185 0 113.6509773 55.08415296 -11.72081323 1


mesh: pSphereShape6 tranform: pSphere6 -1.789956904 -5.414591131 2.022082067 0 -1.105640073 1.066774202 1.877815995 0 -2.000151107 0.1826573938 -1.28143621 0 111.6329314 48.63650157 -8.236260021 1


mesh: pSphereShape7 tranform: pSphere7 -4.133722682 -3.692475006 1.365458569 0 -0.7881803509 1.460794285 1.564183227 0 -1.723105165 1.195178851 -1.984440195 0 105.4286543 40.41842067 -6.173473228 1


mesh: pSphereShape8 tranform: pSphere8 -1.226791347 -4.115795964 -0.1844375675 0 -0.5281323198 0.119747396 0.8406764027 0 -2.08936444 0.6859733103 -1.410298187 0 100.3985188 34.38144526 -5.002182437 1


mesh: pSphereShape10 tranform: pSphere10 0.3132910703 -0.1154596672 4.152860665 0 0.1715789683 3.509489298 0.08462848525 0 -5.047781673 0.2374441348 0.3874052788 0 114.0942588 64.84691847 -14.81247685 1


mesh: pSphereShape11 tranform: pSphere11 0.01419655923 -0.00757674997 0.9998705169 0 -2.421001058 3.045272471 0.05745059192 0 -2.037494292 -1.620128433 0.01665225653 0 112.5292372 60.52772276 -15.5798966 1


mesh: pSphereShape12 tranform: pSphere12 -0.6718708981 -0.3385441051 7.145592521 0 -0.3263498889 3.747236651 0.1468513469 0 -5.875616831 -0.4891535382 -0.5756353993 0 114.8862503 50.75968213 -15.95252138 1


mesh: pSphereShape13 tranform: pSphere13 -0.5033664693 -0.378087072 4.934639211 0 -0.8551929666 4.611137317 0.2660652352 0 -4.346222091 -0.7770446515 -0.5028803322 0 114.5119822 45.53752191 -16.12269641 1


mesh: pSphereShape14 tranform: pSphere14 -0.528631122 -0.1598461152 5.000416168 0 -0.862310711 5.418048344 0.08203511217 0 -4.25990016 -0.6708419607 -0.4717901878 0 114.9974666 41.16221031 -16.28871867 1


mesh: pSphereShape15 tranform: pSphere15 0.4428227637 -0.1237515025 3.415108788 0 3.215550797 8.006592364 -0.12681624 0 -3.924801794 1.585221529 0.5663553471 0 112.2583013 28.38702503 -19.95259131 1


mesh: pSphereShape16 tranform: pSphere16 0.2210758954 0.1828691018 2.257377691 0 -4.138281744 7.119305953 -0.1714497067 0 -1.62357487 -0.9380858019 0.2349984135 0 111.7128942 14.07289277 -20.42874871 1


mesh: pSphereShape17 tranform: pSphere17 -0.02192449993 0.009430356054 2.55142959 0 -1.118955042 2.080378687 -0.01730451103 0 -5.567753292 -2.994984526 -0.03677406446 0 112.945006 2.662471971 -20.56266955 1


mesh: pSphereShape18 tranform: pSphere18 -0.0705175944 -0.3242719569 2.883812158 0 0.08132627655 8.082877882 0.9108726289 0 -3.316073973 0.04197090027 -0.07636821032 0 115.2389146 27.48094866 -13.08189531 1


mesh: pSphereShape19 tranform: pSphere19 -0.02288309929 -0.2110133132 1.951488217 0 -3.449334884 9.091385194 0.942599511 0 -2.139702502 -0.8002452015 -0.1116201544 0 117.6003303 11.46570983 -14.39942767 1


mesh: pSphereShape20 tranform: pSphere20 0.499236657 0.1261855158 2.569648568 0 -0.1474528081 1.853900845 -0.06239047213 0 -5.818872689 -0.424066524 1.151326932 0 115.7747623 1.960932657 -14.9939415 1


mesh: pSphereShape21 tranform: pSphere21 -0.630008616 -0.1905003803 5.959363983 0 1.68489791 2.832608549 0.2686718266 0 -5.133975115 3.095894283 -0.4437855324 0 116.7272234 37.44293754 -16.13010006 1


