mesh: pSphereShape1 tranform: pSphere1 -0.08964271058 3.209973119 -0.8960505387 0 1.244914902 0.427425819 1.406648162 0 2.629172252 -0.5310684982 -2.165504787 0 -8.971200203 35.4270825 -6.339896534 1


mesh: pSphereShape2 tranform: pSphere2 0.3816767883 5.724334318 -1.372361677 0 2.611725099 0.2610689966 1.815323983 0 1.714433085 -0.6821333826 -2.36847201 0 -9.389008693 43.08460922 -8.658570675 1


mesh: pSphereShape3 tranform: pSphere3 1.30612056 6.120962311 -2.300080297 0 2.392721472 0.1903553593 1.865300396 0 1.77080056 -1.185948011 -2.150474514 0 -8.373003886 53.33232652 -11.5830904 1


mesh: pSphereShape4 tranform: pSphere4 -0.1498902646 -0.3139527857 -4.08925682 0 0.6758625292 3.29633168 -0.2778494423 0 3.8321227 -0.7924300429 -0.07962626959 0 -6.941624007 59.15083395 -16.61810818 1


mesh: pSphereShape5 tranform: pSphere5 0.279632369 -0.3458504003 -4.217909239 0 0.6302527382 3.074771183 -0.2103344875 0 3.921188261 -0.7815805542 0.3240470653 0 -6.51318102 59.03691875 -23.30676029 1


mesh: pSphereShape6 tranform: pSphere6 1.396975775 -5.62328214 -1.742904296 0 1.008666379 0.8780379412 -2.024421298 0 2.095822634 0.1736575259 1.119561292 0 -5.150381279 52.34368827 -26.50142056 1


mesh: pSphereShape7 tranform: pSphere7 4.677854722 -3.116746176 -0.9950278675 0 0.5634170563 1.393309045 -1.71553738 0 1.493127753 1.655261314 1.834727847 0 1.245376113 44.56929541 -28.01939469 1


mesh: pSphereShape8 tranform: pSphere8 2.290751557 -3.610906894 0.438884208 0 0.4890211203 0.2072505224 -0.8472930809 0 1.804077017 1.310005078 1.361666968 0 7.381767326 39.6132823 -28.66806115 1


mesh: pSphereShape10 tranform: pSphere10 0.2066345071 -0.3939266309 -4.142445887 0 -0.3196533902 3.482875998 -0.3471497439 0 5.040923662 0.4831325444 0.2055090215 0 -6.827746172 68.89060147 -20.83509561 1


mesh: pSphereShape11 tranform: pSphere11 0.02859360251 -0.1107959238 -0.9934317637 0 2.283836186 3.13713011 -0.2841444524 0 2.106202163 -1.512548779 0.2293143375 0 -5.144724856 64.707356 -19.83671958 1


mesh: pSphereShape12 tranform: pSphere12 0.002910025748 -0.5894386592 -7.160870666 0 0.464411302 3.722952855 -0.3062617652 0 5.878719259 -0.7282000338 0.06232991724 0 -7.434354615 54.90178632 -18.81460432 1


mesh: pSphereShape13 tranform: pSphere13 0.02132385836 -0.4693847967 -4.952394874 0 0.9275559246 4.584649559 -0.430536293 0 4.356146342 -0.8718047253 0.1013856415 0 -7.212937172 49.68439884 -18.54082077 1


mesh: pSphereShape14 tranform: pSphere14 -0.03431622851 -0.3312480961 -5.019786907 0 1.058526426 5.371615359 -0.3617010103 0 4.256531872 -0.8370290538 0.02613580268 0 -7.822968807 45.31609194 -18.21552609 1


mesh: pSphereShape15 tranform: pSphere15 -0.4251031347 0.01817259508 -3.419551367 0 -3.02864709 8.069248985 0.4193902685 0 3.964030517 1.513021694 -0.4847496324 0 -4.921096566 32.78767892 -14.36199444 1


mesh: pSphereShape16 tranform: pSphere16 -0.2509060649 0.1963197307 -2.253125476 0 2.409673138 7.865043444 0.4169592933 0 1.795031162 -0.5368801786 -0.2466726258 0 -3.095703509 17.71476093 -14.39322571 1


mesh: pSphereShape17 tranform: pSphere17 0.4246467891 -0.1734251171 -2.509972391 0 0.9195663014 2.175937906 0.005230571871 0 5.727748651 -2.423317811 1.136480329 0 -2.152513253 5.843843775 -13.75169181 1


mesh: pSphereShape18 tranform: pSphere18 -0.2138855559 -0.196011752 -2.888309187 0 -0.7342534803 8.086140893 -0.4943835086 0 3.294623409 0.283073801 -0.2631844798 0 -8.061962644 31.41613637 -21.46286562 1


mesh: pSphereShape19 tranform: pSphere19 -0.182027149 -0.1499338684 -1.948779738 0 4.353827268 8.679255506 -1.074430874 0 2.036468323 -1.035253443 -0.1105681494 0 -10.42139865 15.74458717 -20.52907301 1


mesh: pSphereShape20 tranform: pSphere20 -0.7542451544 0.05608486177 -2.509227475 0 1.048781959 1.511095796 -0.281476717 0 4.604490494 -3.468016525 -1.461572499 0 -10.59915878 4.445233401 -20.0021125 1


mesh: pSphereShape21 tranform: pSphere21 -0.04089717523 -0.3947727364 -5.982449518 0 -1.592549444 2.892426358 -0.1799798379 0 5.268335806 2.886614571 -0.2264986577 0 -9.703340775 41.6706719 -18.0563961 1


