mesh: pSphereShape1 tranform: pSphere1 1.319676627 3.039658114 -0.3657895091 0 0.3155799799 0.09141925581 1.898214106 0 3.114967458 -1.406540192 -0.4501265202 0 32.38867215 32.67435037 6.259615885 1


mesh: pSphereShape2 tranform: pSphere2 2.284906233 5.43766537 -0.08975498866 0 -0.1671941165 0.1228203411 3.184592198 0 2.763520825 -1.15809899 0.1897519362 0 35.42377924 39.98740534 5.047470792 1


mesh: pSphereShape3 tranform: pSphere3 3.247209139 5.806191998 -0.4541664919 0 -0.2060007266 0.3508503716 3.012501367 0 2.636425492 -1.447178868 0.3488293223 0 39.77492329 49.81036063 4.3294298 1


mesh: pSphereShape4 tranform: pSphere4 2.841591658 -0.4243608963 -2.930585175 0 0.5004648793 3.339060472 0.001757372941 0 2.763810152 -0.4156873642 2.740074372 0 44.88233188 55.36164734 1.895470256 1


mesh: pSphereShape5 tranform: pSphere5 3.216927529 -0.438236324 -2.729082503 0 0.4139183658 3.118362347 -0.01283737885 0 2.5604054 -0.3272165657 3.07064253 0 49.95438427 55.11416751 -2.492914832 1


mesh: pSphereShape6 tranform: pSphere6 2.516769755 -5.499843982 0.1677644197 0 2.122464013 0.9501437036 -0.6921080395 0 0.5918778189 0.3404719288 2.282500043 0 53.5379294 48.49741815 -3.246019238 1


mesh: pSphereShape7 tranform: pSphere7 3.67551902 -4.021418738 1.70448328 0 1.743534442 1.31347097 -0.6608320793 0 0.0928466982 1.197630139 2.625377748 0 59.08573517 39.969362 -0.2534062288 1


mesh: pSphereShape8 tranform: pSphere8 0.4296093598 -4.218798001 0.7042654836 0 0.9851584844 0.07450710416 -0.1546332828 0 0.3645750278 0.4620256934 2.545301835 0 63.01578407 33.5215689 2.218734226 1


mesh: pSphereShape10 tranform: pSphere10 2.562226804 -0.311773903 -3.270401317 0 0.36322578 3.495542199 -0.04866436558 0 3.961957591 -0.3679893015 3.139114255 0 48.75800745 64.90950297 0.09499488877 1


mesh: pSphereShape11 tranform: pSphere11 0.6658825762 -0.04079570041 -0.7449403369 0 2.087086699 2.801937082 1.712147429 0 1.349778107 -1.803009702 1.305270662 0 48.8047336 60.54172507 1.560954054 1


mesh: pSphereShape12 tranform: pSphere12 5.248529052 -0.7554191488 -4.848484278 0 0.4061568326 3.739578347 -0.1429772928 0 3.994905639 -0.2669559948 4.366115421 0 46.28280148 51.03107432 0.3331867729 1


mesh: pSphereShape13 tranform: pSphere13 3.721616398 -0.5800584156 -3.24963004 0 0.571984555 4.65901162 -0.1765714227 0 2.898601338 -0.2285047172 3.360391251 0 46.51951843 45.91330069 1.187472516 1


mesh: pSphereShape14 tranform: pSphere14 3.800718065 -0.2607901055 -3.285680174 0 0.3175110046 5.477243261 -0.06745666815 0 2.831078338 -0.123661757 3.284671598 0 46.31474773 41.52698652 1.482481393 1


mesh: pSphereShape15 tranform: pSphere15 2.347400042 -0.5656407868 -2.458482868 0 -0.5649447536 8.25782945 -2.439356631 0 3.113900745 1.02186361 2.738096365 0 43.9815352 28.27141109 6.53194664 1


mesh: pSphereShape16 tranform: pSphere16 1.665585731 -0.0948216059 -1.547547329 0 4.045342578 5.96376296 3.988486284 0 0.8924355529 -1.301045126 1.040223508 0 40.99595899 14.71002913 6.707457152 1


mesh: pSphereShape17 tranform: pSphere17 2.231890221 -0.8399334045 -0.9074913164 0 1.125795421 1.694966509 1.200003549 0 0.5561816733 -3.880910765 4.959874489 0 35.99054791 4.230244721 5.30275227 1


mesh: pSphereShape18 tranform: pSphere18 1.786766594 -0.4759041609 -2.237739476 0 0.9631419174 8.022674808 -0.937157583 0 2.5846908 -0.06754106344 2.078160707 0 48.04995504 27.79584856 -0.6151888022 1


mesh: pSphereShape19 tranform: pSphere19 1.198269338 -0.2945264689 -1.526683094 0 2.815480887 9.34597583 0.406808172 0 1.687434395 -0.5707834379 1.434555563 0 45.21629492 11.62430406 -0.1029177674 1


mesh: pSphereShape20 tranform: pSphere20 1.017801121 0.1790558217 -2.408375735 0 -0.05613010995 1.856439655 0.1142998723 0 5.477091906 0.02298388648 2.316376801 0 46.97210971 2.264541843 2.148990827 1


mesh: pSphereShape21 tranform: pSphere21 4.529595455 -0.3108027632 -3.915786893 0 -1.237900667 2.592347546 -1.637703529 0 3.232310624 3.719095935 3.443791653 0 45.41329216 37.61942062 0.6058315425 1


