mesh: pSphereShape1 tranform: pSphere1 -0.6667275167 3.083530203 -1.078047178 0 1.400678525 0.6960439767 1.124627692 0 2.264123731 -0.4080268498 -2.567342844 0 89.42384469 31.98252554 20.40283347 1


mesh: pSphereShape2 tranform: pSphere2 -0.556625112 5.63441497 -1.655473819 0 2.538270266 0.7718965601 1.773704016 0 1.797658228 -0.512704938 -2.349426517 0 87.69104627 39.32023823 17.68867454 1


mesh: pSphereShape3 tranform: pSphere3 0.2707716141 6.129430562 -2.61137198 0 2.333565263 0.6754091232 1.827291014 0 1.936409911 -0.9841256051 -2.109161301 0 87.00596946 49.43827518 14.25404911 1


mesh: pSphereShape4 tranform: pSphere4 -0.621972334 -0.329386954 -4.043230075 0 0.3382964609 3.343664105 -0.3244362427 0 3.848869952 -0.4433552787 -0.5559552982 0 87.08218904 55.3023774 8.944759429 1


mesh: pSphereShape5 tranform: pSphere5 -0.156785393 -0.3243824555 -4.22596255 0 0.3206163787 3.119249413 -0.2513268247 0 3.987787042 -0.4192181443 -0.115770015 0 86.74829729 55.22088778 2.254862518 1


mesh: pSphereShape6 tranform: pSphere6 1.209449469 -5.540148478 -2.110579434 0 0.7192301607 0.9603807811 -2.108795109 0 2.224966408 0.1675604016 0.8351616186 0 87.88672275 48.59520823 -1.300989314 1


mesh: pSphereShape7 tranform: pSphere7 3.094236192 -4.279612816 -2.167285979 0 0.57047339 1.311991576 -1.776247616 0 2.316240765 0.9446147843 1.441623532 0 92.81367315 39.69490654 -4.382541937 1


mesh: pSphereShape8 tranform: pSphere8 0.360962912 -4.277041267 -0.2354451527 0 0.5057650972 0.08991448006 -0.857972641 0 2.242991765 0.1158437799 1.334358378 0 96.46118156 32.9286954 -6.391854567 1


mesh: pSphereShape10 tranform: pSphere10 -1.217154258 -0.2066195877 -3.979142847 0 -0.03763784193 3.510347476 -0.1707642864 0 4.846781967 -0.02010230154 -1.481506949 0 87.41389523 65.04004527 5.125571397 1


mesh: pSphereShape11 tranform: pSphere11 -0.21376974 -0.01042799868 -0.9768284164 0 2.483346434 2.93952095 -0.574837538 0 1.92515163 -1.705221398 -0.4030975248 0 88.92973109 60.6835603 5.769337341 1


mesh: pSphereShape12 tranform: pSphere12 -0.5941336636 -0.5807838767 -7.136890805 0 0.1124417559 3.749441331 -0.314481553 0 5.901036568 -0.2166900932 -0.4736172172 0 86.68880363 51.02370135 6.78226119 1


mesh: pSphereShape13 tranform: pSphere13 -0.3391012731 -0.539070581 -4.933700945 0 0.2472655389 4.661181442 -0.5262892657 0 4.427173347 -0.2659279425 -0.2752307452 0 87.5062447 45.89093516 7.021892338 1


mesh: pSphereShape14 tranform: pSphere14 -0.360468378 -0.2753177309 -5.010331944 0 0.2394345262 5.472398579 -0.3179344108 0 4.322835702 -0.2065469607 -0.2996566994 0 87.55181536 41.49139555 7.35266686 1


mesh: pSphereShape15 tranform: pSphere15 -0.8871044443 -0.3012478706 -3.31612272 0 -2.854477664 8.14326465 0.02384673099 0 3.877291004 1.362515783 -1.160999572 0 90.81126229 28.45271509 11.18590368 1


mesh: pSphereShape16 tranform: pSphere16 -0.4745364048 0.09400214546 -2.223521643 0 5.222123115 6.312707444 -0.8476101374 0 1.407241855 -1.211327855 -0.3515391497 0 90.15104569 14.69922191 12.5318442 1


mesh: pSphereShape17 tranform: pSphere17 0.2952527765 -0.5528793518 -2.473360627 0 1.508968664 1.803770297 -0.2230730768 0 4.808971765 -3.845703885 1.433706229 0 86.94045766 3.764696503 14.92938159 1


mesh: pSphereShape18 tranform: pSphere18 -0.5336053326 -0.4439121718 -2.818635296 0 -0.5157391878 8.03367511 -1.167602276 0 3.253902147 0.1166907372 -0.6343850085 0 87.27121469 27.75008029 4.566346728 1


mesh: pSphereShape19 tranform: pSphere19 -0.382425448 -0.2846881588 -1.904221611 0 2.369934311 9.29216084 -1.865167022 0 2.173656538 -0.623302653 -0.3433501053 0 86.12540492 11.62223165 6.848525512 1


mesh: pSphereShape20 tranform: pSphere20 -0.7761712923 0.06162644704 -2.502401665 0 0.0960418723 1.858252955 0.01597368788 0 5.671726486 -0.2779562033 -1.76604771 0 88.9079751 2.1042893 7.70274833 1


mesh: pSphereShape21 tranform: pSphere21 -0.4295966969 -0.3281164035 -5.971181344 0 -2.003605042 2.630646951 -0.0004046617305 0 4.762982535 3.62759301 -0.5420090516 0 86.23639901 37.60883264 7.566193096 1


