mesh: pSphereShape1 tranform: pSphere1 0.9010070054 3.100095531 0.8321441515 0 -1.481985054 0.7020797316 -1.010924996 0 -1.99574972 -0.1730353293 2.805536186 0 134.108605 31.6809313 -26.51781017 1


mesh: pSphereShape2 tranform: pSphere2 0.8702381746 5.690372077 1.288180219 0 -2.690404093 0.7598786573 -1.539147952 0 -1.55293574 -0.3391131263 2.547084469 0 136.3419669 39.07902639 -24.39554847 1


mesh: pSphereShape3 tranform: pSphere3 -0.01045957923 6.257030047 2.304770161 0 -2.499082254 0.5945252879 -1.625368986 0 -1.723743684 -0.8628722394 2.334717789 0 137.4921879 49.32745629 -21.58508408 1


mesh: pSphereShape4 tranform: pSphere4 0.9146177728 -0.2847495431 3.990669971 0 -0.4775955308 3.324382273 0.3466670269 0 -3.775191395 -0.6279151456 0.8204283038 0 137.8002687 55.29418677 -16.54852317 1


mesh: pSphereShape5 tranform: pSphere5 0.1894005508 -0.3519401526 4.222420001 0 -0.4140818314 3.105998884 0.2774600934 0 -3.972490548 -0.5414857351 0.1330567129 0 138.3400733 55.20795475 -9.891765689 1


mesh: pSphereShape6 tranform: pSphere6 -0.7873036365 -5.704793068 1.85635335 0 -0.8582550139 0.8084550772 2.120480795 0 -2.206738963 0.01237244939 -0.8978847408 0 137.6514516 48.40055436 -6.596740829 1


mesh: pSphereShape7 tranform: pSphere7 -2.588425432 -4.703143725 1.940877346 0 -0.7529802066 1.162255449 1.812181132 0 -2.390224527 0.7160983897 -1.452438152 0 133.5942102 38.89895471 -3.977868751 1


mesh: pSphereShape8 tranform: pSphere8 0.1633701054 -4.295592591 0.002268904015 0 -0.5508324925 -0.02050857225 0.8343638077 0 -2.178138271 -0.0835996309 -1.440023921 0 130.7503777 31.65762469 -2.380778882 1


mesh: pSphereShape10 tranform: pSphere10 0.6191916469 -0.5134522724 4.087872601 0 -0.1275025796 3.482563955 0.4567360803 0 -5.008531986 -0.2782824747 0.7236909485 0 137.2637373 64.86908755 -12.0275677 1


mesh: pSphereShape11 tranform: pSphere11 0.1340278421 -0.118195062 0.9839036868 0 -2.487811464 2.911159367 0.6886046603 0 -1.970840399 -1.699449314 0.06431622271 0 136.1149285 60.64637909 -13.0281272 1


mesh: pSphereShape12 tranform: pSphere12 0.6983156229 -0.5739754819 7.128002702 0 -0.4103956078 3.726344945 0.3402659063 0 -5.860451214 -0.6927648929 0.5183520168 0 138.6594611 51.05090515 -14.44806219 1


mesh: pSphereShape13 tranform: pSphere13 0.3337498274 -0.5114368281 4.937006705 0 -0.5987725874 4.629870698 0.520097862 0 -4.397339648 -0.5951673841 0.2356125684 0 138.2419719 45.87445756 -14.71345085 1


mesh: pSphereShape14 tranform: pSphere14 0.2728384851 -0.2909415035 5.014985114 0 -0.5302695363 5.450258443 0.3450427636 0 -4.31140799 -0.4327280384 0.2094561508 0 138.4668937 41.50277252 -15.07023674 1


mesh: pSphereShape15 tranform: pSphere15 0.1141948259 0.01045464579 3.444012879 0 0.5348420976 8.612397415 -0.04387781633 0 -4.260007349 0.2652680335 0.1404459075 0 138.0598328 27.89114547 -19.24688203 1


mesh: pSphereShape16 tranform: pSphere16 0.05318205868 0.07832057703 2.273567077 0 -2.277364769 7.912319972 -0.2192952757 0 -1.815557703 -0.5208888206 0.06041229691 0 138.802577 12.01293539 -19.83852517 1


mesh: pSphereShape17 tranform: pSphere17 -0.5336572547 -0.09797905149 2.493185234 0 -0.1415671634 2.35720356 0.06233320456 0 -6.170826965 -0.3353264337 -1.334021034 0 136.9775971 1.477890772 -20.89418358 1


mesh: pSphereShape18 tranform: pSphere18 0.6495605445 -0.0615094719 2.828565941 0 -0.0762124186 8.131767575 0.1943335672 0 -3.232953532 -0.04801741466 0.7413811714 0 139.7275483 27.63681258 -11.35575482 1


mesh: pSphereShape19 tranform: pSphere19 0.4539227696 -0.009918935219 1.90976759 0 -2.043047827 9.53830535 0.5351414308 0 -2.173171127 -0.4943158098 0.5139624189 0 141.3065344 11.25796802 -11.52940198 1


mesh: pSphereShape20 tranform: pSphere20 1.112086676 0.1626367348 2.367502124 0 -0.02948016344 1.857089274 -0.1137259545 0 -5.384034434 0.06911652724 2.52429428 0 138.3331632 1.793344489 -10.49677436 1


mesh: pSphereShape21 tranform: pSphere21 0.3251617039 -0.3467364034 5.976726869 0 1.86357681 2.731037022 0.05705232166 0 -4.955294932 3.371624863 0.4651939569 0 139.9866212 37.69529663 -15.27943494 1


