mesh: pSphereShape1 tranform: pSphere1 -1.375983175 3.022193146 -0.2964602894 0 1.267477024 0.7016330837 1.269794473 0 2.17146892 0.7361337745 -2.574261303 0 44.18919175 34.73759888 -10.25076603 1


mesh: pSphereShape2 tranform: pSphere2 -1.773343313 5.60412743 -0.4960507831 0 2.79486346 0.9889528326 1.181260646 0 1.134019607 0.1129770699 -2.77767567 0 40.79059521 41.94141253 -11.13408004 1


mesh: pSphereShape3 tranform: pSphere3 -0.7143181169 6.420689615 -1.65136138 0 2.672782583 0.63239782 1.302690689 0 1.405329847 -0.5202787127 -2.630799503 0 38.30326434 52.16826453 -12.64567227 1


mesh: pSphereShape4 tranform: pSphere4 -1.088976817 0.1468444963 -3.954190306 0 0.4160623599 3.350610119 0.00984686822 0 3.742756149 -0.4616775554 -1.04789329 0 37.28182619 58.61629984 -17.01607147 1


mesh: pSphereShape5 tranform: pSphere5 -0.8236065742 0.1598957701 -4.157483694 0 0.4108379338 3.118557831 0.03855105503 0 3.900041934 -0.503999985 -0.7919905127 0 36.01385412 59.30062169 -23.57579903 1


mesh: pSphereShape6 tranform: pSphere6 -0.1893972458 -5.450766871 -2.619890822 0 0.6098350953 1.000068108 -2.12475999 0 2.304754053 -0.3245960422 0.5087171083 0 35.52396324 52.9054068 -27.7296595 1


mesh: pSphereShape7 tranform: pSphere7 1.45917153 -4.692754482 -2.904373566 0 0.614714828 1.29089983 -1.776941385 0 2.680557874 0.1790661555 1.057398493 0 37.76710559 43.42169428 -32.11343814 1


mesh: pSphereShape8 tranform: pSphere8 -1.028156116 -4.092618927 -0.8198633832 0 0.6319583818 -0.003509332655 -0.7749943795 0 1.925831413 -0.7991287296 1.574011043 0 39.14577797 36.11716803 -34.8904413 1


mesh: pSphereShape10 tranform: pSphere10 -0.4188920726 -0.1023970514 -4.143884435 0 0.3263732988 3.497475765 -0.1194160699 0 5.020498258 -0.4854154 -0.4955113607 0 38.4928773 68.51318362 -20.42834672 1


mesh: pSphereShape11 tranform: pSphere11 -0.1248498712 0.008962986747 -0.9921351594 0 2.82556313 2.654142452 -0.3315900522 0 1.759823148 -1.903298492 -0.2386498759 0 39.45303566 64.00341716 -19.84227248 1


mesh: pSphereShape12 tranform: pSphere12 -1.506629098 0.2492106296 -7.020931414 0 0.1679698144 3.759275596 0.09739209628 0 5.78624169 -0.226161314 -1.249703406 0 36.52687261 54.62247708 -19.58531959 1


mesh: pSphereShape13 tranform: pSphere13 -1.078833499 0.2115088065 -4.851636228 0 0.4650635367 4.6731559 0.1003140964 0 4.315562579 -0.4084948212 -0.9774380241 0 37.1436558 49.46825224 -20.11886561 1


mesh: pSphereShape14 tranform: pSphere14 -1.085922934 0.3060999193 -4.902676587 0 0.5121330531 5.458167328 0.2273467423 0 4.216462956 -0.3557996194 -0.9561438489 0 36.97002142 45.0582492 -20.32219459 1


mesh: pSphereShape15 tranform: pSphere15 -0.8743755073 0.3642830467 -3.313176694 0 -0.5579050939 8.54223235 1.086452462 0 4.121562734 0.4019068984 -1.043525884 0 38.51660878 31.40161897 -17.60850305 1


mesh: pSphereShape16 tranform: pSphere16 -0.523173325 0.3737766845 -2.182807908 0 3.693200062 7.352537264 0.3738410704 0 1.632306054 -0.7931144691 -0.5270398179 0 36.75524485 16.01639928 -18.41701771 1


mesh: pSphereShape17 tranform: pSphere17 0.02473272553 0.1382494301 -2.547673048 0 1.449504401 1.861726266 0.1150982816 0 4.991771754 -3.876488781 -0.1618976362 0 35.46069518 3.825802332 -18.733198 1


mesh: pSphereShape18 tranform: pSphere18 -0.5575805745 0.1938434037 -2.842186875 0 -3.573154975 7.209664019 1.19269695 0 2.911138043 1.520105942 -0.4674328505 0 39.73734138 32.35578573 -25.64199353 1


mesh: pSphereShape19 tranform: pSphere19 -0.4297916504 0.04104252243 -1.914928501 0 4.800154064 8.461405483 -0.8960066719 0 1.928075015 -1.142213577 -0.4572232691 0 40.15086788 17.9575361 -26.73658173 1


mesh: pSphereShape20 tranform: pSphere20 -1.384628031 0.3540524476 -2.196748932 0 0.8635466219 1.623890799 -0.2825759183 0 4.228093779 -2.79039974 -3.114732377 0 39.47199981 7.218570972 -27.76528287 1


mesh: pSphereShape21 tranform: pSphere21 -1.294174286 0.3648018031 -5.842880531 0 -1.825523141 2.697067493 0.5727380827 0 4.841629634 3.458950587 -0.8564407809 0 35.47308502 41.23602776 -20.32580307 1


