mesh: pSphereShape1 tranform: pSphere1 -1.78878276 2.772398126 0.4784711899 0 -1.372588897 -0.6844400317 -1.165635689 0 -1.558793568 -1.47167434 2.699690484 0 113.9608558 31.85263619 -26.07477932 1


mesh: pSphereShape2 tranform: pSphere2 -3.346891511 4.841992879 0.3879166249 0 -1.630404133 -0.9199045784 -2.584612951 0 -1.938992663 -1.480480844 1.75006581 0 110.0446318 38.70862904 -24.73802283 1


mesh: pSphereShape3 tranform: pSphere3 -3.662095666 5.411739244 1.328395117 0 -1.656715469 -0.5080210843 -2.497579869 0 -1.918097424 -1.694904022 1.61708088 0 104.4266175 47.8086846 -23.3426153 1


mesh: pSphereShape4 tranform: pSphere4 -0.4563375602 0.2441701381 4.071264148 0 -0.415725837 3.341549661 -0.2470038592 0 -3.859765698 -0.5099167364 -0.402049477 0 100.7246816 53.56407043 -19.30243296 1


mesh: pSphereShape5 tranform: pSphere5 -0.9476751689 0.2454208598 4.126771799 0 -0.405086465 3.107153768 -0.2778081244 0 -3.875741524 -0.5817722615 -0.8554301344 0 99.29202335 54.38683191 -12.80748207 1


mesh: pSphereShape6 tranform: pSphere6 -2.674600448 -5.150878786 1.710414832 0 -1.025566127 1.154031083 1.87164806 0 -1.88489318 0.5277223872 -1.358209746 0 96.37599513 48.40005592 -9.501979079 1


mesh: pSphereShape7 tranform: pSphere7 -4.923838004 -2.757461726 0.8594976023 0 -0.577565404 1.527576767 1.592088189 0 -1.264676131 1.628284839 -2.021096125 0 88.72981476 41.45581247 -8.221478007 1


mesh: pSphereShape8 tranform: pSphere8 -2.179948635 -3.677033195 -0.4539399512 0 -0.6009153865 0.2630762943 0.7547791476 0 -1.61409354 1.165727947 -1.691367648 0 82.3705966 36.72670561 -7.842557351 1


mesh: pSphereShape10 tranform: pSphere10 0.8550836303 0.1812155859 4.073539841 0 0.02622473395 3.510880952 -0.161690008 0 -4.960153742 0.08482750163 1.037420614 0 99.67151385 63.7297494 -16.578851 1


mesh: pSphereShape11 tranform: pSphere11 0.0970098637 0.1054855384 0.9896776685 0 -2.474108053 3.001836771 -0.07743681138 0 -1.993139584 -1.633211329 0.3694479398 0 98.24095489 59.35680969 -17.04550486 1


mesh: pSphereShape12 tranform: pSphere12 -0.6949459408 0.4082178996 7.139742529 0 -0.2761908408 3.746391456 -0.2410845697 0 -5.880160247 -0.4686030837 -0.5455520717 0 100.6152939 49.6347279 -16.52379461 1


mesh: pSphereShape13 tranform: pSphere13 -0.3431362755 0.003438030135 4.962785252 0 -0.4542836194 4.675164054 -0.03464879807 0 -4.41222098 -0.4309922882 -0.3047706545 0 99.99498086 44.48136102 -16.21225205 1


mesh: pSphereShape14 tranform: pSphere14 -0.1608320789 -0.04678175429 5.02803222 0 -0.4309912451 5.469773953 0.03710564989 0 -4.322500819 -0.3396323851 -0.1414241915 0 100.1193048 40.0722367 -16.19350762 1


mesh: pSphereShape15 tranform: pSphere15 0.7724837263 0.1431001379 3.355169998 0 3.462521241 7.822628589 -1.13084003 0 -3.792726273 1.793942982 0.7967124879 0 96.73654532 27.52778379 -18.97869146 1


mesh: pSphereShape16 tranform: pSphere16 0.5130672852 0.186240833 2.209105251 0 0.2141029674 8.200261133 -0.7410569014 0 -1.840451237 0.08602580684 0.4201944661 0 92.14483776 12.42967649 -17.85424759 1


mesh: pSphereShape17 tranform: pSphere17 0.2068135773 0.251973002 2.530632395 0 -0.02400388434 2.350721121 -0.2320976882 0 -6.301145231 -0.01336744037 0.5162862148 0 87.27507395 1.814733521 -16.81460354 1


mesh: pSphereShape18 tranform: pSphere18 0.2600051755 -0.1518833561 2.887183117 0 -0.5403208996 8.102576009 0.4749032577 0 -3.296529836 -0.2365000378 0.2844275425 0 101.3656246 26.19601746 -12.62303638 1


mesh: pSphereShape19 tranform: pSphere19 0.2545484448 -0.1454841646 1.940978094 0 -7.977818518 5.447779358 1.45457949 0 -1.286357019 -1.890961882 0.02696329711 0 107.9106552 12.94969942 -13.82243357 1


mesh: pSphereShape20 tranform: pSphere20 0.6652249531 0.1787846757 2.528589644 0 -1.47516502 1.090766632 0.3109655315 0 -3.295551168 -4.800884858 1.206446258 0 112.7402365 3.485082308 -14.922799 1


mesh: pSphereShape21 tranform: pSphere21 -0.1916754258 -0.05575325978 5.992276065 0 1.914893833 2.694525337 0.08632223489 0 -4.897292074 3.484293954 -0.124231559 0 101.5625118 36.2308266 -16.08895914 1


