mesh: pSphereShape1 tranform: pSphere1 0.1315834463 3.236707738 0.7882122986 0 -1.177219235 0.4058146497 -1.469909636 0 -2.725378681 -0.3942353242 2.073856557 0 77.869097 27.25432645 -31.58524251 1


mesh: pSphereShape2 tranform: pSphere2 -0.4978942697 5.770584585 1.117815717 0 -2.468202768 0.1774094047 -2.015233778 0 -1.886291898 -0.6000417453 2.25745414 0 78.19674947 34.99309036 -29.52672048 1


mesh: pSphereShape3 tranform: pSphere3 -1.726677478 6.146133038 1.925132065 0 -2.229761392 0.02070887484 -2.066018405 0 -1.902636767 -1.174024523 2.041662973 0 76.73455611 45.29204766 -27.11328538 1


mesh: pSphereShape4 tranform: pSphere4 0.1727827802 0.319310626 4.087938554 0 -1.112149894 3.181557934 -0.2015061855 0 -3.691901493 -1.274358696 0.2555843889 0 74.8732662 51.56732517 -22.52432273 1


mesh: pSphereShape5 tranform: pSphere5 -0.6593311892 0.1609507216 4.186638551 0 -1.041080631 2.955466261 -0.2775738444 0 -3.733663785 -1.365498826 -0.5354995265 0 74.02434988 52.29848021 -15.96572634 1


mesh: pSphereShape6 tranform: pSphere6 -1.78572019 -5.387661487 2.09639353 0 -1.326065428 1.103377026 1.706091938 0 -1.867115212 0.04327370998 -1.479207594 0 72.31250082 46.08041895 -12.29065806 1


mesh: pSphereShape7 tranform: pSphere7 -4.83686623 -2.98793246 0.5133192772 0 -0.8249599789 1.579923655 1.423059961 0 -1.122740895 1.432457518 -2.241219561 0 65.60309448 38.52437304 -11.03920939 1


mesh: pSphereShape8 tranform: pSphere8 -2.277180845 -3.643059049 -0.1462149365 0 -0.7226656069 0.4299997658 0.5411604401 0 -1.159922749 0.8131369337 -2.195069854 0 59.33978717 33.705115 -11.07581854 1


mesh: pSphereShape10 tranform: pSphere10 -0.005120992817 0.1042994705 4.164952501 0 0.4278511849 3.487481065 -0.08680805018 0 -5.030495317 0.6166129603 -0.02162654571 0 75.03182542 61.8699015 -19.6609716 1


mesh: pSphereShape11 tranform: pSphere11 -0.01048790708 0.04448534873 0.9989549827 0 -2.177324124 3.220224787 -0.1662621425 0 -2.157217295 -1.456402573 0.04220798991 0 73.20021828 57.64871988 -20.20164856 1


mesh: pSphereShape12 tranform: pSphere12 -0.3472030128 0.4084804791 7.165061678 0 -1.010955639 3.617001075 -0.2551940594 0 -5.699154266 -1.605944888 -0.1846133996 0 75.96066238 47.80274349 -19.73251218 1


mesh: pSphereShape13 tranform: pSphere13 -0.08812120551 0.09731932697 4.972902109 0 -1.555444214 4.430831506 -0.1142739485 0 -4.192248086 -1.472862006 -0.04546399889 0 76.48392594 42.62190164 -19.31042345 1


mesh: pSphereShape14 tranform: pSphere14 0.05755890166 0.08543272988 5.029766567 0 -1.634310867 5.237332288 -0.07025583622 0 -4.140922898 -1.291246155 0.06931964997 0 77.60918061 38.37498629 -19.20604093 1


mesh: pSphereShape15 tranform: pSphere15 0.763887927 -0.01313818841 3.360160278 0 4.577677244 7.244404161 -1.012348743 0 -3.494138445 2.320187675 0.8034179958 0 73.95772268 26.80326966 -22.1203739 1


mesh: pSphereShape16 tranform: pSphere16 0.518129891 0.1489824361 2.210749952 0 -0.09902310284 8.218752278 -0.5306538198 0 -1.839988364 0.005649660301 0.4308543667 0 68.49676343 12.42346052 -21.30241548 1


mesh: pSphereShape17 tranform: pSphere17 0.1871961267 0.1708523804 2.53892293 0 -0.03590518851 2.356846396 -0.1559525498 0 -6.304504748 -0.06499795145 0.4692083838 0 63.98473242 1.749487906 -20.57650389 1


mesh: pSphereShape18 tranform: pSphere18 0.3555993943 -0.198589792 2.874127478 0 -1.772857942 7.90192732 0.7653346379 0 -3.211872702 -0.7540505492 0.3452850485 0 81.22922622 24.96405617 -15.95575249 1


mesh: pSphereShape19 tranform: pSphere19 0.3098638452 -0.1577606827 1.93195561 0 -8.184535337 5.047558695 1.724883263 0 -1.195493164 -1.949593627 0.03254261485 0 89.33112591 12.21280304 -17.68502932 1


mesh: pSphereShape20 tranform: pSphere20 0.3866710251 0.05253592994 2.591520651 0 -1.397608508 1.21468173 0.1839075757 0 -3.826869417 -4.503455419 0.6622878882 0 94.02896396 3.303783847 -19.40315535 1


mesh: pSphereShape21 tranform: pSphere21 0.06859717951 0.1018164721 5.994343014 0 1.269848157 3.052509801 -0.06637988185 0 -5.550237044 2.309434201 0.02428826037 0 79.87326957 34.95326785 -19.07973778 1


