mesh: pSphereShape1 tranform: pSphere1 2.284288655 2.427552033 -0.06234003377 0 -0.9867896706 0.8927820865 -1.392964927 0 -1.785151323 1.740929224 2.380418377 0 35.01697318 34.20830787 -26.68755032 1


mesh: pSphereShape2 tranform: pSphere2 3.230038827 4.935245781 0.08517859891 0 -2.557140068 1.688976971 -0.890537839 0 -0.7238848761 0.4240163089 2.882784639 0 40.37191858 40.17183087 -26.5416894 1


mesh: pSphereShape3 tranform: pSphere3 1.237391572 6.323879418 1.714616897 0 -2.71668388 0.8258804506 -1.085470841 0 -1.236837269 -0.4951438028 2.718789093 0 44.46268116 49.63397096 -25.36251175 1


mesh: pSphereShape4 tranform: pSphere4 1.098576249 0.187205547 3.94982773 0 -0.7483734971 3.291961946 0.05212171944 0 -3.670029959 -0.851121397 1.061094985 0 45.79467731 55.99389287 -20.91989131 1


mesh: pSphereShape5 tranform: pSphere5 0.8704033393 0.1616988111 4.147868926 0 -0.7218369714 3.061633007 0.03211935949 0 -3.816620647 -0.9086130682 0.8363140376 0 47.0727124 56.68014543 -14.35604496 1


mesh: pSphereShape6 tranform: pSphere6 0.1675655487 -5.356594719 2.808802863 0 -1.441081245 0.8709002694 1.746842193 0 -1.915534538 -0.7043981308 -1.229063726 0 47.68063099 50.36551426 -10.13492706 1


mesh: pSphereShape7 tranform: pSphere7 -2.261021417 -4.76796453 2.177339749 0 -1.313437479 1.253294458 1.380562337 0 -2.064818175 0.0580287717 -2.017103207 0 45.01104498 40.76653176 -6.577319338 1


mesh: pSphereShape8 tranform: pSphere8 1.142468921 -4.140715356 0.167486576 0 -0.5874241283 -0.1297660441 0.7988076535 0 -1.996949228 -0.6144168047 -1.568320724 0 43.25677836 33.31163775 -4.531346914 1


mesh: pSphereShape10 tranform: pSphere10 0.1739255174 -0.2546795284 4.154831186 0 0.3824306528 3.488228 0.1978096765 0 -5.033655171 0.5380436399 0.2436945655 0 46.49152339 66.10259294 -17.1936264 1


mesh: pSphereShape11 tranform: pSphere11 0.09849029782 -0.07509105382 0.9923008591 0 -2.205505141 3.172275249 0.458963978 0 -2.129156773 -1.494495861 0.09823433552 0 44.68839919 61.90862771 -17.81389336 1


mesh: pSphereShape12 tranform: pSphere12 1.251789796 0.2500585167 7.070785539 0 -0.6117211838 3.714177939 -0.02305479209 0 -5.753394899 -0.9410490203 1.051843293 0 47.01720182 52.05595414 -18.44053955 1


mesh: pSphereShape13 tranform: pSphere13 0.8080193327 0.2692638672 4.901182868 0 -0.9968973702 4.589468591 -0.08778813712 0 -4.282054057 -0.9156568511 0.7562533098 0 46.98745487 46.85904318 -18.01850618 1


mesh: pSphereShape14 tranform: pSphere14 0.7261988971 0.2704991958 4.970777489 0 -1.023848013 5.388567098 -0.1436567559 0 -4.215678272 -0.7834389661 0.6585168073 0 47.60266915 42.50178789 -17.89333099 1


mesh: pSphereShape15 tranform: pSphere15 0.5704443598 0.4486380632 3.36863349 0 -0.3452045831 8.55418492 -1.080798181 0 -4.208179883 -0.07846425113 0.7230630866 0 47.75968907 29.01174202 -20.95734222 1


mesh: pSphereShape16 tranform: pSphere16 0.3390709763 0.3793577722 2.217924312 0 -3.419398875 7.455258322 -0.7524112815 0 -1.696001756 -0.7389578275 0.3856733802 0 50.30886751 13.43119595 -19.89015589 1


mesh: pSphereShape17 tranform: pSphere17 0.02479304096 0.1492945753 2.547049078 0 -0.8927363503 2.183831749 -0.1193147738 0 -5.853096963 -2.381967396 0.1965925541 0 50.38113201 2.004712559 -19.13209156 1


mesh: pSphereShape18 tranform: pSphere18 0.1164329268 0.01205499078 2.900481968 0 4.20710939 6.959189628 -0.1978081687 0 -2.835976998 1.717494891 0.106705272 0 44.30586991 29.9162722 -13.84406958 1


mesh: pSphereShape19 tranform: pSphere19 0.1057716824 -0.03218159536 1.959880918 0 -0.6466477508 9.745949886 0.1949288004 0 -2.278831003 -0.1536107398 0.1204625997 0 39.96468001 14.79726076 -13.33963028 1


mesh: pSphereShape20 tranform: pSphere20 0.6464434483 0.01877286256 2.539687429 0 0.03502911984 1.860333947 -0.02266741091 0 -5.761980607 0.1263540657 1.465701071 0 35.49237418 5.316531132 -12.96134966 1


mesh: pSphereShape21 tranform: pSphere21 0.8654646747 0.3223738007 5.924041388 0 1.588598245 2.8740516 -0.3884838829 0 -5.200534179 2.955491611 0.5989332832 0 49.46032164 38.84134993 -17.87031901 1


