mesh: pSphereShape1 tranform: pSphere1 -0.6304201995 3.2031538 0.6761996125 0 -0.8005981347 0.2096717442 -1.739610698 0 -3.067013188 -0.8792268942 1.305519679 0 144.7091507 30.06822908 -28.5516269 1


mesh: pSphereShape2 tranform: pSphere2 -1.357736089 5.70086784 0.6735842308 0 -1.150256466 0.0776592825 -2.975826822 0 -2.7139744 -0.7679496916 1.029000799 0 143.3794322 37.74375735 -26.68258496 1


mesh: pSphereShape3 tranform: pSphere3 -2.425052337 6.115854057 1.085334152 0 -0.9708638637 0.1257530138 -2.877899635 0 -2.64938952 -1.199840788 0.8413472524 0 140.6145785 47.99663292 -25.12050382 1


mesh: pSphereShape4 tranform: pSphere4 -1.320186251 0.5416869912 3.847952475 0 -0.5291176099 3.272222549 -0.6421737786 0 -3.654858532 -0.8145712516 -1.139268575 0 137.2850464 54.50720625 -21.5981818 1


mesh: pSphereShape5 tranform: pSphere5 -1.879588445 0.5162057414 3.766861295 0 -0.448129984 3.04692905 -0.6411550677 0 -3.550314809 -0.8698605093 -1.652331534 0 134.4245302 55.7627638 -15.68053545 1


mesh: pSphereShape6 tranform: pSphere6 -1.466391243 -5.339655306 2.438921209 0 -1.732690319 1.07601688 1.314006094 0 -1.564562208 -0.3731076326 -1.757550206 0 132.3190708 49.64383264 -11.71633059 1


mesh: pSphereShape7 tranform: pSphere7 -3.274065642 -4.466675 1.384131715 0 -1.482425613 1.402296912 1.018722263 0 -1.439460957 0.2846187264 -2.486461565 0 127.5041343 40.45400913 -9.403057105 1


mesh: pSphereShape8 tranform: pSphere8 0.1562166699 -4.2274377 0.763660583 0 -0.8524758426 0.06226085068 0.5190457823 0 -1.362402735 -0.4449124174 -2.184228891 0 124.1675391 33.39016065 -7.972500946 1


mesh: pSphereShape10 tranform: pSphere10 -0.7382806844 0.4142229924 4.079349811 0 -0.3855280429 3.467921007 -0.4219105015 0 -4.956905037 -0.6521438392 -0.830881005 0 134.2685027 64.59471368 -20.14393146 1


mesh: pSphereShape11 tranform: pSphere11 -0.2738007686 0.141877146 0.9512644294 0 -2.742632345 2.502864402 -1.162698896 0 -1.703321299 -1.958547337 -0.1981547595 0 133.6556773 59.9729254 -20.70067055 1


mesh: pSphereShape12 tranform: pSphere12 -2.960509396 0.8810842762 6.487263653 0 -0.3297566282 3.692693245 -0.6520193686 0 -5.372733561 -0.8913381428 -2.330826213 0 136.7267146 50.81398146 -18.56637404 1


mesh: pSphereShape13 tranform: pSphere13 -2.02845356 0.6953002132 4.488755457 0 -0.533706405 4.569392181 -0.9489708352 0 -4.025946336 -0.8216348283 -1.692041899 0 136.2131035 45.6814217 -17.84555332 1


mesh: pSphereShape14 tranform: pSphere14 -2.080206949 0.6826041706 4.529454061 0 -0.5735404309 5.350899701 -1.069804258 0 -3.923783081 -0.7580171839 -1.6878094 0 136.4614686 41.33788174 -17.07742849 1


mesh: pSphereShape15 tranform: pSphere15 -2.150568224 0.03413938983 2.692260256 0 0.8837351722 8.562918037 0.5973419466 0 -3.308028857 0.5262048202 -2.649114638 0 137.8752561 27.75054036 -20.9872581 1


mesh: pSphereShape16 tranform: pSphere16 -1.429067807 0.0790901641 1.769061799 0 -0.9193773734 8.110020399 -1.105261248 0 -1.455415581 -0.3232494899 -1.161249257 0 137.7783197 11.78554021 -21.71634124 1


mesh: pSphereShape17 tranform: pSphere17 -2.230753089 -0.2818930972 1.206084371 0 -0.1651359814 2.343992007 0.2424188334 0 -3.037018699 0.3583187118 -5.533469661 0 136.8944965 1.54550612 -24.82966082 1


mesh: pSphereShape18 tranform: pSphere18 -0.8732728599 0.2828727355 2.753883644 0 2.057440437 7.86841047 -0.1557988479 0 -3.050264889 0.7768543048 -1.04705384 0 133.2517859 28.05014809 -12.55644011 1


mesh: pSphereShape19 tranform: pSphere19 -0.5453046262 0.1434987588 1.880267929 0 -4.428604123 8.490768118 -1.932359184 0 -1.937138971 -1.118794403 -0.4764136111 0 134.037244 12.86380561 -10.55977057 1


mesh: pSphereShape20 tranform: pSphere20 0.07403018065 0.7871050227 2.498647435 0 -0.3467837598 1.746650197 -0.5399419941 0 -5.840222288 -1.007892 0.4905332178 0 133.3020358 3.269918346 -8.944373957 1


mesh: pSphereShape21 tranform: pSphere21 -2.479135727 0.8135096305 5.398083777 0 1.653988757 2.844206076 0.3309829301 0 -4.573715582 2.956031536 -2.546018623 0 137.8663616 37.70552817 -15.78031961 1


