mesh: pSphereShape1 tranform: pSphere1 -0.9763303727 3.085750669 0.7998697519 0 -1.50988941 -0.1707777165 -1.18415959 0 -1.887983678 -1.268799488 2.590300553 0 -2.97062856 29.71796647 -24.72306295 1


mesh: pSphereShape2 tranform: pSphere2 -2.152078713 5.396614451 1.020865717 0 -2.218222243 -0.4593552817 -2.247921036 0 -1.85995056 -1.132696525 2.066840321 0 -5.037621716 37.17909792 -22.66561634 1


mesh: pSphereShape3 tranform: pSphere3 -2.876534833 5.721556394 1.857912724 0 -2.053809059 -0.3119069426 -2.219297001 0 -1.810095025 -1.523509006 1.889239067 0 -8.925035365 46.92614044 -20.34575599 1


mesh: pSphereShape4 tranform: pSphere4 -0.9398087315 0.06193129714 3.994493566 0 -0.8727570145 3.251565669 -0.2557516555 0 -3.673213911 -1.052623627 -0.8478992653 0 -12.55672454 52.70137283 -15.9914662 1


mesh: pSphereShape5 tranform: pSphere5 -1.344386493 0.01257254334 4.02256535 0 -0.8177093036 3.024415029 -0.2827404486 0 -3.658894318 -1.103249481 -1.219395341 0 -14.72609042 53.15030144 -9.659057785 1


mesh: pSphereShape6 tranform: pSphere6 -1.722795337 -5.193198133 2.583259201 0 -0.9284351069 1.237657663 1.868917292 0 -2.093975815 0.1332989523 -1.128513894 0 -16.73281257 47.04411967 -5.529043453 1


mesh: pSphereShape7 tranform: pSphere7 -5.419572529 1.634586047 -0.7367998667 0 0.2640453335 1.598876003 1.604896559 0 0.8429723801 1.88563791 -2.017254079 0 -23.85052582 44.08939638 -4.907714854 1


mesh: pSphereShape8 tranform: pSphere8 -3.93968942 0.3804518799 -1.677174496 0 -0.1840403489 0.7726431179 0.6075786058 0 0.9280148431 1.642299409 -1.807369697 0 -30.99340458 46.30482955 -6.855404782 1


mesh: pSphereShape10 tranform: pSphere10 -0.5995654262 0.2033240221 4.117877436 0 0.1879347121 3.506642994 -0.1457803471 0 -5.008108606 0.2376023274 -0.7409154543 0 -13.7915844 62.80825829 -13.44822544 1


mesh: pSphereShape11 tranform: pSphere11 -0.1636446202 0.06499913799 0.984375716 0 -2.349498188 3.044353966 -0.591606551 0 -2.030755919 -1.612165969 -0.2311443479 0 -15.21935513 58.45134716 -14.11051762 1


mesh: pSphereShape12 tranform: pSphere12 -1.373988627 0.115882695 7.051541785 0 -0.7432499044 3.684461212 -0.2053710031 0 -5.695792972 -1.209739951 -1.089941331 0 -12.44087929 48.71523181 -13.30209864 1


mesh: pSphereShape13 tranform: pSphere13 -0.6716679766 -0.2478858936 4.922845365 0 -1.048943861 4.577861018 0.08739766069 0 -4.289718416 -0.9708134135 -0.634169308 0 -12.41088988 43.52028692 -13.15506941 1


mesh: pSphereShape14 tranform: pSphere14 -0.3756006752 -0.1637044046 5.014108943 0 -1.010959153 5.391980761 0.1003117534 0 -4.251537852 -0.7907287854 -0.3442937304 0 -11.78547305 39.17564315 -13.20166714 1


mesh: pSphereShape15 tranform: pSphere15 0.7564227094 0.1766676188 3.357229171 0 4.585620603 7.172418197 -1.41062804 0 -3.494081747 2.364273275 0.6628419269 0 -15.72682906 27.30303564 -15.4880307 1


mesh: pSphereShape16 tranform: pSphere16 0.5133030356 0.1780853032 2.209722905 0 2.059863995 7.896410438 -1.11487693 0 -1.77936593 0.5166458877 0.3716967823 0 -23.04431786 13.22589008 -13.76608232 1


mesh: pSphereShape17 tranform: pSphere17 0.2515848618 0.4719659159 2.494857872 0 0.7055196612 2.201108973 -0.4875413917 0 -6.001431787 1.974929509 0.2315843234 0 -30.19499708 4.468134301 -12.36361522 1


mesh: pSphereShape18 tranform: pSphere18 0.4241296693 -0.3371759258 2.851828188 0 -1.933895946 7.807902504 1.210752954 0 -3.185447799 -0.8469212078 0.3736134889 0 -8.638443258 25.90197807 -10.17203841 1


mesh: pSphereShape19 tranform: pSphere19 0.3382766323 -0.2393096661 1.918764269 0 -7.477876565 5.939774845 2.059156771 0 -1.418046079 -1.794334585 0.026209703 0 -0.8800833129 12.55080312 -12.65662016 1


mesh: pSphereShape20 tranform: pSphere20 0.6776857163 -0.03668254846 2.53133369 0 -1.089635136 1.475549987 0.3130986266 0 -4.568758549 -3.622248795 1.170651307 0 2.385428316 3.451021026 -14.33672904 1


mesh: pSphereShape21 tranform: pSphere21 -0.4476309693 -0.1950985878 5.975682671 0 1.612094939 2.879194998 0.2147621567 0 -5.229587692 2.950143228 -0.295423423 0 -9.94825483 35.50655002 -13.08944764 1


