mesh: pSphereShape1 tranform: pSphere1 0.6674006041 3.255558767 -0.266051419 0 -1.285165744 0.3766319861 1.384796864 0 2.473617768 -0.3125476435 2.380655492 0 133.9649699 30.16313705 -23.99308345 1


mesh: pSphereShape2 tranform: pSphere2 0.8484917626 5.837539744 0.01576685994 0 -2.095332951 0.298107115 2.388593342 0 2.223031939 -0.3284975709 1.991096371 0 135.7140464 37.93275661 -24.86370646 1


mesh: pSphereShape3 tranform: pSphere3 1.678917272 6.414084905 0.709402232 0 -2.096997496 0.3078884492 2.179106003 0 2.055091414 -0.7686720246 2.086262339 0 137.6977021 48.47823532 -24.70142817 1


mesh: pSphereShape4 tranform: pSphere4 4.053549392 0.164707574 -0.6202124839 0 -0.08890898568 3.360788885 0.3114262032 0 0.6032570541 -0.3410012286 3.852174605 0 142.1215721 54.95499379 -24.30015251 1


mesh: pSphereShape5 tranform: pSphere5 4.233015553 0.1993466289 0.1743713132 0 -0.1569126389 3.133632133 0.2267267384 0 -0.1506972907 -0.2967830867 3.997599551 0 148.7431454 55.70256956 -24.33512977 1


mesh: pSphereShape6 tranform: pSphere6 4.332189634 -4.103101839 1.003616957 0 1.435839796 1.736220246 0.9003018491 0 -0.8822829326 -0.3991056685 2.176772479 0 154.5648505 50.63131164 -23.22582108 1


mesh: pSphereShape7 tranform: pSphere7 3.686096336 -3.040739422 3.122996888 0 0.9722648285 1.929316517 0.7309283523 0 -1.828981522 0.07586359553 2.232625828 0 161.083414 43.73027051 -18.50984411 1


mesh: pSphereShape8 tranform: pSphere8 1.721598815 -3.91995183 0.3858572517 0 0.8249455081 0.4014691847 0.3978534938 0 -1.041943177 -0.2228147683 2.385299167 0 165.7163606 38.34309045 -14.951393 1


mesh: pSphereShape10 tranform: pSphere10 4.067274434 0.5389775995 0.7242346049 0 -0.38224673 3.466870673 -0.4333723892 0 -0.9498751547 0.5142578647 4.951751046 0 144.3243643 65.09437511 -24.83831198 1


mesh: pSphereShape11 tranform: pSphere11 0.9931133085 0.0527591627 0.1046060574 0 -0.3940432268 3.250649735 2.10148456 0 -0.1533249578 -1.423912446 2.173808002 0 144.2690586 60.91762961 -23.11511984 1


mesh: pSphereShape12 tranform: pSphere12 7.173312184 0.3101247207 -0.2700556566 0 -0.158364396 3.759327668 0.1105816182 0 0.229874051 -0.1643733476 5.917232441 0 144.7912998 50.97016248 -24.67953702 1


mesh: pSphereShape13 tranform: pSphere13 4.972766092 0.09398038681 -0.09877682768 0 -0.08323138472 4.688753334 0.2709202641 0 0.09291532902 -0.2546325029 4.435410073 0 145.1579948 45.84273497 -23.86157019 1


mesh: pSphereShape14 tranform: pSphere14 5.02497741 0.2322803121 -0.06936407189 0 -0.2500448554 5.476525341 0.2251780337 0 0.06792089845 -0.1751023039 4.334061632 0 145.3081329 41.43516133 -23.81666009 1


mesh: pSphereShape15 tranform: pSphere15 3.359338149 -0.009891650168 0.7675440248 0 0.4396103387 8.424494852 -1.815488859 0 -0.9260920253 0.9243755893 4.065173813 0 140.8624766 27.85524646 -21.95613348 1


mesh: pSphereShape16 tranform: pSphere16 2.2120804 0.095590382 0.5250071242 0 -0.7130379175 8.060351219 1.536750861 0 -0.4118692664 -0.380503813 1.804662057 0 140.0480998 12.15219082 -20.95001702 1


mesh: pSphereShape17 tranform: pSphere17 2.042152954 -0.5156771504 1.440156575 0 0.4834472685 2.307978566 0.1408864468 0 -3.562645229 0.4285115874 5.205295203 0 137.7232474 2.041593625 -19.06735939 1


mesh: pSphereShape18 tranform: pSphere18 2.57018567 0.3929719624 -1.290819994 0 -2.148667517 7.59521147 -1.966013322 0 1.268763435 1.099495877 2.860994305 0 151.9266282 28.42598343 -22.3802192 1


mesh: pSphereShape19 tranform: pSphere19 1.726150644 0.2330783654 -0.905226461 0 0.168368168 9.377025219 2.735459731 0 1.088408016 -0.5813282057 1.925773544 0 154.6442738 12.90081125 -22.30849004 1


mesh: pSphereShape20 tranform: pSphere20 0.7163581575 0.3723048834 -2.493285754 0 0.08411680292 1.834833424 0.298150824 0 5.714025737 -0.5162024103 1.56464387 0 158.8642118 3.091422105 -22.61142831 1


mesh: pSphereShape21 tranform: pSphere21 5.988635424 0.276825544 -0.08266626974 0 -0.148803537 2.617175081 -2.015685694 0 -0.103591164 3.663916067 4.764891962 0 145.5638863 37.55085719 -25.11934192 1


