mesh: pSphereShape1 tranform: pSphere1 -0.3532270142 3.251302134 0.6474063036 0 -1.453027433 0.09331634066 -1.261415211 0 -2.23377783 -0.7440808327 2.518049202 0 139.3216912 29.89001857 -29.60471973 1


mesh: pSphereShape2 tranform: pSphere2 -1.180182163 5.738243075 0.6905024309 0 -2.129229183 -0.1524507179 -2.372300159 0 -2.154255437 -0.6809987732 1.9772887 0 138.616624 37.69370985 -27.92849725 1


mesh: pSphereShape3 tranform: pSphere3 -1.776345011 6.251040924 1.493849282 0 -1.9507367 0.002806465555 -2.33137625 0 -2.177448913 -1.053858138 1.820672185 0 136.5465103 48.10188179 -26.18251952 1


mesh: pSphereShape4 tranform: pSphere4 -0.2351086583 0.1974791463 4.092527421 0 -0.6032288119 3.316324486 -0.1946790242 0 -3.844498997 -0.7102553569 -0.1865874803 0 134.5015441 54.43936045 -21.96638799 1


mesh: pSphereShape5 tranform: pSphere5 -0.8474370472 0.154271643 4.152904504 0 -0.4979567181 3.098507774 -0.2167155193 0 -3.878912154 -0.6769763303 -0.766378232 0 133.3133778 55.14406025 -15.4185437 1


mesh: pSphereShape6 tranform: pSphere6 -1.177424825 -5.508296734 2.209727721 0 -1.353457874 0.992233635 1.752216961 0 -1.922185792 -0.1505495321 -1.399494035 0 131.8898597 48.71739023 -11.65957111 1


mesh: pSphereShape7 tranform: pSphere7 -3.065492862 -4.50942953 1.689470571 0 -1.163839011 1.330963641 1.440774764 0 -1.939389068 0.5433877512 -2.068585646 0 127.2763984 39.46248963 -9.156493693 1


mesh: pSphereShape8 tranform: pSphere8 0.151389955 -4.286880033 0.2802700585 0 -0.6968673166 0.02225725378 0.716854628 0 -1.871395794 -0.1846508233 -1.813484484 0 124.0614321 32.36099019 -7.637684176 1


mesh: pSphereShape10 tranform: pSphere10 -0.266668806 0.03036669183 4.157607431 0 -0.1878916445 3.50947191 -0.0376841477 0 -5.050536595 -0.2738547922 -0.3219410494 0 132.7887474 64.47384678 -18.9719892 1


mesh: pSphereShape11 tranform: pSphere11 -0.0916531838 0.01781280482 0.9956316577 0 -2.651510396 2.832109349 -0.2947547705 0 -1.890083663 -1.784342083 -0.1420686526 0 131.7893897 60.04542006 -19.67681581 1


mesh: pSphereShape12 tranform: pSphere12 -1.026029163 0.2876317805 7.105634891 0 -0.4737461076 3.72791087 -0.2193108691 0 -5.815671759 -0.7865901549 -0.8079222462 0 134.7422937 50.4936151 -19.22233991 1


mesh: pSphereShape13 tranform: pSphere13 -0.6771309608 0.2818528145 4.920268736 0 -0.8006338077 4.613404344 -0.3744581927 0 -4.336682687 -0.7973449206 -0.5511422953 0 134.4442627 45.30318214 -18.81931589 1


mesh: pSphereShape14 tranform: pSphere14 -0.6943390056 0.261671864 4.975799903 0 -0.7822333945 5.416496098 -0.3940029394 0 -4.251867857 -0.6546957778 -0.558889483 0 134.8709673 40.93343111 -18.52451252 1


mesh: pSphereShape15 tranform: pSphere15 -0.4525522541 0.3713556816 3.395830662 0 -0.2354998928 8.571318817 -0.9687125996 0 -4.231975294 -0.1778174281 -0.544537296 0 136.1390979 27.40192083 -21.60633964 1


mesh: pSphereShape16 tranform: pSphere16 -0.3237338841 0.3073163836 2.231327567 0 -2.765307592 7.62149909 -1.450900959 0 -1.759656392 -0.669503598 -0.1630916856 0 138.2605644 11.66337766 -20.24846431 1


mesh: pSphereShape17 tranform: pSphere17 -0.54291796 0.1398898797 2.489183296 0 -0.194783002 2.347758588 -0.1744262293 0 -6.155459788 -0.6078988947 -1.308409378 0 137.0698006 1.227148511 -19.77143689 1


mesh: pSphereShape18 tranform: pSphere18 -0.2486316128 0.4691104027 2.853877248 0 2.909990581 7.53205088 -0.9845720492 0 -3.084635854 1.132284225 -0.4548563877 0 132.0220546 27.72456843 -13.44023563 1


mesh: pSphereShape19 tranform: pSphere19 -0.1050364605 0.2346365674 1.946090835 0 -5.839441251 7.732048933 -1.24741128 0 -1.8295312 -1.370972245 0.06655020292 0 133.0138114 13.54112192 -10.99339735 1


mesh: pSphereShape20 tranform: pSphere20 0.7577734496 0.8902861075 2.345511423 0 -0.7439738811 1.660441951 -0.3898956699 0 -5.172516494 -1.767639488 2.34204809 0 134.0683193 4.014729253 -8.495174126 1


mesh: pSphereShape21 tranform: pSphere21 -0.8274948971 0.3118536197 5.930026969 0 1.717985214 2.823993978 0.09122239357 0 -5.06914292 3.111964511 -0.8710191915 0 136.5379807 37.21891023 -18.00143579 1


