mesh: pSphereShape1 tranform: pSphere1 -0.0007990295799 2.741835796 -1.896630074 0 -0.3002879325 1.082481545 1.565000274 0 3.405177954 0.3063704369 0.4414654203 0 26.51380076 32.53340832 7.923167284 1


mesh: pSphereShape2 tranform: pSphere2 0.03673772767 5.256056678 -2.677606333 0 -0.5512783177 1.429910754 2.799305919 0 2.957180079 0.2190154634 0.4704940192 0 26.58018448 39.05853695 3.271657152 1


mesh: pSphereShape3 tranform: pSphere3 1.334079848 6.167875506 -2.154075813 0 -0.6872188961 1.107714059 2.746160324 0 2.886403632 -0.3261120879 0.8538576725 0 27.3569915 48.72645447 -1.129682697 1


mesh: pSphereShape4 tranform: pSphere4 3.584685909 0.3278829141 -1.971186067 0 0.03182123299 3.320605847 0.6102108102 0 1.905390004 -0.6355828202 3.359311464 0 31.25887037 55.10307814 -3.957723805 1


mesh: pSphereShape5 tranform: pSphere5 3.914209668 0.3207866154 -1.601444264 0 -0.05318015821 3.106525437 0.4922890599 0 1.54325189 -0.5537464404 3.661055931 0 37.35985996 56.06096536 -6.561421913 1


mesh: pSphereShape6 tranform: pSphere6 1.947487438 -5.726845699 0.1452230727 0 2.295065722 0.7825721234 0.0830318275 0 -0.09561319763 0.02784747198 2.380363327 0 40.81500166 49.48973127 -7.074119631 1


mesh: pSphereShape7 tranform: pSphere7 2.676309138 -4.634478252 1.986326438 0 1.961419252 1.161896671 0.06817639814 0 -0.5818520367 0.8234945808 2.705337624 0 44.56649516 40.05620474 -3.920980129 1


mesh: pSphereShape8 tranform: pSphere8 -0.9678206144 -4.171863116 0.371068792 0 0.9039055186 -0.2411188192 -0.3532938273 0 0.9501079907 -0.003958721718 2.433561845 0 46.86607565 32.7095147 -1.978540703 1


mesh: pSphereShape10 tranform: pSphere10 3.743325107 0.2623152642 -1.810094412 0 0.05808881924 3.458848179 0.6213786429 0 2.223375679 -0.8414596126 4.476059505 0 34.54751721 64.98378162 -2.767997712 1


mesh: pSphereShape11 tranform: pSphere11 0.9137254867 0.0928478994 -0.3955818532 0 0.9830089972 2.461498371 2.848324104 0 0.8284187839 -2.001454359 1.443737924 0 34.38630339 60.3993281 -2.085095191 1


mesh: pSphereShape12 tranform: pSphere12 6.674291804 0.5338584881 -2.606595312 0 -0.1141002241 3.732788818 0.4723567171 0 2.186340791 -0.6253744173 5.470129909 0 33.62828872 51.23836394 -5.570450467 1


mesh: pSphereShape13 tranform: pSphere13 4.567049435 0.7003130128 -1.843532727 0 -0.4033211201 4.618607506 0.7553342682 0 1.719770153 -0.5146105159 4.064960039 0 34.48669364 46.1215391 -5.40805653 1


mesh: pSphereShape14 tranform: pSphere14 4.673820072 0.5795189663 -1.768820849 0 -0.4245039682 5.430739128 0.6575912757 0 1.569564831 -0.3650170388 4.027728031 0 34.91556414 41.76179517 -5.762329804 1


mesh: pSphereShape15 tranform: pSphere15 3.397886904 0.1798771293 -0.5444109449 0 -0.32037989 8.582520398 0.8361046064 0 0.6926523756 -0.3829727605 4.196584248 0 30.894135 28.32816669 -5.601713818 1


mesh: pSphereShape16 tranform: pSphere16 2.243707883 0.1015006311 -0.365434337 0 -0.121921626 8.097695518 1.500583378 0 0.3137269786 -0.3349847105 1.8331899 0 30.60308521 12.17936422 -7.040095437 1


mesh: pSphereShape17 tranform: pSphere17 2.516995004 -0.1059222084 0.4048199687 0 0.110968316 2.358541181 -0.07283436788 0 -0.9933965131 0.2394107738 6.239151161 0 29.66914313 1.851309465 -4.130859725 1


mesh: pSphereShape18 tranform: pSphere18 2.878693553 0.2967300568 -0.227095354 0 -1.016519062 7.404721831 -3.210296149 0 0.102409934 1.330694191 3.03689075 0 39.42513643 28.4218186 -3.948211425 1


mesh: pSphereShape19 tranform: pSphere19 1.948203102 0.1398302041 -0.1957260867 0 -0.2860983518 9.065769183 3.629003524 0 0.2721467131 -0.8365344496 2.111237674 0 41.20857432 13.34748085 -2.996925804 1


mesh: pSphereShape20 tranform: pSphere20 2.570898756 -0.221686652 -0.4578082588 0 0.2364457368 1.786816465 0.4625619713 0 0.8724816016 -1.582162404 5.665704146 0 41.53328122 3.126952549 -1.583745498 1


mesh: pSphereShape21 tranform: pSphere21 5.570135378 0.6906554054 -2.108033993 0 -0.9638964361 2.688896969 -1.665975228 0 1.369831443 3.429871387 4.743284893 0 34.8952501 37.96681633 -7.326916445 1


