mesh: pSphereShape1 tranform: pSphere1 -1.2325474 2.999789649 -0.7726310768 0 0.8734248815 0.7559531312 1.541696739 0 2.795855755 0.6577249441 -1.906457436 0 83.75133264 34.26424153 -11.83051377 1


mesh: pSphereShape2 tranform: pSphere2 -1.479498012 5.568570954 -1.264579099 0 2.550743443 1.043180661 1.609393729 0 1.639699203 -0.1346886606 -2.511472059 0 80.78494929 41.41944473 -13.88986709 1


mesh: pSphereShape3 tranform: pSphere3 0.1697387351 6.273085491 -2.254348484 0 2.405436803 0.570597895 1.76889474 0 1.849590589 -0.8548260517 -2.239427387 0 79.25293226 51.51727439 -16.64391416 1


mesh: pSphereShape4 tranform: pSphere4 -0.1610862294 -0.1421602268 -4.098401699 0 0.5634472039 3.326170242 -0.137520122 0 3.856062418 -0.6585318426 -0.1287188416 0 79.71477156 57.61096022 -21.60477099 1


mesh: pSphereShape5 tranform: pSphere5 0.1116432768 -0.1525885769 -4.237076541 0 0.5275805937 3.099642791 -0.09772522448 0 3.95320439 -0.6688192315 0.1282494809 0 79.95501672 57.80081257 -28.31678207 1


mesh: pSphereShape6 tranform: pSphere6 0.814860088 -5.634336681 -2.049588234 0 1.199067734 0.8720391548 -1.920527105 0 2.046160805 -0.1448637113 1.211729095 0 80.74079866 51.13056757 -31.8421797 1


mesh: pSphereShape7 tranform: pSphere7 3.666944474 -4.155261776 -1.368879028 0 0.9238840272 1.341290111 -1.596620342 0 1.878349902 1.017855985 1.941988059 0 85.6663828 42.17802787 -33.95488965 1


mesh: pSphereShape8 tranform: pSphere8 1.005918457 -4.178941396 0.05820237218 0 0.5275922348 0.1152754424 -0.8416400692 0 2.133418123 0.5331810802 1.410386178 0 90.11046568 35.72529004 -35.19350725 1


mesh: pSphereShape10 tranform: pSphere10 0.06176603631 -0.2257440775 -4.1596825 0 0.06740245104 3.508944344 -0.1894279724 0 5.066702087 -0.09299113736 0.0802807194 0 80.95024302 67.43227509 -25.2558137 1


mesh: pSphereShape11 tranform: pSphere11 0.0245448516 -0.03266896152 -0.9991647958 0 2.682513334 2.818095912 -0.02624429457 0 1.884471239 -1.792829646 0.1049115722 0 82.20054811 62.98770705 -24.35221034 1


mesh: pSphereShape12 tranform: pSphere12 0.1478182893 -0.273560419 -7.178358415 0 0.2959248273 3.750141426 -0.1368205795 0 5.904385231 -0.4608402385 0.1391465451 0 79.38974602 53.44607155 -23.98406279 1


mesh: pSphereShape13 tranform: pSphere13 0.1153232821 -0.2237789001 -4.968260795 0 0.7050836176 4.640095185 -0.1926313613 0 4.392130994 -0.6619341751 0.1317647946 0 79.85672081 48.23950529 -23.94557953 1


mesh: pSphereShape14 tranform: pSphere14 0.06916359399 -0.101856253 -5.029314585 0 0.8932139262 5.412785918 -0.09733895116 0 4.279844973 -0.7049416762 0.07313365898 0 79.41042221 43.82327397 -23.83151868 1


mesh: pSphereShape15 tranform: pSphere15 -0.1800613255 -0.08756356044 -3.440099564 0 -2.404249251 8.286960573 -0.08509156804 0 4.095383548 1.185659625 -0.2445396572 0 81.6500587 30.89144748 -19.58353305 1


mesh: pSphereShape16 tranform: pSphere16 0.003361125913 0.2229033558 -2.264591022 0 5.414288199 6.176193601 0.6159577473 0 1.42408903 -1.236483912 -0.1195932812 0 80.20597877 17.02333749 -19.21015444 1


mesh: pSphereShape17 tranform: pSphere17 0.7197943678 -0.49329192 -2.397690914 0 1.674914096 1.657964906 0.1617110191 0 4.086069158 -4.334461178 2.118406594 0 76.10788987 5.9616969 -18.180307 1


mesh: pSphereShape18 tranform: pSphere18 -0.07841200606 -0.1414483868 -2.898334264 0 -1.521197933 7.98334209 -0.3484590067 0 3.257466164 0.6155409442 -0.1181684716 0 80.2419652 30.08998838 -27.39230964 1


mesh: pSphereShape19 tranform: pSphere19 -0.09414500924 -0.1267990222 -1.95663365 0 4.201556818 8.785861215 -0.7715262469 0 2.061930317 -0.9891353965 -0.0351108383 0 78.8982791 14.47817007 -26.84679782 1


mesh: pSphereShape20 tranform: pSphere20 -0.5842050924 0.1053937288 -2.552616375 0 0.9348061616 1.602147785 -0.1477943158 0 4.968122991 -3.015126072 -1.261520596 0 79.13424819 3.385284005 -26.4627104 1


mesh: pSphereShape21 tranform: pSphere21 0.08242734547 -0.1213895935 -5.993804354 0 -1.680367786 2.846854037 -0.08076451644 0 5.176899211 3.055950837 0.00930251083 0 77.64462645 40.11783266 -23.87485928 1


