mesh: pSphereShape1 tranform: pSphere1 -0.5844575194 3.197604023 -0.7406805848 0 1.634531132 0.5040434492 0.8862353944 0 1.721452944 -0.3718074716 -2.963503067 0 67.79841816 30.1678457 23.2907806 1


mesh: pSphereShape2 tranform: pSphere2 -0.5175458059 5.78811984 -1.013347022 0 2.611573509 0.5403846736 1.752807573 0 1.705383109 -0.2773879357 -2.455396262 0 66.13159343 37.77968063 21.4294783 1


mesh: pSphereShape3 tranform: pSphere3 0.03789238701 6.378310624 -1.943763787 0 2.404229108 0.5291858177 1.78335121 0 1.852671424 -0.7081294057 -2.287555308 0 65.28684217 48.22747318 19.13512281 1


mesh: pSphereShape4 tranform: pSphere4 -0.6682918432 0.3069156586 -4.037603693 0 0.5109738688 3.333197665 0.1687958848 0 3.816067147 -0.5508904243 -0.6734993457 0 65.20161268 54.77288602 14.53546124 1


mesh: pSphereShape5 tranform: pSphere5 -0.2279604527 0.3166191374 -4.223310486 0 0.3722205452 3.116332804 0.2135384181 0 3.977412444 -0.4580057727 -0.2490241098 0 64.74295412 55.71853018 7.915998879 1


mesh: pSphereShape6 tranform: pSphere6 1.00762584 -5.372764408 -2.593964438 0 0.8373072443 1.115505983 -1.985246348 0 2.200598207 -0.02784205833 0.9124907042 0 65.64328775 49.48969254 3.725072357 1


mesh: pSphereShape7 tranform: pSphere7 2.983858279 -4.196038245 -2.465028358 0 0.6906747164 1.445053108 -1.623763323 0 2.300797157 0.6968708873 1.598827754 0 70.25837604 40.69087637 -0.03717844418 1


mesh: pSphereShape8 tranform: pSphere8 0.201563335 -4.2718999 -0.4348035288 0 0.4659696266 0.1113273922 -0.8777690578 0 2.308257856 -0.01560607469 1.223374939 0 73.64377396 33.9579213 -2.557748177 1


mesh: pSphereShape10 tranform: pSphere10 -0.4987812602 0.3053431627 -4.12501112 0 0.09903523176 3.504579966 0.2474423907 0 5.02971281 -0.09867750924 -0.6154788248 0 66.10845242 64.93312149 12.04437728 1


mesh: pSphereShape11 tranform: pSphere11 -0.09341351534 0.1011105461 -0.9904799708 0 2.689848196 2.811021299 0.03327247781 0 1.865085183 -1.78045469 -0.3576517645 0 67.3887227 60.41981614 12.25474471 1


mesh: pSphereShape12 tranform: pSphere12 -0.5211238712 0.5287172703 -7.146635785 0 0.2676853479 3.745909079 0.2576078666 0 5.893337848 -0.3896068678 -0.4585585458 0 64.60298745 50.88915891 11.76210501 1


mesh: pSphereShape13 tranform: pSphere13 -0.4169859823 0.4588672676 -4.93584393 0 0.5125524276 4.65300874 0.3892720791 0 4.401418571 -0.4502288036 -0.4136932076 0 65.16841637 45.75412283 11.09704738 1


mesh: pSphereShape14 tranform: pSphere14 -0.4513346798 0.3258345606 -4.999929233 0 0.5028511898 5.454955402 0.310096152 0 4.302305133 -0.37313768 -0.412677973 0 64.98587085 41.35483936 10.77293922 1


mesh: pSphereShape15 tranform: pSphere15 -0.2794639448 0.09511894913 -3.433253087 0 -0.6248313257 8.601589237 0.2891694643 0 4.245253551 0.3197004043 -0.3367027446 0 65.9527463 28.01030335 14.76944317 1


mesh: pSphereShape16 tranform: pSphere16 -0.1592335743 0.1433811462 -2.265426277 0 2.410637568 7.868935215 0.32859269 0 1.802171799 -0.545361924 -0.1611885933 0 65.23011179 12.16866075 14.97641045 1


mesh: pSphereShape17 tranform: pSphere17 0.4447607504 -0.1470149005 -2.50817405 0 0.1245638465 2.356132363 -0.1160148576 0 6.216552886 -0.2735876219 1.118383385 0 66.96023574 1.720490426 15.77989047 1


mesh: pSphereShape18 tranform: pSphere18 0.1082294059 0.09515189586 -2.899263719 0 -3.547230824 7.319477433 0.1078023595 0 2.982635834 1.443134316 0.1587043868 0 68.111768 28.14586886 6.896856898 1


mesh: pSphereShape19 tranform: pSphere19 -0.01211030423 -0.05374227184 -1.962223643 0 7.268873327 6.52328194 -0.2235240923 0 1.52805045 -1.701428382 0.03716878608 0 66.72364429 15.08479681 6.528225808 1


mesh: pSphereShape20 tranform: pSphere20 -0.5210884946 0.6591854787 -2.4823769 0 1.341541417 1.288098182 0.06043958081 0 3.947807718 -4.022597361 -1.896889609 0 63.10815861 5.081321843 5.875516831 1


mesh: pSphereShape21 tranform: pSphere21 -0.5378887566 0.3883210276 -5.958783668 0 -1.871798811 2.704062761 0.3451818492 0 4.926344424 3.438264295 -0.2206280721 0 63.48489815 37.53985349 10.56516021 1


