mesh: pSphereShape1 tranform: pSphere1 -1.871145739 1.990277992 -1.911145455 0 -0.3062848555 1.159629416 1.507519221 0 2.800023106 1.828254834 -0.8374642231 0 150.2044299 35.72303109 -8.142804933 1


mesh: pSphereShape2 tranform: pSphere2 -2.829845158 4.227268258 -2.986509098 0 0.740100156 2.10644832 2.280305552 0 2.54065955 0.6766307189 -1.449643521 0 145.909817 40.57934459 -12.85725764 1


mesh: pSphereShape3 tranform: pSphere3 -0.9039169753 5.883280825 -3.005401926 0 0.80411475 1.43066175 2.55876986 0 2.890824959 -0.01550031948 -0.8997992788 0 142.2950782 48.99945326 -17.92444035 1


mesh: pSphereShape4 tranform: pSphere4 1.990901342 -0.2287332993 -3.581486802 0 0.4711633273 3.34297088 0.04841311763 0 3.378755431 -0.5038731836 1.910385735 0 143.4139419 54.69155629 -22.91972151 1


mesh: pSphereShape5 tranform: pSphere5 2.776886673 -0.1934293299 -3.200007908 0 0.2831609296 3.132462107 0.05637353748 0 3.010528019 -0.3195014854 2.631773526 0 147.4960037 54.81437034 -28.16416215 1


mesh: pSphereShape6 tranform: pSphere6 2.981750374 -5.183199165 -0.9242130976 0 1.916853495 1.247216242 -0.810410023 0 0.8687610889 0.1046528416 2.215930705 0 151.4180301 48.58132616 -30.17613626 1


mesh: pSphereShape7 tranform: pSphere7 4.270695715 -3.70547789 0.7855594878 0 1.495444507 1.576806787 -0.6922018922 0 0.2941035737 0.9160515087 2.722113058 0 158.0929851 40.4632608 -29.00323533 1


mesh: pSphereShape8 tranform: pSphere8 0.8573892473 -4.193515092 0.3976499682 0 0.8932627537 0.142194494 -0.4264532551 0 1.052468011 0.4380793991 2.350604528 0 162.9829815 34.29905401 -27.87163473 1


mesh: pSphereShape10 tranform: pSphere10 3.473198383 0.2962082107 -2.281860563 0 -0.4416790348 3.479855066 -0.2205556619 0 2.725715704 0.613964578 4.228484809 0 144.7556133 64.60200944 -25.44707688 1


mesh: pSphereShape11 tranform: pSphere11 0.7624133274 -0.01566185829 -0.646900784 0 1.446217215 3.225149663 1.626375277 0 1.378850115 -1.455557359 1.660301648 0 145.8755503 60.39062004 -23.98779782 1


mesh: pSphereShape12 tranform: pSphere12 4.168708487 -0.3728912614 -5.840234306 0 0.1999452491 3.757715394 -0.09720599327 0 4.814701401 -0.167009208 3.447355331 0 144.4948994 50.47185878 -24.95901149 1


mesh: pSphereShape13 tranform: pSphere13 2.916583348 -0.2600132627 -4.021557715 0 0.4251248347 4.678030314 0.005858945819 0 3.57729583 -0.3283694127 2.615618771 0 145.0852011 45.31811172 -24.43066745 1


mesh: pSphereShape14 tranform: pSphere14 2.966753297 -0.1108102297 -4.061435641 0 0.3293359291 5.476201707 0.09115970736 0 3.493831563 -0.2527161814 2.559031034 0 144.9707562 40.90930046 -24.32403579 1


mesh: pSphereShape15 tranform: pSphere15 2.258456179 -0.1854705036 -2.596025973 0 -1.102355163 8.414981943 -1.560212344 0 3.179011317 0.9170728838 2.700114658 0 143.6510854 27.71372473 -19.19428381 1


mesh: pSphereShape16 tranform: pSphere16 1.58275559 0.13782001 -1.629097937 0 3.670992554 6.137538894 4.085794665 0 1.064927723 -1.255036585 0.9284593138 0 141.5854461 13.72636194 -20.00595661 1


mesh: pSphereShape17 tranform: pSphere17 2.125111274 -0.8976959359 -1.090140656 0 1.187831782 1.898222619 0.7524239897 0 1.4620646 -3.035445432 5.349728918 0 137.6325619 3.515846305 -20.98162435 1


mesh: pSphereShape18 tranform: pSphere18 1.464871185 0.1533523737 -2.501426205 0 -2.857179988 7.519056328 -1.212242636 0 2.616132344 1.253498804 1.608891717 0 150.0548962 27.64192476 -26.36127549 1


mesh: pSphereShape19 tranform: pSphere19 0.9635260041 0.07111546994 -1.708776388 0 1.521560272 9.567999135 1.256159471 0 1.960597733 -0.4544439868 1.086607302 0 152.4404371 12.02888797 -26.24771764 1


mesh: pSphereShape20 tranform: pSphere20 0.6573654513 0.2562786025 -2.523974193 0 0.06184069384 1.848572963 0.2038062166 0 5.753309581 -0.3537109983 1.462526201 0 155.6973239 2.219501918 -25.50610651 1


mesh: pSphereShape21 tranform: pSphere21 3.53569826 -0.1320607064 -4.840311779 0 -1.556584896 2.654986161 -1.209474539 0 3.945051232 3.581194258 2.784030523 0 143.8709452 37.03922111 -25.13835144 1


