mesh: pSphereShape1 tranform: pSphere1 2.85831795 1.70211688 0.218372235 0 -0.55964009 1.126938883 -1.458758623 0 -1.464834276 2.172443446 2.24025478 0 -71.45665825 34.66932078 -21.09731964 1


mesh: pSphereShape2 tranform: pSphere2 4.204787172 4.09190565 0.6108437802 0 -2.0063354 2.225615331 -1.098144271 0 -0.9334671238 0.5409583047 2.801829698 0 -64.88080614 39.15871531 -20.20597478 1


mesh: pSphereShape3 tranform: pSphere3 1.364400007 6.140159141 2.2134494 0 -2.459466057 1.063894162 -1.435218693 0 -1.668047296 -0.5206516699 2.472506421 0 -59.86815684 47.68032733 -18.12730663 1


mesh: pSphereShape4 tranform: pSphere4 1.202750646 0.1072766591 3.92236375 0 -0.9003703018 3.248702618 0.1872368413 0 -3.593646724 -1.06115379 1.130975666 0 -58.33534811 53.80942777 -13.24993446 1


mesh: pSphereShape5 tranform: pSphere5 0.9849913214 0.06996600919 4.124737805 0 -0.8031415801 3.038251011 0.1402545363 0 -3.764941968 -1.037553755 0.9166712742 0 -56.87184366 54.35384612 -6.712243293 1


mesh: pSphereShape6 tranform: pSphere6 2.355997243 -4.544544167 3.225981095 0 -1.246961666 0.7356040115 1.946949774 0 -1.821039346 -1.397247153 -0.6384066307 0 -54.07372506 48.72622491 -2.083543383 1


mesh: pSphereShape7 tranform: pSphere7 0.9003065147 -4.529677692 3.35529137 0 -1.350324207 0.9131984566 1.595152184 0 -2.281749033 -1.323171664 -1.17404637 0 -51.85893825 39.6794532 3.228850675 1


mesh: pSphereShape8 tranform: pSphere8 3.085130751 -2.763638056 1.150253707 0 -0.5249463557 -0.2470080232 0.8145049786 0 -1.195334119 -1.894105556 -1.344799096 0 -49.3600185 33.03667451 6.796636207 1


mesh: pSphereShape10 tranform: pSphere10 0.3812266464 -0.4085250183 4.128620531 0 0.2097892145 3.493228462 0.3262818591 0 -5.037854388 0.2567304365 0.4905864137 0 -57.96324737 63.78426893 -9.068948479 1


mesh: pSphereShape11 tranform: pSphere11 0.127587748 -0.1247110618 0.9839555466 0 -2.304280394 3.058961015 0.6864987191 0 -2.071069138 -1.575565841 0.06885733674 0 -59.55158908 59.56194205 -9.804537119 1


mesh: pSphereShape12 tranform: pSphere12 1.041085734 0.03491468447 7.109179738 0 -0.7616889468 3.685234068 0.09344463578 0 -5.737582888 -1.20733773 0.8461552145 0 -56.88471167 49.85019669 -10.93156429 1


mesh: pSphereShape13 tranform: pSphere13 0.5404766075 0.0470688731 4.944963229 0 -0.9223959151 4.605504563 0.0569786856 0 -4.330338284 -0.8732437144 0.4816110924 0 -56.86074345 44.6710045 -10.73013872 1


mesh: pSphereShape14 tranform: pSphere14 0.4304557301 0.09394197549 5.011491421 0 -0.7093807746 5.44064801 -0.04105528383 0 -4.285675569 -0.555932866 0.3785338292 0 -56.43229439 40.33384881 -10.72864983 1


mesh: pSphereShape15 tranform: pSphere15 0.4563649402 0.7351165307 3.335522328 0 -2.318927447 8.177930036 -1.485061074 0 -4.074406531 -1.013541065 0.7808333533 0 -54.19103937 26.86732058 -13.30488061 1


mesh: pSphereShape16 tranform: pSphere16 0.2269123164 0.5743937955 2.190126085 0 -5.496739443 6.04904532 -1.016953424 0 -1.394692642 -1.190563961 0.4567433342 0 -47.72345716 12.68722541 -11.56611979 1


mesh: pSphereShape17 tranform: pSphere17 0.3383949593 0.2874424904 2.512613826 0 -1.194346403 2.036827174 -0.07215986445 0 -5.389856115 -3.122111399 1.083066402 0 -44.78990902 2.352745955 -9.899077304 1


mesh: pSphereShape18 tranform: pSphere18 0.2451705467 0.04842078438 2.892065772 0 4.258101321 6.914514345 -0.4767413142 0 -2.812505986 1.746422466 0.2091862814 0 -59.79224006 27.81135132 -6.295725046 1


mesh: pSphereShape19 tranform: pSphere19 0.1940802361 0.04609443841 1.952835037 0 2.989151789 9.286448581 -0.5162693716 0 -2.165710441 0.7081423932 0.1985217187 0 -66.93678763 13.09143286 -4.934006553 1


mesh: pSphereShape20 tranform: pSphere20 0.3490242291 -0.2518004833 2.585156164 0 0.8761683135 1.641092801 0.04155415896 0 -5.186223356 2.744391195 0.967506982 0 -74.4786218 6.349235495 -4.286438676 1


mesh: pSphereShape21 tranform: pSphere21 0.5130057756 0.1119575664 5.972563178 0 1.768196697 2.78685364 -0.2041174674 0 -5.053860672 3.233916638 0.3734742037 0 -54.78770053 36.57287037 -10.70497305 1


