mesh: pSphereShape1 tranform: pSphere1 -1.259209118 3.003095254 0.7146195496 0 -1.438405412 -0.3070742968 -1.244130316 0 -1.88765048 -1.392621258 2.526137993 0 117.4502853 31.28146983 -26.43798005 1


mesh: pSphereShape2 tranform: pSphere2 -2.651202049 5.217926429 0.7358183261 0 -1.772644475 -0.5341043362 -2.599448076 0 -2.100534115 -1.307140714 1.700995591 0 114.6244376 38.54820637 -24.59392864 1


mesh: pSphereShape3 tranform: pSphere3 -3.101679139 5.675140998 1.623225517 0 -1.705136559 -0.2147433841 -2.5074073 0 -2.073427691 -1.575087508 1.544909349 0 110.1202053 48.14066714 -22.63899313 1


mesh: pSphereShape4 tranform: pSphere4 -0.5197845328 -0.02261803849 4.070917249 0 -0.4534232438 3.345542615 -0.0393063203 0 -3.846742936 -0.5271562 -0.4940902986 0 106.8199029 53.89270272 -18.29449288 1


mesh: pSphereShape5 tranform: pSphere5 -1.155348479 -0.0328659018 4.080766452 0 -0.3968634471 3.119385522 -0.08723708303 0 -3.826409572 -0.5172276575 -1.087500519 0 105.1575868 54.28389049 -11.82974089 1


mesh: pSphereShape6 tranform: pSphere6 -2.974197628 -5.05731582 1.479278164 0 -1.022801876 1.150115933 1.875566513 0 -1.815461465 0.6597484031 -1.394589061 0 101.8772758 48.28603276 -8.839602265 1


mesh: pSphereShape7 tranform: pSphere7 -5.179005196 -2.338312131 0.5447141879 0 -0.5140431814 1.516805477 1.623846707 0 -1.02523001 1.802834958 -2.008540843 0 93.77934356 41.88804163 -8.071587612 1


mesh: pSphereShape8 tranform: pSphere8 -2.492804261 -3.447108455 -0.6182077818 0 -0.5905713412 0.2921692584 0.7522384033 0 -1.466109987 1.361490546 -1.679824134 0 87.01602875 37.73709651 -8.072752374 1


mesh: pSphereShape10 tranform: pSphere10 0.2111420636 0.01716152545 4.160872318 0 -0.009247018285 3.514659897 -0.01402698431 0 -5.061661007 -0.01229185727 0.2569029799 0 105.5629072 63.86470472 -15.18338906 1


mesh: pSphereShape11 tranform: pSphere11 -0.01453082668 0.03800291019 0.9991719741 0 -2.481795527 2.992732248 -0.1499192125 0 -2.004468274 -1.660550171 0.03400731686 0 104.2877124 59.51974273 -15.89677379 1


mesh: pSphereShape12 tranform: pSphere12 -0.910951388 -0.063495662 7.126826149 0 -0.289815841 3.753111491 -0.003606352027 0 -5.85844558 -0.4531134843 -0.7528638641 0 106.6928196 49.79214381 -15.77990906 1


mesh: pSphereShape13 tranform: pSphere13 -0.6120281391 -0.3815689626 4.92207461 0 -0.6029404193 4.649698475 0.2854820847 0 -4.372883176 -0.5311323975 -0.5849141711 0 106.1563628 44.60833098 -15.86806549 1


mesh: pSphereShape14 tranform: pSphere14 -0.5301323377 -0.234727832 4.997301876 0 -0.5677196687 5.453884496 0.1959481241 0 -4.29056072 -0.4295460883 -0.4753347838 0 106.4027708 40.21485569 -16.08042525 1


mesh: pSphereShape15 tranform: pSphere15 0.1031921116 0.07874576958 3.44347571 0 3.210044216 8.004936203 -0.2792545045 0 -3.96201419 1.591671967 0.08233285221 0 103.6720288 27.31131505 -19.66100924 1


mesh: pSphereShape16 tranform: pSphere16 0.06109497632 0.01212089547 2.274684635 0 2.85213158 7.725979743 -0.117773119 0 -1.772123681 0.6548715811 0.04410731176 0 97.22693254 12.39975367 -20.09788242 1


mesh: pSphereShape17 tranform: pSphere17 0.2493573711 0.3527323267 2.514709402 0 0.8165916091 2.182579449 -0.3871180755 0 -5.90025877 2.255191463 0.2687364524 0 89.2388927 4.073347614 -19.8777186 1


mesh: pSphereShape18 tranform: pSphere18 0.08375324096 -0.3668435452 2.878351751 0 -1.46326444 7.932097906 1.053516845 0 -3.261703241 -0.6040787563 0.01791852747 0 108.4322706 26.6751349 -12.96548169 1


mesh: pSphereShape19 tranform: pSphere19 0.09077133859 -0.2482943038 1.945113626 0 -6.073839997 7.549360528 1.247121901 0 -1.788272347 -1.422543352 -0.09813593105 0 114.544136 11.9660208 -14.67038343 1


mesh: pSphereShape20 tranform: pSphere20 0.4460444528 0.002357772278 2.582497352 0 -0.5790322566 1.765679144 0.09839741229 0 -5.560208456 -1.877014061 0.9620632167 0 115.5672984 2.67994532 -15.73707675 1


mesh: pSphereShape21 tranform: pSphere21 -0.6317977252 -0.2797424336 5.955652453 0 1.836069095 2.731156891 0.3230619597 0 -4.95946443 3.377556032 -0.3674715101 0 107.9289082 36.4049891 -16.00277531 1


