mesh: pSphereShape1 tranform: pSphere1 0.1072258162 3.231253769 -0.8138620993 0 0.7991132361 0.4031476287 1.705888338 0 3.134775001 -0.4472666261 -1.362765466 0 -137.0200037 31.17356924 -5.75329322 1


mesh: pSphereShape2 tranform: pSphere2 0.6110777481 5.792647981 -0.9321322237 0 1.513921701 0.28995718 2.794392974 0 2.624679942 -0.4973967297 -1.370364227 0 -136.8566364 38.89212375 -7.898434068 1


mesh: pSphereShape3 tranform: pSphere3 1.689173705 6.292633147 -1.41843582 0 1.310540404 0.2636105756 2.7301447 0 2.621967824 -0.9665032279 -1.165291459 0 -135.37561 49.31869126 -9.904315238 1


mesh: pSphereShape4 tranform: pSphere4 1.408451533 0.1604498234 -3.851438033 0 0.719568359 3.274502753 0.3995573948 0 3.580412201 -0.9417708111 1.270104842 0 -132.4913092 55.63224489 -13.74412558 1


mesh: pSphereShape5 tranform: pSphere5 1.875133667 0.1251608227 -3.802206413 0 0.6838260677 3.0392168 0.4372871896 0 3.490823968 -1.028269871 1.687720693 0 -129.5319709 56.25573216 -19.72264076 1


mesh: pSphereShape6 tranform: pSphere6 0.7623157389 -5.633460249 -2.072090504 0 1.726577515 0.7893389899 -1.510799167 0 1.646671576 -0.3936972176 1.676162927 0 -128.1900191 49.69655891 -23.28329395 1


mesh: pSphereShape7 tranform: pSphere7 2.715622085 -4.87115648 -1.218089992 0 1.531479357 1.160927059 -1.228265736 0 1.640352662 0.3259834401 2.353407046 0 -124.4673116 39.91217863 -25.12896463 1


mesh: pSphereShape8 tranform: pSphere8 -0.5711092725 -4.250642863 -0.2909984452 0 0.7514826426 -0.0559641491 -0.6573749705 0 1.688269497 -0.3610619804 1.960694896 0 -121.9132524 32.473342 -26.25798585 1


mesh: pSphereShape10 tranform: pSphere10 1.429287016 -0.2289741229 -3.906717729 0 0.007465082216 3.508829312 -0.2029226128 0 4.760604066 0.09029079843 1.73639249 0 -130.3938884 65.70761143 -16.75408184 1


mesh: pSphereShape11 tranform: pSphere11 0.3668778966 -0.00863789918 -0.9302290017 0 2.356570337 2.961646429 0.9019189509 0 1.838051336 -1.688065364 0.7405937087 0 -129.4147973 61.35263866 -15.37405953 1


mesh: pSphereShape12 tranform: pSphere12 2.938666366 0.2125428368 -6.553211474 0 0.5314232442 3.709290905 0.358611779 0 5.340761998 -0.9935892582 2.362740381 0 -132.1021627 51.68616432 -16.46616609 1


mesh: pSphereShape13 tranform: pSphere13 2.003736894 0.2853564792 -4.544293336 0 0.8779797723 4.565072557 0.6737931 0 3.98156091 -1.015467321 1.691842877 0 -131.9175186 46.48108659 -16.83787797 1


mesh: pSphereShape14 tranform: pSphere14 2.035231623 0.2594242151 -4.593440411 0 0.9342029738 5.359041887 0.7165837314 0 3.897919604 -0.9036065123 1.67603172 0 -132.4685369 42.13539577 -17.33501143 1


mesh: pSphereShape15 tranform: pSphere15 1.336216846 0.05137017772 -3.175887296 0 0.2139935057 8.623392506 0.2295191438 0 3.9350021 -0.1416533153 1.653314129 0 -134.948304 28.70723346 -13.99072167 1


mesh: pSphereShape16 tranform: pSphere16 0.894414258 0.07091367184 -2.091187243 0 1.982806732 7.915883394 1.116492546 0 1.677059802 -0.5187661763 0.699697547 0 -136.6374027 12.74245273 -14.17307666 1


mesh: pSphereShape17 tranform: pSphere17 0.936974398 0.3580749248 -2.346108245 0 -0.137409273 2.338845103 0.3020887102 0 5.869055673 0.04125138594 2.350243645 0 -134.6570546 2.465648721 -13.59358708 1


mesh: pSphereShape18 tranform: pSphere18 1.343446543 0.3182948765 -2.553495125 0 -3.687436264 7.174857004 -1.045685676 0 2.527018851 1.520116409 1.519000356 0 -127.7776066 29.31292055 -20.14182455 1


mesh: pSphereShape19 tranform: pSphere19 0.8596125087 0.1172207464 -1.760875392 0 4.668670992 8.10543952 2.818696699 0 1.741646775 -1.269456604 0.7657184083 0 -126.8757382 15.24382331 -21.41321624 1


mesh: pSphereShape20 tranform: pSphere20 0.2080717832 0.458758923 -2.571867059 0 0.7223026534 1.677193829 0.3576073002 0 5.460147532 -2.356054555 0.02147917515 0 -126.8837962 5.071097685 -23.29096601 1


mesh: pSphereShape21 tranform: pSphere21 2.42553532 0.309174931 -5.47434102 0 -1.474622146 2.919177055 -0.488499296 0 4.79977364 2.807011451 2.285184284 0 -134.1265936 38.5275605 -18.37644356 1


