mesh: pSphereShape1 tranform: pSphere1 -2.374022821 1.892305045 -1.37770355 0 -0.05157600629 1.090759915 1.587056306 0 2.418572442 2.060465253 -1.337528221 0 148.0478845 32.38488888 -10.30746172 1


mesh: pSphereShape2 tranform: pSphere2 -3.447460969 4.317467981 -2.066770482 0 1.178346987 1.992518645 2.196823617 0 2.16944272 0.8194488299 -1.906900185 0 142.6939439 37.26125813 -13.73745903 1


mesh: pSphereShape3 tranform: pSphere3 -1.140645657 6.186291301 -2.211611931 0 1.361419633 1.134068521 2.470044928 0 2.657042959 -0.02890065152 -1.451218595 0 138.3797054 45.99993352 -17.2618122 1


mesh: pSphereShape4 tranform: pSphere4 0.4488268057 -0.1524759219 -4.076562324 0 0.2733489005 3.363912915 -0.09572511786 0 3.877604446 -0.3026202832 0.4382406013 0 138.0606374 52.00881556 -22.14623098 1


mesh: pSphereShape5 tranform: pSphere5 0.876101805 -0.1169191391 -4.14817317 0 0.1954316058 3.139308017 -0.04720806002 0 3.916997866 -0.2313067894 0.8337966977 0 139.3650008 52.25283999 -28.71679605 1


mesh: pSphereShape6 tranform: pSphere6 -0.5182861053 -5.103576092 -3.208652257 0 1.61383506 0.8439786138 -1.60308346 0 1.767232547 -0.9752026619 1.265668134 0 139.2936951 46.00723961 -33.3311202 1


mesh: pSphereShape7 tranform: pSphere7 0.6914865274 -4.791961371 -3.024146919 0 1.59041683 1.030416899 -1.269107047 0 2.039610107 -0.8719534795 1.848035314 0 140.0880343 36.40611605 -38.07129287 1


mesh: pSphereShape8 tranform: pSphere8 -2.199368974 -3.152791226 -1.923926779 0 0.8150282552 -0.2494128781 -0.5229934602 0 0.7104619569 -1.652005806 1.895010487 0 139.5962879 29.27562153 -41.54092064 1


mesh: pSphereShape10 tranform: pSphere10 2.186793066 0.2234209214 -3.539174072 0 -0.7613368003 3.421806677 -0.2544047897 0 4.171886355 1.125156719 2.64876367 0 137.4794312 61.89503975 -25.63116794 1


mesh: pSphereShape11 tranform: pSphere11 0.4436109295 -0.03007764513 -0.8957146189 0 1.66446161 3.444645815 0.708670501 0 2.050066595 -1.207823113 1.055872487 0 139.3727106 57.91193998 -24.43756969 1


mesh: pSphereShape12 tranform: pSphere12 1.852816931 -0.1609864328 -6.940221025 0 -0.05589416055 3.762483712 -0.1021971024 0 5.722950134 0.1264380353 1.524911679 0 138.4877362 47.8358847 -24.50378652 1


mesh: pSphereShape13 tranform: pSphere13 1.410012947 0.01305981647 -4.770606325 0 -0.07490306008 4.696704852 -0.00928103852 0 4.26085924 0.07044114515 1.259543595 0 139.6136676 42.77263962 -24.30939065 1


mesh: pSphereShape14 tranform: pSphere14 1.558216346 0.09218258597 -4.782533605 0 -0.1877416258 5.483459499 0.04452397495 0 4.122122344 0.1302069434 1.345554838 0 139.9685609 38.37372829 -24.22399934 1


mesh: pSphereShape15 tranform: pSphere15 0.5193485846 0.008467080385 -3.406549549 0 -0.03559442464 8.629011932 0.0160210861 0 4.221750727 0.01621952532 0.6436711298 0 139.0104497 24.72022528 -20.27427812 1


mesh: pSphereShape16 tranform: pSphere16 0.5543710773 0.2521641922 -2.192522663 0 6.896301608 3.931712351 2.195893936 0 0.9250116283 -1.647302108 0.04442785885 0 133.6376656 12.2176879 -21.23795647 1


mesh: pSphereShape17 tranform: pSphere17 0.7738364193 0.01766749587 -2.431301632 0 2.043911317 0.9849867739 0.657695139 0 2.524131844 -5.746289724 0.7616260253 0 126.4614522 3.021662482 -23.23055766 1


mesh: pSphereShape18 tranform: pSphere18 1.217650204 0.2733611512 -2.620896652 0 -4.608033634 6.542796783 -1.458442335 0 2.35298713 1.946112947 1.29616211 0 146.1483076 26.07513086 -26.30463718 1


mesh: pSphereShape19 tranform: pSphere19 0.8002792565 0.1166930867 -1.788656577 0 1.177163454 9.629132397 1.154896196 0 2.070212001 -0.3613489833 0.9026779167 0 150.7072212 11.56430946 -25.87089874 1


mesh: pSphereShape20 tranform: pSphere20 0.7865995637 -0.09352568127 -2.49815289 0 0.08678104126 1.858296958 -0.042245837 0 5.665850352 -0.2238430903 1.792400501 0 154.197199 1.907812427 -24.77061702 1


mesh: pSphereShape21 tranform: pSphere21 1.857041106 0.1098607724 -5.699697297 0 -2.102899732 2.471054706 -0.6375249557 0 4.249340878 3.993298131 1.461464893 0 139.0487096 34.40154415 -24.6992204 1


