mesh: pSphereShape1 tranform: pSphere1 0.9790653068 3.112457362 0.6847701117 0 -1.162282954 0.6698006243 -1.382617248 0 -2.556012257 0.2993874764 2.293721854 0 108.5809335 28.21820208 -30.50454307 1


mesh: pSphereShape2 tranform: pSphere2 0.9506637051 5.719978877 1.084037498 0 -2.663436346 0.7444977948 -1.592638076 0 -1.58160071 -0.2190051739 2.542601492 0 110.9139299 35.6649711 -28.67557712 1


mesh: pSphereShape3 tranform: pSphere3 -0.5858768662 6.307537561 2.081878509 0 -2.477905863 0.3400938688 -1.72771973 0 -1.733522 -0.9217411269 2.304786913 0 111.6364927 45.95648488 -26.22920522 1


mesh: pSphereShape4 tranform: pSphere4 0.5562855211 -0.2123140571 4.060606352 0 -1.406589662 3.049148448 0.3521253766 0 -3.518411236 -1.668651366 0.3947595377 0 110.9041981 51.8400056 -21.35125743 1


mesh: pSphereShape5 tranform: pSphere5 -0.2295338656 -0.4872781037 4.206951315 0 -1.264121529 2.86851139 0.2632795121 0 -3.666866742 -1.580780239 -0.3831633824 0 110.7007399 51.59443856 -14.6962997 1


mesh: pSphereShape6 tranform: pSphere6 0.6496995834 -5.754451578 1.753492576 0 -1.233985095 0.4801913405 2.033061028 0 -2.035278702 -0.5655184832 -1.101760583 0 111.5652429 44.73333616 -11.5141357 1


mesh: pSphereShape7 tranform: pSphere7 -1.903313955 -5.164386717 1.514271381 0 -1.157967745 0.9337047412 1.728908191 0 -2.29351543 0.3408745872 -1.720214599 0 109.5529565 34.55853861 -9.477884086 1


mesh: pSphereShape8 tranform: pSphere8 0.6010231724 -4.2495943 -0.2419299073 0 -0.4361705856 -0.1125152468 0.8928020719 0 -2.322308819 -0.2619765275 -1.167559064 0 107.787166 26.92716671 -8.172261688 1


mesh: pSphereShape10 tranform: pSphere10 -0.2028073019 -0.4935471593 4.131950428 0 -0.1531955672 3.487453197 0.4090449459 0 -5.057360517 -0.190375845 -0.2709686668 0 109.581637 61.48998238 -16.99240585 1


mesh: pSphereShape11 tranform: pSphere11 -0.01808518 -0.1368507371 0.9904265758 0 -2.70977321 2.772022996 0.3335397718 0 -1.867430847 -1.791605635 -0.2816517464 0 108.4721383 57.11598184 -18.06115183 1


mesh: pSphereShape12 tranform: pSphere12 0.001316714044 -0.7049631923 7.150422383 0 -1.38800075 3.482136116 0.343560878 0 -5.506555617 -2.173900586 -0.2133117816 0 112.6288436 47.87747042 -19.23544361 1


mesh: pSphereShape13 tranform: pSphere13 -0.2079498137 -0.3671269937 4.956709233 0 -2.132095685 4.179765839 0.2201331397 0 -3.95520405 -2.001002199 -0.3141410548 0 113.7695557 42.77327045 -19.48387001 1


mesh: pSphereShape14 tranform: pSphere14 -0.4360219817 -0.16197326 5.009272701 0 -2.31210575 4.975750717 -0.04036321807 0 -3.916152561 -1.822980562 -0.3998190604 0 115.4478669 38.71528098 -19.59237317 1


mesh: pSphereShape15 tranform: pSphere15 -0.4044260736 0.1571126246 3.418498156 0 -2.603665079 8.198372977 -0.6848205948 0 -4.040563305 -1.318084191 -0.4174410577 0 119.9596485 25.79268598 -23.02054513 1


mesh: pSphereShape16 tranform: pSphere16 -0.3989567312 0.2269995776 2.228760736 0 -6.548875194 4.713929889 -1.652388197 0 -1.097148234 -1.538152023 -0.0397327591 0 127.8416069 12.83674095 -21.78042674 1


mesh: pSphereShape17 tranform: pSphere17 -0.8485250887 0.09256445434 2.404537287 0 -2.033386065 0.9368765155 -0.753617157 0 -2.436120356 -5.799262392 -0.6364233528 0 134.6586573 2.75467676 -20.26009942 1


mesh: pSphereShape18 tranform: pSphere18 -0.6703923355 -0.1323500028 2.821268366 0 3.929870985 7.009356201 1.262639083 0 -2.801558281 1.676475086 -0.5870628037 0 112.725696 26.41082422 -16.92927328 1


mesh: pSphereShape19 tranform: pSphere19 -0.4177808629 -0.1570141607 1.91158631 0 -2.792288607 9.360430748 0.1585884106 0 -2.137023766 -0.6287027669 -0.5186911337 0 110.2123235 11.50944212 -18.07811386 1


mesh: pSphereShape20 tranform: pSphere20 -0.09761303662 0.1951960599 2.611632436 0 -0.0108958204 1.855563901 -0.1390939749 0 -5.942591328 -0.05125716785 -0.2182807886 0 107.7858709 2.066850725 -19.0680653 1


mesh: pSphereShape21 tranform: pSphere21 -0.5196394872 -0.1930354553 5.969918965 0 0.8466019225 3.191662742 0.1768921598 0 -5.787826704 1.560370603 -0.4533355422 0 118.1305964 35.61668803 -19.36457424 1


