mesh: pSphereShape1 tranform: pSphere1 0.7631794712 3.146516452 0.7948969243 0 -1.275098101 0.6367045449 -1.296108464 0 -2.460655227 -0.01310114798 2.41433131 0 135.0074708 30.91811666 -28.07978345 1


mesh: pSphereShape2 tranform: pSphere2 0.6154621339 5.762061652 1.103135988 0 -2.417433693 0.637924309 -1.983364085 0 -1.93487032 -0.2306270037 2.284148517 0 136.8448384 38.44553536 -26.03249555 1


mesh: pSphereShape3 tranform: pSphere3 -0.4141513179 6.367139007 1.936625792 0 -2.213716966 0.4731092045 -2.028872013 0 -2.066412252 -0.7658710677 2.076085225 0 137.4681046 48.84225491 -23.62751326 1


mesh: pSphereShape4 tranform: pSphere4 0.2392110354 -0.08525709265 4.096164559 0 -0.5519412757 3.329391153 0.1015302603 0 -3.854610147 -0.6454661656 0.2116698934 0 136.9081604 55.04746174 -18.92885888 1


mesh: pSphereShape5 tranform: pSphere5 -0.4354420889 -0.1316765513 4.216825415 0 -0.4512056635 3.112800849 0.05060891145 0 -3.948533976 -0.5654303811 -0.4253938991 0 136.4216623 55.30283379 -12.26664314 1


mesh: pSphereShape6 tranform: pSphere6 -1.14917566 -5.632972956 1.886682194 0 -1.202934755 0.8857444789 1.911817139 0 -2.018915117 -0.01177266429 -1.264867617 0 135.1631252 48.64742054 -8.886655891 1


mesh: pSphereShape7 tranform: pSphere7 -2.97935686 -4.597488923 1.604069915 0 -1.036284716 1.23455262 1.613632918 0 -2.084254448 0.6974847666 -1.872149881 0 130.5791981 39.28502345 -6.703928986 1


mesh: pSphereShape8 tranform: pSphere8 0.09703725006 -4.29485075 0.1537902986 0 -0.7180643825 0.008695788539 0.6959223562 0 -1.817254201 -0.1081531456 -1.873722014 0 127.3634001 32.1328502 -5.469649945 1


mesh: pSphereShape10 tranform: pSphere10 0.02228824786 -0.2224935963 4.160256455 0 -0.1664383081 3.505699369 0.1883790788 0 -5.06243276 -0.2411110264 0.01422679044 0 135.7033497 64.86569147 -15.20623134 1


mesh: pSphereShape11 tranform: pSphere11 -0.01220098541 -0.04733876434 0.9988043739 0 -2.574172334 2.915557355 0.1067390634 0 -1.951728214 -1.719342576 -0.1053304964 0 134.6622634 60.55167331 -16.07240561 1


mesh: pSphereShape12 tranform: pSphere12 -0.3595412739 -0.2051492151 7.17315544 0 -0.4320897531 3.738432999 0.08525989716 0 -5.877349371 -0.672149706 -0.3138145665 0 137.389676 50.91762568 -16.50619823 1


mesh: pSphereShape13 tranform: pSphere13 -0.3277704998 -0.2472633605 4.957662666 0 -0.6725546449 4.645143193 0.1872112337 0 -4.388143906 -0.6224010233 -0.3211596265 0 137.0007257 45.72796473 -16.54905942 1


mesh: pSphereShape14 tranform: pSphere14 -0.3601621502 -0.1449808229 5.015817708 0 -0.6391777274 5.448353659 0.1115868249 0 -4.297385367 -0.4975366026 -0.322956079 0 137.3080441 41.33862227 -16.69546622 1


mesh: pSphereShape15 tranform: pSphere15 -0.190832591 0.2401805863 3.432239892 0 0.03650819663 8.608113686 -0.6003469754 0 -4.263976507 0.001542351997 -0.23718509 0 137.8929787 27.7554172 -20.29306602 1


mesh: pSphereShape16 tranform: pSphere16 -0.1416721327 0.205100804 2.261842693 0 -2.164642505 7.901115617 -0.8520462949 0 -1.819537459 -0.5058364184 -0.06809947335 0 139.1430716 11.79460255 -19.80354377 1


mesh: pSphereShape17 tranform: pSphere17 -0.5605964662 0.009470219113 2.489177472 0 -0.1082166034 2.359557656 -0.03334891721 0 -6.160989314 -0.3021565906 -1.386388631 0 137.1999555 1.278315457 -20.13477181 1


mesh: pSphereShape18 tranform: pSphere18 0.4542983719 0.122559016 2.864452805 0 0.2717364183 8.120520496 -0.3905431473 0 -3.274468691 0.1342731729 0.5135813042 0 137.7339246 27.43111568 -12.29161606 1


mesh: pSphereShape19 tranform: pSphere19 0.3295340048 0.09570358621 1.932771243 0 -2.846967779 9.345263544 0.022660446 0 -2.153949487 -0.6571547232 0.399784334 0 139.5031889 11.24999358 -11.42580145 1


mesh: pSphereShape20 tranform: pSphere20 1.110910361 0.2893155854 2.355934729 0 -0.044273382 1.848815776 -0.206163377 0 -5.384249977 0.1520936032 2.520195471 0 137.2683377 1.951139046 -9.925833475 1


mesh: pSphereShape21 tranform: pSphere21 -0.4292317428 -0.1727843174 5.977719132 0 1.806375397 2.761854179 0.2095379058 0 -5.016953643 3.301402016 -0.2648176046 0 138.8904945 37.55228511 -16.59692605 1


