mesh: pSphereShape1 tranform: pSphere1 -0.718080631 3.182763512 -0.6850156517 0 1.880669718 0.3957001816 -0.1329201719 0 -0.08158239421 -0.7427231424 -3.365367455 0 115.4088532 30.19093348 12.82758903 1


mesh: pSphereShape2 tranform: pSphere2 -0.7173264261 5.733797934 -1.185774507 0 3.157500844 0.4305351808 0.1717383305 0 0.2384669573 -0.577478174 -2.936647559 0 113.3682206 37.78142011 11.28247702 1


mesh: pSphereShape3 tranform: pSphere3 -0.7379736528 6.219745156 -2.28750191 0 2.989803798 0.4632981572 0.2951691695 0 0.4325215773 -0.9890203058 -2.828694375 0 111.865688 48.09953666 8.725348791 1


mesh: pSphereShape4 tranform: pSphere4 -2.856406876 0.3959700094 -2.920137376 0 0.5460872153 3.330882038 -0.08250224342 0 2.738193337 -0.5169960764 -2.748538231 0 109.4311717 54.61559263 4.489226013 1


mesh: pSphereShape5 tranform: pSphere5 -2.555639896 0.4100775659 -3.35992652 0 0.5419036663 3.098525552 -0.03401110483 0 3.12594366 -0.5735658059 -2.447670433 0 105.3597721 55.69452613 -0.7150716977 1


mesh: pSphereShape6 tranform: pSphere6 -0.7661630382 -5.241199898 -2.924615625 0 -0.4579014157 1.21169763 -2.051525098 0 2.320100373 -0.03775092907 -0.5401444798 0 103.5674394 49.63990862 -4.891162614 1


mesh: pSphereShape7 tranform: pSphere7 0.9314271401 -4.045329957 -3.918451354 0 -0.3620804632 1.523147646 -1.658534402 0 2.811324576 0.6571884829 -0.01020817762 0 105.0052765 41.07470236 -11.01060952 1


mesh: pSphereShape8 tranform: pSphere8 -0.2552096272 -4.22497809 -0.7504923916 0 -0.05203539293 0.1777037172 -0.9827073353 0 2.604305776 -0.1286838596 -0.1611707462 0 106.2231688 34.51214674 -15.32027997 1


mesh: pSphereShape10 tranform: pSphere10 -3.334435294 0.4672753307 -2.453758132 0 0.4084890537 3.489168298 0.1093514266 0 2.980959912 -0.2207192097 -4.092886929 0 109.0738543 64.77389296 1.843427481 1


mesh: pSphereShape11 tranform: pSphere11 -0.7309381051 0.1611860172 -0.6631353967 0 2.174749846 2.71928421 -1.736141587 0 1.01925238 -1.813929704 -1.564372092 0 110.0419528 60.21137463 1.197287937 1


mesh: pSphereShape12 tranform: pSphere12 -4.507842948 0.6793583584 -5.553677994 0 0.4323587258 3.737862868 0.1062976913 0 4.562582303 -0.420972419 -3.75488021 0 107.2911574 50.79255346 2.502219135 1


mesh: pSphereShape13 tranform: pSphere13 -3.193877329 0.4396084638 -3.788519999 0 0.6788572729 4.647881056 -0.03297831413 0 3.345796832 -0.5091108769 -2.879719284 0 107.3014759 45.65288719 1.622022861 1


mesh: pSphereShape14 tranform: pSphere14 -3.274225509 0.319822522 -3.806090431 0 0.6651900617 5.445174693 -0.1146827099 0 3.251336219 -0.4569047748 -2.835386237 0 106.9113133 41.25017851 1.517367524 1


mesh: pSphereShape15 tranform: pSphere15 -2.313101577 0.2165930759 -2.544999608 0 -0.5326835154 8.527242118 1.209859785 0 3.154450874 0.5966271765 -2.816244039 0 110.0993932 27.93063691 3.524448281 1


mesh: pSphereShape16 tranform: pSphere16 -1.507241653 0.2280252614 -1.689466418 0 1.978790842 7.965374105 -0.6902827162 0 1.34100405 -0.4419848035 -1.256018373 0 109.9917652 12.09556739 3.052497756 1


mesh: pSphereShape17 tranform: pSphere17 -1.399606054 0.05231144749 -2.132774947 0 0.1825721013 2.354389701 -0.06206350336 0 5.263603159 -0.4995458153 -3.466424257 0 111.6778 1.369607291 1.582623646 1


mesh: pSphereShape18 tranform: pSphere18 -1.742653967 0.1939497321 -2.313447265 0 -2.369118268 7.400828376 2.405043812 0 2.47079178 1.358746283 -1.747265512 0 106.5750574 28.08780487 -3.769749 1


mesh: pSphereShape19 tranform: pSphere19 -1.248462661 0.01735690166 -1.514726456 0 5.663925846 6.500500597 -4.593813855 0 1.164838028 -1.707229628 -0.9796415677 0 104.7903829 14.96287012 -3.397843721 1


mesh: pSphereShape20 tranform: pSphere20 -1.93326662 0.6574249198 -1.642719221 0 1.075187596 1.330117942 -0.7330355629 0 2.076826591 -3.881955906 -3.997733751 0 101.5573566 5.070701251 -1.824247363 1


mesh: pSphereShape21 tranform: pSphere21 -3.902135525 0.3811560388 -4.535998098 0 -1.282732114 2.740511809 1.333765369 0 3.923415002 3.342353971 -3.094299944 0 105.5172622 37.46413311 2.27413042 1


