mesh: pSphereShape1 tranform: pSphere1 -0.3129502517 3.261760828 0.6146936258 0 -1.471493262 0.09247965842 -1.239887127 0 -2.201254062 -0.6937739833 2.560693203 0 133.145586 30.43331715 -30.55183887 1


mesh: pSphereShape2 tranform: pSphere2 -1.097306838 5.757925689 0.6627719069 0 -2.211373624 -0.157191256 -2.295600963 0 -2.091442309 -0.6354866263 2.058220647 0 132.5623321 38.26246857 -28.95021696 1


mesh: pSphereShape3 tranform: pSphere3 -1.724919088 6.272118765 1.465496584 0 -2.025382221 -0.02739579944 -2.266665635 0 -2.117541308 -1.027355779 1.904548991 0 130.6036071 48.69819557 -27.27004085 1


mesh: pSphereShape4 tranform: pSphere4 -0.2373099761 0.2711973043 4.088176951 0 -0.5804966247 3.316391868 -0.2536960085 0 -3.849076188 -0.6873408652 -0.1778345696 0 128.5956614 55.11148368 -23.10334459 1


mesh: pSphereShape5 tranform: pSphere5 -0.6073152026 0.2526383473 4.189976995 0 -0.5354609171 3.088583238 -0.2638410954 0 -3.910935402 -0.7227323235 -0.5232918054 0 127.6219964 55.95191014 -16.51268717 1


mesh: pSphereShape6 tranform: pSphere6 -0.9062930883 -5.510189593 2.329592715 0 -1.326044178 0.972354093 1.784033193 0 -1.962961109 -0.2389341483 -1.328811909 0 126.5633191 49.55698771 -12.6017181 1


mesh: pSphereShape7 tranform: pSphere7 -3.015848413 -4.509892234 1.775399216 0 -1.137621232 1.334756129 1.45810198 0 -1.983720175 0.5272595508 -2.030369033 0 122.2107006 40.27015625 -9.887953239 1


mesh: pSphereShape8 tranform: pSphere8 0.1468155199 -4.291445712 0.2018651795 0 -0.6642013763 0.01243616062 0.7474502482 0 -1.95091442 -0.1481751941 -1.731161794 0 119.0411399 33.16645371 -8.296078074 1


mesh: pSphereShape10 tranform: pSphere10 -0.2078862715 0.06231850219 4.160604961 0 -0.2099493338 3.507857571 -0.06303170245 0 -5.052816379 -0.3068708044 -0.247869586 0 126.7555443 65.17807673 -20.19282656 1


mesh: pSphereShape11 tranform: pSphere11 -0.07968904512 0.02965962167 0.9963784236 0 -2.721158964 2.764699868 -0.2999327409 0 -1.849000132 -1.83001374 -0.09340581611 0 125.7502215 60.69285893 -20.85971212 1


mesh: pSphereShape12 tranform: pSphere12 -0.913173535 0.4262809487 7.114064502 0 -0.4484612157 3.726907346 -0.2808847898 0 -5.833400004 -0.7549609204 -0.7035473244 0 128.8080425 51.21324749 -20.28970436 1


mesh: pSphereShape13 tranform: pSphere13 -0.644212581 0.4596712003 4.911281332 0 -0.7869285751 4.600062221 -0.5337640493 0 -4.342924772 -0.8003484786 -0.4947526861 0 128.4851038 46.03482139 -19.75019692 1


mesh: pSphereShape14 tranform: pSphere14 -0.7224828605 0.4329756207 4.959809888 0 -0.8428720711 5.389173797 -0.5932367493 0 -4.241123546 -0.7243614023 -0.5545592081 0 128.9385913 41.66569271 -19.3091381 1


mesh: pSphereShape15 tranform: pSphere15 -0.4968090462 0.3411039902 3.392816428 0 -1.39574542 8.450001389 -1.053917363 0 -4.169114958 -0.7553122611 -0.5345452777 0 131.4844195 28.14904061 -22.23004001 1


mesh: pSphereShape16 tranform: pSphere16 -0.3618381409 0.28425711 2.228528832 0 -3.796767109 7.147624362 -1.528173272 0 -1.649867536 -0.9088853032 -0.1519513176 0 135.7401666 12.86964428 -20.71342571 1


mesh: pSphereShape17 tranform: pSphere17 -0.6060045831 0.288981739 2.461627626 0 -0.9483768543 2.109373977 -0.4811009056 0 -5.592318589 -2.754557931 -1.053349307 0 136.5526112 1.562700085 -19.79235734 1


mesh: pSphereShape18 tranform: pSphere18 -0.5255788815 0.4662989372 2.816527958 0 4.287998603 6.903965785 -0.342844244 0 -2.754172846 1.671332299 -0.7906456431 0 124.4731138 29.15275009 -14.90923156 1


mesh: pSphereShape19 tranform: pSphere19 -0.321948736 0.2462815164 1.920690225 0 -2.505416672 9.303815122 -1.612947984 0 -2.178625337 -0.6358551809 -0.2836513084 0 121.3642405 14.50033673 -12.92441806 1


mesh: pSphereShape20 tranform: pSphere20 0.3087504956 0.5246570538 2.549051175 0 -0.06228748404 1.823050225 -0.367683818 0 -5.902050654 -0.05518153064 0.7262358881 0 118.6134518 5.047938802 -11.44255514 1


mesh: pSphereShape21 tranform: pSphere21 -0.8610360004 0.5160089147 5.91097049 0 1.684699878 2.845437415 -0.002991696219 0 -5.100352338 3.018710527 -1.006479144 0 130.6458201 37.99232316 -18.64435656 1


