mesh: pSphereShape1 tranform: pSphere1 0.8127791878 3.111316582 0.8797550407 0 -1.602839507 0.6570353913 -0.8428374728 0 -1.717802676 -0.3891804469 2.963390627 0 134.3386397 31.92866838 -25.73179929 1


mesh: pSphereShape2 tranform: pSphere2 0.7721436711 5.674202524 1.415724902 0 -2.827799617 0.7087622596 -1.298411169 0 -1.335027311 -0.4785870279 2.646299861 0 136.4408698 39.33846047 -23.52107347 1


mesh: pSphereShape3 tranform: pSphere3 0.03426933444 6.178544534 2.507371723 0 -2.636918373 0.5812496662 -1.396247504 0 -1.506257456 -0.9804363 2.436530542 0 137.5231098 49.53084958 -20.45816255 1


mesh: pSphereShape4 tranform: pSphere4 1.224993169 -0.400272818 3.896437885 0 -0.4538757769 3.31069479 0.4827937503 0 -3.698344325 -0.6665911661 1.094237438 0 138.1101216 55.34131089 -15.26602129 1


mesh: pSphereShape5 tranform: pSphere5 0.4748797234 -0.4729165649 4.188007197 0 -0.4012984334 3.094934676 0.3949884245 0 -3.953225363 -0.5617005076 0.38482959 0 139.1218656 55.06267693 -8.677222299 1


mesh: pSphereShape6 tranform: pSphere6 -0.9262685856 -5.665330856 1.91222685 0 -0.6934311588 0.8445439143 2.166226878 0 -2.253748743 0.1104385573 -0.7645043237 0 138.4069946 48.26195516 -5.379140005 1


mesh: pSphereShape7 tranform: pSphere7 -2.816824392 -4.508151156 2.080525292 0 -0.5736347674 1.210365707 1.846016085 0 -2.403878429 0.8884425763 -1.329505572 0 133.9659991 39.02833048 -2.525161576 1


mesh: pSphereShape8 tranform: pSphere8 -0.1812098328 -4.294364066 -0.06641467768 0 -0.4363948553 0.004499578991 0.8997440103 0 -2.347992882 0.1167001499 -1.13940977 0 130.7219008 32.0068803 -0.7080355343 1


mesh: pSphereShape10 tranform: pSphere10 0.8355952273 -0.6240729352 4.033614697 0 -0.08514579415 3.469646345 0.5544554862 0 -4.963692048 -0.2792253623 0.9850669169 0 137.8846409 64.79427827 -10.50203909 1


mesh: pSphereShape11 tranform: pSphere11 0.1923431526 -0.140778098 0.9711774497 0 -2.460686575 2.87504097 0.904097406 0 -1.953285607 -1.715239902 0.1382166571 0 136.6477358 60.5782466 -11.54180197 1


mesh: pSphereShape12 tranform: pSphere12 1.241159265 -0.7780096923 7.034183655 0 -0.3712091538 3.715514946 0.4764499315 0 -5.805605881 -0.7014361029 0.9467989136 0 139.1232303 51.03959412 -13.36242705 1


mesh: pSphereShape13 tranform: pSphere13 0.693427597 -0.669446922 4.880367892 0 -0.5314066946 4.613097146 0.7082899956 0 -4.371491132 -0.5865873165 0.5406607813 0 138.6635488 45.87573005 -13.75158517 1


mesh: pSphereShape14 tranform: pSphere14 0.636618863 -0.4040850748 4.973991875 0 -0.4591319908 5.444600337 0.5010812006 0 -4.287916603 -0.4090412567 0.515578069 0 138.8296752 41.51814184 -14.23543381 1


mesh: pSphereShape15 tranform: pSphere15 0.324759238 -0.1419792732 3.427644642 0 0.9980794006 8.567231132 0.2603052058 0 -4.222768918 0.4791915872 0.4199439088 0 137.5547026 28.01006937 -18.74257809 1


mesh: pSphereShape16 tranform: pSphere16 0.181860168 0.0123946097 2.268224626 0 -2.648641172 7.797125856 0.169753909 0 -1.783006513 -0.6088623926 0.1462837816 0 138.0765023 12.35011022 -19.9457988 1


mesh: pSphereShape17 tranform: pSphere17 -0.5236248368 -0.1311734292 2.493786906 0 -0.2634359389 2.346550066 0.06811464845 0 -6.14741328 -0.6516773338 -1.325061503 0 136.7442634 1.729315317 -21.43149065 1


mesh: pSphereShape18 tranform: pSphere18 0.762532788 -0.1464595175 2.797068278 0 -0.03690271023 8.122702783 0.4353796674 0 -3.200688277 -0.06113953017 0.8693657241 0 140.234107 27.64199731 -10.90387683 1


mesh: pSphereShape19 tranform: pSphere19 0.529675006 -0.0652326912 1.889059448 0 -1.847144046 9.555565142 0.8478935194 0 -2.159465889 -0.4697248288 0.5892740402 0 141.638242 11.24678512 -11.58400941 1


mesh: pSphereShape20 tranform: pSphere20 1.103098086 0.1064983742 2.374886628 0 -0.02299321922 1.859239093 -0.07269490782 0 -5.393869404 0.0311974059 2.503969862 0 138.4859034 1.756785757 -10.8468136 1


mesh: pSphereShape21 tranform: pSphere21 0.7587055549 -0.4815779247 5.927872208 0 1.884970705 2.71683643 -0.02054182188 0 -4.880316284 3.392823405 0.9002609607 0 140.2989185 37.70638715 -14.63799863 1


