mesh: pSphereShape1 tranform: pSphere1 -0.9433553311 3.017244006 -1.058862192 0 1.447819872 0.7993668224 0.9879247427 0 2.054273805 -0.322629759 -2.749520074 0 88.12240661 32.22505648 21.66156004 1


mesh: pSphereShape2 tranform: pSphere2 -1.035405172 5.555977086 -1.690003515 0 2.649548827 0.9510516996 1.50334888 0 1.588447877 -0.4658832849 -2.504801893 0 85.71983919 39.39329356 19.00528722 1


mesh: pSphereShape3 tranform: pSphere3 -0.1737678375 6.078280336 -2.736204087 0 2.462312884 0.7897968349 1.598102936 0 1.773712785 -0.9648729619 -2.2560388 0 84.26728651 49.37893868 15.47609551 1


mesh: pSphereShape4 tranform: pSphere4 -0.936910983 -0.4224086536 -3.973263586 0 0.439372603 3.316419952 -0.4561835541 0 3.776457038 -0.6138350578 -0.8252447299 0 83.77271798 55.10609749 10.06011049 1


mesh: pSphereShape5 tranform: pSphere5 -0.6310105497 -0.4415136882 -4.170786072 0 0.3997810666 3.095987158 -0.3882210095 0 3.933892721 -0.5749777808 -0.5343038961 0 82.77911975 54.84289968 3.42550331 1


mesh: pSphereShape6 tranform: pSphere6 0.5491606174 -5.755213762 -1.785075879 0 0.6719567273 0.7488961457 -2.207774626 0 2.279016939 0.002098241163 0.6943517288 0 83.07509498 47.95389439 0.2473346636 1


mesh: pSphereShape7 tranform: pSphere7 2.342795676 -4.78240617 -2.055823834 0 0.5996955497 1.110435058 -1.899767513 0 2.520964902 0.7135804242 1.212883227 0 86.76337914 38.33917286 -2.503278906 1


mesh: pSphereShape8 tranform: pSphere8 -0.2646376432 -4.288476786 0.1332081725 0 0.5042017033 -0.05787808012 -0.8616442249 0 2.250343367 -0.0977596915 1.323382747 0 89.35008117 31.00825229 -4.118424825 1


mesh: pSphereShape10 tranform: pSphere10 -1.161330968 -0.2966273717 -3.990119863 0 -0.1883136673 3.503621232 -0.2056518331 0 4.859731219 0.177405277 -1.427621179 0 83.46399347 64.79872529 6.132464574 1


mesh: pSphereShape11 tranform: pSphere11 -0.2286303712 -0.04813960908 -0.9723223392 0 2.315721003 3.048284267 -0.6954353903 0 2.005432603 -1.612850232 -0.3917022221 0 85.13593673 60.53168926 6.743098315 1


mesh: pSphereShape12 tranform: pSphere12 -1.00647772 -0.7567009038 -7.07389012 0 0.2038081034 3.734265634 -0.428455976 0 5.856792727 -0.4102268636 -0.7894259389 0 83.08014346 50.78492536 8.064266182 1


mesh: pSphereShape13 tranform: pSphere13 -0.5094959438 -0.4693822472 -4.926163413 0 0.2893209243 4.664333959 -0.4743576688 0 4.411835328 -0.3169924128 -0.4260966227 0 83.7981495 45.65056135 8.328482031 1


mesh: pSphereShape14 tranform: pSphere14 -0.3863088047 -0.1299466815 -5.014283883 0 0.3340677853 5.474108716 -0.167600321 0 4.317248345 -0.27343468 -0.3255218804 0 83.78556429 41.24238365 8.590473229 1


mesh: pSphereShape15 tranform: pSphere15 -0.471378783 -0.3141883806 -3.399038419 0 -1.058522334 8.539789121 -0.6425751273 0 4.197862218 0.4732366457 -0.6259030868 0 84.95688775 27.63967854 13.20772101 1


mesh: pSphereShape16 tranform: pSphere16 -0.1207299092 0.06355558024 -2.271443302 0 6.754051901 4.70854895 -0.2272394436 0 1.07692668 -1.549623628 -0.1005988082 0 81.02958571 14.71342089 14.82714971 1


mesh: pSphereShape17 tranform: pSphere17 0.50512394 -0.4664864883 -2.45715338 0 2.140277673 0.9663011999 0.2565322307 0 2.364971097 -5.652157621 1.559226506 0 73.934944 4.761296415 16.36142709 1


mesh: pSphereShape18 tranform: pSphere18 -0.2295359668 -0.282914646 -2.879890647 0 -1.901044399 7.884608917 -0.6230491001 0 3.214674923 0.7490234561 -0.3298018358 0 84.97964197 27.68827736 5.221234766 1


mesh: pSphereShape19 tranform: pSphere19 -0.1827790915 -0.1949707435 -1.944719704 0 1.751123423 9.545434809 -1.121575138 0 2.240033287 -0.4306023068 -0.1673641689 0 85.89957231 11.59104262 6.333261324 1


mesh: pSphereShape20 tranform: pSphere20 -0.8626726141 0.2213809802 -2.464759666 0 0.02741808437 1.853970394 0.1569244085 0 5.614719768 0.0826726262 -1.957741722 0 89.27597152 2.127229889 6.358851918 1


mesh: pSphereShape21 tranform: pSphere21 -0.4603926353 -0.1548670245 -5.97589116 0 -1.9571279 2.664152018 0.08173809775 0 4.823571569 3.55770158 -0.4638149206 0 82.40314325 37.37889794 8.70271687 1


