mesh: pSphereShape1 tranform: pSphere1 -1.027212809 3.070605325 -0.7944095878 0 1.066444153 -0.05803181231 -1.603276075 0 -2.667191032 -1.338713255 -1.725668067 0 138.4294939 31.4107769 -6.432373388 1


mesh: pSphereShape2 tranform: pSphere2 -1.364319417 5.461730636 -1.762154397 0 2.4057111 -0.07518210418 -2.095606817 0 -1.84653776 -1.132074759 -2.079170858 0 135.830559 38.82208889 -8.007771451 1


mesh: pSphereShape3 tranform: pSphere3 -2.288763702 5.876351045 -2.166231524 0 2.316152852 0.179364402 -1.960602242 0 -1.662863491 -1.41969738 -2.094299956 0 132.7999195 48.73663396 -10.92525812 1


mesh: pSphereShape4 tranform: pSphere4 -4.097059173 -0.194143875 0.1395316154 0 -0.1717843174 3.350205936 -0.3826269129 0 -0.1110576659 -0.4495733375 -3.886515163 0 127.777627 54.52404177 -12.91571116 1


mesh: pSphereShape5 tranform: pSphere5 -4.213484039 -0.1958677038 -0.4435687172 0 -0.1111023103 3.126892931 -0.325382565 0 0.4361774749 -0.3973887479 -3.967798311 0 121.1098152 54.65568472 -13.4621689 1


mesh: pSphereShape6 tranform: pSphere6 -1.7127623 -5.233167965 -2.50817804 0 -2.022108135 1.057111624 -0.8247628655 0 1.130748347 0.5938412664 -2.011170719 0 117.9051184 48.41208601 -16.05887781 1


mesh: pSphereShape7 tranform: pSphere7 -1.205782839 -2.775641061 -4.840290945 0 -1.717332473 1.446165901 -0.4014856652 0 1.799362274 1.73594974 -1.443717662 0 116.2138896 41.43079772 -23.57944829 1


mesh: pSphereShape8 tranform: pSphere8 0.451890359 -3.614233754 -2.282963014 0 -0.8456425463 0.2054416056 -0.4926280855 0 1.367087609 1.308560465 -1.801023348 0 115.4062933 36.7250991 -29.91654933 1


mesh: pSphereShape10 tranform: pSphere10 -3.922052443 -0.401312727 1.346917468 0 -0.4724030341 3.465884773 -0.3429206429 0 -1.568115291 -0.6857336172 -4.770466038 0 123.1923228 64.0635271 -14.54505119 1


mesh: pSphereShape11 tranform: pSphere11 -0.980112365 -0.04993547059 0.1920578056 0 -0.6788159766 2.637915881 -2.778280007 0 -0.2461452014 -1.909091869 -1.752500271 0 124.3330776 59.67644698 -15.5978806 1


mesh: pSphereShape12 tranform: pSphere12 -7.173681062 -0.3533413988 -0.1973954702 0 -0.1794095023 3.754641161 -0.2008334364 0 0.1778747796 -0.30779932 -5.913300312 0 125.4456881 50.31931547 -12.7343775 1


mesh: pSphereShape13 tranform: pSphere13 -4.95086963 -0.3875816893 -0.2926809257 0 -0.3513677368 4.677448243 -0.2505029474 0 0.278800398 -0.2162887836 -4.429652693 0 125.6292069 45.19300708 -13.50839121 1


mesh: pSphereShape14 tranform: pSphere14 -5.021184661 0.05938237429 -0.305518951 0 0.07128428742 5.485377849 -0.1053840027 0 0.2623978094 -0.08658399913 -4.329320373 0 125.7452073 40.80411872 -13.61764409 1


mesh: pSphereShape15 tranform: pSphere15 -2.983706892 -0.4435951685 1.665860433 0 -0.6399105426 8.531400134 1.125653954 0 -2.112858813 0.3292659661 -3.696642579 0 129.2226912 26.66017013 -14.70508478 1


mesh: pSphereShape16 tranform: pSphere16 -1.992778197 -0.2038358475 1.079516422 0 -1.832470455 7.799566774 -1.909999535 0 -0.809697902 -0.583232027 -1.6048222 0 131.9000111 11.08705131 -15.20449553 1


mesh: pSphereShape17 tranform: pSphere17 -2.25242175 0.1471733422 1.189663329 0 -0.079380831 2.32008458 -0.4373117162 0 -2.96264202 -1.132248946 -5.469179642 0 132.1481513 0.1515896533 -16.93343728 1


mesh: pSphereShape18 tranform: pSphere18 -2.815840393 -0.08132398131 -0.7006617518 0 -0.2683366982 8.128900009 0.1348993307 0 0.7985928794 0.07977561206 -3.218668283 0 121.4143508 27.54262663 -13.65174058 1


mesh: pSphereShape19 tranform: pSphere19 -1.909216323 -0.03395254864 -0.4550788639 0 0.4044311634 9.46064348 -2.402571562 0 0.5232082786 -0.5690259485 -2.152589325 0 121.0324138 11.23069413 -12.23379332 1


mesh: pSphereShape20 tranform: pSphere20 -2.473329243 -0.1402547351 -0.8551168648 0 -0.09984006654 1.858052717 -0.01597832514 0 1.940247497 0.05591788213 -5.621118958 0 122.8268686 1.881015492 -14.59172564 1


mesh: pSphereShape21 tranform: pSphere21 -5.984115325 0.07077034605 -0.3641094205 0 -0.09538658216 2.57797317 2.068741755 0 0.3290108356 3.76422383 -4.675636675 0 125.5311036 36.88694618 -12.40928679 1


