mesh: pSphereShape1 tranform: pSphere1 0.7806657192 3.229261966 0.2780251754 0 -1.135293413 0.1410091444 1.549964607 0 2.665531707 -0.8188930003 2.026905631 0 133.7259797 30.69042824 -26.52339136 1


mesh: pSphereShape2 tranform: pSphere2 1.059286252 5.73635263 0.8770565952 0 -1.999432026 -0.01108005601 2.487330895 0 2.277115978 -0.6998859863 1.827333808 0 135.7295252 38.43875934 -26.21210148 1


mesh: pSphereShape3 tranform: pSphere3 1.959527808 6.223355915 1.375715023 0 -1.987595582 0.1180596735 2.297002936 0 2.110969511 -1.080740101 1.882168033 0 138.1213378 48.81372703 -24.72220518 1


mesh: pSphereShape4 tranform: pSphere4 3.965923708 0.1248870751 -1.048287723 0 -0.03074331591 3.364211178 0.2844837749 0 1.006189332 -0.3095839393 3.769773324 0 142.7525658 55.12635789 -24.12614351 1


mesh: pSphereShape5 tranform: pSphere5 4.230065703 0.1616976594 -0.2626083143 0 -0.1060759999 3.136078771 0.2223392963 0 0.2584225979 -0.2744001622 3.993684308 0 149.3400123 55.81302123 -24.85023558 1


mesh: pSphereShape6 tranform: pSphere6 4.342610635 -4.136610948 0.8004632778 0 1.529348177 1.743446352 0.7128317142 0 -0.7050227051 -0.3036996072 2.255383885 0 155.1637396 50.70271962 -24.10229068 1


mesh: pSphereShape7 tranform: pSphere7 3.876538936 -2.973803562 2.95219414 0 1.053663016 1.940475492 0.5711098733 0 -1.646969948 0.1988437636 2.362942642 0 161.9399826 43.88260238 -19.65144577 1


mesh: pSphereShape8 tranform: pSphere8 1.685740394 -3.932223356 0.4179825899 0 0.864853347 0.4026354773 0.2998555663 0 -0.818855082 -0.08750437938 2.479266718 0 166.7763518 38.57065041 -16.25229244 1


mesh: pSphereShape10 tranform: pSphere10 4.117564543 0.5400066146 0.3343486629 0 -0.4197327776 3.463577278 -0.4249391546 0 -0.4802364067 0.5570267916 5.014544499 0 144.9291595 65.23839476 -24.98233556 1


mesh: pSphereShape11 tranform: pSphere11 0.999049271 0.04358431963 0.0009803762792 0 -0.1446981438 3.269469876 2.104248155 0 0.05921634469 -1.406622524 2.189607939 0 145.0705685 61.07816509 -23.2228799 1


mesh: pSphereShape12 tranform: pSphere12 7.092400826 0.2374741827 -1.12559834 0 -0.1100408502 3.761343649 0.1001851089 0 0.932520968 -0.1285014491 5.848708615 0 145.3338706 51.11511269 -24.75704198 1


mesh: pSphereShape13 tranform: pSphere13 4.926382342 0.01146667022 -0.6910986315 0 0.02836221501 4.688874474 0.2799729064 0 0.6168383574 -0.2660144845 4.392616557 0 145.7308017 45.98051807 -23.96821004 1


mesh: pSphereShape14 tranform: pSphere14 4.98402014 0.1422749979 -0.6696749716 0 -0.1194442577 5.478655258 0.2750036766 0 0.5827538811 -0.2028353716 4.294021427 0 145.8068701 41.56687554 -23.95243648 1


mesh: pSphereShape15 tranform: pSphere15 3.418635475 -0.1209394499 0.4155473611 0 0.5417544808 8.371719089 -2.020443549 0 -0.4645379643 1.024338438 4.119792475 0 141.2231835 28.1198574 -21.3656391 1


mesh: pSphereShape16 tranform: pSphere16 2.255941614 0.03681191716 0.2957059625 0 -0.3613585613 8.038967709 1.756048469 0 -0.2331690156 -0.4102111881 1.829913543 0 140.0511206 12.53421329 -20.23527898 1


mesh: pSphereShape17 tranform: pSphere17 2.10530465 -0.6336571859 1.294810206 0 0.5777323347 2.283596092 0.1781840317 0 -3.219889625 0.3911638521 5.42682808 0 137.5232514 2.443585808 -18.43344757 1


mesh: pSphereShape18 tranform: pSphere18 2.435949979 0.2965729212 -1.550706227 0 -2.001684078 7.705264495 -1.670741655 0 1.608962045 1.007803554 2.720204659 0 152.0975701 28.38517475 -23.32786093 1


mesh: pSphereShape19 tranform: pSphere19 1.631547849 0.1757333352 -1.07727709 0 0.5686611553 9.4520513 2.403131385 0 1.264787804 -0.5406827541 1.827334728 0 154.3430906 12.66009255 -23.37933645 1


mesh: pSphereShape20 tranform: pSphere20 0.6991720979 0.3734753173 -2.497984858 0 0.01782189103 1.839526059 0.2800169685 0 5.731001143 -0.2930307648 1.560264195 0 158.2845 2.954153342 -23.40967957 1


mesh: pSphereShape21 tranform: pSphere21 5.93982363 0.1695595866 -0.7981009525 0 -0.340236228 2.631723786 -1.97307018 0 0.5354278563 3.635936468 4.757361716 0 145.8326551 37.68665024 -25.29161354 1


