mesh: pSphereShape1 tranform: pSphere1 1.530304856 2.744361614 -1.114233454 0 1.568215765 -0.4604451633 1.019732593 0 1.226731929 -1.775501287 -2.688255087 0 -1.74218297 31.66261208 -5.405597213 1


mesh: pSphereShape2 tranform: pSphere2 3.067677078 4.788941587 -1.566030954 0 2.17761243 -0.6635332276 2.236603215 0 1.542515526 -1.638132621 -1.987816336 0 1.598410014 38.38312055 -8.203975887 1


mesh: pSphereShape3 tranform: pSphere3 3.427147128 5.124490199 -2.541016071 0 2.124163326 -0.3569589899 2.145042474 0 1.506410445 -1.904282508 -1.808641381 0 6.795151564 47.19174771 -11.59213834 1


mesh: pSphereShape4 tranform: pSphere4 0.1934335354 -0.008320159385 -4.099459602 0 0.8855180237 3.257976957 0.03517097579 0 3.77248723 -1.027306034 0.1800902957 0 10.29951641 52.46395294 -16.72444353 1


mesh: pSphereShape5 tranform: pSphere5 0.7391823413 -0.07248571437 -4.175753872 0 0.8612202748 3.023902204 0.09996017978 0 3.794301577 -1.103469308 0.6908133413 0 11.4341605 52.78284487 -23.31071171 1


mesh: pSphereShape6 tranform: pSphere6 2.210397446 -5.18737939 -2.194492405 0 0.5801554049 1.123263793 -2.070830326 0 2.143364572 0.5362334464 0.891341088 0 13.64592121 46.68052584 -27.0750608 1


mesh: pSphereShape7 tranform: pSphere7 5.637660398 0.02143341764 -0.8960121872 0 -0.2721951667 1.522505049 -1.67621763 0 0.2945454688 2.149642417 1.904685598 0 21.60932668 42.39958215 -28.96085 1


mesh: pSphereShape8 tranform: pSphere8 3.955539193 -1.527003761 0.7076580057 0 0.3271064157 0.4664745429 -0.8218289929 0 0.5620502748 2.116280698 1.424920917 0 29.4700063 41.85066113 -29.32802021 1


mesh: pSphereShape10 tranform: pSphere10 0.3482990195 0.09566520448 -4.150574647 0 -0.124366268 3.51179134 0.07050580037 0 5.047264516 0.1701611671 0.4274675041 0 11.20435794 62.50051812 -19.69918476 1


mesh: pSphereShape11 tranform: pSphere11 0.06203249676 0.01675277831 -0.9979335217 0 2.433293341 3.029268287 0.2021095764 0 2.024836243 -1.633040719 0.0984511257 0 12.61673007 58.15175771 -19.15051714 1


mesh: pSphereShape12 tranform: pSphere12 0.1579703476 -0.01680671099 -7.183333348 0 0.7635181169 3.686031129 0.008166565521 0 5.799375845 -1.201561478 0.1303466886 0 9.704064144 48.43097911 -19.27952953 1


mesh: pSphereShape13 tranform: pSphere13 -0.02900142569 -0.4667570532 -4.952604219 0 1.082200143 4.550187282 -0.435168501 0 4.324067735 -1.021633979 0.07096281488 0 9.622110041 43.22961644 -19.2430552 1


mesh: pSphereShape14 tranform: pSphere14 -0.2967294837 -0.357143224 -5.009347645 0 0.9817575247 5.380202328 -0.4417379997 0 4.260443626 -0.7935041041 -0.1957948805 0 8.993586455 38.91073827 -18.9293629 1


mesh: pSphereShape15 tranform: pSphere15 -1.024040944 -0.2114462441 -3.283444091 0 -4.654487449 7.198669738 0.9880643478 0 3.364657647 2.340225164 -1.200074954 0 13.71131006 27.05016965 -16.15255283 1


mesh: pSphereShape16 tranform: pSphere16 -0.68642864 -0.1029777673 -2.167090446 0 -2.721706696 7.758099648 0.4934476304 0 1.690058687 0.6288583855 -0.5652108894 0 21.71658233 13.15310909 -16.98927751 1


mesh: pSphereShape17 tranform: pSphere17 -0.4140629984 0.1341184868 -2.514145309 0 -0.9653896485 2.138640998 0.2730802489 0 5.678284282 2.664458435 -0.7930386023 0 29.55026031 5.123962481 -17.98291259 1


mesh: pSphereShape18 tranform: pSphere18 -0.4952019435 -0.2362560546 -2.850518498 0 1.455589473 7.951036238 -0.9118661007 0 3.214243441 -0.6463243167 -0.5048209884 0 5.689176192 25.50059178 -21.99775903 1


mesh: pSphereShape19 tranform: pSphere19 -0.3850260968 -0.1741867279 -1.916969067 0 7.047369621 6.462468441 -2.002691392 0 1.519110722 -1.70319542 -0.150353618 0 -1.215265008 11.6162597 -19.89703298 1


mesh: pSphereShape20 tranform: pSphere20 -0.7023083096 -0.06561616197 -2.524026812 0 0.7528120667 1.682777162 -0.2532158319 0 5.199692347 -2.533945719 -1.380935945 0 -3.474122558 2.805709924 -18.48097467 1


mesh: pSphereShape21 tranform: pSphere21 -0.3536343653 -0.4256338661 -5.970008282 0 -1.629949225 2.875107796 -0.1084315392 0 5.218524554 2.938913089 -0.5186509654 0 7.162434678 35.24722008 -18.6541793 1


