mesh: pSphereShape1 tranform: pSphere1 2.981015613 1.479935673 -0.1954638844 0 -0.8612910876 1.718945125 -0.1207075608 0 0.08445917705 0.2835030855 3.434601012 0 22.85615151 50.78892859 -6.134375529 1


mesh: pSphereShape2 tranform: pSphere2 5.605697436 0.6076361306 -1.733202735 0 -0.477020185 3.123561697 -0.4477502077 0 0.8200238637 0.5321578283 2.838770037 0 30.34286661 51.78175293 -7.786867214 1


mesh: pSphereShape3 tranform: pSphere3 6.506777388 1.200244667 -0.8268982181 0 -0.6082466176 2.930323097 -0.5328596167 0 0.2664008512 0.5930154692 2.957044333 0 40.6468111 53.0412903 -10.37313773 1


mesh: pSphereShape4 tranform: pSphere4 4.08742334 0.3163693305 0.1895670609 0 -0.2664151997 3.36326285 0.1314494683 0 -0.1683419576 -0.1660302458 3.906858718 0 49.13198852 55.45586418 -10.82821576 1


mesh: pSphereShape5 tranform: pSphere5 4.227115942 0.3326331906 0.09701073125 0 -0.2521034347 3.1235393 0.2749964273 0 -0.06360320242 -0.3568552413 3.995022029 0 55.79256059 56.41713001 -10.38159787 1


mesh: pSphereShape6 tranform: pSphere6 5.986098366 0.1613668387 -0.8666866878 0 -0.06744326648 2.425260383 -0.01426746993 0 0.3407458817 0.02334651593 2.357836745 0 63.2747475 55.55724845 -11.13887915 1


mesh: pSphereShape7 tranform: pSphere7 5.630367062 0.9405451889 0.02921441474 0 -0.3758799709 2.246446139 0.1183696265 0 0.01013488478 -0.1502259497 2.883205894 0 73.98636726 56.17116348 -10.69415279 1


mesh: pSphereShape8 tranform: pSphere8 3.670784042 -1.137200995 -1.926377185 0 0.2836421079 0.9585938283 -0.02539737958 0 1.139799601 -0.2754082481 2.334513073 0 81.87158692 56.41625142 -11.54439393 1


mesh: pSphereShape10 tranform: pSphere10 4.127023347 0.4324446732 -0.3720266584 0 -0.3122482159 3.456664519 0.55415513 0 0.5280347828 -0.7513587139 4.98429551 0 51.45091626 65.35229731 -8.151122715 1


mesh: pSphereShape11 tranform: pSphere11 0.9907890195 0.1307997986 -0.03505041544 0 -0.2202010201 2.471147857 2.997193838 0 0.3202431438 -1.981664771 1.657385137 0 51.22594429 60.74163291 -7.499625434 1


mesh: pSphereShape12 tranform: pSphere12 7.162879244 0.5529171348 0.1138361641 0 -0.2914181402 3.751167951 0.1169040806 0 -0.07937122242 -0.1906729483 5.920375366 0 51.98316853 51.56700228 -10.6713239 1


mesh: pSphereShape13 tranform: pSphere13 4.958494411 0.3723553075 0.1472293357 0 -0.3655553903 4.650734283 0.5493386558 0 -0.09131298786 -0.5282263717 4.411232517 0 52.54333695 46.40745087 -9.991003428 1


mesh: pSphereShape14 tranform: pSphere14 5.011064926 0.3819218706 0.2291887461 0 -0.4450132755 5.4251465 0.6894244137 0 -0.154028155 -0.5589753689 4.29920762 0 52.87390404 41.99175161 -10.27780882 1


mesh: pSphereShape15 tranform: pSphere15 3.444875436 -0.02836299033 0.08002028191 0 0.09142193393 8.582201072 -0.8937770114 0 -0.0949902362 0.4432494126 4.246441052 0 48.83870536 28.43284479 -9.693989468 1


mesh: pSphereShape16 tranform: pSphere16 2.274569306 0.02342319222 0.06209287677 0 -0.1176355023 8.142074314 1.237770499 0 -0.04805214435 -0.2846089683 1.867595596 0 47.9824245 12.42192681 -9.215913265 1


mesh: pSphereShape17 tranform: pSphere17 2.472560315 -0.009683280268 0.6298525972 0 -0.002191286295 2.361845326 0.04491288581 0 -1.560838513 -0.1179296157 6.125441789 0 46.68190072 1.796092019 -6.208049981 1


mesh: pSphereShape18 tranform: pSphere18 2.897776564 0.1514901318 0.08024537604 0 -0.3496455475 7.833848743 -2.162817518 0 -0.1343400971 0.8765137648 3.196500682 0 57.40911649 28.55382594 -8.171860501 1


mesh: pSphereShape19 tranform: pSphere19 1.961854761 0.0653772366 0.01443011699 0 -0.3285163099 9.048546455 3.668183995 0 0.01302908266 -0.8588545234 2.119758804 0 58.46942988 12.96581885 -8.371010484 1


mesh: pSphereShape20 tranform: pSphere20 2.506297291 0.2855706306 -0.7107581109 0 -0.1261546513 1.833445583 0.2917970926 0 1.690715012 -0.7824736627 5.647466973 0 59.50423558 3.196861607 -6.873724533 1


mesh: pSphereShape21 tranform: pSphere21 5.972054893 0.4551644031 0.2731410973 0 -0.1303735026 2.781176119 -1.784040038 0 -0.4765604563 3.21978517 5.054214191 0 53.32783469 38.24809551 -11.89928789 1


