mesh: pSphereShape1 tranform: pSphere1 0.2660805588 3.133034211 -1.108227224 0 1.355066097 0.3529056125 1.323033823 0 2.43482067 -0.9950069478 -2.228362839 0 -88.56428704 29.86336666 -1.118108121 1


mesh: pSphereShape2 tranform: pSphere2 1.10350591 5.587000609 -1.537776326 0 2.190187849 0.2038193159 2.312185341 0 2.110244263 -0.9440765788 -1.915681336 0 -87.99943539 37.35525291 -3.905435825 1


mesh: pSphereShape3 tranform: pSphere3 2.067912983 5.901902396 -2.313824519 0 1.976795004 0.2090172208 2.299845665 0 2.099683763 -1.393581667 -1.678095998 0 -85.74082064 47.34233076 -7.085736715 1


mesh: pSphereShape4 tranform: pSphere4 0.8458034282 -0.286345271 -4.005705647 0 1.154335649 3.172856074 0.01692803282 0 3.588611241 -1.310136394 0.8513883323 0 -82.78802565 52.94422748 -11.91099002 1


mesh: pSphereShape5 tranform: pSphere5 1.551662742 -0.4195866038 -3.9249019 0 1.069277428 2.956509001 0.1066641627 0 3.475427703 -1.311582445 1.514181565 0 -80.44239195 52.73501413 -18.14833371 1


mesh: pSphereShape6 tranform: pSphere6 2.237734533 -5.517984523 -1.074685855 0 1.700689342 0.9689168993 -1.433700068 0 1.452868565 0.2240438249 1.874839788 0 -77.98353702 46.17889468 -20.6430131 1


mesh: pSphereShape7 tranform: pSphere7 4.605683175 -3.304925848 0.6720562604 0 1.214912639 1.429274503 -1.297296825 0 0.7377556006 1.506023144 2.350139941 0 -71.35038415 38.30408245 -19.76980453 1


mesh: pSphereShape8 tranform: pSphere8 1.658096319 -3.882746455 0.8085834565 0 0.8700843923 0.2883060859 -0.3997908842 0 0.8017008723 0.8304226388 2.343633519 0 -65.72491404 32.9573268 -18.16925128 1


mesh: pSphereShape10 tranform: pSphere10 0.7353788026 0.03541303593 -4.100694803 0 -0.03034971785 3.51448075 0.02490794824 0 4.988424559 0.03673581999 0.8948928858 0 -81.09465455 62.79303831 -14.79003399 1


mesh: pSphereShape11 tranform: pSphere11 0.2009463123 0.01901608482 -0.9794176679 0 2.493317272 2.932307163 0.5684846529 0 1.928738987 -1.710271219 0.3625116597 0 -79.87923381 58.38197307 -13.93521292 1


mesh: pSphereShape12 tranform: pSphere12 1.58222268 -0.5509786889 -6.987024328 0 1.026722205 3.621170936 -0.05305332265 0 5.548061068 -1.552858599 1.378821597 0 -83.27908058 48.80699366 -14.31174793 1


mesh: pSphereShape13 tranform: pSphere13 0.9119907601 -0.7748155937 -4.82855314 0 1.565382422 4.409606115 -0.4119282149 0 4.10971103 -1.365934698 0.9954050106 0 -83.80633821 43.62884059 -14.02059014 1


mesh: pSphereShape14 tranform: pSphere14 0.6561713177 -0.6684716955 -4.942848196 0 1.474273651 5.259866647 -0.51563305 0 4.140113131 -1.09206379 0.6972978099 0 -84.8449847 39.41139317 -13.63070683 1


mesh: pSphereShape15 tranform: pSphere15 -0.09479884204 -0.2114381507 -3.438121807 0 -4.498383912 7.356499218 -0.3283778377 0 3.642485415 2.216754268 -0.2367600301 0 -81.35406889 27.78185539 -9.170445864 1


mesh: pSphereShape16 tranform: pSphere16 -0.07226281054 -0.09817916363 -2.27226949 0 -2.388542955 7.878085191 -0.2644320977 0 1.807564896 0.5453121122 -0.08104584756 0 -73.98839197 13.59724248 -7.784719708 1


mesh: pSphereShape17 tranform: pSphere17 0.06919910739 0.296999156 -2.533251972 0 -0.7966626462 2.211169148 0.23747619 0 5.949428495 2.099629624 0.4086776123 0 -66.50769879 4.979544537 -7.010072436 1


mesh: pSphereShape18 tranform: pSphere18 0.0478907337 -0.4872328053 -2.861259909 0 1.763157384 7.833204963 -1.304374872 0 3.237895063 -0.6999383073 0.1733844848 0 -88.05591389 25.89713047 -16.18606344 1


mesh: pSphereShape19 tranform: pSphere19 -0.007626036255 -0.3339099543 -1.93437393 0 6.759307104 6.946160536 -1.225687976 0 1.651322374 -1.560517424 0.2628650281 0 -95.00612325 11.73600349 -14.2048023 1


mesh: pSphereShape20 tranform: pSphere20 -0.139080709 -0.1112545719 -2.614676417 0 0.5152772386 1.78504588 -0.1033625565 0 5.705550458 -1.660465489 -0.2328386113 0 -96.63782851 3.138608543 -12.56355552 1


mesh: pSphereShape21 tranform: pSphere21 0.7820076543 -0.7966669197 -5.890755994 0 -1.343429578 2.965506937 -0.5793982119 0 5.436869272 2.53698308 0.3786513807 0 -86.98053332 35.9070138 -13.5360194 1


