mesh: pSphereShape1 tranform: pSphere1 -0.8318418603 3.043548086 -1.076904813 0 1.414124956 0.7626030311 1.06294507 0 2.177268424 -0.3428106319 -2.650655493 0 88.74731383 32.18407533 21.05362373 1


mesh: pSphereShape2 tranform: pSphere2 -0.8171658193 5.592726018 -1.688405413 0 2.589180699 0.8756592293 1.647431456 0 1.705230491 -0.4825001002 -2.423557105 0 86.63958845 39.42555621 18.34535746 1


mesh: pSphereShape3 tranform: pSphere3 0.06706522549 6.103419828 -2.684449397 0 2.392884221 0.7327042693 1.725672718 0 1.86701562 -0.9767652975 -2.174150449 0 85.5673572 49.4724289 14.83992326 1


mesh: pSphereShape4 tranform: pSphere4 -0.7517601567 -0.3965884256 -4.01505032 0 0.3688803427 3.332436469 -0.3982304453 0 3.823946868 -0.5029116605 -0.6663034681 0 85.38914079 55.25371424 9.462377786 1


mesh: pSphereShape5 tranform: pSphere5 -0.3497650116 -0.4035235879 -4.207540643 0 0.3167295352 3.112847762 -0.3248663585 0 3.977314233 -0.4348411695 -0.2889233386 0 84.77312214 55.05284712 2.788311956 1


mesh: pSphereShape6 tranform: pSphere6 1.073210502 -5.619517349 -1.96972148 0 0.7481862863 0.8893957033 -2.129749432 0 2.226593793 0.1317697779 0.8372357744 0 85.71040256 48.31729846 -0.5939703298 1


mesh: pSphereShape7 tranform: pSphere7 2.873457502 -4.474900666 -2.074853731 0 0.6226484528 1.23932266 -1.810581571 0 2.366905442 0.8672170458 1.407565275 0 90.31082055 39.15283265 -3.464238287 1


mesh: pSphereShape8 tranform: pSphere8 0.1315916972 -4.295908859 -0.08161704533 0 0.5400846391 0.03252143732 -0.8409821275 0 2.197218898 0.04046657674 1.412634309 0 93.62665912 32.15700718 -5.235767466 1


mesh: pSphereShape10 tranform: pSphere10 -1.157546465 -0.2554064292 -3.994069062 0 -0.1271588607 3.507394488 -0.1874326158 0 4.865191734 0.1006910247 -1.416450877 0 85.4070296 64.96131949 5.58663759 1


mesh: pSphereShape11 tranform: pSphere11 -0.2118863605 -0.02972874631 -0.9768420404 0 2.408025505 2.993883421 -0.6134381366 0 1.968898678 -1.660764761 -0.3765299871 0 87.02441854 60.64403997 6.227366956 1


mesh: pSphereShape12 tranform: pSphere12 -0.7010110307 -0.6979217948 -7.116670836 0 0.1364377035 3.7425238 -0.3804634674 0 5.891803369 -0.2710883349 -0.5537730753 0 84.8878904 50.94110084 7.391492644 1


mesh: pSphereShape13 tranform: pSphere13 -0.3008346143 -0.5551379094 -4.934400897 0 0.2820085724 4.657502499 -0.5411789995 0 4.427521569 -0.2955841551 -0.2366775213 0 85.67064618 45.80688973 7.696954878 1


mesh: pSphereShape14 tranform: pSphere14 -0.2356084979 -0.2435167382 -5.019397546 0 0.3022735751 5.471379468 -0.279633301 0 4.326773751 -0.2488013703 -0.1910263846 0 85.67477062 41.4045891 8.035846516 1


mesh: pSphereShape15 tranform: pSphere15 -0.6416429732 -0.3400930064 -3.368531655 0 -2.163090015 8.342499703 -0.4302451171 0 4.057019398 1.006829555 -0.8744384737 0 88.10463393 28.08493171 12.35097846 1


mesh: pSphereShape16 tranform: pSphere16 -0.2553981663 0.07896258494 -2.259780163 0 6.356578184 5.210136397 -0.5363586219 0 1.182862409 -1.462162201 -0.1847777072 0 85.70967194 15.02438349 13.9659556 1


mesh: pSphereShape17 tranform: pSphere17 0.4626387146 -0.5464152607 -2.449032126 0 1.967533667 1.304859677 0.08054692459 0 3.305795917 -5.09334371 1.760887438 0 79.85071407 4.717471007 16.0852492 1


mesh: pSphereShape18 tranform: pSphere18 -0.3552243166 -0.3712511938 -2.857006446 0 -1.130557349 8.005103969 -0.8996489829 0 3.259846854 0.408865139 -0.4584408774 0 86.1325046 27.73504756 4.926010739 1


mesh: pSphereShape19 tranform: pSphere19 -0.2647158536 -0.2429155393 -1.929837836 0 2.040563603 9.440349313 -1.468194388 0 2.215359715 -0.5160164199 -0.2389280708 0 85.95266779 11.55204485 6.608808639 1


mesh: pSphereShape20 tranform: pSphere20 -0.8064865121 0.1742058271 -2.487465703 0 0.05444230698 1.856607527 0.1123733538 0 5.655561488 -0.05462589614 -1.837472655 0 89.06178888 2.067784765 7.040227772 1


mesh: pSphereShape21 tranform: pSphere21 -0.280791988 -0.29021682 -5.981985489 0 -1.976483671 2.650842352 -0.03583062162 0 4.811344425 3.581965173 -0.3996220841 0 84.31550599 37.53446346 8.193121882 1


