mesh: pSphereShape1 tranform: pSphere1 -1.4968541 1.784303484 -2.385489193 0 -0.4775990102 1.338337008 1.300737573 0 2.959382819 1.656589975 -0.6178628047 0 38.32847247 36.82964845 15.34842067 1


mesh: pSphereShape2 tranform: pSphere2 -2.400698022 3.894623605 -3.72365588 0 -0.0392970751 2.192566628 2.318571435 0 2.74223853 0.9110614822 -0.8150713064 0 34.89784296 41.17161333 9.550332826 1


mesh: pSphereShape3 tranform: pSphere3 -0.7244052551 5.709738117 -3.366990878 0 0.0142402059 1.545423507 2.617663113 0 3.00971052 0.27607771 -0.1793645171 0 31.82513411 49.11896294 3.446917115 1


mesh: pSphereShape4 tranform: pSphere4 3.021758958 0.3049995515 -2.760254129 0 0.2747425071 3.298745503 0.6652726327 0 2.629252456 -0.7820439348 2.791932827 0 33.76198571 55.05349202 -0.9528604902 1


mesh: pSphereShape5 tranform: pSphere5 3.511754923 0.2593449257 -2.364081784 0 0.1639248064 3.087052746 0.5821605752 0 2.23963866 -0.7311909313 3.246686086 0 39.17467364 55.92638031 -4.78430804 1


mesh: pSphereShape6 tranform: pSphere6 2.193403735 -5.59685605 -0.6890146126 0 2.235282456 0.9076917854 -0.2573869552 0 0.3352819816 -0.1583262261 2.353415759 0 42.64900048 49.45594483 -6.435569567 1


mesh: pSphereShape7 tranform: pSphere7 3.170559952 -4.639928737 1.002558173 0 1.894969227 1.257155032 -0.1745572352 0 -0.09988620243 0.544019321 2.83365709 0 47.30311379 40.01146657 -4.88195311 1


mesh: pSphereShape8 tranform: pSphere8 0.01066277983 -4.281755624 -0.3811374097 0 0.9999208954 0.001377206431 0.01250224946 0 -0.03221388329 -0.2316923268 2.601965613 0 50.39620413 32.79258422 -3.68477979 1


mesh: pSphereShape10 tranform: pSphere10 3.191626429 0.2656219051 -2.664713808 0 0.249742188 3.446407366 0.6426675364 0 3.237680257 -0.9402671996 3.784162593 0 37.36273435 64.8813097 -0.5065651992 1


mesh: pSphereShape11 tranform: pSphere11 0.7928943833 0.08472709222 -0.603439986 0 1.654782809 2.459886713 2.519698858 0 1.13598236 -2.004779809 1.211147564 0 37.30256401 60.33794383 0.1082895133 1


mesh: pSphereShape12 tranform: pSphere12 5.945703908 0.4359480629 -4.010494909 0 0.1355608903 3.712945063 0.6045777835 0 3.319209812 -0.9064026505 4.822321111 0 35.54226936 51.1877515 -3.197760437 1


mesh: pSphereShape13 tranform: pSphere13 4.099985219 0.6026524493 -2.752076126 0 -0.03476141626 4.599011693 0.9553094636 0 2.516380013 -0.7266408301 3.589729546 0 36.20352088 46.04227968 -3.377281468 1


mesh: pSphereShape14 tranform: pSphere14 4.214606558 0.576948635 -2.685774624 0 -0.1357768339 5.402713739 0.947526408 0 2.366371307 -0.5702975225 3.590878982 0 36.40354771 41.69259341 -3.966813408 1


mesh: pSphereShape15 tranform: pSphere15 3.29357439 0.06840800133 -1.010971096 0 0.1565258819 8.55866884 1.089062852 0 1.253381079 -0.5378786773 4.046909586 0 32.18848531 28.09971694 -3.476934164 1


mesh: pSphereShape16 tranform: pSphere16 2.175223652 0.04804470839 -0.6664559024 0 0.4901915489 7.92989398 2.171585081 0 0.5433916432 -0.5092224702 1.736848462 0 30.97281818 12.12721474 -5.664891614 1


mesh: pSphereShape17 tranform: pSphere17 2.507715158 -0.2391382085 0.4056355176 0 0.2322163736 2.350299944 -0.05001041876 0 -0.9874553933 0.2303493616 6.240435272 0 29.30514088 1.986503849 -3.499066317 1


mesh: pSphereShape18 tranform: pSphere18 2.275565199 0.3039527675 -1.776489048 0 -2.559016169 7.457391638 -2.00199 0 1.77562489 1.27863378 2.493229263 0 42.1298037 28.5448279 -4.716631189 1


mesh: pSphereShape19 tranform: pSphere19 1.521736749 0.2182570138 -1.220670987 0 -1.610258261 9.631477805 -0.2852952111 0 1.394764692 0.2862067013 1.789942852 0 46.64176224 12.96977729 -2.397019287 1


mesh: pSphereShape20 tranform: pSphere20 1.44550257 0.0547228313 -2.185356154 0 -0.2463723361 1.840713257 -0.1168701054 0 4.897549561 0.8625697479 3.261080682 0 51.89073802 4.267624047 1.317582854 1


mesh: pSphereShape21 tranform: pSphere21 5.022856834 0.6875921523 -3.200835295 0 -1.220147131 2.776344163 -1.318290855 0 2.419718517 3.19198071 4.482792538 0 35.95769337 37.9716784 -5.641989167 1


