mesh: pSphereShape1 tranform: pSphere1 -1.016401708 3.167002159 -0.227804087 0 1.807166423 0.5531304155 -0.3733112082 0 -0.5669563516 -0.4246322155 -3.373757466 0 128.504523 30.4887626 -1.0042128 1


mesh: pSphereShape2 tranform: pSphere2 -1.124683044 5.756266946 -0.6305045812 0 3.110591865 0.5592526559 -0.4428553874 0 -0.3503221264 -0.3922239439 -2.955956901 0 125.8963426 38.04730025 -1.528736279 1


mesh: pSphereShape3 tranform: pSphere3 -1.395320295 6.304969775 -1.662208565 0 2.969869664 0.5816201322 -0.2868605491 0 -0.1257491312 -0.7971493429 -2.918130913 0 123.5704189 48.42163194 -3.027085921 1


mesh: pSphereShape4 tranform: pSphere4 -3.405606865 -0.2873507427 -2.272075311 0 -0.04752887419 3.357477573 -0.3533813382 0 2.183440684 -0.3094358218 -3.233618152 0 119.9629152 54.45519585 -6.372684773 1


mesh: pSphereShape5 tranform: pSphere5 -3.295031096 -0.2723057065 -2.656536238 0 -0.1424811876 3.139161739 -0.1450504253 0 2.519184961 -0.0298975924 -3.121603003 0 114.6565712 54.47479273 -10.48299093 1


mesh: pSphereShape6 tranform: pSphere6 -0.5984771013 -5.618917609 -2.163365154 0 -1.057632938 0.8817675596 -1.997633255 0 2.131184132 0.1773008784 -1.050078821 0 112.9836407 47.77683037 -13.64838608 1


mesh: pSphereShape7 tranform: pSphere7 0.5229025133 -4.453664467 -3.532415287 0 -0.9162996953 1.230788325 -1.687415878 0 2.630626659 0.9134261196 -0.7622354512 0 114.1952251 38.65582059 -19.01296579 1


mesh: pSphereShape8 tranform: pSphere8 0.07143399362 -4.29392314 -0.1895571091 0 -0.2483779856 0.03859606805 -0.967893961 0 2.530220854 0.07063210872 -0.6464809807 0 115.2601958 31.69374194 -22.68578386 1


mesh: pSphereShape10 tranform: pSphere10 -3.93671643 -0.5149158005 -1.26287743 0 -0.3899756437 3.486914079 -0.2060719626 0 1.560851232 -0.1103254787 -4.820594787 0 116.5789989 64.10332727 -9.312625171 1


mesh: pSphereShape11 tranform: pSphere11 -0.8998215406 -0.06159308879 -0.4318882802 0 0.8988158067 3.005722584 -2.30130246 0 0.9633650933 -1.645182255 -1.77250655 0 118.3757065 59.90977289 -9.890272636 1


mesh: pSphereShape12 tranform: pSphere12 -5.495290349 -0.4565486689 -4.606393641 0 -0.19873009 3.756603143 -0.1352451978 0 3.803660586 0.0377203311 -4.541392271 0 118.1547888 50.20132741 -7.705861825 1


mesh: pSphereShape13 tranform: pSphere13 -3.6754066 -0.2406741743 -3.343718596 0 -0.2064028208 4.691466 -0.1108049033 0 2.98819309 0.05379791525 -3.288486175 0 118.9617006 45.1325277 -8.444483083 1


mesh: pSphereShape14 tranform: pSphere14 -3.655959356 0.2229075364 -3.448686258 0 0.09296720224 5.480105402 0.2556545928 0 2.979136582 0.09650340254 -3.151951239 0 119.1864185 40.73557648 -8.697440243 1


mesh: pSphereShape15 tranform: pSphere15 -2.438817356 -0.2729961028 -2.419094356 0 -1.507317844 8.477766344 0.5628865794 0 2.923362878 0.7208460531 -3.028545071 0 123.3005828 26.75047601 -6.989563105 1


mesh: pSphereShape16 tranform: pSphere16 -1.480361077 0.1050145738 -1.724984846 0 5.135163153 4.961798991 -4.104867625 0 0.8195310257 -1.505852327 -0.7949856923 0 121.5314473 13.69984506 -3.922149384 1


mesh: pSphereShape17 tranform: pSphere17 -1.140825235 0.3757627815 -2.251151413 0 1.933114228 1.099857872 -0.7960636629 0 2.283296287 -5.517194932 -2.078047043 0 116.5065306 3.450403496 -0.103782105 1


mesh: pSphereShape18 tranform: pSphere18 -2.32622813 -0.4079840634 -1.687811983 0 -1.232700061 8.036807237 -0.2437165514 0 1.919561663 0.2126380768 -2.697036952 0 116.9884985 27.4153249 -11.45074777 1


mesh: pSphereShape19 tranform: pSphere19 -1.586601766 -0.2479877946 -1.128961206 0 -0.1159873855 9.574053802 -1.940033622 0 1.346490954 -0.3514898688 -1.815101986 0 118.2089368 11.07768156 -10.07993706 1


mesh: pSphereShape20 tranform: pSphere20 -2.430832857 0.1722163836 -0.9641819985 0 0.1159951175 1.856769048 0.03920557306 0 2.191357493 -0.02016740291 -5.528309968 0 120.8229499 1.543895698 -12.71242807 1


mesh: pSphereShape21 tranform: pSphere21 -4.357075848 0.2656553173 -4.110053241 0 -1.414111198 2.485988554 1.659785269 0 3.231823286 3.955117337 -3.170421517 0 118.2679234 36.77710866 -8.116830401 1


