mesh: pSphereShape1 tranform: pSphere1 -0.9923157842 3.173115377 -0.2480282263 0 1.806871381 0.5336318294 -0.4020172613 0 -0.613664188 -0.4546737704 -3.361648329 0 128.2105558 30.51933148 -0.6818053424 1


mesh: pSphereShape2 tranform: pSphere2 -1.116917554 5.75878806 -0.6212184745 0 3.112858436 0.557465448 -0.4289648085 0 -0.3387478342 -0.3848189126 -2.958278338 0 125.6267086 38.08487274 -1.216940976 1


mesh: pSphereShape3 tranform: pSphere3 -1.378953574 6.31017913 -1.656087645 0 2.97191343 0.5777498587 -0.2731893738 0 -0.1145758403 -0.7914224798 -2.920149102 0 123.3196692 48.46479479 -2.702690957 1


mesh: pSphereShape4 tranform: pSphere4 -3.399341083 -0.2701100152 -2.283544519 0 -0.0437788256 3.359687261 -0.3322317609 0 2.192408417 -0.2907676384 -3.229280046 0 119.7315971 54.51834991 -6.044662979 1


mesh: pSphereShape5 tranform: pSphere5 -3.306327772 -0.2563503346 -2.644058675 0 -0.1311875897 3.139866548 -0.1403738398 0 2.506912328 -0.03525389029 -3.131411788 0 114.4209152 54.56342993 -10.15382479 1


mesh: pSphereShape6 tranform: pSphere6 -0.6556035073 -5.653869805 -2.052924497 0 -1.065640502 0.8520421818 -2.006258837 0 2.124722258 0.1415749357 -1.06843755 0 112.6836232 47.83335717 -13.21236073 1


mesh: pSphereShape7 tranform: pSphere7 0.4304625797 -4.545700648 -3.426050141 0 -0.9169866485 1.200837537 -1.708491168 0 2.634524952 0.8597570395 -0.8097177829 0 113.7572095 38.5806703 -18.39010711 1


mesh: pSphereShape8 tranform: pSphere8 -0.03077588387 -4.298517309 -0.02474743237 0 -0.2408947232 0.007312223156 -0.9705237059 0 2.535456757 -0.01452918451 -0.6294378905 0 114.6899844 31.49226915 -21.85282325 1


mesh: pSphereShape10 tranform: pSphere10 -3.925622006 -0.4811723424 -1.309846931 0 -0.3581805527 3.490170583 -0.2086442994 0 1.617035203 -0.1211039687 -4.801780229 0 116.4320031 64.1845111 -8.997224278 1


mesh: pSphereShape11 tranform: pSphere11 -0.8958268573 -0.05787495436 -0.4406185782 0 0.9307094855 3.006797447 -2.287177319 0 0.9749668533 -1.645217864 -1.766118411 0 118.1873263 59.98458549 -9.556580369 1


mesh: pSphereShape12 tranform: pSphere12 -5.463860971 -0.4259265832 -4.646539026 0 -0.183776014 3.757606585 -0.1283402421 0 3.836162135 0.03344311748 -4.514005103 0 117.915184 50.27323308 -7.395833154 1


mesh: pSphereShape13 tranform: pSphere13 -3.66389542 -0.1731219386 -3.360489685 0 -0.1825207827 4.693568745 -0.04279812588 0 3.000836968 0.08682050726 -3.276243759 0 118.7027982 45.21257244 -8.170916672 1


mesh: pSphereShape14 tranform: pSphere14 -3.628918457 0.2549251448 -3.474928416 0 0.08742507758 5.477361345 0.3105268733 0 3.003723874 0.1293548516 -3.127343042 0 118.9249133 40.81780753 -8.47237084 1


mesh: pSphereShape15 tranform: pSphere15 -2.375874655 -0.228618837 -2.485423007 0 -1.202091851 8.537211436 0.3638222587 0 3.035466045 0.5532388557 -2.952562862 0 122.752316 26.79273616 -6.437693075 1


mesh: pSphereShape16 tranform: pSphere16 -1.439180218 0.1163978827 -1.758772735 0 5.182529155 5.072572526 -3.905084837 0 0.8537120926 -1.485711494 -0.7969075255 0 120.6192111 13.54736161 -3.302002647 1


mesh: pSphereShape17 tranform: pSphere17 -1.114217316 0.4121114163 -2.258106845 0 1.909005623 1.187455687 -0.7252460524 0 2.49906261 -5.36921182 -2.213009686 0 115.7044725 3.227021047 0.1587398412 1


mesh: pSphereShape18 tranform: pSphere18 -2.328608254 -0.3881687941 -1.689202824 0 -1.239816243 8.038222714 -0.1380182867 0 1.915025603 0.2490631016 -2.697143816 0 116.8296621 27.40413735 -11.35112523 1


mesh: pSphereShape19 tranform: pSphere19 -1.588210127 -0.2346623794 -1.129547997 0 -0.1307675988 9.599227962 -1.810362424 0 1.343839996 -0.3253005639 -1.82193629 0 118.0687484 11.05041268 -10.19759353 1


mesh: pSphereShape20 tranform: pSphere20 -2.440427672 0.1294795759 -0.9464679633 0 0.08525660617 1.858528909 0.03442161319 0 2.150481562 0.004037345171 -5.544373566 0 120.6783635 1.529613828 -12.96484307 1


mesh: pSphereShape21 tranform: pSphere21 -4.324849217 0.3038130578 -4.141327952 0 -1.428698615 2.468652579 1.67311429 0 3.254060499 3.988105421 -3.105690409 0 118.0044408 36.85327195 -7.938146002 1


