mesh: pSphereShape1 tranform: pSphere1 -0.01176041842 3.181890604 0.9951400336 0 -1.324606417 0.4130643634 -1.336398394 0 -2.503052901 -0.7159659828 2.259670407 0 -88.69623694 34.20467616 -22.07665776 1


mesh: pSphereShape2 tranform: pSphere2 -0.5816751278 5.690673639 1.440466838 0 -2.396037899 0.2838224807 -2.088806684 0 -1.960957391 -0.7442243634 2.148260371 0 -88.56050312 41.80263781 -19.53608787 1


mesh: pSphereShape3 tranform: pSphere3 -1.247792551 6.122333858 2.328635176 0 -2.192480057 0.3433165123 -2.077465221 0 -2.019219189 -1.149796872 1.940996899 0 -89.6742261 52.03551467 -16.47543484 1


mesh: pSphereShape4 tranform: pSphere4 -0.4392568823 -0.0646932716 4.079941539 0 -0.1903587549 3.370826389 0.03295473542 0 -3.885262075 -0.2152873499 -0.421710883 0 -91.35809841 58.13835118 -11.537825 1


mesh: pSphereShape5 tranform: pSphere5 -0.7754924377 -0.03849969012 4.169615613 0 -0.198081545 3.139487057 -0.007852393217 0 -3.935710802 -0.2501547759 -0.7342990647 0 -92.58129454 58.50956621 -4.945722381 1


mesh: pSphereShape6 tranform: pSphere6 -2.446030956 -5.107214393 2.131631402 0 -1.137790797 1.266427661 1.728650677 0 -1.870878392 0.2926021917 -1.445767939 0 -95.29877192 52.42219982 -1.345030424 1


mesh: pSphereShape7 tranform: pSphere7 -5.673060601 -0.1237327543 -0.6225637415 0 -0.2040943121 1.683409533 1.525219732 0 0.1905550548 1.946935234 -2.123364958 0 -103.2551366 47.94029178 -1.113638971 1


mesh: pSphereShape8 tranform: pSphere8 -3.744873081 -1.401255384 -1.578359781 0 -0.4906306011 0.6066136927 0.6255409188 0 0.04917290658 1.894280041 -1.798396306 0 -110.8756468 47.40272848 -2.836589484 1


mesh: pSphereShape10 tranform: pSphere10 -0.4665288359 0.02341077735 4.139992357 0 0.2116466607 3.508319548 0.004011307512 0 -5.027060209 0.3039175182 -0.5682096221 0 -92.11485728 68.12065337 -8.441789452 1


mesh: pSphereShape11 tranform: pSphere11 -0.1240471857 0.01411343321 0.9921759454 0 -2.342271258 3.088458918 -0.3367758692 0 -2.053373913 -1.582807065 -0.2342088764 0 -93.60068856 63.81351798 -9.219710753 1


mesh: pSphereShape12 tranform: pSphere12 -0.9419280102 -0.1243939363 7.121995006 0 0.05718351207 3.763138403 0.07329046849 0 -5.872162321 0.1043216721 -0.7748077867 0 -91.80077805 54.01384997 -9.104490324 1


mesh: pSphereShape13 tranform: pSphere13 -0.6786242234 -0.2393776476 4.922312392 0 -0.1801997173 4.689452729 0.2032098311 0 -4.398841065 -0.1424525653 -0.6133824554 0 -92.8085648 48.89669651 -9.215688539 1


mesh: pSphereShape14 tranform: pSphere14 -0.6068392061 -0.0277074262 4.99401061 0 -0.09556104613 5.485988615 0.01882503716 0 -4.305790285 -0.07320625976 -0.5236173729 0 -92.94879931 44.48961833 -9.319205812 1


mesh: pSphereShape15 tranform: pSphere15 -0.02254421613 -0.01727349504 3.445804384 0 3.852141476 7.721288253 0.06390877709 0 -3.82131824 1.906578926 -0.01544351819 0 -96.98023732 31.89389486 -13.24818018 1


mesh: pSphereShape16 tranform: pSphere16 -0.01127254754 0.1151213006 2.27259537 0 -0.1671373976 8.224177813 -0.4174355555 0 -1.889356077 -0.03877277765 -0.007407514695 0 -101.4674767 16.94189128 -13.80744323 1


mesh: pSphereShape17 tranform: pSphere17 -0.648146305 0.1768883637 2.46149943 0 -0.07936653723 2.353281223 -0.1900098724 0 -6.11120498 -0.3340953089 -1.585154685 0 -105.6591484 6.073520709 -14.67750226 1


mesh: pSphereShape18 tranform: pSphere18 -0.04758230211 -0.3620207134 2.879787236 0 0.7582584047 8.034221732 1.022518027 0 -3.302327741 0.3135960436 -0.0151414286 0 -94.06783766 30.86472727 -6.169029897 1


mesh: pSphereShape19 tranform: pSphere19 -0.003469870538 -0.2463977348 1.947468262 0 -3.226087304 9.149064579 1.151810649 0 -2.158866631 -0.7488344247 -0.09859061505 0 -92.63086632 14.86884284 -7.768253485 1


mesh: pSphereShape20 tranform: pSphere20 0.4840658716 0.03626793413 2.575387089 0 -0.7103476213 1.716401251 0.1093446162 0 -5.385586908 -2.295418606 1.044592063 0 -94.14680862 4.016627103 -8.689347279 1


mesh: pSphereShape21 tranform: pSphere21 -0.723214946 -0.0330209791 5.951730008 0 2.061773948 2.571712491 0.2648013598 0 -4.643721404 3.778872144 -0.5433086954 0 -91.75932101 40.5668609 -9.101665296 1


