mesh: pSphereShape1 tranform: pSphere1 1.551649047 2.811145922 0.8970583314 0 -0.7778395227 0.910815681 -1.508822543 0 -2.7152014 0.8820962457 1.932247146 0 11.03427973 33.11530558 -27.80156643 1


mesh: pSphereShape2 tranform: pSphere2 2.111149364 5.274567655 1.587148874 0 -2.563953266 1.409651178 -1.274242279 0 -1.428731665 -0.2199713509 2.631460593 0 14.80656013 39.78043468 -25.44103849 1


mesh: pSphereShape3 tranform: pSphere3 0.4403242356 6.039012705 2.792658236 0 -2.487956469 0.8793007804 -1.509171799 0 -1.728115321 -0.9385536038 2.302060493 0 17.37055784 49.41163797 -21.98989574 1


mesh: pSphereShape4 tranform: pSphere4 0.01101027898 -0.5630949633 4.06520081 0 -0.8241445102 3.242959535 0.4514336013 0 -3.795601074 -0.9477458141 -0.1209977786 0 17.18211137 54.94142104 -16.53173529 1


mesh: pSphereShape5 tranform: pSphere5 -0.2126182812 -0.6113669186 4.191609365 0 -0.7463887204 3.029093419 0.4039478576 0 -3.89168931 -0.9148191249 -0.3308358009 0 16.72783715 54.4012768 -9.843086715 1


mesh: pSphereShape6 tranform: pSphere6 0.04914534892 -5.832341796 1.609948021 0 -1.263435768 0.5412515791 1.999354113 0 -2.033840877 -0.3460504682 -1.191548276 0 16.81689868 47.36536892 -6.871327174 1


mesh: pSphereShape7 tranform: pSphere7 -2.095976198 -5.120285151 1.40572961 0 -1.168013475 0.9486704112 1.713938841 0 -2.2418018 0.432522268 -1.767143445 0 14.10652127 37.24202637 -5.095403513 1


mesh: pSphereShape8 tranform: pSphere8 0.6658987678 -4.235195457 0.3138613045 0 -0.7092084689 -0.05944880072 0.7024878559 0 -1.796770401 -0.4195657682 -1.849466088 0 12.07615806 29.64975933 -3.958959985 1


mesh: pSphereShape10 tranform: pSphere10 -0.449463715 -0.6620349324 4.088694908 0 0.4405670835 3.434182742 0.6044882078 0 -4.998400507 0.7175065574 -0.4332886888 0 17.21023883 64.39646819 -11.6127588 1


mesh: pSphereShape11 tranform: pSphere11 -0.07995793598 -0.1893370577 0.9786512183 0 -2.204133868 3.17667046 0.4344994781 0 -2.135046984 -1.419968357 -0.4491555037 0 15.39456617 60.34191908 -12.9508148 1


mesh: pSphereShape12 tranform: pSphere12 -0.3633712106 -1.045452196 7.099331388 0 -0.6483665658 3.673104337 0.5077178478 0 -5.827745717 -0.9677680692 -0.4408007035 0 17.78446238 50.58725683 -14.57953301 1


mesh: pSphereShape13 tranform: pSphere13 -0.3326752303 -0.6206460287 4.924542362 0 -1.164576848 4.524038458 0.4914975756 0 -4.294681463 -1.059509221 -0.4236564906 0 17.81857346 45.38443892 -15.10858809 1


mesh: pSphereShape14 tranform: pSphere14 -0.403817451 -0.2796962552 5.006781897 0 -1.281959483 5.33144738 0.1944379196 0 -4.203663553 -0.996386253 -0.3947042721 0 18.62689008 41.05605181 -15.41067672 1


mesh: pSphereShape15 tranform: pSphere15 0.1403227339 -0.04432283391 3.442777874 0 0.9182072517 8.579797913 0.07303277041 0 -4.242759897 0.4525372251 0.1787548959 0 18.52491677 27.69828479 -19.52864552 1


mesh: pSphereShape16 tranform: pSphere16 -0.1355078988 0.2550051347 2.257139714 0 -7.209314736 3.886497489 -0.8718981349 0 -0.9069241846 -1.652640183 0.1322631204 0 23.06239222 15.36603191 -19.68092354 1


mesh: pSphereShape17 tranform: pSphere17 -0.6466931781 -0.7878681392 2.339105448 0 -2.217007813 0.7280028069 -0.3677275911 0 -1.482280131 -5.688923056 -2.325975374 0 31.38216676 6.43557314 -20.44889181 1


mesh: pSphereShape18 tranform: pSphere18 -0.1863455294 -0.07009505852 2.896007532 0 2.307990413 7.792864863 0.3371279264 0 -3.173758682 0.9478052356 -0.1812769036 0 16.97069685 27.68784183 -11.7590356 1


mesh: pSphereShape19 tranform: pSphere19 -0.08381972249 -0.0912304438 1.959083402 0 -3.919834782 8.944979849 0.2488383176 0 -2.09271551 -0.9133876952 -0.1320717627 0 17.18390053 12.1963152 -11.90935555 1


mesh: pSphereShape20 tranform: pSphere20 0.4271725662 0.2597409077 2.572608024 0 -0.3153612873 1.829104912 -0.1323091884 0 -5.780081792 -0.9204137623 1.052691064 0 15.90290588 2.40672374 -11.92642932 1


mesh: pSphereShape21 tranform: pSphere21 -0.4812589777 -0.3333346133 5.966950491 0 1.463409421 2.951799699 0.2829277594 0 -5.369217819 2.688998556 -0.2828325771 0 20.64569668 37.48235656 -15.35296555 1


