mesh: pSphereShape1 tranform: pSphere1 0.3586515627 3.158202523 -1.005979966 0 0.4116030479 0.5285841149 1.806196767 0 3.347229857 -0.5699555511 -0.595981889 0 -147.0902409 32.8565052 -16.40900172 1


mesh: pSphereShape2 tranform: pSphere2 1.059744875 5.68352585 -1.17112418 0 1.044194806 0.420624889 2.986201281 0 2.785367999 -0.69973971 -0.8754061143 0 -146.2067597 40.39444682 -18.98238626 1


mesh: pSphereShape3 tranform: pSphere3 2.279768502 6.094663888 -1.456100124 0 0.8469096982 0.3749368426 2.895317443 0 2.717297421 -1.170126942 -0.6433083329 0 -143.8251992 50.57755054 -21.31179771 1


mesh: pSphereShape4 tranform: pSphere4 2.01301135 -0.4661309253 -3.54592189 0 0.8481582038 3.267678472 0.05194307906 0 3.266049004 -0.8790453862 1.969683532 0 -139.9815743 56.24089669 -25.02482856 1


mesh: pSphereShape5 tranform: pSphere5 2.585549489 -0.5267552052 -3.320546326 0 0.722337987 3.060717108 0.07691262816 0 3.043522544 -0.7809448463 2.493729679 0 -135.9836019 55.85719514 -30.36875452 1


mesh: pSphereShape6 tranform: pSphere6 1.398011315 -5.722178254 -1.38303981 0 1.920584073 0.7747405074 -1.264030872 0 1.347720768 -0.1442925452 1.959304807 0 -133.7873072 48.97283088 -32.91590008 1


mesh: pSphereShape7 tranform: pSphere7 3.213566827 -4.713684317 -0.2016938139 0 1.647931633 1.168767827 -1.058357441 0 1.158550498 0.6805005702 2.555430785 0 -129.2311372 39.39201273 -33.11324734 1


mesh: pSphereShape8 tranform: pSphere8 -0.1196240953 -4.296877873 -0.03662331864 0 0.8630728835 -0.01972612314 -0.5046940438 0 1.317495164 -0.05590055937 2.255221883 0 -125.9537516 32.15281429 -33.04635036 1


mesh: pSphereShape10 tranform: pSphere10 2.466876823 -0.3794569331 -3.335905441 0 0.2215132209 3.499878739 -0.2343014321 0 4.071735621 -0.05570844406 3.017354468 0 -136.868924 65.82053578 -27.84727835 1


mesh: pSphereShape11 tranform: pSphere11 0.571549624 -0.09381127898 -0.8151873841 0 2.264353532 2.905211137 1.253268705 0 1.5058649 -1.714247977 1.253076695 0 -136.4085275 61.49479548 -26.35997927 1


mesh: pSphereShape12 tranform: pSphere12 3.74092832 -0.8613159941 -6.07364019 0 0.702228931 3.697067159 -0.09176621647 0 4.935497164 -0.8589806447 3.161727445 0 -139.4104471 51.92328298 -27.06308251 1


mesh: pSphereShape13 tranform: pSphere13 2.599487128 -0.8563122101 -4.154080867 0 1.077731369 4.564233983 -0.2664513529 0 3.648972618 -0.7196537125 2.431754685 0 -139.5057481 46.76046241 -26.45322429 1


mesh: pSphereShape14 tranform: pSphere14 2.603983935 -0.6640292287 -4.25293973 0 1.034758595 5.384415372 -0.2071307109 0 3.620501304 -0.6068552811 2.311506276 0 -140.1891821 42.42444017 -26.12836891 1


mesh: pSphereShape15 tranform: pSphere15 1.125374632 -0.3284338141 -3.240376157 0 -1.988082087 8.256882786 -1.527346337 0 3.914654763 1.172078277 1.240751947 0 -140.6509298 29.60124254 -21.16746741 1


mesh: pSphereShape16 tranform: pSphere16 0.7604063051 -0.104612836 -2.142173687 0 1.421058061 8.112222819 0.1082726744 0 1.751037245 -0.3152392328 0.6369594773 0 -139.4720848 14.14643201 -18.66537953 1


mesh: pSphereShape17 tranform: pSphere17 0.979965783 0.08016568435 -2.35448574 0 0.2678433288 2.33924474 0.1911264295 0 5.793204362 -0.8579404321 2.381991351 0 -137.1250651 3.05026721 -16.86145574 1


mesh: pSphereShape18 tranform: pSphere18 0.9878467186 -0.1046768639 -2.727581202 0 0.2136601237 8.12825624 -0.2345583403 0 3.118015944 -0.04931889904 1.131142994 0 -139.4532661 28.46822995 -29.65449649 1


mesh: pSphereShape19 tranform: pSphere19 0.6532039173 -0.04210885631 -1.850650697 0 2.253488086 9.488185382 0.5794992065 0 2.091314335 -0.5425338741 0.7504928938 0 -141.1113028 12.1254409 -30.17849229 1


mesh: pSphereShape20 tranform: pSphere20 -0.1150619449 0.1930456174 -2.611081754 0 -0.100579122 1.85269289 0.1414077026 0 5.932383702 0.3400916184 -0.2362769414 0 -138.1132656 2.885033183 -30.12876611 1


mesh: pSphereShape21 tranform: pSphere21 3.103359311 -0.7913725051 -5.068541297 0 -1.292455804 2.785765986 -1.226296285 0 4.575602263 3.140260317 2.311241347 0 -141.8359045 38.70307884 -26.6668701 1


