mesh: pSphereShape1 tranform: pSphere1 0.8744191016 3.119998878 -0.7847726083 0 1.573676074 -0.164633892 1.098910502 0 1.770959911 -1.178646784 -2.712652616 0 23.71262397 32.65597231 -7.277664694 1


mesh: pSphereShape2 tranform: pSphere2 1.96856927 5.444609552 -1.130495021 0 2.612802619 -0.5840508551 1.736897593 0 1.402904532 -1.016392594 -2.452152399 0 25.47254446 40.21013742 -9.274641625 1


mesh: pSphereShape3 tranform: pSphere3 2.352580614 5.883920368 -2.075414529 0 2.468515168 -0.3754218056 1.733836239 0 1.407437221 -1.374513957 -2.301429946 0 28.79279648 50.13187176 -11.7832494 1


mesh: pSphereShape4 tranform: pSphere4 -0.7005494326 0.2107399916 -4.038300872 0 0.4912842964 3.339237321 0.08903296743 0 3.814279292 -0.5427771458 -0.6900119959 0 30.59189758 56.21470286 -16.51861143 1


mesh: pSphereShape5 tranform: pSphere5 -0.3206817346 0.23283707 -4.222737883 0 0.5048201318 3.102131736 0.1327112135 0 3.947808644 -0.6281324638 -0.3344376765 0 30.08435425 57.00118124 -23.15597778 1


mesh: pSphereShape6 tranform: pSphere6 1.985951014 -5.175643495 -2.424720953 0 0.5950218133 1.181232734 -2.034030076 0 2.173290112 0.4214165287 0.8804914159 0 31.82050569 50.98039558 -27.15564543 1


mesh: pSphereShape7 tranform: pSphere7 4.063822038 -3.321294247 -2.245187511 0 0.3262558327 1.524523932 -1.66469255 0 1.985087974 1.337730159 1.614140804 0 38.30894081 43.40507691 -30.56283028 1


mesh: pSphereShape8 tranform: pSphere8 1.283715728 -4.03165066 -0.7593928694 0 0.5743113234 0.3244365014 -0.7516032599 0 1.991282424 0.3213185652 1.660268897 0 43.48225653 37.80748034 -32.80379747 1


mesh: pSphereShape10 tranform: pSphere10 -0.1470987685 -0.03492668898 -4.163517265 0 -0.05230445422 3.514202211 -0.02763181212 0 5.064469671 0.07396643878 -0.1795502713 0 31.17965468 66.33465447 -19.65005901 1


mesh: pSphereShape11 tranform: pSphere11 -0.07382195421 0.02997388888 -0.9968208892 0 2.620610661 2.873854581 -0.1076602663 0 1.914506421 -1.753086482 -0.1944977547 0 32.6362861 61.86667308 -19.11323676 1


mesh: pSphereShape12 tranform: pSphere12 -1.273627625 0.331730483 -7.063521972 0 0.232066733 3.754718231 0.1344920981 0 5.818715261 -0.3215137701 -1.064275364 0 29.99867322 52.26465591 -19.19055459 1


mesh: pSphereShape13 tranform: pSphere13 -0.9646386209 0.2755521649 -4.872425999 0 0.7622671917 4.633716634 0.111139354 0 4.299283675 -0.685905874 -0.8899587033 0 30.42315126 47.06910518 -19.73756787 1


mesh: pSphereShape14 tranform: pSphere14 -1.032493051 0.320609057 -4.913281126 0 0.9944891249 5.394080128 0.1429976862 0 4.172341796 -0.7447091252 -0.925384541 0 29.89690486 42.65778965 -19.91413036 1


mesh: pSphereShape15 tranform: pSphere15 -1.033124785 0.2533870342 -3.277624545 0 -1.61330537 8.397517687 1.157718895 0 3.995113933 0.9312142111 -1.187290845 0 32.15752672 29.45569316 -17.14849667 1


mesh: pSphereShape16 tranform: pSphere16 -0.641115464 0.315002787 -2.160512417 0 2.929346066 7.693794006 0.2524944955 0 1.684047732 -0.6218113958 -0.5903883523 0 32.19041923 14.03622961 -17.95813428 1


mesh: pSphereShape17 tranform: pSphere17 -0.08087851889 0.1145510948 -2.547685083 0 0.838073967 2.20741701 0.07264628398 0 5.907625283 -2.233428219 -0.287964017 0 32.77318709 2.447666823 -18.20893125 1


mesh: pSphereShape18 tranform: pSphere18 -0.6466541444 0.251054308 -2.818742228 0 -2.535393441 7.625698435 1.260841479 0 3.064124867 1.118515349 -0.603326168 0 31.22882207 29.46445854 -25.1501482 1


mesh: pSphereShape19 tranform: pSphere19 -0.5416700768 0.05640626633 -1.885939653 0 8.000385237 5.180888779 -2.142875932 0 1.150910904 -1.937945851 -0.3885205373 0 28.04663568 17.08852503 -25.37723922 1


mesh: pSphereShape20 tranform: pSphere20 -0.9927194584 1.21638085 -2.098375441 0 1.577679717 0.9692572729 -0.1845272114 0 2.206472681 -4.260426633 -3.513532227 0 22.39206316 8.040048872 -25.60166483 1


mesh: pSphereShape21 tranform: pSphere21 -1.230497961 0.3820934104 -5.855518741 0 -1.580973719 2.857657376 0.5187033166 0 5.133833207 3.000532504 -0.8830451793 0 28.0660131 38.98414414 -19.86542321 1


