mesh: pSphereShape1 tranform: pSphere1 0.7914353264 3.101160624 0.9334359751 0 -1.242829518 0.7059390479 -1.291584238 0 -2.503605062 -0.07401619274 2.368644075 0 83.40480099 29.55874388 -31.74132185 1


mesh: pSphereShape2 tranform: pSphere2 0.5568925394 5.692204596 1.44420728 0 -2.566688173 0.6984667129 -1.763213615 0 -1.761561069 -0.4345823624 2.392130261 0 85.23334265 36.98355093 -29.33946897 1


mesh: pSphereShape3 tranform: pSphere3 -0.8814104259 6.174540298 2.358106799 0 -2.35643435 0.3823514141 -1.881946153 0 -1.870356273 -1.07776537 2.122954819 0 85.38658976 47.17486245 -26.31323348 1


mesh: pSphereShape4 tranform: pSphere4 0.08297525731 -0.1297522697 4.101138164 0 -0.9979506904 3.223191398 0.1221664803 0 -3.738295658 -1.158912052 0.03896834695 0 84.15781594 53.13511824 -21.27371761 1


mesh: pSphereShape5 tranform: pSphere5 -0.7698623091 -0.2757692239 4.161709801 0 -0.8987780904 3.014424275 0.03348385003 0 -3.774628428 -1.116861675 -0.772264379 0 83.17424574 53.18408072 -14.69288353 1


mesh: pSphereShape6 tranform: pSphere6 -1.630124222 -5.574784363 1.695592243 0 -1.381467452 0.9391446758 1.759600818 0 -1.850374125 0.0853573225 -1.498291246 0 81.51154312 46.58851381 -11.53242968 1


mesh: pSphereShape7 tranform: pSphere7 -4.333364262 -3.671991158 0.5700413125 0 -0.9913386 1.402813153 1.50039342 0 -1.399063655 1.316472535 -2.15524192 0 75.39687487 38.25047631 -10.58506366 1


mesh: pSphereShape8 tranform: pSphere8 -1.616645948 -3.982971238 0.03473677818 0 -0.797702774 0.3281914687 0.5059255323 0 -1.231562335 0.4802259575 -2.253348922 0 69.96034181 32.49670226 -10.55810136 1


mesh: pSphereShape10 tranform: pSphere10 -0.1572977603 -0.05742724009 4.162894842 0 -0.09917698234 3.513015938 0.04471467562 0 -5.062558122 -0.140463077 -0.1932298296 0 82.87072563 63.00740315 -17.93504063 1


mesh: pSphereShape11 tranform: pSphere11 -0.0464508126 -0.01737588401 0.9987694432 0 -2.589169262 2.903368172 -0.06990645143 0 -1.939321447 -1.732347804 -0.1203322072 0 81.73393413 58.6254395 -18.64351486 1


mesh: pSphereShape12 tranform: pSphere12 -0.4657505874 -0.3471525533 7.161569422 0 -0.8797114168 3.658077802 0.1201112339 0 -5.747120716 -1.367644993 -0.4400580536 0 85.04698253 49.05427618 -18.88539388 1


mesh: pSphereShape13 tranform: pSphere13 -0.2906524493 -0.4931787913 4.94158756 0 -1.239348533 4.515094353 0.3777185098 0 -4.278356059 -1.143765185 -0.3657924456 0 85.29180905 43.8584411 -19.05805391 1


mesh: pSphereShape14 tranform: pSphere14 -0.2191427898 -0.3585454432 5.013240977 0 -1.082043496 5.368556641 0.3366583608 0 -4.248736491 -0.8409233425 -0.2458667369 0 86.02105238 39.57046501 -19.35625142 1


mesh: pSphereShape15 tranform: pSphere15 0.04628380744 -0.2105050967 3.439174303 0 4.492256588 7.35724171 0.3898662938 0 -3.645779121 2.216287064 0.1847188324 0 82.33840382 27.76564722 -23.84849898 1


mesh: pSphereShape16 tranform: pSphere16 0.04464077231 -0.06026599048 2.274300972 0 1.565752183 8.084184598 0.1834871508 0 -1.854937486 0.3582241335 0.04590182894 0 75.69617086 13.40708112 -25.23771026 1


mesh: pSphereShape17 tranform: pSphere17 -0.2201395147 0.0521791979 2.541491392 0 0.3725722454 2.332655407 -0.01562004694 0 -6.219272426 0.9896002508 -0.5590198595 0 69.19799275 3.693970884 -26.1562051 1


mesh: pSphereShape18 tranform: pSphere18 0.2369975177 -0.3199666583 2.875404513 0 -1.340331773 7.961154472 0.9963673921 0 -3.260649633 -0.5745924981 0.2048113318 0 88.61204015 25.9325454 -16.41320381 1


mesh: pSphereShape19 tranform: pSphere19 0.1982117118 -0.2209531008 1.940424788 0 -6.236653389 7.37315358 1.476634862 0 -1.745253168 -1.478232252 0.009951232486 0 94.73212191 11.3338409 -18.21987524 1


mesh: pSphereShape20 tranform: pSphere20 0.3635617046 -0.1041223801 2.593305845 0 -0.4335124026 1.804688034 0.1332341583 0 -5.724041802 -1.430003086 0.7450517546 0 95.76968237 2.536154961 -19.63983851 1


mesh: pSphereShape21 tranform: pSphere21 -0.2611685917 -0.4273049941 5.974648253 0 1.577865945 2.892917143 0.275873474 0 -5.276582883 2.88032511 -0.02465424082 0 87.91153126 35.92775607 -19.4397353 1


