mesh: pSphereShape1 tranform: pSphere1 -0.7043368614 3.190006972 0.6653081364 0 -0.6824995393 0.2221583423 -1.787737409 0 -3.140375397 -0.9195863562 1.084617333 0 145.134992 30.08265481 -28.594908 1


mesh: pSphereShape2 tranform: pSphere2 -1.416124381 5.686130663 0.6779136755 0 -0.9803734847 0.1176487354 -3.034747565 0 -2.764789755 -0.7913950381 0.8624835789 0 143.6497701 37.72503102 -26.71163744 1


mesh: pSphereShape3 tranform: pSphere3 -2.495316293 6.094726555 1.04412869 0 -0.8086007908 0.1701096886 -2.925393004 0 -2.689687381 -1.216464755 0.6727133414 0 140.7703454 47.94806521 -25.15231209 1


mesh: pSphereShape4 tranform: pSphere4 -1.494937815 0.5717506356 3.77906297 0 -0.5177004098 3.262518115 -0.698394482 0 -3.595358918 -0.847526395 -1.294041483 0 137.2606796 54.46453651 -21.73797995 1


mesh: pSphereShape5 tranform: pSphere5 -2.058651999 0.5459626149 3.667757064 0 -0.4328416829 3.037303342 -0.6950636113 0 -3.463496411 -0.9075337793 -1.808913235 0 134.1227018 55.76497994 -15.97531819 1


mesh: pSphereShape6 tranform: pSphere6 -1.54652546 -5.311475918 2.45092662 0 -1.800660656 1.083722091 1.212356264 0 -1.476093315 -0.4119429859 -1.824143206 0 131.8692921 49.68578869 -12.02384686 1


mesh: pSphereShape7 tranform: pSphere7 -3.312078809 -4.466165056 1.29229085 0 -1.537935852 1.407955293 0.9242470363 0 -1.318840928 0.2381008971 -2.557247221 0 127.005048 40.50065691 -9.801689302 1


mesh: pSphereShape8 tranform: pSphere8 0.1477217932 -4.215671798 0.8277078022 0 -0.8748869617 0.06361233651 0.4801315184 0 -1.262096141 -0.4831940116 -2.235750657 0 123.6452372 33.43703139 -8.424787826 1


mesh: pSphereShape10 tranform: pSphere10 -0.8761953387 0.4515600394 4.047975938 0 -0.3907687638 3.461052659 -0.4706704965 0 -4.92269726 -0.6902265839 -0.9885349397 0 134.1173717 64.54679736 -20.5068314 1


mesh: pSphereShape11 tranform: pSphere11 -0.3112502801 0.1510548863 0.9382460682 0 -2.71258545 2.469185714 -1.297394777 0 -1.681132179 -1.972979391 -0.2400486307 0 133.5542109 59.91140105 -21.04940564 1


mesh: pSphereShape12 tranform: pSphere12 -3.274738861 0.9305764979 6.327371324 0 -0.3029564448 3.686397258 -0.6989597524 0 -5.251322531 -0.9211917836 -2.582347345 0 136.5723175 50.79723127 -18.70188873 1


mesh: pSphereShape13 tranform: pSphere13 -2.263193013 0.7358192758 4.368468743 0 -0.5040836959 4.55553071 -1.02848075 0 -3.928346676 -0.8613991895 -1.890083943 0 136.0386462 45.66813746 -17.95824983 1


mesh: pSphereShape14 tranform: pSphere14 -2.329716335 0.7359034959 4.397730248 0 -0.5279051 5.334106686 -1.172254004 0 -3.822214276 -0.7940639208 -1.89195793 0 136.2610273 41.3364779 -17.12504327 1


mesh: pSphereShape15 tranform: pSphere15 -2.220942915 0.02962223 2.634560602 0 0.9241880197 8.552242251 0.6829345075 0 -3.233053411 0.5675268982 -2.731855351 0 137.7876883 27.73944718 -20.90378382 1


mesh: pSphereShape16 tranform: pSphere16 -1.476124303 0.08197019694 1.72985769 0 -0.923199698 8.100265075 -1.171621138 0 -1.422525402 -0.3354027589 -1.197977902 0 137.679075 11.80175888 -21.66464351 1


mesh: pSphereShape17 tranform: pSphere17 -2.232050338 -0.2629692074 1.20795739 0 -0.1637282588 2.347352881 0.208477396 0 -3.031708117 0.2806429757 -5.540861556 0 136.8094339 1.514004995 -24.68731056 1


mesh: pSphereShape18 tranform: pSphere18 -1.104824161 0.3091215603 2.666515522 0 2.251796185 7.816515272 0.02684605927 0 -2.926893409 0.8476874607 -1.31097719 0 132.5777554 28.16565196 -12.81734071 1


mesh: pSphereShape19 tranform: pSphere19 -0.7048924933 0.1603597179 1.825039136 0 -4.026082255 8.596090933 -2.310318608 0 -1.915250642 -1.070563012 -0.6456686844 0 132.8116061 12.96464723 -10.76358997 1


mesh: pSphereShape20 tranform: pSphere20 -0.2167818838 0.7515229124 2.501294208 0 -0.2817764937 1.754679398 -0.5516207593 0 -5.857624915 -1.005293306 -0.2056239562 0 131.7477528 3.297215584 -9.363294384 1


mesh: pSphereShape21 tranform: pSphere21 -2.776494426 0.8770303594 5.241098815 0 1.625406813 2.854073812 0.3834737043 0 -4.433678157 2.905912568 -2.835026921 0 137.6017607 37.72666434 -15.70311203 1


