mesh: pSphereShape1 tranform: pSphere1 -0.007943922584 3.243997943 0.7689499677 0 -1.342431158 0.3155668476 -1.345162126 0 -2.472473006 -0.5598047865 2.336126558 0 140.1632375 30.60867429 -26.88892004 1


mesh: pSphereShape2 tranform: pSphere2 -0.6075974131 5.792186621 0.9372601888 0 -2.177772318 0.148271212 -2.328087102 0 -2.172774255 -0.5511292345 1.997387048 0 140.248529 38.37311332 -24.90950572 1


mesh: pSphereShape3 tranform: pSphere3 -1.446430487 6.284576057 1.695418099 0 -1.969856866 0.1695434682 -2.30902917 0 -2.21045866 -0.9977174738 1.812506634 0 138.957917 48.81159697 -22.78602499 1


mesh: pSphereShape4 tranform: pSphere4 0.001239451224 0.1370391016 4.101740306 0 -0.5553714789 3.328517106 -0.1110379019 0 -3.860694157 -0.6434105365 0.02266295207 0 137.3916257 55.13941284 -18.35274503 1


mesh: pSphereShape5 tranform: pSphere5 -0.66898177 0.08486052204 4.187341303 0 -0.4711855553 3.107176954 -0.1382479151 0 -3.915383122 -0.6210173103 -0.6129474271 0 136.521555 55.74047176 -11.74844723 1


mesh: pSphereShape6 tranform: pSphere6 -1.308015276 -5.598354874 1.886286686 0 -1.249413578 0.9203348462 1.865097736 0 -1.976259662 0.01344135226 -1.330512687 0 135.0307613 49.20791525 -8.309052651 1


mesh: pSphereShape7 tranform: pSphere7 -3.212797265 -4.477603304 1.488460405 0 -1.052969004 1.277131433 1.569079015 0 -1.97952131 0.770334115 -1.955409807 0 130.1220693 40.0009549 -6.261150993 1


mesh: pSphereShape8 tranform: pSphere8 -0.1018116802 -4.297133436 0.05558113839 0 -0.6848422536 0.02564531608 0.7282399367 0 -1.902670774 0.02192639674 -1.790057898 0 126.5889103 32.98510357 -5.094433338 1


mesh: pSphereShape10 tranform: pSphere10 0.08553659916 0.1828569292 4.161367656 0 -0.4391188592 3.484183357 -0.1440743489 0 -5.027403108 -0.628199471 0.1309419488 0 135.3674529 65.03307352 -15.59807431 1


mesh: pSphereShape11 tranform: pSphere11 -0.02808427757 0.06226428742 0.9976644886 0 -2.742401259 2.748743522 -0.2487478683 0 -1.845138806 -1.835216893 0.06259527366 0 134.6898872 60.62597853 -16.12572931 1


mesh: pSphereShape12 tranform: pSphere12 -0.8082625317 0.1670331495 7.137529453 0 -0.4766739407 3.731309216 -0.1412995943 0 -5.838379826 -0.7702058614 -0.6431208134 0 137.7652122 51.14936545 -15.68826874 1


mesh: pSphereShape13 tranform: pSphere13 -0.6210679161 0.00382487675 4.935711883 0 -0.6657984726 4.649065498 -0.0873811484 0 -4.363695906 -0.6352414687 -0.5485980274 0 137.400147 45.97004997 -15.48329496 1


mesh: pSphereShape14 tranform: pSphere14 -0.6759514064 0.01030343778 4.985192778 0 -0.6138930963 5.451583368 -0.09450626543 0 -4.271303366 -0.4910062321 -0.5781390197 0 137.6946608 41.5808722 -15.44726926 1


mesh: pSphereShape15 tranform: pSphere15 -1.512617357 -0.06508557474 3.095501102 0 0.590509282 8.596070852 0.4692922901 0 -3.825991362 0.3644761214 -1.861908174 0 138.3315979 28.08752309 -20.22948639 1


mesh: pSphereShape16 tranform: pSphere16 -1.001067286 -0.03093597957 2.043276035 0 -0.6840710793 8.205293942 -0.2109173531 0 -1.689803191 -0.1622220716 -0.8303455648 0 138.1139074 12.00243014 -21.57444082 1


mesh: pSphereShape17 tranform: pSphere17 -2.180097479 -0.4004926245 1.263781313 0 -0.1648248587 2.313387997 0.4487806281 0 -3.255152847 0.8077522008 -5.359354223 0 136.7494678 2.016492057 -25.70064208 1


mesh: pSphereShape18 tranform: pSphere18 0.3102968341 -0.04642112039 2.885837582 0 -0.2330204737 8.129614823 0.155826976 0 -3.296843265 -0.1012615296 0.3528609372 0 138.443233 27.66257426 -11.49853377 1


mesh: pSphereShape19 tranform: pSphere19 0.2259467581 -0.004280678478 1.949945192 0 -2.574815305 9.418505002 0.319028845 0 -2.190545728 -0.6074003327 0.2524925429 0 140.549329 11.37757744 -11.47494634 1


mesh: pSphereShape20 tranform: pSphere20 1.09140585 0.3266379439 2.360168365 0 -0.05654801745 1.845754325 -0.2292957437 0 -5.40358069 0.1424210313 2.479051728 0 138.0471033 2.006831891 -10.30952788 1


mesh: pSphereShape21 tranform: pSphere21 -0.8055810418 0.01227936515 5.941221149 0 1.805306644 2.760153135 0.2390801223 0 -4.971456346 3.310613525 -0.680931262 0 139.2461819 37.79340123 -15.13413314 1


