mesh: pSphereShape1 tranform: pSphere1 2.393509271 2.312372836 0.1972689742 0 -0.89135653 1.038307674 -1.355937206 0 -1.792891009 1.647620651 2.440262175 0 -58.34581449 37.04504855 -21.51780888 1


mesh: pSphereShape2 tranform: pSphere2 3.590534711 4.661532044 0.4186127329 0 -2.337319426 1.895689468 -1.06205721 0 -0.9161418508 0.4521276934 2.823209357 0 -52.62451278 42.61545295 -20.81771283 1


mesh: pSphereShape3 tranform: pSphere3 1.706979226 6.163899684 1.885487341 0 -2.535043199 1.091671702 -1.273776136 0 -1.480203916 -0.3891764036 2.612333447 0 -47.80816821 51.69053898 -19.1873752 1


mesh: pSphereShape4 tranform: pSphere4 0.9516143939 0.1901321085 3.987647754 0 -0.6296677844 3.317114581 -0.007896650936 0 -3.736708574 -0.7071136772 0.9254455025 0 -46.15200396 57.94801067 -14.60615842 1


mesh: pSphereShape5 tranform: pSphere5 0.5560304901 0.1775260209 4.200937957 0 -0.6057276851 3.086461598 -0.05025643959 0 -3.901075617 -0.7566700475 0.5483169792 0 -45.26237415 58.66167765 -7.999486703 1


mesh: pSphereShape6 tranform: pSphere6 1.335081955 -5.132670592 2.912697631 0 -1.063138442 0.8606462736 2.003912355 0 -2.076022888 -0.9367236647 -0.699088463 0 -43.69838798 52.53427826 -3.562277952 1


mesh: pSphereShape7 tranform: pSphere7 -0.1808749284 -4.823075271 3.048235749 0 -1.122142075 1.090716377 1.659202316 0 -2.511850737 -0.6919698271 -1.243917366 0 -43.5503238 42.910433 1.145468909 1


mesh: pSphereShape8 tranform: pSphere8 2.26361067 -3.492178813 1.076830776 0 -0.6711325136 -0.2163836084 0.7090552046 0 -1.363228745 -1.414632008 -1.722024329 0 -42.76169894 35.60964804 4.147955594 1


mesh: pSphereShape10 tranform: pSphere10 0.2303239452 -0.2014093631 4.155011322 0 0.273272388 3.500650726 0.154541735 0 -5.045074485 0.3806744474 0.2981153988 0 -45.86625053 68.073127 -11.07875226 1


mesh: pSphereShape11 tranform: pSphere11 0.08164953314 -0.03063600676 0.9961901369 0 -2.340733677 3.094643116 0.2870208294 0 -2.068493582 -1.575801763 0.1210765469 0 -47.56104297 63.79898245 -11.7513052 1


mesh: pSphereShape12 tranform: pSphere12 0.8878497656 0.2890041732 7.124164124 0 -0.4390462261 3.737338861 -0.09689549913 0 -5.837829517 -0.6662395175 0.7545673395 0 -45.20158374 53.99458226 -12.03476032 1


mesh: pSphereShape13 tranform: pSphere13 0.6312233144 0.3427459406 4.922506895 0 -0.8834341296 4.60881453 -0.2076194657 0 -4.327811594 -0.8020544971 0.6108100133 0 -45.43255156 48.79915445 -11.53191919 1


mesh: pSphereShape14 tranform: pSphere14 0.6253025459 0.401791414 4.975612915 0 -0.9085071502 5.401525895 -0.3220095534 0 -4.244132856 -0.6787754293 0.5881874795 0 -44.91367533 44.43374217 -11.26580264 1


mesh: pSphereShape15 tranform: pSphere15 0.5131140178 0.5289346907 3.366202099 0 -0.2671720709 8.526571646 -1.299063358 0 -4.22088767 -0.03343294117 0.6486480638 0 -44.90153046 30.8493888 -13.9687985 1


mesh: pSphereShape16 tranform: pSphere16 0.3145299601 0.409792691 2.216125121 0 -2.807704627 7.675545565 -1.020824693 0 -1.757271712 -0.5950045221 0.3594305656 0 -42.94573495 15.09385043 -12.45004455 1


mesh: pSphereShape17 tranform: pSphere17 0.1335399229 0.2790011991 2.532723433 0 -1.102211635 2.082337775 -0.1712723441 0 -5.582089811 -2.904160102 0.6142384017 0 -43.25725858 3.10682999 -11.06431288 1


mesh: pSphereShape18 tranform: pSphere18 0.254331205 0.1454119743 2.888021571 0 4.013965554 7.039611618 -0.7079311806 0 -2.870550228 1.653827019 0.1695223648 0 -48.15761002 31.85107416 -6.501859344 1


mesh: pSphereShape19 tranform: pSphere19 0.2018306186 0.04998712611 1.951953433 0 -1.462529467 9.658750304 -0.09612418986 0 -2.249141167 -0.3381646788 0.2412196037 0 -51.6435595 16.72596832 -5.203617969 1


mesh: pSphereShape20 tranform: pSphere20 0.910388426 0.2267927661 2.447041426 0 -0.08222257933 1.85361381 -0.1412038697 0 -5.570286035 -0.08859459245 2.080560016 0 -55.24511981 7.06703477 -4.008925145 1


mesh: pSphereShape21 tranform: pSphere21 0.7452190669 0.4788444003 5.929804121 0 1.655831794 2.828851251 -0.4365299346 0 -5.149692715 3.075846574 0.3987985511 0 -43.13329599 40.73892853 -11.09606762 1


