mesh: pSphereShape1 tranform: pSphere1 0.8518589767 3.13653455 -0.7425342497 0 0.5582013847 0.2798347684 1.822434831 0 3.179675406 -1.055759997 -0.8118045349 0 43.0430482 31.34420899 13.52345621 1


mesh: pSphereShape2 tranform: pSphere2 1.749123464 5.591589431 -0.6868419559 0 0.6951893017 0.1645950587 3.110351504 0 2.791763867 -0.9438125937 -0.5740372051 0 45.01106989 38.8526856 11.53608595 1


mesh: pSphereShape3 tranform: pSphere3 2.797750999 5.962477254 -1.041131231 0 0.5516894722 0.2611231237 2.977943957 0 2.692779262 -1.330262869 -0.3822152433 0 48.45160017 48.90209848 9.922763404 1


mesh: pSphereShape4 tranform: pSphere4 2.075286686 -0.2505417047 -3.531779836 0 0.5563713416 3.328964471 0.0907716843 0 3.314550045 -0.6082456112 1.990790139 0 52.6610991 54.68836416 6.551045273 1


mesh: pSphereShape5 tranform: pSphere5 2.589897615 -0.2862418778 -3.346499819 0 0.4334824877 3.114964424 0.06903989475 0 3.128227123 -0.48991524 2.462878431 0 56.65729536 54.69374409 1.173167426 1


mesh: pSphereShape6 tranform: pSphere6 2.727992927 -5.381954294 -0.4507563492 0 1.858350336 1.039372668 -1.163133081 0 1.091943068 0.3789998946 2.08328259 0 60.21944049 48.25938445 -0.4712403622 1


mesh: pSphereShape7 tranform: pSphere7 4.324406978 -3.574395263 1.053430008 0 1.431924637 1.417374709 -1.068858337 0 0.5161129823 1.359484643 2.49418838 0 66.8372201 40.27508901 1.35586299 1


mesh: pSphereShape8 tranform: pSphere8 1.040961303 -4.070829261 0.9075017026 0 0.8974279184 0.1359203437 -0.4197008357 0 0.9633671017 0.7604617086 2.306201626 0 71.86271788 34.4056959 3.198976029 1


mesh: pSphereShape10 tranform: pSphere10 1.903202782 0.06840916205 -3.705519301 0 0.1898439895 3.505817673 0.1622287214 0 4.500154988 -0.3503443772 2.304870123 0 55.59572275 64.43567249 4.711766172 1


mesh: pSphereShape11 tranform: pSphere11 0.496408763 0.0426386408 -0.86704111 0 2.271370214 2.812321557 1.438734141 0 1.672476205 -1.795467652 0.8692500677 0 56.14316163 60.00418655 5.739877015 1


mesh: pSphereShape12 tranform: pSphere12 3.921010056 -0.4692767916 -6.002580655 0 0.4339603432 3.739178 -0.008853956025 0 4.916918621 -0.5629367207 3.255843049 0 53.57620535 50.45965949 4.445311062 1


mesh: pSphereShape13 tranform: pSphere13 2.741064612 -0.6305849117 -4.103159666 0 0.6978989619 4.638623933 -0.2466538469 0 3.64900841 -0.4159873289 2.501604614 0 53.87030313 45.31006185 5.002595524 1


mesh: pSphereShape14 tranform: pSphere14 2.719521608 -0.51050793 -4.20151727 0 0.6233175762 5.445216384 -0.2581687657 0 3.616231752 -0.3012405444 2.377285498 0 53.5277489 40.93548955 5.347334141 1


mesh: pSphereShape15 tranform: pSphere15 1.247263612 -0.07032742158 -3.211504633 0 -2.425721067 8.20480974 -1.121759781 0 3.795685254 1.319773309 1.445242768 0 53.61949062 28.04424518 9.920439676 1


mesh: pSphereShape16 tranform: pSphere16 0.827025116 -0.0850469538 -2.118222409 0 -2.024080283 7.906664126 -1.107722645 0 1.698184678 0.5246686524 0.6419627627 0 58.16656856 12.76349712 13.05676055 1


mesh: pSphereShape17 tranform: pSphere17 0.800199524 0.5529436427 -2.358876135 0 -0.8211015186 2.202189603 0.2376732243 0 5.586643709 1.832131638 2.324621924 0 64.86674153 3.917141091 16.16302196 1


mesh: pSphereShape18 tranform: pSphere18 1.229091418 -0.4286221976 -2.594631938 0 1.44735668 7.979612912 -0.6325774083 0 2.946664176 -0.4183378767 1.46495867 0 53.28287183 27.04957243 2.328223571 1


mesh: pSphereShape19 tranform: pSphere19 0.8073471387 -0.2830016978 -1.7667646 0 5.084028365 8.282468564 0.9965238653 0 1.711600827 -1.167232427 0.9691074797 0 48.11827194 11.72834435 1.968938995 1


mesh: pSphereShape20 tranform: pSphere20 0.955139781 -0.06754419808 -2.43954905 0 0.2688728158 1.840472986 0.05431243553 0 5.470732948 -0.8631270962 2.165815808 0 47.69764414 2.583893653 3.460065041 1


mesh: pSphereShape21 tranform: pSphere21 3.24105406 -0.6084098741 -5.007257367 0 -1.480556891 2.664396242 -1.282061103 0 4.281818827 3.507835788 2.345276766 0 52.1799154 37.09295698 4.829167504 1


