mesh: pSphereShape1 tranform: pSphere1 -0.2821323421 3.265102504 0.6118633776 0 -1.477662572 0.1031285452 -1.231682923 0 -2.192456509 -0.6718125961 2.574061723 0 132.4056581 30.33031771 -30.55313965 1


mesh: pSphereShape2 tranform: pSphere2 -1.036301983 5.768604466 0.6680852105 0 -2.239867166 -0.1396041769 -2.268958336 0 -2.072581269 -0.6136584145 2.083765018 0 131.9071146 38.16633956 -28.95708252 1


mesh: pSphereShape3 tranform: pSphere3 -1.696201773 6.279460889 1.467572959 0 -2.04908161 -0.02875916138 -2.245247033 0 -2.099630132 -1.018029704 1.929226989 0 130.0243855 48.61235448 -27.27638938 1


mesh: pSphereShape4 tranform: pSphere4 -0.2041986666 0.2679767634 4.090176787 0 -0.5951443613 3.314311113 -0.2468563348 0 -3.8477971 -0.7018244384 -0.1461165194 0 128.0594174 55.02607688 -23.10268693 1


mesh: pSphereShape5 tranform: pSphere5 -0.5951587663 0.246098862 4.19211003 0 -0.5539419971 3.085666069 -0.2597885876 0 -3.908420743 -0.7446799327 -0.5111664457 0 127.1138327 55.85635473 -16.50866757 1


mesh: pSphereShape6 tranform: pSphere6 -0.8645120455 -5.520461237 2.321138809 0 -1.325436883 0.960553779 1.790863922 0 -1.966275575 -0.2480244845 -1.322229614 0 126.1069844 49.44926347 -12.60591259 1


mesh: pSphereShape7 tranform: pSphere7 -2.973358969 -4.535784022 1.781098462 0 -1.141510197 1.323640354 1.465178507 0 -1.996506325 0.5152132111 -2.020906881 0 121.828422 40.12628165 -9.891886236 1


mesh: pSphereShape8 tranform: pSphere8 0.1747998847 -4.290408907 0.2016111524 0 -0.6578815136 0.008584311456 0.7530725222 0 -1.964629219 -0.1606074667 -1.714462421 0 118.7179466 32.9987136 -8.287199791 1


mesh: pSphereShape10 tranform: pSphere10 -0.2081591782 0.04385936289 4.160826847 0 -0.2118321643 3.507988052 -0.04757538285 0 -5.052636344 -0.3084908025 -0.2495231014 0 126.2292436 65.08786148 -20.15194402 1


mesh: pSphereShape11 tranform: pSphere11 -0.07886760346 0.02563360177 0.9965554774 0 -2.724544407 2.762770402 -0.286685539 0 -1.84700605 -1.831729489 -0.09905631821 0 125.2251857 60.6034229 -20.83703151 1


mesh: pSphereShape12 tranform: pSphere12 -0.8948021768 0.4156210664 7.117029105 0 -0.4696010223 3.724626906 -0.2765526731 0 -5.831215015 -0.7862261004 -0.6872266062 0 128.3137732 51.12725469 -20.2932124 1


mesh: pSphereShape13 tranform: pSphere13 -0.6327245337 0.4550649531 4.913203368 0 -0.8122732971 4.596056127 -0.5302954334 0 -4.340095414 -0.8227328507 -0.4827172383 0 128.0199765 45.94703605 -19.75571192 1


mesh: pSphereShape14 tranform: pSphere14 -0.7147327198 0.4240944038 4.961699766 0 -0.8692436966 5.385823235 -0.5855603003 0 -4.238771844 -0.7435909083 -0.5470375705 0 128.4958082 41.58039626 -19.3200343 1


mesh: pSphereShape15 tranform: pSphere15 -0.5055909533 0.3392734558 3.39170249 0 -1.499129494 8.430654457 -1.066792737 0 -4.158689187 -0.8077131996 -0.5391274698 0 131.1779454 28.10405729 -22.25308146 1


mesh: pSphereShape16 tranform: pSphere16 -0.3680102564 0.2821369351 2.227787445 0 -3.871992211 7.104733172 -1.53939304 0 -1.639691293 -0.9268662513 -0.1534796376 0 135.6114948 12.8747936 -20.71357154 1


mesh: pSphereShape17 tranform: pSphere17 -0.6043239344 0.2767215538 2.46344887 0 -0.9691997371 2.101540805 -0.4738284806 0 -5.567809875 -2.804716951 -1.050817481 0 136.5391764 1.584656967 -19.78225757 1


mesh: pSphereShape18 tranform: pSphere18 -0.5281329378 0.4569225036 2.817586737 0 4.339435908 6.873698424 -0.3013033981 0 -2.740101161 1.695289157 -0.7885306289 0 124.008005 29.07893585 -14.99023593 1


mesh: pSphereShape19 tranform: pSphere19 -0.3256928743 0.2438358001 1.920370998 0 -2.139619614 9.40412802 -1.556950165 0 -2.199147255 -0.5505247468 -0.3030710988 0 120.5637986 14.38334005 -13.09414994 1


mesh: pSphereShape20 tranform: pSphere20 0.287565652 0.4518057324 2.565430054 0 0.0136632123 1.832287401 -0.3242212822 0 -5.910750128 0.1564385842 0.6350003044 0 117.4463813 5.034686171 -11.75520172 1


mesh: pSphereShape21 tranform: pSphere21 -0.8517995872 0.5054245149 5.913222798 0 1.67135934 2.853293697 -0.003122051685 0 -5.116392165 2.995916392 -0.9930879528 0 130.2215106 37.91432412 -18.66271042 1


