mesh: pSphereShape1 tranform: pSphere1 -0.8941970418 3.193129414 -0.3452622312 0 1.813343114 0.4578657917 -0.461855675 0 -0.7067315353 -0.5577225145 -3.327682015 0 126.9745722 30.50887627 0.6729448969 1


mesh: pSphereShape2 tranform: pSphere2 -0.9714939526 5.7728117 -0.7265684478 0 3.134430007 0.4826165255 -0.3565052574 0 -0.2723022357 -0.4184442923 -2.960574654 0 124.5872231 38.12243717 -0.04900036796 1


mesh: pSphereShape3 tranform: pSphere3 -1.211576516 6.316034622 -1.761331572 0 2.988669792 0.5158438398 -0.2060455775 0 -0.05867468789 -0.8235686023 -2.912909196 0 122.5371808 48.52987617 -1.720149412 1


mesh: pSphereShape4 tranform: pSphere4 -3.383381007 -0.2266981281 -2.31179491 0 -0.0408986305 3.365284546 -0.2701485563 0 2.214823411 -0.231469485 -3.218762066 0 119.0960578 54.63051708 -5.146593528 1


mesh: pSphereShape5 tranform: pSphere5 -3.295446667 -0.2122651892 -2.661492036 0 -0.1146367585 3.141772676 -0.1086269068 0 2.521008684 -0.01589580509 -3.120233097 0 113.8128944 54.74527847 -9.293075287 1


mesh: pSphereShape6 tranform: pSphere6 -0.8760491146 -5.731018896 -1.731623252 0 -1.043770864 0.7781579489 -2.047352601 0 2.122870279 0.00224549044 -1.081417436 0 111.8624319 47.94135926 -12.06632303 1


mesh: pSphereShape7 tranform: pSphere7 0.1189840948 -4.811281978 -3.069840469 0 -0.8728335242 1.118013533 -1.78606404 0 2.666670764 0.6413052199 -0.9017435491 0 112.4475741 38.30717269 -16.63388658 1


mesh: pSphereShape8 tranform: pSphere8 -0.3403009593 -4.279016078 0.2302765938 0 -0.2031977688 -0.03649610502 -0.9784573067 0 2.549583403 -0.2307935398 -0.520867482 0 112.9506763 30.94478454 -19.56991015 1


mesh: pSphereShape10 tranform: pSphere10 -3.906065754 -0.3754242605 -1.399800302 0 -0.2609398864 3.498691273 -0.2102051479 0 1.722392806 -0.1577623595 -4.763930776 0 116.0863549 64.34848593 -8.126028427 1


mesh: pSphereShape11 tranform: pSphere11 -0.8880474399 -0.03654932864 -0.4582967281 0 1.043581653 2.989793038 -2.260598603 0 0.9720327818 -1.663139344 -1.750884411 0 117.7301693 60.11045217 -8.655600799 1


mesh: pSphereShape12 tranform: pSphere12 -5.401869444 -0.3476567107 -4.724876338 0 -0.1581225999 3.759741956 -0.09586322439 0 3.898171893 0.05021622124 -4.460407455 0 117.2697883 50.40868118 -6.558169701 1


mesh: pSphereShape13 tranform: pSphere13 -3.628427213 -0.04086149227 -3.402916113 0 -0.1211378809 4.695184848 0.07278690271 0 3.037776194 0.1286137801 -3.240633854 0 118.0183739 45.35958104 -7.407407497 1


mesh: pSphereShape14 tranform: pSphere14 -3.56290232 0.3016606455 -3.538911048 0 0.1216520069 5.47469541 0.3441923002 0 3.061195425 0.1250686598 -3.071287139 0 118.2084099 40.95535612 -7.762322257 1


mesh: pSphereShape15 tranform: pSphere15 -2.245112301 -0.127321224 -2.61106004 0 -0.4655125391 8.616511648 -0.01989110958 0 3.231558522 0.1681536125 -2.78684565 0 121.2895781 26.88179795 -5.07780795 1


mesh: pSphereShape16 tranform: pSphere16 -1.364879439 0.1371087049 -1.815592195 0 5.105586481 5.481528235 -3.424196687 0 0.9561312297 -1.405882096 -0.824944354 0 118.4354185 13.11709615 -1.889689112 1


mesh: pSphereShape17 tranform: pSphere17 -1.176478493 0.4478281147 -2.219394265 0 1.700126614 1.529273657 -0.5926439837 0 3.281699536 -4.689161689 -2.685772175 0 114.2819186 2.62548823 0.6208447083 1


mesh: pSphereShape18 tranform: pSphere18 -2.27790056 -0.3323495258 -1.768392046 0 -1.343843086 8.019550899 0.2238457137 0 1.981832403 0.4054805287 -2.629042814 0 116.3512948 27.41506181 -10.99622451 1


mesh: pSphereShape19 tranform: pSphere19 -1.554615287 -0.1975103446 -1.182166438 0 -0.2211915229 9.676414648 -1.325806772 0 1.395527438 -0.2146346876 -1.799336921 0 117.7863969 11.03925746 -10.62509064 1


mesh: pSphereShape20 tranform: pSphere20 -2.456358415 0.1559912111 -0.900124363 0 0.08697438155 1.856848832 0.08444593583 0 2.054234254 0.1574809705 -5.578529095 0 120.426873 1.587849623 -13.88360282 1


mesh: pSphereShape21 tranform: pSphere21 -4.246172928 0.3595111938 -4.217580764 0 -1.440986296 2.469516607 1.661259441 0 3.339207631 3.981675543 -3.022442682 0 117.2494693 36.99473686 -7.268220665 1


