mesh: pSphereShape1 tranform: pSphere1 0.838147201 3.206862492 0.3583462519 0 -1.077018354 0.1033822936 1.593897287 0 2.723675448 -0.9242154081 1.900370858 0 133.5335245 30.90110921 -26.68081811 1


mesh: pSphereShape2 tranform: pSphere2 1.176778723 5.694687538 0.9913540304 0 -1.907901207 -0.05100147769 2.557729073 0 2.331038431 -0.781682093 1.723217733 0 135.6630793 38.60708608 -26.2161299 1


mesh: pSphereShape3 tranform: pSphere3 2.10353576 6.160650755 1.443613345 0 -1.898631579 0.09240791547 2.372204814 0 2.162990555 -1.154752273 1.776166374 0 138.2651715 48.90776455 -24.55928429 1


mesh: pSphereShape4 tranform: pSphere4 3.910464459 0.1056802405 -1.241029487 0 0.0007420517253 3.363983867 0.2887992548 0 1.187851333 -0.3192574809 3.715714463 0 142.9921473 55.15855855 -24.05673305 1


mesh: pSphereShape5 tranform: pSphere5 4.215577528 0.1487809928 -0.4419676818 0 -0.08456565348 3.134755897 0.2486585115 0 0.4276785534 -0.3039283407 3.97697255 0 149.5384857 55.81876268 -25.06612827 1


mesh: pSphereShape6 tranform: pSphere6 4.316159175 -4.194114162 0.625088074 0 1.593163979 1.728878598 0.599539333 0 -0.5834634964 -0.2583362291 2.295404033 0 155.333716 50.65277045 -24.5667157 1


mesh: pSphereShape7 tranform: pSphere7 3.987851582 -2.991467321 2.781128371 0 1.113385797 1.931508096 0.4811090529 0 -1.510362011 0.2611984653 2.446656644 0 162.2403798 43.79133293 -20.38846737 1


mesh: pSphereShape8 tranform: pSphere8 1.627159228 -3.960412931 0.3824825614 0 0.8880827013 0.3885906871 0.2455736011 0 -0.6813910369 -0.03640999304 2.52177015 0 167.1656888 38.4432755 -17.17929788 1


mesh: pSphereShape10 tranform: pSphere10 4.128539047 0.5294697758 0.180446753 0 -0.4260346315 3.463863397 -0.4162466956 0 -0.2926155361 0.5681843982 5.027733587 0 145.1478348 65.26094998 -25.03279046 1


mesh: pSphereShape11 tranform: pSphere11 0.9983351335 0.04117282733 -0.04039504286 0 -0.04944171036 3.268743278 2.109763972 0 0.1464610054 -1.407870221 2.184702964 0 145.3524262 61.09841892 -23.26587241 1


mesh: pSphereShape12 tranform: pSphere12 7.028676061 0.2049775211 -1.476892731 0 -0.08910699503 3.761954001 0.0980516726 0 1.221318995 -0.1221235502 5.795426317 0 145.5218022 51.13539135 -24.8079336 1


mesh: pSphereShape13 tranform: pSphere13 4.884646297 -0.01582606932 -0.9417918373 0 0.06842314217 4.688691253 0.2760899861 0 0.8388982662 -0.2687124854 4.355499602 0 145.934006 45.99878468 -24.03366393 1


mesh: pSphereShape14 tranform: pSphere14 4.943127572 0.1053112954 -0.929280816 0 -0.06457016082 5.479451189 0.277493688 0 0.804840112 -0.2061432391 4.257828279 0 145.9827069 41.58441493 -24.01974827 1


mesh: pSphereShape15 tranform: pSphere15 3.434531341 -0.1584191172 0.2308079769 0 0.5261659873 8.354239902 -2.095517972 0 -0.2292540948 1.051092082 4.132844395 0 141.4170325 28.19373003 -21.1233645 1


mesh: pSphereShape16 tranform: pSphere16 2.268644746 0.01987840668 0.1758566635 0 -0.2176063868 8.01095973 1.901699168 0 -0.1382338642 -0.4388615167 1.832898402 0 140.1683831 12.664465 -19.99065575 1


mesh: pSphereShape17 tranform: pSphere17 2.148229198 -0.6695679834 1.202976557 0 0.5999487926 2.276424337 0.1956757488 0 -3.00986752 0.3161096465 5.550849806 0 137.6176438 2.557559092 -18.25913747 1


mesh: pSphereShape18 tranform: pSphere18 2.381010868 0.2685683173 -1.638644531 0 -1.985638555 7.720261823 -1.619881068 0 1.716095653 0.9989311115 2.657271645 0 152.1571011 28.35396154 -23.63320957 1


mesh: pSphereShape19 tranform: pSphere19 1.593270953 0.157909942 -1.135741447 0 0.700494601 9.469030295 2.299230808 0 1.325929732 -0.5317913676 1.786137319 0 154.2815446 12.59448108 -23.67864355 1


mesh: pSphereShape20 tranform: pSphere20 0.6973444179 0.3770171009 -2.497963702 0 -0.001370608987 1.84001872 0.2773309861 0 5.732428903 -0.2316593924 1.565330089 0 158.1268722 2.919056825 -23.62356308 1


mesh: pSphereShape21 tranform: pSphere21 5.891088947 0.1255072218 -1.107492344 0 -0.4234921944 2.633709574 -1.954217223 0 0.8100558341 3.632980144 4.720643209 0 145.9099066 37.70379636 -25.35605213 1


