mesh: pSphereShape1 tranform: pSphere1 -0.04341183782 3.123059271 -1.165969987 0 1.219828222 0.5363587226 1.391223715 0 2.667793919 -0.7309961398 -2.057306908 0 -89.20401962 30.89770901 -0.6144377541 1


mesh: pSphereShape2 tranform: pSphere2 0.5363620369 5.611952402 -1.736480099 0 2.336632905 0.4356179469 2.129565648 0 2.026650722 -0.829280096 -2.054075897 0 -89.40768015 38.34393883 -3.568668871 1


mesh: pSphereShape3 tranform: pSphere3 1.760399714 5.918780658 -2.516252824 0 2.100325881 0.30077155 2.1768933 0 2.037587999 -1.361813398 -1.777764709 0 -87.89562148 48.32892128 -7.058011306 1


mesh: pSphereShape4 tranform: pSphere4 0.8091708645 -0.3331772502 -4.009649638 0 1.139307239 3.178144861 -0.03416541462 0 3.602720388 -1.282548327 0.8336220361 0 -85.21290713 53.91168752 -12.0655109 1


mesh: pSphereShape5 tranform: pSphere5 1.479897921 -0.4502998715 -3.949138802 0 1.063578432 2.959856179 0.06106765669 0 3.506134665 -1.290018048 1.4609809 0 -82.95819222 53.64418695 -18.33812228 1


mesh: pSphereShape6 tranform: pSphere6 2.307904027 -5.498519417 -1.024900945 0 1.707120763 0.9808191944 -1.417876049 0 1.428370469 0.2471144725 1.890698065 0 -80.45957811 47.09588628 -20.77304077 1


mesh: pSphereShape7 tranform: pSphere7 4.553841288 -3.382463613 0.6387342332 0 1.238226197 1.425448459 -1.279339655 0 0.7576957162 1.467300407 2.368221589 0 -73.82111475 39.1664854 -19.88246659 1


mesh: pSphereShape8 tranform: pSphere8 1.476241491 -3.969171692 0.7383750968 0 0.8901435492 0.2616688281 -0.3730601644 0 0.78247403 0.7341329269 2.381958723 0 -68.34931633 33.64330386 -18.31990039 1


mesh: pSphereShape10 tranform: pSphere10 0.7478839577 -0.07210768773 -4.097951196 0 -0.02227927705 3.51401159 -0.0658986775 0 4.985761143 0.04865796764 0.9090547896 0 -83.48503427 63.71441212 -15.16071703 1


mesh: pSphereShape11 tranform: pSphere11 0.203382681 -0.0005044180186 -0.9790991935 0 2.526023927 2.912675627 0.5232159477 0 1.907844705 -1.725931996 0.397194855 0 -82.26805021 59.29701524 -14.17742298 1


mesh: pSphereShape12 tranform: pSphere12 1.558919349 -0.6395029822 -6.984720573 0 0.9956708213 3.628552373 -0.1099971784 0 5.56653105 -1.485664247 1.3784173 0 -85.69557903 49.73998382 -14.40640402 1


mesh: pSphereShape13 tranform: pSphere13 0.9494105127 -0.7575045655 -4.824085228 0 1.553682269 4.41594145 -0.3876410638 0 4.106921663 -1.355324903 1.021088801 0 -86.19430003 44.55506013 -14.07889206 1


mesh: pSphereShape14 tranform: pSphere14 0.7398535452 -0.6423189346 -4.934491525 0 1.511177277 5.254774698 -0.4574314108 0 4.121261804 -1.118732471 0.763546393 0 -87.24975758 40.32869659 -13.71384446 1


mesh: pSphereShape15 tranform: pSphere15 0.08073232977 -0.2596942721 -3.435173307 0 -4.289472184 7.45788744 -0.6646155898 0 3.704207634 2.123957725 -0.07351313035 0 -84.05156243 28.66071109 -8.858240364 1


mesh: pSphereShape16 tranform: pSphere16 0.04231849293 -0.1082050228 -2.272569145 0 -1.701198781 8.048172764 -0.4148806158 0 1.848685538 0.3915831217 0.01578052106 0 -77.53101054 14.22348108 -6.964272498 1


mesh: pSphereShape17 tranform: pSphere17 0.3167320585 0.1415155626 -2.527848239 0 -0.5651996923 2.292939811 0.05754689029 0 6.088272238 1.479508499 0.8456696265 0 -70.87658003 4.924918442 -5.602158763 1


mesh: pSphereShape18 tranform: pSphere18 0.08548610078 -0.4860000443 -2.860593239 0 1.113147005 7.949515648 -1.31731639 0 3.284560153 -0.4315131995 0.1714678157 0 -89.65814999 26.63412762 -16.21254518 1


mesh: pSphereShape19 tranform: pSphere19 0.01636784373 -0.3382326513 -1.933568536 0 6.30525094 7.359401577 -1.23398085 0 1.746918465 -1.451635287 0.2687175193 0 -95.52704803 12.04202659 -14.21052335 1


mesh: pSphereShape20 tranform: pSphere20 -0.17724953 -0.04192561085 -2.614398331 0 0.5104095868 1.788312223 -0.06328260684 0 5.704570921 -1.640920016 -0.3604408437 0 -96.70640476 3.09460167 -12.66795543 1


mesh: pSphereShape21 tranform: pSphere21 0.8817379239 -0.7654987497 -5.880796734 0 -1.317150695 2.976196736 -0.5848963592 0 5.442776022 2.505057783 0.4899818101 0 -89.40529855 36.83547694 -13.67823604 1


