mesh: pSphereShape1 tranform: pSphere1 -0.4007206667 3.116866009 1.113300967 0 0.4168561504 0.6799496753 -1.75358615 0 -3.340038172 -0.1280754416 -0.8436427886 0 143.4347115 30.45913383 -28.07781785 1


mesh: pSphereShape2 tranform: pSphere2 -0.8117711547 5.672919092 1.398597046 0 0.1219643766 0.7798011767 -3.092200025 0 -2.971594264 -0.3731280621 -0.2113040355 0 142.4487023 37.85705355 -25.16383131 1


mesh: pSphereShape3 tranform: pSphere3 -2.224836079 6.219625879 0.9104165264 0 0.3058288481 0.5448650224 -2.974943293 0 -2.837860939 -0.9470440442 -0.4651890071 0 140.2745427 48.05939876 -22.94322428 1


mesh: pSphereShape4 tranform: pSphere4 -2.92929069 0.4960563512 2.831296335 0 -0.2907949392 3.24931704 -0.8701552121 0 -2.720528261 -0.9525422931 -2.647798946 0 136.0176001 54.59599836 -20.48395248 1


mesh: pSphereShape5 tranform: pSphere5 -3.429709718 0.4528080341 2.453695425 0 -0.2045545258 3.023523032 -0.8438855711 0 -2.345440777 -1.021107278 -3.089957853 0 130.7250074 55.75067881 -16.57357683 1


mesh: pSphereShape6 tranform: pSphere6 -2.078221829 -5.18985734 2.314505033 0 -2.160364947 1.035816995 0.3828139627 0 -0.711494948 -0.6823561128 -2.168919549 0 127.3804279 49.73358745 -13.20518958 1


mesh: pSphereShape7 tranform: pSphere7 -3.220297078 -4.6423774 0.8151875819 0 -1.855748694 1.315870056 0.1627886871 0 -0.4054558213 -0.219215648 -2.85010471 0 122.5749059 40.34694434 -11.57115662 1


mesh: pSphereShape8 tranform: pSphere8 -0.0009483816885 -3.956416526 1.680945573 0 -0.9968886128 0.03102499659 0.07246063183 0 -0.2059215489 -1.018345196 -2.396980079 0 119.4161427 33.1765606 -10.24978939 1


mesh: pSphereShape10 tranform: pSphere10 -2.264566898 0.235936412 3.489097979 0 -0.4327241412 3.449859086 -0.5141386547 0 -4.208114124 -0.925547749 -2.668651207 0 131.9019197 64.51540955 -20.44504437 1


mesh: pSphereShape11 tranform: pSphere11 -0.6543601495 0.1039838063 0.7489994411 0 -2.177447031 2.332633419 -2.226157424 0 -1.323817113 -2.065796734 -0.8697519932 0 131.9389892 59.85459986 -21.30979966 1


mesh: pSphereShape12 tranform: pSphere12 -5.738586912 0.7660302157 4.255271208 0 -0.08936704379 3.68083653 -0.7831398719 0 -3.562013694 -1.067626649 -4.611478312 0 134.2526732 50.88560449 -17.98080619 1


mesh: pSphereShape13 tranform: pSphere13 -3.977688285 0.6939145942 2.905764998 0 -0.09752854018 4.535947231 -1.216718529 0 -2.667019104 -0.9742432163 -3.418214847 0 133.5922536 45.74124363 -17.49512316 1


mesh: pSphereShape14 tranform: pSphere14 -4.066025543 0.714316194 2.875126458 0 -0.04701988491 5.308845598 -1.385461994 0 -2.554351947 -0.9065756309 -3.387147922 0 133.5111376 41.42224834 -16.57716403 1


mesh: pSphereShape15 tranform: pSphere15 -2.801255694 -0.0191462652 2.006732276 0 0.5625555021 8.566981331 0.8670252233 0 -2.471446497 0.5109506478 -3.445088743 0 136.440859 27.87901314 -18.96070393 1


mesh: pSphereShape16 tranform: pSphere16 -1.856417234 0.041133972 1.315329901 0 -0.6752885575 8.119508678 -1.207001344 0 -1.08183922 -0.3154853473 -1.517009387 0 136.7557017 11.91219788 -19.83463003 1


mesh: pSphereShape17 tranform: pSphere17 -2.260294311 -0.01100151005 1.183769896 0 -0.06231390988 2.359456021 -0.09705450127 0 -2.928557592 -0.3074761163 -5.594655506 0 135.6830083 1.175036292 -22.65750212 1


mesh: pSphereShape18 tranform: pSphere18 -2.8530628 0.2990239212 0.4439762935 0 1.092380788 7.87619002 1.71509555 0 -0.4191982835 0.7555529022 -3.202710237 0 129.2960834 28.16493819 -15.31332054 1


mesh: pSphereShape19 tranform: pSphere19 -1.925922558 0.1705677556 0.339242473 0 0.1253761063 8.994614602 -3.810627079 0 -0.4414412592 -0.8702151785 -2.06858246 0 127.537962 12.58573645 -14.42762989 1


mesh: pSphereShape20 tranform: pSphere20 -2.608983311 -0.1101261131 0.2221083234 0 -0.1252386732 1.756968744 -0.5999661233 0 -0.3953012767 -1.942716753 -5.606625902 0 127.6351156 2.13829757 -15.50729879 1


mesh: pSphereShape21 tranform: pSphere21 -4.845781904 0.8513031828 3.426499813 0 1.227589722 2.89742592 1.016210226 0 -2.748026662 2.768567351 -4.574121968 0 134.1405311 37.85976425 -14.63737556 1


