mesh: pSphereShape1 tranform: pSphere1 -0.2216830048 3.254367381 0.6890714068 0 -1.1731714 0.239620473 -1.50911096 0 -2.724724439 -0.6134772489 2.02077061 0 141.6355416 30.27235992 -27.62896969 1


mesh: pSphereShape2 tranform: pSphere2 -0.8942787826 5.782933856 0.7449822851 0 -1.896527602 0.0373348337 -2.566409037 0 -2.37141353 -0.5913650264 1.743826738 0 141.2257571 38.06674678 -25.81640813 1


mesh: pSphereShape3 tranform: pSphere3 -1.803263951 6.264679973 1.401614736 0 -1.695125581 0.07636020546 -2.5221846 0 -2.376106642 -1.034237476 1.565636617 0 139.3930193 48.49425099 -24.05598095 1


mesh: pSphereShape4 tranform: pSphere4 -0.4675331945 0.3238556289 4.064429238 0 -0.56059481 3.313249601 -0.3284867659 0 -3.83383794 -0.6869733484 -0.386269811 0 137.1814645 54.95040323 -19.98386688 1


mesh: pSphereShape5 tranform: pSphere5 -1.04427472 0.2830060518 4.100970982 0 -0.4811026301 3.090544511 -0.3357853836 0 -3.8392316 -0.6986302021 -0.9294130453 0 135.6534741 55.85603034 -13.52613542 1


mesh: pSphereShape6 tranform: pSphere6 -1.233810237 -5.519724397 2.149631038 0 -1.406294687 0.982517808 1.715702215 0 -1.879659394 -0.147059388 -1.456468686 0 134.0946737 49.47102475 -9.800819293 1


mesh: pSphereShape7 tranform: pSphere7 -3.150199636 -4.500043892 1.553177133 0 -1.202236789 1.328642005 1.41108274 0 -1.865734624 0.5716596978 -2.127859554 0 129.3843041 40.22117017 -7.50035785 1


mesh: pSphereShape8 tranform: pSphere8 0.05287894108 -4.287398277 0.3069698347 0 -0.7266438346 0.04014280921 0.6858405737 0 -1.79450941 -0.1575998107 -1.892047145 0 126.0324809 33.15434 -6.121744297 1


mesh: pSphereShape10 tranform: pSphere10 -0.1399916025 0.2791259954 4.15454269 0 -0.4162964484 3.481142632 -0.2479106574 0 -5.029632446 -0.6106222447 -0.1284535517 0 134.8530647 64.96259032 -17.6449816 1


mesh: pSphereShape11 tranform: pSphere11 -0.09767097519 0.09571875719 0.9906050172 0 -2.739387346 2.711251407 -0.5320750849 0 -1.83101959 -1.850362305 -0.001739430709 0 134.1789634 60.51043359 -18.15821379 1


mesh: pSphereShape12 tranform: pSphere12 -1.474811853 0.5002236369 7.014286949 0 -0.4622416169 3.71818311 -0.3623522266 0 -5.752023724 -0.8272001341 -1.150418819 0 137.2585393 51.08985894 -17.11113123 1


mesh: pSphereShape13 tranform: pSphere13 -1.000496257 0.3144725798 4.862829014 0 -0.6246468362 4.635849317 -0.4283112381 0 -4.31258932 -0.6591292535 -0.8446629284 0 136.8590216 45.93191484 -16.64744532 1


mesh: pSphereShape14 tranform: pSphere14 -1.015007051 0.2418142327 4.921427644 0 -0.6575788352 5.43241266 -0.402542107 0 -4.216988854 -0.5728159536 -0.8415766051 0 137.1627745 41.53964919 -16.34356147 1


mesh: pSphereShape15 tranform: pSphere15 -1.739822978 0.03909560108 2.97419939 0 0.3751080805 8.62029026 0.106114684 0 -3.68159908 0.1867442937 -2.156086635 0 138.3534941 27.9715704 -20.58348056 1


mesh: pSphereShape16 tranform: pSphere16 -1.149562642 0.02931052796 1.963597801 0 -0.6854719175 8.191171527 -0.5235697812 0 -1.623292269 -0.1964008604 -0.9474035549 0 138.4423008 11.82093726 -21.28739779 1


mesh: pSphereShape17 tranform: pSphere17 -2.217942173 -0.3350730213 1.216067909 0 -0.1548656526 2.32962448 0.3594464156 0 -3.097891529 0.6386892805 -5.474148833 0 137.2061194 1.711128252 -25.0887971 1


mesh: pSphereShape18 tranform: pSphere18 0.257924795 0.143867075 2.887780231 0 0.4488206716 8.109903731 -0.4441162433 0 -3.299025202 0.1981709555 0.2847827942 0 136.9547983 27.71733289 -11.63276667 1


mesh: pSphereShape19 tranform: pSphere19 0.201708538 0.0993177961 1.9500785 0 -3.375393493 9.166926796 -0.1177354039 0 -2.13341576 -0.782208319 0.2605102206 0 138.8970965 11.69141067 -10.60783202 1


mesh: pSphereShape20 tranform: pSphere20 1.027687964 0.5295748866 2.351948485 0 -0.1611764573 1.822379646 -0.3399085457 0 -5.446215367 -0.03628916366 2.387904263 0 137.1605065 2.32955746 -9.068941594 1


mesh: pSphereShape21 tranform: pSphere21 -1.209658608 0.2881878189 5.865227546 0 1.758547796 2.791304296 0.225536447 0 -4.944437825 3.210182432 -1.177484965 0 138.7250606 37.79179194 -15.74103636 1


