mesh: pSphereShape1 tranform: pSphere1 -0.002978813922 3.198802425 0.939427476 0 -1.905995849 -0.08050335215 0.2680746705 0 0.5008676264 -0.9606503012 3.272655509 0 134.8341826 29.52942799 -34.61778092 1


mesh: pSphereShape2 tranform: pSphere2 -0.4343288026 5.626282877 1.718533274 0 -3.109408646 -0.4184412576 0.5840812997 0 0.6387874717 -0.8117693015 2.819082756 0 135.2005754 37.2601308 -32.56322223 1


mesh: pSphereShape3 tranform: pSphere3 0.084566739 6.17988415 2.5028744 0 -2.995888438 -0.1576224272 0.4904124855 0 0.511616415 -1.126207627 2.763449469 0 135.0221442 47.55285114 -29.3987868 1


mesh: pSphereShape4 tranform: pSphere4 3.612548622 0.5010770973 1.88187911 0 -0.4932067289 3.339644805 0.05755617514 0 -1.767083913 -0.3209013609 3.477626613 0 137.5616692 54.12204604 -25.74642125 1


mesh: pSphereShape5 tranform: pSphere5 3.420643213 0.5436200275 2.447905714 0 -0.4958769565 3.106408467 0.003068863827 0 -2.285790628 -0.3681177388 3.275857533 0 142.9902101 55.40695142 -22.05639198 1


mesh: pSphereShape6 tranform: pSphere6 2.53445632 -4.678336321 2.881017035 0 0.7053349522 1.48232257 1.78657843 0 -2.049502933 -0.4050580321 1.145212929 0 146.8114967 49.91608244 -18.22921363 1


mesh: pSphereShape7 tranform: pSphere7 0.8925071238 -3.698142275 4.256017709 0 0.4528750271 1.733486475 1.411292396 0 -2.793409185 0.1480993462 0.7144777721 0 148.7066718 41.93763797 -11.48708364 1


mesh: pSphereShape8 tranform: pSphere8 1.059942047 -4.092643089 0.7782069443 0 0.3481811061 0.2613563109 0.9002570722 0 -2.362755116 -0.4152414327 1.034363058 0 149.9099363 35.73188441 -6.675306788 1


mesh: pSphereShape10 tranform: pSphere10 3.334432455 0.5915276077 2.426806385 0 -0.3671829982 3.478560482 -0.3433803617 0 -2.99211841 0.08787696705 4.089751513 0 138.7618483 64.42034887 -24.33811799 1


mesh: pSphereShape11 tranform: pSphere11 0.8102573437 0.1313596425 0.5711634454 0 -1.741143721 2.98802314 1.782797627 0 -0.9851638698 -1.631836521 1.772861569 0 138.0245338 60.04740833 -23.18063338 1


mesh: pSphereShape12 tranform: pSphere12 5.9884318 0.8933441798 3.868609032 0 -0.447320655 3.733756007 -0.1697716047 0 -3.19694759 -0.1563512015 4.984835088 0 140.208962 50.37293161 -24.30357542 1


mesh: pSphereShape13 tranform: pSphere13 4.179054116 0.560439709 2.639773818 0 -0.6136979668 4.65701765 -0.01716078924 0 -2.339628583 -0.2944354064 3.766401381 0 140.4506831 45.28707571 -23.18855185 1


mesh: pSphereShape14 tranform: pSphere14 4.252148505 0.5124152691 2.639285353 0 -0.5702197813 5.45533457 -0.1404689116 0 -2.274121516 -0.1426500976 3.691529029 0 140.8270243 40.9161004 -22.89505756 1


mesh: pSphereShape15 tranform: pSphere15 2.939856165 0.6909076622 1.659598385 0 -1.130444995 8.421578609 -1.503488749 0 -2.15648389 0.3653628576 3.667947929 0 138.5490319 27.26944872 -23.17548443 1


mesh: pSphereShape16 tranform: pSphere16 1.915755323 0.5312357024 1.107131371 0 -2.704916193 7.718019817 0.9771829649 0 -0.8092253519 -0.4907069763 1.63572173 0 141.0325945 11.60777738 -22.29784306 1


mesh: pSphereShape17 tranform: pSphere17 2.008243978 0.1683182481 1.564924172 0 -0.1667846104 2.356049165 -0.03937691006 0 -3.874344957 -0.1908259311 4.992414044 0 141.1101353 1.340391039 -19.90783256 1


mesh: pSphereShape18 tranform: pSphere18 2.560080992 1.049421395 0.8781785972 0 -0.8594465063 6.32068182 -5.04772729 0 -1.523938544 1.70937034 2.399917625 0 145.5006972 29.25921243 -15.51354532 1


mesh: pSphereShape19 tranform: pSphere19 1.779378728 0.6117269245 0.5594265154 0 -3.922541455 8.255843625 3.44882651 0 -0.2992135886 -0.9936197196 2.038227003 0 149.7442334 16.14862173 -12.23660088 1


mesh: pSphereShape20 tranform: pSphere20 2.168177966 1.220226881 -0.8235924083 0 -0.6008854981 1.585343046 0.7669467299 0 2.733412557 -1.424299972 5.085714392 0 154.9759202 6.462028028 -11.09162167 1


mesh: pSphereShape21 tranform: pSphere21 5.067598337 0.6106829905 3.145430609 0 0.8486799412 2.591507349 -1.870446132 0 -2.81798769 3.683511657 3.82490454 0 141.9141794 37.04372643 -23.71543668 1


