mesh: pSphereShape1 tranform: pSphere1 -0.2979646466 3.250904135 0.6765420774 0 -1.098768118 0.2252419864 -1.566250193 0 -2.814790285 -0.6494970426 1.881249773 0 142.2617018 30.19629456 -27.84546968 1


mesh: pSphereShape2 tranform: pSphere2 -0.9951498358 5.771899726 0.7013611654 0 -1.763870358 0.01905284465 -2.659523364 0 -2.450307227 -0.6193976858 1.620674988 0 141.6692669 37.98367521 -26.05390889 1


mesh: pSphereShape3 tranform: pSphere3 -1.934155598 6.244500444 1.314441414 0 -1.566071135 0.06319402463 -2.604635193 0 -2.441829206 -1.059958832 1.442465026 0 139.6401896 48.38992934 -24.38100947 1


mesh: pSphereShape4 tranform: pSphere4 -0.6510312404 0.3661897308 4.035482399 0 -0.5500355545 3.308469215 -0.3889541882 0 -3.811480788 -0.6984989199 -0.5515102567 0 137.189489 54.86401523 -20.42947284 1


mesh: pSphereShape5 tranform: pSphere5 -1.178936995 0.3332959157 4.060490919 0 -0.4733179492 3.085291093 -0.3906736875 0 -3.805781079 -0.7163219894 -1.04618604 0 135.4179157 55.84378867 -14.04085873 1


mesh: pSphereShape6 tranform: pSphere6 -1.241868841 -5.483653976 2.235589312 0 -1.462182612 1.005643839 1.654491632 0 -1.837239305 -0.1970464 -1.503918677 0 133.7975142 49.51157019 -10.23169189 1


mesh: pSphereShape7 tranform: pSphere7 -3.157159162 -4.492708471 1.560265557 0 -1.25203883 1.347992983 1.348010037 0 -1.809385384 0.5105585108 -2.191118736 0 129.1045571 40.27152617 -7.863032558 1


mesh: pSphereShape8 tranform: pSphere8 0.1027960478 -4.279288534 0.3948838596 0 -0.7478053492 0.04317171444 0.6625129152 0 -1.733333471 -0.2208500143 -1.942092807 0 125.7866803 33.19852985 -6.434551136 1


mesh: pSphereShape10 tranform: pSphere10 -0.2313627442 0.3067694028 4.148505484 0 -0.3934667778 3.481414236 -0.279383726 0 -5.028462044 -0.5873327328 -0.2370065725 0 134.745523 64.90501183 -18.24143885 1


mesh: pSphereShape11 tranform: pSphere11 -0.1256031389 0.1070166822 0.9862916816 0 -2.747533011 2.679347927 -0.6406154567 0 -1.813936039 -1.866896843 -0.02843677457 0 134.0465784 60.41522538 -18.7611362 1


mesh: pSphereShape12 tranform: pSphere12 -1.716530544 0.5815624368 6.952756512 0 -0.4340549223 3.715744078 -0.417964545 0 -5.711739303 -0.8181390563 -1.341709006 0 137.1283862 51.03371741 -17.51636918 1


mesh: pSphereShape13 tranform: pSphere13 -1.162329466 0.4191437198 4.818744705 0 -0.6262161412 4.622407343 -0.5531155195 0 -4.279880992 -0.696098199 -0.9718021776 0 136.7103446 45.87850769 -16.98169232 1


mesh: pSphereShape14 tranform: pSphere14 -1.184758936 0.3555375173 4.876382146 0 -0.6755727684 5.416330081 -0.5590413841 0 -4.182144933 -0.6218293249 -0.9707504015 0 137.0258032 41.49368603 -16.56388816 1


mesh: pSphereShape15 tranform: pSphere15 -1.849732258 0.0557676722 2.906846231 0 0.4539020516 8.61626853 0.1235318278 0 -3.596140206 0.2223128232 -2.292620209 0 138.2766758 27.92687043 -20.71661695 1


mesh: pSphereShape16 tranform: pSphere16 -1.223715691 0.04895392989 1.9178616 0 -0.7355493068 8.175485339 -0.6780079253 0 -1.584284488 -0.2258935759 -1.00510663 0 138.363866 11.79581543 -21.30983517 1


mesh: pSphereShape17 tranform: pSphere17 -2.225615849 -0.3184167278 1.206485579 0 -0.1581244975 2.334538682 0.3244396676 0 -3.06272338 0.5572922844 -5.502754962 0 137.221274 1.638755662 -24.93586189 1


mesh: pSphereShape18 tranform: pSphere18 0.04183875901 0.174028305 2.897319669 0 0.8039516498 8.079354662 -0.496898134 0 -3.3006315 0.3301474083 0.02783239035 0 136.2035779 27.73641685 -11.76693391 1


mesh: pSphereShape19 tranform: pSphere19 0.06198096422 0.1059395419 1.959155861 0 -3.869818787 8.962866786 -0.3622309566 0 -2.098841522 -0.9015447319 0.1151503368 0 138.0916617 11.91253224 -10.50808111 1


mesh: pSphereShape20 tranform: pSphere20 0.9246051808 0.6167726117 2.373383785 0 -0.2322114406 1.806915479 -0.3791009629 0 -5.514715034 -0.244630205 2.211953808 0 136.8102035 2.532935517 -8.908735124 1


mesh: pSphereShape21 tranform: pSphere21 -1.411964423 0.4237202273 5.81154351 0 1.733188028 2.807842368 0.2163728493 0 -4.920052732 3.146780919 -1.424801196 0 138.5886811 37.77239773 -15.81580112 1


