mesh: pSphereShape1 tranform: pSphere1 -2.437969796 2.230951128 -0.4404885322 0 0.8360832223 1.167260237 1.284380543 0 1.81398361 1.483044164 -2.528642903 0 -4.427439039 36.25751643 -7.261467807 1


mesh: pSphereShape2 tranform: pSphere2 -3.496195385 4.660172642 -0.9254544349 0 2.316448199 1.94134846 1.024646318 0 1.048081434 0.2294346702 -2.804127575 0 -10.10732899 41.75232843 -8.601582946 1


mesh: pSphereShape3 tranform: pSphere3 -1.361687288 6.055048006 -2.438175809 0 2.5085313 1.096236583 1.321451036 0 1.594396776 -0.6447985064 -2.49176278 0 -14.56299448 50.76068431 -11.13849947 1


mesh: pSphereShape4 tranform: pSphere4 -0.6365446005 -0.4356116581 -4.030894224 0 0.702659876 3.269630435 -0.4643047873 0 3.77987047 -0.8835178013 -0.5014235978 0 -15.66420588 56.40679849 -16.32959663 1


mesh: pSphereShape5 tranform: pSphere5 -0.4821196175 -0.4695728821 -4.187556219 0 0.5693607906 3.066574369 -0.4094226038 0 3.918739753 -0.7761952392 -0.3641314876 0 -16.32660121 56.10120072 -23.01917345 1


mesh: pSphereShape6 tranform: pSphere6 -0.4131138802 -5.765346379 -1.789043538 0 1.089584978 0.570877644 -2.091301836 0 2.12246644 -0.456558109 0.9811920486 0 -16.95906886 49.15798884 -26.17092873 1


mesh: pSphereShape7 tranform: pSphere7 1.821325255 -5.118036975 -1.753563179 0 1.031334188 0.9781370817 -1.783652157 0 2.404700437 0.3193475058 1.565560526 0 -14.74807797 39.03812559 -28.51571095 1


mesh: pSphereShape8 tranform: pSphere8 -0.6850194553 -4.242368827 -0.1089299108 0 0.4999428383 -0.05853962116 -0.8640776997 0 2.223912159 -0.3928193776 1.313336121 0 -13.02804935 31.45515475 -30.1249099 1


mesh: pSphereShape10 tranform: pSphere10 -0.02564396432 -0.7987908034 -4.08888855 0 -0.6368120273 3.393149603 -0.6588798592 0 4.984209841 0.8953801073 -0.2061773717 0 -16.69908777 65.86796162 -21.43562531 1


mesh: pSphereShape11 tranform: pSphere11 -0.03772858716 -0.2088967541 -0.9772096499 0 2.044259064 3.220317215 -0.7673285048 0 2.212723542 -1.355928234 0.204424991 0 -14.56996898 61.91154703 -20.17809674 1


mesh: pSphereShape12 tranform: pSphere12 -0.4796657509 -0.8220055186 -7.121779468 0 0.4830072719 3.704704202 -0.4601335044 0 5.861681594 -0.8017677335 -0.3022545716 0 -16.47779462 52.10342254 -18.31742963 1


mesh: pSphereShape13 tranform: pSphere13 -0.1892356682 -0.4962748043 -4.94619985 0 1.003289599 4.562018756 -0.4961128173 0 4.337849074 -0.9615460374 -0.06948459562 0 -16.32123027 46.88651039 -17.93678173 1


mesh: pSphereShape14 tranform: pSphere14 -0.09082358449 -0.2309994199 -5.024694402 0 1.224856734 5.341686392 -0.2677122685 0 4.227929791 -0.9710633633 -0.03177917943 0 -17.04171283 42.52525354 -17.6123622 1


mesh: pSphereShape15 tranform: pSphere15 -0.3298459924 0.04107849824 -3.42985257 0 -1.274680453 8.531473573 0.2247642852 0 4.203889744 0.6385492273 -0.3966367397 0 -16.1904773 29.33951224 -13.6009447 1


mesh: pSphereShape16 tranform: pSphere16 -0.02157504344 0.3107170881 -2.254120473 0 6.806654133 4.602677705 0.5693026486 0 1.063932131 -1.545777535 -0.2232595296 0 -19.96677426 16.45047101 -13.54040674 1


mesh: pSphereShape17 tranform: pSphere17 0.5704420156 -0.8680024486 -2.330564358 0 2.14586238 0.974293448 0.1623645198 0 2.233897884 -5.342852092 2.536689403 0 -27.23030813 6.821575236 -12.17121792 1


mesh: pSphereShape18 tranform: pSphere18 -0.04885062317 -0.06457622015 -2.901713481 0 -1.902733349 7.90747138 -0.1439442266 0 3.224709664 0.7746429094 -0.07152759534 0 -16.18839507 28.92649112 -21.28304391 1


mesh: pSphereShape19 tranform: pSphere19 -0.06951558121 -0.07071546093 -1.960490608 0 3.352169677 9.165186315 -0.4494530067 0 2.146788417 -0.7875284185 -0.04771500003 0 -16.45644397 13.12936992 -21.20965626 1


mesh: pSphereShape20 tranform: pSphere20 -0.5912981943 0.06269828239 -2.552388912 0 0.5218892572 1.78445376 -0.07706897203 0 5.548206921 -1.679947451 -1.326590371 0 -14.84956502 2.681278615 -21.19522315 1


mesh: pSphereShape21 tranform: pSphere21 -0.1082411504 -0.2752990105 -5.988298142 0 -1.501673798 2.944147361 -0.1082073639 0 5.354866374 2.723111852 -0.2219807469 0 -19.03512322 38.9384541 -17.50562333 1


