mesh: pSphereShape1 tranform: pSphere1 -1.116291143 2.966030568 -1.035097369 0 0.7488341085 0.8294584447 1.569207176 0 2.959054141 0.5241792527 -1.689149538 0 -112.6007953 29.81307394 -1.466372921 1


mesh: pSphereShape2 tranform: pSphere2 -1.175775491 5.552469719 -1.607696846 0 2.295941281 1.051223918 1.951473311 0 1.997637658 -0.2227501078 -2.230262898 0 -115.1635974 36.92248457 -4.138403852 1


mesh: pSphereShape3 tranform: pSphere3 0.8742223588 6.194830097 -2.307014356 0 2.115891881 0.4931962675 2.126136346 0 2.137290284 -1.006758392 -1.893456027 0 -115.8650572 46.94828654 -7.294085202 1


mesh: pSphereShape4 tranform: pSphere4 -0.02611123155 -0.2928257467 -4.09348581 0 1.593060418 2.968574997 -0.2225174343 0 3.450853184 -1.843635169 0.1098715959 0 -114.4639176 52.64974735 -12.31475935 1


mesh: pSphereShape5 tranform: pSphere5 0.7859544124 -0.593848637 -4.125310239 0 1.43560447 2.796082603 -0.1289915532 0 3.491079174 -1.750132955 0.917056641 0 -113.3672278 52.23291436 -18.86379027 1


mesh: pSphereShape6 tranform: pSphere6 -1.274190026 -5.700306178 -1.579084538 0 1.491211486 0.1941130194 -1.90400854 0 1.811124959 -0.7758687354 1.339365903 0 -114.6922247 45.38319596 -21.88303322 1


mesh: pSphereShape7 tranform: pSphere7 1.005124268 -5.488910237 -1.203370932 0 1.469069899 0.6260238434 -1.628417992 0 2.14914195 -0.02906602823 1.927664603 0 -114.2166846 34.87903153 -23.38533128 1


mesh: pSphereShape8 tranform: pSphere8 -1.290932602 -4.100015655 0.04664002081 0 0.5805916817 -0.1918065923 -0.791279679 0 1.977078734 -0.6043353428 1.597148269 0 -113.6878684 27.02784112 -24.35979487 1


mesh: pSphereShape10 tranform: pSphere10 0.6744183295 -0.799914098 -4.032744883 0 0.2664082883 3.445850923 -0.6389479562 0 4.986571518 -0.2227025656 0.878106168 0 -112.4122177 62.10403029 -17.06159915 1


mesh: pSphereShape11 tranform: pSphere11 0.1400232121 -0.1878637981 -0.9721628945 0 2.78554893 2.713627646 -0.1231798583 0 1.78051924 -1.800276637 0.6043440182 0 -111.5204673 57.80251552 -15.50211826 1


mesh: pSphereShape12 tranform: pSphere12 1.061214931 -0.9208459065 -7.04637359 0 1.546031433 3.425419211 -0.2148071769 0 5.329941977 -2.336137367 1.108007749 0 -116.0492071 48.70291033 -14.56534882 1


mesh: pSphereShape13 tranform: pSphere13 0.9442247983 -0.4188179868 -4.866212367 0 2.266411233 4.11348549 0.08573402589 0 3.7997408 -2.112703537 0.9191230047 0 -117.3809961 43.64370454 -14.41778078 1


mesh: pSphereShape14 tranform: pSphere14 1.159884382 -0.2605837087 -4.888346126 0 2.41329965 4.917840616 0.3104607137 0 3.765413423 -1.9106087 0.9952891218 0 -119.1682467 39.63751031 -14.51952294 1


mesh: pSphereShape15 tranform: pSphere15 1.017000336 -0.02147330803 -3.292358377 0 2.622899843 8.185902244 0.7568166449 0 3.868356596 -1.350775753 1.203734566 0 -124.5455956 27.07221804 -11.27538565 1


mesh: pSphereShape16 tranform: pSphere16 0.7347528187 0.06169178689 -2.152766155 0 5.174572344 6.106974247 1.941122011 0 1.337657405 -1.267001754 0.4202425538 0 -131.4524116 12.97025241 -12.75831947 1


mesh: pSphereShape17 tranform: pSphere17 0.9487061929 0.1689056902 -2.362581215 0 0.9171993942 2.114061964 0.5194445095 0 5.330989161 -2.789862618 1.941232213 0 -134.0561985 2.815199772 -13.53219932 1


mesh: pSphereShape18 tranform: pSphere18 1.211015823 -0.1647331108 -2.633021321 0 -3.860796667 6.812846188 -2.201952242 0 2.570986777 1.802695154 1.069699689 0 -116.0747894 27.36353063 -16.10012089 1


mesh: pSphereShape19 tranform: pSphere19 0.7920822877 -0.1637539137 -1.788615895 0 1.353324846 9.670902472 -0.2860890869 0 2.068589831 -0.2616656895 0.9400241556 0 -112.4767922 12.44521267 -13.75113457 1


mesh: pSphereShape20 tranform: pSphere20 0.07089979495 -0.006086975999 -2.619769065 0 -0.1852199548 1.851537212 -0.009314683388 0 5.915099161 0.5925199272 0.1587058449 0 -108.6900108 3.349888014 -12.51128878 1


mesh: pSphereShape21 tranform: pSphere21 1.382319587 -0.3105567849 -5.825801866 0 -0.7260988767 3.207752321 -0.3432814903 0 5.698748879 1.42652121 1.276129283 0 -121.8705091 36.60172078 -15.09568955 1


