mesh: pSphereShape1 tranform: pSphere1 0.8429300889 3.107790725 0.8636987249 0 -1.582344961 0.6709999844 -0.8701197855 0 -1.762528965 -0.3398817947 2.943121383 0 134.2920969 31.90950826 -25.19257796 1


mesh: pSphereShape2 tranform: pSphere2 0.8369710952 5.673623459 1.380772741 0 -2.807621095 0.7369370197 -1.326217852 0 -1.362322058 -0.4412442826 2.638868793 0 136.4713326 39.30784878 -23.01865417 1


mesh: pSphereShape3 tranform: pSphere3 0.1227316718 6.196482741 2.459885869 0 -2.61709345 0.6150977137 -1.418863435 0 -1.53924493 -0.9355848363 2.433547617 0 137.6879863 49.50802299 -20.02340279 1


mesh: pSphereShape4 tranform: pSphere4 1.161187591 -0.4157822456 3.914310065 0 -0.4070749551 3.318154335 0.473217506 0 -3.724295546 -0.6052948642 1.040524345 0 138.3110029 55.32524064 -14.86338378 1


mesh: pSphereShape5 tranform: pSphere5 0.4128552416 -0.4804159446 4.193723427 0 -0.3476924026 3.102096803 0.3895925483 0 -3.967686374 -0.486763032 0.3348412025 0 139.2326551 55.03384558 -8.259595578 1


mesh: pSphereShape6 tranform: pSphere6 -1.255218438 -5.595222091 1.930925982 0 -0.7541748572 0.9016591393 2.122468177 0 -2.209828187 0.1960283927 -0.8684924793 0 138.1586051 48.30357702 -4.949663784 1


mesh: pSphereShape7 tranform: pSphere7 -3.207901572 -4.288748849 1.975477867 0 -0.5893478035 1.27010372 1.800367486 0 -2.26862424 1.022540633 -1.464001875 0 133.100926 39.37543201 -2.223898014 1


mesh: pSphereShape8 tranform: pSphere8 -0.4493143479 -4.274663308 -0.06465959587 0 -0.5074042845 0.04031366249 0.8607646024 0 -2.234555147 0.254981779 -1.329169556 0 129.3046107 32.59820188 -0.5678132464 1


mesh: pSphereShape10 tranform: pSphere10 0.7998482122 -0.6040253931 4.043900357 0 -0.07360371782 3.473218213 0.5333424685 0 -4.972782232 -0.2506687481 0.9461312968 0 138.0295011 64.78389749 -10.14290078 1


mesh: pSphereShape11 tranform: pSphere11 0.1816044381 -0.1355997793 0.9739776835 0 -2.484646638 2.867215582 0.86245986 0 -1.946662784 -1.723908669 0.1229606881 0 136.7660241 60.54467736 -11.17417226 1


mesh: pSphereShape12 tranform: pSphere12 1.164017285 -0.7920843869 7.045791735 0 -0.3264940601 3.720256775 0.4721686592 0 -5.823096249 -0.6242328846 0.8918429331 0 139.2341005 51.01010981 -12.94398706 1


mesh: pSphereShape13 tranform: pSphere13 0.6375711313 -0.7094915387 4.882326964 0 -0.5124337571 4.610754541 0.7369445615 0 -4.380294559 -0.565120575 0.4898895769 0 138.7280509 45.8475569 -13.35584905 1


mesh: pSphereShape14 tranform: pSphere14 0.5874666138 -0.4322051913 4.977674672 0 -0.4577130419 5.442313993 0.5265686618 0 -4.293224969 -0.4066794013 0.4713762028 0 138.8865554 41.48851485 -13.86440978 1


mesh: pSphereShape15 tranform: pSphere15 0.3366097008 -0.2796146594 3.418023409 0 1.548497389 8.471796522 0.5405461096 0 -4.180481687 0.7340196815 0.4717443857 0 137.0286575 28.10582991 -18.59270676 1


mesh: pSphereShape16 tranform: pSphere16 0.1830660623 -0.04743249682 2.267665468 0 -2.838624475 7.721973155 0.3906785567 0 -1.767464167 -0.6562504591 0.1289586633 0 137.1315571 12.68502389 -20.27229984 1


mesh: pSphereShape17 tranform: pSphere17 -0.6484646464 -0.3243367544 2.446356851 0 -0.3761814838 2.322812577 0.2082415324 0 -6.031233454 -0.8236474073 -1.707919592 0 136.1652414 2.050684142 -22.357601 1


mesh: pSphereShape18 tranform: pSphere18 0.73756189 -0.2006894359 2.80039708 0 -0.07882409206 8.111750538 0.6020861462 0 -3.208194974 -0.09339488221 0.8382736146 0 140.2737896 27.65077368 -10.66763836 1


mesh: pSphereShape19 tranform: pSphere19 0.5125546923 -0.1014723801 1.892180636 0 -1.878124445 9.532681852 1.019958336 0 -2.163605915 -0.4861909196 0.5600054212 0 141.7444478 11.27567665 -11.66647791 1


mesh: pSphereShape20 tranform: pSphere20 1.097900095 0.1065004697 2.377294012 0 -0.03659707767 1.859256863 -0.06639136489 0 -5.398560563 -0.01720747187 2.493975389 0 138.6210764 1.764821953 -11.10440161 1


mesh: pSphereShape21 tranform: pSphere21 0.7001272018 -0.5150907372 5.932261269 0 1.88822292 2.714624388 0.01285878096 0 -4.884960914 3.393726463 0.8711974822 0 140.355256 37.67725595 -14.27359508 1


