mesh: pSphereShape1 tranform: pSphere1 -0.9436940211 3.182368357 -0.3111961508 0 1.76383592 0.5739192746 0.5202542719 0 0.9845335614 -0.03109840515 -3.303591684 0 -136.5198 31.30575818 -9.435499953 1


mesh: pSphereShape2 tranform: pSphere2 -0.9299176895 5.784028833 -0.6908839816 0 3.124893853 0.5443561115 0.3512563316 0 0.3840023766 -0.2922244498 -2.963341604 0 -138.898695 38.91037677 -10.29519939 1


mesh: pSphereShape3 tranform: pSphere3 -0.4056895612 6.347336576 -2.002307238 0 2.976146659 0.3510710369 0.5098989715 0 0.5884291943 -0.8592109874 -2.842930795 0 -140.3130173 49.3230462 -12.19148009 1


mesh: pSphereShape4 tranform: pSphere4 -2.4289918 0.2051621642 -3.301660508 0 0.857428776 3.237285913 -0.4296380196 0 2.994192711 -1.094413015 -2.270797275 0 -142.0182849 55.68763956 -16.57287022 1


mesh: pSphereShape5 tranform: pSphere5 -2.03825705 0.1547827424 -3.71619639 0 0.7952177435 3.027733958 -0.3100528297 0 3.368515386 -1.078520371 -1.892482483 0 -145.2789759 56.37290017 -22.36836899 1


mesh: pSphereShape6 tranform: pSphere6 -1.511741323 -5.470386873 -2.097633037 0 -0.1238125759 0.8972962032 -2.250815419 0 2.303681113 -0.5100606151 -0.3300582268 0 -147.6802844 49.98127828 -25.77574958 1


mesh: pSphereShape7 tranform: pSphere7 0.384423708 -4.768648874 -3.114276532 0 0.005351352388 1.247403334 -1.909390914 0 2.88057264 0.1590747994 0.1119966544 0 -147.4678837 40.35793979 -30.2866769 1


mesh: pSphereShape8 tranform: pSphere8 -0.9442518813 -4.193709023 0.00191377814 0 0.01147506712 -0.00304002899 -0.999929538 0 2.548477693 -0.5737988817 0.03099050147 0 -147.2382993 33.01907883 -33.32117429 1


mesh: pSphereShape10 tranform: pSphere10 -1.037974869 0.1512625276 -4.032054285 0 0.4006707305 3.491676397 0.02784527203 0 4.874257622 -0.5491513796 -1.275385344 0 -141.5229396 65.63164805 -19.55266052 1


mesh: pSphereShape11 tranform: pSphere11 -0.3406136386 0.0242524795 -0.9398905077 0 2.750365694 2.590178795 -0.9298889616 0 1.613724983 -1.941458919 -0.6349057959 0 -140.6543743 61.06142351 -19.60829089 1


mesh: pSphereShape12 tranform: pSphere12 -3.706856971 0.2732254004 -6.148989703 0 0.6750043603 3.695308843 -0.2427215611 0 4.962306764 -1.106160525 -3.040628375 0 -144.1711968 51.78918137 -18.3852059 1


mesh: pSphereShape13 tranform: pSphere13 -2.584392695 0.1406195778 -4.248309348 0 0.9626402292 4.577074322 -0.4341054209 0 3.686135089 -0.9910482369 -2.27520658 0 -144.3767982 46.59207869 -18.68613656 1


mesh: pSphereShape14 tranform: pSphere14 -2.647008241 0.1508650551 -4.275482499 0 1.035929318 5.369189348 -0.4518999655 0 3.597016082 -0.8840654813 -2.258155845 0 -145.0294997 42.23759152 -18.44399268 1


mesh: pSphereShape15 tranform: pSphere15 -2.433306943 0.4183549569 -2.403824229 0 0.5164041621 8.559196118 0.9668811314 0 3.0130466 0.1596154516 -3.022222343 0 -143.8410952 28.76748423 -15.87924316 1


mesh: pSphereShape16 tranform: pSphere16 -1.580069402 0.3531084047 -1.598988693 0 2.724986927 7.709284596 -0.9902854752 0 1.207663251 -0.5971015822 -1.325233472 0 -145.6916719 13.00489248 -15.90073052 1


mesh: pSphereShape17 tranform: pSphere17 -2.183303431 0.4719202031 -1.233223426 0 0.5167176033 2.304834528 -0.03280292707 0 2.965175567 -0.7435208493 -5.534082758 0 -146.6401463 2.385537688 -18.56151015 1


mesh: pSphereShape18 tranform: pSphere18 -1.127083852 0.5122180147 -2.625607033 0 -1.758892745 7.619156716 2.241420312 0 2.971629634 1.003668131 -1.079818435 0 -146.1530969 29.08019349 -23.66892071 1


mesh: pSphereShape19 tranform: pSphere19 -0.7919469301 0.3262999532 -1.766268642 0 2.451137238 9.434877562 0.6439731017 0 2.012568178 -0.4555204481 -0.9865336729 0 -146.0680272 13.49544596 -27.10724205 1


mesh: pSphereShape20 tranform: pSphere20 -1.455716516 -0.1091107178 -2.176519714 0 0.1559005028 1.843796831 -0.1967016103 0 4.919870031 -0.7629595014 -3.252297214 0 -143.8239231 3.609050966 -29.81982249 1


mesh: pSphereShape21 tranform: pSphere21 -3.154634543 0.17979699 -5.095407175 0 -1.280428094 2.914310285 0.8955647224 0 4.551463298 2.834914959 -2.717838573 0 -146.7690786 38.61529753 -17.60550602 1


