mesh: pSphereShape1 tranform: pSphere1 -0.9768396632 3.182137828 0.1861529747 0 0.7680245809 0.3372169416 -1.734239883 0 -2.995809626 -0.8325586355 -1.488610851 0 142.9595021 30.64815263 -16.68051663 1


mesh: pSphereShape2 tranform: pSphere2 -1.48012352 5.703279763 -0.2808762129 0 1.561086621 0.2686950844 -2.770465248 0 -2.507945647 -0.7239191763 -1.483373207 0 140.5426981 38.25810804 -16.01422931 1


mesh: pSphereShape3 tranform: pSphere3 -2.484195593 6.13317322 -0.8218627701 0 1.599454823 0.3038453286 -2.56712272 0 -2.314444764 -1.148905966 -1.578007751 0 137.4046138 48.50815193 -16.54963359 1


mesh: pSphereShape4 tranform: pSphere4 -3.845606446 0.08349842426 1.430871714 0 -0.1283843758 3.330519567 -0.5393977054 0 -1.358815763 -0.6378067138 -3.614729924 0 132.3659598 54.69201566 -16.49480689 1


mesh: pSphereShape5 tranform: pSphere5 -4.144576307 0.0756520934 0.8974013085 0 -0.0496885638 3.106726573 -0.4913837421 0 -0.8494165636 -0.6257280594 -3.870212906 0 125.8859521 55.25048434 -14.94879289 1


mesh: pSphereShape6 tranform: pSphere6 -2.312104172 -5.589274243 0.1573100669 0 -2.23215262 0.9162117104 -0.2543439892 0 0.2073177243 -0.1524223734 -2.368508753 0 122.036851 48.70846418 -14.41907073 1


mesh: pSphereShape7 tranform: pSphere7 -2.86616762 -4.682225974 -1.564722047 0 -1.890312931 1.247294291 -0.2697987231 0 0.71292154 0.4844263596 -2.755471059 0 117.8301437 39.22425999 -16.88114395 1


mesh: pSphereShape8 tranform: pSphere8 -0.3041918544 -4.259896512 0.4894483315 0 -0.9841185588 0.05072918579 -0.1701094118 0 0.4253029354 -0.324177389 -2.55714109 0 114.8773886 32.02147802 -18.48679298 1


mesh: pSphereShape10 tranform: pSphere10 -3.297549591 -0.3244170075 2.525599778 0 -0.5717933376 3.454630976 -0.3028095939 0 -2.985842302 -0.8454337736 -4.007062498 0 127.5089682 64.34670645 -17.03519592 1


mesh: pSphereShape11 tranform: pSphere11 -0.8774411493 -0.02286659438 0.4791389656 0 -1.479583055 2.49784634 -2.590333717 0 -0.7611103832 -1.99499422 -1.48902165 0 128.3216244 59.87575547 -18.2726789 1


mesh: pSphereShape12 tranform: pSphere12 -6.951559835 0.1185951447 1.813081946 0 -0.02616777861 3.748304989 -0.3455098389 0 -1.497481686 -0.5364587444 -5.70642279 0 129.9999559 50.66385751 -15.34671304 1


mesh: pSphereShape13 tranform: pSphere13 -4.817114858 0.2167499288 1.222871903 0 0.06595656868 4.662546591 -0.5666057688 0 -1.107623106 -0.5037017192 -4.273849449 0 129.5457589 45.50055017 -15.76682956 1


mesh: pSphereShape14 tranform: pSphere14 -4.875088433 0.4144613184 1.170853569 0 0.309948202 5.441103081 -0.6355208554 0 -1.042616197 -0.429880568 -4.188975824 0 129.3195742 41.10314988 -15.49696751 1


mesh: pSphereShape15 tranform: pSphere15 -2.98742401 -0.2667633816 1.696617091 0 0.02953739973 8.516192086 1.39103216 0 -2.128418155 0.604024842 -3.652772227 0 132.6715734 27.40615521 -17.43053454 1


mesh: pSphereShape16 tranform: pSphere16 -1.987711902 -0.08906009796 1.104146454 0 -1.222977632 7.99500541 -1.556760179 0 -0.8761014003 -0.44815689 -1.613327717 0 134.1155366 11.67745362 -18.51512912 1


mesh: pSphereShape17 tranform: pSphere17 -2.241146238 0.1510274449 1.210296171 0 0.01834179844 2.347957393 -0.2590269725 0 -3.021762958 -0.585628931 -5.522422362 0 133.5739556 0.8896558252 -20.78519432 1


mesh: pSphereShape18 tranform: pSphere18 -2.850205867 0.1965995624 -0.5139773588 0 0.4557828775 8.101542218 0.5713960319 0 0.6007521655 0.1958797108 -3.256480957 0 124.7232924 27.56863749 -14.75789063 1


mesh: pSphereShape19 tranform: pSphere19 -1.932579359 0.1306927674 -0.3184539773 0 1.188475622 9.042540859 -3.50138119 0 0.2888649145 -0.8521740972 -2.102744541 0 122.9194746 11.65492329 -12.96858034 1


mesh: pSphereShape20 tranform: pSphere20 -2.512649489 -0.2579669366 -0.6987842261 0 -0.1228698243 1.841426259 -0.2379823178 0 1.64399351 -0.6244848652 -5.680842322 0 123.7318132 2.146411814 -14.31251927 1


mesh: pSphereShape21 tranform: pSphere21 -5.810001697 0.4939440579 1.395392375 0 0.6532140757 2.725412253 1.755043058 0 -0.8902812689 3.368215112 -4.899156429 0 129.2798725 37.31469371 -13.91702068 1


