mesh: pSphereShape1 tranform: pSphere1 0.7497722931 3.164019175 -0.7359986267 0 1.574873375 -0.1165417917 1.103338959 0 1.827754553 -1.06618185 -2.721499773 0 25.16724598 32.78320223 -7.597891562 1


mesh: pSphereShape2 tranform: pSphere2 1.757794504 5.531234761 -1.05482588 0 2.651608887 -0.5187783743 1.698383197 0 1.410954171 -0.9222056111 -2.484550574 0 26.63073105 40.43035458 -9.477084494 1


mesh: pSphereShape3 tranform: pSphere3 2.141119931 5.991030164 -1.996412511 0 2.497090228 -0.3249900527 1.702826659 0 1.426895901 -1.289224154 -2.338507455 0 29.5845273 50.49947259 -11.84526108 1


mesh: pSphereShape4 tranform: pSphere4 -0.7190078556 0.1889028979 -4.036136542 0 0.4582648862 3.344275483 0.07488529531 0 3.816677617 -0.5072417212 -0.7036532561 0 31.18652886 56.65006697 -16.51883853 1


mesh: pSphereShape5 tranform: pSphere5 -0.3603584318 0.2078758439 -4.220840502 0 0.4691417025 3.10850526 0.1130400416 0 3.951901827 -0.5831150497 -0.3661158667 0 30.6215739 57.4016264 -23.15929999 1


mesh: pSphereShape6 tranform: pSphere6 1.820171656 -5.233382133 -2.430893934 0 0.5996988662 1.158735366 -2.045564397 0 2.194453853 0.3676589572 0.8516138269 0 32.20008723 51.30692121 -27.15882652 1


mesh: pSphereShape7 tranform: pSphere7 3.832373204 -3.536359471 -2.322410235 0 0.3654522609 1.499072822 -1.679595991 0 2.089166084 1.239182853 1.560563266 0 38.34328165 43.45075764 -30.65902861 1


mesh: pSphereShape8 tranform: pSphere8 1.048701358 -4.086611687 -0.8237967138 0 0.6105003401 0.304087286 -0.731314062 0 1.968508346 0.1604425498 1.710022573 0 43.18079824 37.58335634 -32.95373949 1


mesh: pSphereShape10 tranform: pSphere10 -0.1382350408 -0.02778992017 -4.163874725 0 0.01124742317 3.514601269 -0.0238300341 0 5.065374744 -0.0173496207 -0.1680478367 0 31.89648051 66.7358275 -19.64998131 1


mesh: pSphereShape11 tranform: pSphere11 -0.07432732397 0.02875585375 -0.9968192162 0 2.641012281 2.854848318 -0.1145701978 0 1.901782135 -1.767070048 -0.19278118 0 33.25567015 62.26865492 -19.12624274 1


mesh: pSphereShape12 tranform: pSphere12 -1.309812196 0.2963916775 -7.058474274 0 0.2200270737 3.75603208 0.1168896382 0 5.814411607 -0.3066278671 -1.091832156 0 30.60096999 52.68402298 -19.17163758 1


mesh: pSphereShape13 tranform: pSphere13 -0.9573405331 0.2172024192 -4.876813918 0 0.6852042393 4.646502042 0.07243616398 0 4.312175603 -0.6222737569 -0.874214175 0 31.07512753 47.49474384 -19.68278934 1


mesh: pSphereShape14 tranform: pSphere14 -0.9797378076 0.3086429259 -4.924836735 0 0.8974646284 5.410576683 0.1605446502 0 4.195488122 -0.6699035621 -0.8766258786 0 30.62865335 43.07805634 -19.84317865 1


mesh: pSphereShape15 tranform: pSphere15 -1.082506521 0.2838108735 -3.259141834 0 -1.443471007 8.420633382 1.212722334 0 3.99094339 0.8641981522 -1.250314843 0 32.65538118 29.669524 -17.30117761 1


mesh: pSphereShape16 tranform: pSphere16 -0.6724753682 0.3316456237 -2.148454737 0 3.007173691 7.664054177 0.2418015999 0 1.668317654 -0.6350361351 -0.6202176199 0 32.45298989 14.23358158 -18.17362258 1


mesh: pSphereShape17 tranform: pSphere17 -0.04557014631 0.1831891844 -2.544548615 0 0.9125771126 2.174369678 0.1401956847 0 5.83036905 -2.428982918 -0.2792849648 0 32.85195008 2.553589838 -18.4476734 1


mesh: pSphereShape18 tranform: pSphere18 -0.6595226429 0.2650622427 -2.814474993 0 -2.590443398 7.596703046 1.322468749 0 3.052865102 1.146750572 -0.6073862394 0 31.97192256 30.05120983 -25.29774938 1


mesh: pSphereShape19 tranform: pSphere19 -0.5446995972 0.06751852544 -1.884701598 0 7.765186667 5.564169856 -2.04489109 0 1.234249002 -1.8783053 -0.4240009873 0 29.02713212 17.41932838 -25.66774649 1


mesh: pSphereShape20 tranform: pSphere20 -1.058709642 1.153272261 -2.101749455 0 1.537089425 1.027438422 -0.2104985264 0 2.337252748 -4.211265467 -3.488145388 0 23.73740409 8.070929505 -25.9629375 1


mesh: pSphereShape21 tranform: pSphere21 -1.167625655 0.3678324913 -5.86929041 0 -1.637144246 2.828695793 0.5029667365 0 5.090226209 3.091639067 -0.8188849206 0 28.86237062 39.37266543 -19.82011511 1


