mesh: pSphereShape1 tranform: pSphere1 0.679974189 3.057713222 -1.141444157 0 -1.442333852 0.7155920108 1.057717415 0 2.174385815 0.4976353255 2.628382938 0 132.9673475 30.36758707 -19.72234941 1


mesh: pSphereShape2 tranform: pSphere2 0.865752725 5.660506027 -1.416404205 0 -2.155253251 0.8762394308 2.184434495 0 2.169972129 0.1852466471 2.066676331 0 134.7554019 37.66146592 -22.5194146 1


mesh: pSphereShape3 tranform: pSphere3 1.6016894 6.458827546 -0.4250149449 0 -2.181769741 0.6731043909 2.006865229 0 1.978842151 -0.341618676 2.265883573 0 136.697872 47.97175987 -24.55320115 1


mesh: pSphereShape4 tranform: pSphere4 4.0931734 0.2971969152 -0.02569629201 0 -0.2413026489 3.351718863 0.327943149 0 0.05185763833 -0.3774075697 3.895423522 0 140.9994653 54.56763718 -24.59477219 1


mesh: pSphereShape5 tranform: pSphere5 4.159228291 0.3314534756 0.761264557 0 -0.291616306 3.12349259 0.233304327 0 -0.6916652353 -0.3584982371 3.935056576 0 147.5336657 55.52275702 -23.68908465 1


mesh: pSphereShape6 tranform: pSphere6 4.199995635 -4.137609603 1.360434552 0 1.297143148 1.6956985 1.152677895 0 -1.148384363 -0.4992889914 2.026812964 0 153.2332209 50.46323993 -22.01711115 1


mesh: pSphereShape7 tranform: pSphere7 3.307628739 -3.187547641 3.389047676 0 0.8598118426 1.891750174 0.9401182119 0 -2.086235802 -0.04337913634 1.995315817 0 159.1767132 43.35039719 -16.85983209 1


mesh: pSphereShape8 tranform: pSphere8 1.70405856 -3.931271034 0.3465589808 0 0.7587324324 0.3757872593 0.532079911 0 -1.350371407 -0.3912277407 2.201904185 0 163.3773408 37.77657263 -13.06084239 1


mesh: pSphereShape10 tranform: pSphere10 3.941915002 0.4923954794 1.255622054 0 -0.2937160244 3.474597455 -0.4404768736 0 -1.585084424 0.4733188809 4.790619896 0 143.2567832 64.7952281 -24.68718504 1


mesh: pSphereShape11 tranform: pSphere11 0.9689230337 0.05638518121 0.2408502981 0 -0.7016785195 3.219422163 2.069105921 0 -0.4407304727 -1.454402985 2.113514853 0 142.9010952 60.58677878 -23.03576436 1


mesh: pSphereShape12 tranform: pSphere12 7.114193527 0.5409181326 0.8492191279 0 -0.2982619924 3.750853474 0.109499275 0 -0.6846942522 -0.2260995574 5.879929694 0 143.8241589 50.67262858 -24.61089225 1


mesh: pSphereShape13 tranform: pSphere13 4.925870615 0.2042272507 0.6641398115 0 -0.2313584521 4.683498944 0.2757607436 0 -0.5808009949 -0.2875339324 4.396171962 0 144.2074784 45.5512699 -23.77474615 1


mesh: pSphereShape14 tranform: pSphere14 4.976679908 0.2588666495 0.6890636009 0 -0.3089235321 5.47537993 0.1741788102 0 -0.58585801 -0.1696849806 4.295036867 0 144.4052102 41.15324583 -23.71013732 1


mesh: pSphereShape15 tranform: pSphere15 3.313093843 0.1899366536 0.9282821362 0 -0.00159991957 8.455069175 -1.724289199 0 -1.17426486 0.8202490331 4.02318883 0 140.4533006 27.54787805 -22.44444859 1


mesh: pSphereShape16 tranform: pSphere16 2.173630277 0.2301763739 0.6327874494 0 -1.320373863 7.963024332 1.638946127 0 -0.4700284441 -0.4434423214 1.77585381 0 140.6026158 11.83200762 -21.66804768 1


mesh: pSphereShape17 tranform: pSphere17 2.043563261 -0.3689332546 1.482599076 0 0.3183469653 2.336377189 0.1425908602 0 -3.688530597 0.1894210632 5.131278891 0 138.9675454 1.622460607 -19.96855968 1


mesh: pSphereShape18 tranform: pSphere18 2.69513764 0.6334372746 -0.8726327493 0 -2.638428215 7.082491476 -3.007694932 0 0.6005951689 1.462217536 2.916358272 0 151.5426475 28.68450642 -20.51746198 1


mesh: pSphereShape19 tranform: pSphere19 1.82231029 0.3704766011 -0.6287199781 0 -0.7651276286 9.197837747 3.202194595 0 0.8311869923 -0.6385893784 2.032857601 0 155.5038916 13.92584503 -19.56937583 1


mesh: pSphereShape20 tranform: pSphere20 0.8309093735 0.3862956335 -2.455324639 0 0.2619978935 1.804208995 0.3725187895 0 5.577514141 -1.161908732 1.704690469 0 160.314141 3.800173277 -20.18887822 1


mesh: pSphereShape21 tranform: pSphere21 5.931075735 0.308510439 0.821207809 0 0.1437407079 2.613996019 -2.020173294 0 -0.8398722041 3.668868805 4.687560545 0 144.874268 37.26883734 -24.95173464 1


