mesh: pSphereShape1 tranform: pSphere1 2.070013802 2.431936106 -0.9568696076 0 1.33785235 -0.6589380641 1.219473949 0 1.25340494 -2.042062072 -2.478497531 0 1.827456521 32.44566908 -5.888072282 1


mesh: pSphereShape2 tranform: pSphere2 3.729208605 4.368605536 -1.343631638 0 1.868732231 -0.8429809832 2.445790075 0 1.52340723 -1.855090421 -1.803362514 0 6.283541046 38.59011763 -8.420708376 1


mesh: pSphereShape3 tranform: pSphere3 4.209540047 4.638173493 -2.286836056 0 1.860859146 -0.5332736781 2.34382576 0 1.441636961 -2.109364974 -1.62450307 0 12.74536415 46.66489807 -11.44169807 1


mesh: pSphereShape4 tranform: pSphere4 0.2625814745 0.1980505467 -4.090828979 0 0.898333747 3.24755494 0.2148869668 0 3.764605941 -1.053972432 0.1906156348 0 16.9349827 51.71892897 -16.30873479 1


mesh: pSphereShape5 tranform: pSphere5 0.7391163603 0.1577959052 -4.17341258 0 0.8693454282 3.011343171 0.2678204057 0 3.791298802 -1.150359013 0.627948706 0 18.11121695 52.38820063 -22.86630852 1


mesh: pSphereShape6 tranform: pSphere6 2.057295591 -5.165476343 -2.386618471 0 0.7552870056 1.208157075 -1.963807043 0 2.11419047 0.3631271746 1.036525081 0 20.17831072 46.38914192 -26.8628519 1


mesh: pSphereShape7 tranform: pSphere7 5.64347235 -0.4943134264 -0.7024144517 0 -0.05424629697 1.636607705 -1.5875736 0 0.4289458184 1.995234354 2.042202766 0 27.98897238 41.5464246 -28.68484685 1


mesh: pSphereShape8 tranform: pSphere8 3.724691523 -2.061984832 0.5947287252 0 0.3902245795 0.4779026197 -0.7869776767 0 0.813458377 1.92245689 1.570792506 0 35.76467773 40.15001466 -28.9239924 1


mesh: pSphereShape10 tranform: pSphere10 0.3212160841 0.1320970422 -4.15175921 0 -0.2412940685 3.505177795 0.09285607953 0 5.041111713 0.3364109948 0.4007277343 0 17.61747789 61.91876809 -19.11134683 1


mesh: pSphereShape11 tranform: pSphere11 0.06289933333 0.04661634212 -0.9969305846 0 2.387998047 3.05769033 0.2936431364 0 2.048654281 -1.605164974 0.05419842642 0 19.20587054 57.56493887 -18.54472931 1


mesh: pSphereShape12 tranform: pSphere12 0.2501084061 0.3345460942 -7.172938016 0 0.7132542973 3.690840972 0.1970109492 0 5.813005854 -1.131364883 0.1499229358 0 16.42113828 47.8159529 -19.06622111 1


mesh: pSphereShape13 tranform: pSphere13 -0.06182119421 -0.08215043069 -4.97357228 0 1.260736051 4.524058593 -0.09039650875 0 4.280284661 -1.193471858 -0.03349063264 0 16.27798973 42.59468068 -19.36388261 1


mesh: pSphereShape14 tranform: pSphere14 -0.3182110539 -0.05325801803 -5.020464999 0 1.383503942 5.307611499 -0.143994454 0 4.18897997 -1.098803805 -0.2538529038 0 15.38009909 38.27406136 -19.3195729 1


mesh: pSphereShape15 tranform: pSphere15 -0.8908625811 -0.1299032438 -3.326238638 0 -4.834281294 7.07487386 1.018457067 0 3.360767097 2.43971227 -0.9953910554 0 19.98786464 26.74704631 -16.44458297 1


mesh: pSphereShape16 tranform: pSphere16 -0.6095526291 0.05096829732 -2.191784096 0 -0.6828566115 8.199277826 0.380575931 0 1.813952362 0.1742979991 -0.5004214425 0 26.40248173 12.60758659 -17.17662619 1


mesh: pSphereShape17 tranform: pSphere17 -0.2575497053 0.2865095302 -2.52228924 0 -0.2563215253 2.33024261 0.2908676123 0 6.25246382 0.7567192491 -0.5524794365 0 31.93564909 2.569875678 -17.87562344 1


mesh: pSphereShape18 tranform: pSphere18 -0.5818166865 -0.1237837821 -2.841243481 0 1.340501334 7.999009572 -0.6229926136 0 3.203600537 -0.5859751783 -0.6304894451 0 12.19189339 24.7684932 -22.66728568 1


mesh: pSphereShape19 tranform: pSphere19 -0.4770114035 -0.1188567407 -1.900444609 0 8.389155419 4.403655119 -2.381088549 0 1.031876446 -2.036931161 -0.1316080627 0 4.386790507 12.4189692 -20.60818868 1


mesh: pSphereShape20 tranform: pSphere20 -0.8071564735 0.270292365 -2.478647666 0 1.542164524 0.9625587363 -0.3972310446 0 2.778470893 -5.052286544 -1.455735438 0 -1.26651013 3.701491073 -18.85808625 1


mesh: pSphereShape21 tranform: pSphere21 -0.3792355336 -0.06347149994 -5.983257651 0 -1.409288633 2.990873595 0.05759690016 0 5.424997264 2.563384154 -0.3710442871 0 13.27869579 34.74865538 -19.24324953 1


