mesh: pSphereShape1 tranform: pSphere1 -0.2114279544 3.201180011 0.9069810174 0 -1.524075689 0.2269300087 -1.15622708 0 -2.097151135 -0.87317049 2.592975486 0 0.2533639244 31.49397157 -25.78378461 1


mesh: pSphereShape2 tranform: pSphere2 -0.9220519468 5.675176253 1.318806973 0 -2.577839955 0.01834172628 -1.881241857 0 -1.706580973 -0.818840413 2.33052101 0 -0.03212044258 39.1621693 -23.4796954 1


mesh: pSphereShape3 tranform: pSphere3 -1.87194405 6.001542269 2.222569631 0 -2.354721428 -0.02254812797 -1.92236192 0 -1.715796517 -1.319233437 2.117171083 0 -2.000687885 49.30248851 -20.65740052 1


mesh: pSphereShape4 tranform: pSphere4 -0.8729351916 -0.07261619702 4.009459543 0 -0.7396823813 3.292776896 -0.1014066462 0 -3.727078275 -0.8627142557 -0.8270802538 0 -4.75121891 55.21824797 -15.94948107 1


mesh: pSphereShape5 tranform: pSphere5 -1.398339236 -0.1155085294 4.002483013 0 -0.7007952882 3.062692732 -0.1564484877 0 -3.680194002 -0.909108365 -1.311977945 0 -6.919685009 55.47053804 -9.620284762 1


mesh: pSphereShape6 tranform: pSphere6 -1.78564073 -5.213587067 2.498110447 0 -1.018713027 1.225508554 1.829478788 0 -2.044762721 0.1171611631 -1.217072558 0 -9.053745781 49.27547158 -5.638648967 1


mesh: pSphereShape7 tranform: pSphere7 -5.471213549 1.375792159 -0.8715103133 0 0.1507821185 1.615189514 1.603198354 0 0.8012669475 1.91595775 -2.005648015 0 -16.2479537 46.05809879 -5.242616379 1


mesh: pSphereShape8 tranform: pSphere8 -4.027867145 0.08283523103 -1.499411629 0 -0.2022693742 0.7841540915 0.5866766239 0 0.7440879119 1.620422108 -1.909321736 0 -23.5241618 47.86397575 -7.247585892 1


mesh: pSphereShape10 tranform: pSphere10 -0.7074525894 0.09544242467 4.104648038 0 0.1055031415 3.512542451 -0.06349072934 0 -4.992271668 0.1343392097 -0.863561783 0 -6.162721756 65.20648506 -13.15349369 1


mesh: pSphereShape11 tranform: pSphere11 -0.1841769723 0.03130706624 0.9823943762 0 -2.405355224 3.008897691 -0.54683823 0 -1.989141816 -1.648375618 -0.32038896 0 -7.467060584 60.84244002 -13.92288739 1


mesh: pSphereShape12 tranform: pSphere12 -1.458459785 -0.1474767542 7.033964796 0 -0.5995213763 3.715948524 -0.0463979846 0 -5.723407368 -0.938462811 -1.206397981 0 -4.753679522 51.1184387 -13.43256164 1


mesh: pSphereShape13 tranform: pSphere13 -0.8632539918 -0.4710578763 4.876462735 0 -1.024084813 4.57689307 0.2608317332 0 -4.267687465 -0.9068532328 -0.8430862331 0 -4.841764227 45.90683385 -13.53885668 1


mesh: pSphereShape14 tranform: pSphere14 -0.6706287051 -0.2516053628 4.979569798 0 -0.943692132 5.403120557 0.1459136241 0 -4.234176169 -0.7231415878 -0.6067806066 0 -4.258648002 41.56365603 -13.70138907 1


mesh: pSphereShape15 tranform: pSphere15 0.5282890424 0.151482757 3.401813947 0 4.243708479 7.447875548 -0.9906859876 0 -3.660349839 2.148507968 0.4727656555 0 -8.014380525 29.28924655 -16.33951455 1


mesh: pSphereShape16 tranform: pSphere16 0.3550937678 0.1283359162 2.243993763 0 2.419335359 7.829189686 -0.8305981818 0 -1.782171607 0.5771345464 0.24900735 0 -15.24555593 14.94928058 -15.34459339 1


mesh: pSphereShape17 tranform: pSphere17 0.09478001813 0.337730937 2.527314213 0 0.7695313455 2.209769179 -0.3241558196 0 -5.972797995 2.072207735 -0.05292051022 0 -22.79583318 6.345022764 -14.56937941 1


mesh: pSphereShape18 tranform: pSphere18 0.1552967053 -0.4153420067 2.86877527 0 -0.8865288714 7.99561246 1.205597655 0 -3.292680624 -0.3835845925 0.122708691 0 -2.674888907 28.15285993 -10.59050929 1


mesh: pSphereShape19 tranform: pSphere19 0.1371273356 -0.2811835195 1.937908263 0 -5.350615498 8.026763451 1.543266676 0 -1.906948312 -1.261906037 -0.04816143329 0 2.250160741 13.01282405 -12.68733791 1


mesh: pSphereShape20 tranform: pSphere20 0.5387783352 0.05567565471 2.564151305 0 -0.6596122762 1.737042872 0.1008808663 0 -5.424599597 -2.128779301 1.186036844 0 2.686810154 3.147089547 -13.84124094 1


mesh: pSphereShape21 tranform: pSphere21 -0.7992375868 -0.2998566293 5.93451983 0 1.634697695 2.851287722 0.3642231264 0 -5.16384519 3.029811698 -0.542357282 0 -2.479840703 37.86714422 -13.55356021 1


