mesh: pSphereShape1 tranform: pSphere1 0.3467289786 3.243339823 -0.6894893881 0 0.6365662356 0.3127180579 1.791132558 0 3.233860877 -0.5689268728 -1.049979763 0 -141.6501705 31.14670415 -8.885510146 1


mesh: pSphereShape2 tranform: pSphere2 1.005114613 5.780395711 -0.6114140748 0 1.110217021 0.1231589012 2.989467549 0 2.767960257 -0.5874728276 -1.003752017 0 -140.8508904 38.90850937 -10.71017444 1


mesh: pSphereShape3 tranform: pSphere3 2.067600709 6.261000595 -0.9936794054 0 0.9274507847 0.1525352614 2.890893427 0 2.726188473 -1.030462116 -0.8202391024 0 -138.700775 49.3239935 -12.14474944 1


mesh: pSphereShape4 tranform: pSphere4 1.865665372 0.1282032449 -3.653205638 0 0.666339323 3.278481895 0.4553475448 0 3.399548484 -0.9275545668 1.703573518 0 -135.1951354 55.58779539 -15.44701645 1


mesh: pSphereShape5 tranform: pSphere5 2.328080428 0.09976956093 -3.543818938 0 0.5676048053 3.059868496 0.4590277897 0 3.274033489 -0.9260816276 2.124775182 0 -131.5520915 56.17975323 -21.03690553 1


mesh: pSphereShape6 tranform: pSphere6 1.268112674 -5.632915083 -1.809065127 0 1.855388931 0.8409629541 -1.317935244 0 1.451693275 -0.2734922344 1.869180453 0 -129.5136066 49.61449625 -24.23639304 1


mesh: pSphereShape7 tranform: pSphere7 3.115552829 -4.730752037 -0.7069849508 0 1.603781754 1.216465212 -1.072340362 0 1.315663508 0.4894285715 2.522902294 0 -125.0977986 40.01649557 -25.3120924 1


mesh: pSphereShape8 tranform: pSphere8 -0.2756774428 -4.283061664 -0.2412371775 0 0.8433775637 -0.02405012761 -0.536782895 0 1.39369646 -0.2135772703 2.199304219 0 -122.0013044 32.71935936 -25.84376341 1


mesh: pSphereShape10 tranform: pSphere10 1.75464173 -0.1472602767 -3.775881453 0 -0.06131237542 3.510270982 -0.1653930973 0 4.595941808 0.1805720851 2.128679169 0 -133.0032289 65.68202584 -18.12936753 1


mesh: pSphereShape11 tranform: pSphere11 0.4519188183 0.01419013327 -0.8919461989 0 2.1982269 2.992862206 1.16138083 0 1.797060435 -1.662979519 0.8840527916 0 -132.0437913 61.32275213 -16.69047632 1


mesh: pSphereShape12 tranform: pSphere12 3.601960006 0.1721562404 -6.214640894 0 0.4349715798 3.722159725 0.3552165437 0 5.079911446 -0.8723134858 2.920114607 0 -134.436077 51.61470393 -18.04364929 1


mesh: pSphereShape13 tranform: pSphere13 2.434995317 0.1464706195 -4.335474131 0 0.7613914332 4.598385107 0.5829841935 0 3.807420217 -0.8976889945 2.108089002 0 -134.1470047 46.40778552 -18.26267757 1


mesh: pSphereShape14 tranform: pSphere14 2.427271754 0.08199544578 -4.405768046 0 0.8426204165 5.392290492 0.5645807888 0 3.740938695 -0.7988066096 2.046130488 0 -134.616498 42.03720807 -18.63821723 1


mesh: pSphereShape15 tranform: pSphere15 1.430368361 0.01458250945 -3.134997316 0 -0.5798657885 8.606666632 -0.2245344443 0 3.874665828 0.307209509 1.769277207 0 -136.4688583 28.82191589 -14.84553494 1


mesh: pSphereShape16 tranform: pSphere16 0.9583709635 0.06627323688 -2.062814256 0 1.573895703 8.02396372 0.9890129392 0 1.675519431 -0.4229253876 0.7648485715 0 -136.996604 12.85763795 -14.43002572 1


mesh: pSphereShape17 tranform: pSphere17 0.9484480259 0.3610667532 -2.341033898 0 -0.163036669 2.338157958 0.2945704016 0 5.853020315 0.107293238 2.387844785 0 -134.5590365 2.512306843 -13.67502862 1


mesh: pSphereShape18 tranform: pSphere18 1.345591954 0.402062424 -2.540516817 0 -2.973127299 7.562202082 -0.3779305316 0 2.677591469 1.132545524 1.597430691 0 -130.3777039 28.66176841 -21.89964557 1


mesh: pSphereShape19 tranform: pSphere19 0.8467116191 0.1775059307 -1.762080473 0 5.818526105 7.022202902 3.503299886 0 1.549922875 -1.576573139 0.5859474865 0 -131.1411489 14.97635528 -24.43269103 1


mesh: pSphereShape20 tranform: pSphere20 0.1549365743 1.02640227 -2.406397063 0 0.8729279276 1.490555478 0.6919714185 0 5.24007985 -2.692314119 -0.8109706139 0 -132.4526566 5.37968411 -27.75585198 1


mesh: pSphereShape21 tranform: pSphere21 2.892758399 0.09772000769 -5.25067805 0 -1.440177516 2.883289007 -0.739776948 0 4.568538594 2.941775207 2.57169618 0 -136.1601483 38.37461085 -19.6642454 1


