mesh: pSphereShape1 tranform: pSphere1 1.302208381 2.950112987 -0.8461421303 0 1.551221865 -0.3752750737 1.078908865 0 1.537992082 -1.458633984 -2.718631773 0 19.05728512 32.65247001 -6.798044249 1


mesh: pSphereShape2 tranform: pSphere2 2.675523666 5.123309165 -1.179124015 0 2.394973504 -0.8017189481 1.950901029 0 1.443298978 -1.282842571 -2.29901053 0 21.83365808 39.85058113 -8.948394858 1


mesh: pSphereShape3 tranform: pSphere3 3.000586469 5.563426193 -2.123033146 0 2.307144167 -0.5150302836 1.911158385 0 1.424848149 -1.588193893 -2.148067936 0 26.32664177 49.27898989 -11.57816866 1


mesh: pSphereShape4 tranform: pSphere4 -0.5036017976 0.2713367605 -4.063965598 0 0.5691163505 3.324599705 0.1514476641 0 3.827991311 -0.6317583432 -0.5165404374 0 28.82873299 55.15338201 -16.34354079 1


mesh: pSphereShape5 tranform: pSphere5 -0.093227354 0.2860002185 -4.23061197 0 0.5924949452 3.083253729 0.1953794179 0 3.938650301 -0.748167685 -0.1373716312 0 28.68450585 56.0203715 -22.98607703 1


mesh: pSphereShape6 tranform: pSphere6 2.340248369 -5.049517265 -2.374062275 0 0.6604484629 1.236989482 -1.979975992 0 2.099130839 0.4975242789 1.011022378 0 30.80831915 50.15950038 -26.9544718 1


mesh: pSphereShape7 tranform: pSphere7 4.612087519 -2.77475871 -1.901545373 0 0.2906409788 1.587505162 -1.611574559 0 1.661032379 1.525676738 1.802450751 0 38.05028887 43.251198 -29.93305126 1


mesh: pSphereShape8 tranform: pSphere8 1.975153708 -3.779914533 -0.5383535973 0 0.5368890348 0.3872933457 -0.7495025208 0 1.848452918 0.7240201451 1.698222824 0 44.08370829 38.42969726 -31.77349699 1


mesh: pSphereShape10 tranform: pSphere10 -0.0638513843 0.02382273738 -4.165703952 0 -0.1403330982 3.511826976 0.02223436793 0 5.063554038 0.2028243786 -0.07645360943 0 29.30806562 65.34796381 -19.3402759 1


mesh: pSphereShape11 tranform: pSphere11 -0.04854470439 0.04016979316 -0.9980129255 0 2.539799524 2.947477812 -0.004903987646 0 1.967986098 -1.696058354 -0.1639914799 0 30.86046765 60.91795981 -18.8277052 1


mesh: pSphereShape12 tranform: pSphere12 -0.9646690203 0.4416498115 -7.106326352 0 0.3401208928 3.744245787 0.1865297612 0 5.845888566 -0.4899797976 -0.8240188799 0 28.24593271 51.2484211 -19.08549826 1


mesh: pSphereShape13 tranform: pSphere13 -0.7583563725 0.2550916375 -4.909869209 0 0.9122232592 4.606830745 0.09844939976 0 4.306126597 -0.8375358095 -0.7086190648 0 28.52657359 46.03867891 -19.62350699 1


mesh: pSphereShape14 tranform: pSphere14 -0.8752453566 0.2572411656 -4.947417108 0 1.124376266 5.369812733 0.08029073991 0 4.178451999 -0.8631952965 -0.7840899583 0 27.88035925 41.64777228 -19.7642036 1


mesh: pSphereShape15 tranform: pSphere15 -1.000182521 0.1967303672 -3.291702684 0 -2.150477522 8.277596219 1.148136675 0 3.945708378 1.181572741 -1.12828456 0 30.58746766 28.66260974 -16.96915233 1


mesh: pSphereShape16 tranform: pSphere16 -0.6244180643 0.2891657209 -2.168998609 0 2.658355456 7.790873244 0.2733650023 0 1.711812624 -0.5641641036 -0.5680149539 0 31.40701586 13.33821374 -17.77450347 1


mesh: pSphereShape17 tranform: pSphere17 -0.1221799994 0.06548681918 -2.547772771 0 0.5673236146 2.29291789 0.03172979209 0 6.129771552 -1.512048817 -0.3328219697 0 32.60804356 2.111387834 -18.05523082 1


mesh: pSphereShape18 tranform: pSphere18 -0.6687708639 0.2364152148 -2.814844751 0 -2.015919447 7.798681064 1.13395776 0 3.121546212 0.9037046942 -0.6657381785 0 28.55447703 28.27822204 -24.85644918 1


mesh: pSphereShape19 tranform: pSphere19 -0.5673233577 0.05239753391 -1.878498129 0 8.407400919 4.348501101 -2.41781672 0 0.9591306148 -2.047192691 -0.34676907 0 24.48182214 16.32866557 -24.73532325 1


mesh: pSphereShape20 tranform: pSphere20 -0.9892373966 1.282860747 -2.060080451 0 1.660327527 0.7803665141 -0.3113259538 0 1.473367539 -4.546551162 -3.538746405 0 17.83154574 7.845379129 -24.68144239 1


mesh: pSphereShape21 tranform: pSphere21 -1.04309431 0.3065732302 -5.896201103 0 -1.523921647 2.90439091 0.4206102301 0 5.231639034 2.85753572 -0.7769492381 0 25.957482 38.02153196 -19.70823419 1


