mesh: pSphereShape1 tranform: pSphere1 1.135831832 3.071070663 -0.6271210745 0 0.3658030511 0.2476110339 1.87511117 0 3.174288717 -1.266313206 -0.452032599 0 38.39837715 32.38963991 10.64645759 1


mesh: pSphereShape2 tranform: pSphere2 2.109131345 5.483847009 -0.5253989721 0 0.3055467685 0.1863133696 3.171213439 0 2.789128982 -1.09231962 -0.2045575332 0 41.01621495 39.74895345 8.866917538 1


mesh: pSphereShape3 tranform: pSphere3 3.166795779 5.811916348 -0.8096497769 0 0.196251986 0.3133988733 3.017277428 0 2.657247656 -1.450962882 -0.02212590622 0 45.11013757 49.59826883 7.531209545 1


mesh: pSphereShape4 tranform: pSphere4 2.442192706 -0.3491305757 -3.279764842 0 0.582801873 3.324714501 0.080052994 0 3.072169418 -0.5951391751 2.350964596 0 49.89422884 55.19521844 4.549527457 1


mesh: pSphereShape5 tranform: pSphere5 2.915957045 -0.3787150318 -3.056523277 0 0.4502517353 3.113041838 0.04382724062 0 2.855833707 -0.4521965757 2.780525874 0 54.42780324 55.05064737 -0.3831435625 1


mesh: pSphereShape6 tranform: pSphere6 2.720344826 -5.402311264 -0.1591092452 0 1.959148986 1.016215551 -1.007810144 0 0.9098172014 0.3943388233 2.166281719 0 58.09306497 48.56194523 -1.617578588 1


mesh: pSphereShape7 tranform: pSphere7 4.190553327 -3.592452013 1.456043728 0 1.52937881 1.39726597 -0.954183232 0 0.3089863062 1.380504064 2.516800106 0 64.47176625 40.55451132 0.8520972802 1


mesh: pSphereShape8 tranform: pSphere8 0.920498613 -4.067649378 1.041979599 0 0.9195276126 0.1115484727 -0.3768632482 0 0.8609847131 0.7931099663 2.335514082 0 69.28801633 34.65976126 3.130109283 1


mesh: pSphereShape10 tranform: pSphere10 2.240658799 -0.1121470232 -3.510641698 0 0.2504370059 3.505439656 0.04785998484 0 4.257530398 -0.3414173451 2.728265289 0 53.23264291 64.85525202 2.671911573 1


mesh: pSphereShape11 tranform: pSphere11 0.5774929465 0.002862352943 -0.8163906563 0 2.19321042 2.809004108 1.561267144 0 1.537305907 -1.801198591 1.081133946 0 53.58574239 60.44323309 3.924921567 1


mesh: pSphereShape12 tranform: pSphere12 4.489568421 -0.6383907607 -5.573306714 0 0.4488977224 3.736834319 -0.06642438389 0 4.570867569 -0.4826549278 3.737340543 0 51.0060013 50.91164111 2.664594505 1


mesh: pSphereShape13 tranform: pSphere13 3.102149451 -0.6429089006 -3.835404634 0 0.7111181055 4.638758069 -0.2024047744 0 3.408085534 -0.3992601592 2.823451399 0 51.24048615 45.76541034 3.328088646 1


mesh: pSphereShape14 tranform: pSphere14 3.096755196 -0.4960219831 -3.933603049 0 0.6335522091 5.446906934 -0.1880793447 0 3.381953251 -0.3001283574 2.700310995 0 50.87444066 41.38728235 3.643242793 1


mesh: pSphereShape15 tranform: pSphere15 1.507932725 -0.2449986808 -3.088768203 0 -2.339262409 8.111806252 -1.78544708 0 3.661292365 1.424390228 1.674456776 0 50.53929327 28.69376521 8.66707015 1


mesh: pSphereShape16 tranform: pSphere16 1.001805879 -0.06888665551 -2.041986608 0 0.4824024633 8.222221031 -0.04070922083 0 1.6931622 -0.09521014737 0.8338833114 0 52.76375251 13.31241336 11.59569673 1


mesh: pSphereShape17 tranform: pSphere17 1.681798639 -0.05883110565 -1.917929824 0 0.05709497263 2.361477295 -0.02237103381 0 4.752075331 -0.075396676 4.169323297 0 55.4967613 2.649261024 14.94281148 1


mesh: pSphereShape18 tranform: pSphere18 1.487204424 -0.5032223652 -2.441615828 0 1.283956601 7.985890585 -0.8638430284 0 2.800265389 -0.2599233917 1.759231035 0 51.20196347 27.42217183 1.144259821 1


mesh: pSphereShape19 tranform: pSphere19 0.9893661727 -0.3245015044 -1.664094308 0 4.10513894 8.835864708 0.7176481554 0 1.725874542 -0.8994251912 1.201486423 0 46.99500358 11.6682807 1.292737662 1


mesh: pSphereShape20 tranform: pSphere20 1.024123285 0.08433946884 -2.410873729 0 0.07844976491 1.856548248 0.09827247326 0 5.468216034 -0.3533648284 2.310500421 0 47.52395352 2.425597531 3.191923327 1


mesh: pSphereShape21 tranform: pSphere21 3.690631091 -0.591145905 -4.68796427 0 -1.361241106 2.664633734 -1.407652808 0 4.040003733 3.510206376 2.737887603 0 49.58790941 37.54351362 2.994792603 1


