mesh: pSphereShape1 tranform: pSphere1 -0.7061862133 3.242911675 0.3157446976 0 1.471913378 0.4339213702 -1.16462365 0 -2.100730079 -0.1919921449 -2.726547929 0 -136.0536821 31.27564898 -11.34399692 1


mesh: pSphereShape2 tranform: pSphere2 -0.8565423328 5.835299434 -0.112573859 0 2.290053725 0.2936447712 -2.203200595 0 -2.045121567 -0.3420850882 -2.171336451 0 -137.8943356 39.03641705 -10.56391581 1


mesh: pSphereShape3 tranform: pSphere3 -1.606341884 6.399789505 -0.9616963926 0 2.279774559 0.272853062 -1.992203789 0 -1.865203854 -0.8054850211 -2.244761993 0 -139.8620659 49.56878833 -11.01241626 1


mesh: pSphereShape4 tranform: pSphere4 -4.090543854 -0.04699688529 -0.3290851879 0 0.01948449871 3.300055272 -0.713476401 0 0.3162267435 -0.8261833793 -3.81272498 0 -144.2122811 55.80041663 -12.50543924 1


mesh: pSphereShape5 tranform: pSphere5 -4.169542456 -0.07260722999 -0.7734397262 0 0.06137029024 3.083365842 -0.6202948559 0 0.7305591231 -0.7918870783 -3.864038078 0 -150.7999464 56.12400386 -13.69958734 1


mesh: pSphereShape6 tranform: pSphere6 -2.15097413 -5.413993252 -1.634792367 0 -1.639327365 1.08148651 -1.424651817 0 1.538661261 -0.06238822003 -1.81787683 0 -154.4283846 49.72071376 -15.47803505 1


mesh: pSphereShape7 tranform: pSphere7 -1.298704097 -4.154863214 -3.692829719 0 -1.340351749 1.442186117 -1.151248788 0 2.241712945 0.766060737 -1.650279007 0 -156.4598501 40.92626627 -21.00283923 1


mesh: pSphereShape8 tranform: pSphere8 0.0731190703 -4.292682074 -0.2152785589 0 -0.890564624 0.007638543036 -0.4547925935 0 1.187463597 0.136723721 -2.322968134 0 -157.8925771 34.13744594 -24.88235853 1


mesh: pSphereShape10 tranform: pSphere10 -3.771136389 0.3174110794 -1.74227279 0 0.2815898878 3.503283858 0.02873673874 0 2.115720145 -0.1322970226 -4.60356255 0 -146.3917659 65.74656136 -13.8862842 1


mesh: pSphereShape11 tranform: pSphere11 -0.9476551926 0.02281358249 -0.3184794756 0 0.8874626691 2.903909084 -2.432684353 0 0.5816378532 -1.731514325 -1.85473232 0 -145.9762536 61.3361483 -14.99687653 1


mesh: pSphereShape12 tranform: pSphere12 -7.142820974 -0.1224003327 -0.7685322275 0 -0.0135953917 3.734993687 -0.4684969713 0 0.6412700578 -0.730662659 -5.843663682 0 -146.7205225 51.70615822 -12.29371659 1


mesh: pSphereShape13 tranform: pSphere13 -4.945911943 -0.2275041564 -0.4828961504 0 -0.1587717765 4.659985453 -0.5692628393 0 0.4525566075 -0.5208366123 -4.389789884 0 -146.7139507 46.53781094 -12.71475231 1


mesh: pSphereShape14 tranform: pSphere14 -5.01728793 -0.07568428706 -0.3609116369 0 -0.03894928789 5.453570645 -0.6021690408 0 0.3164925172 -0.4726093363 -4.30067869 0 -146.6403506 42.12739619 -12.46404573 1


mesh: pSphereShape15 tranform: pSphere15 -3.375575985 0.5396579317 -0.4343161937 0 1.261280377 8.502372238 0.761714321 0 0.58938517 0.2906049477 -4.21970718 0 -143.8265837 28.47962124 -12.70240263 1


mesh: pSphereShape16 tranform: pSphere16 -2.217620292 0.4117627736 -0.3011334537 0 1.689714477 7.889418549 -1.655665427 0 0.1708064183 -0.4215108651 -1.83422418 0 -145.6981283 12.60981123 -12.59184513 1


mesh: pSphereShape17 tranform: pSphere17 -2.277689262 -0.2260271801 -1.127566366 0 -0.1625807586 2.352321986 -0.143122624 0 2.816075521 -0.1496470083 -5.658487942 0 -145.192072 2.211038222 -14.69680995 1


mesh: pSphereShape18 tranform: pSphere18 -2.678089494 0.6119996254 0.9379715969 0 2.230796728 7.706801294 1.340886847 0 -0.9002320039 0.7984243255 -3.091284715 0 -153.2214061 28.9511544 -12.98702972 1


mesh: pSphereShape19 tranform: pSphere19 -1.802018553 0.3509507771 0.6949238813 0 -0.7614339976 7.755789172 -5.891319234 0 -0.8893938735 -1.329264838 -1.634995953 0 -155.5777111 14.55635315 -10.02434228 1


mesh: pSphereShape20 tranform: pSphere20 -0.9888289817 0.5218902748 2.370253483 0 -0.8948809118 1.474632715 -0.6980184464 0 -4.706491855 -3.428238917 -1.208626427 0 -158.1123326 3.958589907 -6.339671591 1


mesh: pSphereShape21 tranform: pSphere21 -5.979471304 -0.09019853533 -0.4301249612 0 -0.1727997751 2.752073899 1.825093478 0 0.3090122172 3.331564298 -4.994436732 0 -146.7894063 38.33205221 -10.90733289 1


