mesh: pSphereShape1 tranform: pSphere1 1.103609852 3.142932898 0.1374332722 0 -1.695408186 0.6245512633 -0.6683500567 0 -1.173562288 0.2708409868 3.230075569 0 124.5963666 28.70448617 -29.26697708 1


mesh: pSphereShape2 tranform: pSphere2 1.315764984 5.745635452 0.2312853112 0 -3.020752266 0.721324386 -0.7344474509 0 -0.6996130402 0.0426948908 2.919411783 0 127.4367866 36.1860614 -28.8611288 1


mesh: pSphereShape3 tranform: pSphere3 0.5936381755 6.478802696 1.461235523 0 -2.878587178 0.4583458283 -0.8627582127 0 -0.9349544613 -0.5517854474 2.826329938 0 129.38172 46.61546242 -27.79062847 1


mesh: pSphereShape4 tranform: pSphere4 2.235702841 0.6978676289 3.370113999 0 -0.8585894621 3.26363762 -0.1062385866 0 -3.127712666 -0.7502311133 2.230250402 0 131.1058074 53.50781097 -23.98524892 1


mesh: pSphereShape5 tranform: pSphere5 1.626277424 0.6547783949 3.862001049 0 -0.7831333051 3.041028267 -0.1858123767 0 -3.567691042 -0.8184858051 1.641113542 0 133.8344467 54.99780399 -18.08652756 1


mesh: pSphereShape6 tranform: pSphere6 1.201624883 -4.986417246 3.209719522 0 -0.5435406683 1.185836434 2.045726173 0 -2.273173807 -0.6820648641 -0.2086032089 0 135.7518902 49.24949578 -13.41100589 1


mesh: pSphereShape7 tranform: pSphere7 -0.7829993899 -4.3731405 3.584559402 0 -0.6053119377 1.457797208 1.646281305 0 -2.755283306 -0.1953070647 -0.8401284632 0 135.0280732 40.27367766 -7.721226095 1


mesh: pSphereShape8 tranform: pSphere8 1.262408672 -4.057080981 0.6520957798 0 -0.3062883679 0.05742153207 0.950205348 0 -2.365601859 -0.8503861596 -0.7111366588 0 134.6004193 33.29290668 -3.973251088 1


mesh: pSphereShape10 tranform: pSphere10 2.323503372 0.5065000198 3.420895167 0 -0.1432483097 3.486700342 -0.4189476121 0 -4.201757037 0.1673072423 2.829100294 0 131.5095186 63.95580338 -22.04250925 1


mesh: pSphereShape11 tranform: pSphere11 0.5003734305 0.1505317221 0.8526233815 0 -2.347238191 2.984139899 0.8506544898 0 -1.616645169 -1.623776068 1.235429522 0 130.1905338 59.5566284 -21.45436626 1


mesh: pSphereShape12 tranform: pSphere12 2.771995875 1.105380471 6.536029986 0 -0.7974402396 3.66801584 -0.282136408 0 -5.319328305 -0.9702941773 2.420077691 0 133.2232858 49.92967075 -21.56306571 1


mesh: pSphereShape13 tranform: pSphere13 1.869506095 0.8786758281 4.525468763 0 -1.323862219 4.495099895 -0.3258816297 0 -3.922890626 -1.023446246 1.819291181 0 133.6151987 44.81008975 -20.59846364 1


mesh: pSphereShape14 tranform: pSphere14 1.832812228 0.7895570012 4.618069139 0 -1.338774579 5.307707866 -0.3761345779 0 -3.898863007 -0.8633029879 1.694974778 0 134.5187187 40.52714324 -20.20966157 1


mesh: pSphereShape15 tranform: pSphere15 1.599314546 0.6039716398 2.991953494 0 -1.486484532 8.451099533 -0.9114005664 0 -3.710530382 -0.4294059314 2.070103773 0 135.215942 26.90015173 -22.95974226 1


mesh: pSphereShape16 tranform: pSphere16 1.022200661 0.4617556976 1.979888174 0 -3.795819704 7.305169121 0.256017463 0 -1.446407334 -0.7841444633 0.9296493258 0 139.1179037 11.46711896 -22.64970989 1


mesh: pSphereShape17 tranform: pSphere17 1.795473392 0.8659785524 1.592708076 0 -0.6844508201 2.218745457 -0.4347769396 0 -4.101598001 -0.3246393744 4.800277542 0 140.6203285 1.613070383 -19.49224184 1


mesh: pSphereShape18 tranform: pSphere18 0.983561263 0.1710171461 2.725776582 0 3.012439789 7.39519347 -1.550979634 0 -2.869060749 1.367840003 0.9494442564 0 133.6959539 27.69477357 -14.86790858 1


mesh: pSphereShape19 tranform: pSphere19 0.6894405436 0.1274939016 1.833513992 0 1.174108524 9.634618278 -1.111435802 0 -2.12375388 0.3481382393 0.7743690715 0 129.4335492 12.1718073 -11.83858898 1


mesh: pSphereShape20 tranform: pSphere20 1.273826011 -0.425981653 2.250369017 0 0.5290711323 1.783595286 0.03814232119 0 -4.914349728 1.392626571 3.045393813 0 123.6635675 4.012255137 -8.873831137 1


mesh: pSphereShape21 tranform: pSphere21 2.184297229 0.9409731906 5.503692888 0 1.288069649 2.875735501 -1.002875176 0 -5.085192539 2.813761176 1.537131216 0 136.5400241 36.95550538 -20.29874523 1


