mesh: pSphereShape1 tranform: pSphere1 2.548315968 2.121815323 0.3447539258 0 -0.965443337 1.324076408 -1.012870092 0 -1.398563618 1.20676532 2.910623426 0 91.99410917 36.52157208 -31.45297951 1


mesh: pSphereShape2 tranform: pSphere2 3.797932534 4.404172481 0.9879424866 0 -2.374423613 2.112554103 -0.2896443421 0 -0.5363045541 -0.1986776268 2.947397334 0 98.02432529 41.67884412 -30.31376114 1


mesh: pSphereShape3 tranform: pSphere3 0.54187801 5.645966913 3.505984276 0 -2.780386741 0.8297395598 -0.9064648943 0 -1.198967837 -1.382672009 2.411937434 0 101.946057 50.15145371 -26.88173815 1


mesh: pSphereShape4 tranform: pSphere4 -0.07865547151 -0.3086709914 4.091648851 0 -1.022840043 3.209997846 0.222497405 0 -3.729329655 -1.177196265 -0.1604972823 0 101.6402665 55.58371652 -20.88021988 1


mesh: pSphereShape5 tranform: pSphere5 -0.5204585118 -0.3886119646 4.191261002 0 -0.9848229655 2.983618197 0.1543473989 0 -3.77784881 -1.216874785 -0.5819503173 0 100.7774175 55.39667007 -14.23616364 1


mesh: pSphereShape6 tranform: pSphere6 -0.1075535169 -5.362913064 2.799670414 0 -1.864173526 0.7478628795 1.360954907 0 -1.524281129 -0.8232370426 -1.635510546 0 100.7110786 48.88574006 -10.08810284 1


mesh: pSphereShape7 tranform: pSphere7 -4.974860005 -2.347751574 -1.524907363 0 -1.115428893 1.570097715 1.221650083 0 -0.1050839766 1.724901884 -2.312837571 0 95.67822118 41.74429295 -10.15010223 1


mesh: pSphereShape8 tranform: pSphere8 -2.183740952 -3.580293016 -0.9442393866 0 -0.8589972586 0.4709966388 0.2007134176 0 -0.1664453642 0.7593042584 -2.494132536 0 89.51917477 37.49814587 -12.8043848 1


mesh: pSphereShape10 tranform: pSphere10 -0.2645984348 -0.4700616131 4.131193978 0 0.2023796144 3.484893199 0.4094854554 0 -5.049533682 0.3268758 -0.2862240189 0 100.8652043 65.32618778 -16.67086334 1


mesh: pSphereShape11 tranform: pSphere11 -0.07545432411 -0.09162943381 0.992930356 0 -2.471421847 3.003717056 0.08938132225 0 -2.00093581 -1.637324846 -0.3031495672 0 99.29774919 61.04471471 -17.91420082 1


mesh: pSphereShape12 tranform: pSphere12 -0.7199442088 -0.6521074768 7.119125737 0 -0.8778562611 3.652234841 0.2457664298 0 -5.729973088 -1.330072697 -0.701295563 0 102.4355603 51.40248769 -18.6385612 1


mesh: pSphereShape13 tranform: pSphere13 -0.5375485166 -0.5402881497 4.915905012 0 -1.572795976 4.415077982 0.3132607661 0 -4.159566676 -1.438286227 -0.612920285 0 102.8629344 46.18482969 -18.93134403 1


mesh: pSphereShape14 tranform: pSphere14 -0.5907105986 -0.4466413066 4.97601608 0 -1.851774186 5.159197229 0.2432564393 0 -4.05170915 -1.425555431 -0.6089408534 0 104.1126855 41.94071544 -19.20609806 1


mesh: pSphereShape15 tranform: pSphere15 -0.2039270851 -0.2079255518 3.433592169 0 0.6031662229 8.590018751 0.5560026422 0 -4.252619814 0.3137249953 -0.233572562 0 104.834647 29.09420571 -24.16298795 1


mesh: pSphereShape16 tranform: pSphere16 -0.3125125184 0.1135371561 2.251114155 0 -6.495045353 4.932557259 -1.150457651 0 -1.132746385 -1.510475933 -0.08107198089 0 109.1826422 15.87168131 -24.64602561 1


mesh: pSphereShape17 tranform: pSphere17 -0.9093109497 -0.4173350709 2.34719995 0 -1.992372057 1.133844294 -0.570250838 0 -2.541914973 -5.449150273 -1.953609719 0 115.8317088 5.711313299 -24.73317965 1


mesh: pSphereShape18 tranform: pSphere18 -0.2827537569 -0.2673233529 2.876644944 0 0.5084718644 8.078952792 0.8007470935 0 -3.294926443 0.2372901939 -0.3018167474 0 104.5762426 28.0038612 -16.4073651 1


mesh: pSphereShape19 tranform: pSphere19 -0.1534907355 -0.1974153621 1.947003925 0 -4.603634152 8.601565596 0.5092265005 0 -2.00936641 -1.059691737 -0.2658538842 0 107.3055775 12.38672405 -17.28370769 1


mesh: pSphereShape20 tranform: pSphere20 -0.0777285798 0.09734367263 2.61777315 0 -0.5569485821 1.773580299 -0.08248905841 0 -5.671459407 -1.785724014 -0.1019972076 0 106.9595206 2.287308356 -18.4555779 1


mesh: pSphereShape21 tranform: pSphere21 -0.7039932973 -0.5322953184 5.930284602 0 1.125691231 3.082081942 0.4102765774 0 -5.608291442 2.111750065 -0.4762208057 0 106.4974339 38.60050019 -19.127705 1


