mesh: pSphereShape1 tranform: pSphere1 0.6109157863 3.192090087 -0.7431100793 0 0.4605780182 0.340060026 1.839399919 0 3.287195231 -0.7868672665 -0.6776273876 0 -147.8287283 32.43879204 -17.02943485 1


mesh: pSphereShape2 tranform: pSphere2 1.43084527 5.685948044 -0.6478686521 0 0.7882468894 0.1535679253 3.088648557 0 2.816727696 -0.7862707857 -0.6797571277 0 -146.3572982 40.07420749 -18.96678818 1


mesh: pSphereShape3 tranform: pSphere3 2.530714708 6.095678652 -0.9490441226 0 0.6232933598 0.2033696574 2.96830641 0 2.73147494 -1.210401221 -0.4906337521 0 -143.4293003 50.29465502 -20.44954574 1


mesh: pSphereShape4 tranform: pSphere4 2.239923925 -0.3736716587 -3.418503341 0 0.8296438753 3.267525502 0.1864434308 0 3.135454125 -0.9190690014 2.154922203 0 -139.2253249 56.02646576 -23.59857525 1


mesh: pSphereShape5 tranform: pSphere5 2.768473436 -0.4453925399 -3.182097646 0 0.7032502438 3.060631161 0.1834473348 0 2.903649282 -0.8255215495 2.641765898 0 -134.9159692 55.77829934 -28.71222189 1


mesh: pSphereShape6 tranform: pSphere6 1.520262705 -5.781372023 -0.9354664935 0 1.997750119 0.7156460625 -1.1762165 0 1.21222681 -0.01309179853 2.050946538 0 -132.5312949 48.87799783 -30.81063227 1


mesh: pSphereShape7 tranform: pSphere7 3.29446757 -4.648084017 0.3582043923 0 1.701409372 1.127492746 -1.017734559 0 0.959448367 0.8786642021 2.57739303 0 -127.8757904 39.38698771 -30.06551363 1


mesh: pSphereShape8 tranform: pSphere8 -0.112866575 -4.286127858 0.3085121805 0 0.9113942638 -0.05337149633 -0.4080587938 0 1.072926354 0.142890112 2.377678611 0 -124.5480517 32.22821198 -29.17693663 1


mesh: pSphereShape10 tranform: pSphere10 2.521807418 -0.3103369393 -3.301804395 0 0.1456514684 3.5048964 -0.2181818732 0 4.028824641 0.02398565011 3.074826676 0 -136.2026024 65.71325525 -26.26845486 1


mesh: pSphereShape11 tranform: pSphere11 0.5936458182 -0.07284960943 -0.8014222214 0 2.141236058 2.970044213 1.316121817 0 1.528385254 -1.670870663 1.284019537 0 -135.6937164 61.41019297 -24.77291629 1


mesh: pSphereShape12 tranform: pSphere12 4.069519212 -0.6972444057 -5.880338316 0 0.7153358795 3.695254975 0.05689761846 0 4.750634184 -0.972035571 3.402957852 0 -138.5253399 51.7638037 -25.71343335 1


mesh: pSphereShape13 tranform: pSphere13 2.807737541 -0.7264172464 -4.041771847 0 1.168928537 4.549539238 -0.005645848172 0 3.497588802 -0.8954324378 2.5906383 0 -138.7024412 46.57245147 -25.29962859 1


mesh: pSphereShape14 tranform: pSphere14 2.806083113 -0.5581897929 -4.138053312 0 1.139349206 5.367035933 0.04864216973 0 3.486097735 -0.7624086001 2.466823869 0 -139.4761421 42.24413775 -25.1879061 1


mesh: pSphereShape15 tranform: pSphere15 1.190776552 -0.2759635652 -3.221842607 0 -1.704300379 8.351470982 -1.345237234 0 3.917717202 1.018676924 1.360714535 0 -140.3672873 29.287692 -20.61967043 1


mesh: pSphereShape16 tranform: pSphere16 0.7901522276 -0.1421411952 -2.129207608 0 0.2233013256 8.220241112 -0.4658976668 0 1.771440893 -0.01082141594 0.6581068619 0 -138.4802526 13.59781386 -17.80613817 1


mesh: pSphereShape17 tranform: pSphere17 0.8912468317 0.06817190007 -2.389852348 0 -0.01300965822 2.36141032 0.06250888755 0 5.923944577 -0.02582397856 2.208478013 0 -134.5289379 2.980244403 -15.40359614 1


mesh: pSphereShape18 tranform: pSphere18 1.007273733 -0.07026470663 -2.721573092 0 0.3481472745 8.12658951 -0.08095789295 0 3.107868052 -0.1216525292 1.153385056 0 -138.7783017 28.35699597 -28.9589138 1


mesh: pSphereShape19 tranform: pSphere19 0.6659653044 -0.02093400447 -1.846458366 0 2.566368247 9.390550221 0.8191521774 0 2.065934235 -0.6302262171 0.7522691582 0 -140.8225663 12.09224217 -29.83532511 1


mesh: pSphereShape20 tranform: pSphere20 -0.1051172458 0.2489711765 -2.606763799 0 -0.09512934107 1.849583012 0.180489154 0 5.934251764 0.325533042 -0.2082059974 0 -138.1193574 2.892984915 -29.99724398 1


mesh: pSphereShape21 tranform: pSphere21 3.344215777 -0.6652358596 -4.931622697 0 -1.178372293 2.853812904 -1.184030136 0 4.506275105 2.962707849 2.656135232 0 -141.1588898 38.5781434 -25.94886208 1


