mesh: pSphereShape1 tranform: pSphere1 -1.031518199 3.013514449 -0.9846678016 0 1.518798042 0.8042768991 0.8703770289 0 1.832922562 -0.3208177553 -2.901975587 0 84.4887854 31.52938768 23.25045517 1


mesh: pSphereShape2 tranform: pSphere2 -1.177499755 5.552489054 -1.606367567 0 2.751963978 0.9597295033 1.300107582 0 1.397170856 -0.4608782757 -2.617202941 0 81.86839486 38.68895867 20.78343336 1


mesh: pSphereShape3 tranform: pSphere3 -0.3761628425 6.077876744 -2.716692053 0 2.573796399 0.7901444395 1.411361269 0 1.601923738 -0.9651147701 -2.38099596 0 80.14183007 48.66965208 17.37326614 1


mesh: pSphereShape4 tranform: pSphere4 -1.326246844 -0.2953101909 -3.872585181 0 0.4678717272 3.318147489 -0.4132630001 0 3.664076885 -0.6666036083 -1.204005942 0 79.18374141 54.4978883 12.04063486 1


mesh: pSphereShape5 tranform: pSphere5 -1.057181332 -0.3254906469 -4.094507123 0 0.3976809487 3.100902683 -0.349183834 0 3.851577244 -0.6005596796 -0.9467168787 0 77.51692181 54.42876495 5.532784084 1


mesh: pSphereShape6 tranform: pSphere6 0.0184405404 -5.820655975 -1.652326448 0 0.5110913821 0.6491960592 -2.281221199 0 2.328975031 -0.1302234988 0.4847309353 0 77.14068224 47.50356362 2.47969831 1


mesh: pSphereShape7 tranform: pSphere7 1.663077652 -5.036015852 -2.111688673 0 0.5063046988 1.000082093 -1.986280125 0 2.686499812 0.4954373617 0.9342415948 0 79.78485106 37.53578438 -0.3019495856 1


mesh: pSphereShape8 tranform: pSphere8 -0.6687981536 -4.241805529 0.1964828912 0 0.4718296967 -0.1148847682 -0.8741728818 0 2.26723418 -0.2989672195 1.263016982 0 81.53046709 29.95827019 -1.892209643 1


mesh: pSphereShape10 tranform: pSphere10 -1.183820928 -0.2429323926 -3.987140053 0 -0.1534868365 3.507319774 -0.1681256856 0 4.854244524 0.1429249731 -1.44998101 0 78.65565904 64.26793105 8.234848151 1


mesh: pSphereShape11 tranform: pSphere11 -0.260331521 -0.05490441317 -0.9639569516 0 2.255867534 3.071539768 -0.7841787056 0 2.009777543 -1.591494346 -0.4521243203 0 80.23810428 60.02105714 8.704657857 1


mesh: pSphereShape12 tranform: pSphere12 -1.5118396 -0.5673379568 -7.001284436 0 0.3236763202 3.731820126 -0.3722959561 0 5.76890885 -0.6196289548 -1.195512895 0 78.14177235 50.24908838 10.03688667 1


mesh: pSphereShape13 tranform: pSphere13 -0.9266074414 -0.1986048577 -4.883538322 0 0.3350900266 4.678462399 -0.2538450995 0 4.354393605 -0.3559220929 -0.8117322726 0 78.72075355 45.10968051 10.06237506 1


mesh: pSphereShape14 tranform: pSphere14 -0.8007031335 -0.04703360176 -4.966470158 0 0.3741305682 5.472933998 -0.1121479237 0 4.272603125 -0.3061315748 -0.6859375234 0 78.67115133 40.69382948 10.19451314 1


mesh: pSphereShape15 tranform: pSphere15 -0.3427875772 0.1389026295 -3.426014771 0 1.745677281 8.449011443 0.1678899417 0 4.16063555 -0.8506848042 -0.4507792988 0 77.07891526 27.17165396 14.41704225 1


mesh: pSphereShape16 tranform: pSphere16 -0.1347934465 0.2077326966 -2.26202289 0 5.609106729 6.027364871 0.219277149 0 1.379294558 -1.276326551 -0.1994032092 0 71.1096378 12.89497606 14.82812949 1


mesh: pSphereShape17 tranform: pSphere17 0.553236129 -0.04214167719 -2.490485181 0 1.29392369 1.959960423 0.2542674493 0 5.108783592 -3.527679921 1.1945568 0 67.75118772 2.385429171 15.59561792 1


mesh: pSphereShape18 tranform: pSphere18 -0.1726351144 -0.1517933793 -2.893726574 0 -3.257702983 7.451038573 -0.1965024623 0 3.033173487 1.319550111 -0.2501726421 0 80.79652482 27.35408404 6.77206344 1


mesh: pSphereShape19 tranform: pSphere19 -0.1430289227 -0.1090974745 -1.954737062 0 -0.09694855053 9.754055645 -0.5372980391 0 2.280984657 0.0134364486 -0.1676505076 0 84.64127875 11.63050279 6.963749516 1


mesh: pSphereShape20 tranform: pSphere20 -0.8774892094 0.1406659704 -2.465457272 0 -0.07656651092 1.854458611 0.1330566588 0 5.598224952 0.3725730529 -1.971226065 0 89.74233672 2.339521082 6.454987632 1


mesh: pSphereShape21 tranform: pSphere21 -0.9542568568 -0.05605340495 -5.918908024 0 -1.916772988 2.679600942 0.2836491128 0 4.804283393 3.522122848 -0.8079103998 0 77.26393672 36.84133555 10.36257832 1


