mesh: pSphereShape1 tranform: pSphere1 2.732399487 1.889858452 0.2780249747 0 -0.658678607 1.157149429 -1.392232986 0 -1.584943254 1.94358384 2.365254363 0 -74.77184911 33.64908982 -20.59359388 1


mesh: pSphereShape2 tranform: pSphere2 3.951489799 4.327857995 0.6726296725 0 -2.115296831 2.106644014 -1.127934614 0 -1.004521886 0.4839113315 2.787653497 0 -68.49343821 38.52497803 -19.58830605 1


mesh: pSphereShape3 tranform: pSphere3 1.226356292 6.172079768 2.205443602 0 -2.475150035 1.009119655 -1.447759164 0 -1.667135322 -0.5501734084 2.46672191 0 -63.79422478 47.29368363 -17.45929414 1


mesh: pSphereShape4 tranform: pSphere4 1.277136784 -0.08292208009 3.899371789 0 -0.8048652107 3.262071119 0.3329820184 0 -3.60074572 -1.006625077 1.157923277 0 -62.28197812 53.29989799 -12.55795342 1


mesh: pSphereShape5 tranform: pSphere5 1.079388944 -0.1211081828 4.099855781 0 -0.7102542549 3.051951206 0.2771455669 0 -3.772142412 -0.9654519897 0.9645911682 0 -60.66455409 53.54354673 -6.036600247 1


mesh: pSphereShape6 tranform: pSphere6 3.003713543 -4.380253426 2.898558883 0 -1.03272048 0.67440298 2.089332217 0 -1.802466712 -1.504271711 -0.4053730455 0 -57.2356191 47.98145954 -1.759998729 1


mesh: pSphereShape7 tranform: pSphere7 1.71567047 -4.397624544 3.209966541 0 -1.188768892 0.8235521341 1.76363482 0 -2.306098991 -1.517176625 -0.8459487635 0 -53.71372129 39.15316221 3.224915413 1


mesh: pSphereShape8 tranform: pSphere8 3.479832598 -2.306029244 1.025575381 0 -0.4218760566 -0.2488854343 0.8718237399 0 -1.066692443 -2.106684662 -1.117582699 0 -50.17921794 32.89735264 6.630788569 1


mesh: pSphereShape10 tranform: pSphere10 0.3572696179 -0.4075109695 4.130862763 0 0.2254206529 3.492371564 0.3250274455 0 -5.039048772 0.2821028319 0.4636462497 0 -61.79375946 63.14491258 -8.3330195 1


mesh: pSphereShape11 tranform: pSphere11 0.129605749 -0.1375583621 0.9819776203 0 -2.274402965 3.071130053 0.7303988449 0 -2.084957336 -1.557620608 0.05698573588 0 -63.38971818 58.93500205 -9.033746106 1


mesh: pSphereShape12 tranform: pSphere12 1.235512069 -0.2757915798 7.072691427 0 -0.6618526992 3.696529198 0.2597594769 0 -5.742033758 -1.095578633 0.96034172 0 -60.89494279 49.21345333 -10.42954828 1


mesh: pSphereShape13 tranform: pSphere13 0.5835112667 -0.1176244239 4.938893689 0 -0.8300633487 4.61870499 0.2080676148 0 -4.342584582 -0.8026911889 0.4939427926 0 -60.98992526 44.02894827 -10.42298655 1


mesh: pSphereShape14 tranform: pSphere14 0.3703264921 0.0612721236 5.016798532 0 -0.7450203023 5.436025409 -0.01139692282 0 -4.28607239 -0.5867381418 0.3235523282 0 -60.57917306 39.66848669 -10.51067318 1


mesh: pSphereShape15 tranform: pSphere15 0.3210157187 0.6457261321 3.369623294 0 -2.723034866 8.085919401 -1.290100431 0 -4.032784426 -1.258320424 0.62532734 0 -57.61264972 26.18879744 -13.24539762 1


mesh: pSphereShape16 tranform: pSphere16 0.1076852423 0.5297061741 2.210403799 0 -6.272082701 5.252773149 -0.9532265658 0 -1.221607749 -1.387522042 0.3920225431 0 -50.01554369 12.77698703 -11.79906491 1


mesh: pSphereShape17 tranform: pSphere17 0.2659553607 0.3630839442 2.511533469 0 -1.655945918 1.683316606 -0.06799731753 0 -4.460404229 -4.343433974 1.10024397 0 -45.26083834 2.66468967 -10.20001855 1


mesh: pSphereShape18 tranform: pSphere18 0.02786956229 0.09268880083 2.901228993 0 4.357158231 6.864123393 -0.2611512089 0 -2.801026469 1.776879088 -0.02986093496 0 -64.09658609 27.28807882 -6.236104945 1


mesh: pSphereShape19 tranform: pSphere19 0.04419690125 0.05583088276 1.961704886 0 1.821274439 9.592915148 -0.3140511153 0 -2.246489471 0.4277683554 0.03843859948 0 -70.49451354 12.40210945 -5.280076853 1


mesh: pSphereShape20 tranform: pSphere20 0.3629514839 -0.06443462482 2.594680749 0 0.6794883219 1.731522375 -0.05204929363 0 -5.47456 2.17298232 0.819759802 0 -77.14861041 4.80210094 -4.940680289 1


mesh: pSphereShape21 tranform: pSphere21 0.441345337 0.07302249939 5.978888052 0 1.751916349 2.799783589 -0.1635165767 0 -5.079337239 3.19792459 0.3358854258 0 -58.90999351 35.91831848 -10.49374876 1


