mesh: pSphereShape1 tranform: pSphere1 0.6200289899 3.075733136 -1.127075658 0 1.872792841 -0.2366496592 0.3844592436 0 0.4915426287 -1.260914199 -3.170563465 0 98.99043067 30.83011084 17.7947548 1


mesh: pSphereShape2 tranform: pSphere2 1.563049642 5.423474592 -1.714600916 0 2.848225002 -0.3820806838 1.387910252 0 1.096010179 -1.124838977 -2.558856264 0 100.0944242 38.2909932 15.09860744 1


mesh: pSphereShape3 tranform: pSphere3 1.612990489 5.877364382 -2.705059982 0 2.71160308 -0.1139653047 1.369276238 0 1.156028605 -1.425522737 -2.407951564 0 102.4598328 48.19390981 11.58706936 1


mesh: pSphereShape4 tranform: pSphere4 -1.763076556 0.2351288117 -3.698557866 0 0.4411029262 3.347419125 0.002535164609 0 3.497245298 -0.4595614132 -1.696328016 0 102.7761121 54.32024286 6.502431517 1


mesh: pSphereShape5 tranform: pSphere5 -1.406114207 0.2463284666 -3.993836531 0 0.4044844458 3.119226105 0.04997772355 0 3.749251727 -0.4645739592 -1.348656578 0 100.5042694 55.14764266 0.2488620341 1


mesh: pSphereShape6 tranform: pSphere6 1.450455104 -5.100152648 -2.914649495 0 0.01392939036 1.206803326 -2.104773571 0 2.312938975 0.4888565601 0.2956002305 0 101.3420297 49.2020916 -4.138977652 1


mesh: pSphereShape7 tranform: pSphere7 3.533198121 -3.094548638 -3.244501773 0 -0.1755952512 1.546970585 -1.666693041 0 2.256743953 1.432189865 1.091551969 0 107.0377553 41.93808794 -9.1776795 1


mesh: pSphereShape8 tranform: pSphere8 1.576151887 -3.935802216 -0.7099414001 0 0.1999879547 0.2509303001 -0.9471213241 0 2.373699063 0.8209418245 0.718715102 0 111.805803 36.6506515 -12.69474112 1


mesh: pSphereShape10 tranform: pSphere10 -2.577082446 0.2840908919 -3.261237858 0 0.3005983337 3.501172234 0.06745428065 0 3.958607385 -0.2791359746 -3.152470945 0 103.0051167 64.38404476 3.414692621 1


mesh: pSphereShape11 tranform: pSphere11 -0.5379300651 0.1201172774 -0.8343878503 0 2.460449945 2.770267512 -1.187448987 0 1.451084819 -1.800928823 -1.194773891 0 104.1703116 59.87881745 3.24542663 1


mesh: pSphereShape12 tranform: pSphere12 -2.951612633 0.3889794341 -6.539280767 0 0.2582174297 3.753902162 0.1067446002 0 5.385740063 -0.300831437 -2.448837451 0 101.5061182 50.38331432 4.048181725 1


mesh: pSphereShape13 tranform: pSphere13 -2.127057482 0.07175261509 -4.496384082 0 0.2669887609 4.68943505 -0.05146829297 0 4.009041426 -0.2491097539 -1.900490635 0 102.0429382 45.26182745 3.37934548 1


mesh: pSphereShape14 tranform: pSphere14 -2.276860648 0.05958624261 -4.485701569 0 0.2707620133 5.479787099 -0.06464260832 0 3.862480017 -0.2140101509 -1.963367531 0 102.0274096 40.83984362 3.293217795 1


mesh: pSphereShape15 tranform: pSphere15 -2.114406156 0.09404910344 -2.719341068 0 -2.030936717 8.177394154 1.861959041 0 3.218844927 1.358608531 -2.455804347 0 105.9418414 27.80696191 4.857147703 1


mesh: pSphereShape16 tranform: pSphere16 -1.388540647 0.1562393576 -1.795999397 0 0.8096193422 8.196110331 0.08706330732 0 1.48559051 -0.1344232476 -1.160248168 0 108.3854065 12.28576113 3.122360213 1


mesh: pSphereShape17 tranform: pSphere17 -1.358366307 0.1949240607 -2.151094642 0 0.1924009401 2.352638952 0.09169051875 0 5.327046828 -0.3034758159 -3.391406181 0 111.4244354 1.460490631 0.7592014723 1


mesh: pSphereShape18 tranform: pSphere18 -1.318865488 -0.0397609655 -2.585635413 0 -0.2070627693 8.131787333 -0.01943034001 0 2.95387299 0.07161281096 -1.507795151 0 99.86452298 26.95025667 -0.05718527817 1


mesh: pSphereShape19 tranform: pSphere19 -0.9606279125 -0.07933160885 -1.710045913 0 6.623786644 5.965204189 -3.997684232 0 1.254426852 -1.808935019 -0.6207621177 0 95.01345971 13.3100408 2.549245526 1


mesh: pSphereShape20 tranform: pSphere20 -1.285551646 -0.5385097455 -2.219373336 0 1.082633391 1.202549237 -0.9188925488 0 3.857998473 -4.370546461 -1.174238864 0 92.08826462 3.858800637 5.963366445 1


mesh: pSphereShape21 tranform: pSphere21 -2.713502414 0.07101331093 -5.345940712 0 -1.763965478 2.637712528 0.9303951445 0 4.295702762 3.624854702 -2.132269603 0 100.7746965 36.96019721 3.772030872 1


