mesh: pSphereShape1 tranform: pSphere1 0.8337834007 3.136017498 0.7648982325 0 -1.452625024 0.6508744635 -1.085084314 0 -2.093707276 -0.1107776185 2.73644105 0 83.95818664 30.72465492 -28.69572373 1


mesh: pSphereShape2 tranform: pSphere2 0.8009964893 5.712839233 1.23244864 0 -2.799981235 0.6877367485 -1.368133556 0 -1.381703324 -0.3755814404 2.638954513 0 86.08119229 38.19612335 -26.72381432 1


mesh: pSphereShape3 tranform: pSphere3 -0.04523350882 6.257134935 2.304065155 0 -2.610456961 0.5215824474 -1.467706707 0 -1.551249044 -0.9083162747 2.43625448 0 87.12416018 48.47401849 -23.98701902 1


mesh: pSphereShape4 tranform: pSphere4 1.192113471 0.2708316204 3.917725168 0 -0.5590403557 3.329213451 -0.06003911061 0 -3.688751291 -0.5984256711 1.163808717 0 87.59200614 54.90495805 -19.11616972 1


mesh: pSphereShape5 tranform: pSphere5 0.7658366581 0.2741840634 4.162557197 0 -0.5334757021 3.098363773 -0.1059364952 0 -3.886405423 -0.643264191 0.7574008913 0 88.84931854 55.7703141 -12.5931359 1


mesh: pSphereShape6 tranform: pSphere6 0.03727079639 -5.459171123 2.60895003 0 -0.5215420827 1.018819595 2.139308433 0 -2.326705048 -0.2337612315 -0.45590157 0 89.22258092 49.42991129 -8.414794282 1


mesh: pSphereShape7 tranform: pSphere7 -1.870246372 -4.53609415 2.917625808 0 -0.4963235449 1.34537909 1.773537544 0 -2.654444409 0.4144275976 -1.057223451 0 86.43795935 40.1437339 -4.011848973 1


mesh: pSphereShape8 tranform: pSphere8 0.4639959267 -4.247805876 0.4686829051 0 -0.3683266186 0.0621161008 0.9276190447 0 -2.412369314 -0.3664869822 -0.9333304386 0 84.4532428 33.04092082 -1.059200981 1


mesh: pSphereShape10 tranform: pSphere10 2.439576135 0.1122901869 3.375439694 0 -0.1159298659 3.512631965 -0.03306661524 0 -4.105038149 -0.1075186053 2.970465271 0 87.42878671 65.04148962 -15.83725281 1


mesh: pSphereShape11 tranform: pSphere11 0.4527806401 0.08962225319 0.8871062753 0 -2.455893043 2.8594312 0.9646106454 0 -1.639307411 -1.749853599 1.013489033 0 85.95815444 60.58064961 -15.91968614 1


mesh: pSphereShape12 tranform: pSphere12 1.46033456 0.4509430466 7.020654416 0 -0.3611786225 3.74327074 -0.165306568 0 -5.772413793 -0.5025162297 1.232970753 0 88.60992662 50.99824869 -16.50060396 1


mesh: pSphereShape13 tranform: pSphere13 1.018377732 0.465318239 4.846996752 0 -0.7256036404 4.631722394 -0.2921987347 0 -4.295070113 -0.6122258286 0.9611897522 0 88.26639526 45.83658164 -15.82674012 1


mesh: pSphereShape14 tranform: pSphere14 0.9970414445 0.3943436798 4.915238032 0 -0.7731155374 5.42497326 -0.2784149367 0 -4.207914443 -0.5535868663 0.8979765674 0 88.66268823 41.44528008 -15.53644655 1


mesh: pSphereShape15 tranform: pSphere15 0.7409141161 0.2466366705 3.356276374 0 0.1132749015 8.603290098 -0.6572205484 0 -4.170309163 0.1245365814 0.9114641641 0 88.04570015 27.96302869 -19.00438955 1


mesh: pSphereShape16 tranform: pSphere16 0.467142949 0.2264781595 2.215525853 0 -2.486425608 7.847276016 -0.2779116468 0 -1.759337486 -0.5423488661 0.426396412 0 89.27390488 12.07122657 -18.76273982 1


mesh: pSphereShape17 tranform: pSphere17 0.2659699603 0.0573396427 2.536993243 0 -0.1617097236 2.356452238 -0.03630604884 0 -6.272920802 -0.4201958547 0.667129241 0 87.55563861 1.527557993 -18.25002299 1


mesh: pSphereShape18 tranform: pSphere18 0.4561246403 0.1997904503 2.859813226 0 3.932628281 7.032252522 -1.118515548 0 -2.85662919 1.65162099 0.3402323102 0 85.75806608 28.70089563 -10.57335612 1


mesh: pSphereShape19 tranform: pSphere19 0.3439090926 0.06924299178 1.931395469 0 -2.657573061 9.399917053 0.1362150657 0 -2.164139231 -0.6177571192 0.407499408 0 83.3019356 13.79117657 -8.987881588 1


mesh: pSphereShape20 tranform: pSphere20 1.088136679 0.2962149195 2.365685752 0 -0.4204665472 1.812364969 -0.03353127987 0 -5.240456768 -1.16847649 2.556744229 0 81.13399267 3.490887649 -7.624523059 1


mesh: pSphereShape21 tranform: pSphere21 1.188247673 0.4699683873 5.85785093 0 1.700702496 2.77846054 -0.5678950252 0 -5.016015777 3.225390717 0.7587146639 0 90.34322151 37.70056388 -15.48061794 1


