mesh: pSphereShape1 tranform: pSphere1 0.9069197951 3.099819499 0.8267317406 0 -1.465925225 0.7042802647 -1.032578103 0 -2.030563996 -0.1478545114 2.781895103 0 134.1304943 31.63366421 -26.63456647 1


mesh: pSphereShape2 tranform: pSphere2 0.8784733671 5.693483022 1.268697265 0 -2.667156227 0.7630596316 -1.577556287 0 -1.586857645 -0.3186468206 2.528753336 0 136.3714803 39.03277311 -24.52377064 1


mesh: pSphereShape3 tranform: pSphere3 -0.03939560347 6.269053806 2.271544028 0 -2.47596745 0.5870281746 -1.663033337 0 -1.756437275 -0.8498733749 2.315035916 0 137.5071447 49.29059112 -21.75329568 1


mesh: pSphereShape4 tranform: pSphere4 0.8578579929 -0.2663547481 4.004521145 0 -0.4824546186 3.325911077 0.3245705819 0 -3.786463495 -0.6243677465 0.7696162785 0 137.7467063 55.28141472 -16.74371279 1


mesh: pSphereShape5 tranform: pSphere5 0.1380115106 -0.3311183803 4.226094953 0 -0.4260612198 3.106115794 0.2572808694 0 -3.972325047 -0.5520402901 0.08647129271 0 138.1969976 55.22613669 -10.07940459 1


mesh: pSphereShape6 tranform: pSphere6 -0.7870070095 -5.70608001 1.852519799 0 -0.8854035107 0.8070848634 2.109813908 0 -2.19638909 0.003279967893 -0.9229903246 0 137.4935371 48.424708 -6.780509277 1


mesh: pSphereShape7 tranform: pSphere7 -2.584120887 -4.715117804 1.917418924 0 -0.7789369673 1.159954165 1.8026594 0 -2.378056003 0.7017925859 -1.479149618 0 133.4502816 38.90598124 -4.197427046 1


mesh: pSphereShape8 tranform: pSphere8 0.1875741826 -4.294596658 0.008131397616 0 -0.5598037949 -0.02288210877 0.8283091936 0 -2.161746126 -0.09718945459 -1.463677566 0 130.6289001 31.65062864 -2.624216749 1


mesh: pSphereShape10 tranform: pSphere10 0.5642659789 -0.4933877957 4.098280899 0 -0.1329050269 3.484789582 0.4378290507 0 -5.017834173 -0.2740296786 0.6578832148 0 137.1508506 64.87826858 -12.27897025 1


mesh: pSphereShape11 tranform: pSphere11 0.1202278661 -0.1129803666 0.9862964549 0 -2.49561707 2.91595329 0.6382342586 0 -1.972454322 -1.698173247 0.04591290789 0 136.0150423 60.65174021 -13.27598835 1


mesh: pSphereShape12 tranform: pSphere12 0.5971608678 -0.541092627 7.139757192 0 -0.4149766588 3.727869751 0.3172279669 0 -5.867248391 -0.690433283 0.4384046541 0 138.5758067 51.04787272 -14.61173998 1


mesh: pSphereShape13 tranform: pSphere13 0.2696970558 -0.4917475041 4.942918133 0 -0.616820634 4.630327038 0.494304459 0 -4.398613872 -0.6051471972 0.1797953279 0 138.1677807 45.8684449 -14.86026099 1


mesh: pSphereShape14 tranform: pSphere14 0.2108222177 -0.2748680439 5.018880856 0 -0.5521722606 5.449514331 0.3216469112 0 -4.312275728 -0.4461906747 0.1567042528 0 138.4101303 41.49536196 -15.19874136 1


mesh: pSphereShape15 tranform: pSphere15 0.08139610833 0.02649265406 3.444858093 0 0.5115357826 8.613568728 -0.07832929868 0 -4.261864463 0.2539982023 0.09874720112 0 138.0822139 27.86983167 -19.32119273 1


mesh: pSphereShape16 tranform: pSphere16 0.03212869442 0.08698594952 2.273647046 0 -2.253417258 7.917570312 -0.2710702253 0 -1.817470839 -0.515715037 0.04541290943 0 138.8370266 11.98013016 -19.83813911 1


mesh: pSphereShape17 tranform: pSphere17 -0.5350209853 -0.09074727965 2.493166671 0 -0.1326273291 2.357849665 0.05736080156 0 -6.171524576 -0.3146462284 -1.335830648 0 136.9815889 1.452624365 -20.83477297 1


mesh: pSphereShape18 tranform: pSphere18 0.6256681818 -0.05337783495 2.834111453 0 -0.08254600779 8.132221762 0.171385921 0 -3.239075327 -0.04792919642 0.7141666964 0 139.6350755 27.64373908 -11.42930884 1


mesh: pSphereShape19 tranform: pSphere19 0.4379674915 -0.005031731968 1.913508734 0 -2.093230619 9.529107924 0.5041601657 0 -2.174997512 -0.5040432925 0.4964921126 0 141.2555058 11.27266407 -11.55416891 1


mesh: pSphereShape20 tranform: pSphere20 1.11449769 0.1723926993 2.365677375 0 -0.03485241969 1.856673334 -0.1188809555 0 -5.381138857 0.06102454791 2.530669101 0 138.3301215 1.805572157 -10.49118582 1


mesh: pSphereShape21 tranform: pSphere21 0.2512523535 -0.3275804785 5.981369711 0 1.853876646 2.737277584 0.07203832085 0 -4.971614975 3.356792571 0.3926775628 0 139.9446627 37.69226112 -15.37718698 1


