mesh: pSphereShape1 tranform: pSphere1 -0.5286907185 3.178253479 -0.8567734576 0 1.063660182 0.580635816 1.497549352 0 2.821741163 -0.06418234393 -1.979305155 0 -8.233000366 35.46725956 -6.398144456 1


mesh: pSphereShape2 tranform: pSphere2 -0.3472543396 5.729736376 -1.358893896 0 2.635563191 0.5649497533 1.708597266 0 1.683766691 -0.476562612 -2.439685271 0 -9.646251004 43.02907438 -8.63948076 1


mesh: pSphereShape3 tranform: pSphere3 0.7609725488 6.206975953 -2.31449135 0 2.424861013 0.3720719956 1.795078904 0 1.792892571 -1.042340413 -2.205858254 0 -9.718608279 53.30022072 -11.54587468 1


mesh: pSphereShape4 tranform: pSphere4 -0.2109747323 -0.3515757786 -4.083495919 0 0.6713940221 3.293590248 -0.3182551803 0 3.830562014 -0.7933780383 -0.1295995647 0 -8.780542699 59.15240946 -16.60360822 1


mesh: pSphereShape5 tranform: pSphere5 0.1933029126 -0.3886425868 -4.219023113 0 0.5566266667 3.085274179 -0.2587023945 0 3.943899002 -0.6910453225 0.2443543868 0 -8.505963849 58.98325253 -23.30364388 1


mesh: pSphereShape6 tranform: pSphere6 1.301114245 -5.655335837 -1.713136602 0 1.072588678 0.8532359824 -2.002044447 0 2.074679002 0.1245393286 1.164578862 0 -7.237703066 52.23184587 -26.44448221 1


mesh: pSphereShape7 tranform: pSphere7 4.343070855 -3.554382083 -1.044325403 0 0.6962281376 1.350482029 -1.700965034 0 1.653443682 1.476950175 1.849402323 0 -1.241582534 43.98146139 -27.96896666 1


mesh: pSphereShape8 tranform: pSphere8 1.845733356 -3.858980042 0.4246787714 0 0.5039294948 0.1473662976 -0.8510806299 0 1.957944207 1.084727395 1.347132169 0 4.330193742 38.39562148 -28.6842264 1


mesh: pSphereShape10 tranform: pSphere10 0.175170233 -0.4727708103 -4.135642282 0 -0.3717123812 3.470562185 -0.4124857336 0 5.035260574 0.5570777948 0.1495916729 0 -8.862379947 68.84064293 -20.99825944 1


mesh: pSphereShape11 tranform: pSphere11 0.02069398596 -0.1278441115 -0.991578359 0 2.234914819 3.164305048 -0.3613314756 0 2.130183755 -1.477694208 0.234975374 0 -7.112756908 64.70289038 -19.93117394 1


mesh: pSphereShape12 tranform: pSphere12 -0.02548736914 -0.6562857623 -7.155009048 0 0.4437811821 3.722265459 -0.343001752 0 5.882627539 -0.6973834335 0.04301184199 0 -9.291682299 54.88264544 -18.75448184 1


mesh: pSphereShape13 tranform: pSphere13 0.01270754724 -0.4885590406 -4.950569701 0 0.8809637948 4.591876068 -0.4508991515 0 4.364820042 -0.8282758103 0.09294441245 0 -9.030592441 49.67145123 -18.44546158 1


mesh: pSphereShape14 tranform: pSphere14 -0.010578025 -0.3283388704 -5.020084181 0 0.9745786445 5.387960341 -0.3544534046 0 4.269138894 -0.7694861972 0.04133260784 0 -9.580899326 45.30179467 -18.11014862 1


mesh: pSphereShape15 tranform: pSphere15 -0.4000936323 0.04225339493 -3.422355067 0 -2.780079529 8.157897057 0.4257275865 0 4.01234082 1.390923435 -0.4518937238 0 -6.947468286 32.652397 -14.24778549 1


mesh: pSphereShape16 tranform: pSphere16 -0.2092772374 0.2462946379 -2.252467911 0 3.491170793 7.443878379 0.4895806708 0 1.702761967 -0.7825606797 -0.2437725381 0 -6.309330502 17.82627942 -14.34232112 1


mesh: pSphereShape17 tranform: pSphere17 0.4655552754 -0.2791630853 -2.493128322 0 1.239719503 2.010818402 0.006342106685 0 5.256597541 -3.245064953 1.344952456 0 -7.113152945 5.92483363 -13.63590025 1


mesh: pSphereShape18 tranform: pSphere18 -0.2051701163 -0.1667571156 -2.890777557 0 -0.8451761555 8.080219927 -0.4061292351 0 3.290923568 0.3315235971 -0.2526943272 0 -9.591610445 31.38529096 -21.44325346 1


mesh: pSphereShape19 tranform: pSphere19 -0.1762647182 -0.1313123211 -1.950652285 0 4.277281554 8.72901204 -0.9741155172 0 2.046025062 -1.015570458 -0.1165174945 0 -11.76747026 15.68927984 -20.68444909 1


mesh: pSphereShape20 tranform: pSphere20 -0.7045885903 0.1716856918 -2.518398842 0 1.117383005 1.472753482 -0.2122160345 0 4.478460698 -3.61386935 -1.499334381 0 -12.00163467 4.227581054 -20.30012411 1


mesh: pSphereShape21 tranform: pSphere21 -0.01260661095 -0.3913055979 -5.982803802 0 -1.6375205 2.866946875 -0.1840623249 0 5.222719793 2.969895186 -0.205251158 0 -11.4038288 41.62692595 -17.96022721 1


