mesh: pSphereShape1 tranform: pSphere1 2.142590898 2.227781025 1.24946619 0 0.02818712232 0.921565898 -1.691474734 0 -2.640660265 1.964168091 1.026132806 0 -140.1448818 34.75121661 -23.00146256 1


mesh: pSphereShape2 tranform: pSphere2 2.95261564 4.667933958 2.071113366 0 -1.732675976 1.923828781 -1.865846446 0 -2.024522001 0.3063005064 2.195845415 0 -135.3107756 40.27527375 -19.77989334 1


mesh: pSphereShape3 tranform: pSphere3 0.5442839882 6.088529036 2.663844781 0 -1.803411983 1.114412912 -2.178643122 0 -2.424748118 -0.5404456181 1.730682826 0 -131.9138117 49.31022688 -15.92708156 1


mesh: pSphereShape4 tranform: pSphere4 -1.294073563 0.02504871839 3.894586109 0 -0.1111144891 3.374019879 -0.05862117056 0 -3.712104127 -0.1436624753 -1.232515373 0 -132.7561026 55.45097446 -10.95430579 1


mesh: pSphereShape5 tranform: pSphere5 -1.245275169 0.007846847757 4.054354855 0 -0.09024760421 3.14426296 -0.03380455294 0 -3.832905793 -0.1226676111 -1.177020766 0 -134.9364198 55.92956085 -4.585574247 1


mesh: pSphereShape6 tranform: pSphere6 -0.1571307075 -5.269566429 2.969434006 0 -1.788092141 0.8452305216 1.405329834 0 -1.609138657 -0.8258507141 -1.550706392 0 -135.6910175 49.58220622 -0.2326457229 1


mesh: pSphereShape7 tranform: pSphere7 -1.337002182 -4.892088625 2.620382804 0 -1.708177516 1.049373885 1.087548344 0 -1.789583022 -0.6701446203 -2.164219392 0 -137.5737664 39.81725322 3.810723636 1


mesh: pSphereShape8 tranform: pSphere8 1.744115372 -3.494947486 1.795052724 0 -0.8843564961 -0.2338088171 0.4040383954 0 -0.6031100892 -1.393018023 -2.126194518 0 -137.9409246 32.45716002 6.753242472 1


mesh: pSphereShape10 tranform: pSphere10 -1.983211712 0.306891775 3.651085137 0 0.3976100118 3.491277561 -0.07748368638 0 -4.420118979 0.4492693311 -2.438702045 0 -133.5856434 65.49314532 -8.379877076 1


mesh: pSphereShape11 tranform: pSphere11 -0.433415835 0.0213205675 0.9009418113 0 -1.888671754 3.255715976 -0.9856285352 0 -1.976550619 -1.424272917 -0.917153605 0 -134.9696408 61.321031 -9.222293833 1


mesh: pSphereShape12 tranform: pSphere12 -2.44041507 0.03835759308 6.757841229 0 0.05966663302 3.763813485 0.0001835681348 0 -5.571016505 0.08841383819 -2.012326646 0 -133.7435961 51.3788728 -8.586321396 1


mesh: pSphereShape13 tranform: pSphere13 -1.562241286 0.0540017598 4.722655795 0 0.1498754756 4.694917843 -0.004106200169 0 -4.216492396 0.1333815026 -1.39632902 0 -134.9084693 46.33377898 -8.732197322 1


mesh: pSphereShape14 tranform: pSphere14 -1.518908504 -0.1433867884 4.793904534 0 0.1936684136 5.478806377 0.2252345752 0 -4.132846385 0.1996770288 -1.30348538 0 -135.304773 41.94073989 -8.902064117 1


mesh: pSphereShape15 tranform: pSphere15 -0.2318088779 0.1593417534 3.43442125 0 -0.4198230019 8.608261957 -0.4277210471 0 -4.255825892 -0.2213181545 -0.2769820394 0 -133.9381915 28.6267878 -12.79418367 1


mesh: pSphereShape16 tranform: pSphere16 -0.2203031526 0.2278340116 2.253359244 0 -4.398235152 6.87237323 -1.12485634 0 -1.587265561 -1.024279358 -0.05161801532 0 -130.2837351 13.54287657 -12.26134279 1


mesh: pSphereShape17 tranform: pSphere17 -0.3076030068 0.02345465784 2.532823097 0 -0.9628154308 2.152809642 -0.1368663826 0 -5.722775931 -2.602089258 -0.6709161695 0 -128.8988507 2.63831195 -11.71818494 1


mesh: pSphereShape18 tranform: pSphere18 -1.274278833 0.4565605411 2.567929813 0 3.171970802 7.486573986 0.242958736 0 -2.685194565 1.187779827 -1.543648108 0 -139.6536886 28.28554568 -5.913601737 1


mesh: pSphereShape19 tranform: pSphere19 -0.8379533527 0.3211271993 1.745871707 0 1.515767253 9.595103589 -1.037365165 0 -2.037648481 0.2119437262 -1.016979234 0 -144.6774082 12.72360047 -5.094208129 1


mesh: pSphereShape20 tranform: pSphere20 -0.7350407345 0.02932772035 2.515374483 0 0.4843064139 1.792618386 0.1206228073 0 -5.494284442 1.593659148 -1.624116524 0 -150.6976248 4.598965172 -6.243143601 1


mesh: pSphereShape21 tranform: pSphere21 -1.810195058 -0.1708845891 5.713248869 0 2.110884491 2.434926212 0.7416452769 0 -4.256572688 4.063865372 -1.22710826 0 -134.385625 37.94922731 -8.631504159 1


