mesh: pSphereShape1 tranform: pSphere1 -0.138798009 3.221101053 -0.8485946783 0 0.9655718596 0.4634572842 1.601263041 0 2.979574578 -0.3205092493 -1.703936799 0 -130.5182194 30.66593369 -3.633505662 1


mesh: pSphereShape2 tranform: pSphere2 0.2471372764 5.791580168 -1.092510619 0 1.954080386 0.3869449831 2.493292924 0 2.370402372 -0.4387497008 -1.78967531 0 -130.9723288 38.35076601 -5.856161391 1


mesh: pSphereShape3 tranform: pSphere3 1.349386592 6.30190784 -1.711026975 0 1.737496728 0.3002764047 2.47621404 0 2.407615394 -0.9431521438 -1.574992093 0 -130.0869448 48.76694152 -8.167150694 1


mesh: pSphereShape4 tranform: pSphere4 0.742679015 0.1219148661 -4.034429257 0 0.8769066544 3.250140708 0.2596403537 0 3.712736123 -1.053772516 0.6516164999 0 -127.9226628 55.0386747 -12.46662292 1


mesh: pSphereShape5 tranform: pSphere5 1.272225251 0.04299909242 -4.045758161 0 0.8456252094 3.015263506 0.2979612945 0 3.671635509 -1.142596337 1.142435267 0 -125.9329879 55.54845683 -18.84150042 1


mesh: pSphereShape6 tranform: pSphere6 0.142027604 -5.691394592 -2.04900329 0 1.565387614 0.6623698219 -1.731319704 0 1.819380386 -0.4806300098 1.461128584 0 -125.4758567 48.90033087 -22.4376052 1


mesh: pSphereShape7 tranform: pSphere7 2.115693411 -5.078047213 -1.524398203 0 1.442766847 1.031561013 -1.433918783 0 1.963409604 0.1850270128 2.108633328 0 -122.7384178 38.84341123 -24.62047749 1


mesh: pSphereShape8 tranform: pSphere8 -0.9705937775 -4.181839936 -0.2212986906 0 0.671632237 -0.1171705833 -0.7315607922 0 1.84345991 -0.5218476498 1.77602779 0 -120.9856103 31.21765705 -26.00060352 1


mesh: pSphereShape10 tranform: pSphere10 1.104889717 -0.3667162287 -4.00030897 0 0.1339132662 3.500652855 -0.2839247745 0 4.882900803 -0.07683328906 1.355706007 0 -125.9027484 65.00499378 -15.97182441 1


mesh: pSphereShape11 tranform: pSphere11 0.264385492 -0.05772446291 -0.9626880066 0 2.53515393 2.904942171 0.5220504347 0 1.850896726 -1.72522533 0.6117640847 0 -124.9833289 60.6708685 -14.66408006 1


mesh: pSphereShape12 tranform: pSphere12 2.003024246 0.08367788054 -6.899739631 0 0.7838757301 3.671696752 0.2720917014 0 5.553773077 -1.303989539 1.596469959 0 -128.1925062 51.09560824 -15.211635 1


mesh: pSphereShape13 tranform: pSphere13 1.423038453 0.2666594143 -4.759290504 0 1.191102127 4.50286757 0.6084344199 0 4.106195579 -1.242663279 1.158136142 0 -128.341595 45.89400761 -15.62051328 1


mesh: pSphereShape14 tranform: pSphere14 1.489139119 0.241650484 -4.799295075 0 1.248086819 5.302808371 0.6542629838 0 4.02451246 -1.094493205 1.193628239 0 -129.1539336 41.59400547 -16.08340315 1


mesh: pSphereShape15 tranform: pSphere15 1.149278294 0.1389462205 -3.24564752 0 1.343537142 8.482485461 0.8388795619 0 3.970764029 -0.7647409682 1.37330225 0 -132.6753729 28.3163179 -13.0927574 1


mesh: pSphereShape16 tranform: pSphere16 0.7645403117 0.10412319 -2.140725618 0 2.583685199 7.712290268 1.297858879 0 1.678296526 -0.657728188 0.5673966724 0 -136.0277904 12.56222711 -14.10062472 1


mesh: pSphereShape17 tranform: pSphere17 0.938878131 0.2890856997 -2.354846042 0 -0.04110937099 2.34624326 0.2716392807 0 5.877672008 -0.1659698925 2.323055558 0 -134.7601861 2.35449676 -13.73019378 1


mesh: pSphereShape18 tranform: pSphere18 1.284254197 0.1181149085 -2.600622545 0 -3.958138759 6.914537667 -1.640586534 0 2.498950261 1.742062311 1.313166686 0 -124.9503658 29.02889621 -18.33592203 1


mesh: pSphereShape19 tranform: pSphere19 0.8420219533 0.02338144144 -1.773078919 0 1.431119532 9.630210256 0.8066207574 0 2.038726249 -0.3836397038 0.9631168646 0 -121.2952785 14.06685931 -17.42970232 1


mesh: pSphereShape20 tranform: pSphere20 0.3368858442 -0.1423907027 -2.595088939 0 0.07878914195 1.856872232 -0.09165712657 0 5.892104251 -0.2116792567 0.7765081351 0 -117.7612926 4.421282639 -16.70107191 1


mesh: pSphereShape21 tranform: pSphere21 1.774716691 0.2879926675 -5.719673175 0 -1.391444935 2.986545041 -0.2813652858 0 5.154988901 2.564589181 1.728635084 0 -131.0810028 38.07643156 -16.95706576 1


