mesh: pSphereShape1 tranform: pSphere1 0.5424190129 3.098095203 -1.105648018 0 1.825314554 -0.1028451412 0.6073011202 0 0.9488523992 -1.260061833 -3.065275642 0 92.79860619 31.2192162 18.40996102 1


mesh: pSphereShape2 tranform: pSphere2 1.503341048 5.460446574 -1.649407784 0 2.719420261 -0.2498797684 1.651356934 0 1.372367929 -1.111289729 -2.428144934 0 93.81080298 38.69514829 15.71437038 1


mesh: pSphereShape3 tranform: pSphere3 1.678570355 5.888763196 -2.63957752 0 2.570859444 -0.005705418555 1.622142391 0 1.424577832 -1.420322391 -2.262743965 0 96.14918124 48.62757298 12.27735518 1


mesh: pSphereShape4 tranform: pSphere4 -1.279990979 -0.09083144184 -3.898259551 0 0.372886162 3.349709531 -0.2004868736 0 3.693565566 -0.4830774851 -1.201523889 0 96.87919235 54.49756986 7.055412235 1


mesh: pSphereShape5 tranform: pSphere5 -0.7628842695 -0.09989982915 -4.170922287 0 0.3183921525 3.126752441 -0.1331260477 0 3.925063995 -0.4298109189 -0.707620842 0 95.52984727 54.7865378 0.5051460899 1


mesh: pSphereShape6 tranform: pSphere6 1.859235392 -5.09083842 -2.690198257 0 0.2517541862 1.198692158 -2.094372704 0 2.253664525 0.5220254268 0.5696776232 0 97.04266494 48.71659217 -3.646572419 1


mesh: pSphereShape7 tranform: pSphere7 4.317115394 -2.614520848 -2.667078438 0 -0.07423090217 1.566618925 -1.655902259 0 1.88660959 1.62915689 1.456742552 0 103.7332851 41.95073497 -7.804033878 1


mesh: pSphereShape8 tranform: pSphere8 2.275296022 -3.625188265 -0.3998108325 0 0.221778894 0.2433343525 -0.9442470625 0 2.139438237 1.251790607 0.8250869223 0 109.5549404 37.36457026 -10.65002916 1


mesh: pSphereShape10 tranform: pSphere10 -2.001982618 0.09887875565 -3.652399557 0 0.2431577455 3.506068873 -0.03836432745 0 4.430862424 -0.3339694959 -2.437721259 0 97.31971368 64.34954895 3.635205728 1


mesh: pSphereShape11 tranform: pSphere11 -0.4037702803 0.06833678137 -0.9123045791 0 2.520404834 2.822853566 -0.9040400081 0 1.681695153 -1.782641639 -0.8778192433 0 98.51379466 59.91775152 3.839643493 1


mesh: pSphereShape12 tranform: pSphere12 -2.009858237 -0.1801406526 -6.895907069 0 0.2066505727 3.755273605 -0.1583280898 0 5.678184917 -0.3818217752 -1.644970704 0 95.9804735 50.35395408 4.780378185 1


mesh: pSphereShape13 tranform: pSphere13 -1.297876073 -0.4552487449 -4.780717316 0 0.08248751113 4.673270376 -0.4674108282 0 4.289073041 -0.1903543364 -1.146277084 0 96.74077281 45.23588009 4.678342946 1


mesh: pSphereShape14 tranform: pSphere14 -1.412752733 -0.2768600454 -4.820439993 0 0.08748296513 5.475601974 -0.3401281235 0 4.162990843 -0.1417928367 -1.211926698 0 96.90702747 40.83130336 4.930979318 1


mesh: pSphereShape15 tranform: pSphere15 -1.737893016 0.1019503201 -2.97383733 0 -2.340427839 8.14074707 1.646816696 0 3.501045467 1.410641415 -1.997630154 0 100.3243556 27.66504353 6.900788307 1


mesh: pSphereShape16 tranform: pSphere16 -1.14654981 0.05183486498 -1.964893478 0 -1.604911402 7.996680881 1.147450364 0 1.590280112 0.4506122485 -0.9160689653 0 105.1126976 12.34816871 4.613834347 1


mesh: pSphereShape17 tranform: pSphere17 -1.376047413 0.3184591343 -2.124956439 0 -0.2911471181 2.283393004 0.5307401024 0 5.266742525 1.414985895 -3.198499564 0 111.0883138 3.047948427 0.9737492624 1


mesh: pSphereShape18 tranform: pSphere18 -0.9943579569 -0.3570204804 -2.703754099 0 0.7031434509 7.996676185 -1.314525407 0 3.103311173 -0.45070133 -1.08178941 0 94.1547295 27.20695378 2.572198177 1


mesh: pSphereShape19 tranform: pSphere19 -0.7019174475 -0.240308949 -1.817393744 0 4.822721516 7.979223324 -2.917711786 0 1.813142293 -1.289593657 -0.5297560403 0 89.70408163 12.10707051 5.813994488 1


mesh: pSphereShape20 tranform: pSphere20 -0.7984343684 -0.2816226865 -2.480210678 0 0.4378512998 1.775809466 -0.3425933796 0 5.488546612 -1.657834926 -1.578640216 0 89.88968005 2.696828437 7.834236954 1


mesh: pSphereShape21 tranform: pSphere21 -1.683681413 -0.3299544933 -5.744873129 0 -1.99566534 2.600456707 0.4355243722 0 4.486263694 3.698670925 -1.527245543 0 95.72313557 36.92938357 5.403874972 1


