mesh: pSphereShape1 tranform: pSphere1 -1.444839268 1.923403046 -2.308209268 0 -0.3911446877 1.32150256 1.346031877 0 3.02688865 1.528478954 -0.6210383635 0 39.81127858 36.3018622 15.8427674 1


mesh: pSphereShape2 tranform: pSphere2 -2.273122284 4.122882092 -3.554126541 0 0.06374738105 2.103400978 2.399230454 0 2.769856699 0.8336568838 -0.8044603686 0 36.50926048 40.98234654 10.23670306 1


mesh: pSphereShape3 tranform: pSphere3 -0.661342267 5.762856674 -3.288557322 0 0.07935228318 1.512983935 2.635389838 0 3.011698703 0.2213548355 -0.2177634102 0 33.58714469 49.18936911 4.335960141 1


mesh: pSphereShape4 tranform: pSphere4 2.946701359 0.1386124571 -2.853207401 0 0.3903943111 3.305982428 0.5637956055 0 2.686456691 -0.7838970486 2.736403839 0 35.55856063 55.03479909 -0.110284451 1


mesh: pSphereShape5 tranform: pSphere5 3.42009082 0.08411970241 -2.506884076 0 0.2621676141 3.100607493 0.461712307 0 2.348681868 -0.6723769185 3.181696843 0 40.8505083 55.63902138 -4.168854992 1


mesh: pSphereShape6 tranform: pSphere6 2.102315897 -5.624756294 -0.7436015237 0 2.237062489 0.8796536802 -0.3292429224 0 0.4066971457 -0.1576319065 2.342177736 0 44.16765678 49.06730543 -5.881713379 1


mesh: pSphereShape7 tranform: pSphere7 3.105693438 -4.721359735 0.8061901189 0 1.913593537 1.219717277 -0.2286195882 0 0.02130415116 0.4995536321 2.843508235 0 48.71980882 39.52105153 -4.552313226 1


mesh: pSphereShape8 tranform: pSphere8 -0.05938904461 -4.270668537 -0.4864913494 0 0.9997850034 -0.01547537637 0.01380071154 0 -0.04039410357 -0.2950949892 2.595425088 0 51.68992719 32.22033212 -3.567568174 1


mesh: pSphereShape10 tranform: pSphere10 3.094573705 0.1917785754 -2.782906484 0 0.2840561873 3.45908104 0.5542444386 0 3.368578689 -0.8672393551 3.686073235 0 39.19804233 64.81400423 -0.08827729373 1


mesh: pSphereShape11 tranform: pSphere11 0.7702911114 0.06179596541 -0.6346911551 0 1.730896767 2.571873074 2.351105356 0 1.189341925 -1.946707657 1.253902512 0 39.13556189 60.3413325 0.609352069 1


mesh: pSphereShape12 tranform: pSphere12 5.808580723 0.1379618883 -4.226922236 0 0.2858166103 3.718042976 0.5141180654 0 3.457743656 -0.9186931814 4.721600585 0 37.13889989 51.05911012 -2.312373699 1


mesh: pSphereShape13 tranform: pSphere13 4.028358786 0.4365911437 -2.885949661 0 0.0690509295 4.628752066 0.7966299996 0 2.606442057 -0.6481594213 3.540152913 0 37.65641055 45.90744272 -2.364017186 1


mesh: pSphereShape14 tranform: pSphere14 4.144560399 0.4922906435 -2.808813364 0 -0.09889460989 5.426553386 0.8051680485 0 2.457744831 -0.4807962227 3.542271817 0 37.80477969 41.54358892 -2.827334343 1


mesh: pSphereShape15 tranform: pSphere15 3.261252731 -0.05668277475 -1.111481966 0 0.4788228393 8.561216225 0.9683367204 0 1.358752459 -0.5299854769 4.013808907 0 33.32617901 27.90416241 -2.122438688 1


mesh: pSphereShape16 tranform: pSphere16 2.157762137 -0.0105593136 -0.7225100413 0 0.9127207164 7.757664206 2.612446176 0 0.5623622356 -0.6348663783 1.688762263 0 31.42981531 12.11081118 -4.539054571 1


mesh: pSphereShape17 tranform: pSphere17 2.498063866 -0.2720156871 0.4427719022 0 0.2456478559 2.348773716 0.05704802724 0 -1.107119103 -0.0353942462 6.224483585 0 29.19635054 1.976377869 -2.940903479 1


mesh: pSphereShape18 tranform: pSphere18 2.002557025 0.1877982462 -2.093082602 0 -2.085145929 7.75457737 -1.299197459 0 2.245893201 0.9786158478 2.236563212 0 42.91456349 28.07898521 -4.529695895 1


mesh: pSphereShape19 tranform: pSphere19 1.334692505 0.1620995164 -1.430271366 0 -1.711238217 9.604840622 -0.5083208818 0 1.628588976 0.3728231176 1.562011238 0 46.95532833 12.15701201 -2.886775648 1


mesh: pSphereShape20 tranform: pSphere20 0.9318161283 0.1002008931 -2.447433814 0 -0.3450291089 1.827660178 -0.05653697577 0 5.447754534 1.093984217 2.118922973 0 52.92441356 3.665075139 0.1623392747 1


mesh: pSphereShape21 tranform: pSphere21 4.939377672 0.586698993 -3.347469617 0 -1.247788737 2.743589303 -1.360322651 0 2.54276609 3.303869325 4.331050171 0 37.30709111 37.78042936 -4.389750611 1


