mesh: pSphereShape1 tranform: pSphere1 -0.9247014391 3.06419605 -0.9330056939 0 1.284815945 -0.04908139749 -1.434574501 0 -2.384044397 -1.355456982 -2.088793945 0 135.9958375 31.5408436 -3.920254869 1


mesh: pSphereShape2 tranform: pSphere2 -1.1506289 5.457721207 -1.919997262 0 2.667173289 -0.05387905302 -1.751556413 0 -1.541097009 -1.138142429 -2.311687314 0 133.5892358 38.93792184 -5.830342988 1


mesh: pSphereShape3 tranform: pSphere3 -2.021128417 5.871167626 -2.43041777 0 2.556991412 0.2050322514 -1.631089657 0 -1.355978101 -1.420671329 -2.304292584 0 130.9080602 48.84420832 -9.099673414 1


mesh: pSphereShape4 tranform: pSphere4 -4.074549687 -0.2588385505 -0.4172556024 0 -0.1720457824 3.348502128 -0.3971482881 0 0.423689524 -0.4368056722 -3.866411527 0 126.1490053 54.57588142 -11.72969433 1


mesh: pSphereShape5 tranform: pSphere5 -4.1086754 -0.2537174978 -1.021263434 0 -0.1146942862 3.127764186 -0.3156158342 0 0.9844720395 -0.3546698536 -3.872546467 0 119.618724 54.61350267 -13.17739152 1


mesh: pSphereShape6 tranform: pSphere6 -1.346793337 -5.147389549 -2.881160749 0 -1.878081712 1.09458746 -1.077649041 0 1.412028134 0.6426088194 -1.808114318 0 116.8292738 48.43500829 -16.35114337 1


mesh: pSphereShape7 tranform: pSphere7 -0.4234568498 -2.465990648 -5.130895284 0 -1.640480632 1.476738922 -0.5743542692 0 1.994306079 1.8125957 -1.035754253 0 116.2971 41.84167102 -24.31127797 1


mesh: pSphereShape8 tranform: pSphere8 0.810989788 -3.473446394 -2.399224116 0 -0.7569167818 0.2424580696 -0.6068698953 0 1.634582732 1.402755219 -1.478296725 0 116.5101913 37.53746075 -30.9735267 1


mesh: pSphereShape10 tranform: pSphere10 -4.075743525 -0.4274041063 0.750582695 0 -0.4196085585 3.476750083 -0.2987540276 0 -0.859018362 -0.530451668 -4.966615635 0 121.808613 64.13025442 -13.69840826 1


mesh: pSphereShape11 tranform: pSphere11 -0.9968621162 -0.05754160231 0.05435885701 0 -0.307728444 2.707977944 -2.776758862 0 0.008414465865 -1.863177689 -1.81795889 0 123.0650882 59.75880369 -14.71959515 1


mesh: pSphereShape12 tranform: pSphere12 -7.0836298 -0.4639473028 -1.110160732 0 -0.2167137716 3.753446563 -0.1858120832 0 0.9315534045 -0.2355939729 -5.845528562 0 123.884567 50.33528159 -11.89884811 1


mesh: pSphereShape13 tranform: pSphere13 -4.866395237 -0.462819002 -0.9224899738 0 -0.3925603869 4.672879416 -0.2735459438 0 0.8438206996 -0.184280219 -4.358938048 0 124.250846 45.21655915 -12.67977946 1


mesh: pSphereShape14 tranform: pSphere14 -4.941545534 0.004535793692 -0.9435415476 0 0.02082898104 5.486190126 -0.08271297844 0 0.8134683275 -0.06732439019 -4.260645608 0 124.4390639 40.82801412 -12.78685738 1


mesh: pSphereShape15 tranform: pSphere15 -3.267714233 -0.4290669065 1.00614102 0 -0.5023196272 8.391526812 1.947132078 0 -1.332579136 0.8412204296 -3.969173192 0 127.8735658 26.94349183 -14.40151237 1


mesh: pSphereShape16 tranform: pSphere16 -2.183648608 -0.1311535942 0.6265358638 0 -1.24940912 7.662425214 -2.750546263 0 -0.4476832998 -0.6845284071 -1.703591825 0 130.0865512 11.71249702 -14.93125092 1


mesh: pSphereShape17 tranform: pSphere17 -2.5050792 -0.1574118792 0.4584345912 0 -0.2360853081 2.296302354 -0.5015920055 0 -1.021379596 -1.431515637 -6.07278421 0 131.1938938 0.7300962005 -16.03685981 1


mesh: pSphereShape18 tranform: pSphere18 -2.745395544 -0.1979336073 -0.9220212543 0 -0.5951762982 8.112585579 0.03062947661 0 1.049954892 0.08890515252 -3.145414257 0 120.4996315 27.56162879 -13.33492262 1


mesh: pSphereShape19 tranform: pSphere19 -1.863744953 -0.110408778 -0.6063177112 0 0.183313664 9.494774038 -2.292455407 0 0.7167818638 -0.5228249826 -2.108092985 0 120.6745578 11.22498771 -11.91278808 1


mesh: pSphereShape20 tranform: pSphere20 -2.455084969 -0.08850745696 -0.9126762918 0 -0.06033596932 1.859735772 -0.01804643393 0 2.071753133 0.01312325521 -5.574256204 0 122.8057271 1.809267304 -14.31443728 1


mesh: pSphereShape21 tranform: pSphere21 -5.889203516 0.005405639182 -1.124487908 0 -0.3882363265 2.568928838 2.045632883 0 0.8792626876 3.785265533 -4.586705731 0 124.1178007 36.90416825 -11.62477648 1


