mesh: pSphereShape1 tranform: pSphere1 1.0871536 3.068104093 0.7209050783 0 -0.7371303796 0.6504687823 -1.656711852 0 -2.979989602 0.681513867 1.593484321 0 -125.8972502 32.42322894 -20.95828153 1


mesh: pSphereShape2 tranform: pSphere2 1.306977325 5.661400838 1.018532258 0 -2.233357125 0.892941846 -2.09748349 0 -2.038886722 0.07441846257 2.202645965 0 -123.2580248 39.74046421 -19.0300555 1


mesh: pSphereShape3 tranform: pSphere3 -0.07393302735 6.440174926 1.726609607 0 -2.064257333 0.55571553 -2.161184556 0 -2.222287709 -0.5562398827 1.979591492 0 -121.7504851 50.04577363 -16.85969614 1


mesh: pSphereShape4 tranform: pSphere4 -0.7017463554 0.1714342097 4.039952617 0 -0.07433665202 3.371932869 -0.1559993844 0 -3.855401732 -0.1157503986 -0.6647777314 0 -122.6358843 56.56478107 -12.53178857 1


mesh: pSphereShape5 tranform: pSphere5 -0.9901417517 0.2029049342 4.119103544 0 -0.07238166853 3.140195081 -0.1720833625 0 -3.899497066 -0.1408705062 -0.9304139829 0 -124.2072163 57.32440441 -6.041310506 1


mesh: pSphereShape6 tranform: pSphere6 -1.012207523 -5.48763383 2.33920277 0 -1.31037379 1.000482192 1.780055054 0 -1.965082358 -0.2050417832 -1.331336219 0 -125.6999706 50.90661347 -2.179331026 1


mesh: pSphereShape7 tranform: pSphere7 -2.566558549 -4.672053204 2.042353559 0 -1.180568329 1.288999845 1.465112691 0 -2.101708599 0.2991809092 -1.956746925 0 -129.7386317 41.46655278 0.8035908981 1


mesh: pSphereShape8 tranform: pSphere8 0.5695210256 -4.140964145 1.003430314 0 -0.8532678233 0.008990662218 0.5213954255 0 -1.317625846 -0.7008010629 -2.144221099 0 -132.2437359 34.18187141 2.721124096 1


mesh: pSphereShape10 tranform: pSphere10 -1.141826402 0.3117611286 3.99459277 0 0.5212200467 3.473691531 -0.1221198779 0 -4.815838755 0.6723672381 -1.429049251 0 -122.7766479 66.72350792 -9.961847483 1


mesh: pSphereShape11 tranform: pSphere11 -0.2498135128 0.06236910785 0.9662832417 0 -2.013320619 3.24832644 -0.7301688448 0 -2.130513516 -1.423653136 -0.4589121186 0 -124.5340277 62.52002553 -10.66917904 1


mesh: pSphereShape12 tranform: pSphere12 -1.399135529 0.2933764199 7.041439138 0 0.1760060407 3.758202349 -0.121610317 0 -5.803970522 0.2341811624 -1.163007226 0 -123.3708511 52.59411328 -9.919125866 1


mesh: pSphereShape13 tranform: pSphere13 -0.8796096176 0.1715418342 4.893245559 0 0.05510799158 4.694440815 -0.1546661535 0 -4.37335659 0.02540827748 -0.7870451326 0 -124.5851266 47.53180644 -9.752226342 1


mesh: pSphereShape14 tranform: pSphere14 -0.8126671419 0.1075052449 4.96358522 0 0.1257233188 5.484533432 -0.09820419681 0 -4.280000372 0.08553100699 -0.7025991391 0 -124.9198023 43.1290643 -9.673872039 1


mesh: pSphereShape15 tranform: pSphere15 0.1430319556 0.3278945049 3.427302368 0 1.450726482 8.461661851 -0.8700815827 0 -4.206049664 0.7319631183 0.1055036252 0 -126.2805581 29.85529116 -12.95594462 1


mesh: pSphereShape16 tranform: pSphere16 0.07138691481 0.3141715304 2.252614005 0 -1.998469827 7.922155148 -1.041568154 0 -1.832337929 -0.4464115089 0.1203289769 0 -126.7483051 14.12018113 -11.96798892 1


mesh: pSphereShape17 tranform: pSphere17 -0.1941697468 0.06148588865 2.543399333 0 -0.6399445642 2.271571734 -0.1037695801 0 -6.066818504 -1.72838622 -0.4213735674 0 -128.5463084 2.608508169 -11.35046971 1


mesh: pSphereShape18 tranform: pSphere18 -0.1447794333 0.3398151774 2.879246804 0 4.331907049 6.859564367 -0.5917565082 0 -2.802834063 1.740151793 -0.3463137359 0 -130.1997942 30.48547544 -5.255083485 1


mesh: pSphereShape19 tranform: pSphere19 -0.05329001387 0.1373429746 1.957461008 0 -4.084004586 8.844497868 -0.7317470444 0 -2.076805085 -0.9580943143 0.0106845302 0 -132.1047569 16.22009208 -3.630783411 1


mesh: pSphereShape20 tranform: pSphere20 0.6325491192 0.3758222003 2.515331603 0 -0.6966621258 1.723504798 -0.08231851066 0 -5.324238307 -2.073377149 1.648714392 0 -132.8145487 5.676112357 -2.277767345 1


mesh: pSphereShape21 tranform: pSphere21 -0.9685152462 0.1281219129 5.915469831 0 2.151449265 2.49340198 0.2982437631 0 -4.460745617 3.94656792 -0.8158171892 0 -123.899939 39.16814224 -9.325757468 1


