mesh: pSphereShape1 tranform: pSphere1 1.376874006 2.965359138 0.6524821561 0 -1.333054293 0.859530492 -1.093315408 0 -2.041215606 0.341140076 2.757000863 0 117.7083926 29.57953637 -30.368757 1


mesh: pSphereShape2 tranform: pSphere2 1.714839322 5.533343558 1.112875691 0 -2.752698151 1.092269049 -1.189229746 0 -1.24334191 -0.1633243503 2.727942901 0 121.0631254 36.6505034 -28.6422086 1


mesh: pSphereShape3 tranform: pSphere3 0.4778411952 6.233744997 2.318316416 0 -2.62958027 0.7045991856 -1.352606507 0 -1.503434626 -0.8140373463 2.498754783 0 123.3094874 46.68847267 -26.02238095 1


mesh: pSphereShape4 tranform: pSphere4 1.519632274 0.1845987655 3.807846614 0 -0.8297537894 3.26825294 0.1726973922 0 -3.506257794 -0.9665941515 1.446133511 0 124.3929151 52.9797833 -21.13156635 1


mesh: pSphereShape5 tranform: pSphere5 0.8881387097 0.1047652288 4.145937649 0 -0.6962915055 3.066874597 0.07166089935 0 -3.820680947 -0.8870808744 0.840878511 0 125.9738729 53.61945524 -14.67744499 1


mesh: pSphereShape6 tranform: pSphere6 1.318168857 -5.132989716 2.919829818 0 -0.8284408152 0.9630808095 2.067075531 0 -2.178278064 -0.8347537694 -0.4840844488 0 127.6853547 47.48750751 -10.28612835 1


mesh: pSphereShape7 tranform: pSphere7 -0.3193625171 -4.733450902 3.174738121 0 -0.898618016 1.209136214 1.712393837 0 -2.648673706 -0.5113642054 -1.02887367 0 127.5959335 37.98834003 -5.361617329 1


mesh: pSphereShape8 tranform: pSphere8 1.902142676 -3.740477048 0.9324673394 0 -0.5361784192 -0.06281831198 0.8417639589 0 -1.877907595 -1.276921586 -1.291463685 0 127.9564533 30.76082745 -2.095800394 1


mesh: pSphereShape10 tranform: pSphere10 1.277072149 -0.004501829715 3.965703014 0 0.03224291837 3.514546339 -0.006393480254 0 -4.823994194 0.04708205189 1.553520414 0 124.629539 63.09574926 -17.85327042 1


mesh: pSphereShape11 tranform: pSphere11 0.2769728532 0.003099320579 0.9608727454 0 -2.392652138 2.99182207 0.6800349751 0 -1.921974028 -1.664207561 0.5593795283 0 123.1644176 58.74508866 -18.08843237 1


mesh: pSphereShape12 tranform: pSphere12 1.457534349 0.1667519456 7.033726075 0 -0.7172032473 3.694827143 0.06102437729 0 -5.689943834 -1.124389593 1.205731165 0 125.9820313 49.05673943 -18.84232508 1


mesh: pSphereShape13 tranform: pSphere13 0.8588293704 0.2678176323 4.892614598 0 -1.241446118 4.530192156 -0.03006060388 0 -4.216460512 -1.150142587 0.8030979167 0 126.1687239 43.84682456 -18.50068193 1


mesh: pSphereShape14 tranform: pSphere14 0.7157994109 0.3652853852 4.966222033 0 -1.27236731 5.333198383 -0.2088870872 0 -4.174490523 -0.9695690843 0.6729999688 0 126.993808 39.53729357 -18.37235654 1


mesh: pSphereShape15 tranform: pSphere15 1.202992923 0.5188558739 3.18715721 0 -2.018891832 8.368102115 -0.6002610553 0 -3.875140269 -0.82041694 1.596232671 0 129.2544012 25.98951775 -21.57393892 1


mesh: pSphereShape16 tranform: pSphere16 0.7103746283 0.450103392 2.114437165 0 -5.501479432 6.105074766 0.548702305 0 -1.276674765 -1.212194087 0.6869582395 0 135.2517679 11.64224889 -21.96027467 1


mesh: pSphereShape17 tranform: pSphere17 1.548993794 1.110912898 1.696128925 0 -1.406433692 1.897510899 0.04161696004 0 -3.327360686 -2.56979902 4.721860356 0 139.6881848 1.697757222 -19.49101059 1


mesh: pSphereShape18 tranform: pSphere18 -0.2112847506 -0.139530149 2.891779329 0 3.844709543 7.141162872 0.6254751178 0 -2.913319868 1.580458129 -0.1366005004 0 124.4678926 26.92951645 -15.08017036 1


mesh: pSphereShape19 tranform: pSphere19 -0.1161437455 -0.1193850495 1.955917778 0 -0.2047984122 9.749765323 0.5829438095 0 -2.282666562 -0.03969921602 -0.137969469 0 120.1446228 11.57293652 -15.80603995 1


mesh: pSphereShape20 tranform: pSphere20 0.6838124607 -0.05581984829 2.529335575 0 0.06717980586 1.85944801 0.02287387963 0 -5.736802218 0.1881342352 1.555111352 0 115.2581923 2.182345264 -15.80207423 1


mesh: pSphereShape21 tranform: pSphere21 0.8530708416 0.4353374789 5.918612316 0 1.453574991 2.939492918 -0.4257203788 0 -5.331467015 2.718732973 0.5684698566 0 129.0189884 35.96734975 -18.30637229 1


