mesh: pSphereShape1 tranform: pSphere1 0.7857927489 3.086384102 0.985714331 0 -1.374135307 0.7155269938 -1.144962128 0 -2.275345298 -0.2441159411 2.57821695 0 118.281936 30.08694523 -31.37148856 1


mesh: pSphereShape2 tranform: pSphere2 0.7469742225 5.6163927 1.641712424 0 -2.795453541 0.7626977453 -1.337309922 0 -1.397565833 -0.5726143904 2.594835046 0 120.3076517 37.42301911 -28.86313462 1


mesh: pSphereShape3 tranform: pSphere3 -0.2478860449 6.067383873 2.754615281 0 -2.605038104 0.558172571 -1.463870427 0 -1.556329905 -1.126050157 2.340212857 0 121.1313087 47.47758529 -25.38480499 1


mesh: pSphereShape4 tranform: pSphere4 1.402439135 -0.07351925826 3.856269464 0 -0.7536285737 3.273928553 0.3364948989 0 -3.573134865 -0.9541930854 1.281277837 0 121.5564556 53.44533699 -20.05252808 1


mesh: pSphereShape5 tranform: pSphere5 0.7282645233 -0.1553787701 4.175410558 0 -0.6685242927 3.065215273 0.2306675933 0 -3.858807823 -0.8897641108 0.6399328519 0 122.8966366 53.6660798 -13.52252142 1


mesh: pSphereShape6 tranform: pSphere6 1.108737361 -5.253160998 2.790261585 0 -0.7484074942 0.957450093 2.0999561 0 -2.22382159 -0.7167529068 -0.4657571682 0 124.3352719 47.33046145 -9.301982629 1


mesh: pSphereShape7 tranform: pSphere7 -0.61942619 -4.769612758 3.074673531 0 -0.8053224417 1.229051442 1.744335316 0 -2.682937495 -0.3094829225 -1.020594679 0 123.7447701 37.75819889 -4.58389842 1


mesh: pSphereShape8 tranform: pSphere8 1.675860115 -3.862943136 0.8648548125 0 -0.5252645517 -0.03754858901 0.8501101424 0 -1.976014064 -1.141895094 -1.27137254 0 123.6595605 30.464776 -1.441499288 1


mesh: pSphereShape10 tranform: pSphere10 1.055697813 -0.1777661709 4.026367501 0 0.1611112403 3.50919657 0.1126900744 0 -4.897276501 0.1833453192 1.292141536 0 121.9506803 63.38513786 -16.37916164 1


mesh: pSphereShape11 tranform: pSphere11 0.2383731571 -0.04702625527 0.9700344166 0 -2.371956151 2.996969823 0.7281668898 0 -1.967974639 -1.655556017 0.4033441714 0 120.313441 59.04665216 -16.78132881 1


mesh: pSphereShape12 tranform: pSphere12 1.43093375 -0.2508870461 7.036689519 0 -0.6143075713 3.704918422 0.2570170917 0 -5.724247208 -1.027340684 1.127415389 0 122.9670435 49.35636805 -17.94438443 1


mesh: pSphereShape13 tranform: pSphere13 0.8011300398 -0.05695960679 4.909372469 0 -1.178013216 4.540598554 0.2449136809 0 -4.241734454 -1.137099655 0.678989456 0 123.0392217 44.12472697 -17.91123424 1


mesh: pSphereShape14 tranform: pSphere14 0.6474273414 0.1754355434 4.985902496 0 -1.292054102 5.332519039 -0.01985642985 0 -4.179009293 -1.010408964 0.5782035497 0 123.8526615 39.79975293 -17.97945719 1


mesh: pSphereShape15 tranform: pSphere15 0.9661089526 0.3869440856 3.285008712 0 -1.041367592 8.537435569 -0.699369727 0 -4.066766815 -0.3942704357 1.242462593 0 124.988344 26.077532 -21.07753064 1


mesh: pSphereShape16 tranform: pSphere16 0.4847832785 0.4370744582 2.179913023 0 -6.506894463 5.030648187 0.4383962982 0 -1.086404981 -1.451629325 0.5326547695 0 130.8335548 12.57214934 -21.33883508 1


mesh: pSphereShape17 tranform: pSphere17 0.7777981297 1.395468255 1.98948762 0 -2.069178747 1.139623845 0.009597677579 0 -2.364124452 -4.325802971 3.958472635 0 137.5256578 3.000306289 -19.29514955 1


mesh: pSphereShape18 tranform: pSphere18 -0.01032412216 -0.1331734054 2.899768241 0 3.438476087 7.363647513 0.3504215433 0 -3.006262911 1.401229942 0.05364895558 0 121.6977274 27.07319837 -14.30028357 1


mesh: pSphereShape19 tranform: pSphere19 0.02391326128 -0.1257873165 1.958816536 0 -1.596380815 9.616934335 0.6370494693 0 -2.256262161 -0.3747628526 0.003478719362 0 118.9126191 11.562357 -14.7487125 1


mesh: pSphereShape20 tranform: pSphere20 0.7160291806 0.0419522683 2.520673721 0 -0.005215801313 1.860560862 -0.02948421365 0 -5.720533606 0.009711917107 1.624828124 0 115.335922 2.041062818 -14.68216077 1


mesh: pSphereShape21 tranform: pSphere21 0.7715868141 0.2090794493 5.942066973 0 1.446684853 2.959153535 -0.291976034 0 -5.350109857 2.674847469 0.6006022148 0 125.8918958 36.23748559 -18.02399089 1


