mesh: pSphereShape1 tranform: pSphere1 -0.03580922239 3.153031885 -1.082579071 0 1.602244206 0.3635622051 1.005883205 0 1.913611092 -0.9116930368 -2.718620948 0 89.34879322 31.55312142 19.39103462 1


mesh: pSphereShape2 tranform: pSphere2 0.5131862502 5.652780179 -1.606167255 0 2.566074523 0.299393234 1.87357717 0 1.76578617 -0.8106688587 -2.288899652 0 89.05735767 39.0901849 16.68830962 1


mesh: pSphereShape3 tranform: pSphere3 1.110184462 6.057978044 -2.555561071 0 2.362643357 0.3595341784 1.878655986 0 1.837180152 -1.213398219 -2.078264131 0 90.01142663 49.24400381 13.32637318 1


mesh: pSphereShape4 tranform: pSphere4 -0.7563708137 -0.243305798 -4.026383025 0 0.3902663135 3.342409596 -0.2752876903 0 3.820265421 -0.5026671357 -0.6872757557 0 90.68074512 55.12085203 8.081094187 1


mesh: pSphereShape5 tranform: pSphere5 -0.1394908016 -0.2447197379 -4.2319286 0 0.3247034906 3.123083158 -0.1913012526 0 3.987823997 -0.421169311 -0.1070897847 0 90.27088662 55.17400123 1.411044043 1


mesh: pSphereShape6 tranform: pSphere6 1.611125365 -5.320898834 -2.388068127 0 0.5661750105 1.106588994 -2.083637861 0 2.228120997 0.3253770126 0.7782374664 0 91.79259866 48.80796997 -2.441257197 1


mesh: pSphereShape7 tranform: pSphere7 3.717147553 -3.63475451 -2.357516853 0 0.3440668078 1.46401092 -1.714674148 0 2.147428002 1.233515923 1.484095087 0 97.66766128 40.77509317 -5.96563055 1


mesh: pSphereShape8 tranform: pSphere8 1.188346583 -4.115233432 -0.3626249317 0 0.3680668589 0.1865515932 -0.910892579 0 2.319219383 0.5767296585 1.055248064 0 102.3343356 34.82226911 -8.396283283 1


mesh: pSphereShape10 tranform: pSphere10 -1.409077451 -0.09525431892 -3.919586877 0 0.1022674877 3.511089776 -0.122091764 0 4.767243028 -0.1982824097 -1.708988117 0 91.25116092 64.89363671 4.409084287 1


mesh: pSphereShape11 tranform: pSphere11 -0.2598325339 0.02020947958 -0.9654421947 0 2.558379677 2.863175429 -0.6286103839 0 1.840933484 -1.761833745 -0.5323365374 0 92.60206214 60.48667322 4.933959299 1


mesh: pSphereShape12 tranform: pSphere12 -0.9552089738 -0.4429360682 -7.10752408 0 0.174766066 3.751415655 -0.2572731931 0 5.864948187 -0.3258917053 -0.7679048129 0 90.13513791 50.89064417 5.857634533 1


mesh: pSphereShape13 tranform: pSphere13 -0.6294162223 -0.5443693911 -4.904537589 0 0.2360524189 4.659325618 -0.5474459972 0 4.402312601 -0.2856861377 -0.5332547932 0 90.89593601 45.7543337 6.005866639 1


mesh: pSphereShape14 tranform: pSphere14 -0.7160749705 -0.3207807181 -4.969255463 0 0.2268825905 5.468574907 -0.3857073447 0 4.290210492 -0.2205940481 -0.6039838476 0 90.94760397 41.35714752 6.348661594 1


mesh: pSphereShape15 tranform: pSphere15 -1.440953895 -0.1423651478 -3.126940759 0 -3.128134678 7.969480901 1.07866499 0 3.556968112 1.62804691 -1.713241345 0 94.67016916 28.51874857 9.025455416 1


mesh: pSphereShape16 tranform: pSphere16 -0.9399232697 0.06228639272 -2.071408784 0 1.40251662 8.106668066 -0.3926423904 0 1.690671491 -0.3301371267 -0.7770868496 0 97.65359301 13.3978042 8.739065066 1


mesh: pSphereShape17 tranform: pSphere17 -0.2541913773 -0.2187495055 -2.529406643 0 0.2305811739 2.340148071 -0.2255540765 0 6.260481435 -0.6719013554 -0.5710360225 0 100.5909807 2.431832174 9.16311505 1


mesh: pSphereShape18 tranform: pSphere18 -0.6664616687 -0.4898554074 -2.782511118 0 0.1256368685 8.005100612 -1.439373936 0 3.228201343 -0.1838739681 -0.7408418903 0 89.55763987 27.65222708 3.934194198 1


mesh: pSphereShape19 tranform: pSphere19 -0.4710562231 -0.3144637764 -1.879514587 0 3.119324856 8.972057708 -2.282911005 0 2.096811449 -0.8274889782 -0.3870684365 0 87.10253891 11.77866262 6.838733072 1


mesh: pSphereShape20 tranform: pSphere20 -0.7427682695 -0.03525162261 -2.513027339 0 0.1628391983 1.852180911 -0.07411147865 0 5.679182316 -0.5661471495 -1.670637939 0 89.1510582 2.307593497 8.166266952 1


mesh: pSphereShape21 tranform: pSphere21 -0.8533992462 -0.3822979915 -5.922227478 0 -1.993450318 2.635749835 0.1171125448 0 4.719481746 3.609974569 -0.9131172707 0 89.64313461 37.4801752 6.691668458 1


