mesh: pSphereShape1 tranform: pSphere1 -0.5938824186 3.057434955 -1.189228734 0 0.6913436336 0.7668872038 1.626374186 0 3.158538572 0.07713629614 -1.379012524 0 -91.9307523 34.75094088 -0.2239956537 1


mesh: pSphereShape2 tranform: pSphere2 -0.3684972454 5.557162134 -1.944020558 0 2.472745512 0.8102992788 1.847595975 0 1.888722587 -0.6580727653 -2.239177001 0 -93.36985601 42.01591515 -3.286474648 1


mesh: pSphereShape3 tranform: pSphere3 1.33911655 5.912185851 -2.777647428 0 2.240686341 0.4356598052 2.007541289 0 1.953597523 -1.331195165 -1.891593005 0 -92.98010581 51.88896396 -7.127814567 1


mesh: pSphereShape4 tranform: pSphere4 0.829429794 -0.3853567015 -4.000825067 0 0.9506759317 3.237720968 -0.1147659601 0 3.671401585 -1.047459589 0.8620260508 0 -90.66129071 57.46649842 -12.36161428 1


mesh: pSphereShape5 tranform: pSphere5 1.408881444 -0.4692896459 -3.972830907 0 0.8724180627 3.021969452 -0.04758454574 0 3.616393556 -1.021928509 1.403193434 0 -88.49341301 57.17003907 -18.68222355 1


mesh: pSphereShape6 tranform: pSphere6 2.135494037 -5.571493754 -1.004331265 0 1.797178582 0.930125614 -1.338527388 0 1.361879458 0.1709629091 1.947332268 0 -86.11367677 50.50634768 -21.05320946 1


mesh: pSphereShape7 tranform: pSphere7 4.228304395 -3.793704031 0.5619285171 0 1.383455909 1.365177075 -1.193381195 0 0.8338383459 1.291355624 2.44390283 0 -79.963794 42.08500537 -20.20141222 1


mesh: pSphereShape8 tranform: pSphere8 0.9926271559 -4.142786895 0.5751684284 0 0.9247929572 0.1746552721 -0.3380140857 0 0.7899698213 0.5271677319 2.433718551 0 -75.09370869 35.98251513 -18.79093708 1


mesh: pSphereShape10 tranform: pSphere10 0.7371409276 -0.2452525417 -4.093190489 0 0.05162434594 3.508572328 -0.2009268479 0 4.987676155 -0.02187327642 0.899539055 0 -88.8555323 67.1730577 -15.84037961 1


mesh: pSphereShape11 tranform: pSphere11 0.2068867332 -0.03951543309 -0.9775665758 0 2.502277128 2.951018408 0.410281182 0 1.919265598 -1.693404466 0.4746338634 0 -87.77558986 62.8408139 -14.68339255 1


mesh: pSphereShape12 tranform: pSphere12 1.760842101 -0.7393994387 -6.926632562 0 0.8161240028 3.670125993 -0.1843065276 0 5.597878784 -1.167078058 1.547637673 0 -90.92653201 53.21994934 -14.60546371 1


mesh: pSphereShape13 tranform: pSphere13 1.14455095 -0.6808584464 -4.793060262 0 1.342636603 4.490148493 -0.3172168603 0 4.133737777 -1.154738293 1.151140715 0 -91.17641308 48.01551082 -14.22604406 1


mesh: pSphereShape14 tranform: pSphere14 1.042509805 -0.5370860046 -4.892226019 0 1.441534459 5.287047563 -0.2732468696 0 4.088058849 -1.063568065 0.9879079453 0 -92.12973979 43.72055023 -13.94279743 1


mesh: pSphereShape15 tranform: pSphere15 0.2852759614 -0.2296115125 -3.426407835 0 -3.161811961 7.989150486 -0.7986176793 0 3.957801264 1.588649852 0.2230596304 0 -90.26223656 31.45484757 -8.976092019 1


mesh: pSphereShape16 tranform: pSphere16 0.1979639657 -0.01468633431 -2.26686221 0 1.074452573 8.165976044 0.04092645674 0 1.866393085 -0.2463988171 0.1645875389 0 -87.32881797 16.27605053 -7.290121993 1


mesh: pSphereShape17 tranform: pSphere17 0.7288569927 0.01968543889 -2.445146731 0 0.3126612733 2.338809074 0.1120283846 0 6.000781167 -0.88754577 1.781586165 0 -84.39479311 5.095453914 -5.803547369 1


mesh: pSphereShape18 tranform: pSphere18 0.3336438158 -0.5072995138 -2.838631115 0 0.5591843152 7.999763287 -1.363934756 0 3.287335228 -0.1590613765 0.4148093855 0 -93.3118449 29.8664765 -16.34993426 1


mesh: pSphereShape19 tranform: pSphere19 0.202479316 -0.3320597769 -1.924082884 0 4.047307724 8.823597322 -1.096868371 0 2.068253545 -0.902276502 0.3733666065 0 -96.80843311 14.11123055 -14.38447266 1


mesh: pSphereShape20 tranform: pSphere20 -0.4103752186 -0.03744663715 -2.588135181 0 0.7902138312 1.678026409 -0.1495751159 0 5.302821302 -2.568832415 -0.8036490251 0 -96.16610898 3.339273316 -13.24000379 1


mesh: pSphereShape21 tranform: pSphere21 1.242435664 -0.6400849218 -5.83042582 0 -1.333103755 2.964134201 -0.6094912047 0 5.358525939 2.586378977 0.8579341719 0 -94.22085495 40.19160648 -14.09772257 1


