mesh: pSphereShape1 tranform: pSphere1 -1.09295545 3.049203482 -0.7890984233 0 0.8448152964 0.7112998403 1.578450078 0 2.884667986 0.5681700359 -1.799962467 0 83.41886405 34.24568654 -11.74606344 1


mesh: pSphereShape2 tranform: pSphere2 -1.240428992 5.622166617 -1.2843814 0 2.559463775 0.9431461832 1.656588856 0 1.678576935 -0.1965568779 -2.481530029 0 80.77830701 41.51526894 -13.84720804 1


mesh: pSphereShape3 tranform: pSphere3 0.3488167237 6.268399794 -2.246773424 0 2.393231706 0.5129885956 1.8027705 0 1.860091319 -0.8970887769 -2.214055094 0 79.59739655 51.67213048 -16.61966227 1


mesh: pSphereShape4 tranform: pSphere4 -0.1335007546 -0.1206447004 -4.100082584 0 0.5828116445 3.323625641 -0.1167741392 0 3.853151947 -0.6793719405 -0.1054700874 0 80.23126448 57.77816139 -21.56768403 1


mesh: pSphereShape5 tranform: pSphere5 0.1642155096 -0.1283730459 -4.236167931 0 0.5022259267 3.104493424 -0.07460988223 0 3.956931959 -0.6359786083 0.1726636245 0 80.52423785 58.01022554 -28.27328941 1


mesh: pSphereShape6 tranform: pSphere6 1.036333868 -5.590259306 -2.070162246 0 1.205552959 0.9240933702 -1.89191268 0 2.026862856 -0.08683002246 1.249133478 0 81.55110377 51.39651433 -31.82344574 1


mesh: pSphereShape7 tranform: pSphere7 3.957994147 -3.917732807 -1.25385963 0 0.8858674894 1.397390121 -1.569827066 0 1.752361666 1.131522454 1.996104282 0 86.92335238 42.73238852 -33.83072008 1


mesh: pSphereShape8 tranform: pSphere8 1.193767409 -4.128362593 0.1017463478 0 0.5474043646 0.1379457179 -0.8254207657 0 2.062401843 0.6326841712 1.473483457 0 91.75889028 36.53450197 -34.92253072 1


mesh: pSphereShape10 tranform: pSphere10 0.08522089713 -0.2023486466 -4.160471891 0 0.06641765539 3.509989356 -0.1693513241 0 5.066225642 -0.09064585173 0.1081825263 0 81.48955 67.62080932 -25.15084032 1


mesh: pSphereShape11 tranform: pSphere11 0.03076346901 -0.02588428576 -0.9991914795 0 2.690970107 2.810126319 0.01005359133 0 1.878445991 -1.799168953 0.104442162 0 82.74217904 63.16291906 -24.26171752 1


mesh: pSphereShape12 tranform: pSphere12 0.1814879483 -0.2343873481 -7.178972056 0 0.2773470321 3.752278122 -0.1154972283 0 5.905980389 -0.4315070674 0.1633944319 0 79.93335845 53.62708228 -23.97104134 1


mesh: pSphereShape13 tranform: pSphere13 0.138655565 -0.2189146794 -4.967881115 0 0.6977306054 4.641514647 -0.1850590701 0 4.392643545 -0.6542816731 0.1514320327 0 80.41862849 48.42041739 -23.9473725 1


mesh: pSphereShape14 tranform: pSphere14 0.07618815685 -0.1004902823 -5.029240555 0 0.8679777764 5.416929968 -0.09508775516 0 4.283000974 -0.6849043232 0.0785685581 0 79.98768712 44.00532446 -23.83974314 1


mesh: pSphereShape15 tranform: pSphere15 -0.2039420688 -0.09548048874 -3.43855574 0 -2.524867307 8.251067651 -0.07936160715 0 4.075838759 1.244569187 -0.2762982876 0 82.50305211 31.1066971 -19.61879437 1


mesh: pSphereShape16 tranform: pSphere16 -0.02218959454 0.2140559064 -2.265338251 0 5.192768738 6.369524023 0.5510032796 0 1.466761765 -1.184852817 -0.1263262087 0 81.37889569 17.12104617 -19.20094752 1


mesh: pSphereShape17 tranform: pSphere17 0.7123689794 -0.4265487749 -2.412664326 0 1.615596052 1.714627782 0.1738858267 0 4.261378494 -4.218489724 2.004035713 0 77.69416503 5.893134353 -18.18569031 1


mesh: pSphereShape18 tranform: pSphere18 -0.05426918319 -0.1825104861 -2.89659151 0 -1.422954675 7.994798959 -0.4770821332 0 3.265481595 0.5753925391 -0.0974352752 0 80.80293892 30.26504132 -27.27905601 1


mesh: pSphereShape19 tranform: pSphere19 -0.07824964239 -0.1540860308 -1.955374901 0 4.316488652 8.721696312 -0.8600167974 0 2.049784554 -1.014670997 -0.00207033538 0 79.2657785 14.68120091 -26.52094593 1


mesh: pSphereShape20 tranform: pSphere20 -0.5813728334 0.165769067 -2.550054908 0 0.9771109719 1.579053213 -0.1201180396 0 4.88601602 -3.12362758 -1.31699039 0 79.31834983 3.551359035 -26.09788479 1


mesh: pSphereShape21 tranform: pSphere21 0.09079903405 -0.1197616656 -5.993716127 0 -1.693576828 2.838969431 -0.0823820877 0 5.162512504 3.080161444 0.01666176405 0 78.23932415 40.2916627 -23.88612881 1


