mesh: pSphereShape1 tranform: pSphere1 1.754192326 2.718834393 0.8035039762 0 -0.774782087 0.9407959655 -1.491905045 0 -2.582946144 1.070577997 2.016492855 0 10.79827027 32.88355651 -27.57869981 1


mesh: pSphereShape2 tranform: pSphere2 2.430288936 5.164913594 1.488092868 0 -2.574421583 1.529350714 -1.103678434 0 -1.272088012 -0.1832038437 2.713388077 0 15.01530005 39.35063278 -25.42602239 1


mesh: pSphereShape3 tranform: pSphere3 0.7130037362 6.000585305 2.819060406 0 -2.545846421 0.9444811619 -1.366498484 0 -1.622488944 -0.926468085 2.382421974 0 18.06223047 48.83979852 -22.06093442 1


mesh: pSphereShape4 tranform: pSphere4 0.1981539584 -0.6067890415 4.054083972 0 -0.8905498269 3.214263503 0.5246181032 0 -3.770672225 -1.049160344 0.02726994031 0 18.216451 54.28700804 -16.55442459 1


mesh: pSphereShape5 tranform: pSphere5 -0.02658469771 -0.6637240906 4.188953174 0 -0.7744476875 3.012108935 0.4723425456 0 -3.88788645 -0.9716095892 -0.1786219482 0 18.06729947 53.66716025 -9.859393062 1


mesh: pSphereShape6 tranform: pSphere6 0.444958794 -5.818848262 1.597991019 0 -1.210911254 0.4701652429 2.049214157 0 -2.057061448 -0.4620077988 -1.109546722 0 18.6183514 46.61839686 -6.920486147 1


mesh: pSphereShape7 tranform: pSphere7 -1.473808586 -5.291377056 1.55426159 0 -1.172364159 0.8448467132 1.764543478 0 -2.361670229 0.1726215463 -1.651745232 0 16.81224004 36.28532517 -4.980412065 1


mesh: pSphereShape8 tranform: pSphere8 1.193643343 -4.115559041 0.3408812091 0 -0.6859606379 -0.1398049037 0.7140816425 0 -1.757069416 -0.6601130199 -1.817113643 0 15.69358914 28.52434059 -3.711448583 1


mesh: pSphereShape10 tranform: pSphere10 -0.4046802663 -0.6990952044 4.087203654 0 0.4719342395 3.424949471 0.6325469545 0 -4.998109335 0.7562126472 -0.3655241352 0 18.47878927 63.68077542 -11.50203432 1


mesh: pSphereShape11 tranform: pSphere11 -0.05553821312 -0.2114052276 0.9758193156 0 -2.160345217 3.185810462 0.567231314 0 -2.160184721 -1.389370259 -0.423944196 0 16.62409396 59.65711234 -12.80071825 1


mesh: pSphereShape12 tranform: pSphere12 -0.04224317899 -1.132177025 7.095203012 0 -0.716619882 3.649938167 0.5781517212 0 -5.815533344 -1.108309536 -0.2114765717 0 19.01051141 49.92905026 -14.68151763 1


mesh: pSphereShape13 tranform: pSphere13 -0.1490316337 -0.6457104392 4.930298103 0 -1.210012723 4.504922219 0.5534239665 0 -4.291657073 -1.118792839 -0.2762528455 0 19.12535505 44.7377316 -15.25847502 1


mesh: pSphereShape14 tranform: pSphere14 -0.2667419516 -0.250043598 5.017518353 0 -1.334932621 5.318444161 0.1940721115 0 -4.201485307 -1.044525365 -0.2754128981 0 19.97588821 40.42256394 -15.58224798 1


mesh: pSphereShape15 tranform: pSphere15 0.1325772265 -0.04028492982 3.443134455 0 0.4838890764 8.615130338 0.08216561191 0 -4.260681758 0.2377200261 0.1668380694 0 20.36452206 26.96747439 -19.69869761 1


mesh: pSphereShape16 tranform: pSphere16 -0.1535940924 0.2454661547 2.257038972 0 -7.383302502 3.540960443 -0.8875423135 0 -0.8277979847 -1.693994358 0.1278991654 0 25.51008504 14.86079757 -19.84909316 1


mesh: pSphereShape17 tranform: pSphere17 -0.6303800585 -0.7783165602 2.34674389 0 -2.251099316 0.5872374281 -0.4099260716 0 -1.110847613 -5.812213471 -2.226062333 0 34.31502108 6.310601887 -20.50510953 1


mesh: pSphereShape18 tranform: pSphere18 -0.1448225168 -0.007757416188 2.899217801 0 2.827578497 7.625476229 0.1616474026 0 -3.105953916 1.154932258 -0.1520592116 0 17.93976243 27.30145171 -11.71894302 1


mesh: pSphereShape19 tranform: pSphere19 -0.05534687494 -0.05852160816 1.961343534 0 -3.78127018 9.006410673 0.1620257456 0 -2.107920001 -0.8834491955 -0.08584302005 0 17.47495136 11.97094479 -11.6048484 1


mesh: pSphereShape20 tranform: pSphere20 0.4200184815 0.2672695055 2.573014822 0 -0.2430646062 1.838643053 -0.1513095025 0 -5.818323718 -0.6851514132 1.020951589 0 16.01308239 2.303199014 -11.54652443 1


mesh: pSphereShape21 tranform: pSphere21 -0.3178960162 -0.2979953592 5.979745916 0 1.437857126 2.969333613 0.2244136636 0 -5.404143026 2.628691085 -0.156297242 0 22.03474461 36.87142327 -15.55543981 1


