mesh: pSphereShape1 tranform: pSphere1 -0.8771077443 3.090608268 -0.8908941302 0 1.377798153 0.002900951879 -1.346413321 0 -2.232165504 -1.292725752 -2.286982456 0 134.5345269 31.46706486 -3.131906129 1


mesh: pSphereShape2 tranform: pSphere2 -1.034202138 5.509296925 -1.837152814 0 2.784211843 0.002529598134 -1.559751324 0 -1.369735347 -1.073034868 -2.446766778 0 132.2319524 38.91396882 -4.977752738 1


mesh: pSphereShape3 tranform: pSphere3 -1.862427409 5.93327536 -2.406264231 0 2.665876349 0.2533713171 -1.438611497 0 -1.183892868 -1.358371821 -2.43309918 0 129.7534161 48.90406663 -8.148427388 1


mesh: pSphereShape4 tranform: pSphere4 -4.022601539 -0.299682943 -0.7562551039 0 -0.1783558243 3.350282655 -0.3789305367 0 0.7477456924 -0.3924562387 -3.821819538 0 125.1800702 54.65312681 -11.00712207 1


mesh: pSphereShape5 tranform: pSphere5 -4.013517637 -0.2900552129 -1.340190008 0 -0.1290527056 3.129604592 -0.2908563816 0 1.286421066 -0.2989788806 -3.787786228 0 118.7825824 54.63228471 -12.96894697 1


mesh: pSphereShape6 tranform: pSphere6 -1.107828844 -5.124324004 -3.020691555 0 -1.786775826 1.102871783 -1.215625788 0 1.551585003 0.6573621783 -1.684192946 0 116.2761534 48.46209077 -16.40482604 1


mesh: pSphereShape7 tranform: pSphere7 -0.0418402787 -2.488327401 -5.137410644 0 -1.588088622 1.478324527 -0.7030992088 0 2.072131849 1.802688956 -0.8900162392 0 116.3577221 41.87056837 -24.40944088 1


mesh: pSphereShape8 tranform: pSphere8 0.9543519817 -3.495344136 -2.313134737 0 -0.7017949108 0.249869331 -0.6671200946 0 1.768377767 1.373483952 -1.345855129 0 117.0595754 37.53324692 -31.01669377 1


mesh: pSphereShape10 tranform: pSphere10 -4.12516754 -0.4401845865 0.3833591381 0 -0.3979516084 3.480373605 -0.2859205125 0 -0.4182346628 -0.4610326654 -5.029820179 0 121.0044359 64.20484249 -13.19697514 1


mesh: pSphereShape11 tranform: pSphere11 -0.9976457689 -0.0598836213 -0.03341963069 0 -0.07299672117 2.751038623 -2.750397988 0 0.1717089586 -1.834214066 -1.839198527 0 122.3497473 59.85318371 -14.16265043 1


mesh: pSphereShape12 tranform: pSphere12 -6.956003328 -0.5294829597 -1.720226899 0 -0.2444609863 3.752646335 -0.1665424802 0 1.433224446 -0.1616294627 -5.745715277 0 122.9881842 50.38971359 -11.40444137 1


mesh: pSphereShape13 tranform: pSphere13 -4.767711886 -0.4898487996 -1.332652732 0 -0.4029016538 4.671864726 -0.2758320421 0 1.209662393 -0.1479794579 -4.27330697 0 123.4690699 45.27915877 -12.19401963 1


mesh: pSphereShape14 tranform: pSphere14 -4.846434797 -0.03037449286 -1.349188884 0 -0.02040271926 5.486585268 -0.05023151117 0 1.163602473 -0.03393331738 -4.179024061 0 123.7000307 40.89230708 -12.31108239 1


mesh: pSphereShape15 tranform: pSphere15 -3.397919175 -0.3990017612 0.4114818864 0 -0.6568039464 8.218810681 2.545806382 0 -0.6315936158 1.203561321 -4.048491626 0 127.4218648 27.29830269 -14.27142671 1


mesh: pSphereShape16 tranform: pSphere16 -2.264267561 -0.05955138644 0.2182103152 0 -0.5257328731 7.476757889 -3.414818366 0 -0.143998302 -0.7911805923 -1.710123488 0 129.3117282 12.4594662 -14.73418376 1


mesh: pSphereShape17 tranform: pSphere17 -2.513012118 -0.333721431 -0.2894178165 0 -0.2185927664 2.247556995 -0.6935705217 0 0.925083346 -1.761849776 -6.000938888 0 131.0008922 1.472195394 -14.86208265 1


mesh: pSphereShape18 tranform: pSphere18 -2.695690714 -0.2567525322 -1.045861994 0 -0.764009232 8.098465927 -0.01890215174 0 1.190552298 0.105094177 -3.094427361 0 120.0495254 27.56852222 -13.18489187 1


mesh: pSphereShape19 tranform: pSphere19 -1.83139771 -0.1503638747 -0.6904561171 0 0.09215841381 9.491490274 -2.311451696 0 0.8230547201 -0.5124631962 -2.071506852 0 120.4970455 11.24235017 -11.70853809 1


mesh: pSphereShape20 tranform: pSphere20 -2.446433553 -0.05560431767 -0.9381496787 0 -0.032765455 1.860347719 -0.02481998088 0 2.129958026 -0.0365607699 -5.552171432 0 122.7738011 1.785944593 -14.06066248 1


mesh: pSphereShape21 tranform: pSphere21 -5.77585305 -0.03619951874 -1.607927694 0 -0.5785451552 2.552780034 2.020726679 0 1.222427394 3.821034047 -4.477117105 0 123.318105 36.95874464 -11.2013853 1


