mesh: pSphereShape1 tranform: pSphere1 -2.093505524 1.830085429 -1.839263917 0 -0.241487834 1.210337299 1.479166064 0 2.647868436 1.900533409 -1.122834346 0 151.5177014 36.31734085 -8.167385019 1


mesh: pSphereShape2 tranform: pSphere2 -3.246993411 3.970085334 -2.914191717 0 0.7772412539 2.219381588 2.157523483 0 2.397579972 0.7560285681 -1.641425447 0 146.6660931 40.783216 -12.72481039 1


mesh: pSphereShape3 tranform: pSphere3 -1.272150286 5.797639877 -3.038339253 0 0.9153300564 1.500598572 2.480135396 0 2.828775018 0.05586697599 -1.07780273 0 142.3995487 48.8895235 -17.72052245 1


mesh: pSphereShape4 tranform: pSphere4 1.788440705 -0.2344442783 -3.686403466 0 0.4348331714 3.348239718 -0.001980873998 0 3.486570282 -0.451780336 1.720224491 0 143.062179 54.51069906 -22.84876428 1


mesh: pSphereShape5 tranform: pSphere5 2.563742635 -0.1962240247 -3.373023116 0 0.3006217831 3.130999067 0.04635000671 0 3.172536119 -0.3406000097 2.431172196 0 146.8335674 54.62316058 -28.3276964 1


mesh: pSphereShape6 tranform: pSphere6 2.65463311 -5.307916362 -1.178772952 0 1.918757217 1.164298704 -0.9216394916 0 1.016640885 0.02999657676 2.154434601 0 150.3643101 48.26007533 -30.65310361 1


mesh: pSphereShape7 tranform: pSphere7 4.124682994 -3.919614703 0.4583915041 0 1.522833017 1.512221449 -0.771999525 0 0.5172958374 0.8609153196 2.706801915 0 156.6923941 39.81109672 -30.01784676 1


mesh: pSphereShape8 tranform: pSphere8 0.6459110011 -4.243637007 0.2305527722 0 0.8843046266 0.1099437799 -0.4537815473 0 1.154896359 0.3020317904 2.323776091 0 161.3123146 33.38505078 -29.27433663 1


mesh: pSphereShape10 tranform: pSphere10 3.352414529 0.2832897009 -2.45739653 0 -0.4652120845 3.475912007 -0.2339442054 0 2.933455112 0.6671292939 4.078767215 0 144.231782 64.41887971 -25.50352479 1


mesh: pSphereShape11 tranform: pSphere11 0.7305571506 -0.01331112549 -0.6827218055 0 1.50758664 3.234569995 1.550151796 0 1.463685064 -1.446329373 1.594438398 0 145.4337047 60.21298378 -24.03981829 1


mesh: pSphereShape12 tranform: pSphere12 3.910677269 -0.3770468079 -6.015808682 0 0.1845758612 3.757982484 -0.1155486671 0 4.961161814 -0.1442294514 3.234126119 0 144.0458655 50.28588722 -24.92902239 1


mesh: pSphereShape13 tranform: pSphere13 2.755172654 -0.2495033756 -4.134460484 0 0.4278340173 4.677786144 0.002813704866 0 3.677698574 -0.3378516404 2.471178454 0 144.6632366 45.12986823 -24.42372843 1


mesh: pSphereShape14 tranform: pSphere14 2.819632648 -0.1032281508 -4.165114545 0 0.3396436104 5.475520245 0.09422127016 0 3.582674277 -0.2640786251 2.431886469 0 144.5464277 40.72035473 -24.32199591 1


mesh: pSphereShape15 tranform: pSphere15 2.011306866 -0.1291479322 -2.795056346 0 -1.252968668 8.439387758 -1.291578242 0 3.411745152 0.8760642678 2.414593384 0 143.5378724 27.50105225 -19.39878733 1


mesh: pSphereShape16 tranform: pSphere16 1.436031597 0.1841144308 -1.755558267 0 4.20428113 5.811422763 4.0485397 0 1.103840492 -1.330403052 0.763405835 0 141.270856 13.74842877 -20.45518903 1


mesh: pSphereShape17 tranform: pSphere17 2.025481787 -0.9043211849 -1.260947777 0 1.300466707 1.804971998 0.7944795424 0 1.633697709 -3.407953237 5.068337784 0 136.7954854 3.685231272 -21.60304804 1


mesh: pSphereShape18 tranform: pSphere18 1.450408193 0.169905841 -2.50877374 0 -3.032052585 7.444221424 -1.248776308 0 2.593827721 1.323060887 1.589184663 0 149.7283499 27.53215002 -26.35121009 1


mesh: pSphereShape19 tranform: pSphere19 0.95358669 0.07809290498 -1.714039217 0 1.528607614 9.562894587 1.286116485 0 1.966884175 -0.4587576348 1.073352836 0 152.3011983 12.01311806 -26.22150917 1


mesh: pSphereShape20 tranform: pSphere20 0.6695985541 0.2214171135 -2.524057453 0 0.07019616818 1.850650426 0.1809661375 0 5.745060507 -0.3638254786 1.492171669 0 155.5410191 2.208042091 -25.48139443 1


mesh: pSphereShape21 tranform: pSphere21 3.360363754 -0.123024585 -4.963873561 0 -1.595272818 2.660228486 -1.145873357 0 4.046726798 3.568638264 2.651043314 0 143.4130996 36.85389442 -25.10701841 1


