mesh: pSphereShape1 tranform: pSphere1 1.365470646 2.814174716 1.153594555 0 -1.735770713 0.8354599747 0.01648206446 0 -0.4924157656 -1.086859582 3.234231659 0 55.68691208 33.92704541 -23.04026866 1


mesh: pSphereShape2 tranform: pSphere2 1.778935554 5.199666415 2.143808433 0 -3.00798821 1.062978895 -0.08215215705 0 -0.431564537 -1.005139888 2.79601364 0 59.15512035 40.59984095 -20.27443209 1


mesh: pSphereShape3 tranform: pSphere3 1.574480781 5.477664618 3.461025933 0 -2.86640308 0.981092933 -0.2487705968 0 -0.7107345479 -1.423331854 2.575991223 0 62.30219469 49.83854167 -15.87338387 1


mesh: pSphereShape4 tranform: pSphere4 3.029229908 -0.3301372199 2.749150845 0 -0.1142369564 3.333154034 0.5261436323 0 -2.63737585 -0.538902547 2.841352278 0 65.73802115 55.22199488 -10.65137539 1


mesh: pSphereShape5 tranform: pSphere5 3.037856067 -0.3467487625 2.939347023 0 -0.07115133366 3.113879357 0.4408738791 0 -2.797853357 -0.4655599743 2.836699234 0 70.5021781 55.11727788 -5.894951087 1


mesh: pSphereShape6 tranform: pSphere6 3.281884543 -5.070775743 0.3564069775 0 1.011398411 0.7990686568 2.055529766 0 -1.737766232 -1.036296017 1.25789746 0 74.77166472 48.82167611 -4.446943444 1


mesh: pSphereShape7 tranform: pSphere7 2.572648896 -4.828537124 1.628870434 0 0.6915066997 1.016483841 1.921040463 0 -2.424106711 -0.8461644471 1.3203254 0 79.01353673 39.20380637 -2.338154793 1


mesh: pSphereShape8 tranform: pSphere8 2.105460931 -3.458059167 -1.444877749 0 0.5828793113 0.01544032414 0.812412029 0 -1.693786941 -1.551353652 1.244721561 0 82.64427779 32.18982143 -1.433864212 1


mesh: pSphereShape10 tranform: pSphere10 3.898417199 -0.2108421874 1.454518083 0 0.1919856478 3.509447793 -0.00584420524 0 -1.76632768 0.104536494 4.749286371 0 68.28775622 64.99138846 -7.726951959 1


mesh: pSphereShape11 tranform: pSphere11 0.8639916052 -0.00241082374 0.503500441 0 -1.259327353 2.969996711 2.175188561 0 -1.004015755 -1.681623887 1.714808995 0 66.6141102 60.63724889 -6.916058784 1


mesh: pSphereShape12 tranform: pSphere12 4.835811755 -0.5749082757 5.282984028 0 0.0822969256 3.748659917 0.332608079 0 -4.379525454 -0.2570630022 3.980851147 0 67.43974721 50.94645908 -9.25390239 1


mesh: pSphereShape13 tranform: pSphere13 3.190560487 -0.4043869705 3.795232106 0 -0.05214289752 4.665764283 0.5409786002 0 -3.408994732 -0.3658638912 2.826876724 0 66.72927889 45.79145581 -8.96288419 1


mesh: pSphereShape14 tranform: pSphere14 3.119585209 -0.1034533975 3.94545929 0 -0.2448858909 5.471011339 0.3370804301 0 -3.397867744 -0.317106475 2.67830218 0 66.65012392 41.38203383 -9.189703251 1


mesh: pSphereShape15 tranform: pSphere15 2.154059338 -0.4863478144 2.645348492 0 3.169121881 7.947642342 -1.119382988 0 -2.941318725 1.550327087 2.68009046 0 61.04717709 28.60977577 -11.18472314 1


mesh: pSphereShape16 tranform: pSphere16 1.386604931 -0.07040898315 1.802897401 0 -2.880128627 7.300216072 2.500198483 0 -1.344810015 -0.8731120627 1.000192948 0 59.19705108 14.28588863 -12.39917028 1


mesh: pSphereShape17 tranform: pSphere17 0.6795737891 -0.752125155 2.341548587 0 -0.4911072997 2.154657615 0.8346253635 0 -5.950476773 -1.801136541 1.14843141 0 58.25320828 3.533676049 -15.0881574 1


mesh: pSphereShape18 tranform: pSphere18 1.466762284 -0.2364186702 2.493834841 0 1.613611581 7.970448806 -0.1934457296 0 -2.785945542 0.6051737432 1.695939983 0 67.69010488 27.77741206 -5.95872813 1


mesh: pSphereShape19 tranform: pSphere19 1.018454114 -0.1719424581 1.669294319 0 -2.078744531 9.282804531 2.224421486 0 -1.893725678 -0.6840494794 1.084922855 0 67.54358642 11.78493557 -6.985072053 1


mesh: pSphereShape20 tranform: pSphere20 1.649840513 0.06953921423 2.035053898 0 -0.1078832959 1.857516875 0.02398952105 0 -4.607639386 -0.3159908521 3.746261411 0 65.16690373 2.232812065 -6.402692151 1


mesh: pSphereShape21 tranform: pSphere21 3.717839299 -0.1232930281 4.702094226 0 1.548686496 2.684079975 -1.154132373 0 -3.783684276 3.509106198 3.083685211 0 67.77783884 37.53275199 -10.06234107 1


