mesh: pSphereShape1 tranform: pSphere1 1.63737238 2.896047886 0.2163056706 0 -1.049842515 0.7022067441 -1.454613824 0 -2.34266716 1.156517241 2.249082015 0 53.53160973 33.13769267 -29.3572036 1


mesh: pSphereShape2 tranform: pSphere2 2.001279333 5.529859238 0.4610802223 0 -2.757987881 1.095970933 -1.173463566 0 -1.115505439 0.1717294999 2.782157977 0 57.32660707 40.1556942 -28.57873714 1


mesh: pSphereShape3 tranform: pSphere3 0.4462390337 6.428305223 1.714719391 0 -2.681063723 0.540082113 -1.326991107 0 -1.412485069 -0.5982373505 2.610315297 0 59.7686244 50.30260206 -27.04440054 1


mesh: pSphereShape4 tranform: pSphere4 1.01178699 0.4869200148 3.947435974 0 -0.7171824975 3.291816931 -0.2222241561 0 -3.700964499 -0.7361536935 1.039417922 0 60.41523968 56.99873605 -22.69745434 1


mesh: pSphereShape5 tranform: pSphere5 0.5698192408 0.4843363249 4.174840053 0 -0.6671458048 3.062802018 -0.2642673116 0 -3.882959919 -0.7921367693 0.6218791264 0 61.352426 58.193815 -16.17472202 1


mesh: pSphereShape6 tranform: pSphere6 -0.9816731232 -4.89486225 3.418654729 0 -1.286528516 1.345030726 1.556398666 0 -1.98259836 -0.4658184618 -1.236270131 0 60.72408563 52.48529198 -11.24534116 1


mesh: pSphereShape7 tranform: pSphere7 -4.517545626 -3.108453884 1.586129869 0 -0.8439829855 1.798323566 1.120509905 0 -1.404903594 0.8256522868 -2.383294143 0 54.94181723 44.95576073 -7.724514785 1


mesh: pSphereShape8 tranform: pSphere8 -1.782989126 -3.854086588 0.6676653296 0 -0.6789064894 0.4185776211 0.6032236349 0 -1.582745929 0.3781670007 -2.043734122 0 49.21227493 39.73338345 -6.093710343 1


mesh: pSphereShape10 tranform: pSphere10 0.2453006032 0.161417766 4.155900126 0 0.5844225455 3.461650374 -0.1689480141 0 -4.988718555 0.8549844229 0.2612492992 0 61.60761602 67.37417357 -20.09039036 1


mesh: pSphereShape11 tranform: pSphere11 0.1044007695 0.04371067983 0.993574283 0 -2.053081885 3.304260098 0.07036401276 0 -2.194481453 -1.369721229 0.290845892 0 59.53334999 63.22565709 -20.30904427 1


mesh: pSphereShape12 tranform: pSphere12 1.21852949 0.8123909363 7.034253474 0 -0.5052622409 3.714560439 -0.3414716716 0 -5.783762495 -0.6873188575 1.081288413 0 61.48674444 53.25504676 -19.87517851 1


mesh: pSphereShape13 tranform: pSphere13 0.8869299386 0.5586622798 4.862945971 0 -0.9776210871 4.581253968 -0.3479973632 0 -4.273561346 -0.8453767468 0.876552943 0 61.37290735 48.08976075 -19.06319317 1


mesh: pSphereShape14 tranform: pSphere14 0.9266393213 0.4953949601 4.919866553 0 -1.130841683 5.359110461 -0.3266336446 0 -4.169110997 -0.8268025827 0.8684902267 0 62.04286882 43.72409922 -18.71966785 1


mesh: pSphereShape15 tranform: pSphere15 0.9356432092 0.216138762 3.3094154 0 0.1826057961 8.605316332 -0.613642002 0 -4.109139158 0.1692515859 1.150688523 0 61.48118524 30.1288508 -21.97202445 1


mesh: pSphereShape16 tranform: pSphere16 0.5820452968 0.235854779 2.187159229 0 -3.092157458 7.63399307 -0.0003374436746 0 -1.683519797 -0.6818885286 0.5215493379 0 63.11441204 14.43452519 -21.96840879 1


mesh: pSphereShape17 tranform: pSphere17 0.06496615958 0.1222980918 2.547780435 0 -1.182166993 2.044063594 -0.06797454958 0 -5.471290229 -3.154599617 0.2909396027 0 63.22679727 2.356804597 -22.00944705 1


mesh: pSphereShape18 tranform: pSphere18 0.5784573018 0.07921201454 2.843520741 0 2.312678912 7.768457876 -0.6868742589 0 -3.110872127 0.9796523594 0.6055543873 0 61.09270713 30.40542146 -14.00864044 1


mesh: pSphereShape19 tranform: pSphere19 0.4855921522 -0.04751841056 1.901393904 0 -7.658964322 5.690121399 2.09820726 0 -1.302246426 -1.858348564 0.2861347528 0 64.25364692 17.44868581 -14.38641253 1


mesh: pSphereShape20 tranform: pSphere20 0.9837948107 0.9560739864 2.233007857 0 -1.483087657 1.109611313 0.1783170752 0 -2.813604284 -4.252409623 3.060279207 0 69.07438471 7.977775051 -14.51537436 1


mesh: pSphereShape21 tranform: pSphere21 1.104344281 0.5903986356 5.863367078 0 1.516364345 2.881644216 -0.5757625372 0 -5.226255889 2.888693074 0.6934761712 0 63.96889615 40.1004323 -18.62135608 1


