mesh: pSphereShape1 tranform: pSphere1 0.2151676757 3.106011975 1.192167058 0 -1.322543482 0.5808505293 -1.274620098 0 -2.496679386 -0.6990852599 2.271973438 0 116.623264 31.59364618 -30.32268082 1


mesh: pSphereShape2 tranform: pSphere2 -0.2319281648 5.625305808 1.760454778 0 -2.317195419 0.5678097201 -2.119637632 0 -2.06105967 -0.7289937587 2.057874524 0 117.245859 38.99904076 -27.32499779 1


mesh: pSphereShape3 tranform: pSphere3 -1.086414219 6.03488325 2.619616041 0 -2.104539848 0.5436025567 -2.125112952 0 -2.128324341 -1.168334589 1.808860894 0 116.5791507 49.07619364 -23.72544222 1


mesh: pSphereShape4 tranform: pSphere4 0.113033325 -0.1878419877 4.098169548 0 -0.5545068157 3.32628517 0.1677563017 0 -3.859356116 -0.6472444294 0.07677968667 0 115.3817611 54.96875702 -18.44233047 1


mesh: pSphereShape5 tranform: pSphere5 -0.655322046 -0.2118921511 4.184999384 0 -0.4343829972 3.114313563 0.08966258087 0 -3.924359973 -0.5289048984 -0.6412881239 0 114.6084919 55.08545481 -11.82123444 1


mesh: pSphereShape6 tranform: pSphere6 -1.463035458 -5.471620241 2.128722132 0 -1.07713211 1.03236795 1.913280668 0 -2.055598206 0.08216350954 -1.201587329 0 112.9603963 48.56779249 -8.228184698 1


mesh: pSphereShape7 tranform: pSphere7 -3.813599915 -3.934426393 1.601017376 0 -0.8064616328 1.427030464 1.585881794 0 -1.890279438 1.054828268 -1.910426065 0 107.3015318 40.02459712 -5.818092117 1


mesh: pSphereShape8 tranform: pSphere8 -0.9270448486 -4.197182407 -0.05530219631 0 -0.5194017306 0.1035455403 0.8482335547 0 -2.160164092 0.4953474184 -1.383208643 0 102.7431924 33.68157183 -4.36708488 1


mesh: pSphereShape10 tranform: pSphere10 0.3728716937 -0.1510492025 4.146792106 0 0.193954272 3.50760976 0.1103266301 0 -5.040098643 0.2641364455 0.4628174424 0 114.9576578 64.85864187 -14.85860038 1


mesh: pSphereShape11 tranform: pSphere11 0.03226315742 -0.01729061364 0.9993298371 0 -2.412084347 3.050083872 0.1306468335 0 -2.040829774 -1.615565289 0.03793491962 0 113.3494601 60.54691538 -15.6269903 1


mesh: pSphereShape12 tranform: pSphere12 -0.4913722474 -0.3576338987 7.159341199 0 -0.3440298414 3.744966719 0.1634620141 0 -5.885256716 -0.5218780178 -0.4299967 0 115.7129104 50.7771486 -16.10506892 1


mesh: pSphereShape13 tranform: pSphere13 -0.4100945753 -0.363656022 4.944347127 0 -0.8878151441 4.605025476 0.2650617034 0 -4.348188584 -0.8140938148 -0.420524412 0 115.3712242 45.55107533 -16.26755686 1


mesh: pSphereShape14 tranform: pSphere14 -0.4658163065 -0.133101159 5.007440738 0 -0.9151891023 5.409671487 0.05865741658 0 -4.258455429 -0.7159287023 -0.4151719467 0 115.894857 41.17778562 -16.42354801 1


mesh: pSphereShape15 tranform: pSphere15 0.4116285409 -0.1158824113 3.419284674 0 2.965551315 8.103091298 -0.08238559495 0 -3.977874913 1.461186092 0.5283949089 0 113.3749014 28.27884479 -20.13583537 1


mesh: pSphereShape16 tranform: pSphere16 0.1735530757 0.2070496629 2.259442291 0 -4.886475524 6.62630202 -0.2318761338 0 -1.514421958 -1.109162308 0.2179671827 0 113.7333166 14.26693341 -20.61390791 1


mesh: pSphereShape17 tranform: pSphere17 -0.04264933933 0.07736791245 2.550011335 0 -1.405379284 1.897016994 -0.0810611074 0 -5.0806194 -3.762660769 0.02918581071 0 116.3296311 2.956686541 -20.59789179 1


mesh: pSphereShape18 tranform: pSphere18 -0.09294126278 -0.2990891034 2.885897647 0 0.3711928371 8.081446798 0.8495006089 0 -3.312060766 0.1615800323 -0.08992012702 0 115.8607865 27.52740883 -13.14252173 1


mesh: pSphereShape19 tranform: pSphere19 -0.03697346328 -0.1966132338 1.952775644 0 -3.241752135 9.175344388 0.8624315513 0 -2.157153745 -0.7511984538 -0.1164767713 0 117.7364137 11.45965027 -14.33065671 1


mesh: pSphereShape20 tranform: pSphere20 0.5159638678 0.1427658317 2.565473249 0 -0.1295072342 1.854685065 -0.07716494512 0 -5.815720445 -0.3566053957 1.189493082 0 115.7081067 1.938068408 -14.81917366 1


mesh: pSphereShape21 tranform: pSphere21 -0.555147577 -0.1586264476 5.96773568 0 1.659748171 2.850788103 0.2301736603 0 -5.169613353 3.042083476 -0.4000417511 0 117.6633998 37.47688659 -16.26288925 1


