mesh: pSphereShape1 tranform: pSphere1 0.9519593546 3.047524413 0.9598115182 0 -1.713672816 0.7023234191 -0.5303133872 0 -1.22929198 -0.6118793367 3.162030418 0 66.68214774 31.69380862 -23.91639359 1


mesh: pSphereShape2 tranform: pSphere2 1.003923929 5.57070766 1.660243971 0 -2.978166418 0.7856844117 -0.8353986909 0 -0.9502423488 -0.654814807 2.771732935 0 69.13084524 38.94563678 -21.54444585 1


mesh: pSphereShape3 tranform: pSphere3 0.5448071334 6.005459723 2.846074245 0 -2.799281623 0.7053401484 -0.9524780529 0 -1.154246135 -1.112501809 2.568424328 0 70.80437121 48.92311263 -18.03091118 1


mesh: pSphereShape4 tranform: pSphere4 2.212046947 -0.3246714725 3.441582707 0 -0.2210732423 3.337975366 0.4569902576 0 -3.28682976 -0.5004482467 2.065369648 0 72.68853966 54.69811277 -12.85754167 1


mesh: pSphereShape5 tranform: pSphere5 2.136624711 -0.3350285778 3.64844567 0 -0.1136715928 3.123756143 0.3534165584 0 -3.462200464 -0.3517273498 1.99525634 0 76.04336079 54.61693607 -7.025109103 1


mesh: pSphereShape6 tranform: pSphere6 1.553559112 -5.744573385 1.094024424 0 0.2169809242 0.5085857476 2.362392833 0 -2.292696648 -0.5570911782 0.3305123772 0 78.25433196 47.7037523 -4.619419353 1


mesh: pSphereShape7 tranform: pSphere7 0.3141119669 -5.318598475 2.049476988 0 0.04801260494 0.8223740881 2.126784668 0 -2.882119749 -0.1263214121 0.1139097609 0 78.7266217 37.33458869 -1.987898111 1


mesh: pSphereShape8 tranform: pSphere8 1.519353396 -3.909242537 -0.9424429362 0 0.04017516804 -0.2193932837 0.9748089777 0 -2.441584229 -0.9231106714 -0.1071319891 0 79.52197778 29.54755664 -0.6051436182 1


mesh: pSphereShape10 tranform: pSphere10 3.498816318 -0.3162129332 2.23964901 0 0.2521860765 3.504191985 0.1007827858 0 -2.727382339 0.07344102098 4.271130339 0 74.67055762 64.4371675 -9.285661777 1


mesh: pSphereShape11 tranform: pSphere11 0.7256637629 -0.02114083062 0.6877246313 0 -1.640795533 3.019692291 1.824138044 0 -1.415247442 -1.64061716 1.442888228 0 72.77139065 60.15966148 -8.991339999 1


mesh: pSphereShape12 tranform: pSphere12 3.216180773 -0.5598948707 6.400641691 0 -0.003903566742 3.749793868 0.3299739356 0 -5.297361626 -0.2379165986 2.640995254 0 73.95741522 50.42386258 -11.05183051 1


mesh: pSphereShape13 tranform: pSphere13 2.030700834 -0.1626817217 4.53836761 0 -0.2230269968 4.684370166 0.2677091449 0 -4.051094164 -0.2958631197 1.802063975 0 73.20117455 45.281659 -10.83600638 1


mesh: pSphereShape14 tranform: pSphere14 1.854657801 0.1231547967 4.674851958 0 -0.3603476538 5.475007336 -0.001273158677 0 -4.022494612 -0.2643751455 1.60281227 0 73.20572344 40.86294694 -10.87513196 1


mesh: pSphereShape15 tranform: pSphere15 1.10083715 -0.0605646892 3.264791564 0 0.5749652137 8.609855946 -0.03414913806 0 -4.036771733 0.2749940529 1.366238282 0 71.29981685 27.14467641 -14.67380623 1


mesh: pSphereShape16 tranform: pSphere16 0.5395189637 0.214590839 2.200213571 0 -6.724088617 4.602841515 1.199904289 0 -0.9951532514 -1.556976215 0.3958783341 0 75.58341687 14.14224513 -16.2675938 1


mesh: pSphereShape17 tranform: pSphere17 0.04099573007 -0.1231970867 2.548235546 0 -2.172695542 0.9237914956 0.07961574087 0 -2.479476325 -5.810788131 -0.241039031 0 82.52340589 4.192563467 -18.13243598 1


mesh: pSphereShape18 tranform: pSphere18 1.095162944 -0.1563708577 2.683777911 0 2.710061083 7.641223773 -0.660670822 0 -2.866412459 1.123403491 1.235145524 0 72.07296634 27.57023686 -6.444126765 1


mesh: pSphereShape19 tranform: pSphere19 0.7670681653 -0.1221811159 1.802785267 0 -1.004167083 9.657179876 1.081764784 0 -2.092158497 -0.3148716463 0.8688537892 0 69.82263673 11.69867208 -6.072657837 1


mesh: pSphereShape20 tranform: pSphere20 1.696943907 0.2373656373 1.983000938 0 -0.07044524299 1.852445149 -0.1614548896 0 -4.526236161 0.1637552279 3.853704184 0 66.4360955 2.224851729 -4.348885213 1


mesh: pSphereShape21 tranform: pSphere21 2.210332206 0.1467726356 5.571365153 0 1.80081695 2.66013642 -0.7845184827 0 -4.52875841 3.56796252 1.702703206 0 74.5569801 37.00116634 -11.20824514 1


