mesh: pSphereShape1 tranform: pSphere1 1.088827284 3.027129497 0.8751068303 0 -1.224479235 0.8024206901 -1.252172766 0 -2.41146288 0.1566509887 2.45851555 0 134.4181506 31.80437481 -25.45513988 1


mesh: pSphereShape2 tranform: pSphere2 1.109157964 5.635332256 1.345308927 0 -2.521704565 0.9096872955 -1.73151416 0 -1.751380288 -0.2347538923 2.427303877 0 136.970831 39.05854175 -23.1969734 1


mesh: pSphereShape3 tranform: pSphere3 -0.05465731861 6.264042264 2.285013567 0 -2.341106151 0.6464400044 -1.828123103 0 -1.931117303 -0.8139643991 2.185176392 0 138.303771 49.23696851 -20.32465034 1


mesh: pSphereShape4 tranform: pSphere4 0.6244452375 -0.2663051375 4.047493608 0 -0.5483993083 3.317725841 0.302896778 0 -3.815841121 -0.680394413 0.5439394106 0 138.3379023 55.21629111 -15.29100702 1


mesh: pSphereShape5 tranform: pSphere5 -0.06839108111 -0.3095252445 4.229430445 0 -0.3499815613 3.118278744 0.222547784 0 -3.986004117 -0.4404704964 -0.09669005655 0 138.4931623 55.19729507 -8.613010574 1


mesh: pSphereShape6 tranform: pSphere6 -1.52333054 -5.613890164 1.665611004 0 -0.9866818689 0.8723078514 2.037689374 0 -2.092262307 0.2370451775 -1.114582862 0 136.9793766 48.50953266 -5.49540173 1


mesh: pSphereShape7 tranform: pSphere7 -3.326301074 -4.371982956 1.551772596 0 -0.8012639465 1.22933759 1.746001877 0 -2.11578218 1.012160425 -1.683610353 0 131.6730003 39.50454599 -3.501898488 1


mesh: pSphereShape8 tranform: pSphere8 -0.3118008588 -4.287078385 -0.05049548559 0 -0.6650635415 0.03958664295 0.7457368057 0 -1.94172587 0.1617201296 -1.740256121 0 127.8418791 32.63505597 -2.412315296 1


mesh: pSphereShape10 tranform: pSphere10 0.4542073851 -0.3748675135 4.12442771 0 -0.232119513 3.490233966 0.3427883394 0 -5.026851049 -0.3852438147 0.5185731523 0 137.2756213 64.83723742 -11.13101385 1


mesh: pSphereShape11 tranform: pSphere11 0.08274451328 -0.07273858743 0.9939126941 0 -2.630549125 2.834884478 0.4264650225 0 -1.905913597 -1.772888398 0.0289225556 0 136.2529078 60.52652704 -12.09533688 1


mesh: pSphereShape12 tranform: pSphere12 0.2905653295 -0.5048048368 7.161442519 0 -0.3569213935 3.737008228 0.2779005494 0 -5.892419149 -0.577535949 0.1983664279 0 138.9929197 50.98330002 -13.10003707 1


mesh: pSphereShape13 tranform: pSphere13 0.09145626425 -0.4955291783 4.949048228 0 -0.5623599413 4.63928323 0.4749057672 0 -4.410968124 -0.5375191045 0.02769305529 0 138.5053316 45.808686 -13.34507837 1


mesh: pSphereShape14 tranform: pSphere14 0.05096402647 -0.2739288753 5.023099554 0 -0.470452508 5.458274965 0.3024338378 0 -4.321930074 -0.3738102927 0.0234647003 0 138.6879558 41.43356118 -13.67176848 1


mesh: pSphereShape15 tranform: pSphere15 -0.5898578889 -0.4477446381 3.365407387 0 2.059726906 8.251707117 1.458843824 0 -4.082188494 1.119134225 -0.5665955172 0 136.8690053 28.33481302 -19.3788001 1


mesh: pSphereShape16 tranform: pSphere16 -0.4106632235 -0.1764640729 2.231207262 0 -1.727785161 8.046903621 0.3184157634 0 -1.81597445 -0.3755146808 -0.3639369525 0 135.7209689 12.96388819 -22.10722468 1


mesh: pSphereShape17 tranform: pSphere17 -1.646213441 -0.6121205875 1.850851767 0 -0.2710761064 2.289235122 0.5159996252 0 -4.775597291 0.3647330342 -4.126960345 0 134.4273125 2.865800215 -26.00658055 1


mesh: pSphereShape18 tranform: pSphere18 0.5914887763 -0.2497524326 2.830947253 0 -0.3003576101 8.091715334 0.7766247645 0 -3.245314465 -0.1839846466 0.6618337613 0 139.8452022 27.61143961 -10.47585321 1


mesh: pSphereShape19 tranform: pSphere19 0.4130899866 -0.1345060718 1.914320061 0 -2.164024946 9.459183647 1.131605271 0 -2.177805595 -0.5498258669 0.4313149005 0 141.7583336 11.30315393 -11.75921848 1


mesh: pSphereShape20 tranform: pSphere20 1.072276224 0.1420782095 2.387109396 0 -0.04804354835 1.858050748 -0.08900830822 0 -5.424102553 -0.02346661084 2.437873315 0 138.8792768 1.826805314 -11.37051094 1


mesh: pSphereShape21 tranform: pSphere21 0.06073758135 -0.3264612021 5.986397444 0 1.896373648 2.705926207 0.1283240514 0 -4.924426935 3.43988306 0.2375529112 0 140.1633247 37.60515194 -13.80129716 1


