mesh: pSphereShape1 tranform: pSphere1 2.321272685 2.382302386 0.2262703533 0 -0.9097077133 1.015660126 -1.360893596 0 -1.863535966 1.585117982 2.428708741 0 -57.20817008 36.93228557 -21.67372706 1


mesh: pSphereShape2 tranform: pSphere2 3.466536702 4.751364437 0.4524559754 0 -2.371382662 1.834297415 -1.093875424 0 -0.9612707291 0.4336420084 2.811078016 0 -51.64674789 42.65414656 -20.91168915 1


mesh: pSphereShape3 tranform: pSphere3 1.639432747 6.18593139 1.873235974 0 -2.534264548 1.064689413 -1.297935447 0 -1.497171052 -0.3912548908 2.602334797 0 -46.98396693 51.83283056 -19.25896168 1


mesh: pSphereShape4 tranform: pSphere4 0.9208982593 0.1920091665 3.99476328 0 -0.6270954397 3.317577787 -0.01489806601 0 -3.744282153 -0.7037239636 0.8969804011 0 -45.40597931 58.10883379 -14.68676279 1


mesh: pSphereShape5 tranform: pSphere5 0.5328029058 0.1839442598 4.203671096 0 -0.5969615205 3.088005532 -0.05946184973 0 -3.90616936 -0.7449647154 0.5276936084 0 -44.55507451 58.8311942 -8.07585535 1


mesh: pSphereShape6 tranform: pSphere6 1.255113798 -5.167503982 2.886546495 0 -1.042041989 0.8701665165 2.010870162 0 -2.093993236 -0.8977397629 -0.6966366206 0 -43.0807005 52.67595073 -3.658105963 1


mesh: pSphereShape7 tranform: pSphere7 -0.2924877512 -4.833488296 3.022971021 0 -1.096370669 1.107755392 1.665132644 0 -2.52734982 -0.6269562073 -1.2469866 0 -43.12007232 43.03157357 1.002131236 1


mesh: pSphereShape8 tranform: pSphere8 2.172387659 -3.546460909 1.087270679 0 -0.6746197621 -0.194969452 0.7119516061 0 -1.405639328 -1.385708857 -1.711412623 0 -42.50873386 35.70766648 3.995181714 1


mesh: pSphereShape10 tranform: pSphere10 0.2125473745 -0.1884834905 4.156564871 0 0.2893417307 3.499812658 0.1439068315 0 -5.044365941 0.405672632 0.2763410091 0 -45.10949723 68.24277496 -11.20043921 1


mesh: pSphereShape11 tranform: pSphere11 0.07687729315 -0.02475454822 0.9967332111 0 -2.341272703 3.096832386 0.2574925684 0 -2.069459488 -1.574576497 0.1205101953 0 -46.82949046 63.96424401 -11.87145836 1


mesh: pSphereShape12 tranform: pSphere12 0.8653003146 0.2997826359 7.126492884 0 -0.4142167403 3.739895934 -0.1070279586 0 -5.844621174 -0.6262653922 0.7359996166 0 -44.49589519 54.15594144 -12.10091059 1


mesh: pSphereShape13 tranform: pSphere13 0.6222772785 0.343739646 4.923576528 0 -0.8680074129 4.611534065 -0.2122493254 0 -4.33163723 -0.7875955442 0.6024497078 0 -44.75404635 48.96068921 -11.590198 1


mesh: pSphereShape14 tranform: pSphere14 0.6284562178 0.4140911141 4.974206954 0 -0.9348940042 5.396469774 -0.3311261969 0 -4.240202492 -0.6981424007 0.5938386184 0 -44.22678237 44.58891029 -11.31490503 1


mesh: pSphereShape15 tranform: pSphere15 0.5304050249 0.5060941498 3.367033367 0 -0.1590301851 8.535442041 -1.257898694 0 -4.218941659 0.01891989735 0.6617613679 0 -44.31408051 31.00873048 -14.04866944 1


mesh: pSphereShape16 tranform: pSphere16 0.3223237817 0.4036573563 2.216131273 0 -2.916045243 7.641943011 -0.9678198259 0 -1.746979187 -0.6201353499 0.367042848 0 -42.38455655 15.2865859 -12.61740389 1


mesh: pSphereShape17 tranform: pSphere17 0.1073445738 0.2975997324 2.531851914 0 -1.129039813 2.065816557 -0.1949522222 0 -5.547043919 -2.976439851 0.5850392595 0 -42.53305904 3.294018197 -11.29825206 1


mesh: pSphereShape18 tranform: pSphere18 0.2604741855 0.1471280228 2.887387078 0 4.009919658 7.040642362 -0.7204979069 0 -2.870771254 1.652898882 0.1747510972 0 -47.41641202 32.01445637 -6.532699735 1


mesh: pSphereShape19 tranform: pSphere19 0.2076256065 0.04521724917 1.951461894 0 -1.866073871 9.589415961 -0.02365523608 0 -2.231992386 -0.4337289658 0.2475225394 0 -50.59014448 16.94195311 -5.275354994 1


mesh: pSphereShape20 tranform: pSphere20 0.9476218487 0.3000040314 2.424925607 0 -0.1773305667 1.845494384 -0.1590207281 0 -5.515410675 -0.3406171498 2.197473672 0 -53.75496412 7.117634439 -4.047073259 1


mesh: pSphereShape21 tranform: pSphere21 0.7489775298 0.4935028583 5.928128535 0 1.641712098 2.83598637 -0.4435080711 0 -5.164065318 3.051707313 0.3983959846 0 -42.42841949 40.90305167 -11.14013224 1


