mesh: pSphereShape1 tranform: pSphere1 0.6378456357 3.178941372 0.7761150121 0 -1.300386951 0.5779418795 -1.29851529 0 -2.456421462 -0.09715082139 2.416722322 0 135.383345 30.66939787 -28.39546514 1


mesh: pSphereShape2 tranform: pSphere2 0.439565535 5.790184584 1.038075987 0 -2.369310535 0.550259681 -2.065973875 0 -1.998919216 -0.2474241072 2.226510655 0 136.9563946 38.26924905 -26.39756412 1


mesh: pSphereShape3 tranform: pSphere3 -0.5201600775 6.385985142 1.846923702 0 -2.161101157 0.4296499363 -2.094215722 0 -2.116124329 -0.7588978059 2.02801378 0 137.3448559 48.71623226 -24.11076386 1


mesh: pSphereShape4 tranform: pSphere4 0.1054308104 -0.04252867274 4.102454198 0 -0.5643640554 3.328495806 0.04900916838 0 -3.857631285 -0.6554414604 0.09234426974 0 136.5917793 54.9678941 -19.5053901 1


mesh: pSphereShape5 tranform: pSphere5 -0.5572377778 -0.08832989556 4.203599529 0 -0.4550562736 3.112647569 0.005082617385 0 -3.934093502 -0.5742770142 -0.5335787422 0 135.9052025 55.29232893 -12.86207766 1


mesh: pSphereShape6 tranform: pSphere6 -1.134345711 -5.624536526 1.92052269 0 -1.252427023 0.8932309574 1.87622096 0 -1.991003398 -0.04495882332 -1.307643341 0 134.6158998 48.65915959 -9.440104886 1


mesh: pSphereShape7 tranform: pSphere7 -2.957002966 -4.615793092 1.592827541 0 -1.084230587 1.239190987 1.578184751 0 -2.053081139 0.651889907 -1.922353808 0 130.0879936 39.26847679 -7.253382706 1


mesh: pSphereShape8 tranform: pSphere8 0.1576371345 -4.294424458 0.1089942656 0 -0.696591523 -0.007361386041 0.7174301779 0 -1.871905999 -0.1148724752 -1.818712833 0 126.9508885 32.08410701 -5.994779828 1


mesh: pSphereShape10 tranform: pSphere10 -0.0749078343 -0.1696098595 4.162133497 0 -0.1714921189 3.50772679 0.1398559045 0 -5.061334385 -0.2434203301 -0.1010107162 0 135.2576161 64.82607718 -15.93521263 1


mesh: pSphereShape11 tranform: pSphere11 -0.03811269117 -0.03453331592 0.9986765607 0 -2.587366316 2.905815487 0.001738251312 0 -1.94162911 -1.728765322 -0.1338778889 0 134.2329882 60.49191168 -16.77745922 1


mesh: pSphereShape12 tranform: pSphere12 -0.5783788635 -0.1308461888 7.160577648 0 -0.4409846406 3.738223646 0.03268955846 0 -5.86382793 -0.6874827863 -0.4861994112 0 137.0020615 50.86450238 -17.02541069 1


mesh: pSphereShape13 tranform: pSphere13 -0.4633175012 -0.1804064511 4.949725466 0 -0.6933639642 4.644683305 0.1043862282 0 -4.375478042 -0.6434448924 -0.433017382 0 136.6275198 45.67254919 -17.01521685 1


mesh: pSphereShape14 tranform: pSphere14 -0.4939152882 -0.1038635501 5.005439396 0 -0.6694259284 5.44566091 0.04694212752 0 -4.284604306 -0.5229611938 -0.4336378897 0 136.9581084 41.2819278 -17.10571027 1


mesh: pSphereShape15 tranform: pSphere15 -0.266408952 0.28142735 3.424061826 0 -0.03214153979 8.599836482 -0.7093306455 0 -4.257756897 -0.04294619613 -0.3277447592 0 137.7315018 27.72072342 -20.58118962 1


mesh: pSphereShape16 tranform: pSphere16 -0.1914954496 0.2311222944 2.255655487 0 -2.197521977 7.875476206 -0.9935088058 0 -1.814309205 -0.5189756909 -0.1008509969 0 139.1020997 11.77402938 -19.86583214 1


mesh: pSphereShape17 tranform: pSphere17 -0.5658783442 0.03755928477 2.487716537 0 -0.1167978793 2.358564724 -0.06217725868 0 -6.15690087 -0.3416788627 -1.395345331 0 137.2095074 1.254692057 -20.02878137 1


mesh: pSphereShape18 tranform: pSphere18 0.3731699752 0.1871695116 2.872665894 0 0.5533703349 8.093450365 -0.599216341 0 -3.281945395 0.2547311614 0.409739809 0 136.9685995 27.39844829 -12.47676773 1


mesh: pSphereShape19 tranform: pSphere19 0.2795124796 0.1282054923 1.938760594 0 -3.232702087 9.217848814 -0.1434928429 0 -2.133615952 -0.7427067159 0.3567182908 0 138.7030136 11.36131727 -11.25465989 1


mesh: pSphereShape20 tranform: pSphere20 1.097431753 0.3666693393 2.351478456 0 -0.09491596427 1.842424432 -0.2429946805 0 -5.391791605 0.0530180066 2.508074534 0 136.8388796 2.065268429 -9.610341855 1


mesh: pSphereShape21 tranform: pSphere21 -0.5886352016 -0.1237818371 5.965350534 0 1.786141942 2.773044531 0.2337898772 0 -5.02463356 3.27248569 -0.4279047616 0 138.5564292 37.50497931 -16.93181646 1


