mesh: pSphereShape1 tranform: pSphere1 -0.4077207644 3.237813992 0.6820514236 0 -1.014870791 0.2141687982 -1.623371183 0 -2.899668605 -0.7268034014 1.716878056 0 143.1616372 30.06942928 -28.21738322 1


mesh: pSphereShape2 tranform: pSphere2 -1.117505963 5.751269274 0.6863958727 0 -1.557649061 0.02974800979 -2.785230805 0 -2.557986154 -0.6669149109 1.423438708 0 142.3247648 37.82662897 -26.39463246 1


mesh: pSphereShape3 tranform: pSphere3 -2.117518214 6.202979555 1.225422849 0 -1.363991215 0.07087626577 -2.715732183 0 -2.529175907 -1.108622994 1.241359027 0 140.0349904 48.18565826 -24.77310413 1


mesh: pSphereShape4 tranform: pSphere4 -0.9010217078 0.4458515398 3.978998753 0 -0.5353544031 3.297332879 -0.4906980377 0 -3.767744551 -0.7265825813 -0.7717699496 0 137.2568271 54.69118464 -20.97855212 1


mesh: pSphereShape5 tranform: pSphere5 -1.420521405 0.4215298074 3.974040346 0 -0.4642855758 3.072169025 -0.4918265155 0 -3.733092075 -0.7648057774 -1.253270811 0 135.0955809 55.80251616 -14.73475258 1


mesh: pSphereShape6 tranform: pSphere6 -1.35176957 -5.418975959 2.327654894 0 -1.558894734 1.048373061 1.535383084 0 -1.746291309 -0.2520468335 -1.60093285 0 133.2764682 49.56908757 -10.84042882 1


mesh: pSphereShape7 tranform: pSphere7 -3.234404205 -4.4555546 1.507705088 0 -1.331496108 1.383177544 1.231160174 0 -1.678879449 0.4378670383 -2.30763581 0 128.4778593 40.38572108 -8.468694559 1


mesh: pSphereShape8 tranform: pSphere8 0.07077995133 -4.264428204 0.5370781511 0 -0.7914384863 0.0634312418 0.607948682 0 -1.596283267 -0.2844765347 -2.048388868 0 125.0844477 33.3509365 -7.033510339 1


mesh: pSphereShape10 tranform: pSphere10 -0.3999786599 0.336909062 4.133309 0 -0.3786446708 3.479536982 -0.3202609166 0 -5.015146342 -0.5860226551 -0.4375465685 0 134.5957929 64.76736665 -19.02853231 1


mesh: pSphereShape11 tranform: pSphere11 -0.1783572481 0.120268418 0.9765880399 0 -2.768588492 2.605759332 -0.8265392817 0 -1.769098957 -1.907614043 -0.08817013414 0 133.8946718 60.21104346 -19.58155822 1


mesh: pSphereShape12 tranform: pSphere12 -2.168476351 0.7225838163 6.811835144 0 -0.3808302063 3.709431553 -0.5147212799 0 -5.615855488 -0.8126603945 -1.701543611 0 136.9952433 50.91936068 -18.00240142 1


mesh: pSphereShape13 tranform: pSphere13 -1.462438451 0.552651902 4.722588425 0 -0.5915100292 4.603661515 -0.7219069283 0 -4.21030423 -0.7319872024 -1.218140596 0 136.5256776 45.77388399 -17.37465708 1


mesh: pSphereShape14 tranform: pSphere14 -1.490244426 0.503047965 4.778627187 0 -0.6662661522 5.390788785 -0.7752696754 0 -4.109806397 -0.6819425589 -1.209880167 0 136.8283853 41.40001214 -16.80278217 1


mesh: pSphereShape15 tranform: pSphere15 -1.992647355 0.0564664275 2.810790375 0 0.6204859602 8.602618585 0.267060317 0 -3.470587487 0.326909621 -2.466963191 0 138.131672 27.84380615 -20.89792576 1


mesh: pSphereShape16 tranform: pSphere16 -1.321072956 0.06714083394 1.851574479 0 -0.8273351892 8.146798583 -0.8857072797 0 -1.526936264 -0.2724346684 -1.079569165 0 138.1735269 11.76842076 -21.46718229 1


mesh: pSphereShape17 tranform: pSphere17 -2.231116639 -0.3058390593 1.199559745 0 -0.16460762 2.338608154 0.2900888594 0 -3.035584185 0.4717660634 -5.525742195 0 137.1711284 1.575596263 -24.85311795 1


mesh: pSphereShape18 tranform: pSphere18 -0.3238177826 0.2128893534 2.87685901 0 1.378867033 8.004800959 -0.4371556724 0 -3.248203677 0.5373807119 -0.4053826553 0 135.0099384 27.78365732 -12.03943694 1


mesh: pSphereShape19 tranform: pSphere19 -0.1760401989 0.1114697528 1.95190698 0 -4.524029308 8.61180416 -0.8998209027 0 -2.016752817 -1.072066369 -0.1206648659 0 136.6994695 12.32873487 -10.46303552 1


mesh: pSphereShape20 tranform: pSphere20 0.6934351445 0.7200256909 2.422594579 0 -0.3527574473 1.776458455 -0.4270137992 0 -5.622972958 -0.6810368382 1.811913196 0 136.0486178 2.883939528 -8.7314847 1


mesh: pSphereShape21 tranform: pSphere21 -1.776033967 0.5995192847 5.69504173 0 1.702109498 2.825437036 0.2333784992 0 -4.836622893 3.064932044 -1.830977349 0 138.3598436 37.71563895 -15.83829372 1


