mesh: pSphereShape1 tranform: pSphere1 -1.464953992 1.805442627 -2.389384133 0 -0.5022968465 1.322702386 1.307410139 0 2.963354269 1.67223854 -0.553300285 0 37.80334256 36.73270553 15.10699599 1


mesh: pSphereShape2 tranform: pSphere2 -2.352127638 3.919108158 -3.72896017 0 -0.0626812459 2.179586475 2.330266087 0 2.752737326 0.9114283766 -0.7784484214 0 34.44765994 41.11802845 9.297634946 1


mesh: pSphereShape3 tranform: pSphere3 -0.6843762454 5.724266423 -3.350657096 0 -0.01436526761 1.534327807 2.624181509 0 3.011640769 0.275444135 -0.1445626259 0 31.45070488 49.09965768 3.197407753 1


mesh: pSphereShape4 tranform: pSphere4 3.05039656 0.3288760061 -2.725798266 0 0.2528725244 3.297322512 0.6808177115 0 2.601982517 -0.7813069351 2.817569264 0 33.4325164 55.06474897 -1.156423778 1


mesh: pSphereShape5 tranform: pSphere5 3.535576163 0.2850492229 -2.325298528 0 0.1473339358 3.084066557 0.6020823177 0 2.207760365 -0.7430268985 3.265776668 0 38.88380055 55.97620459 -4.923086725 1


mesh: pSphereShape6 tranform: pSphere6 2.21893508 -5.591167798 -0.6524787317 0 2.235407464 0.9142201689 -0.2319375666 0 0.307261427 -0.1531837547 2.357577589 0 42.39639581 49.52318094 -6.531314771 1


mesh: pSphereShape7 tranform: pSphere7 3.185526891 -4.608898955 1.094066194 0 1.889047686 1.268278465 -0.1574355461 0 -0.1467955356 0.5695203821 2.8265959 0 47.0715794 40.11676737 -4.862787059 1


mesh: pSphereShape8 tranform: pSphere8 0.01804221499 -4.286487353 -0.3232820681 0 0.9998805911 0.003066293863 0.01514600161 0 -0.03885348027 -0.1966116692 2.604760714 0 50.18738062 32.92704603 -3.554004588 1


mesh: pSphereShape10 tranform: pSphere10 3.225481145 0.2861119021 -2.621477693 0 0.2301393996 3.444664344 0.6591205281 0 3.190711685 -0.9446420665 3.82277029 0 37.00258768 64.90150199 -0.619119058 1


mesh: pSphereShape11 tranform: pSphere11 0.8005611116 0.08886590208 -0.5926253101 0 1.620826687 2.44484948 2.556142208 0 1.121365297 -2.011787384 1.213147896 0 36.95245899 60.34657908 -0.02035202816 1


mesh: pSphereShape12 tranform: pSphere12 5.994798778 0.4775888448 -3.931896692 0 0.1101612398 3.711447173 0.6187701316 0 3.260999504 -0.9073309529 4.86170065 0 35.25599489 51.21540639 -3.39484133 1


mesh: pSphereShape13 tranform: pSphere13 4.130353119 0.6297432859 -2.700110791 0 -0.06505535387 4.59514101 0.9722036681 0 2.475889636 -0.7302157922 3.617055279 0 35.94258583 46.07313006 -3.584740415 1


mesh: pSphereShape14 tranform: pSphere14 4.243075772 0.595449006 -2.636458224 0 -0.1599100941 5.399472515 0.9621240621 0 2.327275403 -0.5753241038 3.61554362 0 36.16355743 41.72579085 -4.186720459 1


mesh: pSphereShape15 tranform: pSphere15 3.299005404 0.08312027506 -0.9919822746 0 0.1063922498 8.56168927 1.071227381 0 1.232558667 -0.522708314 4.0552842 0 31.98863221 28.13735505 -3.723534205 1


mesh: pSphereShape16 tranform: pSphere16 2.178499221 0.05468857596 -0.6551488411 0 0.4273191052 7.956696529 2.08510594 0 0.5370993464 -0.4862320234 1.745373111 0 30.87569875 12.13693268 -5.822046226 1


mesh: pSphereShape17 tranform: pSphere17 2.508590224 -0.2424925159 0.3981645844 0 0.2375060694 2.349389404 -0.06554087809 0 -0.9645310763 0.2716500219 6.242359124 0 29.29144943 1.996622294 -3.548904592 1


mesh: pSphereShape18 tranform: pSphere18 2.372341311 0.3171918464 -1.642523556 0 -2.515248045 7.416180712 -2.200683685 0 1.613191653 1.313811188 2.583689824 0 41.88418738 28.62159682 -4.667063945 1


mesh: pSphereShape19 tranform: pSphere19 1.588904258 0.2202508705 -1.131472195 0 -1.411655438 9.666269742 -0.1007369077 0 1.30177681 0.2095868729 1.868857596 0 46.20227013 13.07078692 -2.241179727 1


mesh: pSphereShape20 tranform: pSphere20 1.594698251 0.04302683588 -2.079264285 0 -0.1921862379 1.847628438 -0.1091643104 0 4.679015927 0.6995823851 3.603062577 0 51.02913353 4.19577655 1.553509926 1


mesh: pSphereShape21 tranform: pSphere21 5.056785693 0.7096404062 -3.142061312 0 -1.2121811 2.777304385 -1.323606454 0 2.361198414 3.184359455 4.51927034 0 35.74585425 38.00887219 -5.87794727 1


