mesh: pSphereShape1 tranform: pSphere1 -0.1440414132 3.130104668 1.138668807 0 -1.896423888 -0.1894260065 0.2808188371 0 0.587575046 -1.137350664 3.20080935 0 135.3018176 29.89421324 -35.71885974 1


mesh: pSphereShape2 tranform: pSphere2 -0.621388839 5.525100673 1.970836268 0 -3.120456892 -0.5067037999 0.436653432 0 0.5440330101 -0.9375454794 2.799871957 0 135.3977914 37.50594363 -33.24400747 1


mesh: pSphereShape3 tranform: pSphere3 -0.07733666649 6.078831966 2.739401554 0 -3.009956357 -0.2059662185 0.3720717908 0 0.4221126467 -1.227314899 2.735373283 0 134.9349402 47.65134849 -29.64645156 1


mesh: pSphereShape4 tranform: pSphere4 3.566051354 0.5146923022 1.965050727 0 -0.4927456075 3.3401528 0.01934057278 0 -1.851158542 -0.2929825532 3.436105845 0 137.3059843 54.15955633 -25.75362108 1


mesh: pSphereShape5 tranform: pSphere5 3.358284706 0.5572382573 2.529817082 0 -0.4944559715 3.106511335 -0.02788463896 0 -2.367545755 -0.3479376334 3.21951216 0 142.6415394 55.46683522 -21.93682527 1


mesh: pSphereShape6 tranform: pSphere6 2.424937137 -4.717591931 2.91111061 0 0.6772557756 1.465660861 1.811022622 0 -2.078967149 -0.3927446925 1.095305497 0 146.3308389 49.94353903 -18.0394846 1


mesh: pSphereShape7 tranform: pSphere7 0.7802933009 -3.737912803 4.243307935 0 0.4352502561 1.719070139 1.434284647 0 -2.806462862 0.1613785126 0.6582324502 0 148.0165196 41.90175814 -11.31134826 1


mesh: pSphereShape8 tranform: pSphere8 1.005222544 -4.098595575 0.8184452323 0 0.3276897029 0.2616532818 0.9078309417 0 -2.391416138 -0.3916083428 0.9760716575 0 149.0662817 35.67105304 -6.496983383 1


mesh: pSphereShape10 tranform: pSphere10 3.303478663 0.5854088044 2.470234642 0 -0.3505081449 3.479038499 -0.3557409385 0 -3.04659094 0.1070684824 4.048874209 0 138.4912009 64.46868749 -24.33111026 1


mesh: pSphereShape11 tranform: pSphere11 0.7998227023 0.133338839 0.5852387537 0 -1.773010917 2.993938761 1.740975043 0 -1.01698931 -1.625884269 1.760315174 0 137.7103159 60.09704143 -23.18399455 1


mesh: pSphereShape12 tranform: pSphere12 5.881561415 0.9184661586 4.023576808 0 -0.4506834642 3.732214634 -0.1931590727 0 -3.327960073 -0.1483434573 4.898589226 0 139.9229474 50.41990647 -24.23165807 1


mesh: pSphereShape13 tranform: pSphere13 4.106359164 0.592749769 2.744713811 0 -0.638991731 4.653388671 -0.0489542875 0 -2.434359156 -0.295294497 3.705810322 0 140.1546677 45.33773656 -23.0939329 1


mesh: pSphereShape14 tranform: pSphere14 4.173600934 0.5448743805 2.75559987 0 -0.605335051 5.450981866 -0.1610079309 0 -2.374434916 -0.1565430308 3.627246531 0 140.5499283 40.96680734 -22.78308608 1


mesh: pSphereShape15 tranform: pSphere15 2.885765522 0.706524958 1.745724579 0 -1.188704785 8.423912261 -1.444317736 0 -2.258607313 0.3005694568 3.611939341 0 138.4217329 27.29818027 -23.25051891 1


mesh: pSphereShape16 tranform: pSphere16 1.881308055 0.5355214158 1.162740948 0 -2.739313648 7.71785426 0.8775958167 0 -0.8574362173 -0.4876215377 1.611909722 0 140.9953798 11.62044319 -22.37966063 1


mesh: pSphereShape17 tranform: pSphere17 2.002455287 0.213913973 1.566772545 0 -0.2060293906 2.352559756 -0.05787742577 0 -3.879212646 -0.2170251318 4.987561599 0 141.1314141 1.334749788 -19.87754126 1


mesh: pSphereShape18 tranform: pSphere18 2.51440345 1.020705913 1.030743579 0 -0.5870841463 6.435431709 -4.940624322 0 -1.64030364 1.66016581 2.357370082 0 144.8780057 29.18934628 -15.38885341 1


mesh: pSphereShape19 tranform: pSphere19 1.748555332 0.5955356779 0.6642650231 0 -4.049248263 8.281462553 3.234293773 0 -0.426368835 -0.9952862658 2.014644659 0 148.9006664 15.92376138 -12.04848387 1


mesh: pSphereShape20 tranform: pSphere20 2.234642761 1.211315552 -0.6382320504 0 -0.6685859786 1.595101609 0.6864596784 0 2.25543815 -1.35026379 5.334271454 0 153.8651857 6.266137551 -10.54652071 1


mesh: pSphereShape21 tranform: pSphere21 4.973987415 0.6493669026 3.284051181 0 0.8815107866 2.59629029 -1.84849998 0 -2.949295105 3.665685151 3.742140864 0 141.6872202 37.10182063 -23.56963112 1


