mesh: pSphereShape1 tranform: pSphere1 -2.010579905 2.235610041 -1.440307607 0 0.2229915645 1.174018286 1.510999941 0 2.720772336 1.458253604 -1.534563711 0 150.2110018 33.09458856 -10.2295418 1


mesh: pSphereShape2 tranform: pSphere2 -3.266908903 4.405784543 -2.171042585 0 0.9853927378 1.897967094 2.368836896 0 2.321648583 0.8930278832 -1.681277929 0 145.3557009 38.33231998 -13.86255794 1


mesh: pSphereShape3 tranform: pSphere3 -1.35202144 6.131234954 -2.245550238 0 1.102022068 1.185416199 2.573136718 0 2.754114483 0.1500090724 -1.248638714 0 140.9996339 47.09918523 -17.55273439 1


mesh: pSphereShape4 tranform: pSphere4 0.8770102613 -0.1868194725 -4.004872816 0 0.3953797146 3.352401497 -0.06980042201 0 3.796024766 -0.4299746878 0.8513329817 0 140.8735351 53.00661146 -22.37623792 1


mesh: pSphereShape5 tranform: pSphere5 1.480988619 -0.1409354122 -3.971822633 0 0.2572489081 3.135165871 -0.01532626077 0 3.744589265 -0.3003760407 1.406917735 0 143.0276419 53.20566062 -28.69610152 1


mesh: pSphereShape6 tranform: pSphere6 0.2484263459 -5.448288785 -2.62011305 0 1.747814457 0.7933734935 -1.484029381 0 1.649518105 -0.683361691 1.57738827 0 143.8956552 46.64686343 -32.66763608 1


mesh: pSphereShape7 tranform: pSphere7 1.802217715 -5.001409579 -2.07952531 0 1.636181296 1.075790477 -1.169360078 0 1.793006465 -0.2871794733 2.244594071 0 146.319559 36.72615976 -35.86095305 1


mesh: pSphereShape8 tranform: pSphere8 -1.364207427 -3.833604111 -1.386083785 0 0.8384865559 -0.1050526856 -0.5347001299 0 1.157254646 -1.149620136 2.040607593 0 147.473574 29.2328137 -38.24910618 1


mesh: pSphereShape10 tranform: pSphere10 2.650079921 0.1785686806 -3.209816751 0 -0.6342747449 3.440992511 -0.3322386778 0 3.802271287 1.009392451 3.195375146 0 141.0066892 62.9144349 -25.77115309 1


mesh: pSphereShape11 tranform: pSphere11 0.5534260499 -0.03140892565 -0.8323058853 0 1.700386858 3.352408046 1.004129445 0 1.845726515 -1.318684047 1.277044417 0 142.6614233 58.82945905 -24.33244896 1


mesh: pSphereShape12 tranform: pSphere12 2.647883344 -0.2346983518 -6.675263708 0 0.05371962516 3.762266861 -0.1109700774 0 5.506386119 -0.01418352458 2.184722219 0 141.4330946 48.81206292 -24.66795686 1


mesh: pSphereShape13 tranform: pSphere13 1.989655142 -0.1075044956 -4.558147319 0 0.2466828742 4.690828488 -0.002955433543 0 4.066090611 -0.2127075387 1.77988655 0 142.2960907 43.68073355 -24.34067161 1


mesh: pSphereShape14 tranform: pSphere14 2.141603618 0.03306532352 -4.55209887 0 0.1620335478 5.483231948 0.1160599727 0 3.923334279 -0.1549822576 1.844666074 0 142.3470575 39.26626175 -24.26379259 1


mesh: pSphereShape15 tranform: pSphere15 0.9050399651 0.005253881725 -3.324943538 0 -1.190582788 8.540926468 -0.3105773003 0 4.078299401 0.6089063245 1.111063399 0 142.0386273 25.83423938 -20.19438192 1


mesh: pSphereShape16 tranform: pSphere16 0.7958635232 0.2940974979 -2.111439702 0 6.41559821 4.202161079 3.003536236 0 0.9836785796 -1.606861351 0.1469613349 0 138.1869493 13.2836251 -21.45380717 1


mesh: pSphereShape17 tranform: pSphere17 1.452516004 -0.5309435255 -2.029447905 0 1.845466643 1.035483812 1.049934025 0 1.619531085 -5.528126782 2.605397226 0 130.9779152 3.926338118 -23.28818464 1


mesh: pSphereShape18 tranform: pSphere18 1.353409064 0.2450109328 -2.556315932 0 -4.017786831 6.919790162 -1.463936764 0 2.434632337 1.721198219 1.453954031 0 148.2580675 26.66726972 -26.25256579 1


mesh: pSphereShape19 tranform: pSphere19 0.8882089942 0.10193524 -1.747584191 0 1.738462938 9.505239288 1.438006408 0 1.99862991 -0.5146746082 0.9857823112 0 151.7532946 11.8130414 -26.01070862 1


mesh: pSphereShape20 tranform: pSphere20 0.704123096 0.03623420886 -2.52411401 0 0.1010471029 1.857246429 0.05484912861 0 5.719052406 -0.3581198523 1.590237478 0 154.7698849 2.094137027 -25.31922413 1


mesh: pSphereShape21 tranform: pSphere21 2.552306656 0.03940637968 -5.425071263 0 -1.843989006 2.610434576 -0.8485709061 0 4.283946845 3.69001606 2.042250817 0 141.2390836 35.36812356 -24.91733752 1


