mesh: pSphereShape1 tranform: pSphere1 0.692679583 3.22644147 -0.4744894611 0 0.4983162553 0.1655966136 1.853489592 0 3.25204722 -0.816035237 -0.8014155178 0 -146.4913363 31.26353875 -14.02620518 1


mesh: pSphereShape2 tranform: pSphere2 1.573002073 5.684570549 -0.09153840954 0 0.6135154036 -0.1193736562 3.129539097 0 2.835510484 -0.7940653129 -0.5861629402 0 -144.7919468 38.99502573 -15.27328245 1


mesh: pSphereShape3 tranform: pSphere3 2.588887591 6.131335844 -0.4085115835 0 0.4747441739 -0.0004048541276 3.002551345 0 2.749792943 -1.190047827 -0.4349400976 0 -141.6828414 49.26724318 -15.83206201 1


mesh: pSphereShape4 tranform: pSphere4 2.328910374 0.02692978858 -3.379128 0 0.5919404996 3.295579161 0.4342320327 0 3.148870977 -0.8506480241 2.163436991 0 -137.4441417 55.36117351 -18.43360454 1


mesh: pSphereShape5 tranform: pSphere5 2.774133711 -0.005464510442 -3.20822652 0 0.5217205502 3.069960619 0.4458995415 0 2.9605259 -0.8751616325 2.561439157 0 -133.0871585 55.78781056 -23.50621657 1


mesh: pSphereShape6 tranform: pSphere6 1.596695745 -5.711403771 -1.200411755 0 1.991461127 0.7952913146 -1.135004135 0 1.206958273 -0.09385384788 2.051947884 0 -130.5555497 49.11613857 -25.97109654 1


mesh: pSphereShape7 tranform: pSphere7 3.312690279 -4.647808376 0.1023347918 0 1.696383312 1.188050263 -0.9553206844 0 0.9576578669 0.740275529 2.621150574 0 -125.8166937 39.62850991 -25.70184601 1


mesh: pSphereShape8 tranform: pSphere8 -0.0515714061 -4.297210416 0.1006661765 0 0.9208470192 -0.02017331317 -0.389401855 0 1.018178493 0.04413120097 2.405474821 0 -122.4395736 32.462147 -25.15742403 1


mesh: pSphereShape10 tranform: pSphere10 2.169076795 -0.2111891785 -3.550808207 0 0.01765531076 3.509078448 -0.1979221713 0 4.3270605 0.1268912628 2.635717818 0 -134.8295637 65.36455919 -20.97581736 1


mesh: pSphereShape11 tranform: pSphere11 0.5458504938 -0.005314948202 -0.8378657349 0 2.051531027 3.032193116 1.317291338 0 1.695107329 -1.631133449 1.114670911 0 -134.1367897 61.06598936 -19.44177314 1


mesh: pSphereShape12 tranform: pSphere12 4.231801519 0.006486943245 -5.806662459 0 0.4368692555 3.724911054 0.322544539 0 4.737868311 -0.8545785782 3.451926964 0 -136.3901803 51.31778472 -20.81380285 1


mesh: pSphereShape13 tranform: pSphere13 2.840065831 -0.2226678667 -4.078165872 0 0.7343348426 4.632351312 0.2584699944 0 3.58157429 -0.7090927899 2.532952132 0 -136.1260804 46.12704302 -20.73977408 1


mesh: pSphereShape14 tranform: pSphere14 2.757422631 -0.3357514139 -4.194407576 0 0.8177544341 5.424587489 0.1033713715 0 3.570381437 -0.5838523466 2.393920868 0 -136.5741848 41.74637528 -20.76427604 1


mesh: pSphereShape15 tranform: pSphere15 1.191975734 -0.01898467392 -3.23314211 0 -1.553591106 8.465237689 -0.622475786 0 3.932477375 0.8279628764 1.444940816 0 -137.5479249 28.82414429 -16.60980466 1


mesh: pSphereShape16 tranform: pSphere16 0.8007510723 0.06948306192 -2.128858737 0 1.214850413 8.114335285 0.7217959581 0 1.746798671 -0.3190444454 0.6466294358 0 -136.6676997 13.0179862 -15.56547468 1


mesh: pSphereShape17 tranform: pSphere17 0.973924177 0.3051738073 -2.338525864 0 -0.1592718877 2.344682887 0.2396454409 0 5.828023044 0.1458674197 2.446228007 0 -133.825328 2.602285926 -14.43683775 1


mesh: pSphereShape18 tranform: pSphere18 1.207477315 0.2184340513 -2.630738052 0 -0.8285403307 8.086900183 0.2911771148 0 2.997634609 0.2568138413 1.39720208 0 -134.5902367 27.65582028 -24.61818276 1


mesh: pSphereShape19 tranform: pSphere19 0.7762873152 0.1204740662 -1.798949838 0 4.570961107 8.256414066 2.525397209 0 1.807724863 -1.21452624 0.6987381968 0 -136.8143239 12.36605729 -27.18260645 1


mesh: pSphereShape20 tranform: pSphere20 -0.2831069488 0.6725416105 -2.517099924 0 0.2636192297 1.786784776 0.4477592106 0 5.851683142 -0.6545874798 -0.8330577018 0 -136.1468593 3.232899276 -29.48796534 1


mesh: pSphereShape21 tranform: pSphere21 3.286223499 -0.4001396716 -4.998784221 0 -1.368252892 2.793084959 -1.123074863 0 4.369775645 3.192950922 2.617122984 0 -138.0489496 37.9962419 -21.54643762 1


