mesh: pSphereShape1 tranform: pSphere1 -0.2375833318 3.244579523 -0.7287850765 0 1.340219327 0.3959704617 1.325965515 0 2.464110209 -0.3551713761 -2.384534678 0 60.95673252 29.68151797 21.58132159 1


mesh: pSphereShape2 tranform: pSphere2 0.04872443227 5.829112447 -0.9033997708 0 2.20855465 0.3347753283 2.279227504 0 2.167132581 -0.3359173327 -2.050595606 0 60.17096872 37.42448831 19.67958811 1


mesh: pSphereShape3 tranform: pSphere3 0.7667388628 6.404947016 -1.688568964 0 2.000148885 0.3566844476 2.261167268 0 2.253211791 -0.7634382707 -1.872684323 0 60.39673307 47.9539632 17.60208091 1


mesh: pSphereShape4 tranform: pSphere4 0.2400608143 0.258232533 -4.088855775 0 0.4354211947 3.339801483 0.2364898681 0 3.874565005 -0.5189272112 0.1947066333 0 61.57282681 54.48130511 13.2469165 1


mesh: pSphereShape5 tranform: pSphere5 0.6725184797 0.2664451347 -4.179149554 0 0.3609621778 3.11440442 0.2566483028 0 3.933844473 -0.5054475348 0.6008181893 0 62.57690674 55.34156226 6.672172872 1


mesh: pSphereShape6 tranform: pSphere6 1.815045598 -5.336088336 -2.200529361 0 1.21147769 1.140334312 -1.765955703 0 1.936521918 0.08753773784 1.38501514 0 64.59386175 49.14155983 2.896537512 1


mesh: pSphereShape7 tranform: pSphere7 3.583150451 -4.108925458 -1.692417329 0 0.9832795674 1.456337234 -1.453980924 0 1.871384673 0.7862744082 2.053104658 0 70.27737606 40.50451353 0.3941013044 1


mesh: pSphereShape8 tranform: pSphere8 0.3187718903 -4.260163543 -0.4777046322 0 0.7414519539 0.1293115107 -0.6584280775 0 1.742238129 -0.08769986957 1.944700274 0 74.30976746 33.83402341 -1.135626167 1


mesh: pSphereShape10 tranform: pSphere10 0.3063091003 0.331191378 -4.141765438 0 0.05458679773 3.502771153 0.2841319857 0 5.053861956 -0.1083742594 0.365098244 0 62.99460497 64.60932442 11.05791984 1


mesh: pSphereShape11 tranform: pSphere11 0.100763197 0.1144969634 -0.9883001687 0 2.609642332 2.824188909 0.5932579768 0 1.912888188 -1.76557205 -0.009515235691 0 64.18953554 60.10998014 11.497034 1


mesh: pSphereShape12 tranform: pSphere12 0.8720570972 0.4360832066 -7.118627884 0 0.2065671289 3.749952566 0.255025224 0 5.871189688 -0.3707851851 0.6965274102 0 61.6056715 50.56233819 10.45870406 1


mesh: pSphereShape13 tranform: pSphere13 0.508569061 0.2922021246 -4.939935952 0 0.3889596795 4.670481045 0.3163072069 0 4.405060953 -0.3959824872 0.4300806345 0 62.31335447 45.42381357 10.02873467 1


mesh: pSphereShape14 tranform: pSphere14 0.4476139689 0.1424897407 -5.008842371 0 0.4212970996 5.467243172 0.1931792731 0 4.308065698 -0.3452288952 0.3751682864 0 62.21781346 41.00843707 9.827574362 1


mesh: pSphereShape15 tranform: pSphere15 -0.104268192 0.005254277308 -3.44433956 0 -1.849069768 8.42837906 0.06883299345 0 4.169368038 0.9157210468 -0.1248195792 0 63.64300202 28.01366544 14.00079297 1


mesh: pSphereShape16 tranform: pSphere16 -0.04842735522 0.1085267895 -2.272431831 0 1.754743247 8.039903617 0.3465746882 0 1.845945446 -0.4003654727 -0.05845923887 0 64.72733233 12.31934533 14.45934035 1


mesh: pSphereShape17 tranform: pSphere17 0.535287952 -0.05361427985 -2.494184213 0 0.05751772871 2.361260569 -0.03841285551 0 6.179664978 -0.1289095259 1.329016351 0 67.19698087 1.787077734 15.35435907 1


mesh: pSphereShape18 tranform: pSphere18 0.5502563126 0.1337668389 -2.847072535 0 -2.07127529 7.86626291 -0.03072882018 0 3.145645899 0.830811294 0.6469966926 0 64.32477362 27.1515796 6.117028428 1


mesh: pSphereShape19 tranform: pSphere19 0.2671619434 -0.008683791405 -1.944712216 0 8.325609277 4.98659912 1.121494147 0 1.155417889 -1.966755571 0.1675119749 0 60.55513877 14.62120935 4.913586739 1


mesh: pSphereShape20 tranform: pSphere20 -0.1463310346 0.1943326009 -2.609420598 0 1.708855017 0.7353307534 -0.04106650529 0 2.330119763 -5.444972398 -0.5361743848 0 54.46856599 5.205179138 4.142330066 1


mesh: pSphereShape21 tranform: pSphere21 0.5334545116 0.1698155113 -5.96940611 0 -1.912314801 2.696092713 -0.09419606992 0 4.875134222 3.476566377 0.5345652789 0 60.79072963 37.17385606 9.496472268 1


