mesh: pSphereShape1 tranform: pSphere1 -0.8502153853 3.175080293 -0.5575560456 0 1.726675102 0.3235282281 -0.7906247985 0 -1.250585475 -0.8775466653 -3.090297604 0 130.5805933 30.84067978 -1.7181363 1


mesh: pSphereShape2 tranform: pSphere2 -0.894614294 5.696511541 -1.243574952 0 3.046216241 0.2798830091 -0.9093394802 0 -0.7706330688 -0.733903491 -2.807446661 0 128.3387387 38.43595029 -2.934915004 1


mesh: pSphereShape3 tranform: pSphere3 -1.420444479 6.157312288 -2.128929961 0 2.914481366 0.4092538055 -0.760924741 0 -0.5696873751 -1.088234178 -2.767300239 0 126.2540344 48.70539272 -5.349672531 1


mesh: pSphereShape4 tranform: pSphere4 -3.70425076 -0.3245102297 -1.736742412 0 -0.1281382073 3.355340586 -0.3536427097 0 1.678434162 -0.3071618441 -3.522493501 0 122.3501824 54.6065921 -8.693831791 1


mesh: pSphereShape5 tranform: pSphere5 -3.578760114 -0.3044460919 -2.255737957 0 -0.1313943905 3.135649418 -0.21474445 0 2.146299947 -0.1419507994 -3.38597675 0 116.5956214 54.56461894 -12.12047 1


mesh: pSphereShape6 tranform: pSphere6 -0.5052391161 -5.277336124 -2.916335988 0 -1.416577152 1.054884312 -1.663480791 0 1.923946164 0.5340503385 -1.299718557 0 114.8702977 48.22432766 -15.82921345 1


mesh: pSphereShape7 tranform: pSphere7 0.6461928988 -3.418833648 -4.525541207 0 -1.285049654 1.41067275 -1.249186598 0 2.362743773 1.46862061 -0.7721024183 0 116.2353835 40.54409003 -22.93905431 1


mesh: pSphereShape8 tranform: pSphere8 0.7453782802 -4.001604283 -1.382166787 0 -0.4955617617 0.1996652126 -0.8453119798 0 2.223435139 0.7991843067 -1.114712854 0 117.6174208 34.92492595 -28.3788118 1


mesh: pSphereShape10 tranform: pSphere10 -4.07742984 -0.5218627541 -0.6782028471 0 -0.3950306827 3.479322293 -0.3022971988 0 0.8713206748 -0.3338901414 -4.981553978 0 118.6398759 64.15994159 -11.60963167 1


mesh: pSphereShape11 tranform: pSphere11 -0.9551906792 -0.07218879055 -0.2870532092 0 0.5662576939 2.839988175 -2.598470802 0 0.6709378149 -1.76938077 -1.787627077 0 120.2933339 59.87528144 -12.28635637 1


mesh: pSphereShape12 tranform: pSphere12 -6.26128914 -0.5518050555 -3.480989022 0 -0.2604643024 3.753134942 -0.1264458245 0 2.876792644 0.02517928481 -5.178506592 0 120.399496 50.33234756 -9.721749355 1


mesh: pSphereShape13 tranform: pSphere13 -4.255781942 -0.4373505556 -2.538510653 0 -0.3651245391 4.679078502 -0.1940142192 0 2.274905994 0.01924295057 -3.817167263 0 121.1415936 45.25826097 -10.51991996 1


mesh: pSphereShape14 tranform: pSphere14 -4.32207211 0.009732277055 -2.574638121 0 -0.06922231314 5.484707284 0.1369367279 0 2.21947817 0.1210241489 -3.725403884 0 121.4465217 40.87685654 -10.72902184 1


mesh: pSphereShape15 tranform: pSphere15 -3.112637399 -0.3266265616 -1.4419355 0 -1.984271758 8.027983068 2.464857809 0 1.546894078 1.512806562 -3.681886719 0 126.5512094 27.55260684 -11.74059938 1


mesh: pSphereShape16 tranform: pSphere16 -2.000011159 0.1115399521 -1.079622111 0 3.010499154 5.833763771 -4.974272123 0 0.579102378 -1.330817436 -1.210285078 0 127.0696342 14.36309371 -10.28060127 1


mesh: pSphereShape17 tranform: pSphere17 -1.807998521 -0.3096298023 -1.773593331 0 0.9863617265 1.705568908 -1.303249999 0 3.596219191 -4.306511409 -2.914159978 0 125.9729642 3.679846806 -5.896081673 1


mesh: pSphereShape18 tranform: pSphere18 -2.507339692 -0.4014298711 -1.406626931 0 -1.142746238 8.049572325 -0.260257907 0 1.605325739 0.1341415957 -2.899806123 0 118.6708745 27.5117007 -12.59364649 1


mesh: pSphereShape19 tranform: pSphere19 -1.70737539 -0.2478376139 -0.9363772264 0 -0.06196066704 9.471288618 -2.393855159 0 1.12849066 -0.4805443661 -1.930482887 0 119.7076675 11.23574352 -10.82774852 1


mesh: pSphereShape20 tranform: pSphere20 -2.422348501 0.01269491477 -1.000160172 0 0.02145816555 1.860461963 -0.02835620722 0 2.268651695 -0.1099330513 -5.495980322 0 122.2935321 1.731803206 -13.01587686 1


mesh: pSphereShape21 tranform: pSphere21 -5.150931443 0.01159867087 -3.068385744 0 -1.117537263 2.476122769 1.885381449 0 2.310376847 3.984415115 -3.863392616 0 120.8318434 36.90464867 -9.895989026 1


