mesh: pSphereShape1 tranform: pSphere1 -1.793021768 2.802369436 -0.2160284537 0 1.146605845 0.8341546168 1.304088228 0 2.058304176 1.12211222 -2.527496696 0 -43.40374759 35.24390059 -4.942364783 1


mesh: pSphereShape2 tranform: pSphere2 -2.429728249 5.359040316 -0.4173303986 0 2.690216867 1.306451247 1.113815301 0 1.038918162 0.2525540666 -2.805550198 0 -47.69584187 41.9740834 -5.67127253 1


mesh: pSphereShape3 tranform: pSphere3 -0.846530252 6.383874966 -1.729747628 0 2.668245511 0.6998935435 1.277228129 0 1.398729856 -0.5278942118 -2.632798974 0 -50.83062365 51.90926173 -7.173576903 1


mesh: pSphereShape4 tranform: pSphere4 -1.315208904 0.2297478568 -3.880785519 0 0.6426039456 3.314572168 -0.02155300229 0 3.631972722 -0.7124172238 -1.273061644 0 -52.08136906 58.36801813 -11.57669108 1


mesh: pSphereShape5 tranform: pSphere5 -1.088203764 0.2211477124 -4.093344765 0 0.6009801863 3.087790474 0.007052642924 0 3.800653061 -0.7373266821 -1.05022746 0 -53.73285507 59.15170068 -18.04326191 1


mesh: pSphereShape6 tranform: pSphere6 0.1008186224 -5.176875573 -3.130551649 0 1.065989945 1.142980992 -1.855774762 0 2.139810411 -0.5112132801 0.914286235 0 -54.1148893 53.04826205 -22.59722216 1


mesh: pSphereShape7 tranform: pSphere7 2.715019204 -4.231073964 -2.704292112 0 0.9202409529 1.510697134 -1.439711129 0 2.2567615 0.3149439131 1.772959289 0 -50.61556748 44.1675553 -27.05736905 1


mesh: pSphereShape8 tranform: pSphere8 -0.06333664125 -4.196585909 -0.9292286195 0 0.6094429616 0.1626216848 -0.7759725924 0 2.070878274 -0.3740347124 1.548065028 0 -47.61730589 37.41487532 -29.95861203 1


mesh: pSphereShape10 tranform: pSphere10 -0.447063713 -0.1065638876 -4.140834712 0 -0.2753057262 3.5033799 -0.06043578151 0 5.023265134 0.3852160273 -0.552248481 0 -52.63915203 68.5353755 -14.882195 1


mesh: pSphereShape11 tranform: pSphere11 -0.1525881878 -0.02261097811 -0.9880311678 0 2.319492431 3.094208041 -0.4290251469 0 2.051920015 -1.577102459 -0.2807997728 0 -50.92209672 64.24431387 -14.46511628 1


mesh: pSphereShape12 tranform: pSphere12 -1.646885133 0.3623899351 -6.984408206 0 0.4486333699 3.736418332 0.08808087268 0 5.722877759 -0.6545370541 -1.383384197 0 -53.27294371 54.44122698 -14.08648605 1


mesh: pSphereShape13 tranform: pSphere13 -1.078491491 0.2329301604 -4.850731019 0 0.8625762725 4.617336763 0.02994101753 0 4.260559569 -0.7895373964 -0.9851884792 0 -53.07237068 49.24327906 -14.57939223 1


mesh: pSphereShape14 tranform: pSphere14 -0.9862816444 0.2458984953 -4.927062608 0 0.9805379254 5.398032585 0.0731229866 0 4.182705968 -0.7479295338 -0.8746064765 0 -53.61914435 44.85547373 -14.66005287 1


mesh: pSphereShape15 tranform: pSphere15 -0.7762272587 0.2819458576 -3.345497309 0 -0.02436740441 8.598109251 0.7302698834 0 4.160792036 0.09311980382 -0.9575453682 0 -53.13218056 31.27725047 -11.35665673 1


mesh: pSphereShape16 tranform: pSphere16 -0.4516729762 0.3134291418 -2.208126671 0 4.098171155 7.142371468 0.1755307802 0 1.595742339 -0.9044329288 -0.4547879166 0 -55.82465472 15.98817532 -11.59733441 1


mesh: pSphereShape17 tranform: pSphere17 -0.2031193633 0.09201986698 -2.541778401 0 1.455689594 1.859812472 -0.0489968155 0 4.953738471 -3.891470009 -0.5367473248 0 -57.60794618 4.026303822 -11.85597751 1


mesh: pSphereShape18 tranform: pSphere18 -0.3474016679 -0.03269123731 -2.881794747 0 -3.258664219 7.446827627 0.3083562341 0 3.013372758 1.334293259 -0.3783997527 0 -51.43702114 31.8083225 -18.85947261 1


mesh: pSphereShape19 tranform: pSphere19 -0.2825132959 -0.09406908414 -1.940281876 0 4.279725554 8.719504558 -1.045886788 0 2.029506953 -1.025607816 -0.2457811497 0 -50.94469985 16.90355727 -18.85144959 1


mesh: pSphereShape20 tranform: pSphere20 -1.014343741 0.1311731638 -2.41291404 0 0.7539516158 1.686235415 -0.2252783396 0 4.925562671 -2.497090115 -2.206363257 0 -50.65666126 6.208001637 -18.98083765 1


mesh: pSphereShape21 tranform: pSphere21 -1.175424427 0.2930553353 -5.871943147 0 -1.592491766 2.861059497 0.4615682414 0 5.135041312 2.999888194 -0.8781964712 0 -55.44187371 41.17843825 -14.57475257 1


