mesh: pSphereShape1 tranform: pSphere1 -0.2847413389 3.278307494 0.5352496206 0 -1.406910523 0.09213187364 -1.312737405 0 -2.336412833 -0.6048332896 2.461573324 0 -28.93064767 32.33100633 -23.6650555 1


mesh: pSphereShape2 tranform: pSphere2 -1.129826999 5.742647442 0.7365788794 0 -2.662520745 -0.3014961824 -1.733421332 0 -1.552164897 -0.6251213435 2.49284052 0 -29.46448492 40.19580716 -22.22645065 1


mesh: pSphereShape3 tranform: pSphere3 -1.796572281 6.206476389 1.647567535 0 -2.463029307 -0.2444922401 -1.764768243 0 -1.575861365 -1.079714627 2.348962585 0 -31.56264756 50.56712477 -20.43075364 1


mesh: pSphereShape4 tranform: pSphere4 0.4595630365 0.3737063155 4.061058999 0 -0.5928161762 3.315375847 -0.2380020804 0 -3.828196846 -0.6491254992 0.4929453293 0 -33.12940233 57.00817324 -16.0934909 1


mesh: pSphereShape5 tranform: pSphere5 0.02064705 0.3798090628 4.224202159 0 -0.5761008003 3.080361659 -0.2741475074 0 -3.943540684 -0.7299789608 0.08490955051 0 -33.07067883 58.03340932 -9.472483283 1


mesh: pSphereShape6 tranform: pSphere6 -2.247433684 -4.938966388 2.676978068 0 -0.951518596 1.382607398 1.752041445 0 -2.004982851 0.2256454724 -1.266954941 0 -35.14459205 52.29767416 -5.216677497 1


mesh: pSphereShape7 tranform: pSphere7 -4.800016914 -2.66778678 1.558609418 0 -0.5172784224 1.738518685 1.382676098 0 -1.418858216 1.292963638 -2.156532674 0 -42.37163212 45.43936491 -2.390235575 1


mesh: pSphereShape8 tranform: pSphere8 -2.14150827 -3.630061302 0.8458178992 0 -0.665612438 0.5178779157 0.537366306 0 -1.451692741 0.3572176176 -2.142411697 0 -48.62915663 40.80342115 -0.9030966851 1


mesh: pSphereShape10 tranform: pSphere10 0.009140252973 0.05139518483 4.16593434 0 0.4409217209 3.486655998 -0.04398232198 0 -5.028139468 0.6358975694 0.003186894589 0 -32.72891778 67.30872804 -13.13550707 1


mesh: pSphereShape11 tranform: pSphere11 0.03587786579 0.029828022 0.9989109409 0 -2.216041155 3.197989979 -0.01590020455 0 -2.137631011 -1.48066584 0.1209907378 0 -34.61381409 63.06954114 -13.62405401 1


mesh: pSphereShape12 tranform: pSphere12 0.6731836928 0.6230947786 7.126295791 0 -0.3749534045 3.734237599 -0.2910869115 0 -5.868326409 -0.5423280794 0.6017689362 0 -32.54116381 53.17579601 -13.25001132 1


mesh: pSphereShape13 tranform: pSphere13 0.5866586767 0.5031873649 4.914226882 0 -0.8199609749 4.610033246 -0.3741531078 0 -4.343963601 -0.7245272275 0.5927680903 0 -32.8573512 48.00710845 -12.52602198 1


mesh: pSphereShape14 tranform: pSphere14 0.6777062301 0.4967973257 4.960148201 0 -0.9400894971 5.39004 -0.4114096728 0 -4.233839194 -0.6890130748 0.6474804627 0 -32.34139452 43.62827014 -12.1341768 1


mesh: pSphereShape15 tranform: pSphere15 0.8975824708 0.330541935 3.310507848 0 0.6192491222 8.546055954 -1.021189855 0 -4.111743441 0.4260674546 1.072281305 0 -33.23319515 30.06556537 -14.91007571 1


mesh: pSphereShape16 tranform: pSphere16 0.5563287877 0.3233361601 2.182663901 0 -2.952690945 7.679366553 -0.3850111413 0 -1.702589138 -0.6282169128 0.5270278188 0 -32.17398853 14.4051629 -14.15631529 1


mesh: pSphereShape17 tranform: pSphere17 0.04589280784 0.1301256309 2.547807634 0 -0.9570958899 2.157698063 -0.09296149397 0 -5.77899796 -2.553302377 0.2345014268 0 -32.56270937 2.632310715 -13.78857004 1


mesh: pSphereShape18 tranform: pSphere18 0.5148582256 0.1925140474 2.850325761 0 2.534157568 7.667815093 -0.9756407582 0 -3.096741776 1.085297161 0.4860665562 0 -33.7942647 30.44452549 -6.992037306 1


mesh: pSphereShape19 tranform: pSphere19 0.4459909041 0.02238129321 1.9115302 0 -7.803075204 5.60999448 1.75489858 0 -1.274282353 -1.872290925 0.3192325348 0 -30.78083755 17.68403729 -6.790682996 1


mesh: pSphereShape20 tranform: pSphere20 0.9684295129 1.160525999 2.140929114 0 -1.526852874 1.057102082 0.1176381474 0 -2.593338777 -4.125141504 3.409173954 0 -25.64110039 8.345218075 -6.29586094 1


mesh: pSphereShape21 tranform: pSphere21 0.8076723943 0.5920699379 5.911373683 0 1.636198206 2.828549074 -0.5068552856 0 -5.160954353 3.056890528 0.3989711191 0 -30.54005109 39.94617717 -11.9160907 1


