mesh: pSphereShape1 tranform: pSphere1 2.275100314 2.427525161 0.2142661104 0 -1.039091445 1.080632555 -1.209829428 0 -1.700664129 1.357897878 2.673545648 0 22.88521258 31.2559718 -26.65146746 1


mesh: pSphereShape2 tranform: pSphere2 3.127906706 4.968256004 0.574185551 0 -2.542305911 1.704894765 -0.9025966272 0 -0.8713079778 0.2174551486 2.864922701 0 28.15672004 37.2386621 -25.83880377 1


mesh: pSphereShape3 tranform: pSphere3 1.080259535 6.208199433 2.180320859 0 -2.67217116 0.8715945572 -1.157808701 0 -1.357498125 -0.6834280346 2.618563138 0 32.04672941 46.65957799 -23.83947549 1


mesh: pSphereShape4 tranform: pSphere4 1.162804359 -0.1515975918 3.932932618 0 -1.103443349 3.159348435 0.4480214948 0 -3.528938876 -1.372979789 0.9904377871 0 33.215005 52.5795921 -18.90584945 1


mesh: pSphereShape5 tranform: pSphere5 0.9502096174 -0.2043202585 4.128428275 0 -0.9007657271 2.992984199 0.3554484817 0 -3.736911303 -1.219634438 0.7997360777 0 34.63344538 52.69340186 -12.33896878 1


mesh: pSphereShape6 tranform: pSphere6 1.824435746 -5.417916386 1.981962404 0 -1.130771984 0.3913335666 2.110652231 0 -1.981688412 -0.9886409981 -0.8783774522 0 36.93874071 46.16570716 -8.999888654 1


mesh: pSphereShape7 tranform: pSphere7 0.4662544468 -5.255722029 2.178647454 0 -1.217740918 0.6452869546 1.817286213 0 -2.429754395 -0.7762140942 -1.352528018 0 38.1825575 35.93287771 -6.025613708 1


mesh: pSphereShape8 tranform: pSphere8 2.667092335 -3.358202874 0.2964836939 0 -0.6215430475 -0.4361816142 0.6507148681 0 -1.249444652 -1.166721433 -1.975498236 0 39.89001986 28.36237403 -4.444883324 1


mesh: pSphereShape10 tranform: pSphere10 0.1441548805 -0.5402012287 4.128575534 0 0.3626519188 3.468000206 0.4411061185 0 -5.038088991 0.4962046363 0.2408374178 0 33.94012358 62.3401154 -14.30178413 1


mesh: pSphereShape11 tranform: pSphere11 0.09675582004 -0.1919995665 0.9766137813 0 -2.177056957 3.116479359 0.8283782522 0 -2.142758349 -1.476140963 -0.07791625026 0 32.18988083 58.20539861 -15.12260458 1


mesh: pSphereShape12 tranform: pSphere12 1.045446754 -0.4636377529 7.093489706 0 -0.932364921 3.627709969 0.3745238646 0 -5.674292275 -1.534345279 0.7359974085 0 34.84286636 48.52451363 -16.89162582 1


mesh: pSphereShape13 tranform: pSphere13 0.4664100347 -0.1983700887 4.948747596 0 -1.189322357 4.534742344 0.2938660933 0 -4.278655128 -1.145315753 0.3573452201 0 35.13402087 43.34797982 -17.04303492 1


mesh: pSphereShape14 tranform: pSphere14 0.3178317822 -0.02664018537 5.020700823 0 -1.071963959 5.380256144 0.09640790275 0 -4.245695349 -0.8506488799 0.2642570276 0 35.83767198 39.04495886 -17.20386732 1


mesh: pSphereShape15 tranform: pSphere15 0.4037290885 0.4998292556 3.385490808 0 -2.768785432 8.126438895 -0.8695911026 0 -4.013694076 -1.295828099 0.6699583528 0 38.96413881 25.65642651 -20.423224 1


mesh: pSphereShape16 tranform: pSphere16 0.1707393014 0.4276064608 2.228468197 0 -6.143573296 5.455626171 -0.5761408611 0 -1.250683835 -1.370502247 0.358800947 0 46.48294202 12.05767919 -19.74306305 1


mesh: pSphereShape17 tranform: pSphere17 0.1022747756 0.2311559574 2.538989831 0 -1.314233174 1.958928219 -0.1254061836 0 -5.247397908 -3.486595 0.5288022946 0 50.33799918 2.184514068 -18.94705553 1


mesh: pSphereShape18 tranform: pSphere18 -0.01735189336 0.05250614122 2.90231625 0 4.699565949 6.638887874 -0.09200789785 0 -2.707518934 1.915906037 -0.05084815024 0 32.2683551 26.92802188 -13.19244353 1


mesh: pSphereShape19 tranform: pSphere19 0.01298045399 0.02548279216 1.962788488 0 2.178280867 9.522380415 -0.1380341882 0 -2.229545853 0.5101348518 0.008121535791 0 25.21326817 12.34910834 -12.56063533 1


mesh: pSphereShape20 tranform: pSphere20 0.4235500912 -0.04343110523 2.585918183 0 0.6623582615 1.73711664 -0.07931303004 0 -5.473587929 2.129631947 0.9322920392 0 18.22885859 4.796424704 -12.29565499 1


mesh: pSphereShape21 tranform: pSphere21 0.3787835277 -0.03174906965 5.9835387 0 1.581037816 2.903081985 -0.08468248549 0 -5.266264539 2.878212842 0.3486490093 0 37.73015056 35.40260792 -17.2487327 1


