mesh: pSphereShape1 tranform: pSphere1 -2.383752581 2.18384736 -0.8144962538 0 0.8826750597 1.354280781 1.047842212 0 1.820332906 0.9548076048 -2.767439613 0 -95.27523069 36.3401634 -0.2416915025 1


mesh: pSphereShape2 tranform: pSphere2 -3.383808058 4.516452963 -1.717135054 0 2.378274937 2.027532437 0.6462094995 0 1.02072393 -0.3025703618 -2.807279867 0 -100.8249523 41.66436935 -2.50074938 1


mesh: pSphereShape3 tranform: pSphere3 -0.04380295517 5.588074644 -3.63785692 0 2.61486717 0.8601095305 1.289720143 0 1.543871594 -1.412429197 -2.188207534 0 -104.042281 50.2078361 -6.710646043 1


mesh: pSphereShape4 tranform: pSphere4 0.5131788613 -0.5371693301 -4.036229844 0 1.276893513 3.115396555 -0.2522702523 0 3.590104954 -1.41920392 0.6453346048 0 -102.9449052 55.357862 -12.74283869 1


mesh: pSphereShape5 tranform: pSphere5 0.9898535303 -0.65247272 -4.07222721 0 1.213713055 2.897232026 -0.1691867062 0 3.580456101 -1.435674493 1.100347629 0 -101.3269451 54.74889806 -19.21278944 1


mesh: pSphereShape6 tranform: pSphere6 0.3729392538 -5.674251258 -2.067449563 0 1.831044627 0.6498115347 -1.453155402 0 1.556181897 -0.5264056642 1.725468607 0 -100.9147253 47.89883354 -22.61180419 1


mesh: pSphereShape7 tranform: pSphere7 4.099667074 -3.951879017 0.4023606659 0 1.386639855 1.311353453 -1.248759148 0 0.9773361482 1.258989325 2.407344328 0 -96.35496746 39.03441466 -22.90840835 1


mesh: pSphereShape8 tranform: pSphere8 1.208819377 -4.0684976 0.6818310938 0 0.8170513281 0.1494363092 -0.5568625653 0 1.314953295 0.747655304 2.129989084 0 -91.4239864 32.91502682 -21.89102062 1


mesh: pSphereShape10 tranform: pSphere10 0.8037794096 -0.683701863 -4.03041243 0 -0.05616444024 3.462889478 -0.5986304998 0 4.972317339 0.2448864444 0.9500806784 0 -101.3555275 64.84369 -17.29401098 1


mesh: pSphereShape11 tranform: pSphere11 0.1914947945 -0.150176532 -0.9699364685 0 2.587293472 2.9052408 0.06098775091 0 1.879212751 -1.686824212 0.6321866327 0 -100.0482909 60.56417172 -15.6813208 1


mesh: pSphereShape12 tranform: pSphere12 1.38524844 -1.069518941 -6.968696513 0 1.146366095 3.571157371 -0.320206024 0 5.525794225 -1.652586528 1.352056357 0 -103.7736447 51.12007966 -14.86060675 1


mesh: pSphereShape13 tranform: pSphere13 0.9564889313 -0.8628527683 -4.804956379 0 1.977466182 4.244817549 -0.3686252109 0 3.939141059 -1.73983804 1.096569558 0 -104.6331898 45.96305388 -14.36859758 1


mesh: pSphereShape14 tranform: pSphere14 0.9448995211 -0.7500435567 -4.884031434 0 2.303736763 4.969662981 -0.3174967146 0 3.851995729 -1.721133882 1.009550074 0 -106.2634069 41.85733191 -14.02803471 1


mesh: pSphereShape15 tranform: pSphere15 0.6671367126 -0.4831005279 -3.346030029 0 0.2639995144 8.543833659 -1.180923885 0 4.187732413 -0.01371751932 0.8369371916 0 -108.429684 29.28216108 -8.381424312 1


mesh: pSphereShape16 tranform: pSphere16 0.6405295842 -0.08077325654 -2.182032821 0 6.737880583 4.375233282 1.815925943 0 0.9478120247 -1.599690131 0.3374439726 0 -114.0270256 16.60562649 -7.739243397 1


mesh: pSphereShape17 tranform: pSphere17 1.155467365 -0.6185675693 -2.189208054 0 2.03560097 0.8646542385 0.8300825566 0 1.44692264 -5.680390505 2.368700055 0 -121.8053357 7.084457473 -8.252942338 1


mesh: pSphereShape18 tranform: pSphere18 0.6104019606 -0.4116278482 -2.807929764 0 -0.9303673089 7.964133591 -1.369748365 0 3.220782142 0.4844547153 0.629131364 0 -106.5772069 28.10235862 -16.19509277 1


mesh: pSphereShape19 tranform: pSphere19 0.3738384849 -0.3022185129 -1.903224966 0 4.390046987 8.711812056 -0.5210641873 0 1.996271313 -0.973262367 0.5466620954 0 -108.6268423 12.52148442 -14.64647994 1


mesh: pSphereShape20 tranform: pSphere20 0.0372393048 0.1469966776 -2.616344587 0 0.2773310814 1.83689664 0.1071515278 0 5.879794931 -0.8896859934 0.0337029728 0 -107.821099 2.967713382 -13.44169989 1


mesh: pSphereShape21 tranform: pSphere21 1.126106305 -0.8938821106 -5.82065973 0 -0.8190916155 3.139035816 -0.6405308617 0 5.713752199 1.664341761 0.849829277 0 -108.9137384 38.72533653 -14.15670529 1


