mesh: pSphereShape1 tranform: pSphere1 0.1822514743 3.234997523 -0.7851402677 0 0.7426399905 0.3796209766 1.736530666 0 3.17528016 -0.4828418059 -1.2523782 0 -138.8545986 31.18061914 -6.819171326 1


mesh: pSphereShape2 tranform: pSphere2 0.7099793824 5.793713663 -0.8519791103 0 1.350894773 0.2579377564 2.879794716 0 2.696009693 -0.5096391923 -1.219034882 0 -138.5064768 38.91109775 -8.898152424 1


mesh: pSphereShape3 tranform: pSphere3 1.771399165 6.295404614 -1.30097104 0 1.155182161 0.2536570362 2.800340882 0 2.682546463 -0.9654238848 -1.019141375 0 -136.869607 49.34577111 -10.7630819 1


mesh: pSphereShape4 tranform: pSphere4 1.611324469 0.1513384805 -3.771443345 0 0.6922918029 3.276883469 0.4272701826 0 3.509115369 -0.9319636828 1.461849214 0 -133.7799136 55.6549694 -14.42687358 1


mesh: pSphereShape5 tranform: pSphere5 2.080197823 0.1206043391 -3.694157105 0 0.6189090139 3.051524829 0.44813479 0 3.405555722 -0.967697415 1.886092251 0 -130.5176321 56.27631322 -20.2444122 1


mesh: pSphereShape6 tranform: pSphere6 1.021940255 -5.625574219 -1.979674606 0 1.790178766 0.8233672005 -1.415615244 0 1.556932691 -0.3403659088 1.770920263 0 -128.8261125 49.72333066 -23.66992501 1


mesh: pSphereShape7 tranform: pSphere7 2.944017896 -4.790049461 -0.9872673281 0 1.5643985 1.198190439 -1.148396439 0 1.482158519 0.4072326635 2.443954677 0 -124.7207193 40.04530313 -25.188045 1


mesh: pSphereShape8 tranform: pSphere8 -0.4214554846 -4.269986508 -0.2615361271 0 0.7955773469 -0.0415037564 -0.6044287578 0 1.56190193 -0.281265966 2.075161666 0 -121.8650161 32.68113422 -26.047593 1


mesh: pSphereShape10 tranform: pSphere10 1.569985405 -0.201509644 -3.853864765 0 -0.02499277916 3.509270938 -0.1936731778 0 4.694431688 0.1385778064 1.905169205 0 -131.638042 65.74268321 -17.30263998 1


mesh: pSphereShape11 tranform: pSphere11 0.406089411 0.001807146529 -0.9138315624 0 2.292824092 2.971707771 1.024764229 0 1.81816258 -1.680275326 0.8046341335 0 -130.6618132 61.38147315 -15.87682973 1


mesh: pSphereShape12 tranform: pSphere12 3.251416175 0.2052748776 -6.40403546 0 0.4746779869 3.716830943 0.3601397456 0 5.229639908 -0.9222847896 2.625596625 0 -133.2137296 51.69909022 -17.10080472 1


mesh: pSphereShape13 tranform: pSphere13 2.212968846 0.2443221566 -4.448602854 0 0.8088875407 4.5806954 0.6539599963 0 3.90552716 -0.9595035441 1.890117466 0 -132.9630687 46.49283131 -17.41379722 1


mesh: pSphereShape14 tranform: pSphere14 2.2392969 0.2090065082 -4.500114351 0 0.8725552331 5.373700928 0.6837712235 0 3.822929847 -0.8577388538 1.862486439 0 -133.4627255 42.13500486 -17.87814975 1


mesh: pSphereShape15 tranform: pSphere15 1.401024216 0.03509009015 -3.148058815 0 -0.1484579874 8.627770557 0.03009982239 0 3.900974541 0.06106489431 1.736785395 0 -135.6666219 28.78105658 -14.36175088 1


mesh: pSphereShape16 tranform: pSphere16 0.9381085149 0.06840133733 -2.072038458 0 1.778867897 7.970772546 1.0685046 0 1.672629939 -0.4727105648 0.7416726982 0 -136.8169893 12.79848582 -14.28612334 1


mesh: pSphereShape17 tranform: pSphere17 0.9380927656 0.3705602209 -2.343721326 0 -0.1556461218 2.337035505 0.3072045657 0 5.864695933 0.08035194116 2.360094606 0 -134.6042128 2.491122684 -13.64797643 1


mesh: pSphereShape18 tranform: pSphere18 1.355314362 0.3790377737 -2.538887737 0 -3.475638831 7.314813029 -0.7633235412 0 2.568325606 1.384989958 1.577798038 0 -128.7766449 29.10920069 -20.85333018 1


mesh: pSphereShape19 tranform: pSphere19 0.8591329055 0.1542548905 -1.758252711 0 5.387549303 7.457294871 3.286754546 0 1.62425688 -1.466542898 0.664996056 0 -128.6540251 15.37950313 -22.79110221 1


mesh: pSphereShape20 tranform: pSphere20 0.2097903524 0.738661098 -2.505717777 0 0.8645309594 1.559497201 0.5321070798 0 5.244466552 -2.777771029 -0.3797685918 0 -129.5589565 5.40242683 -25.49641895 1


mesh: pSphereShape21 tranform: pSphere21 2.66873493 0.2490884389 -5.363117485 0 -1.466441687 2.903519508 -0.5948612948 0 4.676729757 2.866068691 2.460296026 0 -135.0529567 38.50363432 -18.9432887 1


