mesh: pSphereShape1 tranform: pSphere1 2.246565904 2.462697795 -0.05413888019 0 -0.9776242737 0.8606219152 -1.419417378 0 -1.851259962 1.740012284 2.330061215 0 35.9138329 34.43974249 -26.76766641 1


mesh: pSphereShape2 tranform: pSphere2 3.165433802 4.976751586 0.0950243392 0 -2.574941319 1.65501643 -0.902919707 0 -0.7417449916 0.4168063515 2.87929388 0 41.1831927 40.47870243 -26.60392126 1


mesh: pSphereShape3 tranform: pSphere3 1.184982011 6.336510709 1.70497788 0 -2.719451697 0.8033109282 -1.095431783 0 -1.241376167 -0.4986716454 2.716074326 0 45.17808048 49.99084079 -25.42327903 1


mesh: pSphereShape4 tranform: pSphere4 1.094680166 0.1838583018 3.951066469 0 -0.7322042097 3.295636391 0.04950544805 0 -3.675467767 -0.8324714643 1.057061046 0 46.46955659 56.36005621 -20.98889635 1


mesh: pSphereShape5 tranform: pSphere5 0.8541171114 0.1610261408 4.151279279 0 -0.6964608174 3.067576977 0.02430552428 0 -3.827563589 -0.8755165547 0.821474148 0 47.73525448 57.04670584 -14.42437706 1


mesh: pSphereShape6 tranform: pSphere6 0.06087828586 -5.338363916 2.847582003 0 -1.450670112 0.9024029948 1.722749297 0 -1.909532544 -0.6874157486 -1.247874988 0 48.22474697 50.7493124 -10.1641702 1


mesh: pSphereShape7 tranform: pSphere7 -2.413598717 -4.705138448 2.15005242 0 -1.30680385 1.288962587 1.353756449 0 -2.027037703 0.1015028138 -2.053378219 0 45.32550373 41.23158478 -6.605186956 1


mesh: pSphereShape8 tranform: pSphere8 0.9956020755 -4.177685812 0.1858182118 0 -0.5870720957 -0.10420009 0.8028005329 0 -2.026475962 -0.5520391232 -1.553573977 0 43.33391076 33.83701339 -4.546385014 1


mesh: pSphereShape10 tranform: pSphere10 0.1568907124 -0.232818935 4.156791381 0 0.3757228412 3.489854606 0.1812832878 0 -5.035533587 0.5307161288 0.219782311 0 47.17073754 66.4724017 -17.32195434 1


mesh: pSphereShape11 tranform: pSphere11 0.09523243408 -0.06851499757 0.9930943956 0 -2.197635518 3.181746399 0.4302546951 0 -2.133798619 -1.487608282 0.1019876448 0 45.3855493 62.28269482 -17.92849738 1


mesh: pSphereShape12 tranform: pSphere12 1.265316071 0.2531892939 7.068266089 0 -0.577177924 3.71965357 -0.02991737365 0 -5.760218754 -0.8852633207 1.062868384 0 47.65628058 52.41648088 -18.50184359 1


mesh: pSphereShape13 tranform: pSphere13 0.8010093171 0.245773261 4.903567207 0 -0.9574457863 4.598102377 -0.07406192367 0 -4.291152254 -0.8815284714 0.7451532545 0 47.5795117 47.21868331 -18.08419684 1


mesh: pSphereShape14 tranform: pSphere14 0.6900243992 0.2733010644 4.97577495 0 -1.022135098 5.388600045 -0.1542296383 0 -4.220453587 -0.7825737603 0.628262778 0 48.17885401 42.85190442 -17.96497171 1


mesh: pSphereShape15 tranform: pSphere15 0.6053122718 0.4455993583 3.362947031 0 -0.1540893036 8.556537148 -1.106028517 0 -4.203472853 0.02172947999 0.7537231589 0 48.28353741 29.33952632 -20.95285589 1


mesh: pSphereShape16 tranform: pSphere16 0.3666211362 0.373604933 2.214515296 0 -3.140189406 7.576504223 -0.7583418131 0 -1.720298739 -0.673129444 0.3983636332 0 50.38318222 13.66732507 -19.84798168 1


mesh: pSphereShape17 tranform: pSphere17 -0.07467651706 0.2845961289 2.534519882 0 -0.9429881124 2.149114221 -0.2691036913 0 -5.793748151 -2.528010807 0.1131595609 0 50.21038158 2.019889673 -19.05589253 1


mesh: pSphereShape18 tranform: pSphere18 0.1862385421 0.06066847171 2.896227225 0 4.069780609 7.031275211 -0.4089895704 0 -2.86429757 1.666570327 0.1492750034 0 45.02127177 30.23585376 -13.63643484 1


mesh: pSphereShape19 tranform: pSphere19 0.153814549 0.0004573468987 1.956961264 0 -0.8729014902 9.73002222 0.06633496327 0 -2.270968043 -0.2049507169 0.1785429611 0 41.01479303 15.05297674 -12.7962554 1


mesh: pSphereShape20 tranform: pSphere20 0.6931686473 0.1279027865 2.524165583 0 -0.04719661042 1.858429697 -0.08120827236 0 -5.733053926 -0.07663105466 1.578254052 0 36.79068729 5.397078787 -12.17736316 1


mesh: pSphereShape21 tranform: pSphere21 0.8223528631 0.3257129937 5.92999723 0 1.591725633 2.873643661 -0.3785740742 0 -5.20440558 2.956434384 0.5593440617 0 50.03585501 39.19126768 -17.92631502 1


