mesh: pSphereShape1 tranform: pSphere1 -1.072818864 3.092698531 -0.631779464 0 0.9120869194 -0.03018539161 -1.696570449 0 -2.826564769 -1.286246471 -1.496694052 0 140.2624267 31.3299692 -8.885038851 1


mesh: pSphereShape2 tranform: pSphere2 -1.486630538 5.493567553 -1.551677259 0 2.162645742 -0.07727204311 -2.345561469 0 -2.074167499 -1.091310382 -1.87646403 0 137.5907587 38.78587845 -10.08630727 1


mesh: pSphereShape3 tranform: pSphere3 -2.433129579 5.905883605 -1.913875441 0 2.098715707 0.1537313264 -2.19373103 0 -1.891255834 -1.397237432 -1.907256373 0 134.3824031 48.74623342 -12.61923268 1


mesh: pSphereShape4 tranform: pSphere4 -4.057471502 -0.1674882391 0.5932347623 0 -0.1976083764 3.345919146 -0.4069017281 0 -0.5414163733 -0.4994580907 -3.844068161 0 129.2419325 54.57052252 -14.06498887 1


mesh: pSphereShape5 tranform: pSphere5 -4.237538081 -0.176165846 0.02831463915 0 -0.1321876451 3.123392318 -0.3501767962 0 -0.008042267044 -0.4472738655 -3.9864111 0 122.5550562 54.73576714 -13.87111547 1


mesh: pSphereShape6 tranform: pSphere6 -2.031436771 -5.331957534 -2.013467712 0 -2.089262261 1.044064169 -0.656927163 0 0.9096068512 0.4661161065 -2.152068327 0 119.0284474 48.39528155 -15.80801103 1


mesh: pSphereShape7 tranform: pSphere7 -1.857139783 -3.30757288 -4.265853426 0 -1.744363216 1.427664667 -0.3475456047 0 1.605438098 1.506983166 -1.867382401 0 116.351931 40.75451302 -22.47955484 1


mesh: pSphereShape8 tranform: pSphere8 0.06896393554 -3.900004302 -1.806660197 0 -0.9152097771 0.1559487422 -0.3715791352 0 1.051928397 1.020443 -2.162657359 0 114.6051757 35.30435192 -27.98290507 1


mesh: pSphereShape10 tranform: pSphere10 -3.73486558 -0.3711873159 1.808516799 0 -0.5170323918 3.457978342 -0.3580219908 0 -2.118530999 -0.7864474241 -4.536506281 0 124.5124398 64.0941315 -15.35580784 1


mesh: pSphereShape11 tranform: pSphere11 -0.9524200313 -0.03839129644 0.3023610298 0 -0.9724682132 2.591715223 -2.734145003 0 -0.4540677866 -1.938993764 -1.67648503 0 125.5530521 59.69528032 -16.44395505 1


mesh: pSphereShape12 tranform: pSphere12 -7.157710364 -0.3114621838 0.543772688 0 -0.1808212164 3.752863174 -0.2305943977 0 -0.431239377 -0.3830468808 -5.895829723 0 126.924786 50.38272501 -13.57129239 1


mesh: pSphereShape13 tranform: pSphere13 -4.962541428 -0.2661473303 0.2221259873 0 -0.2634529026 4.681776726 -0.2762106649 0 -0.1837823436 -0.2717901911 -4.431555892 0 126.957805 45.24596169 -14.29186147 1


mesh: pSphereShape14 tranform: pSphere14 -5.025229005 0.163875994 0.1714106032 0 0.1728105671 5.481365246 -0.1741520286 0 -0.1521465171 -0.1328833064 -4.33342333 0 126.97462 40.85595468 -14.35968997 1


mesh: pSphereShape15 tranform: pSphere15 -2.965216292 -0.3888214152 1.711924275 0 -0.3916227294 8.527838408 1.258560401 0 -2.166990933 0.4396889686 -3.653570678 0 130.2980609 26.78127156 -15.72533697 1


mesh: pSphereShape16 tranform: pSphere16 -1.978401142 -0.1672605689 1.111765499 0 -1.652341183 7.875742094 -1.755489428 0 -0.8532478302 -0.5354080691 -1.598915546 0 132.5454204 11.14907384 -16.50316639 1


mesh: pSphereShape17 tranform: pSphere17 -2.203240527 0.2539419893 1.261589164 0 0.04098988895 2.328301571 -0.3970729636 0 -3.186809346 -0.8633991859 -5.391655534 0 132.3572029 0.3090645986 -18.37974935 1


mesh: pSphereShape18 tranform: pSphere18 -2.839073717 0.01813597373 -0.60483809 0 0.0131702464 8.132398785 0.1820283347 0 0.6914674509 0.07148120263 -3.243563388 0 122.3997805 27.55460631 -14.0583703 1


mesh: pSphereShape19 tranform: pSphere19 -1.923901443 0.02972999414 -0.3886848068 0 0.6742960006 9.38737422 -2.619583916 0 0.4258799577 -0.6323361277 -2.156375552 0 121.4886225 11.30919102 -12.51542977 1


mesh: pSphereShape20 tranform: pSphere20 -2.495520452 -0.1608902289 -0.7840572659 0 -0.1067779831 1.857277367 -0.04126119541 0 1.783862578 -0.02347196476 -5.672913613 0 122.9018159 1.957727228 -14.7214845 1


mesh: pSphereShape21 tranform: pSphere21 -5.988935268 0.1953030835 0.2042826318 0 0.154296316 2.598763169 2.03896036 0 -0.04022677193 3.712192307 -4.728341948 0 126.7964983 36.95579302 -13.09192814 1


