mesh: pSphereShape1 tranform: pSphere1 -0.9416157662 3.17889235 -0.3505324328 0 1.738588029 0.5803737999 0.5929948673 0 1.121010587 -0.02740558846 -3.259842889 0 -136.6703469 31.32555314 -9.464839346 1


mesh: pSphereShape2 tranform: pSphere2 -0.9272176926 5.779135398 -0.7341107091 0 3.108447369 0.5571824817 0.4601834603 0 0.4893793485 -0.2958853699 -2.947406677 0 -139.0434546 38.92022684 -10.42265139 1


mesh: pSphereShape3 tranform: pSphere3 -0.3430982575 6.340829632 -2.034370437 0 2.955421278 0.3573059435 0.6152351613 0 0.6912754489 -0.8665354483 -2.817446098 0 -140.4160728 49.32254224 -12.39326256 1


mesh: pSphereShape4 tranform: pSphere4 -2.312685627 0.199088973 -3.384509353 0 0.8666707504 3.238410194 -0.4017141294 0 3.073333156 -1.090957862 -2.164228352 0 -141.9758148 55.67853507 -16.84792251 1


mesh: pSphereShape5 tranform: pSphere5 -1.880348967 0.143699564 -3.79897398 0 0.803745284 3.028105229 -0.2832828598 0 3.4464837 -1.078197274 -1.74666333 0 -145.0040865 56.34883879 -22.76613901 1


mesh: pSphereShape6 tranform: pSphere6 -1.406009028 -5.478121766 -2.150320732 0 -0.02943705577 0.8929956097 -2.255733225 0 2.317050221 -0.5044365025 -0.2299326502 0 -147.2429054 49.94571844 -26.26002155 1


mesh: pSphereShape7 tranform: pSphere7 0.5269617755 -4.773940219 -3.085177153 0 0.08423632326 1.243639921 -1.909995122 0 2.872828617 0.1655635068 0.2345021206 0 -146.8149736 40.31406588 -30.73897161 1


mesh: pSphereShape8 tranform: pSphere8 -0.9394185632 -4.1946325 -0.03689985733 0 0.06072259986 -0.004818682307 -0.998143049 0 2.54437314 -0.5712168552 0.1575460199 0 -146.4366881 32.96965453 -33.74441116 1


mesh: pSphereShape10 tranform: pSphere10 -0.9166019723 0.1484996877 -4.061468035 0 0.425162608 3.488746791 0.03160751799 0 4.905853109 -0.5876354981 -1.128650597 0 -141.3250473 65.60150386 -19.85021133 1


mesh: pSphereShape11 tranform: pSphere11 -0.3117026463 0.02168218012 -0.9499322836 0 2.787694436 2.575724891 -0.8559393294 0 1.624612745 -1.950253047 -0.5776009924 0 -140.4920753 61.03236457 -19.86939506 1


mesh: pSphereShape12 tranform: pSphere12 -3.488787194 0.2603753568 -6.275833305 0 0.6863533325 3.694138219 -0.228284929 0 5.064868011 -1.117888932 -2.861981272 0 -144.0657168 51.77642036 -18.72584407 1


mesh: pSphereShape13 tranform: pSphere13 -2.436373329 0.1268765696 -4.335317649 0 0.9757477985 4.576122547 -0.4144294205 0 3.762692 -0.9964468716 -2.143729467 0 -144.2625739 46.57895557 -19.01964085 1


mesh: pSphereShape14 tranform: pSphere14 -2.503335309 0.1305528887 -4.361815192 0 1.044304092 5.368665087 -0.4386587891 0 3.671220064 -0.8884487949 -2.133580622 0 -144.9201182 42.22494139 -18.7847944 1


mesh: pSphereShape15 tranform: pSphere15 -2.382988752 0.3948572688 -2.457605911 0 0.4850278515 8.567662594 0.9062429118 0 3.075445497 0.1389608357 -2.959743178 0 -143.8193057 28.77460456 -16.08151394 1


mesh: pSphereShape16 tranform: pSphere16 -1.546736202 0.3374604699 -1.634563322 0 2.733822975 7.705402594 -0.9961279333 0 1.236039852 -0.6059150996 -1.294718872 0 -145.6475587 13.00915223 -16.01147024 1


mesh: pSphereShape17 tranform: pSphere17 -2.174355349 0.4898756967 -1.241999673 0 0.5307369651 2.301782127 -0.02127507509 0 2.987721946 -0.7399416483 -5.52242386 0 -146.6000297 2.398902217 -18.65809341 1


mesh: pSphereShape18 tranform: pSphere18 -0.9549941639 0.4800195684 -2.698900694 0 -1.711508561 7.703035475 1.975651962 0 3.053822085 0.9139696954 -0.9180252297 0 -145.9777499 28.94432112 -23.79201834 1


mesh: pSphereShape19 tranform: pSphere19 -0.6728391935 0.316313588 -1.816752501 0 1.946645281 9.527365026 0.9378579493 0 2.099735284 -0.3465319431 -0.8379770808 0 -145.5331081 13.18468162 -27.15922686 1


mesh: pSphereShape20 tranform: pSphere20 -1.185947225 -0.2725380603 -2.321100164 0 0.05550050496 1.843787163 -0.244850634 0 5.300120889 -0.5111931334 -2.648030519 0 -142.5532334 3.471184681 -29.60118978 1


mesh: pSphereShape21 tranform: pSphere21 -2.983408936 0.1555894863 -5.198296199 0 -1.312849753 2.916211808 0.8407561657 0 4.636220794 2.829887461 -2.576121347 0 -146.6825387 38.60379678 -17.99019136 1


