mesh: pSphereShape1 tranform: pSphere1 1.468687916 2.820268776 -1.001952918 0 1.444283526 -0.3130889257 1.235793436 0 1.70234683 -1.750938847 -2.433150198 0 84.44793667 32.93821352 -11.2913074 1


mesh: pSphereShape2 tranform: pSphere2 2.873997627 4.969263074 -1.357799421 0 1.985852151 -0.4785585916 2.45194598 0 1.83959308 -1.553907107 -1.793186109 0 87.61083989 39.82683792 -13.87600808 1


mesh: pSphereShape3 tranform: pSphere3 3.282937891 5.32562295 -2.307067164 0 1.924902579 -0.1700403995 2.346600327 0 1.808075098 -1.814021259 -1.614601888 0 92.48630732 48.93798846 -16.92861796 1


mesh: pSphereShape4 tranform: pSphere4 0.4751615196 -0.06810944421 -4.075860329 0 0.6520370093 3.312735131 0.02065682844 0 3.813497145 -0.7534513843 0.4571658749 0 95.99521354 54.36545177 -21.84143558 1


mesh: pSphereShape5 tranform: pSphere5 0.9738256724 -0.08814358795 -4.127040026 0 0.6259212739 3.081752095 0.08187502822 0 3.82180368 -0.8006430155 0.9189012131 0 97.49578856 54.65480185 -28.36106352 1


mesh: pSphereShape6 tranform: pSphere6 2.449071653 -5.291462172 -1.616488429 0 0.7196396036 0.9751701875 -2.101856805 0 2.060771516 0.6466050058 1.005569322 0 100.1193215 48.42188946 -31.54034908 1


mesh: pSphereShape7 tranform: pSphere7 5.687212737 -0.005965014344 -0.492024076 0 -0.1545296931 1.388198938 -1.803009057 0 0.153848674 2.290742522 1.750535936 0 108.2699334 44.10424064 -32.50937176 1


mesh: pSphereShape8 tranform: pSphere8 3.840323817 -1.383259107 1.348079325 0 0.4216379927 0.3591625225 -0.8326005558 0 0.4056753329 2.288634238 1.192696512 0 116.1283108 43.59103355 -32.15339902 1


mesh: pSphereShape10 tranform: pSphere10 0.3924884201 -0.003759129089 -4.147731024 0 0.02661779453 3.514599195 -0.0006665465849 0 5.045505419 -0.03812154915 0.4774769008 0 97.50690093 64.29950215 -24.92362877 1


mesh: pSphereShape11 tranform: pSphere11 0.09710533988 0.01134743127 -0.9952094196 0 2.582781347 2.895898908 0.2850283255 0 1.930409236 -1.738272819 0.1685354965 0 98.72975204 59.87534507 -24.18722903 1


mesh: pSphereShape12 tranform: pSphere12 0.6197441917 -0.1403909315 -7.156935281 0 0.468860543 3.734829989 -0.0326623972 0 5.855593382 -0.730535784 0.5213866607 0 95.88748807 50.25368199 -24.33253202 1


mesh: pSphereShape13 tranform: pSphere13 0.324454273 -0.3284962442 -4.95316176 0 0.5953229782 4.651633271 -0.2695023985 0 4.398313809 -0.5441198067 0.3241955543 0 96.29221155 45.08132594 -24.28814959 1


mesh: pSphereShape14 tranform: pSphere14 0.2586121694 -0.08505590151 -5.023449884 0 0.5107198801 5.462631252 -0.06619965508 0 4.313534793 -0.4005136565 0.2288464437 0 96.07692787 40.69392765 -24.15631705 1


mesh: pSphereShape15 tranform: pSphere15 -0.338963691 0.2329192332 -3.421290213 0 -4.217493969 7.4709954 0.926467983 0 3.701981946 2.117433578 -0.2226196586 0 99.8374985 28.27222791 -21.39338345 1


mesh: pSphereShape16 tranform: pSphere16 -0.2223480264 0.1481961422 -2.259794008 0 -3.127089403 7.577152196 0.8045896552 0 1.738491806 0.7305517168 -0.1231463022 0 107.6075524 14.09582992 -22.25750406 1


mesh: pSphereShape17 tranform: pSphere17 -0.05573660692 0.5108862526 -2.499250135 0 -1.033432181 2.076553068 0.4475272013 0 5.683509654 2.735309431 0.4323906704 0 115.8827427 6.322877306 -22.79593342 1


mesh: pSphereShape18 tranform: pSphere18 -0.2961273512 -0.4371681712 -2.854415909 0 0.9372706263 7.972020709 -1.318190937 0 3.27770282 -0.430679298 -0.2740799512 0 94.72248834 27.26278747 -27.12024283 1


mesh: pSphereShape19 tranform: pSphere19 -0.2349973953 -0.2986704268 -1.925857917 0 5.608815866 7.772363622 -1.889771954 0 1.852541034 -1.34124731 -0.01804463922 0 89.52312435 12.33762753 -24.63912332 1


mesh: pSphereShape20 tranform: pSphere20 -0.4572149831 -0.003469181517 -2.580541845 0 0.587109395 1.762545454 -0.1063923078 0 5.546869795 -1.906848501 -0.9802192441 0 88.92664422 2.850078769 -23.03017249 1


mesh: pSphereShape21 tranform: pSphere21 0.3082071565 -0.101367378 -5.986814958 0 -1.873653884 2.721000431 -0.1425289108 0 4.943811948 3.414563064 0.1966977309 0 94.58062467 36.87294179 -24.26286374 1


