mesh: pSphereShape1 tranform: pSphere1 0.1028326493 3.166358829 -1.038492668 0 1.917136532 -0.0002472001459 0.189083188 0 0.3212185602 -1.079073852 -3.258283247 0 105.4583942 30.27639129 16.61474561 1


mesh: pSphereShape2 tranform: pSphere2 0.7534652897 5.60534593 -1.676139671 0 3.056998977 -0.1401774375 0.9054135626 0 0.7719395578 -0.9259950762 -2.749707049 0 105.3886576 37.89991979 14.15496491 1


mesh: pSphereShape3 tranform: pSphere3 0.7368445708 6.061286238 -2.679621079 0 2.890835189 0.06323455885 0.9379605925 0 0.8745052496 -1.260290894 -2.610297948 0 106.3405209 48.0683483 10.76093698 1


mesh: pSphereShape4 tranform: pSphere4 -2.233796663 0.3177094561 -3.4281581 0 0.52742391 3.334729148 -0.0346199862 0 3.226012397 -0.5325645997 -2.151434188 0 105.600837 54.39549723 5.86659785 1


mesh: pSphereShape5 tranform: pSphere5 -1.899422734 0.3331501264 -3.777534828 0 0.4778084424 3.109055143 0.03394327303 0 3.534543663 -0.5232917495 -1.823392136 0 102.5525406 55.35674648 -0.02184009885 1


mesh: pSphereShape6 tranform: pSphere6 0.9555140491 -5.030880927 -3.223009265 0 -0.1452454732 1.286842064 -2.051726428 0 2.348223611 0.3941292346 0.08096265956 0 102.6971348 49.51097501 -4.625407909 1


mesh: pSphereShape7 tranform: pSphere7 2.8559114 -3.282507611 -3.695324864 0 -0.2444630481 1.59824048 -1.60862754 0 2.480612674 1.219083004 0.8342326834 0 107.3839392 42.05803847 -10.47629017 1


mesh: pSphereShape8 tranform: pSphere8 0.9263028684 -4.076799527 -1.0002396 0 0.2099038182 0.2776971521 -0.9374564944 0 2.491452038 0.4001399816 0.6763866192 0 111.2220268 36.42183936 -14.54927002 1


mesh: pSphereShape10 tranform: pSphere10 -2.84457753 0.4002007295 -3.017606997 0 0.3353942065 3.495553361 0.1474241615 0 3.671294269 -0.2051511629 -3.487989933 0 105.5839655 64.52427868 3.088930167 1


mesh: pSphereShape11 tranform: pSphere11 -0.6128202156 0.1451458791 -0.7767779973 0 2.383349706 2.755653629 -1.365374812 0 1.299548424 -1.798472605 -1.361303276 0 106.6908204 59.98735061 2.646832228 1


mesh: pSphereShape12 tranform: pSphere12 -3.671981015 0.5350121751 -6.152709361 0 0.3227530033 3.74805491 0.1332928407 0 5.066543554 -0.3277431351 -3.052248564 0 103.9534185 50.51831899 3.550333964 1


mesh: pSphereShape13 tranform: pSphere13 -2.668049225 0.2486980456 -4.191259285 0 0.4151873306 4.678907426 0.01333606283 0 3.729882177 -0.324152354 -2.393582603 0 104.2844505 45.39402045 2.725520504 1


mesh: pSphereShape14 tranform: pSphere14 -2.80737651 0.1602583163 -4.171584578 0 0.4223860932 5.470068966 -0.07411398427 0 3.584329987 -0.3096173183 -2.424062696 0 104.1222392 40.96986273 2.595734712 1


mesh: pSphereShape15 tranform: pSphere15 -2.183354567 0.1065469998 -2.663829019 0 -1.487510775 8.356760438 1.553459763 0 3.220892676 1.056213911 -2.597694619 0 107.9014017 27.84094384 4.435059215 1


mesh: pSphereShape16 tranform: pSphere16 -1.427614094 0.1671594796 -1.764099035 0 1.364573869 8.115714006 -0.3352795657 0 1.437905225 -0.2909807516 -1.191210876 0 109.3105425 12.15210398 3.355142974 1


mesh: pSphereShape17 tranform: pSphere17 -1.358189097 0.1091430843 -2.15726047 0 0.1626597169 2.356606506 0.01681978101 0 5.334418702 -0.34410202 -3.37590466 0 111.7469482 1.378965019 1.516854378 1


mesh: pSphereShape18 tranform: pSphere18 -1.515692735 0.1442072405 -2.471513181 0 -1.175670068 7.961253866 1.185518675 0 2.78820106 0.6606287516 -1.67136015 0 102.7295506 27.19698374 -1.665154718 1


mesh: pSphereShape19 tranform: pSphere19 -1.111736107 0.008575268329 -1.617815134 0 6.846093935 5.16672748 -4.677137449 0 0.9921360509 -1.941104177 -0.6920685417 0 98.75969718 14.41524026 0.1157471663 1


mesh: pSphereShape20 tranform: pSphere20 -1.879187108 -0.2270841886 -1.812551343 0 1.094089355 0.8517182497 -1.241018836 0 2.22621366 -5.262140022 -1.648793687 0 94.49553911 5.043614318 3.791655316 1


mesh: pSphereShape21 tranform: pSphere21 -3.345757213 0.1909916307 -4.971584375 0 -1.557834767 2.679981441 1.151341404 0 4.106655063 3.516403784 -2.628592039 0 102.8238063 37.12422 3.208362076 1


