mesh: pSphereShape1 tranform: pSphere1 1.085904099 3.036117969 0.8471539297 0 -1.733498886 0.7341102642 -0.4089360942 0 -1.00022842 -0.5498892303 3.25286895 0 64.55087546 31.84720846 -22.80466068 1


mesh: pSphereShape2 tranform: pSphere2 1.230663894 5.569129108 1.505763757 0 -3.009044802 0.8408470695 -0.650608765 0 -0.7797929204 -0.5949160054 2.837647682 0 67.31353623 39.07196114 -20.71092333 1


mesh: pSphereShape3 tranform: pSphere3 0.8243188176 6.029915477 2.724539913 0 -2.842183753 0.7420352841 -0.7823502541 0 -1.006624226 -1.06032606 2.651257109 0 69.39800135 49.05593724 -17.45672769 1


mesh: pSphereShape4 tranform: pSphere4 2.32209723 -0.3238762131 3.36838588 0 -0.1684780284 3.343632472 0.4376414812 0 -3.221325315 -0.4473505279 2.177703107 0 71.60542789 54.85464955 -12.43780444 1


mesh: pSphereShape5 tranform: pSphere5 2.217199551 -0.334230782 3.600122365 0 -0.1090020367 3.123502189 0.3571128189 0 -3.416827256 -0.3560472218 2.071259019 0 75.09592767 54.77194948 -6.688578203 1


mesh: pSphereShape6 tranform: pSphere6 1.724543919 -5.721376973 0.9499223833 0 0.3001741701 0.4821169722 2.358834198 0 -2.264524958 -0.6138978619 0.4136460626 0 77.50523153 47.87523622 -4.434903397 1


mesh: pSphereShape7 tranform: pSphere7 0.5193097621 -5.33693356 1.958052486 0 0.1147564201 0.7944130243 2.134843387 0 -2.871490936 -0.1960181347 0.2272960079 0 78.31887407 37.48520571 -1.972901531 1


mesh: pSphereShape8 tranform: pSphere8 1.5749732 -3.855302154 -1.065324067 0 0.1293067169 -0.2146837655 0.9680860777 0 -2.407211936 -1.010333095 0.09747744684 0 79.40891147 29.71283141 -0.701663229 1


mesh: pSphereShape10 tranform: pSphere10 3.57051737 -0.3203979112 2.122848281 0 0.257244107 3.503953809 0.09617499786 0 -2.585180904 0.07015566868 4.358724614 0 73.68671016 64.58975984 -8.900737365 1


mesh: pSphereShape11 tranform: pSphere11 0.7467158738 -0.02226756882 0.6647703056 0 -1.591791161 3.0061965 1.888707129 0 -1.365206194 -1.651574145 1.478171613 0 71.78756998 60.30113399 -8.545851308 1


mesh: pSphereShape12 tranform: pSphere12 3.390479808 -0.5555666257 6.310428471 0 0.0215997773 3.750716712 0.3186058487 0 -5.222848196 -0.2067449858 2.787940758 0 72.90816213 50.57895508 -10.65801281 1


mesh: pSphereShape13 tranform: pSphere13 2.156243802 -0.202073861 4.478478603 0 -0.1943383016 4.683375897 0.3048867103 0 -4.000331875 -0.2905259844 1.912922639 0 72.13556211 45.4367641 -10.42843455 1


mesh: pSphereShape14 tranform: pSphere14 1.997766241 0.07808266018 4.616491811 0 -0.3382958216 5.476150268 0.05377321167 0 -3.972423413 -0.2623250859 1.723485442 0 72.12174766 41.0173362 -10.49843751 1


mesh: pSphereShape15 tranform: pSphere15 1.184341084 -0.1158939437 3.233926292 0 1.177487497 8.547472814 -0.1249089955 0 -3.967849094 0.5681379623 1.473481463 0 69.4414503 27.43417334 -14.15948242 1


mesh: pSphereShape16 tranform: pSphere16 0.5918561232 0.2036393684 2.187763021 0 -6.695882694 4.592279354 1.383984589 0 -0.9845903709 -1.559630243 0.4115335842 0 73.05047856 14.5651912 -15.79092619 1


mesh: pSphereShape17 tranform: pSphere17 0.05234799547 -0.3161620193 2.531336373 0 -2.147765679 0.9695583479 0.165512872 0 -2.629220016 -5.711747121 -0.6590207146 0 79.8330627 4.679584073 -18.20585542 1


mesh: pSphereShape18 tranform: pSphere18 1.146019866 -0.1971962004 2.659746176 0 2.525112032 7.715360432 -0.5159848716 0 -2.868535465 1.026574688 1.312093345 0 71.28441037 27.63713656 -6.286097862 1


mesh: pSphereShape19 tranform: pSphere19 0.8018062974 -0.1497925882 1.785504231 0 -1.257723327 9.590753777 1.369402701 0 -2.066810354 -0.3987847538 0.8946753134 0 69.44142555 11.72247519 -6.295215687 1


mesh: pSphereShape20 tranform: pSphere20 1.683548284 0.2207246246 1.996296471 0 -0.08896348752 1.854123574 -0.1299788918 0 -4.548607551 0.05027549288 3.830444781 0 66.28774082 2.204358694 -4.858245018 1


mesh: pSphereShape21 tranform: pSphere21 2.380885067 0.0930568531 5.50181307 0 1.786520796 2.659662065 -0.8180940375 0 -4.460036134 3.570944977 1.869662309 0 73.44667114 37.15335257 -10.90392078 1


