mesh: pSphereShape1 tranform: pSphere1 2.677288794 1.96468071 0.2949986937 0 -0.6978834188 1.157167273 -1.372984935 0 -1.631104016 1.862531514 2.398847121 0 -78.70838896 33.32294436 -20.03301988 1


mesh: pSphereShape2 tranform: pSphere2 3.879461425 4.390238158 0.6874918926 0 -2.152399892 2.076390319 -1.113752272 0 -1.007489444 0.4530973463 2.791758269 0 -72.53097182 38.3230835 -19.00342858 1


mesh: pSphereShape3 tranform: pSphere3 1.254238419 6.161611596 2.218992662 0 -2.483449776 1.019190979 -1.426332265 0 -1.650531724 -0.5559182399 2.476579876 0 -67.86483001 47.14388187 -16.85134599 1


mesh: pSphereShape4 tranform: pSphere4 1.244864662 -0.2717232837 3.901222016 0 -0.7712733623 3.252922528 0.472679006 0 -3.620849006 -1.016115218 1.084625483 0 -66.34952173 52.98272752 -11.89796825 1


mesh: pSphereShape5 tranform: pSphere5 1.083135519 -0.3094973554 4.088960008 0 -0.6657409929 3.047426233 0.4070125588 0 -3.784363993 -0.9510052366 0.930467758 0 -64.73760199 52.92528461 -5.36814747 1


mesh: pSphereShape6 tranform: pSphere6 3.172306479 -4.407507345 2.6685032 0 -0.967078909 0.6010810214 2.142451883 0 -1.79277126 -1.521800515 -0.382284369 0 -61.15959016 47.26181365 -1.363545897 1


mesh: pSphereShape7 tranform: pSphere7 1.904693428 -4.450890818 3.024603422 0 -1.136877555 0.7552211809 1.827284261 0 -2.310070317 -1.534317179 -0.8031143776 0 -57.31904643 38.36331452 3.248464119 1


mesh: pSphereShape8 tranform: pSphere8 3.580268812 -2.223751921 0.8458210655 0 -0.3767348083 -0.2694496955 0.8862661823 0 -1.05923534 -2.122032974 -1.095418036 0 -53.52718326 32.11463527 6.379835916 1


mesh: pSphereShape10 tranform: pSphere10 0.2974204896 -0.4467167941 4.131551657 0 0.3496250177 3.479603074 0.3510573282 0 -5.030057841 0.4638201838 0.4122515396 0 -65.52244541 62.69967516 -7.556734822 1


mesh: pSphereShape11 tranform: pSphere11 0.1184870906 -0.1589515119 0.9801506141 0 -2.157944517 3.144419803 0.7707987307 0 -2.144015958 -1.476238711 0.01978046799 0 -67.25847835 58.55664084 -8.273440421 1


mesh: pSphereShape12 tranform: pSphere12 1.266162532 -0.5846086197 7.048445239 0 -0.5911603056 3.694606557 0.4126305547 0 -5.756579267 -1.027067405 0.9489089147 0 -65.05037836 48.78660163 -9.934968977 1


mesh: pSphereShape13 tranform: pSphere13 0.5630834298 -0.1812649126 4.939339213 0 -0.8556128528 4.611019525 0.2667558177 0 -4.340298077 -0.8322360247 0.4642513174 0 -65.1844746 43.59534014 -10.07717146 1


mesh: pSphereShape14 tranform: pSphere14 0.2859930507 0.09645573606 5.021759429 0 -0.9135498939 5.410017729 -0.05188586286 0 -4.270461693 -0.7186565462 0.2570097058 0 -64.68103635 39.2228291 -10.17982895 1


mesh: pSphereShape15 tranform: pSphere15 0.2239895851 0.4913320237 3.403350699 0 -2.437761652 8.213848377 -1.025369947 0 -4.087194816 -1.158565796 0.4362552319 0 -61.7022147 25.74728096 -13.2377833 1


mesh: pSphereShape16 tranform: pSphere16 -0.007928335182 0.4632522128 2.227869886 0 -6.949134944 4.323817682 -0.9238031328 0 -1.014422733 -1.561744458 0.3211313627 0 -53.81684112 13.05150905 -12.13351204 1


mesh: pSphereShape17 tranform: pSphere17 0.04280467139 0.3227891653 2.530679254 0 -2.168601082 0.9331263252 -0.08234026917 0 -2.504834102 -5.752788647 0.7761380441 0 -46.58776455 3.410411012 -10.79622684 1


mesh: pSphereShape18 tranform: pSphere18 -0.1572771572 0.1056591927 2.896652832 0 4.517111387 6.764977475 -0.001499531005 0 -2.752890104 1.838112042 -0.2165189274 0 -68.394239 26.93213677 -6.213860017 1


mesh: pSphereShape19 tranform: pSphere19 -0.08141031197 0.03231453892 1.961041725 0 -0.06318081553 9.767749999 -0.1635783183 0 -2.285161262 -0.01636530617 -0.09459607697 0 -73.56244317 12.03336352 -5.672985557 1


mesh: pSphereShape20 tranform: pSphere20 0.3702884739 0.1412841871 2.590594336 0 0.2419025321 1.840070797 -0.1349291247 0 -5.836181356 0.8251166181 0.789199115 0 -78.6319446 3.064966712 -5.501264039 1


mesh: pSphereShape21 tranform: pSphere21 0.3408389679 0.1149533999 5.984800318 0 1.66637812 2.852282333 -0.1496868906 0 -5.181222206 3.039427514 0.2366945976 0 -62.89645594 35.52669116 -10.1162251 1


