mesh: pSphereShape1 tranform: pSphere1 0.2042602319 3.148932902 -1.075810926 0 1.703259048 0.1900732276 0.8797418816 0 1.596693454 -1.079988916 -2.858003747 0 89.8041953 31.4701594 18.99202905 1


mesh: pSphereShape2 tranform: pSphere2 0.8859293846 5.61419526 -1.578923 0 2.59587097 0.1115064393 1.853020885 0 1.687237481 -0.9154963456 -2.308536883 0 90.02468436 39.02142023 16.32500352 1


mesh: pSphereShape3 tranform: pSphere3 1.331219155 6.018791417 -2.542539153 0 2.407082812 0.2450032887 1.840277831 0 1.74748609 -1.280073424 -2.115290131 0 91.49725918 49.13950829 13.00114778 1


mesh: pSphereShape4 tranform: pSphere4 -0.8649433837 -0.201496517 -4.006785106 0 0.3862783883 3.344739913 -0.2515888305 0 3.799800355 -0.4986457993 -0.7951853421 0 92.26341733 55.02046793 7.782802068 1


mesh: pSphereShape5 tranform: pSphere5 -0.2741688634 -0.2061478585 -4.22739868 0 0.347300517 3.121621694 -0.1747492184 0 3.978468443 -0.45583016 -0.2357960143 0 91.66425832 55.13424378 1.124757422 1


mesh: pSphereShape6 tranform: pSphere6 1.641022568 -5.284254808 -2.448316724 0 0.4487816626 1.115700277 -2.107237052 0 2.250407828 0.3828799221 0.6819930394 0 93.15086796 48.82470762 -2.797843783 1


mesh: pSphereShape7 tranform: pSphere7 3.879900447 -3.384054337 -2.465980689 0 0.2022053327 1.484777026 -1.719409074 0 2.102224695 1.368774066 1.429215053 0 99.22814824 41.09573199 -6.514207624 1


mesh: pSphereShape8 tranform: pSphere8 1.517022168 -4.007901936 -0.3379000702 0 0.2878131718 0.1881077886 -0.9390309037 0 2.325856771 0.8066304948 0.8744607762 0 104.2087486 35.47431795 -9.103394155 1


mesh: pSphereShape10 tranform: pSphere10 -1.52693351 -0.04678088716 -3.876083015 0 0.1537671703 3.509825704 -0.1029351032 0 4.710321249 -0.2606888147 -1.852424749 0 92.86862172 64.80824824 4.155840481 1


mesh: pSphereShape11 tranform: pSphere11 -0.2908397616 0.03002365928 -0.9563005871 0 2.568112233 2.839776008 -0.6918835891 0 1.803051436 -1.777766298 -0.6041762467 0 94.15729926 60.38897063 4.606759853 1


mesh: pSphereShape12 tranform: pSphere12 -1.220714767 -0.3733335632 -7.07078444 0 0.1983946487 3.751867023 -0.2323477933 0 5.829499369 -0.3693757648 -0.9869139207 0 91.63006487 50.81327528 5.536906884 1


mesh: pSphereShape13 tranform: pSphere13 -0.8180337494 -0.5047023938 -4.880890089 0 0.212162215 4.663859338 -0.517818836 0 4.378594869 -0.2774775085 -0.7051572055 0 92.37258992 45.67823811 5.612882606 1


mesh: pSphereShape14 tranform: pSphere14 -0.9176636721 -0.2952993418 -4.937596093 0 0.2137638433 5.470397802 -0.3668927449 0 4.261997997 -0.2187915455 -0.7790170886 0 92.43696407 41.27715346 5.923584556 1


mesh: pSphereShape15 tranform: pSphere15 -1.406214544 -0.1222022837 -3.14356513 0 -2.966468604 8.039420572 1.014471026 0 3.611822483 1.544180441 -1.675708778 0 96.08274788 28.33276967 8.672857573 1


mesh: pSphereShape16 tranform: pSphere16 -0.9303894349 -0.0161100969 -2.076580281 0 -0.4484691297 8.223098986 0.1371370138 0 1.721519893 0.1067647435 -0.7721367313 0 100.4786848 13.01166107 8.010678769 1


mesh: pSphereShape17 tranform: pSphere17 -0.5704622552 0.08888894727 -2.485363986 0 -0.0771950464 2.358803872 0.1020810049 0 6.158772413 0.2623245694 -1.404232726 0 105.6182929 2.590037978 7.059425514 1


mesh: pSphereShape18 tranform: pSphere18 -0.7787746264 -0.4791663725 -2.755069376 0 0.3899181538 7.985606771 -1.499088418 0 3.191654352 -0.3149203662 -0.8474124813 0 90.52162569 27.60266707 3.620359189 1


mesh: pSphereShape19 tranform: pSphere19 -0.5464873777 -0.3069060707 -1.860246415 0 3.420864184 8.814196124 -2.459130876 0 2.045562106 -0.91924467 -0.4492695671 0 87.52284826 11.86631202 6.724691758 1


mesh: pSphereShape20 tranform: pSphere20 -0.749702363 -0.1079779155 -2.50889237 0 0.2022724649 1.844483091 -0.139825681 0 5.661517247 -0.7466740683 -1.659628208 0 89.2542936 2.401369087 8.225690767 1


mesh: pSphereShape21 tranform: pSphere21 -1.093647339 -0.35192996 -5.884496676 0 -1.985715847 2.635710873 0.2114177811 0 4.680272674 3.61317192 -1.085929954 0 91.14556868 37.39887399 6.299689219 1


