mesh: pSphereShape1 tranform: pSphere1 2.14834242 2.549193316 -0.03328808916 0 -0.9754644709 0.803087115 -1.454195705 0 -1.975405271 1.694302196 2.26077543 0 38.93231094 35.24744352 -26.9788083 1


mesh: pSphereShape2 tranform: pSphere2 3.03132713 5.059511228 0.09725788019 0 -2.606721134 1.57994602 -0.9452204413 0 -0.7872208395 0.4165348651 2.867233592 0 44.00758184 41.44965161 -26.78592059 1


mesh: pSphereShape3 tranform: pSphere3 1.150996791 6.361233846 1.634750821 0 -2.714625517 0.7800034355 -1.12387709 0 -1.258331505 -0.469637342 2.713446247 0 47.86934005 51.06055246 -25.65903572 1


mesh: pSphereShape4 tranform: pSphere4 1.06700518 0.229661953 3.956236863 0 -0.6476293432 3.3136168 -0.01769050846 0 -3.704092448 -0.7183897581 1.040704277 0 49.13741853 57.49894157 -21.30165437 1


mesh: pSphereShape5 tranform: pSphere5 0.8797816214 0.2194652778 4.143233568 0 -0.6222533641 3.083424139 -0.03119724231 0 -3.843119296 -0.7668967499 0.8566770074 0 50.4212676 58.27772107 -14.74591133 1


mesh: pSphereShape6 tranform: pSphere6 -0.1216765226 -5.284790148 2.943933872 0 -1.380495166 0.9951242589 1.729335389 0 -1.958612523 -0.6254034155 -1.203642175 0 50.71476562 52.0556329 -10.37039583 1


mesh: pSphereShape7 tranform: pSphere7 -2.77623714 -4.490137244 2.172023679 0 -1.203173375 1.39458941 1.345106532 0 -2.01103719 0.2485887435 -2.05656992 0 47.28532249 42.81193626 -6.691843592 1


mesh: pSphereShape8 tranform: pSphere8 0.5037165503 -4.259370747 0.2878213355 0 -0.5765618627 -0.01298032158 0.8169503839 0 -2.112453373 -0.3509402014 -1.496437718 0 44.61986001 35.65909846 -4.510715489 1


mesh: pSphereShape10 tranform: pSphere10 0.1724419701 -0.1369980681 4.160436183 0 0.4064505526 3.489741738 0.09806633832 0 -5.029815438 0.5794284624 0.2275559153 0 49.92184958 67.66419007 -17.87998162 1


mesh: pSphereShape11 tranform: pSphere11 0.09850612499 -0.04185830905 0.9942557142 0 -2.169560953 3.210708896 0.3501210832 0 -2.14561937 -1.466301248 0.1508462631 0 48.09756767 63.47686557 -18.38948606 1


mesh: pSphereShape12 tranform: pSphere12 1.339378494 0.3586426318 7.050032326 0 -0.4707172873 3.733386983 -0.100493599 0 -5.772805 -0.6973774191 1.132204757 0 50.19543655 53.5732237 -18.73072771 1


mesh: pSphereShape13 tranform: pSphere13 0.9289549343 0.3558564293 4.87415641 0 -0.8502712982 4.616400274 -0.174986588 0 -4.290775842 -0.7572027806 0.8730521777 0 49.99155933 48.38894108 -18.18194341 1


mesh: pSphereShape14 tranform: pSphere14 0.8893207912 0.3424274082 4.939738403 0 -0.9111645084 5.406562872 -0.2107475508 0 -4.208597446 -0.6779056496 0.8046836411 0 50.50043036 44.0089822 -17.97616267 1


mesh: pSphereShape15 tranform: pSphere15 0.5596659347 0.3990879426 3.3766666 0 -0.3264411475 8.569461287 -0.9587178918 0 -4.210768698 -0.08124885272 0.7075170633 0 50.4285219 30.47926278 -21.15616869 1


mesh: pSphereShape16 tranform: pSphere16 0.3544001493 0.3042790927 2.227079807 0 -2.385530547 7.852888974 -0.6933014008 0 -1.784664009 -0.5109049485 0.3538009203 0 52.07638949 14.54930604 -20.27302044 1


mesh: pSphereShape17 tranform: pSphere17 -0.02156993239 0.3294588715 2.530089753 0 -1.054675548 2.09489717 -0.2817812044 0 -5.656921895 -2.805327325 0.3170719738 0 51.20839389 2.439461932 -19.40623147 1


mesh: pSphereShape18 tranform: pSphere18 0.1420061181 -0.02390806211 2.899268919 0 3.695723453 7.245421986 -0.1212689655 0 -2.950630314 1.507675795 0.1569544517 0 47.68340056 31.08391577 -14.00823299 1


mesh: pSphereShape19 tranform: pSphere19 0.1290547829 -0.06575319052 1.957646009 0 -2.110615236 9.527548217 0.4591492437 0 -2.228093329 -0.4998537341 0.1300945738 0 45.02616253 15.7964859 -13.78811809 1


mesh: pSphereShape20 tranform: pSphere20 0.7404296453 0.1184360827 2.511173157 0 -0.2696669714 1.841143489 -0.007322634245 0 -5.639066975 -0.8191712669 1.701336997 0 42.07538442 5.700353798 -13.47251094 1


mesh: pSphereShape21 tranform: pSphere21 1.059869042 0.4080959454 5.887049825 0 1.637223178 2.830754196 -0.490986412 0 -5.113790951 3.080312071 0.7071259752 0 52.2783122 40.3092109 -17.94396199 1


