mesh: pSphereShape1 tranform: pSphere1 -1.803412657 2.717779315 -0.6901073777 0 0.8848481134 0.9487626745 1.424099083 0 2.428876308 1.050745113 -2.209182212 0 85.39544739 34.45433439 -12.00996691 1


mesh: pSphereShape2 tranform: pSphere2 -2.441710705 5.238073672 -1.182239474 0 2.460870632 1.464936368 1.408099197 0 1.45253155 0.08434088976 -2.626268289 0 81.12841733 40.97725333 -13.87961571 1


mesh: pSphereShape3 tranform: pSphere3 -0.457953375 6.233995967 -2.321653052 0 2.438421108 0.7880876598 1.635150487 0 1.795882723 -0.7337484851 -2.324471198 0 78.27354615 50.69168763 -16.5887873 1


mesh: pSphereShape4 tranform: pSphere4 -0.2666434765 -0.1753734742 -4.091601177 0 0.5967853803 3.318258042 -0.1811181827 0 3.843978668 -0.7033634026 -0.2203588554 0 78.15718407 56.72030594 -21.61939898 1


mesh: pSphereShape5 tranform: pSphere5 -0.04403292956 -0.1907587566 -4.236772039 0 0.5564928463 3.092726675 -0.1450322792 0 3.947945382 -0.7108008223 -0.009027655837 0 78.181295 56.84951538 -28.34175447 1


mesh: pSphereShape6 tranform: pSphere6 0.4340615463 -5.638543391 -2.15150592 0 1.255819323 0.823762665 -1.905511212 0 2.031298545 -0.3042562606 1.207187343 0 78.53230853 50.1477647 -31.9432595 1


mesh: pSphereShape7 tranform: pSphere7 3.154105148 -4.497519378 -1.552563092 0 1.044617906 1.276376851 -1.575262816 0 2.01051307 0.7421446397 1.93458143 0 82.63976637 40.78718141 -34.32404801 1


mesh: pSphereShape8 tranform: pSphere8 0.4054392115 -4.277955364 -0.1163082022 0 0.5607400155 0.07556095663 -0.8245369469 0 2.149015819 0.1635292666 1.476459722 0 86.25489112 33.87498372 -35.79298386 1


mesh: pSphereShape10 tranform: pSphere10 -0.01242950268 -0.2667118778 -4.157696985 0 0.0168539264 3.5074471 -0.2250494183 0 5.068110408 -0.02522153872 -0.01353326328 0 79.20969691 66.52471883 -25.40830674 1


mesh: pSphereShape11 tranform: pSphere11 0.006206084391 -0.04768509088 -0.9988431391 0 2.663815581 2.833412068 -0.1187169867 0 1.897314251 -1.779694963 0.09675173672 0 80.54616708 62.08969354 -24.49199222 1


mesh: pSphereShape12 tranform: pSphere12 0.02556792145 -0.3335043952 -7.177300063 0 0.3215793226 3.746535672 -0.172943027 0 5.90228257 -0.5045624062 0.04447116248 0 77.73665612 52.53901446 -23.95448012 1


mesh: pSphereShape13 tranform: pSphere13 0.03276066732 -0.21369248 -4.969935014 0 0.7397873398 4.634615098 -0.1943982093 0 4.388131322 -0.6979709923 0.05893623596 0 78.16358464 47.32902306 -23.90559349 1


mesh: pSphereShape14 tranform: pSphere14 0.00965739251 -0.07400523177 -5.030267732 0 0.9677955024 5.400269339 -0.07759066194 0 4.270105017 -0.7649764953 0.01945231313 0 77.66699643 42.91252459 -23.79988538 1


mesh: pSphereShape15 tranform: pSphere15 -0.1392533909 -0.08215996449 -3.44212619 0 -1.978761938 8.398295901 -0.1204065048 0 4.153185769 0.9758087702 -0.1913112939 0 79.41743337 29.84380161 -19.49500662 1


mesh: pSphereShape16 tranform: pSphere16 0.06648832748 0.2363845559 -2.262249178 0 6.139670445 5.439031925 0.7487767403 0 1.258487347 -1.405475828 -0.1098720968 0 76.90206768 16.45877783 -19.1894608 1


mesh: pSphereShape17 tranform: pSphere17 0.6699748951 -0.6954012996 -2.361760624 0 1.878462436 1.427961929 0.112422948 0 3.455469907 -4.732497654 2.373679641 0 71.40823283 6.072276153 -18.1012685 1


mesh: pSphereShape18 tranform: pSphere18 -0.01020315835 -0.1318001657 -2.89983141 0 -1.7655839 7.932614922 -0.3543328158 0 3.238116673 0.7187484047 -0.04406124285 0 78.71638228 29.24545522 -27.34036537 1


mesh: pSphereShape19 tranform: pSphere19 -0.04744048549 -0.1222202601 -1.958613827 0 3.982158153 8.897048322 -0.6516420229 0 2.08780922 -0.933901225 0.007706964696 0 77.82231111 13.61245267 -26.87604022 1


mesh: pSphereShape20 tranform: pSphere20 -0.5003114166 0.1816934565 -2.566111798 0 0.7006065265 1.723810392 -0.01454199121 0 5.390972069 -2.201228962 -1.20692862 0 78.63866266 2.97224947 -26.5916191 1


mesh: pSphereShape21 tranform: pSphere21 0.01150942545 -0.08819748157 -5.994940289 0 -1.641128547 2.870431051 -0.04538047474 0 5.218978079 2.983341759 -0.03387119485 0 75.84906476 39.2323824 -23.84331722 1


