mesh: pSphereShape1 tranform: pSphere1 -1.547674499 2.949088274 0.1498392738 0 1.706186828 0.892070067 0.06559342646 0 0.03208365172 0.1917123617 -3.441832139 0 127.4483071 30.97389112 3.06174844 1


mesh: pSphereShape2 tranform: pSphere2 -2.128039161 5.501665688 -0.01345822273 0 2.951872675 1.140773746 -0.4120062502 0 -0.3590595795 -0.1461668612 -2.977239978 0 123.5785702 37.98476565 3.36872609 1


mesh: pSphereShape3 tranform: pSphere3 -1.953294262 6.201874257 -1.477801451 0 2.90642411 0.8610890882 -0.2278623345 0 -0.02100937031 -0.7080354602 -2.943635905 0 119.9321433 47.96637202 2.556705916 1


mesh: pSphereShape4 tranform: pSphere4 -3.387413947 0.2292650474 -2.305627697 0 0.4125162917 3.339845556 -0.2739616595 0 2.157353548 -0.5307862012 -3.22235035 0 116.0224353 54.3267145 -0.6351618905 1


mesh: pSphereShape5 tranform: pSphere5 -3.1969229 0.2350102395 -2.777232303 0 0.3678220435 3.120093075 -0.1593834597 0 2.594041238 -0.4603326786 -3.025001805 0 110.9290887 55.1431453 -4.910511738 1


mesh: pSphereShape6 tranform: pSphere6 -1.541868089 -5.632591884 -1.583385673 0 -0.9463986692 0.8408975685 -2.069748999 0 2.10804102 -0.2747153681 -1.075519158 0 108.1857364 48.59834036 -7.567431788 1


mesh: pSphereShape7 tranform: pSphere7 -0.5860965154 -4.92033992 -2.834300256 0 -0.7314671971 1.143055416 -1.833084131 0 2.718511945 0.2214948497 -0.9466676382 0 107.5043684 38.78928444 -11.78173365 1


mesh: pSphereShape8 tranform: pSphere8 -0.9536547677 -4.161427245 0.5018730099 0 -0.1514271892 -0.08407657942 -0.9848862549 0 2.516455603 -0.6169936626 -0.3342366495 0 107.0171072 31.26863024 -14.27075471 1


mesh: pSphereShape10 tranform: pSphere10 -3.781114584 0.1752920579 -1.740740973 0 0.2181548403 3.505841786 -0.1208233908 0 2.104916414 -0.2895576971 -4.601309119 0 114.4860776 64.39211107 -3.390515058 1


mesh: pSphereShape11 tranform: pSphere11 -0.8527267623 0.09400954581 -0.5138280589 0 1.591036747 2.848831801 -2.119195734 0 0.8460820002 -1.756021711 -1.725401236 0 115.5665026 59.96545743 -3.955265868 1


mesh: pSphereShape12 tranform: pSphere12 -5.314932201 0.3918063915 -4.819076523 0 0.3396446866 3.748281642 -0.06984487086 0 3.95035454 -0.4398058522 -4.392581275 0 113.6542525 50.38863872 -2.061802472 1


mesh: pSphereShape13 tranform: pSphere13 -3.71202535 0.4214326215 -3.284852223 0 0.4938829653 4.671093825 0.04117239376 0 2.921177545 -0.2794487402 -3.336909294 0 113.704493 45.28223387 -2.936298888 1


mesh: pSphereShape14 tranform: pSphere14 -3.735383414 0.2300172279 -3.362018191 0 0.3617779596 5.474844666 -0.02738557352 0 2.89176803 -0.2072302805 -3.227088093 0 113.5201742 40.87556454 -3.123925819 1


mesh: pSphereShape15 tranform: pSphere15 -2.238051009 0.4022483069 -2.589150141 0 1.74426906 8.448716542 -0.1951533039 0 3.130411829 -0.7113406926 -2.816428767 0 114.8591166 27.48718037 0.3495357963 1


mesh: pSphereShape16 tranform: pSphere16 -1.453106818 0.3143153468 -1.72271766 0 3.455948662 7.307075706 -1.581882274 0 1.219101024 -0.8320650932 -1.180120739 0 111.047642 12.06276278 2.143217407 1


mesh: pSphereShape17 tranform: pSphere17 -1.433953973 0.2276735083 -2.098166663 0 0.4508501733 2.318160503 -0.05658018724 0 5.088296321 -1.077333275 -3.594406061 0 110.77936 1.651265001 1.591797578 1


mesh: pSphereShape18 tranform: pSphere18 -2.488501917 -0.1325050873 -1.488723685 0 -1.720912624 7.640869855 2.196539405 0 1.557122049 1.127802229 -2.703215364 0 112.0901203 27.16255933 -7.434429547 1


mesh: pSphereShape19 tranform: pSphere19 -1.696918723 -0.05761766499 -0.9851413946 0 -1.198725522 9.578038867 1.504632285 0 1.115018744 0.4453564452 -1.946681554 0 114.6400097 11.34881374 -11.38938332 1


mesh: pSphereShape20 tranform: pSphere20 -2.447222295 -0.237770043 -0.9070954939 0 -0.2673160738 1.825438196 0.2426947755 0 1.948842088 1.019953416 -5.525067876 0 118.128908 2.92495561 -17.27493884 1


mesh: pSphereShape21 tranform: pSphere21 -4.451731343 0.2741284601 -4.006764526 0 -1.247121311 2.632111869 1.565698648 0 3.327936452 3.628586337 -3.449261901 0 112.4300357 37.00087335 -2.318584455 1


