mesh: pSphereShape1 tranform: pSphere1 0.9165408697 3.179406332 0.4076739113 0 -1.29879226 0.5430314663 -1.315074327 0 -2.363070623 0.3627562793 2.483605559 0 -40.71096958 33.8510704 -22.84038921 1


mesh: pSphereShape2 tranform: pSphere2 0.9614018483 5.785400266 0.6339616542 0 -2.813324638 0.6180721113 -1.373993276 0 -1.330254684 -0.07377464983 2.690581014 0 -38.39497914 41.43668721 -21.69419562 1


mesh: pSphereShape3 tranform: pSphere3 -0.009798847932 6.452466421 1.681689917 0 -2.633480034 0.3791933188 -1.470269401 0 -1.512286431 -0.6636587163 2.537576561 0 -37.19213178 51.90227921 -20.01224484 1


mesh: pSphereShape4 tranform: pSphere4 0.7102162324 0.2814230247 4.03230068 0 -0.5499210694 3.328518323 -0.135445957 0 -3.80187815 -0.5991765008 0.7114493354 0 -37.10578424 58.46865672 -15.62165292 1


mesh: pSphereShape5 tranform: pSphere5 0.237397732 0.2882821678 4.224819619 0 -0.5334383195 3.094880443 -0.1812057945 0 -3.946954982 -0.6646622313 0.2671376607 0 -36.67236982 59.35203154 -8.99841948 1


mesh: pSphereShape6 tranform: pSphere6 -1.01913269 -5.341522919 2.653311175 0 -0.9162198426 1.137228292 1.937496605 0 -2.169237582 -0.07407633568 -0.9823278178 0 -37.51640779 53.15100696 -4.771697731 1


mesh: pSphereShape7 tranform: pSphere7 -3.122695116 -4.132460799 2.399594747 0 -0.7465836279 1.475989643 1.570313611 0 -2.224417819 0.6901219553 -1.706236745 0 -42.23939151 44.41889686 -1.048556343 1


mesh: pSphereShape8 tranform: pSphere8 -0.2937297468 -4.135009608 1.137641871 0 -0.7064543325 0.233958094 0.6679714712 0 -1.840353506 -0.369190839 -1.817069404 0 -45.91163155 37.84105358 1.460865267 1


mesh: pSphereShape10 tranform: pSphere10 0.06008326236 -0.02456348519 4.165755702 0 0.3776526975 3.494318982 0.01515740503 0 -5.038319043 0.5441932135 0.07587721158 0 -36.70073303 68.69579865 -12.50969697 1


mesh: pSphereShape11 tranform: pSphere11 0.05109473041 0.01280655002 0.9986116967 0 -2.25891483 3.167004146 0.07496432047 0 -2.115328532 -1.511811715 0.1276204092 0 -38.50782966 64.44254784 -13.04769085 1


mesh: pSphereShape12 tranform: pSphere12 0.8381997892 0.4671339295 7.120724829 0 -0.3363913289 3.743562743 -0.2059877427 0 -5.859663354 -0.4868303201 0.7216938825 0 -36.4092824 54.56908775 -12.89420662 1


mesh: pSphereShape13 tranform: pSphere13 0.6742520299 0.4159540452 4.911146324 0 -0.7180659218 4.63279598 -0.2937955272 0 -4.349958765 -0.6329548225 0.6508151938 0 -36.80173283 49.40055138 -12.25915567 1


mesh: pSphereShape14 tranform: pSphere14 0.7245928731 0.4919950623 4.953995309 0 -0.8080710294 5.410810892 -0.4191707104 0 -4.245088231 -0.5814034937 0.6786458436 0 -36.38999059 45.01383832 -11.8980994 1


mesh: pSphereShape15 tranform: pSphere15 0.7859033957 0.3532336054 3.336458653 0 0.239655159 8.571740791 -0.9639480184 0 -4.156326839 0.2236406292 0.9553464682 0 -37.01571154 31.28336473 -14.68147932 1


mesh: pSphereShape16 tranform: pSphere16 0.4697428518 0.3493949419 2.19893941 0 -3.614384054 7.390116052 -0.4021202639 0 -1.652674114 -0.7823213454 0.4773532949 0 -34.96685677 15.81007074 -13.99703994 1


mesh: pSphereShape17 tranform: pSphere17 0.0235433563 0.1639015015 2.546162716 0 -1.48320494 1.835627675 -0.104448356 0 -4.920386618 -3.958631548 0.3003217607 0 -33.68883028 3.535875364 -13.56138929 1


mesh: pSphereShape18 tranform: pSphere18 0.4560072916 0.1844323628 2.860863445 0 3.162599652 7.429720091 -0.9830770978 0 -3.011487152 1.33403072 0.3940144939 0 -38.62163433 32.14349175 -6.676596949 1


mesh: pSphereShape19 tranform: pSphere19 0.3792675063 0.02435279604 1.925855554 0 -6.297021913 7.380522753 1.146773146 0 -1.691890889 -1.498226585 0.3521371285 0 -37.45873072 18.31229022 -6.008065572 1


mesh: pSphereShape20 tranform: pSphere20 1.08926874 0.8936895003 2.209766159 0 -1.183329625 1.436073783 0.002516062014 0 -3.867022795 -3.1920413 3.197135052 0 -34.89978357 8.089750419 -5.08293325 1


mesh: pSphereShape21 tranform: pSphere21 0.8635506577 0.5863467271 5.904040829 0 1.702725832 2.785518978 -0.525685719 0 -5.080100992 3.185868734 0.4266401471 0 -34.67966316 41.28843743 -11.68274698 1


