mesh: pSphereShape1 tranform: pSphere1 3.097782061 1.230459328 0.06771970954 0 -0.6976267307 1.772247368 -0.2891733174 0 -0.2554039235 0.4554626126 3.407537836 0 23.71452551 51.04566524 -8.968790699 1


mesh: pSphereShape2 tranform: pSphere2 5.7708384 0.5690650783 -1.081964061 0 -0.3756114516 3.150157005 -0.3465444544 0 0.5121305597 0.383760991 2.933376247 0 31.4256548 51.8005254 -9.856219465 1


mesh: pSphereShape3 tranform: pSphere3 6.565432056 1.16499003 -0.020001197 0 -0.526537218 2.95960105 -0.4519036995 0 -0.06979497336 0.4447401972 2.99400781 0 41.95919386 53.0172219 -11.21189278 1


mesh: pSphereShape4 tranform: pSphere4 4.080562264 0.2257900412 0.3756131741 0 -0.2016419472 3.366186957 0.1670895302 0 -0.3464861039 -0.2139828213 3.89276365 0 50.52879496 55.34098806 -10.84921836 1


mesh: pSphereShape5 tranform: pSphere5 4.221448264 0.2334957906 0.3367779368 0 -0.1955202071 3.126889138 0.2828658796 0 -0.2967591563 -0.3788192136 3.982464319 0 57.17718534 56.14861161 -10.05714947 1


mesh: pSphereShape6 tranform: pSphere6 6.013711859 -0.1104308254 -0.6585084947 0 0.04568833575 2.425787226 0.01043995798 0 0.2590517907 -0.01507152164 2.368271934 0 64.66231382 54.98596405 -10.52421927 1


mesh: pSphereShape7 tranform: pSphere7 5.655029927 0.7064109863 0.3288343499 0 -0.2894493517 2.258839807 0.1252165117 0 -0.1450999482 -0.1781310714 2.877978823 0 75.35518721 55.12289254 -9.614606127 1


mesh: pSphereShape8 tranform: pSphere8 3.866739432 -0.9640075582 -1.611777354 0 0.1998464683 0.9743638676 -0.1033268727 0 1.014953271 0.04705678561 2.406782009 0 83.23356742 55.40638147 -10.08240402 1


mesh: pSphereShape10 tranform: pSphere10 4.148288429 0.3530451523 -0.1574679831 0 -0.2764520212 3.468773831 0.4942659654 0 0.2494503954 -0.6945888549 5.014168246 0 52.87337833 65.21224445 -8.159581508 1


mesh: pSphereShape11 tranform: pSphere11 0.9930541973 0.1156496756 0.02164517941 0 -0.3544867629 2.487963399 2.970287592 0 0.1937998782 -1.978627835 1.680461224 0 52.51231015 60.59224049 -7.456720278 1


mesh: pSphereShape12 tranform: pSphere12 7.150673985 0.3878907236 0.5855915256 0 -0.2133191311 3.756427371 0.1166209329 0 -0.4718936689 -0.2100114072 5.901416102 0 53.27925634 51.3907074 -10.58592002 1


mesh: pSphereShape13 tranform: pSphere13 4.941109301 0.2920310855 0.4971403186 0 -0.3283189574 4.655961409 0.5281695731 0 -0.4108390552 -0.5273232832 4.393116765 0 53.68814514 46.22153766 -9.886344266 1


mesh: pSphereShape14 tranform: pSphere14 4.983720132 0.3188304016 0.6083126753 0 -0.4265235075 5.431799504 0.6474482444 0 -0.4868492463 -0.5478827429 4.275765031 0 53.97161727 41.8035269 -10.14733738 1


mesh: pSphereShape15 tranform: pSphere15 3.435833917 -0.1273302888 0.2306659124 0 0.3915257376 8.548022631 -1.113277707 0 -0.2628221533 0.5623222612 4.225218691 0 49.64409661 28.35675953 -9.639339303 1


mesh: pSphereShape16 tranform: pSphere16 2.269432712 -0.02789092329 0.164216196 0 0.003650102257 8.128352519 1.330097764 0 -0.1383273208 -0.3042976657 1.859971254 0 48.34361272 12.43667043 -9.047203197 1


mesh: pSphereShape17 tranform: pSphere17 2.460535327 0.03404886542 0.6745140116 0 -0.05503520116 2.360221339 0.08161905752 0 -1.666961536 -0.249588046 6.093447826 0 46.856521 1.736401757 -6.199640833 1


mesh: pSphereShape18 tranform: pSphere18 2.729868577 0.2811902348 0.9461750372 0 0.06901793295 7.740595615 -2.499526717 0 -1.127625916 0.9677400812 2.965784749 0 57.93492517 28.43898961 -7.23499449 1


mesh: pSphereShape19 tranform: pSphere19 1.866990465 0.1302138988 0.5922393607 0 -2.023042148 8.417576535 4.526742259 0 -0.5242653395 -1.150855787 1.90574265 0 59.7410589 13.46193736 -7.593051828 1


mesh: pSphereShape20 tranform: pSphere20 2.590610586 0.3698661154 0.1420902372 0 -0.2812618991 1.73117893 0.6216868183 0 -0.01956320227 -2.012706522 5.595828377 0 60.93659885 3.295549669 -7.284000557 1


mesh: pSphereShape21 tranform: pSphere21 5.939466089 0.3799736559 0.7249709877 0 0.04095507398 2.778826116 -1.791977905 0 -0.8173111606 3.236252408 4.999788026 0 54.49926465 38.05099438 -11.72540464 1


