mesh: pSphereShape1 tranform: pSphere1 2.983149683 1.038236476 1.066654957 0 -0.5846523233 1.829770154 -0.1459035298 0 -1.12890572 -0.1011081379 3.255662833 0 29.24550954 48.08332886 -18.8249879 1


mesh: pSphereShape2 tranform: pSphere2 5.562598788 1.473713338 1.297197306 0 -0.8142058712 3.085698496 -0.01413388499 0 -0.6417024176 -0.1559069557 2.928849167 0 36.82720433 49.48912983 -16.88388271 1


mesh: pSphereShape3 tranform: pSphere3 5.791912122 1.951609501 2.665984665 0 -0.8865860017 2.900974725 -0.1975036213 0 -1.212781328 -0.1821846364 2.768161512 0 46.71857677 52.241061 -13.91592917 1


mesh: pSphereShape4 tranform: pSphere4 3.977394434 -0.006417095875 1.01160621 0 -0.0415503909 3.371043442 0.1847503511 0 -0.9635837529 -0.2194341022 3.787189608 0 54.66720779 55.06628865 -10.82266872 1


mesh: pSphereShape5 tranform: pSphere5 4.092285004 -0.01127300963 1.114289674 0 -0.04680064311 3.138792854 0.203632159 0 -1.052262762 -0.2662272414 3.861794684 0 61.11545792 55.49873915 -8.913369356 1


mesh: pSphereShape6 tranform: pSphere6 5.868485004 -1.468494029 -0.122342838 0 0.5905214893 2.336523227 0.2803277718 0 -0.02041626506 -0.2787043326 2.365999578 0 68.36352688 52.90708693 -8.523675441 1


mesh: pSphereShape7 tranform: pSphere7 5.574448907 -0.6447549956 1.047054139 0 0.1968324385 2.247274615 0.3359035128 0 -0.5698164847 -0.3695262706 2.806119436 0 78.6120065 50.47334184 -6.51907868 1


mesh: pSphereShape8 tranform: pSphere8 3.849709107 -1.644814795 -0.9762861933 0 0.3752218517 0.9237539055 -0.07672863904 0 0.6247810831 -0.04311314277 2.536283497 0 86.35282569 49.13364056 -5.979747974 1


mesh: pSphereShape10 tranform: pSphere10 4.150412427 -0.03929578604 0.360924453 0 0.007338914776 3.502129557 0.2969026061 0 -0.441526697 -0.4255875787 5.030953366 0 57.59154408 64.90140616 -8.283971861 1


mesh: pSphereShape11 tranform: pSphere11 0.9852419872 0.02551030839 0.1692555787 0 -0.5409651334 2.708045976 2.740816454 0 -0.2598844612 -1.86796503 1.794336407 0 56.63097143 60.41045473 -7.45494224 1


mesh: pSphereShape12 tranform: pSphere12 6.882992843 -0.014356385 2.06148454 0 -0.007770634132 3.763917019 0.05215729676 0 -1.699653991 -0.08213908095 5.674321979 0 57.09643576 50.96978641 -10.12024755 1


mesh: pSphereShape13 tranform: pSphere13 4.719406475 -0.031673752 1.572638252 0 -0.06419145289 4.688092518 0.2870558678 0 -1.403760273 -0.2768213447 4.207037024 0 56.98353243 45.82740513 -9.258471662 1


mesh: pSphereShape14 tranform: pSphere14 4.729755905 0.1166533527 1.710252778 0 -0.2444044181 5.473048203 0.3026007757 0 -1.465510452 -0.2906224051 4.072736429 0 57.01838091 41.39632495 -9.278671604 1


mesh: pSphereShape15 tranform: pSphere15 3.373445469 -0.389432699 0.585305317 0 1.211508859 8.432768685 -1.371870678 0 -0.6321422576 0.7665045402 4.153386781 0 52.215385 27.98771911 -9.17335825 1


mesh: pSphereShape16 tranform: pSphere16 2.232590468 -0.1737504173 0.4042527606 0 0.3337071311 8.067753212 1.62458786 0 -0.3573049413 -0.3521075278 1.821970925 0 49.72459908 12.33828263 -8.655960988 1


mesh: pSphereShape17 tranform: pSphere17 2.460097263 0.09505871959 0.6702595507 0 -0.1245240009 2.355783142 0.1229425594 0 -1.643965169 -0.4047913685 6.091361411 0 47.91168801 1.608849377 -6.192499388 1


mesh: pSphereShape18 tranform: pSphere18 2.130761715 0.2956789856 1.949083387 0 -0.1521471079 8.064045008 -1.056999115 0 -2.251940221 0.2747370382 2.42017046 0 61.02197486 27.69550978 -6.914358108 1


mesh: pSphereShape19 tranform: pSphere19 1.470842576 0.1757531184 1.288056471 0 -3.803789151 8.411758668 3.195808808 0 -1.225234306 -1.144954169 1.555332467 0 64.28779581 12.32493279 -7.756401288 1


mesh: pSphereShape20 tranform: pSphere20 2.062352187 0.03112251813 1.616783422 0 -0.2840962066 1.809579895 0.3275563956 0 -3.555291372 -1.38389546 4.561732358 0 64.42191067 2.688653326 -7.339161927 1


mesh: pSphereShape21 tranform: pSphere21 5.636798227 0.1390243863 2.038234112 0 0.603799759 2.672068252 -1.852083643 0 -1.729480507 3.538687532 4.541563081 0 57.66776331 37.54273182 -10.534988 1


