mesh: pSphereShape1 tranform: pSphere1 -0.896163968 2.574184323 -1.919722643 0 -0.1270911228 1.120531077 1.561865214 0 3.312640264 0.8822419184 -0.363393916 0 39.09501307 33.65481465 14.07182823 1


mesh: pSphereShape2 tranform: pSphere2 -1.344117823 5.023595104 -2.78458195 0 0.1781606035 1.581095433 2.766416854 0 2.91858458 0.5139067576 -0.4816744866 0 37.02910921 39.79814555 9.358133717 1


mesh: pSphereShape3 tranform: pSphere3 0.02922595772 6.125637934 -2.634047389 0 0.07258353012 1.200199924 2.791943507 0 3.026771487 -0.04074552483 -0.0611727935 0 35.46022222 49.17552425 4.597565444 1


mesh: pSphereShape4 tranform: pSphere4 2.885622084 -0.06425522757 -2.917552269 0 0.5191349117 3.306984229 0.4406214603 0 2.717297346 -0.7869637689 2.704890619 0 37.9821155 55.15441599 0.5783251218 1


mesh: pSphereShape5 tranform: pSphere5 3.369588242 -0.1177416986 -2.573048208 0 0.3581832503 3.108143837 0.3268387786 0 2.39294494 -0.6082195746 3.161562194 0 43.19529827 55.44065916 -3.61168026 1


mesh: pSphereShape6 tranform: pSphere6 1.983665789 -5.681690284 -0.6277135342 0 2.250704045 0.8267545448 -0.3707402116 0 0.4260699455 -0.1099293775 2.341458278 0 46.34239861 48.73504931 -5.186043391 1


mesh: pSphereShape7 tranform: pSphere7 3.018591375 -4.762973652 0.8880878836 0 1.935223899 1.175169047 -0.2751427753 0 0.05917368928 0.5652924573 2.83063415 0 50.71707685 39.13300787 -3.67227525 1


mesh: pSphereShape8 tranform: pSphere8 -0.09417640572 -4.279679747 -0.3927883866 0 0.9997340638 -0.02115767896 -0.009173567206 0 0.01880898354 -0.2391718713 2.60142022 0 53.59913896 31.81279187 -2.564888147 1


mesh: pSphereShape10 tranform: pSphere10 2.985039411 0.06326889024 -2.905730665 0 0.2987434802 3.48100782 0.3826922355 0 3.509271097 -0.6958328045 3.589901873 0 41.61552165 64.88978642 0.008214493953 1


mesh: pSphereShape11 tranform: pSphere11 0.748637901 0.03157022049 -0.6622270112 0 1.790190644 2.701817166 2.152587414 0 1.242558908 -1.871372083 1.315481019 0 41.57085477 60.4757602 0.9126007395 1


mesh: pSphereShape12 tranform: pSphere12 5.716458387 -0.2022370388 -4.348185688 0 0.4055316648 3.72503368 0.3598892085 0 3.531675919 -0.8368202488 4.681933096 0 39.3910031 51.05039505 -1.501332786 1


mesh: pSphereShape13 tranform: pSphere13 4.005387606 0.1275333561 -2.94747301 0 0.2337191729 4.662658084 0.519353462 0 2.626057043 -0.5265870925 3.545823448 0 39.74235713 45.89511057 -1.304240746 1


mesh: pSphereShape14 tranform: pSphere14 4.126649698 0.3028641525 -2.861502939 0 -0.03007987707 5.460666038 0.5345830176 0 2.481171883 -0.3331720516 3.542900897 0 39.79651389 41.51762728 -1.532651278 1


mesh: pSphereShape15 tranform: pSphere15 3.166922031 -0.2331963598 -1.338132571 0 0.7991474651 8.58290464 0.3955778419 0 1.636235919 -0.3335041377 3.930554898 0 35.17395799 27.77868805 -0.156823139 1


mesh: pSphereShape16 tranform: pSphere16 2.110886374 -0.07144485321 -0.8468317712 0 1.595424654 7.35023609 3.356774888 0 0.6034181041 -0.8506739245 1.575901345 0 32.41711528 12.38856006 -2.557067155 1


mesh: pSphereShape17 tranform: pSphere17 2.469619087 -0.4862413217 0.4182266264 0 0.3903059952 2.300296678 0.3696373013 0 -1.197629302 -0.7862956152 6.157806803 0 29.27570957 2.209361788 -2.016052054 1


mesh: pSphereShape18 tranform: pSphere18 2.17321226 0.001621708738 -1.92448524 0 -1.105251644 7.962825641 -1.241388081 0 2.152520491 0.6778061444 2.431290731 0 43.94165306 27.85785032 -3.243235771 1


mesh: pSphereShape19 tranform: pSphere19 1.455312342 0.03515231147 -1.316885271 0 -0.4351069528 9.757140934 -0.2203916071 0 1.531525515 0.1065907082 1.695360213 0 45.93409088 11.5452583 -1.849984972 1


mesh: pSphereShape20 tranform: pSphere20 0.8317692461 0.158478013 -2.480181128 0 -0.3244957469 1.83227117 0.008253071267 0 5.543188194 0.9730466945 1.921174191 0 50.80581148 2.728840809 0.8190805046 1


mesh: pSphereShape21 tranform: pSphere21 4.918032171 0.3609455016 -3.410263663 0 -1.2274371 2.687155461 -1.485708722 0 2.616043406 3.484757601 4.141495968 0 39.24288952 37.68760038 -2.901812474 1


