mesh: pSphereShape1 tranform: pSphere1 -1.108091282 3.138932355 -0.1846813179 0 1.800812592 0.6184896132 -0.2927620204 0 -0.4319442055 -0.3526373399 -3.401920424 0 127.0821763 30.73418792 1.345818909 1


mesh: pSphereShape2 tranform: pSphere2 -1.367157885 5.718891733 -0.4713955821 0 3.089993446 0.7084390663 -0.3670432857 0 -0.2815112207 -0.3123380301 -2.972783679 0 124.1901881 38.19683086 0.9758643521 1


mesh: pSphereShape3 tranform: pSphere3 -1.536471252 6.293262857 -1.580062848 0 2.957835912 0.6704115935 -0.2060383029 0 -0.0354541638 -0.7453683569 -2.934266 0 121.5273613 48.5050601 -0.3184980245 1


mesh: pSphereShape4 tranform: pSphere4 -3.400192912 -0.1524752069 -2.293140697 0 0.02750493365 3.365862564 -0.2645858895 0 2.191562342 -0.2719322718 -3.231494614 0 117.8260198 54.64651046 -3.580141224 1


mesh: pSphereShape5 tranform: pSphere5 -3.30590604 -0.1407576364 -2.653250394 0 -0.0251480164 3.142723958 -0.1353906958 0 2.512779622 -0.1145115996 -3.124806828 0 112.5430567 54.87333591 -7.720734278 1


mesh: pSphereShape6 tranform: pSphere6 -1.129156949 -5.768937858 -1.433498972 0 -1.048581066 0.7187415031 -2.066525703 0 2.101948245 -0.1347463194 -1.11341993 0 110.308023 48.04670813 -10.19797187 1


mesh: pSphereShape7 tranform: pSphere7 -0.2472152331 -5.009399439 -2.72604363 0 -0.8537166373 1.043278397 -1.839716137 0 2.674324477 0.4152252835 -1.005546287 0 110.319152 38.12671582 -14.19924527 1


mesh: pSphereShape8 tranform: pSphere8 -0.6157187821 -4.222557223 0.519337582 0 -0.1981265965 -0.0911407003 -0.9759299281 0 2.533183138 -0.4277179429 -0.4743254892 0 110.3332536 30.56187184 -16.61316257 1


mesh: pSphereShape10 tranform: pSphere10 -3.864452459 -0.1508049744 -1.549515726 0 -0.04085820633 3.506302846 -0.2393478871 0 1.892950848 -0.2982243532 -4.691946473 0 115.4524512 64.43482258 -6.594258838 1


mesh: pSphereShape11 tranform: pSphere11 -0.8751450942 0.01641602093 -0.4835820285 0 1.281652105 2.926929301 -2.220063933 0 0.9226094386 -1.714571998 -1.727863164 0 116.8340237 60.12260941 -7.035706131 1


mesh: pSphereShape12 tranform: pSphere12 -5.347096818 -0.2264851143 -4.794035378 0 -0.06416928431 3.762241723 -0.1061678378 0 3.955715227 -0.05696024647 -4.409373313 0 115.8951506 50.46465418 -4.971854533 1


mesh: pSphereShape13 tranform: pSphere13 -3.622159154 0.03500920112 -3.409652358 0 0.007275275952 4.697131029 0.04049990527 0 3.045887866 0.02317950283 -3.235485018 0 116.5137694 45.39089301 -5.797496389 1


mesh: pSphereShape14 tranform: pSphere14 -3.564236855 0.1955690227 -3.545015076 0 0.09487238099 5.482124406 0.2070473777 0 3.060632225 0.06312177848 -3.073745324 0 116.6648475 40.98511462 -6.076564268 1


mesh: pSphereShape15 tranform: pSphere15 -2.210246468 0.1630752965 -2.638672293 0 0.9720301329 8.569453433 -0.2845976783 0 3.240866055 -0.4587077908 -2.743014614 0 118.5451627 27.11667483 -2.806647332 1


mesh: pSphereShape16 tranform: pSphere16 -1.383708969 0.2404604447 -1.790418377 0 4.546295995 6.330650906 -2.663332477 0 1.078270521 -1.192303835 -0.9934630498 0 114.6331007 12.50422057 0.02784930459 1


mesh: pSphereShape17 tranform: pSphere17 -1.37647445 0.3527217272 -2.119261202 0 1.094194322 2.061044508 -0.3676542318 0 4.445527767 -2.96313507 -3.380573146 0 112.2963287 1.983407631 1.043322133 1


mesh: pSphereShape18 tranform: pSphere18 -2.166841172 -0.274965074 -1.911986177 0 -1.758531832 7.895667713 0.8574467423 0 2.087661409 0.7333528533 -2.471397112 0 115.4395505 27.26458939 -9.681187924 1


mesh: pSphereShape19 tranform: pSphere19 -1.481559694 -0.1584212721 -1.277982821 0 -0.7382698177 9.735066152 -0.350905154 0 1.490444464 0.05052205985 -1.734128328 0 117.7540725 11.00691559 -10.77505372 1


mesh: pSphereShape20 tranform: pSphere20 -2.477745855 0.1180941214 -0.8456258298 0 0.02665680273 1.851834129 0.1805076626 0 1.935592171 0.5179101555 -5.599099705 0 120.8342856 1.855531667 -14.96916503 1


mesh: pSphereShape21 tranform: pSphere21 -4.247763392 0.2330739984 -4.224855383 0 -1.453089765 2.50324868 1.599066258 0 3.319782785 3.921056024 -3.121469111 0 115.7252703 37.03346241 -5.483396698 1


