mesh: pSphereShape1 tranform: pSphere1 0.7661528126 3.152926383 0.766116768 0 -1.460750394 0.620312659 -1.092055625 0 -2.10321144 -0.1515916438 2.727180426 0 84.75227153 30.66750813 -28.72875349 1


mesh: pSphereShape2 tranform: pSphere2 0.6883488106 5.729304137 1.224053574 0 -2.79749188 0.6348790993 -1.398439805 0 -1.401748321 -0.3925989238 2.625873978 0 86.72083953 38.18062473 -26.75534077 1


mesh: pSphereShape3 tranform: pSphere3 -0.1649180635 6.26238713 2.284252475 0 -2.603972573 0.4764883564 -1.49431672 0 -1.560362099 -0.9252722867 2.424023362 0 87.56739341 48.483441 -24.0387128 1


mesh: pSphereShape4 tranform: pSphere4 1.154231932 0.2735198169 3.928866293 0 -0.5567518664 3.329439251 -0.06822498202 0 -3.700156813 -0.5956188713 1.128506898 0 87.90812569 54.92031851 -19.18053751 1


mesh: pSphereShape5 tranform: pSphere5 0.7292298639 0.2774578921 4.168909454 0 -0.5448725649 3.09621123 -0.1107557983 0 -3.89013117 -0.6586775903 0.7243033587 0 89.10015629 55.78868073 -12.64546621 1


mesh: pSphereShape6 tranform: pSphere6 -0.03611151338 -5.454038204 2.619679742 0 -0.5303116165 1.027928977 2.132784961 0 -2.324795754 -0.2129587735 -0.475415815 0 89.3935245 49.45780938 -8.453987994 1


mesh: pSphereShape7 tranform: pSphere7 -1.93777563 -4.512480775 2.910164059 0 -0.4988813169 1.353537532 1.766598697 0 -2.641252935 0.4371749983 -1.08083659 0 86.48434513 40.20697926 -4.057275206 1


mesh: pSphereShape8 tranform: pSphere8 0.4129321037 -4.25215104 0.4769793042 0 -0.3734089643 0.06752151504 0.9252062421 0 -2.410463869 -0.3404248918 -0.9480078847 0 84.40485215 33.13016676 -1.107779752 1


mesh: pSphereShape10 tranform: pSphere10 2.41234052 0.1258558363 3.394481914 0 -0.113562609 3.512515772 -0.04952712403 0 -4.128924848 -0.09206956007 2.937697257 0 87.7186897 65.06298392 -15.93967272 1


mesh: pSphereShape11 tranform: pSphere11 0.446331962 0.09258288464 0.8900652724 0 -2.461755636 2.863700464 0.9365948755 0 -1.647335381 -1.745678854 1.007654657 0 86.24643039 60.60145057 -16.01117805 1


mesh: pSphereShape12 tranform: pSphere12 1.417528319 0.454980585 7.029162199 0 -0.3610791416 3.743094393 -0.1694647718 0 -5.77967821 -0.5032949474 1.198129554 0 88.90196581 51.01527492 -16.55323415 1


mesh: pSphereShape13 tranform: pSphere13 0.9938754752 0.4659929933 4.852015442 0 -0.7183630513 4.632496647 -0.2977623582 0 -4.300735468 -0.6065474951 0.9392060771 0 88.55248251 45.85478551 -15.87848488 1


mesh: pSphereShape14 tranform: pSphere14 0.9765670938 0.3942563386 4.919353834 0 -0.7656164995 5.425806818 -0.2828588666 0 -4.212339486 -0.5485030972 0.8801731078 0 88.94241579 41.46298933 -15.58425769 1


mesh: pSphereShape15 tranform: pSphere15 0.7392716504 0.2426693969 3.356927682 0 0.1966150407 8.601185569 -0.6650713545 0 -4.169998429 0.1654057974 0.906371237 0 88.25883874 27.9858839 -19.03818562 1


mesh: pSphereShape16 tranform: pSphere16 0.4664984605 0.2244546515 2.215867549 0 -2.419832712 7.86772089 -0.2875164248 0 -1.764336369 -0.5271224339 0.4248337328 0 89.34201918 12.08569044 -18.7808722 1


mesh: pSphereShape17 tranform: pSphere17 0.2619182275 0.06183013704 2.537309293 0 -0.1594802148 2.356527843 -0.04096215806 0 -6.274376183 -0.4131909193 0.6577523458 0 87.5462591 1.524853518 -18.26147483 1


mesh: pSphereShape18 tranform: pSphere18 0.4448115468 0.2074327294 2.861050847 0 3.933884942 7.031093854 -1.121376937 0 -2.858670376 1.651210975 0.3247248799 0 86.02590508 28.72452412 -10.60800382 1


mesh: pSphereShape19 tranform: pSphere19 0.3388568957 0.06825226055 1.93232351 0 -3.076868307 9.269712198 0.212148343 0 -2.134570626 -0.7176687277 0.3996724591 0 83.88525702 13.9170971 -9.077664533 1


mesh: pSphereShape20 tranform: pSphere20 1.089852137 0.3047227597 2.363814744 0 -0.4830282039 1.796993851 -0.008949772794 0 -5.183227468 -1.380452455 2.567716793 0 82.17094174 3.554112414 -7.785634207 1


mesh: pSphereShape21 tranform: pSphere21 1.163846882 0.4698642964 5.862756034 0 1.706333212 2.7763594 -0.5612416286 0 -5.015447203 3.231380152 0.7366676019 0 90.61834194 37.71633588 -15.52047805 1


