mesh: pSphereShape1 tranform: pSphere1 -0.5314613852 2.914626517 1.528846256 0 1.117137274 0.8839511983 -1.296842159 0 -2.754202293 0.5467946371 -1.999844198 0 -136.8406716 33.85070552 -18.34605353 1


mesh: pSphereShape2 tranform: pSphere2 -0.8987151112 5.477093656 1.997702022 0 1.195626974 1.185071913 -2.711226084 0 -2.745864118 -0.007673373852 -1.214256061 0 -138.2792735 40.80341554 -14.62794052 1


mesh: pSphereShape3 tranform: pSphere3 -2.056341311 6.257504091 1.038076521 0 1.327433557 0.8665138233 -2.593794656 0 -2.558706569 -0.5908634526 -1.506867286 0 -140.4891384 50.787239 -11.66335529 1


mesh: pSphereShape4 tranform: pSphere4 -3.989019538 -0.2695661734 0.9263433441 0 -0.3376997526 3.323950832 -0.4869319863 0 -0.8326633147 -0.6370141941 -3.770985922 0 -145.3164516 56.75495692 -10.52612313 1


mesh: pSphereShape5 tranform: pSphere5 -4.192995483 -0.2886089373 0.5692616854 0 -0.2684345467 3.10847648 -0.4012403334 0 -0.4972152187 -0.5517773661 -3.942069356 0 -151.9603673 56.7421847 -9.588562478 1


mesh: pSphereShape6 tranform: pSphere6 -2.600552353 -5.003316147 -2.194200018 0 -1.746815635 1.349544381 -1.006978244 0 1.298205745 0.1970439726 -1.987934217 0 -155.903015 50.67120711 -11.47324841 1


mesh: pSphereShape7 tranform: pSphere7 -1.706460806 -3.122043492 -4.464005818 0 -1.391351944 1.68702481 -0.6480003354 0 2.118627491 1.132099711 -1.601659944 0 -158.7963109 43.30354386 -18.34249347 1


mesh: pSphereShape8 tranform: pSphere8 -0.0260381051 -3.966627638 -1.65650169 0 -0.9832489112 0.07569649426 -0.165805969 0 0.4759044148 0.9872228615 -2.371465819 0 -160.9403055 37.80762445 -23.66326016 1


mesh: pSphereShape10 tranform: pSphere10 -4.101397251 0.3487659144 -0.6439230225 0 0.2922475793 3.502348593 0.03552659341 0 0.7848579268 -0.01470160009 -5.007029487 0 -147.7887845 66.58429749 -10.92626471 1


mesh: pSphereShape11 tranform: pSphere11 -0.9989275644 0.01738171227 -0.04291383302 0 0.1592828765 2.974645546 -2.502867148 0 0.05630086146 -1.677343174 -1.989931284 0 -147.7365678 62.21451437 -12.21063066 1


mesh: pSphereShape12 tranform: pSphere12 -7.039198401 -0.5006182063 1.350771026 0 -0.3142045555 3.742793045 -0.250255489 0 -1.079887085 -0.4787975426 -5.805006222 0 -147.4618739 52.51675217 -9.782306446 1


mesh: pSphereShape13 tranform: pSphere13 -4.869417593 -0.6285913646 0.8003980159 0 -0.6413117007 4.646472625 -0.252476775 0 -0.6770520492 -0.331405849 -4.379281239 0 -147.2570907 47.38032915 -10.46632694 1


mesh: pSphereShape14 tranform: pSphere14 -4.944439625 -0.3817211015 0.8461496835 0 -0.4818356813 5.454108826 -0.3550896632 0 -0.7039870471 -0.3400024046 -4.267102635 0 -146.8302961 42.97327277 -10.44984109 1


mesh: pSphereShape15 tranform: pSphere15 -3.431124206 0.208978378 -0.2410170016 0 0.419201273 8.503555945 1.405409956 0 0.3365305571 0.6780444086 -4.202946319 0 -142.9448464 29.42004532 -12.47505132 1


mesh: pSphereShape16 tranform: pSphere16 -2.259110153 0.2105311677 -0.1736883544 0 0.8608841311 8.067622117 -1.418322931 0 0.1111788051 -0.3381463823 -1.855942047 0 -143.2355132 13.5347914 -13.29616946 1


mesh: pSphereShape17 tranform: pSphere17 -2.33219898 -0.216903753 -1.01200951 0 -0.1751177459 2.353612338 -0.1008863254 0 2.521342687 -0.06090651664 -5.797437608 0 -141.9939909 3.022816333 -15.81001734 1


mesh: pSphereShape18 tranform: pSphere18 -2.361218446 0.2302306106 1.672763855 0 0.9816224202 8.070321091 0.2748684525 0 -1.887588702 0.3218522524 -2.708756222 0 -151.6914795 29.31250599 -9.011922775 1


mesh: pSphereShape19 tranform: pSphere19 -1.579715891 0.1523011827 1.15527424 0 -1.368320709 9.169610508 -3.079875209 0 -1.319375111 -0.7688003984 -1.70275468 0 -152.1887671 13.34816794 -6.863306092 1


mesh: pSphereShape20 tranform: pSphere20 -0.7116644413 0.185299778 2.515442606 0 -0.3493403865 1.812882739 -0.2323805356 0 -5.613416201 -1.273248045 -1.494343825 0 -155.2105679 3.168645499 -6.150341652 1


mesh: pSphereShape21 tranform: pSphere21 -5.892652617 -0.4549251318 1.008418855 0 0.1215882784 2.687465081 1.922884407 0 -1.086987518 3.472887992 -4.785051162 0 -146.3914655 39.13695161 -9.056903168 1


