mesh: pSphereShape1 tranform: pSphere1 -0.5523151471 3.109551936 1.067944074 0 -1.536974382 0.1236133475 -1.154813615 0 -1.998309732 -1.223378384 2.528654782 0 -92.1313309 31.71232819 -22.58424637 1


mesh: pSphereShape2 tranform: pSphere2 -1.43155696 5.522433622 1.500142891 0 -2.294874941 0.007534884284 -2.217692136 0 -1.955025665 -1.05537543 2.019481064 0 -93.19036396 39.18187034 -19.88919433 1


mesh: pSphereShape3 tranform: pSphere3 -1.914143458 5.91171837 2.418706399 0 -2.129175268 0.1946959603 -2.160880129 0 -1.978446514 -1.387046349 1.824445055 0 -95.6125837 49.15912993 -16.67024625 1


mesh: pSphereShape4 tranform: pSphere4 -0.5066315793 -0.0019369968 4.072637411 0 -0.3333731046 3.359622822 -0.03987336644 0 -3.864795262 -0.3892092693 -0.4809613592 0 -97.9362664 55.13998933 -11.68788485 1


mesh: pSphereShape5 tranform: pSphere5 -0.9251799782 0.01306251304 4.139134751 0 -0.3174106865 3.12864113 -0.08082122176 0 -3.893849943 -0.4174931249 -0.8690363356 0 -99.36142761 55.5929143 -5.149148626 1


mesh: pSphereShape6 tranform: pSphere6 -2.400623616 -5.156147536 2.064390362 0 -0.9416175259 1.195077471 1.889917023 0 -1.981826631 0.4208308412 -1.253519661 0 -102.0461534 49.49346274 -1.568740642 1


mesh: pSphereShape7 tranform: pSphere7 -5.610686379 0.9353381643 -0.4815110256 0 0.1167370341 1.556401538 1.663070682 0 0.5111325871 2.056710369 -1.960671496 0 -109.9377113 46.03943831 -1.202945321 1


mesh: pSphereShape8 tranform: pSphere8 -3.99348407 -0.318910992 -1.558586348 0 -0.318873437 0.6577027261 0.682456486 0 0.4907098177 1.95833988 -1.658026812 0 -117.4797604 47.19192032 -2.754754273 1


mesh: pSphereShape10 tranform: pSphere10 -0.4519213243 0.1134583628 4.140124183 0 0.2749005181 3.503311321 -0.06599960498 0 -5.022668004 0.383595799 -0.5587689704 0 -98.5314016 65.18501087 -8.773766277 1


mesh: pSphereShape11 tranform: pSphere11 -0.1143278194 0.03264979743 0.9929064107 0 -2.256293605 3.148865061 -0.3633443496 0 -2.099768947 -1.526678004 -0.1915752333 0 -100.0823163 60.91674777 -9.441423851 1


mesh: pSphereShape12 tranform: pSphere12 -0.8469497795 -0.03218368397 7.134925043 0 -0.1295509249 3.762056102 0.001591284751 0 -5.87914266 -0.2021597679 -0.6987942824 0 -98.22298456 51.04868293 -9.174388233 1


mesh: pSphereShape13 tranform: pSphere13 -0.607779147 -0.2560439004 4.930723863 0 -0.2254682756 4.686941108 0.2155926383 0 -4.405234133 -0.1864936438 -0.5526896413 0 -99.06985601 45.92507101 -9.224293134 1


mesh: pSphereShape14 tranform: pSphere14 -0.4934461697 -0.07406081671 5.006015318 0 -0.02073410022 5.486243454 0.07912171325 0 -4.317179883 -0.01017652678 -0.4256977702 0 -99.22924314 41.54340887 -9.347653091 1


mesh: pSphereShape15 tranform: pSphere15 0.089814303 0.05006658087 3.444386912 0 4.177852566 7.547126203 -0.2186426031 0 -3.735005022 2.069531737 0.06731023564 0 -103.5722656 29.09831418 -12.96891103 1


mesh: pSphereShape16 tranform: pSphere16 0.06357951555 0.05244254865 2.274044222 0 2.538310759 7.831537338 -0.2515739759 0 -1.797014293 0.5836190566 0.03678328971 0 -110.7386629 14.66369725 -13.35796302 1


mesh: pSphereShape17 tranform: pSphere17 -0.3244382793 0.1466862187 2.52657585 0 0.8103638822 2.218790827 -0.02475800319 0 -5.883972102 2.139173008 -0.8797570767 0 -118.3389757 6.11425755 -14.00814841 1


mesh: pSphereShape18 tranform: pSphere18 0.05334158705 -0.3892604554 2.876130833 0 0.3896002943 8.052659849 1.082635083 0 -3.31285107 0.1493037842 0.08164816079 0 -99.69639731 27.88490802 -6.226887001 1


mesh: pSphereShape19 tranform: pSphere19 0.07918117424 -0.2855686091 1.940499272 0 -5.220765941 8.135983517 1.410342129 0 -1.930985981 -1.22158695 -0.1009787283 0 -96.31665361 12.63009256 -8.085440693 1


mesh: pSphereShape20 tranform: pSphere20 0.3621958924 0.02112690004 2.595500256 0 -0.4803035547 1.79698252 0.0523981087 0 -5.686215774 -1.543334816 0.8060603625 0 -96.21758055 3.095289277 -9.404107327 1


mesh: pSphereShape21 tranform: pSphere21 -0.5880761186 -0.08826372623 5.966036903 0 2.101933444 2.541002665 0.2447814602 0 -4.603223412 3.846044384 -0.3968429272 0 -98.08841016 37.60302846 -9.198956191 1


