mesh: pSphereShape1 tranform: pSphere1 -0.4963322115 3.092714099 -1.141772153 0 0.9525630753 0.7123224614 1.515382887 0 2.95211354 -0.1800678365 -1.771042824 0 -141.7251839 32.88421276 -12.87323363 1


mesh: pSphereShape2 tranform: pSphere2 -0.2163708133 5.650134142 -1.681138001 0 2.177158813 0.7416433198 2.212376746 0 2.192446179 -0.5073875274 -1.987456683 0 -142.9235873 40.25714259 -15.77738068 1


mesh: pSphereShape3 tranform: pSphere3 1.027033745 6.134745296 -2.40262393 0 1.959653303 0.5556611751 2.256478753 0 2.267106688 -1.049430049 -1.710459524 0 -142.6997556 50.39107312 -19.13691095 1


mesh: pSphereShape4 tranform: pSphere4 0.4519827405 -0.4014747376 -4.059259098 0 0.830993272 3.264382166 -0.2303307905 0 3.769039113 -0.9234053836 0.5109958521 0 -141.0215217 56.13393875 -24.18615582 1


mesh: pSphereShape5 tranform: pSphere5 1.124155011 -0.4494237505 -4.064831966 0 0.7138286226 3.060433954 -0.1409597463 0 3.759327006 -0.8247556973 1.130853902 0 -139.397815 55.86589199 -30.65227628 1


mesh: pSphereShape6 tranform: pSphere6 1.161224473 -5.527615632 -2.169696262 0 1.323767127 0.9778458954 -1.782722098 0 1.943532163 -0.130160077 1.371782789 0 -137.9686508 49.20874896 -34.20454137 1


mesh: pSphereShape7 tranform: pSphere7 3.338369129 -4.368015431 -1.536959575 0 1.098197904 1.356081949 -1.468611756 0 1.884719232 0.7129115388 2.067640523 0 -133.10559 40.1002127 -36.53316482 1


mesh: pSphereShape8 tranform: pSphere8 0.3025110887 -4.282434437 -0.2192099 0 0.6266931452 0.08392676747 -0.7747335022 0 2.027482906 0.05894285173 1.646445544 0 -129.3716978 33.24169256 -37.99714982 1


mesh: pSphereShape10 tranform: pSphere10 1.62713444 -0.3048055735 -3.823252674 0 0.2287215283 3.50253011 -0.1818948635 0 4.654011736 -0.2002240162 1.996659082 0 -138.8252617 65.72671673 -27.50658354 1


mesh: pSphereShape11 tranform: pSphere11 0.3176412707 -0.0895164226 -0.9439760766 0 2.656951564 2.771348864 0.6312408226 0 1.712510375 -1.81221772 0.74809864 0 -138.0350022 61.29551117 -26.40918225 1


mesh: pSphereShape12 tranform: pSphere12 1.125974097 -0.7516154964 -7.056399335 0 0.5745363118 3.707801653 -0.3032606396 0 5.780498187 -0.813181793 1.00899778 0 -141.2791706 51.85090395 -26.35070744 1


mesh: pSphereShape13 tranform: pSphere13 0.7965322722 -0.7083044505 -4.859097954 0 0.9165170073 4.577921068 -0.5170767324 0 4.299806356 -0.7685703223 0.816883369 0 -141.1171701 46.66602629 -25.8660048 1


mesh: pSphereShape14 tranform: pSphere14 0.7453586373 -0.5045380895 -4.949651029 0 0.9707552102 5.38525567 -0.4027568438 0 4.221039823 -0.7079559484 0.7078032797 0 -141.679599 42.30779414 -25.45107291 1


mesh: pSphereShape15 tranform: pSphere15 -0.6924564546 -0.1345574335 -3.372947202 0 -1.841582775 8.430195677 0.04176477615 0 4.082969726 0.8962577433 -0.8739765865 0 -140.5934869 29.1972228 -21.55642876 1


mesh: pSphereShape16 tranform: pSphere16 -0.3608751665 0.1428227548 -2.242195458 0 4.817294717 6.671596827 -0.3503647252 0 1.50325288 -1.101830817 -0.3121285182 0 -142.0016653 14.71771862 -20.59859245 1


mesh: pSphereShape17 tranform: pSphere17 -0.5902958758 0.9246982867 -2.303659356 0 1.385215248 1.871984216 0.3964708353 0 4.907908575 -3.101674551 -2.502640557 0 -144.5897447 3.816498461 -21.9080728 1


mesh: pSphereShape18 tranform: pSphere18 0.3549014421 0.06701578269 -2.880286696 0 -1.192099013 8.046520433 0.0403314733 0 3.256244767 0.4803484204 0.4124023107 0 -140.9328556 28.5420408 -29.41373867 1


mesh: pSphereShape19 tranform: pSphere19 0.2136715802 0.04788142036 -1.950745586 0 2.310694293 9.479683581 0.4857785773 0 2.208289661 -0.5499788367 0.228381895 0 -141.1449475 12.35123593 -30.23138486 1


mesh: pSphereShape20 tranform: pSphere20 -0.2042113254 0.04898604938 -2.612307771 0 0.01224774744 1.860452097 0.03392979592 0 5.928609304 -0.03056660317 -0.4640289765 0 -138.2018931 2.880490597 -30.37842306 1


mesh: pSphereShape21 tranform: pSphere21 0.8882987473 -0.6012951758 -5.898863431 0 -1.615762799 2.835602403 -0.5323591829 0 5.168908321 3.033393102 0.4691700664 0 -143.4729987 38.61539499 -25.44037256 1


