mesh: pSphereShape1 tranform: pSphere1 -0.6182788669 3.138511085 -0.9393344591 0 0.8833658915 0.6482473476 1.5844889 0 2.996074124 0.08044841084 -1.703249647 0 -122.0336998 29.97504884 -2.27091605 1


mesh: pSphereShape2 tranform: pSphere2 -0.5033156568 5.723836566 -1.334700506 0 2.154116563 0.712729097 2.244207041 0 2.200376424 -0.2783901234 -2.023632613 0 -123.575837 37.45217053 -4.706855988 1


mesh: pSphereShape3 tranform: pSphere3 1.036379917 6.292726556 -1.946794562 0 1.939046454 0.3945627821 2.30762125 0 2.283745558 -0.9210790409 -1.761495834 0 -123.5873552 47.74837378 -7.373212502 1


mesh: pSphereShape4 tranform: pSphere4 0.249555451 -0.0279272159 -4.096339455 0 1.246085996 3.137529273 0.05452309257 0 3.629902365 -1.445648688 0.2309952276 0 -121.9484151 53.82261649 -12.00755285 1


mesh: pSphereShape5 tranform: pSphere5 0.9168642662 -0.1930589056 -4.136502543 0 1.109140109 2.941717635 0.1085472909 0 3.652281133 -1.409348154 0.8753127155 0 -120.5974769 53.99645492 -18.54521513 1


mesh: pSphereShape6 tranform: pSphere6 -0.6925222289 -5.721239324 -1.843472887 0 1.495972528 0.4193865713 -1.863550691 0 1.855753273 -0.6569956895 1.341858184 0 -121.1817525 47.23663805 -21.91514186 1


mesh: pSphereShape7 tranform: pSphere7 1.343261885 -5.341753011 -1.499277914 0 1.443485819 0.8042201592 -1.572067429 0 2.12957583 -0.01163943293 1.949440455 0 -119.8630428 36.85940893 -23.93259986 1


mesh: pSphereShape8 tranform: pSphere8 -1.505845991 -4.026273037 -0.01907695164 0 0.6108456668 -0.2248623666 -0.7591472106 0 1.854948376 -0.7018168267 1.700459874 0 -119.182729 29.03824114 -25.14847442 1


mesh: pSphereShape10 tranform: pSphere10 0.8173570662 -0.6186655487 -4.038182054 0 0.2552459142 3.472357009 -0.4803152945 0 4.956052335 -0.2208688306 1.03697859 0 -119.875579 63.55219293 -16.22853985 1


mesh: pSphereShape11 tranform: pSphere11 0.1820142401 -0.1328132473 -0.9742851008 0 2.702727317 2.796100877 0.1237580472 0 1.811652945 -1.776855165 0.5806683672 0 -119.0280636 59.24278238 -14.80402455 1


mesh: pSphereShape12 tranform: pSphere12 1.401940919 -0.2984916334 -7.040666126 0 1.149708024 3.583586764 0.07700294942 0 5.521211049 -1.796608316 1.175554145 0 -122.930736 49.87722348 -14.58076424 1


mesh: pSphereShape13 tranform: pSphere13 1.082016849 0.07888837474 -4.854895256 0 1.652796148 4.374915057 0.4394498967 0 4.04566999 -1.616342687 0.8753994109 0 -123.6044067 44.70778957 -14.83246413 1


mesh: pSphereShape14 tranform: pSphere14 1.202039347 0.1196880043 -4.883640004 0 1.695844103 5.189709425 0.5445973289 0 3.993396362 -1.40445766 0.9484980087 0 -124.8036681 40.50432628 -15.18601199 1


mesh: pSphereShape15 tranform: pSphere15 1.095996418 0.1459339033 -3.263720211 0 2.222591444 8.262950678 1.115842251 0 3.896524187 -1.217448557 1.254062624 0 -129.3757223 27.57037617 -12.31666569 1


mesh: pSphereShape16 tranform: pSphere16 0.7383142013 0.1199074614 -2.149089119 0 3.643104452 7.199566406 1.653276011 0 1.580060715 -0.9124986948 0.4919134594 0 -134.5655958 12.42313516 -13.93534246 1


mesh: pSphereShape17 tranform: pSphere17 0.9621563549 0.1962690763 -2.35501511 0 0.1521474325 2.343268128 0.2574508705 0 5.841371975 -0.6356613541 2.333552968 0 -134.6322619 2.448498187 -13.9539305 1


mesh: pSphereShape18 tranform: pSphere18 1.194008802 -0.007190238337 -2.645900391 0 -4.058479164 6.802621933 -1.849945802 0 2.53042353 1.818854058 1.136955112 0 -121.0303591 28.07996092 -17.16359753 1


mesh: pSphereShape19 tranform: pSphere19 0.7850064839 -0.02711250984 -1.7989959 0 -0.838424914 9.719786086 -0.5123395722 0 2.087119913 0.2278587028 0.9072977005 0 -115.5485325 13.15574527 -15.03514269 1


mesh: pSphereShape20 tranform: pSphere20 0.3679615829 -0.3322554331 -2.573414927 0 -0.3657328605 1.802114482 -0.2849668595 0 5.770733558 1.275585234 0.6604407677 0 -109.8783789 4.762359397 -13.14555326 1


mesh: pSphereShape21 tranform: pSphere21 1.432558761 0.1426410039 -5.820193233 0 -1.169249593 3.085867408 -0.2121660697 0 5.436692155 2.155624729 1.390995303 0 -127.049622 37.14723167 -15.91800614 1


