mesh: pSphereShape1 tranform: pSphere1 3.136206141 1.120940216 0.1502460759 0 -0.62823182 1.797158421 -0.2944679696 0 -0.3221033875 0.4450335457 3.403261085 0 24.02672281 51.06527276 -10.03162099 1


mesh: pSphereShape2 tranform: pSphere2 5.811209281 0.5749752332 -0.8344503029 0 -0.3581436037 3.154972556 -0.3202303977 0 0.3905061127 0.3444525063 2.956874002 0 31.80564177 51.73194964 -10.64180504 1


mesh: pSphereShape3 tranform: pSphere3 6.551468553 1.205625854 0.2953404995 0 -0.5256542944 2.962558957 -0.433161359 0 -0.2086964747 0.4006947226 2.993766435 0 42.37777507 52.99433438 -11.51958428 1


mesh: pSphereShape4 tranform: pSphere4 4.075361048 0.1938008232 0.44376611 0 -0.1773228513 3.368013754 0.1575848209 0 -0.4135467417 -0.2036294835 3.886767838 0 50.94737163 55.33028791 -10.8480566 1


mesh: pSphereShape5 tranform: pSphere5 4.216784501 0.2008560986 0.4085956534 0 -0.1755096021 3.128936891 0.2731798835 0 -0.3678900308 -0.3679059633 3.977548764 0 57.58738733 56.08674106 -9.944777924 1


mesh: pSphereShape6 tranform: pSphere6 6.014122206 -0.2248324323 -0.6247745084 0 0.09090331954 2.424535047 0.002544215311 0 0.2457388408 -0.01170019268 2.369709362 0 65.06501669 54.80123047 -10.34831956 1


mesh: pSphereShape7 tranform: pSphere7 5.659692794 0.6197711511 0.4126417205 0 -0.2560990735 2.263512042 0.1128887706 0 -0.1916070982 -0.1651161153 2.876033756 0 75.74483741 54.7587409 -9.328292886 1


mesh: pSphereShape8 tranform: pSphere8 3.925655169 -0.9256889706 -1.486990943 0 0.183124379 0.9752779516 -0.1236866161 0 0.9509343013 0.1295969806 2.429788612 0 83.61714954 55.01939357 -9.657587674 1


mesh: pSphereShape10 tranform: pSphere10 4.153013253 0.3167164869 -0.09952649533 0 -0.2538826281 3.474741929 0.4634960505 0 0.1705042863 -0.6574895823 5.022469325 0 53.336569 65.20165239 -8.190208389 1


mesh: pSphereShape11 tranform: pSphere11 0.9935750443 0.1074375256 0.03557821658 0 -0.3772465009 2.513100193 2.946225316 0 0.1519590393 -1.967513572 1.697726486 0 52.92498099 60.58971179 -7.456989323 1


mesh: pSphereShape12 tranform: pSphere12 7.14362031 0.3321724424 0.6956043641 0 -0.1854161992 3.758120969 0.1095431668 0 -0.5646040921 -0.1996459264 5.893629116 0 53.66181465 51.3585072 -10.53424247 1


mesh: pSphereShape13 tranform: pSphere13 4.934093027 0.2668510783 0.5748984945 0 -0.3107157793 4.659873287 0.5037556221 0 -0.4838822037 -0.5066413997 4.388109614 0 54.02415527 46.18996519 -9.815709683 1


mesh: pSphereShape14 tranform: pSphere14 4.974108333 0.3024620288 0.6898742661 0 -0.4156316407 5.436616683 0.6131939062 0 -0.5602910344 -0.5244135052 4.269710614 0 54.29085615 41.77028194 -10.05156668 1


mesh: pSphereShape15 tranform: pSphere15 3.432839089 -0.1537102039 0.2576110117 0 0.4667287752 8.543103936 -1.122011569 0 -0.2913091083 0.5704469426 4.222260542 0 49.89334537 28.33768842 -9.595586365 1


mesh: pSphereShape16 tranform: pSphere16 2.267795212 -0.04406332582 0.1822992057 0 0.04961404852 8.125451728 1.346796462 0 -0.1553374124 -0.307044843 1.858176078 0 48.47034375 12.43307687 -9.015505228 1


mesh: pSphereShape17 tranform: pSphere17 2.457816702 0.04814946 0.6835065898 0 -0.07053234863 2.359601838 0.08740520003 0 -1.687280677 -0.27590188 6.086716967 0 46.92503152 1.718771538 -6.197139217 1


mesh: pSphereShape18 tranform: pSphere18 2.652453756 0.2947138376 1.141985299 0 0.1597919244 7.77737442 -2.378262272 0 -1.346182184 0.9118319698 2.891417686 0 58.11887792 28.35043933 -7.168178108 1


mesh: pSphereShape19 tranform: pSphere19 1.818731544 0.140017649 0.7252359224 0 -2.438385628 8.316227039 4.509360608 0 -0.6440154183 -1.189046033 1.844611588 0 60.11701128 13.40853819 -7.623681374 1


mesh: pSphereShape20 tranform: pSphere20 2.568775626 0.3057146986 0.4197428926 0 -0.3120184286 1.710063628 0.6640106418 0 -0.6277561265 -2.239704427 5.473053245 0 61.22338555 3.180316364 -7.486140377 1


mesh: pSphereShape21 tranform: pSphere21 5.928011001 0.3604662613 0.8221739384 0 0.08190998357 2.769574142 -1.804850836 0 -0.8877139752 3.264583913 4.969271905 0 54.82980923 38.00781135 -11.6019063 1


