mesh: pSphereShape1 tranform: pSphere1 1.292888666 2.982130468 0.7417591127 0 -1.738980096 0.8040528487 -0.2015247796 0 -0.6426999682 -0.5525086978 3.341506 0 60.21401023 32.42356264 -21.27716987 1


mesh: pSphereShape2 tranform: pSphere2 1.622302884 5.501850955 1.376526989 0 -3.018625617 0.9764410546 -0.345149865 0 -0.5172197699 -0.5733938324 2.901370304 0 63.48815018 39.50893661 -19.46405804 1


mesh: pSphereShape3 tranform: pSphere3 1.26221589 5.976086469 2.675014293 0 -2.879116274 0.8342910046 -0.5053165046 0 -0.7844157502 -1.055116338 2.727300752 0 66.24511258 49.37518525 -16.39367326 1


mesh: pSphereShape4 tranform: pSphere4 2.580889938 -0.3262410911 3.174213078 0 -0.1633742228 3.338644534 0.4759774741 0 -3.037290734 -0.4934726122 2.418842674 0 69.01459375 55.12748604 -11.53519101 1


mesh: pSphereShape5 tranform: pSphere5 2.5404933 -0.3369952224 3.379481191 0 -0.07770388265 3.122957894 0.3698283887 0 -3.210651223 -0.3614393841 2.37753493 0 73.00560982 55.04221585 -6.116825159 1


mesh: pSphereShape6 tranform: pSphere6 2.123892959 -5.615773143 0.7501529369 0 0.5831753068 0.5271699062 2.295351505 0 -2.156096863 -0.7201703267 0.713195591 0 75.92779747 48.23855886 -4.125057404 1


mesh: pSphereShape7 tranform: pSphere7 1.1170053 -5.279946221 1.860370677 0 0.3528676754 0.8148566927 2.100788031 0 -2.795864909 -0.3747915728 0.6149938754 0 77.65681688 37.92877728 -1.768234127 1


mesh: pSphereShape8 tranform: pSphere8 1.661719627 -3.747565435 -1.29354236 0 0.2798505774 -0.2000159748 0.9389767112 0 -2.295774244 -1.168253278 0.4353722779 0 79.41278668 30.25099446 -0.6793327064 1


mesh: pSphereShape10 tranform: pSphere10 3.713938066 -0.2731870804 1.868091752 0 0.2411587027 3.506258652 0.033304616 0 -2.270195245 0.1131151029 4.529898553 0 71.2958382 64.88380939 -8.251057713 1


mesh: pSphereShape11 tranform: pSphere11 0.7954327258 -0.01420316204 0.6058754401 0 -1.471611011 2.993950395 2.002212072 0 -1.232673421 -1.662101711 1.579370306 0 69.45857961 60.56421462 -7.680896153 1


mesh: pSphereShape12 tranform: pSphere12 3.95066602 -0.5566779032 5.975605643 0 0.06329253986 3.751162979 0.3076076242 0 -4.947108604 -0.1833355286 3.253614141 0 70.45069917 50.85308795 -9.862367185 1


mesh: pSphereShape13 tranform: pSphere13 2.550686883 -0.3400038997 4.257391872 0 -0.1074889453 4.675629043 0.4378038966 0 -3.813747111 -0.2993826223 2.260981314 0 69.66305837 45.70875827 -9.617059998 1


mesh: pSphereShape14 tranform: pSphere14 2.442948622 -0.05130535601 4.397559924 0 -0.2605636247 5.476689823 0.2086445858 0 -3.786719541 -0.2601855121 2.100576805 0 69.59083959 41.29445702 -9.782271626 1


mesh: pSphereShape15 tranform: pSphere15 1.486499306 -0.2750706489 3.096615963 0 2.4504697 8.26201181 -0.4424134523 0 -3.656935122 1.184263033 1.860672292 0 65.15421555 28.13537268 -12.90023856 1


mesh: pSphereShape16 tranform: pSphere16 0.8381151025 0.1285508224 2.111659883 0 -5.826787706 5.474477258 1.97937663 0 -1.139946999 -1.407884621 0.5381508315 0 66.64245594 14.94386476 -14.61417953 1


mesh: pSphereShape17 tranform: pSphere17 0.2791814125 -0.699337985 2.437898007 0 -1.68198635 1.533370571 0.6324807707 0 -4.385012518 -4.486305439 -0.7847866528 0 70.89183507 4.64345538 -18.03595153 1


mesh: pSphereShape18 tranform: pSphere18 1.219418038 -0.2701456159 2.620408096 0 2.112478204 7.853443863 -0.1734159646 0 -2.884442334 0.8073565743 1.425520268 0 69.53530486 27.77114919 -6.157196934 1


mesh: pSphereShape19 tranform: pSphere19 0.8516369912 -0.1959839806 1.757743221 0 -1.651698467 9.448555454 1.853748024 0 -2.024111005 -0.5345468541 0.9210931194 0 68.46414658 11.78845095 -6.918651394 1


mesh: pSphereShape20 tranform: pSphere20 1.654392424 0.1381649206 2.02784367 0 -0.0958189293 1.85770273 -0.04839980564 0 -4.601955727 -0.1393012856 3.763942631 0 65.65388337 2.239574581 -6.001740036 1


mesh: pSphereShape21 tranform: pSphere21 2.911441676 -0.06114436889 5.240895827 0 1.731625512 2.658865017 -0.9309385688 0 -4.208008887 3.573598399 2.379340914 0 70.81941075 37.42710368 -10.40227115 1


