mesh: pSphereShape1 tranform: pSphere1 -2.348185177 2.365535125 -0.07169209797 0 0.9341194896 0.9690384868 1.378241701 0 1.787251517 1.701181255 -2.407427219 0 54.18395796 36.93629728 -11.42803722 1


mesh: pSphereShape2 tranform: pSphere2 -3.464855683 4.769524871 -0.2084819725 0 2.411484185 1.798411071 1.065423775 0 0.8702305653 0.5085642059 -2.828127937 0 48.59506716 42.66797365 -11.83894273 1


mesh: pSphereShape3 tranform: pSphere3 -1.843533849 6.201590708 -1.613739616 0 2.559447482 1.081650292 1.232865769 0 1.402751888 -0.2774443922 -2.668718737 0 43.76732223 51.86887061 -13.05650291 1


mesh: pSphereShape4 tranform: pSphere4 -1.173932466 0.1462446681 -3.929828221 0 0.4214486536 3.349951124 -0.00123154676 0 3.718508432 -0.4682306647 -1.128230997 0 41.75626973 58.13982197 -17.38677417 1


mesh: pSphereShape5 tranform: pSphere5 -0.9196811561 0.1540503991 -4.137513765 0 0.4079109081 3.119076361 0.02546142167 0 3.881288516 -0.5003979041 -0.8813588579 0 40.3373883 58.81863996 -23.91800496 1


mesh: pSphereShape6 tranform: pSphere6 -0.8822396643 -5.207155046 -2.952583313 0 0.8973563927 0.994913662 -2.022755148 0 2.186076913 -0.7195964936 0.6158697513 0 39.15069748 52.61911851 -28.36231328 1


mesh: pSphereShape7 tranform: pSphere7 0.7471913408 -4.725198425 -3.114597396 0 0.9339953156 1.246071161 -1.666366343 0 2.606695457 -0.3689812282 1.185132241 0 40.01351598 43.11488987 -33.20105448 1


mesh: pSphereShape8 tranform: pSphere8 -1.780820717 -3.826699292 -0.8147764998 0 0.595445789 -0.107583598 -0.7961595831 0 1.798284888 -1.15649858 1.501208385 0 40.12124756 35.79631719 -36.25542618 1


mesh: pSphereShape10 tranform: pSphere10 -0.5343424048 -0.1514444052 -4.129076982 0 0.4000303447 3.487235367 -0.1796710174 0 4.993124237 -0.6049235439 -0.6239713469 0 43.15676195 67.97030706 -20.9416514 1


mesh: pSphereShape11 tranform: pSphere11 -0.1326299799 0.004111368935 -0.991157094 0 2.90719038 2.557983788 -0.3784100308 0 1.695266977 -1.961460714 -0.2349854681 0 44.04826186 63.42375986 -20.25995135 1


mesh: pSphereShape12 tranform: pSphere12 -1.375443937 0.260941547 -7.047380973 0 0.1957339513 3.757838693 0.10093894 0 5.806254837 -0.2717201322 -1.143273099 0 40.92794564 54.14540087 -19.93583003 1


mesh: pSphereShape13 tranform: pSphere13 -0.9080100799 0.1863710183 -4.887512181 0 0.5662006951 4.662497071 0.07260102386 0 4.336076191 -0.5137123764 -0.8251523143 0 41.48482136 48.97184524 -20.42335466 1


mesh: pSphereShape14 tranform: pSphere14 -0.871844111 0.2439079445 -4.948692782 0 0.6461578511 5.446479123 0.1546045884 0 4.241834956 -0.4813548436 -0.7710369717 0 41.21143326 44.55919615 -20.56339589 1


mesh: pSphereShape15 tranform: pSphere15 -0.7323318363 0.444045655 -3.33779688 0 -0.3498376339 8.536339227 1.212393002 0 4.169420198 0.2952195834 -0.8755200758 0 42.3482522 30.97281773 -17.83990114 1


mesh: pSphereShape16 tranform: pSphere16 -0.4450834054 0.3940490127 -2.196519027 0 3.148632428 7.576625496 0.7212128524 0 1.70666575 -0.6649681536 -0.4651171403 0 40.80308397 15.36369141 -19.04935305 1


mesh: pSphereShape17 tranform: pSphere17 0.005208745326 0.06173331386 -2.550788983 0 1.156656202 2.059067131 0.05219473894 0 5.512543585 -3.094991698 -0.06364723203 0 40.65542316 3.371215295 -19.64667663 1


mesh: pSphereShape18 tranform: pSphere18 -0.4339244316 0.1788733005 -2.864648587 0 -4.034439003 6.985390897 1.047298293 0 2.837471067 1.687434703 -0.3244415422 0 44.49892054 32.04659667 -25.66269965 1


mesh: pSphereShape19 tranform: pSphere19 -0.3246228444 0.0649499742 -1.934879331 0 1.849391931 9.592669165 0.01172618124 0 2.213741087 -0.426320539 -0.38571937 0 47.68570045 17.04002467 -27.2809018 1


mesh: pSphereShape20 tranform: pSphere20 -1.098458882 0.07701744888 -2.378173708 0 0.2650068923 1.840763935 -0.06279113751 0 5.332405122 -0.8526417354 -2.49060699 0 50.72898415 6.896293137 -28.68782549 1


mesh: pSphereShape21 tranform: pSphere21 -1.039040796 0.2906830494 -5.897721418 0 -1.775979308 2.753073228 0.448577762 0 4.96281725 3.317283486 -0.710832406 0 39.61553661 40.77722292 -20.56427437 1


