mesh: pSphereShape1 tranform: pSphere1 -0.6092243994 3.219110086 0.6172889884 0 -1.504678654 -0.05432307428 -1.201730481 0 -2.058428461 -0.8915159554 2.617644558 0 138.2172401 30.4417513 -30.34003967 1


mesh: pSphereShape2 tranform: pSphere2 -1.546163113 5.657375919 0.6328779242 0 -2.083802981 -0.3012150781 -2.398270374 0 -2.133477294 -0.8017171492 1.954423359 0 136.9729039 38.19109886 -28.73087662 1


mesh: pSphereShape3 tranform: pSphere3 -2.066024169 6.170094124 1.457388946 0 -1.927523086 -0.0906157344 -2.348859364 0 -2.145021092 -1.144452362 1.804400524 0 134.3338862 48.49051415 -27.05997762 1


mesh: pSphereShape4 tranform: pSphere4 -0.2794923379 0.2874795868 4.084396443 0 -0.5443304006 3.321152313 -0.2710069128 0 -3.853599331 -0.6493856482 -0.2179921516 0 132.0345106 54.84716114 -22.90687241 1


mesh: pSphereShape5 tranform: pSphere5 -0.7632333978 0.2703396826 4.163286724 0 -0.5097085379 3.090206788 -0.2941022761 0 -3.89204641 -0.705512762 -0.6676964364 0 130.8815918 55.71482354 -16.36096871 1


mesh: pSphereShape6 tranform: pSphere6 -1.137303757 -5.460597503 2.344989082 0 -1.346007922 1.026716628 1.73803214 0 -1.930955198 -0.1914515559 -1.382318798 0 129.5332026 49.37993908 -12.43785133 1


mesh: pSphereShape7 tranform: pSphere7 -3.189524871 -4.407364597 1.728751108 0 -1.13898185 1.379270556 1.414973658 0 -1.911675229 0.5641581951 -2.088724522 0 124.8367649 40.24559084 -9.772761221 1


mesh: pSphereShape8 tranform: pSphere8 0.006563113189 -4.289322171 0.2836950503 0 -0.6877527015 0.04686140923 0.7244309697 0 -1.896497787 -0.1214654265 -1.792619987 0 121.4154733 33.2562336 -8.191239849 1


mesh: pSphereShape10 tranform: pSphere10 -0.2335564528 0.08574268457 4.158825978 0 -0.2073375483 3.507574427 -0.0839597213 0 -5.051381022 -0.305233845 -0.2773886357 0 130.1630039 64.9251307 -20.07392736 1


mesh: pSphereShape11 tranform: pSphere11 -0.0916574306 0.03685954343 0.9951081798 0 -2.724572334 2.755054403 -0.35300418 0 -1.84298232 -1.835629982 -0.1017603343 0 129.1572174 60.42795231 -20.73851586 1


mesh: pSphereShape12 tranform: pSphere12 -1.045512672 0.4582817587 7.093828034 0 -0.4006540024 3.730855689 -0.3000738012 0 -5.826910648 -0.6912289754 -0.8141346626 0 132.1703958 50.95637614 -20.07863567 1


mesh: pSphereShape13 tranform: pSphere13 -0.7159486305 0.4530399063 4.901955139 0 -0.7498044817 4.606091499 -0.535207826 0 -4.339838137 -0.7718243715 -0.5625171695 0 131.7917302 45.77875316 -19.54043771 1


mesh: pSphereShape14 tranform: pSphere14 -0.7647015291 0.4530806886 4.951677792 0 -0.7536500633 5.400446301 -0.610531503 0 -4.246114222 -0.6598660374 -0.5953613309 0 132.1869657 41.41331867 -19.08796827 1


mesh: pSphereShape15 tranform: pSphere15 -0.4368837201 0.3664458317 3.398415004 0 -0.611703453 8.549049793 -1.000468435 0 -4.225275766 -0.3613349759 -0.5042187306 0 133.8034405 27.7635721 -21.9667991 1


mesh: pSphereShape16 tranform: pSphere16 -0.3236344573 0.3154651347 2.230204517 0 -3.397569553 7.344985172 -1.531992824 0 -1.700385552 -0.8139979001 -0.1316091846 0 136.8620601 12.2616438 -20.50086967 1


mesh: pSphereShape17 tranform: pSphere17 -0.5612059759 0.2262797689 2.478751276 0 -0.559879087 2.270527131 -0.3340318377 0 -5.982655881 -1.652316927 -1.203677177 0 136.7183243 1.427452474 -19.76515106 1


mesh: pSphereShape18 tranform: pSphere18 -0.4341380201 0.5290263402 2.821019835 0 3.944879623 7.077327942 -0.7201192439 0 -2.858293496 1.519453217 -0.7248175388 0 127.9772235 28.80297266 -14.18398583 1


mesh: pSphereShape19 tranform: pSphere19 -0.238522284 0.2610371186 1.930886651 0 -5.140653138 8.124576301 -1.733388293 0 -1.924962474 -1.233144418 -0.07108132428 0 127.2630348 14.85928111 -11.68221024 1


mesh: pSphereShape20 tranform: pSphere20 0.5032291064 0.8427357985 2.429981611 0 -0.6364463733 1.688654181 -0.4538351176 0 -5.470252576 -1.607433085 1.690313911 0 127.4563125 5.135541416 -9.259990131 1


mesh: pSphereShape21 tranform: pSphere21 -0.9113510951 0.5399696038 5.901278873 0 1.728383825 2.819103688 0.008969952264 0 -5.042933245 3.095186042 -1.062005245 0 133.8306144 37.71526771 -18.40018458 1


