mesh: pSphereShape1 tranform: pSphere1 -3.006574797 1.439327317 0.060948159 0 0.5522956642 1.090631638 1.488844224 0 1.114545667 2.420743317 -2.186728427 0 64.9231807 37.43436296 -12.10846616 1


mesh: pSphereShape2 tranform: pSphere2 -4.725042055 3.530396681 -0.0856386825 0 1.798836621 2.432199711 1.016492772 0 0.6055509803 0.7414335444 -2.845668766 0 57.82912114 41.16191751 -12.28400445 1


mesh: pSphereShape3 tranform: pSphere3 -2.165814715 6.023895979 -1.866661127 0 2.4458529 1.275265165 1.277575487 0 1.505104839 -0.2686517871 -2.613280235 0 51.75040298 49.06198172 -13.6067712 1


mesh: pSphereShape4 tranform: pSphere4 -1.337447236 0.1832530206 -3.875655817 0 0.6254465702 3.317398257 -0.05897802745 0 3.628609719 -0.7069772127 -1.285622352 0 49.38636709 55.19917689 -18.13139557 1


mesh: pSphereShape5 tranform: pSphere5 -1.016947233 0.1704732623 -4.114039657 0 0.5941199505 3.08906827 -0.01885861601 0 3.820010828 -0.7406540683 -0.9749568526 0 47.79574978 55.90356966 -24.6124907 1


mesh: pSphereShape6 tranform: pSphere6 -1.734960059 -4.745173694 -3.329233986 0 1.316840392 0.8256400623 -1.863032461 0 1.880780386 -1.23604233 0.7816082349 0 45.67242259 50.1154047 -29.36758456 1


mesh: pSphereShape7 tranform: pSphere7 0.06687123046 -4.671147485 -3.280612962 0 1.367950224 1.061946186 -1.48418323 0 2.309934133 -0.9731578789 1.43272985 0 44.92974596 40.84216304 -34.6328728 1


mesh: pSphereShape8 tranform: pSphere8 -2.536248188 -3.313131691 -1.034124834 0 0.5957894386 -0.2145081906 -0.7739645864 0 1.423564025 -1.567395241 1.530255452 0 43.73525932 33.77822796 -38.02853538 1


mesh: pSphereShape10 tranform: pSphere10 -0.6384376122 -0.2345133327 -4.110369186 0 0.3803235388 3.484532729 -0.2578800558 0 4.978213268 -0.5980526943 -0.7391129905 0 50.56891918 65.04159634 -21.94624149 1


mesh: pSphereShape11 tranform: pSphere11 -0.161555824 -0.03148205218 -0.9863612909 0 2.842861914 2.599118675 -0.5485885281 0 1.726801566 -1.935398013 -0.221059515 0 51.47727447 60.54960745 -21.225369 1


mesh: pSphereShape12 tranform: pSphere12 -1.41613771 0.2753168343 -7.038769048 0 0.4433322136 3.737654275 0.05700139813 0 5.765716936 -0.6657976311 -1.186053189 0 48.1947359 51.24114123 -20.59394478 1


mesh: pSphereShape13 tranform: pSphere13 -0.9182499006 0.3465102718 -4.876857547 0 0.7154234643 4.638418965 0.194863656 0 4.314566303 -0.6294653173 -0.8571023937 0 48.4903169 46.07252307 -21.11626612 1


mesh: pSphereShape14 tranform: pSphere14 -0.7935249505 0.3371491372 -4.956391036 0 0.6455672338 5.442205159 0.2668395324 0 4.253307648 -0.469582701 -0.7129028193 0 48.1673124 41.69613477 -21.33585686 1


mesh: pSphereShape15 tranform: pSphere15 -0.4478467227 0.5878493502 -3.365745226 0 0.593118994 8.493348304 1.404498133 0 4.224161742 -0.196369782 -0.5963650563 0 47.941003 28.15255969 -18.59415739 1


mesh: pSphereShape16 tranform: pSphere16 -0.2443128525 0.4857985895 -2.209610975 0 4.03451395 7.093802138 1.113533327 0 1.634986727 -0.871427401 -0.3723671193 0 44.57516003 12.89665574 -20.29625056 1


mesh: pSphereShape17 tranform: pSphere17 0.04797072381 0.04593762625 -2.550676599 0 0.7877629182 2.226375871 0.05491248089 0 5.959192381 -2.110379494 0.07406699364 0 43.92787441 2.031105099 -21.23296869 1


mesh: pSphereShape18 tranform: pSphere18 -0.3567465712 0.1733756698 -2.875616518 0 -4.443426103 6.745922818 0.9579705418 0 2.748510738 1.843039407 -0.2298580445 0 52.00773805 29.29634066 -26.23373084 1


mesh: pSphereShape19 tranform: pSphere19 -0.2673647429 0.1175612584 -1.941147073 0 -2.483054656 9.40442358 0.9115626346 0 2.190020905 0.6039251358 -0.2650681056 0 58.95505525 14.70016675 -28.43374805 1


mesh: pSphereShape20 tranform: pSphere20 -0.5695574131 -0.07657985157 -2.556950071 0 -0.7366497302 1.705038518 0.113022433 0 5.305848996 2.375413158 -1.25301407 0 66.13526273 7.485554945 -29.73083332 1


mesh: pSphereShape21 tranform: pSphere21 -0.9457020878 0.4018054413 -5.906895994 0 -1.781863576 2.745339867 0.4720253419 0 4.974596146 3.326791248 -0.5701409232 0 46.57028797 37.91588041 -21.43280197 1


