mesh: pSphereShape1 tranform: pSphere1 1.164736572 3.121039116 0.1318080504 0 -1.680565189 0.6557146137 -0.6759467345 0 -1.178753304 0.3036878869 3.225260575 0 124.1141264 28.74311966 -29.17377022 1


mesh: pSphereShape2 tranform: pSphere2 1.414003875 5.722705314 0.2197591061 0 -3.001942985 0.7709511188 -0.7606831586 0 -0.7212854732 0.06633058198 2.913690776 0 127.0884956 36.17310892 -28.77626556 1


mesh: pSphereShape3 tranform: pSphere3 0.6356179766 6.474637266 1.462040342 0 -2.866393743 0.4823331819 -0.8898530126 0 -0.9659147105 -0.5414863693 2.817898016 0 129.1550105 46.57159618 -27.7122827 1


mesh: pSphereShape4 tranform: pSphere4 2.198817068 0.6902052027 3.395861462 0 -0.8591784711 3.26345848 -0.1069771953 0 -3.151190429 -0.7576885283 2.194392188 0 130.8839878 53.45388408 -23.88883113 1


mesh: pSphereShape5 tranform: pSphere5 1.579365619 0.6435478735 3.883299561 0 -0.7932489168 3.038698234 -0.1809589265 0 -3.582877768 -0.8402368015 1.596427593 0 133.5385885 54.92597434 -17.95265882 1


mesh: pSphereShape6 tranform: pSphere6 1.208827695 -4.993383824 3.196155865 0 -0.5678457268 1.172610874 2.046747432 0 -2.266843934 -0.6960670398 -0.2301221216 0 135.4487799 49.16613214 -13.28512652 1


mesh: pSphereShape7 tranform: pSphere7 -0.7568516753 -4.399206619 3.558183336 0 -0.6298281803 1.443006497 1.650110932 0 -2.748338089 -0.2200138621 -0.8566086785 0 134.7631328 40.15389993 -7.641918978 1


mesh: pSphereShape8 tranform: pSphere8 1.302525388 -4.046984378 0.6357324167 0 -0.3076801735 0.05023200987 0.9501629629 0 -2.356318378 -0.8710106713 -0.7169715696 0 134.3928149 33.15122028 -3.927877869 1


mesh: pSphereShape10 tranform: pSphere10 2.27494824 0.4967958524 3.454784845 0 -0.1388593821 3.487926742 -0.4101238416 0 -4.241196969 0.1568866323 2.770234148 0 131.259301 63.89691294 -21.91208448 1


mesh: pSphereShape11 tranform: pSphere11 0.4887304911 0.1482304081 0.8597501109 0 -2.360575911 2.9799583 0.8281068885 0 -1.632014719 -1.628641076 1.208524981 0 129.9341447 59.49483845 -21.35489491 1


mesh: pSphereShape12 tranform: pSphere12 2.69286122 1.086025475 6.57225701 0 -0.8004810507 3.667663496 -0.278076711 0 -5.345764022 -0.9882835228 2.353636153 0 132.9804781 49.8706735 -21.45606816 1


mesh: pSphereShape13 tranform: pSphere13 1.819879029 0.8805661864 4.545287152 0 -1.335151228 4.491052999 -0.335480607 0 -3.93805824 -1.037946811 1.777834975 0 133.3747137 44.74980384 -20.49855827 1


mesh: pSphereShape14 tranform: pSphere14 1.779460085 0.7920842318 4.638457488 0 -1.343835282 5.305395757 -0.3904356314 0 -3.916114232 -0.8704362448 1.650985874 0 134.2834761 40.47050821 -20.10255024 1


mesh: pSphereShape15 tranform: pSphere15 1.57769584 0.5995411751 3.004297037 0 -1.505589158 8.449415031 -0.8955207927 0 -3.722838218 -0.4467123108 2.044181623 0 135.0660641 26.86050317 -22.89566918 1


mesh: pSphereShape16 tranform: pSphere16 1.007016221 0.4597482631 1.988119605 0 -3.842544138 7.28046147 0.2627230068 0 -1.447258459 -0.7969500964 0.9173538462 0 139.0317967 11.44912941 -22.61497821 1


mesh: pSphereShape17 tranform: pSphere17 1.788871693 0.873355369 1.596104958 0 -0.6911881763 2.216039904 -0.4379056538 0 -4.111204201 -0.3354976713 4.791304905 0 140.585686 1.615955517 -19.47137726 1


mesh: pSphereShape18 tranform: pSphere18 0.9664903793 0.1550712305 2.73282763 0 3.061376054 7.385251121 -1.501752411 0 -2.868022249 1.379207997 0.9360416299 0 133.3701823 27.63320851 -14.80226074 1


mesh: pSphereShape19 tranform: pSphere19 0.6781039473 0.1185519504 1.838335385 0 1.34902991 9.610993215 -1.117415524 0 -2.123013478 0.3861458391 0.7582106556 0 128.91741 12.13730226 -11.82313059 1


mesh: pSphereShape20 tranform: pSphere20 1.217439642 -0.4780899522 2.271018385 0 0.5747406476 1.768652368 0.06422796013 0 -4.935511074 1.496321063 2.960813943 0 122.9706408 4.104401035 -8.933854015 1


mesh: pSphereShape21 tranform: pSphere21 2.120713554 0.9439850773 5.527991184 0 1.294167845 2.878155576 -0.9879710411 0 -5.107086237 2.804553949 1.480322536 0 136.3119559 36.90245441 -20.16941136 1


