mesh: pSphereShape1 tranform: pSphere1 -0.1268273687 3.252312216 -0.7219763722 0 1.28985869 0.3578458958 1.385415414 0 2.557173294 -0.4055371802 -2.276048287 0 59.63568446 29.63375054 21.18445177 1


mesh: pSphereShape2 tranform: pSphere2 0.1856529628 5.830346137 -0.8772992852 0 2.101880224 0.291737362 2.383622246 0 2.257237562 -0.3646633569 -1.945802056 0 59.0857477 37.39598244 19.28131428 1


mesh: pSphereShape3 tranform: pSphere3 0.924662844 6.398792557 -1.631855491 0 1.895595595 0.3263823409 2.353909234 0 2.329366138 -0.7871574045 -1.766687455 0 59.55843556 47.92883255 17.25201356 1


mesh: pSphereShape4 tranform: pSphere4 0.4098841701 0.2460502293 -4.07608992 0 0.4215354315 3.341037508 0.2440681548 0 3.863658058 -0.5135913528 0.3575198376 0 60.98442761 54.44256775 12.9642072 1


mesh: pSphereShape5 tranform: pSphere5 0.8310595799 0.253281507 -4.151355629 0 0.3436667793 3.116172267 0.2589217771 0 3.909182628 -0.493645588 0.7524607992 0 62.2447397 55.28327751 6.429311435 1


mesh: pSphereShape6 tranform: pSphere6 1.958148383 -5.332927288 -2.082330468 0 1.275294243 1.140097915 -1.720593333 0 1.874402177 0.1158074896 1.466032754 0 64.46414986 49.0828766 2.783559535 1


mesh: pSphereShape7 tranform: pSphere7 3.676075037 -4.095268178 -1.517156174 0 1.033416645 1.454097136 -1.421080199 0 1.779748873 0.8107626468 2.123841957 0 70.31762963 40.47445364 0.579983635 1


mesh: pSphereShape8 tranform: pSphere8 0.3613515913 -4.260791027 -0.4403356607 0 0.7685883898 0.1299201036 -0.6264125268 0 1.65681361 -0.06811571228 2.01873055 0 74.44980535 33.82007763 -0.7390143064 1


mesh: pSphereShape10 tranform: pSphere10 0.4159572024 0.334101519 -4.131959549 0 0.06544030987 3.502123919 0.2897621032 0 5.041985346 -0.1353044382 0.4966274902 0 62.54535788 64.55583628 10.82153971 1


mesh: pSphereShape11 tranform: pSphere11 0.1314825365 0.1142008334 -0.9847184939 0 2.601344889 2.813789939 0.6736631681 0 1.905295222 -1.773118257 0.04876669427 0 63.70012888 60.05351266 11.29569308 1


mesh: pSphereShape12 tranform: pSphere12 1.155003861 0.4146251333 -7.079517439 0 0.194928369 3.750815256 0.2514755151 0 5.838883356 -0.3658752251 0.9311696475 0 61.13487777 50.51509296 10.19175587 1


mesh: pSphereShape13 tranform: pSphere13 0.701258474 0.246494848 -4.918787312 0 0.3618885867 4.674618505 0.2858523304 0 4.385970663 -0.3766253829 0.6064224144 0 61.8673323 45.37723322 9.821485146 1


mesh: pSphereShape14 tranform: pSphere14 0.6319461863 0.102067468 -4.989928831 0 0.4055858651 5.469406744 0.1632401916 0 4.291803884 -0.3342785206 0.5366950562 0 61.78914923 40.95834497 9.653706152 1


mesh: pSphereShape15 tranform: pSphere15 -0.0267632042 -0.007265955936 -3.445809833 0 -2.020296779 8.389265015 -0.001998489473 0 4.151740886 0.9998110763 -0.03435432542 0 63.25474291 28.01383178 13.87497865 1


mesh: pSphereShape16 tranform: pSphere16 0.001097652071 0.1022448466 -2.273238766 0 1.620133654 8.067355594 0.3636326683 0 1.852848126 -0.3713872208 -0.01580944658 0 64.61441564 12.35283353 14.40743439 1


mesh: pSphereShape17 tranform: pSphere17 0.5496352222 -0.03496021523 -2.491393481 0 0.05222283123 2.361597078 -0.02161779546 0 6.172264893 -0.1240088309 1.363425564 0 67.22840298 1.794615627 15.30064363 1


mesh: pSphereShape18 tranform: pSphere18 0.6169301333 0.1194532386 -2.834012303 0 -1.732595297 7.947675941 -0.04217152379 0 3.16349608 0.6934521135 0.7178836724 0 63.63556638 27.01065817 5.949155902 1


mesh: pSphereShape19 tranform: pSphere19 0.3146784354 -0.01095718505 -1.937579402 0 8.278825049 5.016814079 1.316177056 0 1.157599572 -1.96252388 0.1991017035 0 59.53256152 14.35647962 4.615940445 1


mesh: pSphereShape20 tranform: pSphere20 0.001479270271 0.07572114798 -2.619640797 0 1.692707238 0.7725174634 0.02328558966 0 2.46995917 -5.407399653 -0.1549070287 0 53.56237554 4.958732767 3.937654641 1


mesh: pSphereShape21 tranform: pSphere21 0.7531367822 0.1216413139 -5.946865453 0 -1.911623748 2.691737037 -0.1870376482 0 4.846804765 3.489726322 0.6852016195 0 60.38107617 37.11857434 9.301995894 1


