mesh: pSphereShape1 tranform: pSphere1 0.8398588394 3.032932151 1.100376985 0 -1.609561199 0.7253964806 -0.7708940837 0 -1.683404718 -0.6031387409 2.947263761 0 71.22041069 31.23526569 -26.3496314 1


mesh: pSphereShape2 tranform: pSphere2 0.9004749724 5.538921342 1.818392787 0 -2.844922496 0.8472248045 -1.171875548 0 -1.280906631 -0.6567502927 2.634806193 0 73.45815607 38.43281652 -23.6326075 1


mesh: pSphereShape3 tranform: pSphere3 0.3351990551 5.974115198 2.942802933 0 -2.654194773 0.7720009595 -1.264895805 0 -1.468063031 -1.103350581 2.407105394 0 74.90311885 48.35248122 -19.85696216 1


mesh: pSphereShape4 tranform: pSphere4 1.93531299 -0.2073304997 3.613119495 0 -0.3277245356 3.340290762 0.3672155614 0 -3.430523196 -0.535208007 1.806796362 0 76.37992009 54.19986072 -14.51569487 1


mesh: pSphereShape5 tranform: pSphere5 1.751190842 -0.2158493137 3.856851672 0 -0.2427522663 3.123381353 0.285021401 0 -3.640397112 -0.4315660808 1.628757695 0 79.14671063 54.30432673 -8.391704338 1


mesh: pSphereShape6 tranform: pSphere6 1.422724723 -5.707771587 1.41695328 0 -0.06155395201 0.5699184806 2.357550449 0 -2.314859184 -0.5584917067 0.07457147476 0 81.12520598 47.47598533 -5.586603751 1


mesh: pSphereShape7 tranform: pSphere7 0.02899872626 -5.257619519 2.223310157 0 -0.1999782651 0.883952432 2.092953456 0 -2.875977819 -0.1120535468 -0.2274694873 0 81.25280917 37.18767664 -2.637367614 1


mesh: pSphereShape8 tranform: pSphere8 1.557474172 -3.973991427 -0.5103694649 0 -0.1695811862 -0.1906384341 0.966901861 0 -2.39431805 -0.862600851 -0.5900042119 0 81.70052551 29.43838836 -0.9488997358 1


mesh: pSphereShape10 tranform: pSphere10 3.267311097 -0.1779938407 2.578900991 0 0.117094736 3.511490804 0.09400857384 0 -3.140119308 -0.001792702458 3.978216925 0 77.73274625 64.03586657 -10.98876864 1


mesh: pSphereShape11 tranform: pSphere11 0.6520070377 0.02095604979 0.7579232592 0 -1.890036918 3.031156139 1.542103767 0 -1.515463628 -1.631142663 1.34878465 0 75.97990719 59.75197942 -10.89207634 1


mesh: pSphereShape12 tranform: pSphere12 2.4869117 -0.3656615494 6.73105318 0 -0.1463905188 3.752584004 0.2579441773 0 -5.553037827 -0.3563240484 2.032315059 0 77.61587223 49.99100874 -12.53838192 1


mesh: pSphereShape13 tranform: pSphere13 1.5946011 0.002725423017 4.712136637 0 -0.3036025455 4.686422162 0.1000294573 0 -4.199393863 -0.3023873469 1.421262312 0 76.9523756 44.85064753 -12.26835036 1


mesh: pSphereShape14 tranform: pSphere14 1.445654187 0.1526838775 4.816215849 0 -0.3039129127 5.477809685 -0.08243406458 0 -4.148205535 -0.2113068901 1.251840458 0 76.95817436 40.4434363 -12.22085421 1


mesh: pSphereShape15 tranform: pSphere15 0.8098803623 0.1151447021 3.347418403 0 -1.144322262 8.55287065 -0.01734280204 0 -4.112131527 -0.5481226787 1.013750773 0 77.21582125 26.74657201 -16.33244608 1


mesh: pSphereShape16 tranform: pSphere16 0.4174302641 0.2285456168 2.225216523 0 -5.91634993 5.706290376 0.5237763822 0 -1.268225387 -1.34947059 0.376507741 0 82.69973362 12.68766167 -17.43849826 1


mesh: pSphereShape17 tranform: pSphere17 0.1632900067 0.1255000054 2.54321621 0 -1.444538858 1.869128818 0.000512376022 0 -4.986057579 -3.853568205 0.5102972373 0 86.52904389 2.348021568 -17.96636122 1


mesh: pSphereShape18 tranform: pSphere18 0.8535272587 -0.02309990803 2.774428808 0 3.297348672 7.374856532 -0.9529956067 0 -2.871324066 1.399440941 0.8949879375 0 74.97061716 27.27050817 -7.538876261 1


mesh: pSphereShape19 tranform: pSphere19 0.6021145776 -0.02074196399 1.868257028 0 0.4717882024 9.757827344 -0.04371671005 0 -2.17412147 0.1082627576 0.7018926162 0 70.9041885 11.65186805 -5.987240691 1


mesh: pSphereShape20 tranform: pSphere20 1.70074223 0.1903511202 1.984816391 0 0.06301094889 1.845336573 -0.2309670897 0 -4.520010674 0.6315259209 3.812524624 0 66.10068923 2.569072301 -3.289540275 1


mesh: pSphereShape21 tranform: pSphere21 1.722892496 0.1819646145 5.739838905 0 1.888388785 2.63547631 -0.6503761446 0 -4.622700177 3.626337813 1.272605452 0 78.29429108 36.56624067 -12.40072787 1


