mesh: pSphereShape1 tranform: pSphere1 1.909045388 2.603329351 -0.832521357 0 1.284934146 -0.5136543127 1.34024941 0 1.643257476 -1.947515272 -2.321826995 0 85.74894183 32.32815991 -12.08262092 1


mesh: pSphereShape2 tranform: pSphere2 3.498447572 4.629954918 -1.058980253 0 1.617148703 -0.6082251198 2.683199294 0 1.878573679 -1.770214289 -1.533476025 0 89.91332052 38.78393878 -14.33524111 1


mesh: pSphereShape3 tranform: pSphere3 3.897423146 5.013438362 -2.034214472 0 1.639114971 -0.2400594395 2.548797824 0 1.835722338 -1.981826406 -1.367199889 0 95.8736874 47.37957292 -16.95296612 1


mesh: pSphereShape4 tranform: pSphere4 0.6461553432 0.01577875476 -4.052812491 0 0.5861967816 3.32337866 0.1063984481 0 3.804986684 -0.6904813109 0.6039552896 0 99.98072867 52.64483161 -21.59855238 1


mesh: pSphereShape5 tranform: pSphere5 1.13913764 0.02604991351 -4.085370478 0 0.5810147742 3.086274309 0.1816855978 0 3.792341621 -0.7758959364 1.052484 0 101.7469861 53.09849678 -28.03719935 1


mesh: pSphereShape6 tranform: pSphere6 2.729966809 -5.180601076 -1.522896071 0 0.6686335046 0.9751429512 -2.118647102 0 2.022254067 0.7733953448 0.9941805983 0 104.7157301 47.02451791 -31.15490628 1


mesh: pSphereShape7 tranform: pSphere7 5.678289492 -0.05184429829 -0.5838258371 0 -0.1749844454 1.359829057 -1.82265267 0 0.1970052858 2.317703658 1.710258884 0 113.1047907 42.80895519 -32.13441901 1


mesh: pSphereShape8 tranform: pSphere8 3.862863583 -1.402109183 1.261421983 0 0.3954812466 0.312573558 -0.8636505974 0 0.496301967 2.330674734 1.070786517 0 120.9723515 42.21291204 -31.97429651 1


mesh: pSphereShape10 tranform: pSphere10 0.4513042039 0.07010574576 -4.141152453 0 -0.03685684621 3.514068974 0.05547315128 0 5.038088114 0.04416216397 0.5498001808 0 101.4470736 62.65997754 -24.46219161 1


mesh: pSphereShape11 tranform: pSphere11 0.115980891 0.03704612274 -0.9925603345 0 2.551827286 2.908773735 0.4067480606 0 1.941744205 -1.726183893 0.1624654916 0 102.7508859 58.21991222 -23.75383742 1


mesh: pSphereShape12 tranform: pSphere12 0.773384122 -0.01293690259 -7.143334286 0 0.3373274213 3.74902365 0.02973162242 0 5.865585966 -0.5328140961 0.6360116767 0 100.1064575 48.57699265 -24.14963503 1


mesh: pSphereShape13 tranform: pSphere13 0.4569338688 -0.3116809749 -4.943789861 0 0.5028290971 4.663755361 -0.2475518191 0 4.399257241 -0.4512193386 0.4350520905 0 100.6583371 43.41116189 -24.13553675 1


mesh: pSphereShape14 tranform: pSphere14 0.3229573599 -0.1147851328 -5.019132038 0 0.4456899307 5.4678726 -0.09636957853 0 4.314815853 -0.3466704929 0.2855661386 0 100.5092108 39.01194713 -24.00490895 1


mesh: pSphereShape15 tranform: pSphere15 -0.5530257806 0.1971410968 -3.395537122 0 -4.358357409 7.360227315 1.137165389 0 3.621536306 2.215746655 -0.4611901331 0 104.7737098 26.6920094 -21.51901911 1


mesh: pSphereShape16 tranform: pSphere16 -0.3685626052 0.1431030881 -2.240926775 0 -2.876838338 7.657503305 0.9621498686 0 1.744092898 0.6857756957 -0.2430560465 0 112.5194036 12.58906533 -22.78212355 1


mesh: pSphereShape17 tranform: pSphere17 -0.1120121738 0.536051619 -2.492080357 0 -1.027541886 2.069557194 0.4913512044 0 5.686059997 2.743706108 0.3346040421 0 120.5283243 4.732360109 -23.6019093 1


mesh: pSphereShape18 tranform: pSphere18 -0.3118485443 -0.37385048 -2.861727433 0 0.9626451386 7.995091805 -1.149364665 0 3.274574303 -0.4373582798 -0.2997017176 0 99.07684556 25.59097914 -27.19065086 1


mesh: pSphereShape19 tranform: pSphere19 -0.2736159092 -0.2801358645 -1.923542239 0 7.439644293 6.028469579 -1.936217203 0 1.447697435 -1.769933164 0.05183598513 0 92.45749449 11.97899014 -24.86653457 1


mesh: pSphereShape20 tranform: pSphere20 -0.4778450496 -0.08147318563 -2.575515486 0 0.8797802283 1.62557514 -0.2146519464 0 5.126760629 -2.888199452 -0.8598225828 0 89.67093928 3.303807849 -23.07047675 1


mesh: pSphereShape21 tranform: pSphere21 0.3848920558 -0.136797891 -5.981669063 0 -1.90434065 2.697088747 -0.1842164167 0 4.899457132 3.475476622 0.2357743702 0 99.06049567 35.17248206 -24.1046128 1


