mesh: pSphereShape1 tranform: pSphere1 -1.192023399 3.090746757 -0.3758118049 0 1.795948823 0.6962995743 0.02999541585 0 0.1902173808 -0.3430831749 -3.424923757 0 122.6700289 30.87662831 8.698856452 1


mesh: pSphereShape2 tranform: pSphere2 -1.575414904 5.634076571 -0.7565092232 0 3.075211734 0.8396746877 -0.1506166885 0 -0.03402842366 -0.4088734603 -2.974207622 0 119.5329703 38.1995764 7.856129361 1


mesh: pSphereShape3 tranform: pSphere3 -1.398624442 6.175418541 -2.090587337 0 2.962659307 0.6801569356 0.02707661576 0 0.2373666289 -0.9194853719 -2.874882898 0 116.7772599 48.33473853 5.863655639 1


mesh: pSphereShape4 tranform: pSphere4 -3.257680603 0.3462673251 -2.471977106 0 0.5247321328 3.32770993 -0.2253793021 0 2.301509102 -0.5737797401 -3.113403727 0 113.4503656 54.77326022 2.070752207 1


mesh: pSphereShape5 tranform: pSphere5 -3.010932314 0.3525391988 -2.966237991 0 0.50605939 3.101375731 -0.1450841288 0 2.750537038 -0.5826621665 -2.861231002 0 108.6579655 55.76719321 -2.494591229 1


mesh: pSphereShape6 tranform: pSphere6 -1.720371956 -5.395197901 -2.131365447 0 -0.7367388915 1.048759286 -2.060087339 0 2.166521717 -0.3203330008 -0.9378791768 0 105.7711638 49.5095712 -5.744545809 1


mesh: pSphereShape7 tranform: pSphere7 -0.4432050571 -4.587831532 -3.367771237 0 -0.5313262639 1.345621091 -1.76318282 0 2.798735824 0.2235128788 -0.6728049932 0 105.062981 40.17245882 -10.86470474 1


mesh: pSphereShape8 tranform: pSphere8 -1.005652355 -4.179139 -0.04765712708 0 -0.221995799 0.06451490084 -0.9729109377 0 2.47286682 -0.5881821543 -0.6032541481 0 104.480502 33.02246674 -14.28298554 1


mesh: pSphereShape10 tranform: pSphere10 -3.673278767 0.3368066244 -1.936832036 0 0.3421215127 3.497773722 -0.04059945664 0 2.34004601 -0.2809626235 -4.486848232 0 112.4779883 64.89982913 -0.6859102728 1


mesh: pSphereShape11 tranform: pSphere11 -0.8174453333 0.1324863043 -0.5605626693 0 1.851485324 2.737883094 -2.05285883 0 0.8448738736 -1.817146394 -1.661518446 0 113.4638518 60.36566035 -1.315957185 1


mesh: pSphereShape12 tranform: pSphere12 -5.084146976 0.5886109556 -5.042866423 0 0.4444087947 3.737942601 -0.01174841028 0 4.127140243 -0.503943727 -4.219745795 0 111.0483388 50.91777134 0.4847133142 1


mesh: pSphereShape13 tranform: pSphere13 -3.520189793 0.5087781144 -3.477987986 0 0.6907497662 4.646204809 -0.0194603763 0 3.071092787 -0.4698854594 -3.177094621 0 110.9667328 45.78960007 -0.3719999428 1


mesh: pSphereShape14 tranform: pSphere14 -3.532797796 0.4082823396 -3.558343541 0 0.6955699714 5.442183832 -0.06614328029 0 3.039171932 -0.4257050542 -3.066198537 0 110.5569234 41.38956604 -0.5072907218 1


mesh: pSphereShape15 tranform: pSphere15 -2.216515807 0.3207004206 -2.618889724 0 0.6709474265 8.589352756 0.4839621362 0 3.252959723 -0.09829746427 -2.765202604 0 112.6014216 27.81684334 2.239837004 1


mesh: pSphereShape16 tranform: pSphere16 -1.442055501 0.2704631858 -1.739366349 0 2.671130443 7.725121776 -1.013332989 0 1.327182199 -0.6157966028 -1.196079654 0 110.6135886 11.9938734 2.840501446 1


mesh: pSphereShape17 tranform: pSphere17 -1.420737499 0.1183204206 -2.116097306 0 0.2760191753 2.345466707 -0.05417245477 0 5.199293429 -0.6933840086 -3.529550655 0 111.413277 1.389230898 1.69389571 1


mesh: pSphereShape18 tranform: pSphere18 -1.939667408 0.07055259018 -2.15852039 0 -2.377654954 7.406611013 2.378673575 0 2.269516546 1.369150845 -1.994658081 0 109.9000369 28.209363 -5.495650977 1


mesh: pSphereShape19 tranform: pSphere19 -1.334170389 0.01701712624 -1.439811205 0 1.072401457 9.670380484 -0.8794237601 0 1.658814127 -0.3240875263 -1.540935172 0 111.5732117 12.63748027 -7.905133372 1


mesh: pSphereShape20 tranform: pSphere20 -2.170688366 0.1585685317 -1.459870482 0 0.1440686014 1.855172746 -0.01271072944 0 3.300174164 -0.2901207664 -4.938557068 0 113.9439753 2.838910347 -10.86079345 1


mesh: pSphereShape21 tranform: pSphere21 -4.210295151 0.4865801142 -4.240739896 0 -1.164920127 2.723869603 1.469092304 0 3.719266927 3.37341296 -3.305502386 0 109.1919969 37.59911993 0.2799210514 1


