mesh: pSphereShape1 tranform: pSphere1 2.204905849 2.483203722 0.2948885979 0 -0.9205032021 0.9810868827 -1.37887903 0 -1.993148227 1.486187729 2.388011232 0 17.19770397 31.58416691 -26.21275225 1


mesh: pSphereShape2 tranform: pSphere2 3.128055725 4.945841639 0.7422769024 0 -2.560326608 1.736804408 -0.7828820402 0 -0.8231344473 0.08746597787 2.886008628 0 22.39450445 37.6062909 -25.21714066 1


mesh: pSphereShape3 tranform: pSphere3 1.265361556 6.092575614 2.396222534 0 -2.679792073 0.9718500966 -1.055897062 0 -1.308750099 -0.7595804547 2.622395595 0 26.43933115 46.92784884 -22.89982613 1


mesh: pSphereShape4 tranform: pSphere4 1.045287507 -0.4568083956 3.942303249 0 -0.9979599217 3.163153887 0.6311311265 0 -3.603790166 -1.297631021 0.8051709601 0 27.68306751 52.52196895 -17.73453726 1


mesh: pSphereShape5 tranform: pSphere5 0.8643270957 -0.516733455 4.120010961 0 -0.8222095591 2.986695458 0.5470819095 0 -3.784706823 -1.160666464 0.6484131934 0 28.94882838 52.13679394 -11.14110884 1


mesh: pSphereShape6 tranform: pSphere6 2.488156374 -5.273162693 1.616598835 0 -0.9179295108 0.2510825477 2.231816087 0 -1.975794662 -1.142024828 -0.6841503351 0 31.83658581 45.61011146 -8.207587482 1


mesh: pSphereShape7 tranform: pSphere7 1.401647239 -5.16933791 1.974801909 0 -1.059742628 0.4635837005 1.965668611 0 -2.456295474 -1.07505134 -1.070711885 0 34.51045516 35.51985888 -5.66507353 1


mesh: pSphereShape8 tranform: pSphere8 3.178705558 -2.887377153 0.1941514721 0 -0.5319208911 -0.5418327646 0.6507514278 0 -1.07797616 -1.319886088 -1.980104097 0 37.42842158 28.25322483 -4.410401828 1


mesh: pSphereShape10 tranform: pSphere10 0.03053253383 -0.6761165059 4.110920599 0 0.4216090063 3.443564801 0.5632262055 0 -5.031457855 0.5939318505 0.1350525439 0 28.4872132 61.99235935 -12.73076865 1


mesh: pSphereShape11 tranform: pSphere11 0.07533482642 -0.2383963483 0.9682416253 0 -2.128610219 3.120126252 0.9338425064 0 -2.170200338 -1.426005455 -0.1822508172 0 26.67664167 57.91780482 -13.69003759 1


mesh: pSphereShape12 tranform: pSphere12 1.085486882 -0.9505427356 7.038728708 0 -0.8387595598 3.617264831 0.6178427225 0 -5.705276989 -1.439987266 0.6853842641 0 29.13261623 48.28845156 -15.96901298 1


mesh: pSphereShape13 tranform: pSphere13 0.4992988882 -0.4539092 4.9286569 0 -1.27184405 4.489217615 0.5422831312 0 -4.254384472 -1.243541408 0.3164664498 0 29.40252137 43.10699366 -16.43225906 1


mesh: pSphereShape14 tranform: pSphere14 0.3162814207 -0.1316255025 5.01914378 0 -1.306390189 5.324437858 0.2219539432 0 -4.204536757 -1.041520219 0.2376353994 0 30.25478111 38.81939327 -16.74769785 1


mesh: pSphereShape15 tranform: pSphere15 0.2707914492 0.3571379171 3.416650256 0 -2.604656341 8.200830036 -0.6507861579 0 -4.057520742 -1.252792956 0.4525373312 0 33.33125361 25.38807737 -20.21730901 1


mesh: pSphereShape16 tranform: pSphere16 0.0221157813 0.3714496946 2.244906616 0 -7.016458267 4.266503591 -0.6368269349 0 -0.9895779721 -1.586761759 0.2722997279 0 41.44411916 12.77437707 -19.75661833 1


mesh: pSphereShape17 tranform: pSphere17 0.001831920276 0.144699751 2.547434238 0 -2.18291787 0.9015214347 -0.04963857113 0 -2.41643911 -5.832757537 0.3330509084 0 48.81980134 3.173478631 -19.08123548 1


mesh: pSphereShape18 tranform: pSphere18 -0.04784565831 0.03868900849 2.902190819 0 4.620437086 6.694819484 -0.01307566462 0 -2.729598078 1.883698203 -0.0701118036 0 26.74003341 26.73278255 -12.80119386 1


mesh: pSphereShape19 tranform: pSphere19 -0.007676050304 -0.01632718501 1.96291391 0 -0.113433056 9.768331116 0.08080773728 0 -2.287005244 -0.02648164703 -0.009163691775 0 21.51156565 11.90492915 -12.42523909 1


mesh: pSphereShape20 tranform: pSphere20 0.5652778439 0.146584254 2.554843988 0 0.1117356096 1.852816809 -0.1310277402 0 -5.795847245 0.4384313702 1.257218411 0 16.51573686 2.640722841 -12.09951118 1


mesh: pSphereShape21 tranform: pSphere21 0.3769358477 -0.1568677991 5.981683057 0 1.452543367 2.970634403 -0.01362806822 0 -5.387320859 2.6360988 0.4086129854 0 32.30483535 35.26537052 -16.8757928 1


