mesh: pSphereShape1 tranform: pSphere1 2.364170064 2.348392375 0.1030678031 0 -1.014915864 1.075907042 -1.234315527 0 -1.615381843 1.510166667 2.644603864 0 27.83655557 31.81067708 -26.78700685 1


mesh: pSphereShape2 tranform: pSphere2 3.296335904 4.879868219 0.3436755845 0 -2.481959271 1.746118985 -0.9877311598 0 -0.8644244912 0.3832274728 2.84958829 0 33.31804319 37.63309965 -26.24880322 1


mesh: pSphereShape3 tranform: pSphere3 1.149667574 6.282618716 1.915585144 0 -2.652318962 0.8555265167 -1.214073833 0 -1.384105656 -0.5504163164 2.635913761 0 37.40473104 47.01367195 -24.66557092 1


mesh: pSphereShape4 tranform: pSphere4 1.099490061 0.09425822678 3.952883983 0 -1.05820202 3.198820277 0.2180604034 0 -3.565825236 -1.249253724 1.021619117 0 38.5919912 53.20688965 -20.00636915 1


mesh: pSphereShape5 tranform: pSphere5 0.9445014445 0.053955529 4.134437196 0 -0.9454018377 2.995096496 0.1768877723 0 -3.720239105 -1.225430604 0.8658711682 0 39.93528684 53.71518449 -13.43374376 1


mesh: pSphereShape6 tranform: pSphere6 0.8569423125 -5.452078287 2.480131237 0 -1.356627431 0.6523460194 1.902799717 0 -1.946175125 -0.8106609783 -1.10962971 0 41.32188844 47.28026673 -9.573902478 1


mesh: pSphereShape7 tranform: pSphere7 -1.003589912 -5.123450587 2.308586876 0 -1.341009689 0.9698281546 1.569376864 0 -2.279528215 -0.3372486749 -1.739414047 0 40.39537817 37.21368387 -6.132030233 1


mesh: pSphereShape8 tranform: pSphere8 1.870742504 -3.850558039 0.3903023424 0 -0.6883725439 -0.2660362501 0.674809569 0 -1.51602476 -0.9304801741 -1.913326865 0 40.23213432 29.53945932 -4.195443421 1


mesh: pSphereShape10 tranform: pSphere10 0.2036957911 -0.4561747335 4.136199533 0 0.3549946734 3.47751418 0.3660469403 0 -5.036180876 0.4824010662 0.3012204841 0 39.25696165 63.17334692 -15.67873531 1


mesh: pSphereShape11 tranform: pSphere11 0.1079083326 -0.1526560568 0.9823705615 0 -2.17825837 3.140765881 0.7273316113 0 -2.138598516 -1.484201649 0.004275605321 0 37.51180669 59.02452838 -16.43281182 1


mesh: pSphereShape12 tranform: pSphere12 1.051098576 -0.01182154241 7.107782152 0 -0.9376453 3.64276409 0.1447175375 0 -5.67142688 -1.493042226 0.8362072062 0 40.17414738 49.28035942 -17.71974872 1


mesh: pSphereShape13 tranform: pSphere13 0.5880750781 0.1335374203 4.937947675 0 -1.295659764 4.514970839 0.03220521334 0 -4.238872349 -1.220264127 0.5378198162 0 40.53398567 44.09643822 -17.53050921 1


mesh: pSphereShape14 tranform: pSphere14 0.520139952 0.1562760189 5.001419372 0 -1.022137014 5.390448315 -0.06213106359 0 -4.238525338 -0.7983410892 0.4657453735 0 41.25020211 39.82286054 -17.49786455 1


mesh: pSphereShape15 tranform: pSphere15 0.5622056826 0.5421744189 3.356239881 0 -1.909534972 8.351977448 -1.029329616 0 -4.105996433 -0.8373277036 0.8230616064 0 43.11089278 26.38039409 -20.60426019 1


mesh: pSphereShape16 tranform: pSphere16 0.2992771335 0.4533011666 2.209755857 0 -5.237930302 6.329024545 -0.5889163903 0 -1.437066074 -1.149275107 0.4303863518 0 48.89190625 11.84896394 -19.7144145 1


mesh: pSphereShape17 tranform: pSphere17 0.2204235573 0.1623362421 2.536813547 0 -0.6697922201 2.263670451 -0.08665901794 0 -6.038165654 -1.76221669 0.6374239015 0 50.77013149 2.054415143 -18.84259456 1


mesh: pSphereShape18 tranform: pSphere18 0.02046258885 -0.03082807282 2.902607192 0 4.723464513 6.62244132 0.03703663082 0 -2.700565667 1.925960952 0.03949353867 0 37.55745519 27.58675096 -13.71819873 1


mesh: pSphereShape19 tranform: pSphere19 0.03882837347 -0.02871750682 1.962402654 0 2.359508108 9.479659285 0.09203835805 0 -2.219004611 0.5518104607 0.05198064741 0 30.34357474 13.04670913 -13.40151464 1


mesh: pSphereShape20 tranform: pSphere20 0.493749241 -0.07974517577 2.572568013 0 0.5684375209 1.771023521 -0.05420070988 0 -5.550607171 1.815879548 1.121609107 0 23.15608031 5.309039467 -13.19963112 1


mesh: pSphereShape21 tranform: pSphere21 0.6198890637 0.1862456338 5.960559575 0 1.600563578 2.882209774 -0.2565146484 0 -5.223615043 2.940974939 0.451353277 0 43.10877956 36.16285346 -17.4821654 1


