mesh: pSphereShape1 tranform: pSphere1 -0.1153131705 3.221763681 -0.8495948857 0 0.9475607258 0.4593162688 1.613171482 0 2.999097648 -0.3322618732 -1.667035334 0 -131.0281885 30.7253892 -3.715859765 1


mesh: pSphereShape2 tranform: pSphere2 0.2820074729 5.790716293 -1.088638477 0 1.924109913 0.3796000342 2.517612169 0 2.39100428 -0.4472991115 -1.759905808 0 -131.4254146 38.41207995 -5.942877329 1


mesh: pSphereShape3 tranform: pSphere3 1.381377343 6.298534537 -1.697869024 0 1.708079982 0.2984446024 2.496816046 0 2.424695393 -0.9483602287 -1.545384442 0 -130.4837335 48.8265753 -8.245397275 1


mesh: pSphereShape4 tranform: pSphere4 0.7878231194 0.1257337575 -4.025739751 0 0.8705441697 3.250849008 0.2718944472 0 3.706279456 -1.050422975 0.6924985685 0 -128.2620503 55.09964425 -12.52135969 1


mesh: pSphereShape5 tranform: pSphere5 1.306270382 0.05144537904 -4.034795679 0 0.825595567 3.020026284 0.3057942785 0 3.668352793 -1.12163733 1.17333266 0 -126.2183181 55.62319003 -18.87897584 1


mesh: pSphereShape6 tranform: pSphere6 0.1950683647 -5.690260102 -2.047790768 0 1.575945854 0.6722500636 -1.717880845 0 1.809804551 -0.4693532718 1.476604865 0 -125.6895945 48.97858391 -22.4713813 1


mesh: pSphereShape7 tranform: pSphere7 2.163436953 -5.063794661 -1.50467145 0 1.448177231 1.041106441 -1.421512385 0 1.94361875 0.1987624612 2.125649646 0 -122.8679572 38.94008707 -24.62931315 1


mesh: pSphereShape8 tranform: pSphere8 -0.9400819299 -4.188440905 -0.2280776043 0 0.6785935941 -0.112785196 -0.7258031645 0 1.831864036 -0.5087247296 1.791763775 0 -121.0513223 31.32617779 -25.99216072 1


mesh: pSphereShape10 tranform: pSphere10 1.124186976 -0.3579040438 -3.995728003 0 0.1239919119 3.501434552 -0.2787445722 0 4.876923794 -0.06301923846 1.377753702 0 -126.2382847 65.07596625 -15.99365157 1


mesh: pSphereShape11 tranform: pSphere11 0.27020603 -0.05386764396 -0.9612944285 0 2.527011327 2.907372001 0.5473873593 0 1.850184936 -1.724238087 0.6166807505 0 -125.3097704 60.73799954 -14.68084687 1


mesh: pSphereShape12 tranform: pSphere12 2.056584151 0.09822097757 -6.883772901 0 0.7640256614 3.675231282 0.2806989573 0 5.547313604 -1.278388618 1.639065208 0 -128.4859571 51.15685408 -15.27055893 1


mesh: pSphereShape13 tranform: pSphere13 1.457184266 0.2779883307 -4.748297409 0 1.166428654 4.507491445 0.6218505813 0 4.1029775 -1.225562499 1.18739449 0 -128.6077149 45.95477475 -15.68512609 1


mesh: pSphereShape14 tranform: pSphere14 1.521642756 0.2532117963 -4.788491475 0 1.218597391 5.307962547 0.6679156974 0 4.021119778 -1.076788696 1.22085467 0 -129.3967823 41.65178363 -16.1583523 1


mesh: pSphereShape15 tranform: pSphere15 1.154963834 0.1332831903 -3.243866305 0 1.264490597 8.498434993 0.7993977534 0 3.974586641 -0.721706665 1.385480176 0 -132.8368466 28.35249365 -13.1488206 1


mesh: pSphereShape16 tranform: pSphere16 0.7688703054 0.1019376936 -2.139279519 0 2.541874587 7.728843761 1.281848572 0 1.680292056 -0.6476583309 0.5730461394 0 -136.0703318 12.57500738 -14.09972926 1


mesh: pSphereShape17 tranform: pSphere17 0.9362796972 0.2900974601 -2.355756007 0 -0.04665600834 2.346284062 0.2703879231 0 5.879919768 -0.1502556754 2.318432255 0 -134.7510664 2.360528378 -13.71359015 1


mesh: pSphereShape18 tranform: pSphere18 1.298101853 0.1276345898 -2.593287217 0 -3.94058649 6.926679454 -1.63159665 0 2.494215476 1.733141127 1.333810797 0 -125.1558803 29.07505754 -18.42210487 1


mesh: pSphereShape19 tranform: pSphere19 0.8505079716 0.02643012165 -1.768981106 0 1.661946915 9.580704467 0.9421911168 0 2.024295653 -0.4462081121 0.9665938482 0 -121.6941361 14.13851699 -17.6269168 1


mesh: pSphereShape20 tranform: pSphere20 0.3285634196 -0.1215749975 -2.597213774 0 0.1217513657 1.855439217 -0.07145040388 0 5.887054732 -0.3569777082 0.7614584592 0 -118.3907401 4.408645044 -17.03821813 1


mesh: pSphereShape21 tranform: pSphere21 1.813453667 0.3017711343 -5.706797729 0 -1.403417125 2.980268353 -0.2883706498 0 5.130651646 2.587030378 1.76717147 0 -131.3011646 38.12606758 -17.04878083 1


