mesh: pSphereShape1 tranform: pSphere1 0.6955998464 3.220840828 -0.5071439878 0 0.4768439106 0.1893918482 1.856856378 0 3.26167561 -0.8230867251 -0.7536523845 0 -146.9692051 31.39759657 -14.93955839 1


mesh: pSphereShape2 tranform: pSphere2 1.551405251 5.688736942 -0.1687331732 0 0.5919858833 -0.06845039652 3.135208675 0 2.842634531 -0.7916626935 -0.5540266435 0 -145.2804911 39.11508203 -16.28350978 1


mesh: pSphereShape3 tranform: pSphere3 2.565752226 6.135279444 -0.4876080003 0 0.4539612936 0.04900957342 3.0053642 0 2.757733564 -1.184845126 -0.3972348981 0 -142.2093686 49.39042271 -16.98168308 1


mesh: pSphereShape4 tranform: pSphere4 2.373655986 -0.05372190782 -3.347525355 0 0.6315861316 3.29315524 0.3949943555 0 3.107863802 -0.8620316237 2.21755139 0 -137.9447501 55.42126104 -19.63272942 1


mesh: pSphereShape5 tranform: pSphere5 2.830861973 -0.09127808367 -3.156969102 0 0.5447766669 3.072321217 0.3996719373 0 2.905218956 -0.8572651918 2.629903278 0 -133.5070531 55.7161788 -24.64184825 1


mesh: pSphereShape6 tranform: pSphere6 1.682305339 -5.732646804 -0.9576889315 0 2.010544469 0.7761856245 -1.114399792 0 1.157405432 -0.008230504783 2.082400504 0 -130.8836924 48.99685768 -26.83331763 1


mesh: pSphereShape7 tranform: pSphere7 3.382905654 -4.582236878 0.3815318118 0 1.70234677 1.176983211 -0.9584066843 0 0.8742832629 0.8629979864 2.612739947 0 -126.0339121 39.60056815 -26.08073547 1


mesh: pSphereShape8 tranform: pSphere8 0.03890653615 -4.290111156 0.2687809508 0 0.9284078721 -0.0148406744 -0.3712661814 0 0.9704043887 0.1604310975 2.420231664 0 -122.5398784 32.52767009 -25.16806464 1


mesh: pSphereShape10 tranform: pSphere10 2.272061866 -0.2492715 -3.483293346 0 0.07401609413 3.508065597 -0.2027654746 0 4.246866627 0.07021804682 2.765095958 0 -135.16749 65.35263632 -22.19119457 1


mesh: pSphereShape11 tranform: pSphere11 0.5659459547 -0.02231403042 -0.824140316 0 2.051412982 3.028151429 1.326738414 0 1.649910666 -1.633517107 1.177239602 0 -134.5801294 61.07119842 -20.6595816 1


mesh: pSphereShape12 tranform: pSphere12 4.318632404 -0.1359757991 -5.740769968 0 0.4769117756 3.724138203 0.2705584771 0 4.67462148 -0.8555831759 3.53686187 0 -136.9094743 51.32934872 -21.93621301 1


mesh: pSphereShape13 tranform: pSphere13 2.93319441 -0.3645584836 -4.001307217 0 0.7671028404 4.632127203 0.1402992731 0 3.514915935 -0.6619559988 2.636951594 0 -136.7036241 46.14588069 -21.73875695 1


mesh: pSphereShape14 tranform: pSphere14 2.865130247 -0.4151424507 -4.114346717 0 0.8044454848 5.427547083 0.01255020464 0 3.508676999 -0.525812085 2.496411756 0 -137.1609781 41.77034774 -21.66812651 1


mesh: pSphereShape15 tranform: pSphere15 1.209061485 -0.06781342564 -3.22613486 0 -1.747188511 8.409352562 -0.831560197 0 3.904466091 0.953934286 1.443228575 0 -137.9801752 28.83170296 -17.43211601 1


mesh: pSphereShape16 tranform: pSphere16 0.8105499956 0.03952833844 -2.125915312 0 1.059187301 8.149170881 0.5553595856 0 1.749014223 -0.272427868 0.6617831115 0 -136.7694506 13.08529598 -16.02539091 1


mesh: pSphereShape17 tranform: pSphere17 0.954696624 0.2783643081 -2.34977238 0 -0.1388601676 2.347743515 0.221706013 0 5.851249001 0.1202349208 2.391566445 0 -133.7468105 2.617241726 -14.73663976 1


mesh: pSphereShape18 tranform: pSphere18 1.195887073 0.107079071 -2.642893448 0 -0.095942122 8.128853203 0.2859343823 0 3.022386441 -0.01241591273 1.367101422 0 -135.8645637 27.68201961 -25.58237242 1


mesh: pSphereShape19 tranform: pSphere19 0.7796656211 0.06863521822 -1.80021311 0 3.962367225 8.691789099 2.047471116 0 1.88291972 -1.041123978 0.7757914847 0 -138.4480859 11.98169113 -27.7814782 1


mesh: pSphereShape20 tranform: pSphere20 -0.2257660654 0.4886535945 -2.564858892 0 0.07758216574 1.827577228 0.3413586472 0 5.919522354 -0.1486746213 -0.5493782382 0 -137.104719 2.903907473 -29.37173714 1


mesh: pSphereShape21 tranform: pSphere21 3.414586592 -0.4947558134 -4.903369803 0 -1.344225548 2.766065744 -1.215185042 0 4.29483492 3.256721408 2.662210767 0 -138.6079422 38.00134227 -22.41048826 1


