mesh: pSphereShape1 tranform: pSphere1 1.890736201 2.690244606 -0.5500639866 0 1.082054767 -0.447716523 1.529664144 0 2.076639552 -1.871864693 -2.016849574 0 -87.58864041 31.15513399 -3.296122679 1


mesh: pSphereShape2 tranform: pSphere2 3.439778115 4.752635689 -0.6143595482 0 1.581470487 -0.8015983827 2.653499069 0 1.932743006 -1.610646107 -1.638465748 0 -83.46313997 37.82285216 -4.904725155 1


mesh: pSphereShape3 tranform: pSphere3 4.047334099 5.09614275 -1.452899056 0 1.550664025 -0.499863002 2.566373868 0 1.845050192 -1.888004573 -1.482557408 0 -77.43049185 46.58105157 -6.621708717 1


mesh: pSphereShape4 tranform: pSphere4 0.6069682882 0.1485682506 -4.056176988 0 1.111742584 3.175518405 0.2826734905 0 3.650126402 -1.322212259 0.4977771478 0 -73.08239366 51.89959149 -10.73959976 1


mesh: pSphereShape5 tranform: pSphere5 1.161245 0.0551665245 -4.078851776 0 1.029231892 2.953893669 0.332972736 0 3.628046857 -1.378459118 1.014257615 0 -71.27081212 52.42294736 -17.15584542 1


mesh: pSphereShape6 tranform: pSphere6 1.989004074 -5.40863125 -1.84421515 0 1.539047943 1.087138056 -1.528431339 0 1.666962282 0.0327368117 1.701826074 0 -69.17405988 46.14352427 -20.54996775 1


mesh: pSphereShape7 tranform: pSphere7 4.916700008 -2.892988553 0.2078226417 0 0.9846186969 1.578614124 -1.319212207 0 0.7735637241 1.483707846 2.352818941 0 -62.35858437 38.66383509 -20.83641588 1


mesh: pSphereShape8 tranform: pSphere8 2.002742067 -3.722575865 0.7811938235 0 0.7891717042 0.3137776158 -0.5279693448 0 1.045473179 1.017272972 2.167276091 0 -56.18408345 33.80009904 -19.83901759 1


mesh: pSphereShape10 tranform: pSphere10 0.474557113 0.1359550062 -4.136912583 0 -0.3180945014 3.499395357 0.07851418242 0 5.01426955 0.4425645056 0.5897456359 0 -72.38261005 62.09837432 -13.4611149 1


mesh: pSphereShape11 tranform: pSphere11 0.1328311483 0.06190816855 -0.9892033485 0 2.271999782 3.118651079 0.5002634871 0 2.084754636 -1.548149186 0.1830536377 0 -70.75680816 57.78863145 -12.72946746 1


mesh: pSphereShape12 tranform: pSphere12 1.164762113 0.2085928395 -7.086983373 0 0.9468036698 3.633796249 0.2625637486 0 5.652533169 -1.536653925 0.8837782094 0 -73.63949572 48.02143797 -13.52446944 1


mesh: pSphereShape13 tranform: pSphere13 0.5770537848 -0.2118390448 -4.936509387 0 1.619600166 4.409266194 0.0001097266985 0 4.139219998 -1.520421165 0.5490999653 0 -74.13999017 42.8175961 -13.77666392 1


mesh: pSphereShape14 tranform: pSphere14 0.3302009208 -0.2080089056 -5.015661785 0 1.826393829 5.173098742 -0.09429935749 0 4.080820097 -1.43477629 0.3281594474 0 -75.38736106 38.58183726 -13.75436945 1


mesh: pSphereShape15 tranform: pSphere15 -0.5296366209 0.003209370623 -3.404974188 0 -4.551691153 7.296055136 0.714882972 0 3.568262871 2.280256854 -0.5528865701 0 -71.88315577 27.01785613 -10.50650835 1


mesh: pSphereShape16 tranform: pSphere16 -0.3631242695 0.1524261881 -2.24119984 0 -0.01296018688 8.217325284 0.5609681499 0 1.865549442 0.02346762035 -0.3006644863 0 -66.40071275 12.57397096 -10.98788247 1


mesh: pSphereShape17 tranform: pSphere17 -0.1438916457 0.180825712 -2.541054865 0 0.08128398933 2.355240798 0.1630000253 0 6.308463843 -0.1920488713 -0.3708942421 0 -61.80140589 1.812727347 -11.67118021 1


mesh: pSphereShape18 tranform: pSphere18 -0.2045315199 -0.3392895702 -2.875682013 0 1.808560891 7.860224597 -1.056027725 0 3.225734345 -0.7609713857 -0.1396450276 0 -78.98571386 25.22682166 -16.70804902 1


mesh: pSphereShape19 tranform: pSphere19 -0.2208175486 -0.2577975744 -1.933426113 0 8.698751744 4.167890874 -1.549223512 0 1.008713142 -2.046658227 0.1576899997 0 -87.49420808 13.17118391 -14.7772423 1


mesh: pSphereShape20 tranform: pSphere20 -0.2284455467 0.05433002171 -2.610194374 0 1.733869444 0.6612412108 -0.1379857023 0 2.095577793 -5.55731688 -0.2990790912 0 -94.14164492 4.447213229 -12.90892802 1


mesh: pSphereShape21 tranform: pSphere21 0.3935247405 -0.2478995225 -5.977533307 0 -1.151661408 3.093017829 -0.2040916942 0 5.621390368 2.111722236 0.2825013538 0 -77.76640044 35.23852111 -13.86669532 1


