mesh: pSphereShape1 tranform: pSphere1 2.02593362 2.633977154 0.2694942166 0 -1.026870223 0.9269910068 -1.340667824 0 -2.029517622 1.309336404 2.459814599 0 -52.89117075 36.46696192 -21.95971168 1


mesh: pSphereShape2 tranform: pSphere2 2.9361177 5.092629966 0.4913145743 0 -2.530786897 1.569764386 -1.147006378 0 -1.054599413 0.338799453 2.79057009 0 -47.99993991 42.7598298 -21.11334554 1


mesh: pSphereShape3 tranform: pSphere3 1.430185859 6.262870049 1.787044224 0 -2.566655931 0.9613032133 -1.314865102 0 -1.486620646 -0.4042243187 2.60639784 0 -43.93983367 52.33313559 -19.49424715 1


mesh: pSphereShape4 tranform: pSphere4 0.8436894474 0.2104232995 4.010855886 0 -0.5946801766 3.323209658 -0.04925516084 0 -3.767862497 -0.6619877443 0.8273055846 0 -42.58912892 58.6874969 -14.99668029 1


mesh: pSphereShape5 tranform: pSphere5 0.4603912791 0.2079313739 4.211100749 0 -0.5778956955 3.090908294 -0.08943948204 0 -3.919045582 -0.7193036364 0.4639784982 0 -41.85819669 59.44539367 -8.374653217 1


mesh: pSphereShape6 tranform: pSphere6 0.7957899024 -5.324803334 2.761113291 0 -0.9517991858 0.9135950824 2.036188207 0 -2.168951668 -0.689464352 -0.704510116 0 -40.86175806 53.167441 -4.060770135 1


mesh: pSphereShape7 tranform: pSphere7 -0.8464948371 -4.845953302 2.895979122 0 -0.9779160716 1.180175788 1.688988645 0 -2.572900868 -0.3109659531 -1.272410343 0 -41.87512471 43.47697862 0.3592367037 1


mesh: pSphereShape8 tranform: pSphere8 1.709216159 -3.79564957 1.072583383 0 -0.665819083 -0.09054437282 0.7405988558 0 -1.649348229 -1.203304505 -1.629924173 0 -42.13120642 36.09995929 3.290957433 1


mesh: pSphereShape10 tranform: pSphere10 0.1656647661 -0.1002255677 4.161759719 0 0.3191252222 3.499450379 0.07157227127 0 -5.043231585 0.4555769131 0.2117244376 0 -42.25969073 68.85370828 -11.69064918 1


mesh: pSphereShape11 tranform: pSphere11 0.065737971 -0.008733163536 0.9977987027 0 -2.315163775 3.121842482 0.1798536414 0 -2.08514977 -1.553481759 0.1237791797 0 -44.01007685 64.5776226 -12.28010947 1


mesh: pSphereShape12 tranform: pSphere12 0.8014342929 0.3393341866 7.132185533 0 -0.3766600711 3.742933287 -0.1357559924 0 -5.857091369 -0.5645672684 0.6850145488 0 -41.76680262 54.74378604 -12.36833996 1


mesh: pSphereShape13 tranform: pSphere13 0.6045942492 0.3541529866 4.925041445 0 -0.747834801 4.631122108 -0.2412140322 0 -4.35363859 -0.6726702504 0.5828200767 0 -42.11790124 49.56468046 -11.82660596 1


mesh: pSphereShape14 tranform: pSphere14 0.6321086282 0.4489168026 4.970721867 0 -0.8412144251 5.408547488 -0.3814836153 0 -4.252046929 -0.6192556192 0.5966436834 0 -41.68020778 45.17783083 -11.51172842 1


mesh: pSphereShape15 tranform: pSphere15 0.6150020196 0.4393849578 3.362006521 0 -0.001700975642 8.556377381 -1.117932814 0 -4.202003996 0.09792184803 0.7558627686 0 -41.98546453 31.50891805 -14.27080547 1


mesh: pSphereShape16 tranform: pSphere16 0.3626407149 0.3902865735 2.212292431 0 -3.492165309 7.422987687 -0.7371046801 0 -1.684796645 -0.7520191365 0.4088423479 0 -39.74915839 15.98296718 -13.17111728 1


mesh: pSphereShape17 tranform: pSphere17 0.08824211556 0.3200801452 2.529846754 0 -1.309719264 1.955574653 -0.2017387889 0 -5.257036979 -3.456793616 0.6207265576 0 -38.93937998 3.95173657 -12.0800323 1


mesh: pSphereShape18 tranform: pSphere18 0.3322780359 0.169256855 2.87879159 0 3.753246611 7.166040102 -0.8545331419 0 -2.9184098 1.557777555 0.2452622652 0 -44.60315333 32.52535719 -6.497997511 1


mesh: pSphereShape19 tranform: pSphere19 0.2658965786 0.04192271112 1.944453139 0 -3.493757822 9.118897897 0.2811532549 0 -2.113326983 -0.819141576 0.3066502544 0 -46.24414323 17.67157286 -5.320188003 1


mesh: pSphereShape20 tranform: pSphere20 1.044661339 0.5055455307 2.349757475 0 -0.5212567036 1.779891499 -0.1511983558 0 -5.193304028 -1.300994157 2.588758962 0 -47.5581355 7.430054411 -4.048697299 1


mesh: pSphereShape21 tranform: pSphere21 0.7533303761 0.5350071944 5.9239751 0 1.690808716 2.80298606 -0.4681578209 0 -5.110797256 3.144045253 0.3659758782 0 -39.94596767 41.46320345 -11.30157834 1


