mesh: pSphereShape1 tranform: pSphere1 1.207361523 3.009018385 0.7765026221 0 -1.751072806 0.7653636803 -0.2431613884 0 -0.7117248428 -0.5722470581 3.324149893 0 61.33952997 32.25457264 -21.58388242 1


mesh: pSphereShape2 tranform: pSphere2 1.466537174 5.535914319 1.414205963 0 -3.026051369 0.9137785981 -0.4389623697 0 -0.5936559649 -0.579840737 2.885412229 0 64.41109268 39.40785058 -19.68512013 1


mesh: pSphereShape3 tranform: pSphere3 1.125329431 6.004793363 2.671814036 0 -2.873745405 0.7992978611 -0.5860094264 0 -0.8445940255 -1.04836504 2.711888571 0 66.92950917 49.33411082 -16.57631185 1


mesh: pSphereShape4 tranform: pSphere4 2.515845437 -0.333326736 3.225286005 0 -0.1473378459 3.341591062 0.4602757358 0 -3.087613492 -0.4613167259 2.360779511 0 69.54152163 55.10484219 -11.69099357 1


mesh: pSphereShape5 tranform: pSphere5 2.473273071 -0.3447808232 3.428208221 0 -0.06492404264 3.124276303 0.3610531689 0 -3.257718666 -0.3354053241 2.316541474 0 73.42550842 55.00812211 -6.194831622 1


mesh: pSphereShape6 tranform: pSphere6 1.986591912 -5.65780735 0.8082247774 0 0.5108805073 0.5102693614 2.316304463 0 -2.193745275 -0.6797663584 0.6335979004 0 76.17939436 48.16309578 -4.130428266 1


mesh: pSphereShape7 tranform: pSphere7 0.9100447531 -5.303886324 1.904500038 0 0.2941393854 0.8088779718 2.112111698 0 -2.82578504 -0.3020122856 0.5091898128 0 77.58752134 37.81953349 -1.725121755 1


mesh: pSphereShape8 tranform: pSphere8 1.607817351 -3.798131147 -1.211583181 0 0.2546631279 -0.194377813 0.9472929627 0 -2.329711244 -1.113134979 0.3978946582 0 79.12184595 30.10787556 -0.5416326019 1


mesh: pSphereShape10 tranform: pSphere10 3.68558517 -0.2846716611 1.921759074 0 0.2470768069 3.505710105 0.04545507537 0 -2.336288585 0.1063583639 4.496332497 0 71.77432381 64.85203515 -8.3531674 1


mesh: pSphereShape11 tranform: pSphere11 0.7850167404 -0.01450498204 0.6193047091 0 -1.500226385 2.99985119 1.971913981 0 -1.262129271 -1.657314444 1.561030097 0 69.91679691 60.54158545 -7.830755414 1


mesh: pSphereShape12 tranform: pSphere12 3.825195516 -0.5720166286 6.055261458 0 0.05855509522 3.750432652 0.317298463 0 -5.013833392 -0.1881800902 3.14953384 0 70.93475435 50.82508351 -9.993552736 1


mesh: pSphereShape13 tranform: pSphere13 2.462214302 -0.3286127359 4.310047121 0 -0.1058662588 4.677557416 0.4171115318 0 -3.859904357 -0.2820743525 2.183553502 0 70.13571497 45.68467657 -9.761304781 1


mesh: pSphereShape14 tranform: pSphere14 2.347167738 -0.03807737088 4.449552474 0 -0.2497517253 5.478254661 0.1786262172 0 -3.831951092 -0.2405401123 2.019320572 0 70.05498288 41.27060902 -9.910204004 1


mesh: pSphereShape15 tranform: pSphere15 1.41063886 -0.2430137886 3.134552085 0 2.225914634 8.32946363 -0.3559638307 0 -3.737369591 1.074188514 1.765203209 0 65.93319719 28.00506262 -13.15931795 1


mesh: pSphereShape16 tranform: pSphere16 0.7736659485 0.1479178586 2.134860887 0 -6.099500817 5.216961449 1.848970274 0 -1.095401675 -1.457182956 0.4979333149 0 67.89912546 14.93879097 -14.87646134 1


mesh: pSphereShape17 tranform: pSphere17 0.2082725444 -0.6311346655 2.463463852 0 -1.825999275 1.407436424 0.5149608469 0 -3.977676025 -4.83081909 -0.9013554965 0 72.83869078 4.748423585 -18.17292544 1


mesh: pSphereShape18 tranform: pSphere18 1.198134685 -0.2642903281 2.630802443 0 2.173399556 7.836102506 -0.2026071143 0 -2.888559907 0.8373515681 1.399644335 0 69.86302721 27.77041815 -6.194913596 1


mesh: pSphereShape19 tranform: pSphere19 0.8371668979 -0.1920078778 1.765117864 0 -1.574873251 9.476236478 1.777753131 0 -2.035629414 -0.5090395902 0.9100933044 0 68.66188507 11.78836765 -6.865614476 1


mesh: pSphereShape20 tranform: pSphere20 1.662840248 0.1478813705 2.020234441 0 -0.09685618046 1.857428041 -0.05624230869 0 -4.586029083 -0.1245663653 3.783845393 0 65.78776251 2.230154343 -5.863005682 1


mesh: pSphereShape21 tranform: pSphere21 2.797292548 -0.04537960542 5.302859175 0 1.758745927 2.649979869 -0.9050724669 0 -4.248483803 3.595579205 2.271872145 0 71.28588825 37.39721317 -10.48629857 1


