mesh: pSphereShape1 tranform: pSphere1 0.1209023335 3.124458806 -1.156723652 0 0.4409791012 0.6360442372 1.764128724 0 3.353453352 -0.388274869 -0.6982726573 0 -145.8704715 33.01155447 -15.44910456 1


mesh: pSphereShape2 tranform: pSphere2 0.6901280301 5.66894156 -1.477796339 0 1.229190879 0.6018993834 2.882962555 0 2.74837939 -0.6070172804 -1.045077588 0 -145.5500287 40.46246 -18.3830023 1


mesh: pSphereShape3 tranform: pSphere3 1.964034209 6.113898663 -1.795915553 0 1.01956613 0.5007278273 2.819654823 0 2.709293746 -1.10068778 -0.7841949731 0 -143.7633974 50.62174275 -21.23404865 1


mesh: pSphereShape4 tranform: pSphere4 1.856581777 -0.4900283678 -3.627124355 0 0.8503795109 3.267508173 -0.006168135065 0 3.348517306 -0.8680055286 1.831242299 0 -140.2868308 56.28196638 -25.31015664 1


mesh: pSphereShape5 tranform: pSphere5 2.438143308 -0.5379177659 -3.428507954 0 0.7380101012 3.057610811 0.04510160551 0 3.144557957 -0.7938190488 2.360762296 0 -136.5204061 55.87047067 -30.81392708 1


mesh: pSphereShape6 tranform: pSphere6 1.302866043 -5.676112026 -1.641600153 0 1.839157669 0.8145298173 -1.356716746 0 1.466759179 -0.2031099813 1.866389771 0 -134.4726165 49.02401469 -33.64768836 1


mesh: pSphereShape7 tranform: pSphere7 3.166769454 -4.715669742 -0.5661643736 0 1.583652994 1.198163641 -1.121723879 0 1.323433303 0.5888960159 2.497453214 0 -129.9689172 39.44344219 -34.44072114 1


mesh: pSphereShape8 tranform: pSphere8 -0.1188964997 -4.292521916 -0.1973065427 0 0.8345590008 0.002206819913 -0.5509141531 0 1.437437432 -0.1398792116 2.176959245 0 -126.7186625 32.20274987 -34.82893986 1


mesh: pSphereShape10 tranform: pSphere10 2.406199558 -0.4086606393 -3.376526929 0 0.2514358464 3.497187329 -0.2440845296 0 4.121549311 -0.09056531197 2.948082696 0 -137.1816068 65.82414721 -28.23337797 1


mesh: pSphereShape11 tranform: pSphere11 0.5504463596 -0.1020889444 -0.8286052454 0 2.336370074 2.87117466 1.198316348 0 1.50988916 -1.736567569 1.216981605 0 -136.7209199 61.48405068 -26.75798267 1


mesh: pSphereShape12 tranform: pSphere12 3.493554415 -0.9025583067 -6.213371158 0 0.6740338125 3.700055701 -0.1584875878 0 5.066731445 -0.7960195083 2.964470585 0 -139.7854973 51.94947141 -27.33236203 1


mesh: pSphereShape13 tranform: pSphere13 2.426835423 -0.8678428093 -4.254916035 0 1.047160807 4.566890383 -0.3342148299 0 3.750410628 -0.693059108 2.280443526 0 -139.827777 46.78854776 -26.67924469 1


mesh: pSphereShape14 tranform: pSphere14 2.429694895 -0.6574904193 -4.355852679 0 1.01484646 5.386524253 -0.2469828312 0 3.712936157 -0.6004161243 2.161705313 0 -140.4857765 42.44716259 -26.31847557 1


mesh: pSphereShape15 tranform: pSphere15 0.967778891 -0.3184582012 -3.29186313 0 -2.183569905 8.223561822 -1.437506172 0 3.953660119 1.232144565 1.043142478 0 -140.5726884 29.6558775 -21.34860876 1


mesh: pSphereShape16 tranform: pSphere16 0.6700499993 -0.05334018208 -2.17399575 0 2.23788274 7.91110058 0.4956374836 0 1.731456127 -0.5240316978 0.5465117045 0 -139.8406124 14.41941134 -19.28927011 1


mesh: pSphereShape17 tranform: pSphere17 0.9586091902 0.08116014537 -2.363227459 0 0.4815888966 2.296348128 0.2742129149 0 5.715592927 -1.469496621 2.267981158 0 -138.5822224 3.122617966 -18.05208202 1


mesh: pSphereShape18 tranform: pSphere18 0.9349885354 -0.09811630118 -2.746391674 0 0.03340771706 8.129589591 -0.2790604981 0 3.140406876 0.02376511832 1.068279047 0 -139.6666655 28.49902246 -29.81938852 1


mesh: pSphereShape19 tranform: pSphere19 0.6158667785 -0.04067009198 -1.86344052 0 2.235435985 9.495259033 0.5315746276 0 2.107691475 -0.5358586548 0.7082869378 0 -141.1155887 12.1542099 -30.26283607 1


mesh: pSphereShape20 tranform: pSphere20 -0.1267740453 0.1794308912 -2.611510422 0 -0.09016268607 1.853940145 0.131756863 0 5.932864802 0.3074997968 -0.26687939 0 -138.0981722 2.888298848 -30.20099226 1


mesh: pSphereShape21 tranform: pSphere21 2.895646235 -0.7835797247 -5.191190232 0 -1.346869791 2.78359145 -1.17145086 0 4.659851139 3.148586928 2.124004522 0 -142.1457567 38.72271526 -26.79088003 1


