mesh: pSphereShape1 tranform: pSphere1 1.136569938 3.025709733 0.8174100553 0 -1.741830875 0.7473541705 -0.3444589106 0 -0.8873198402 -0.5540830992 3.284759791 0 63.02525233 32.0693214 -22.21257864 1


mesh: pSphereShape2 tranform: pSphere2 1.330532328 5.555522911 1.47068217 0 -3.020608641 0.8695144975 -0.5518461315 0 -0.6928946114 -0.5913875998 2.860839768 0 65.91813638 39.26601341 -20.20003732 1


mesh: pSphereShape3 tranform: pSphere3 0.9422539369 6.018166734 2.712254889 0 -2.860770697 0.7598982455 -0.6922733915 0 -0.9301542114 -1.061536681 2.678563227 0 68.17715184 49.22539754 -16.99671363 1


mesh: pSphereShape4 tranform: pSphere4 2.417378454 -0.3374797179 3.29930957 0 -0.1673529281 3.340095737 0.464269841 0 -3.157009854 -0.4729756208 2.264736837 0 70.55621465 55.0011637 -12.02671334 1


mesh: pSphereShape5 tranform: pSphere5 2.340356031 -0.3471132486 3.520058402 0 -0.0830326387 3.123595893 0.3632233641 0 -3.343757807 -0.3434617152 2.189271528 0 74.24172755 54.89948146 -6.399251874 1


mesh: pSphereShape6 tranform: pSphere6 1.814383257 -5.704291814 0.882964903 0 0.4033249312 0.4907438042 2.341610471 0 -2.238037245 -0.6316985804 0.5178736589 0 76.77961454 48.01279667 -4.236155937 1


mesh: pSphereShape7 tranform: pSphere7 0.6887986827 -5.329437786 1.925918286 0 0.2041773049 0.7953242492 2.127813042 0 -2.854362034 -0.2378098281 0.3627818117 0 77.82640691 37.63215176 -1.80750325 1


mesh: pSphereShape8 tranform: pSphere8 1.582766094 -3.824237825 -1.161407418 0 0.1952295415 -0.2101345095 0.9579816877 0 -2.37477692 -1.059279142 0.2516076345 0 79.11394475 29.87958571 -0.5986400394 1


mesh: pSphereShape10 tranform: pSphere10 3.632006109 -0.3007821112 2.018859996 0 0.252715257 3.50495209 0.06754481842 0 -2.45613163 0.09167623537 4.432332937 0 72.71474333 64.73964032 -8.600316113 1


mesh: pSphereShape11 tranform: pSphere11 0.7655800241 -0.01679008362 0.6431215436 0 -1.551321418 3.004238739 1.925144819 0 -1.314308814 -1.653606446 1.521398859 0 70.8302643 60.43980983 -8.160107914 1


mesh: pSphereShape12 tranform: pSphere12 3.588552899 -0.5759631574 6.198069831 0 0.04431949128 3.750156013 0.3228277373 0 -5.131739235 -0.1935740487 2.953181666 0 71.90166502 50.7194878 -10.29539813 1


mesh: pSphereShape13 tranform: pSphere13 2.29694813 -0.2780812128 4.403826961 0 -0.1438486313 4.680460731 0.3705779213 0 -3.939285104 -0.2823360592 2.036824171 0 71.10703235 45.57901187 -10.07507358 1


mesh: pSphereShape14 tranform: pSphere14 2.16596678 0.009791209186 4.54066686 0 -0.2856221424 5.47800088 0.1244336651 0 -3.908955327 -0.2461797885 1.865161669 0 71.05344707 41.16250002 -10.1915526 1


mesh: pSphereShape15 tranform: pSphere15 1.281683999 -0.1730646629 3.194011462 0 1.712562944 8.454348125 -0.2291211611 0 -3.872515768 0.8277689518 1.598804235 0 67.63285125 27.72751846 -13.67509511 1


mesh: pSphereShape16 tranform: pSphere16 0.6669140051 0.1831341394 2.167892363 0 -6.488478358 4.818073926 1.589056416 0 -1.023819776 -1.525143045 0.4437976363 0 70.48708338 14.81689076 -15.34323395 1


mesh: pSphereShape17 tranform: pSphere17 0.09177858348 -0.486381312 2.503072608 0 -2.037941083 1.156487767 0.299445322 0 -3.189142061 -5.379466856 -0.9283698757 0 76.56460972 4.816600895 -18.25154427 1


mesh: pSphereShape18 tranform: pSphere18 1.174559574 -0.2350380538 2.644175584 0 2.34307396 7.781861003 -0.3490866843 0 -2.879128985 0.9279609661 1.361412864 0 70.54373148 27.70865493 -6.241196724 1


mesh: pSphereShape19 tranform: pSphere19 0.8212392358 -0.1739704279 1.774445526 0 -1.435947454 9.530015632 1.598920478 0 -2.050017819 -0.4604976987 0.9036299294 0 69.04386683 11.75528311 -6.611700374 1


mesh: pSphereShape20 tranform: pSphere20 1.670204714 0.1806666369 2.011474476 0 -0.09430951788 1.856305662 -0.08842085833 0 -4.572772358 -0.05124130342 3.801551366 0 66.04549565 2.208654709 -5.421234062 1


mesh: pSphereShape21 tranform: pSphere21 2.581342029 0.01166890463 5.411446895 0 1.779827272 2.652620904 -0.8547244778 0 -4.355547229 3.589406493 2.069921945 0 72.32698328 37.29166453 -10.68647327 1


