mesh: pSphereShape1 tranform: pSphere1 -0.2036682934 3.236409267 0.773979388 0 -1.647371867 0.1330301351 -0.9897645734 0 -1.774634762 -0.7925766543 2.847188995 0 94.96419781 30.2442103 -28.67955185 1


mesh: pSphereShape2 tranform: pSphere2 -0.978865285 5.717090535 1.074130204 0 -2.62469705 -0.1089323356 -1.812116254 0 -1.63360967 -0.732528372 2.410180086 0 94.65768393 38.00760401 -26.72034032 1


mesh: pSphereShape3 tranform: pSphere3 -1.566081398 6.165182802 2.000102492 0 -2.429192724 -0.02424388891 -1.827329121 0 -1.675512832 -1.153179877 2.242672706 0 92.89689625 48.32560815 -24.31422403 1


mesh: pSphereShape4 tranform: pSphere4 0.6648116995 0.3246157325 4.036793878 0 -0.5429606263 3.327648089 -0.1781711841 0 -3.810680368 -0.5856517594 0.6746682513 0 91.71533986 54.72084866 -19.67074963 1


mesh: pSphereShape5 tranform: pSphere5 0.1818549351 0.334230045 4.224190357 0 -0.581022287 3.08385045 -0.2189895876 0 -3.938660987 -0.7259556519 0.2270023478 0 92.04300758 55.66811507 -13.05188712 1


mesh: pSphereShape6 tranform: pSphere6 -0.7101718702 -5.476465987 2.472758567 0 -0.6578515394 1.031372458 2.095266638 0 -2.276086053 -0.02251072416 -0.7035428073 0 91.49505814 49.36051564 -8.950747252 1


mesh: pSphereShape7 tranform: pSphere7 -2.725988823 -4.307240534 2.56966455 0 -0.5452600438 1.378937739 1.732928035 0 -2.440962115 0.7368442194 -1.354367501 0 87.31141902 40.38623602 -5.111659857 1


mesh: pSphereShape8 tranform: pSphere8 -0.07618089985 -4.270216959 0.4881129352 0 -0.500978167 0.1071045766 0.8588070132 0 -2.260504845 -0.1088505218 -1.305072231 0 84.15782737 33.5463354 -2.588616934 1


mesh: pSphereShape10 tranform: pSphere10 1.867493739 0.169453497 3.72041484 0 -0.04069313435 3.511693966 -0.1395206373 0 -4.530137955 0.03778122826 2.272220296 0 91.23263792 64.92494991 -16.69449088 1


mesh: pSphereShape11 tranform: pSphere11 0.3267940511 0.1056726027 0.9391692868 0 -2.538595402 2.895322657 0.5575582616 0 -1.779883861 -1.717057935 0.8125281024 0 89.70377586 60.46132922 -16.8381367 1


mesh: pSphereShape12 tranform: pSphere12 0.8098811343 0.5407176406 7.118794285 0 -0.3597328975 3.739164706 -0.2430877142 0 -5.858936645 -0.5177791433 0.7058800088 0 92.40191173 50.85047192 -16.89764042 1


mesh: pSphereShape13 tranform: pSphere13 0.6608528714 0.4078873579 4.913643573 0 -0.7186590583 4.633071524 -0.2879418052 0 -4.351511576 -0.6353343141 0.6379896522 0 92.02598028 45.68513269 -16.24109431 1


mesh: pSphereShape14 tranform: pSphere14 0.7198221557 0.327292626 4.968289353 0 -0.7691535197 5.42709913 -0.2460798263 0 -4.250208049 -0.5727269695 0.6535133128 0 92.41858912 41.29176551 -15.96815841 1


mesh: pSphereShape15 tranform: pSphere15 0.8372638678 0.208214039 3.336167052 0 1.2989213 8.487751498 -0.8557152111 0 -4.092411827 0.7252632606 0.9817909328 0 90.73648312 28.04461623 -19.17626125 1


mesh: pSphereShape16 tranform: pSphere16 0.5350746392 0.2185038189 2.200913654 0 -1.720208981 8.045827172 -0.3805709333 0 -1.793875665 -0.3612083466 0.4719779787 0 90.03765847 12.20261651 -18.62107987 1


mesh: pSphereShape17 tranform: pSphere17 0.2426438506 0.05777526629 2.53932049 0 -0.1119920842 2.359225746 -0.04297634174 0 -6.286481254 -0.2873566321 0.6072404528 0 87.40908896 1.539367709 -18.02711934 1


mesh: pSphereShape18 tranform: pSphere18 0.481664668 0.2560372326 2.851129895 0 3.44676852 7.263934921 -1.234606819 0 -2.953861394 1.464088843 0.3675417994 0 89.82754074 28.32868487 -10.80591827 1


mesh: pSphereShape19 tranform: pSphere19 0.4055506559 0.0576558753 1.919781493 0 -6.842009807 6.862273442 1.239271861 0 -1.562692791 -1.626516301 0.3789646426 0 91.09215422 15.09616994 -9.928839728 1


mesh: pSphereShape20 tranform: pSphere20 1.089903859 0.7430181776 2.264572223 0 -1.299456501 1.317855053 0.193013228 0 -3.464395575 -3.845000007 2.928925356 0 94.52192686 4.908670499 -9.357898038 1


mesh: pSphereShape21 tranform: pSphere21 0.8578650427 0.3900587114 5.921076093 0 1.723219602 2.788804586 -0.4333819293 0 -5.058183514 3.206541569 0.5216111556 0 94.1022127 37.54930084 -15.87029 1


