mesh: pSphereShape1 tranform: pSphere1 0.3410028484 3.10322208 1.169871613 0 -1.216363952 0.6421431161 -1.348805379 0 -2.64987463 -0.5169155596 2.14358443 0 115.4708129 31.54179371 -30.14981855 1


mesh: pSphereShape2 tranform: pSphere2 -0.03050909653 5.633200333 1.750194369 0 -2.334964922 0.6339196938 -2.081045605 0 -2.046581018 -0.6618843306 2.094674602 0 116.3685647 38.93572438 -27.1929761 1


mesh: pSphereShape3 tranform: pSphere3 -0.9102895769 6.066784055 2.61304497 0 -2.121980029 0.5846745463 -2.096676705 0 -2.128179027 -1.113303274 1.843409286 0 116.0246171 49.03182083 -23.61629548 1


mesh: pSphereShape4 tranform: pSphere4 0.02301449119 -0.1804390993 4.099995958 0 -0.5238694836 3.332113136 0.1495855335 0 -3.866544591 -0.6076657263 -0.005039053723 0 114.9035563 54.95848568 -18.35141425 1


mesh: pSphereShape5 tranform: pSphere5 -0.7428035123 -0.1975653909 4.171064129 0 -0.4558637436 3.11182924 0.06621153781 0 -3.906416853 -0.5569025514 -0.7220519119 0 113.9711771 55.08911329 -11.75154929 1


mesh: pSphereShape6 tranform: pSphere6 -1.687383222 -5.429365656 2.070093032 0 -1.088859877 1.059633771 1.891613206 0 -2.022723637 0.1521992708 -1.249588494 0 112.0854075 48.62629686 -8.214556474 1


mesh: pSphereShape7 tranform: pSphere7 -4.048321652 -3.752977966 1.453533686 0 -0.7844044108 1.454826554 1.571625526 0 -1.776892334 1.15806071 -1.958850634 0 106.034747 40.32409563 -6.01439486 1


mesh: pSphereShape8 tranform: pSphere8 -1.160803567 -4.136492653 -0.1441327663 0 -0.5149035641 0.1148942267 0.8495137647 0 -2.12551286 0.6443989947 -1.37545961 0 101.1262885 34.21074789 -4.728020429 1


mesh: pSphereShape10 tranform: pSphere10 0.336916903 -0.1292380743 4.150604589 0 0.1805538604 3.508784414 0.09459751824 0 -5.044878148 0.2483487711 0.4172406216 0 114.3845344 64.85453107 -14.82561228 1


mesh: pSphereShape11 tranform: pSphere11 0.0205205047 -0.01027221148 0.9997366606 0 -2.417658578 3.047393546 0.08093635891 0 -2.038905333 -1.618241411 0.02522309071 0 112.8022456 60.53808509 -15.59687508 1


mesh: pSphereShape12 tranform: pSphere12 -0.6144530397 -0.3437160381 7.150511998 0 -0.3327192403 3.746491469 0.1514980824 0 -5.87900358 -0.50070204 -0.529258736 0 115.1615521 50.76877287 -16.00071919 1


mesh: pSphereShape13 tranform: pSphere13 -0.4744843643 -0.371829354 4.937975223 0 -0.8668426254 4.609093401 0.2637706532 0 -4.346749202 -0.7901949914 -0.4771757894 0 114.7988288 45.5451598 -16.16711754 1


mesh: pSphereShape14 tranform: pSphere14 -0.5079638221 -0.1475363004 5.002936067 0 -0.8790108108 5.415527074 0.07045485559 0 -4.259636264 -0.6855049701 -0.4527097597 0 115.2968299 41.17066569 -16.32684721 1


mesh: pSphereShape15 tranform: pSphere15 0.4288493493 -0.121144625 3.416985029 0 3.1421804 8.035925091 -0.1094569877 0 -3.94170376 1.548758007 0.549613412 0 112.6251476 28.36234601 -20.01378163 1


mesh: pSphereShape16 tranform: pSphere16 0.2029640268 0.1920042573 2.258320099 0 -4.402129434 6.958601339 -0.1959895611 0 -1.588291373 -0.9983689442 0.2276280943 0 112.3838231 14.14966402 -20.49022618 1


mesh: pSphereShape17 tranform: pSphere17 -0.03650886985 0.03299320702 2.551066663 0 -1.218259416 2.023432232 -0.04360403222 0 -5.415918758 -3.261554448 -0.03532637278 0 114.0821011 2.758256477 -20.58104973 1


mesh: pSphereShape18 tranform: pSphere18 -0.08412390151 -0.3164767808 2.8843133 0 0.1801654756 8.083362961 0.8921891081 0 -3.315011429 0.08354614572 -0.08751867548 0 115.4416601 27.49363544 -13.10126092 1


mesh: pSphereShape19 tranform: pSphere19 -0.03168129974 -0.2066848626 1.951828419 0 -3.381903262 9.119911701 0.9108406189 0 -2.145442484 -0.7838189119 -0.1178248601 0 117.6390849 11.45940396 -14.37416606 1


mesh: pSphereShape20 tranform: pSphere20 0.5028543626 0.1332367147 2.568587015 0 -0.1409339209 1.854188886 -0.0685889937 0 -5.818918592 -0.3993807034 1.159890926 0 115.7469094 1.949763224 -14.93276798 1


mesh: pSphereShape21 tranform: pSphere21 -0.6053778735 -0.175829868 5.962367132 0 1.67704919 2.838614715 0.2539866616 0 -5.145434892 3.078536786 -0.4316463007 0 117.0389022 37.45729006 -16.1648785 1


