mesh: pSphereShape1 tranform: pSphere1 -0.5623821807 3.214880359 0.6805441724 0 -0.9082196851 0.1983013354 -1.687299197 0 -2.984029844 -0.8410856811 1.507359356 0 144.2607108 30.06316501 -28.46065111 1


mesh: pSphereShape2 tranform: pSphere2 -1.299162879 5.714513551 0.6734744415 0 -1.314859031 0.04373960423 -2.907558899 0 -2.654588016 -0.7436656091 1.189273032 0 143.0797098 37.76813866 -26.61026349 1


mesh: pSphereShape3 tranform: pSphere3 -2.348489421 6.136971896 1.13343429 0 -1.129128999 0.08890935023 -2.820967849 0 -2.600945673 -1.180727286 1.003848906 0 140.4333568 48.04944077 -25.03556093 1


mesh: pSphereShape4 tranform: pSphere4 -1.143856714 0.5135137412 3.907806321 0 -0.5358434473 3.281292826 -0.5880324896 0 -3.707228879 -0.7814633714 -0.9824556663 0 137.2919168 54.55565102 -21.40656161 1


mesh: pSphereShape5 tranform: pSphere5 -1.700185703 0.488840847 3.854733234 0 -0.4582174838 3.055822371 -0.5896298066 0 -3.628272894 -0.8324687387 -1.494731964 0 134.7115191 55.76969172 -15.35109457 1


mesh: pSphereShape6 tranform: pSphere6 -1.416388519 -5.367597904 2.406926468 0 -1.662327907 1.06953523 1.406911653 0 -1.643331662 -0.3259336944 -1.693893506 0 132.7239992 49.61325621 -11.39731638 1


mesh: pSphereShape7 tranform: pSphere7 -3.258366153 -4.458014458 1.447642598 0 -1.421674741 1.398493041 1.106740946 0 -1.543046546 0.3432945069 -2.415926948 0 127.9158685 40.43180019 -9.036854626 1


mesh: pSphereShape8 tranform: pSphere8 0.1381312361 -4.242126957 0.6812409919 0 -0.8285313178 0.06238266419 0.5564568794 0 -1.460416933 -0.3897350187 -2.130782278 0 124.5654478 33.37864943 -7.586641978 1


mesh: pSphereShape10 tranform: pSphere10 -0.6019288761 0.3752724731 4.105433733 0 -0.381681519 3.473892549 -0.3735053287 0 -4.984723539 -0.6201628733 -0.6741599457 0 134.4068928 64.64659778 -19.72996665 1


mesh: pSphereShape11 tranform: pSphere11 -0.2344458599 0.1313128661 0.9632196375 0 -2.767567653 2.537576722 -1.019561076 0 -1.724917812 -1.943487448 -0.1548919134 0 133.7489136 60.0425621 -20.29305894 1


mesh: pSphereShape12 tranform: pSphere12 -2.656387106 0.8345775153 6.62363971 0 -0.3493612466 3.698700601 -0.6061457513 0 -5.476722767 -0.8595075732 -2.08812234 0 136.8577251 50.83817233 -18.38362725 1


mesh: pSphereShape13 tranform: pSphere13 -1.802840994 0.6493265636 4.590765856 0 -0.5568205933 4.582923913 -0.8668865615 0 -4.107968583 -0.7833108411 -1.502448577 0 136.3590223 45.70205913 -17.68875638 1


mesh: pSphereShape14 tranform: pSphere14 -1.838602768 0.6159703898 4.642120618 0 -0.6141851405 5.367985167 -0.9555465659 0 -4.008730195 -0.7241890692 -1.491642286 0 136.629757 41.34625864 -16.99272734 1


mesh: pSphereShape15 tranform: pSphere15 -2.0861737 0.0421332477 2.742349094 0 0.800040957 8.578692114 0.476808823 0 -3.375884695 0.4579606262 -2.575156186 0 137.9744497 27.77337941 -21.00272918 1


mesh: pSphereShape16 tranform: pSphere16 -1.385431556 0.07536715526 1.803598873 0 -0.8966481668 8.12269356 -1.028182596 0 -1.484961361 -0.3066875334 -1.127855086 0 137.9214261 11.7681274 -21.67148985 1


mesh: pSphereShape17 tranform: pSphere17 -2.231206351 -0.2932549334 1.202531635 0 -0.1637111834 2.341393273 0.2672293074 0 -3.035526589 0.4189116597 -5.530031891 0 137.0059342 1.560051451 -24.88483292 1


mesh: pSphereShape18 tranform: pSphere18 -0.6487941789 0.2560385873 2.817801972 0 1.82301992 7.921854239 -0.3000692258 0 -3.146676369 0.6942967917 -0.7876039917 0 133.9432707 27.9253476 -12.32914134 1


mesh: pSphereShape19 tranform: pSphere19 -0.3924412088 0.1288234498 1.919049486 0 -4.642609218 8.460702651 -1.517359556 0 -1.959771841 -1.133605363 -0.3246712922 0 135.1822887 12.69368454 -10.4642849 1


mesh: pSphereShape20 tranform: pSphere20 0.3445488267 0.789743112 2.475044588 0 -0.3680493814 1.751937728 -0.5077766183 0 -5.776668564 -0.8974914885 1.090538777 0 134.627454 3.201256429 -8.74575963 1


mesh: pSphereShape21 tranform: pSphere21 -2.191198242 0.7340972496 5.532356806 0 1.676748012 2.835558648 0.2878540823 0 -4.692577696 3.003997968 -2.257192564 0 138.0907058 37.69148896 -15.82718213 1


