mesh: pSphereShape1 tranform: pSphere1 -0.6006295762 3.105533997 -1.053457412 0 1.090662061 0.6952371586 1.427678731 0 2.772919673 -0.1564417791 -2.042164028 0 -140.9214835 32.6919032 -12.30169651 1


mesh: pSphereShape2 tranform: pSphere2 -0.3816021211 5.670492643 -1.580174084 0 2.359713585 0.7226552846 2.023409824 0 2.012008193 -0.471536895 -2.178008817 0 -142.3915719 40.09653771 -14.99228684 1


mesh: pSphereShape3 tranform: pSphere3 0.8004683504 6.16956421 -2.39963076 0 2.147366295 0.5322507626 2.084759912 0 2.111957597 -1.018941117 -1.915239424 0 -142.4894923 50.27367979 -18.22162819 1


mesh: pSphereShape4 tranform: pSphere4 0.05887718308 -0.317964845 -4.091269561 0 0.7700432577 3.278328109 -0.2437031089 0 3.810439263 -0.885836164 0.1236810924 0 -141.3111978 56.11728546 -23.32128114 1


mesh: pSphereShape5 tranform: pSphere5 0.6627264701 -0.3539563612 -4.174215331 0 0.6775081727 3.068122118 -0.1525984383 0 3.866818212 -0.8198853278 0.6834449556 0 -140.3808803 55.99440202 -29.93526647 1


mesh: pSphereShape6 tranform: pSphere6 0.7999628881 -5.565532155 -2.235054794 0 1.118275207 0.9388850393 -1.93767787 0 2.090700791 -0.1540657167 1.131936787 0 -139.4575262 49.33035817 -33.60866751 1


mesh: pSphereShape7 tranform: pSphere7 3.059443024 -4.438887807 -1.876857855 0 0.9378403884 1.324100535 -1.602819564 0 2.128808399 0.6970915679 1.821478774 0 -135.0598793 40.11775863 -36.40387127 1


mesh: pSphereShape8 tranform: pSphere8 0.1627200732 -4.291886897 -0.1789963365 0 0.5353841847 0.05544728602 -0.8427866713 0 2.204288686 0.02510330787 1.40193628 0 -131.6634138 33.16393225 -38.20527344 1


mesh: pSphereShape10 tranform: pSphere10 1.394257898 -0.1861135542 -3.921624739 0 0.1875751866 3.508271712 -0.09980779858 0 4.768298515 -0.2064363623 1.705073512 0 -139.5040154 65.79901073 -26.50951847 1


mesh: pSphereShape11 tranform: pSphere11 0.2473369813 -0.06066719284 -0.9670283912 0 2.672390262 2.781630842 0.5090100871 0 1.779051754 -1.813266419 0.5687848247 0 -138.6018995 61.34948133 -25.61508719 1


mesh: pSphereShape12 tranform: pSphere12 0.4186386418 -0.6017898727 -7.147594401 0 0.5019041953 3.719866113 -0.2837963586 0 5.860928442 -0.759718398 0.4072421848 0 -141.7322576 51.87359263 -25.53657587 1


mesh: pSphereShape13 tranform: pSphere13 0.3318535864 -0.6464819175 -4.921272814 0 0.8269770368 4.591427855 -0.5473868022 0 4.364221278 -0.7393893096 0.3914199384 0 -141.4755958 46.6828484 -25.15302207 1


mesh: pSphereShape14 tranform: pSphere14 0.2258147461 -0.4564327543 -5.004981552 0 0.9235393982 5.389829079 -0.4498609422 0 4.27179977 -0.7104722556 0.2575270609 0 -141.980824 42.31073789 -24.73746076 1


mesh: pSphereShape15 tranform: pSphere15 -1.209863637 -0.1280478637 -3.224004993 0 -1.007305662 8.570022731 0.03763312682 0 3.967498139 0.4729533746 -1.507656597 0 -141.1822599 28.87780982 -20.92913437 1


mesh: pSphereShape16 tranform: pSphere16 -0.7134855902 0.1065417981 -2.158160526 0 4.574955546 6.746707286 -1.179411124 0 1.455443632 -1.080377205 -0.5345030524 0 -143.1587616 14.1191811 -19.38538822 1


mesh: pSphereShape17 tranform: pSphere17 -1.251736543 1.013633487 -1.978905089 0 1.262947148 1.984427162 0.2175974632 0 4.350438362 -2.335807462 -3.948271891 0 -145.7424184 3.614753705 -20.71770204 1


mesh: pSphereShape18 tranform: pSphere18 0.1701942839 0.08707155956 -2.896541049 0 -1.314954579 8.025784552 0.1639955439 0 3.26780721 0.5311519302 0.2079757631 0 -141.6506791 28.65621315 -28.84767909 1


mesh: pSphereShape19 tranform: pSphere19 0.08917351025 0.0628117155 -1.959964104 0 2.063221721 9.540603098 0.3996228141 0 2.23317206 -0.4865416971 0.08601140838 0 -141.5635393 12.4474647 -29.7506365 1


mesh: pSphereShape20 tranform: pSphere20 -0.2277685029 -0.01482882076 -2.610776781 0 0.05021427314 1.860064084 -0.01494566176 0 5.922144053 -0.1640180192 -0.5157260861 0 -138.4046182 2.857694759 -29.88145758 1


mesh: pSphereShape21 tranform: pSphere21 0.2691200531 -0.5439645072 -5.964804887 0 -1.662414904 2.838947186 -0.333904584 0 5.189667102 3.0339337 -0.04253429387 0 -143.7633629 38.61661409 -24.57555638 1


