mesh: pSphereShape1 tranform: pSphere1 -1.302181053 3.059392785 -0.2435366483 0 1.771298916 0.7566389684 0.03409718001 0 0.1548991661 -0.2077099558 -3.437565168 0 123.9890084 30.91797808 7.377382984 1


mesh: pSphereShape2 tranform: pSphere2 -1.747591604 5.606014343 -0.5617685477 0 3.046297773 0.9293247898 -0.2027103676 0 -0.09797675367 -0.3294274672 -2.982637175 0 120.6196716 38.16608944 6.82809253 1


mesh: pSphereShape3 tranform: pSphere3 -1.541908671 6.190380257 -1.940157168 0 2.951125017 0.7288061616 -0.01998702975 0 0.1927255726 -0.8598331395 -2.896600036 0 117.6056761 48.27094593 5.136351221 1


mesh: pSphereShape4 tranform: pSphere4 -3.289909628 0.3407112072 -2.429704776 0 0.5198694075 3.327644777 -0.2372952903 0 2.260937134 -0.5773019618 -3.142345592 0 114.1349161 54.71363064 1.493306459 1


mesh: pSphereShape5 tranform: pSphere5 -3.070180215 0.3463660569 -2.905613379 0 0.4992874219 3.101852021 -0.1578069933 0 2.693367088 -0.5818506924 -2.915272808 0 109.2596671 55.6983616 -2.990558722 1


mesh: pSphereShape6 tranform: pSphere6 -1.765808011 -5.45560431 -1.931026257 0 -0.810973209 0.9917785786 -2.06042175 0 2.135058653 -0.336308944 -1.002231399 0 106.3041454 49.37629713 -6.025111658 1


mesh: pSphereShape7 tranform: pSphere7 -0.6143705825 -4.702549277 -3.177277305 0 -0.5942753989 1.285534219 -1.787751632 0 2.770031847 0.1751488667 -0.7948542143 0 105.3922614 39.87590031 -10.82648542 1


mesh: pSphereShape8 tranform: pSphere8 -1.06350913 -4.162694792 0.1404672451 0 -0.234756575 0.02718849517 -0.9716738837 0 2.455824832 -0.6480615397 -0.6114611644 0 104.6368672 32.60621302 -13.94336944 1


mesh: pSphereShape10 tranform: pSphere10 -3.70859219 0.3060344684 -1.873611701 0 0.3246790591 3.498948119 -0.0711478772 0 2.261468061 -0.3018733726 -4.525615655 0 113.0593352 64.83443603 -1.289230079 1


mesh: pSphereShape11 tranform: pSphere11 -0.8275900212 0.1259877267 -0.5470117454 0 1.795075368 2.753712276 -2.081586953 0 0.8323485371 -1.809555568 -1.676061152 0 114.0534148 60.3203641 -1.892887088 1


mesh: pSphereShape12 tranform: pSphere12 -5.138326332 0.5784035036 -4.988844254 0 0.4425440908 3.738115118 -0.02240941346 0 4.081775821 -0.5087854574 -4.263067434 0 111.7146876 50.85442911 -0.05575656287 1


mesh: pSphereShape13 tranform: pSphere13 -3.565233661 0.5012412532 -3.432908086 0 0.6715063101 4.649028613 -0.01858248759 0 3.033217463 -0.45097284 -3.215983333 0 111.6334168 45.72905249 -0.9125879589 1


mesh: pSphereShape14 tranform: pSphere14 -3.586623125 0.3662622469 -3.508724842 0 0.6438926491 5.448206553 -0.08947064982 0 2.999148693 -0.4054930856 -3.108061577 0 111.2524992 41.32627296 -1.040378947 1


mesh: pSphereShape15 tranform: pSphere15 -2.242771488 0.3569548855 -2.591704793 0 0.9987887402 8.565297865 0.3153792872 0 3.204347983 -0.2701838862 -2.81014403 0 113.0536863 27.79082353 1.890467491 1


mesh: pSphereShape16 tranform: pSphere16 -1.460989059 0.2859837312 -1.720986337 0 2.794198725 7.669887468 -1.097528022 0 1.299267662 -0.6465390034 -1.210419531 0 110.6117635 12.00631862 2.729123802 1


mesh: pSphereShape17 tranform: pSphere17 -1.424402529 0.1327559693 -2.112774446 0 0.2996208428 2.342553941 -0.05480597679 0 5.183755013 -0.7458809473 -3.541681373 0 111.2486541 1.424408035 1.666345218 1


mesh: pSphereShape18 tranform: pSphere18 -2.1008024 0.03688994145 -2.002939341 0 -2.144736832 7.474665092 2.38719573 0 2.115578768 1.308006069 -2.19485463 0 110.3012555 28.00847881 -5.89635472 1


mesh: pSphereShape19 tranform: pSphere19 -1.438707647 0.01945413492 -1.33532706 0 0.01568184516 9.768506218 0.1254196462 0 1.556011092 0.01902309927 -1.676199821 0 112.4859444 12.27447379 -9.066462714 1


mesh: pSphereShape20 tranform: pSphere20 -2.222258617 -0.06205055412 -1.387793268 0 -0.09590349571 1.856989459 0.07054014972 0 3.137310242 0.353458818 -5.039545297 0 115.7625389 3.012927417 -13.09350012 1


mesh: pSphereShape21 tranform: pSphere21 -4.274442758 0.4365016769 -4.18160564 0 -1.169232829 2.716768011 1.478784257 0 3.640397542 3.399129878 -3.36639708 0 109.9342183 37.52539943 -0.2244719366 1


