mesh: pSphereShape1 tranform: pSphere1 0.8275074883 3.12671536 0.8085494577 0 -1.284707722 0.6685112409 -1.2703479 0 -2.422116203 0.006694732153 2.453018495 0 134.8354578 31.08441001 -27.79616257 1


mesh: pSphereShape2 tranform: pSphere2 0.6894690971 5.746068209 1.142098784 0 -2.44635638 0.6779450213 -1.934010648 0 -1.895836967 -0.2329343477 2.316417536 0 136.7972564 38.57163747 -25.716628 1


mesh: pSphereShape3 tranform: pSphere3 -0.3384427531 6.352878423 1.997221106 0 -2.245152992 0.5048259331 -1.98623654 0 -2.035376907 -0.770186752 2.10494683 0 137.5450055 48.9397621 -23.23443743 1


mesh: pSphereShape4 tranform: pSphere4 0.3412625246 -0.1177854388 4.088119527 0 -0.5436111511 3.329311302 0.1413017654 0 -3.849208202 -0.6413531853 0.3028405687 0 137.1292292 55.10896876 -18.47337933 1


mesh: pSphereShape5 tranform: pSphere5 -0.3238560826 -0.164627631 4.225704686 0 -0.4544554957 3.111540382 0.08639206297 0 -3.957515216 -0.5689775499 -0.325468745 0 136.8116827 55.31091926 -11.79843376 1


mesh: pSphereShape6 tranform: pSphere6 -1.027143055 -5.664414011 1.862780122 0 -1.134967503 0.8528401127 1.967524483 0 -2.066496992 -0.01513590758 -1.185499059 0 135.7130375 48.61156001 -8.444362075 1


mesh: pSphereShape7 tranform: pSphere7 -2.837718366 -4.660455168 1.677505317 0 -0.9877099289 1.201771922 1.66793007 0 -2.170810159 0.6821642514 -1.777014903 0 131.3316286 39.16456372 -6.183242659 1


mesh: pSphereShape8 tranform: pSphere8 0.2068296708 -4.292772345 0.09020936767 0 -0.6971431878 -0.01852824147 0.7166924584 0 -1.868732899 -0.1283057923 -1.821076357 0 128.3031536 31.93724776 -4.91866067 1


mesh: pSphereShape10 tranform: pSphere10 0.1242717955 -0.2682952158 4.155756024 0 -0.1617891246 3.503365922 0.2310150393 0 -5.060561222 -0.2426478031 0.1356633501 0 136.0307261 64.89324349 -14.61687475 1


mesh: pSphereShape11 tranform: pSphere11 0.01310484126 -0.05811638451 0.998223797 0 -2.56085524 2.922112233 0.2037440904 0 -1.95951506 -1.712106309 -0.07395365146 0 134.973688 60.59674248 -15.50271301 1


mesh: pSphereShape12 tranform: pSphere12 -0.1789600557 -0.2625795396 7.178059652 0 -0.4291607062 3.737618322 0.1260256278 0 -5.883501199 -0.6697831334 -0.1711859623 0 137.6688802 50.95970013 -16.09646869 1


mesh: pSphereShape13 tranform: pSphere13 -0.214673751 -0.2991473965 4.960989598 0 -0.6753295772 4.641748115 0.2506740451 0 -4.393337174 -0.6268800271 -0.227910919 0 137.2823553 45.76941613 -16.17868968 1


mesh: pSphereShape14 tranform: pSphere14 -0.2521109457 -0.1778355243 5.021352217 0 -0.6295396933 5.448229496 0.1613459615 0 -4.303993225 -0.4904100291 -0.2334622381 0 137.5854282 41.38435541 -16.36829934 1


mesh: pSphereShape15 tranform: pSphere15 -0.133244142 0.2028931056 3.437361613 0 0.1093588921 8.613663806 -0.5041894812 0 -4.267031447 0.04433918187 -0.1680221994 0 138.0039215 27.78947472 -20.07059168 1


mesh: pSphereShape16 tranform: pSphere16 -0.1040830167 0.1826728931 2.265803839 0 -2.148620814 7.917042967 -0.736985281 0 -1.822285804 -0.4986038671 -0.04351108916 0 139.1483338 11.82463881 -19.77300586 1


mesh: pSphereShape17 tranform: pSphere17 -0.5554713143 -0.007962282103 2.490331462 0 -0.1068638386 2.359798727 -0.01629117021 0 -6.164007797 -0.2886361082 -1.375811922 0 137.1799907 1.303226294 -20.23515637 1


mesh: pSphereShape18 tranform: pSphere18 0.5051497129 0.07741428884 2.857503874 0 0.1316566098 8.129734407 -0.2435215968 0 -3.266164388 0.07013230875 0.575492749 0 138.2448539 27.47568529 -12.12746865 1


mesh: pSphereShape19 tranform: pSphere19 0.3612579098 0.07145155074 1.9281452 0 -2.608858751 9.413498667 0.1399592632 0 -2.163550857 -0.6059676665 0.4278190198 0 139.998059 11.22179824 -11.51361878 1


mesh: pSphereShape20 tranform: pSphere20 1.113421534 0.2531679841 2.358909122 0 -0.02853550599 1.851340274 -0.1852246167 0 -5.382665714 0.1694055207 2.522474394 0 137.5398113 1.895355896 -10.1190732 1


mesh: pSphereShape21 tranform: pSphere21 -0.3004591697 -0.2119396832 5.984315014 0 1.814062475 2.758311201 0.1887680218 0 -5.017201414 3.308889426 -0.1347153671 0 139.164712 37.59561921 -16.32893745 1


