mesh: pSphereShape1 tranform: pSphere1 3.180153732 0.9506696943 -0.3126006753 0 -0.5337441084 1.842793288 0.1743419577 0 0.3981628143 -0.2080373528 3.417920171 0 6.530084366 49.07325956 -4.231568691 1


mesh: pSphereShape2 tranform: pSphere2 5.618483454 1.279997003 -1.261470759 0 -0.6200771205 3.106136459 0.3899831314 0 0.7045217533 -0.2246992626 2.909880712 0 14.23663535 50.23271856 -5.781817503 1


mesh: pSphereShape3 tranform: pSphere3 6.34374009 2.045432816 0.1888548929 0 -0.9364477385 2.879388922 0.269966368 0 0.001256393527 -0.2822237568 3.014481069 0 24.4302032 52.90857044 -7.15567932 1


mesh: pSphereShape4 tranform: pSphere4 4.102141933 -0.01975289508 -0.1228664855 0 0.01738769284 3.376102063 0.03775638291 0 0.116958057 -0.04435200316 3.912007645 0 32.91897227 55.82313013 -7.039756571 1


mesh: pSphereShape5 tranform: pSphere5 4.24123877 -0.01996067512 -0.00777007671 0 0.01480448048 3.14570465 -0.0001353862722 0 0.007349702431 0.0001380560241 4.011425932 0 39.64146282 56.25183035 -6.98260508 1


mesh: pSphereShape6 tranform: pSphere6 5.694548507 -2.044254505 -0.06082390249 0 0.8195011021 2.278095259 0.1591854722 0 -0.03032397187 -0.1552015161 2.377191595 0 46.74808789 53.10651005 -6.887476373 1


mesh: pSphereShape7 tranform: pSphere7 5.182046299 -0.6897920559 2.292835595 0 0.2544491472 2.264029069 0.1060442387 0 -1.167353847 0.00751387627 2.640601317 0 56.36005029 50.22260622 -3.647414403 1


mesh: pSphereShape8 tranform: pSphere8 3.684522269 -2.134840375 0.5878459548 0 0.4993284963 0.8662607031 0.01623105459 0 -0.3305327386 0.1420420342 2.587569572 0 63.54558601 48.47610718 -0.8390605137 1


mesh: pSphereShape10 tranform: pSphere10 4.161166393 0.03713060621 -0.2026067751 0 -0.02444878411 3.511767474 0.1414493487 0 0.2480801196 -0.2020058033 5.058083856 0 36.05481426 65.73535413 -5.96978384 1


mesh: pSphereShape11 tranform: pSphere11 0.9991190095 0.02637283323 -0.03264473339 0 0.002027630615 2.995966311 2.482420769 0 0.1092379213 -1.659466954 2.002676442 0 35.49021388 61.43873379 -4.90789798 1


mesh: pSphereShape12 tranform: pSphere12 7.184761559 -0.03427329729 -0.05951277803 0 0.01807135324 3.764217419 0.01388309269 0 0.04896209392 -0.02208282352 5.92373324 0 35.44139778 51.71630327 -6.960314943 1


mesh: pSphereShape13 tranform: pSphere13 4.974351967 0.009144613011 -0.05225578079 0 -0.00870270193 4.697298815 -0.006416947357 0 0.046667161 0.006156606655 4.443435355 0 35.63148121 46.63789333 -5.929910905 1


mesh: pSphereShape14 tranform: pSphere14 5.030448769 0.01382146312 -0.05964596833 0 -0.01534932779 5.486782986 -0.02311368896 0 0.05138246894 0.018417152 4.337785719 0 35.64631793 42.22007999 -5.660746872 1


mesh: pSphereShape15 tranform: pSphere15 3.445846396 0.01788396539 -0.01404455171 0 -0.04415117603 8.627619282 0.1536449063 0 0.0177972168 -0.07594862827 4.269855953 0 31.44641583 28.54187372 -5.750804039 1


mesh: pSphereShape16 tranform: pSphere16 2.275478232 0.01390484539 -0.008669981137 0 -0.04461423881 8.128661993 1.327460671 0 0.008967043752 -0.3045248413 1.865049275 0 30.68741301 12.40443351 -6.435659897 1


mesh: pSphereShape17 tranform: pSphere17 2.505731871 -0.003809958097 0.4813063919 0 0.003808727746 2.362269995 -0.001129220007 0 -1.192587265 0.004890766894 6.208773877 0 29.5645599 1.880214546 -3.431227105 1


mesh: pSphereShape18 tranform: pSphere18 2.897895423 0.16587927 -0.03440617654 0 -0.470651705 8.099082366 -0.5937756899 0 0.02530982144 0.2440032835 3.308135738 0 40.03801379 28.19280788 -5.515185707 1


mesh: pSphereShape19 tranform: pSphere19 1.957865019 0.1352468648 -0.04277112524 0 -0.6241812497 9.59035888 1.75359746 0 0.07720774053 -0.4062918348 2.249476416 0 41.46695603 11.85943536 -6.029088869 1


mesh: pSphereShape20 tranform: pSphere20 2.603377191 0.03488002092 -0.2991059597 0 -0.02370440445 1.860620277 0.01065498102 0 0.6791007965 -0.02518004146 5.907863706 0 41.9841914 2.339384322 -2.567271201 1


mesh: pSphereShape21 tranform: pSphere21 5.995156045 0.01647205488 -0.07108449047 0 -0.03222624152 2.527266995 -2.132280403 0 0.04382276904 3.876815348 4.594299709 0 35.73790188 38.27343685 -6.785837399 1


