mesh: pSphereShape1 tranform: pSphere1 0.7363859704 3.094565952 -0.9981317955 0 1.59148443 -0.02870805687 1.085135085 0 1.787045462 -1.281543929 -2.654826762 0 -8.118844718 34.51831694 -5.997013677 1


mesh: pSphereShape2 tranform: pSphere2 1.879467988 5.405001382 -1.431997651 0 2.47712056 -0.3357532029 1.983887521 0 1.633464829 -1.160394914 -2.23596125 0 -6.541168578 41.96235085 -8.506395746 1


mesh: pSphereShape3 tranform: pSphere3 2.377782171 5.760546522 -2.371656724 0 2.320918816 -0.152188291 1.957261185 0 1.63019867 -1.517337162 -2.051070009 0 -3.300593318 51.74748944 -11.57754199 1


mesh: pSphereShape4 tranform: pSphere4 -0.01118095472 -0.2065515101 -4.098812785 0 0.6796392124 3.302962097 -0.1683001544 0 3.833876096 -0.7873946372 0.02922093851 0 -0.877002051 57.37887102 -16.63816628 1


mesh: pSphereShape5 tranform: pSphere5 0.5735360427 -0.2344306574 -4.195791199 0 0.6595595996 3.074734705 -0.0816367782 0 3.884577535 -0.817966729 0.5766973595 0 -0.06030238088 57.43743229 -23.2718743 1


mesh: pSphereShape6 tranform: pSphere6 2.072199768 -5.356346734 -1.904231212 0 0.8540488633 1.046853732 -2.015276131 0 2.075332337 0.4137932177 1.094448628 0 2.041895167 51.07209999 -26.67025228 1


mesh: pSphereShape7 tranform: pSphere7 5.523893665 -1.274023669 -0.6708013545 0 0.1443471385 1.518595925 -1.695537583 0 0.7049170689 2.055464825 1.90097424 0 9.755187616 45.37720326 -28.02621672 1


mesh: pSphereShape8 tranform: pSphere8 3.402881653 -2.489679108 0.837081265 0 0.4509015575 0.3386236957 -0.8258460983 0 1.077288845 1.937267901 1.382528823 0 17.27519931 42.93850101 -28.13375533 1


mesh: pSphereShape10 tranform: pSphere10 0.3658040163 -0.2009047671 -4.145305614 0 -0.1847454209 3.504900325 -0.1861700614 0 5.041584242 0.2886335169 0.4309076534 0 -0.2143447342 67.24389852 -20.29353013 1


mesh: pSphereShape11 tranform: pSphere11 0.06605146576 -0.04787149536 -0.9966672082 0 2.441395552 3.029447736 0.01628784546 0 2.019602347 -1.628713493 0.2120734423 0 1.30216516 62.92350138 -19.40909192 1


mesh: pSphereShape12 tranform: pSphere12 0.122533188 -0.3974287039 -7.173043366 0 0.4791286263 3.728394983 -0.1983902724 0 5.87492537 -0.7474312944 0.1417702269 0 -1.298525039 53.18915141 -18.96003415 1


mesh: pSphereShape13 tranform: pSphere13 0.04189879067 -0.4840102377 -4.950855518 0 1.071911392 4.552542627 -0.4359984734 0 4.326276286 -1.005713502 0.1349345326 0 -1.164392443 47.9527873 -18.75546395 1


mesh: pSphereShape14 tranform: pSphere14 -0.07533216504 -0.2935145007 -5.021686748 0 1.147790419 5.355285394 -0.3302315614 0 4.241651431 -0.9097516686 -0.01045614383 0 -1.871361494 43.61246494 -18.45896651 1


mesh: pSphereShape15 tranform: pSphere15 -0.6336533699 -0.06940593428 -3.386449571 0 -3.752827809 7.75128579 0.5433439115 0 3.764512855 1.874679074 -0.7428163499 0 1.983678602 31.27023686 -15.03399641 1


mesh: pSphereShape16 tranform: pSphere16 -0.4251101933 0.01513277027 -2.235424349 0 -1.198182399 8.14392807 0.2829886613 0 1.836031163 0.282193957 -0.3472473521 0 7.688232366 16.35682814 -15.12753708 1


mesh: pSphereShape17 tranform: pSphere17 0.08010059858 0.1277314824 -2.547082867 0 -0.2655812923 2.344753725 0.1092330572 0 6.279056287 0.7003694264 0.2325858337 0 13.79689689 6.349176588 -15.04179695 1


mesh: pSphereShape18 tranform: pSphere18 -0.435129466 -0.3131207941 -2.852913478 0 -0.2283034449 8.086408165 -0.8527005845 0 3.278417493 0.03937654802 -0.504349564 0 -2.859860277 29.93276593 -21.56583935 1


mesh: pSphereShape19 tranform: pSphere19 -0.3216953264 -0.2091189587 -1.925133214 0 3.637266852 8.928656514 -1.577679445 0 2.089389512 -0.8956564157 -0.2518517163 0 -5.275341879 14.03966081 -19.85416529 1


mesh: pSphereShape20 tranform: pSphere20 -0.8157116021 -0.01169175779 -2.490528392 0 0.6753702099 1.718689585 -0.229269347 0 5.223027661 -2.279195454 -1.699975183 0 -4.190164021 3.371291696 -19.10620189 1


mesh: pSphereShape21 tranform: pSphere21 -0.08977888561 -0.3498028334 -5.984713699 0 -1.544009039 2.920446184 -0.1475360366 0 5.315272776 2.797839047 -0.2432683275 0 -3.812720773 39.99860475 -18.31286021 1


