mesh: pSphereShape1 tranform: pSphere1 3.068652083 1.303068663 0.01600819971 0 -0.7437092522 1.75483707 -0.2803718976 0 -0.2111774377 0.4554119034 3.410571147 0 23.54788757 50.87586791 -8.466023157 1


mesh: pSphereShape2 tranform: pSphere2 5.743420302 0.6088134274 -1.199802724 0 -0.4141843525 3.140325005 -0.3891996411 0 0.5631131876 0.4357573526 2.916721702 0 31.21864123 51.72632009 -9.489145334 1


mesh: pSphereShape3 tranform: pSphere3 6.557064009 1.197993635 -0.1795069357 0 -0.5521760684 2.94880919 -0.490227217 0 -0.008656994065 0.4949423142 2.986922347 0 41.71708721 52.9982414 -11.07759187 1


mesh: pSphereShape4 tranform: pSphere4 4.081465493 0.2424972957 0.3548087947 0 -0.2137646922 3.365850847 0.1585741037 0 -0.3264658311 -0.2042383093 3.895016929 0 50.27118524 55.35786247 -10.86510762 1


mesh: pSphereShape5 tranform: pSphere5 4.223255844 0.2519860309 0.298627238 0 -0.2066271194 3.126038182 0.2843720361 0 -0.2591292329 -0.3796399549 3.985011617 0 56.92204015 56.19359453 -10.12063742 1


mesh: pSphereShape6 tranform: pSphere6 6.010823103 -0.04924250876 -0.6914763402 0 0.01946315735 2.426159186 -0.003587352147 0 0.2722879448 0.001315282574 2.366834274 0 64.40897862 55.09848028 -10.63528996 1


mesh: pSphereShape7 tranform: pSphere7 5.650946656 0.7618342539 0.2700415787 0 -0.3097427544 2.25667701 0.1152634929 0 -0.1156633071 -0.162986915 2.880209028 0 75.10803358 55.34906061 -9.808075045 1


mesh: pSphereShape8 tranform: pSphere8 3.833008444 -0.9461510904 -1.700486704 0 0.201334116 0.9754768596 -0.08893520163 0 1.059236355 -0.0008973831595 2.388087448 0 82.9819832 55.67471662 -10.36756437 1


mesh: pSphereShape10 tranform: pSphere10 4.145234015 0.3748435279 -0.1850978856 0 -0.2905996206 3.465364941 0.5098177515 0 0.2881509039 -0.7128286996 5.009531583 0 52.59109246 65.22767352 -8.140938698 1


mesh: pSphereShape11 tranform: pSphere11 0.9927537842 0.1193788652 0.01373355079 0 -0.3384290427 2.470808707 2.98643621 0 0.2158279802 -1.986732943 1.668168734 0 52.26393475 60.60001122 -7.451668618 1


mesh: pSphereShape12 tranform: pSphere12 7.154426072 0.4189021835 0.5140268787 0 -0.2284534222 3.755455585 0.119224456 0 -0.4118726805 -0.2125472212 5.905817895 0 53.0403864 51.4185984 -10.61468436 1


mesh: pSphereShape13 tranform: pSphere13 4.94517118 0.3057746852 0.4458425986 0 -0.3358651626 4.654890847 0.5328403776 0 -0.3636770189 -0.5295607173 4.397003292 0 53.47531144 46.25076948 -9.920323406 1


mesh: pSphereShape14 tranform: pSphere14 4.989296656 0.3294682181 0.554556639 0 -0.4310620815 5.430939147 0.6516462576 0 -0.4395851924 -0.5485340626 4.280798936 0 53.76690711 41.83381679 -10.18459183 1


mesh: pSphereShape15 tranform: pSphere15 3.437702476 -0.1098117402 0.2109918029 0 0.3404452602 8.552477678 -1.095715823 0 -0.2418818971 0.551296156 4.227921533 0 49.49176281 28.36846037 -9.653487633 1


mesh: pSphereShape16 tranform: pSphere16 2.270454548 -0.01759146796 0.1509847189 0 -0.02483084722 8.1298606 1.32062035 0 -0.1261080551 -0.3027035229 1.861099653 0 48.27242052 12.43633832 -9.066672163 1


mesh: pSphereShape17 tranform: pSphere17 2.461968425 0.02658191167 0.669602453 0 -0.04597739416 2.360624053 0.07533573453 0 -1.655899419 -0.2268393552 6.09735208 0 46.82073792 1.749574348 -6.200470374 1


mesh: pSphereShape18 tranform: pSphere18 2.773802316 0.2705878349 0.8119732329 0 -0.01230524006 7.729719411 -2.53387138 0 -0.9780343013 0.9859725167 3.012515121 0 57.84442806 28.49001575 -7.302534737 1


mesh: pSphereShape19 tranform: pSphere19 1.89376229 0.1240070578 0.5016404616 0 -1.746353428 8.497723796 4.492062969 0 -0.4419695069 -1.119063262 1.945132028 0 59.54510724 13.46334986 -7.613246854 1


mesh: pSphereShape20 tranform: pSphere20 2.590249601 0.3977402828 -0.02575769573 0 -0.2628512661 1.749209503 0.5777184166 0 0.3351486514 -1.816560865 5.6526496 0 60.76787682 3.363923607 -7.165490288 1


mesh: pSphereShape21 tranform: pSphere21 5.946112043 0.3926515247 0.6609059627 0 0.01574042435 2.778746973 -1.792499431 0 -0.7702657531 3.234955297 5.008089694 0 54.28549191 38.08227258 -11.76800404 1


