mesh: pSphereShape1 tranform: pSphere1 1.56543395 2.904422116 0.478140704 0 -1.336795924 0.8949782516 -1.059790348 0 -1.881855437 0.5474095608 2.836010287 0 117.7912403 29.47987215 -29.80522043 1


mesh: pSphereShape2 tranform: pSphere2 2.047253678 5.470801004 0.8222808999 0 -2.736835509 1.193538283 -1.126882399 0 -1.139739872 0.00902152413 2.777617334 0 121.5895321 36.41482787 -28.49564266 1


mesh: pSphereShape3 tranform: pSphere3 0.7805890586 6.291693154 2.065860084 0 -2.648432377 0.7517944705 -1.288917293 0 -1.443281992 -0.6669556073 2.576597612 0 124.3627757 46.41526821 -26.35298158 1


mesh: pSphereShape4 tranform: pSphere4 1.588246803 0.31686078 3.77095825 0 -0.8613009108 3.263451176 0.08854479711 0 -3.468169143 -0.9571454798 1.541144195 0 125.7339637 52.85069814 -21.72024593 1


mesh: pSphereShape5 tranform: pSphere5 0.9392860625 0.2341900301 4.129341574 0 -0.7365135589 3.058298501 -0.005915252298 0 -3.797404045 -0.9127375499 0.9155461373 0 127.3989846 53.69575876 -15.31364532 1


mesh: pSphereShape6 tranform: pSphere6 1.243262619 -5.09319714 3.020629021 0 -0.8812414264 0.9901111078 2.032174605 0 -2.165086449 -0.8420192943 -0.5286313549 0 129.0728659 47.65583858 -10.80748644 1


mesh: pSphereShape7 tranform: pSphere7 -0.4472396924 -4.689573333 3.224033282 0 -0.939913139 1.237400555 1.66949709 0 -2.620827365 -0.506406553 -1.100165036 0 128.8136543 38.2265725 -5.766207485 1


mesh: pSphereShape8 tranform: pSphere8 1.85982491 -3.760133633 0.9387529029 0 -0.5256423799 -0.04794233559 0.8493536489 0 -1.91355383 -1.259888889 -1.255362836 0 129.0533034 31.03465543 -2.409994914 1


mesh: pSphereShape10 tranform: pSphere10 1.386046243 0.09041080715 3.927904738 0 -0.006356599985 3.513814503 -0.07863639382 0 -4.77949095 0.02908235842 1.685877473 0 125.9124848 63.05689691 -18.66952743 1


mesh: pSphereShape11 tranform: pSphere11 0.2976144304 0.03104645256 0.9541812032 0 -2.417449017 2.976965008 0.6571534917 0 -1.886854539 -1.674161364 0.6429930797 0 124.4820304 58.68346981 -18.79652351 1


mesh: pSphereShape12 tranform: pSphere12 1.538295894 0.3848176895 7.007929522 0 -0.7671098649 3.685137791 -0.03397069762 0 -5.659287082 -1.166013252 1.306286055 0 127.4163963 49.01709363 -19.34792219 1


mesh: pSphereShape13 tranform: pSphere13 0.9156030771 0.4491580087 4.868975238 0 -1.268098717 4.519382291 -0.1784444612 0 -4.199797259 -1.143079156 0.8952131071 0 127.6589333 43.82800077 -18.84257642 1


mesh: pSphereShape14 tranform: pSphere14 0.7783139937 0.4826824024 4.946757374 0 -1.258286248 5.330897452 -0.3221885517 0 -4.168835977 -0.9388185934 0.7475229352 0 128.4859617 39.52967519 -18.60163759 1


mesh: pSphereShape15 tranform: pSphere15 1.283966516 0.5501446436 3.150102431 0 -2.150053678 8.336826731 -0.5796204027 0 -3.817523854 -0.8658382274 1.707217205 0 130.8274422 26.01979266 -21.80625841 1


mesh: pSphereShape16 tranform: pSphere16 0.7849517014 0.4488180598 2.088176926 0 -5.061096492 6.477988889 0.5101473369 0 -1.340842062 -1.105980085 0.74173796 0 136.5771333 11.36976951 -22.15662571 1


mesh: pSphereShape17 tranform: pSphere17 1.697698462 0.9577415526 1.646485233 0 -1.133389238 2.07229602 -0.03678796559 0 -3.615862741 -1.891881027 4.828818094 0 140.1403753 1.398497636 -19.5157289 1


mesh: pSphereShape18 tranform: pSphere18 -0.08717080545 -0.1027534244 2.899713879 0 3.76674487 7.20035716 0.3683851524 0 -2.938450607 1.538930048 -0.03380222255 0 126.0906508 26.82603856 -15.04818844 1


mesh: pSphereShape19 tranform: pSphere19 -0.03299524574 -0.08016720359 1.961081602 0 0.6218273692 9.740945279 0.4086631018 0 -2.282215242 0.1470472629 -0.03238717084 0 121.2429308 11.41136374 -15.34746543 1


mesh: pSphereShape20 tranform: pSphere20 0.7007993865 -0.1632195185 2.520018531 0 0.1987445674 1.849033467 0.06449090723 0 -5.694950884 0.5556328593 1.619713571 0 115.5875808 2.38463127 -15.1190172 1


mesh: pSphereShape21 tranform: pSphere21 0.9275740711 0.5752481448 5.89541485 0 1.457318367 2.923389349 -0.5145430996 0 -5.31555784 2.749799508 0.5680272966 0 130.5007076 35.9554942 -18.47420937 1


