mesh: pSphereShape1 tranform: pSphere1 0.4509459096 3.228558478 -0.6985182547 0 1.009268687 0.2110991755 1.62726115 0 2.899086951 -0.7722787415 -1.697902192 0 51.08953523 29.99949497 17.73860093 1


mesh: pSphereShape2 tranform: pSphere2 1.091096774 5.755132512 -0.6964299869 0 1.333139027 0.09792994071 2.89789859 0 2.670735801 -0.6523459296 -1.206590852 0 51.98265084 37.73427518 15.85216124 1


mesh: pSphereShape3 tranform: pSphere3 1.946148663 6.248419449 -1.277599183 0 1.162388763 0.2106574751 2.80092352 0 2.65434595 -1.036030334 -1.023638936 0 54.10067179 48.13185854 14.13595704 1


mesh: pSphereShape4 tranform: pSphere4 1.371082608 0.06063758906 -3.867752623 0 0.3825312797 3.349339638 0.1881138573 0 3.662374865 -0.4907682848 1.290583954 0 57.04798295 54.39251483 10.31989921 1


mesh: pSphereShape5 tranform: pSphere5 1.8343272 0.05008553392 -3.823780887 0 0.2837125519 3.127911381 0.177072061 0 3.598718219 -0.4238319667 1.720809602 0 59.86378922 54.92413013 4.254204208 1


mesh: pSphereShape6 tranform: pSphere6 2.556289983 -5.36003668 -1.160149572 0 1.646405883 1.090315553 -1.409680724 0 1.431520153 0.2748305589 1.884480074 0 63.04627295 48.62614368 1.686656674 1


mesh: pSphereShape7 tranform: pSphere7 4.147734464 -3.919347562 -0.1467156799 0 1.305481154 1.426812027 -1.20902596 0 1.097220683 1.069558136 2.446977512 0 69.57094544 40.25541364 1.722163001 1


mesh: pSphereShape8 tranform: pSphere8 0.7519302095 -4.230261925 0.1352614055 0 0.8524546575 0.1353778025 -0.5049692145 0 1.287080831 0.3008311816 2.253412447 0 74.29857815 33.87499026 2.013516934 1


mesh: pSphereShape10 tranform: pSphere10 1.1440394 0.2660857255 -3.997262335 0 0.2081928422 3.496329167 0.2923260971 0 4.86411234 -0.4037874657 1.365257925 0 59.54018821 64.31612733 8.46985141 1


mesh: pSphereShape11 tranform: pSphere11 0.3191831226 0.0979317084 -0.9426194963 0 2.498772111 2.758851928 1.132742291 0 1.814139359 -1.81779545 0.4254344974 0 60.28803456 59.83837501 9.170672035 1


mesh: pSphereShape12 tranform: pSphere12 2.722043343 0.08467716828 -6.648971718 0 0.2292419266 3.754627915 0.1416666757 0 5.470518807 -0.418308624 2.234265499 0 57.76368101 50.34205901 7.822271455 1


mesh: pSphereShape13 tranform: pSphere13 1.855165001 -0.1820670329 -4.6121802 0 0.3066555197 4.686885143 -0.06166946465 0 4.112906002 -0.2472049478 1.664099581 0 58.47683456 45.21337455 7.96300078 1


mesh: pSphereShape14 tranform: pSphere14 1.775569182 -0.1978058675 -4.702912971 0 0.2482954432 5.479526658 -0.1367273414 0 4.05420574 -0.145363448 1.536765948 0 58.48610995 40.8098583 8.12443009 1


mesh: pSphereShape15 tranform: pSphere15 0.1960439145 0.02317129137 -3.44026225 0 -2.987349895 8.094672406 -0.1157143629 0 3.999114266 1.479278723 0.2378536152 0 60.10527339 28.05003944 12.04145211 1


mesh: pSphereShape16 tranform: pSphere16 0.1314979184 0.1014463203 -2.269468361 0 0.1336857424 8.226811327 0.3754884398 0 1.886361041 -0.03556947865 0.1077098768 0 63.68676219 12.62424316 12.72211742 1


mesh: pSphereShape17 tranform: pSphere17 0.5410424615 0.2281383379 -2.483060314 0 -0.07055834978 2.352667138 0.2007838893 0 6.175618883 0.06982426011 1.352041919 0 68.03807942 2.039632243 13.47443292 1


mesh: pSphereShape18 tranform: pSphere18 1.005444216 -0.1733235388 -2.717634721 0 0.6501187535 8.103716232 -0.2763088906 0 3.100567959 -0.2091746867 1.16045876 0 58.52736291 26.74875404 4.590906365 1


mesh: pSphereShape19 tranform: pSphere19 0.6205234357 -0.1496476525 -1.856316988 0 7.00390292 6.56519157 1.811986001 0 1.421160506 -1.684728999 0.6108758076 0 52.77422363 12.6478071 3.180526203 1


mesh: pSphereShape20 tranform: pSphere20 0.7177090224 -0.2812270627 -2.504807155 0 1.060797839 1.523027926 0.1329553493 0 4.6064466 -3.35653787 1.696752408 0 49.66392592 3.253558415 3.467321292 1


mesh: pSphereShape21 tranform: pSphere21 2.116076478 -0.2357398111 -5.604807527 0 -1.868123079 2.604017273 -0.8148293804 0 4.483690206 3.697634867 1.537278772 0 57.27490387 36.90753589 7.730643298 1


