mesh: pSphereShape1 tranform: pSphere1 0.9357281785 3.009808216 1.086433197 0 -1.527093981 0.7888080627 -0.8700177062 0 -1.865521879 -0.4535478443 2.863234872 0 74.87132175 30.82617607 -28.28887315 1


mesh: pSphereShape2 tranform: pSphere2 1.151483177 5.508045595 1.769908852 0 -2.765252804 0.9813552515 -1.254984054 0 -1.379453223 -0.5500883384 2.609359699 0 77.38803803 37.9418822 -25.60411989 1


mesh: pSphereShape3 tranform: pSphere3 0.3726091781 5.993504882 2.898544727 0 -2.585927749 0.8231687714 -1.369696179 0 -1.582597469 -1.043347195 2.360838798 0 79.08769522 47.82406827 -21.89944324 1


mesh: pSphereShape4 tranform: pSphere4 1.786444191 0.04835966867 3.69450041 0 -0.4763525454 3.337370609 0.1866512449 0 -3.480204619 -0.5912888489 1.690563044 0 80.43372936 53.89019511 -16.59624191 1


mesh: pSphereShape5 tranform: pSphere5 1.385090844 0.04386998249 4.00851143 0 -0.4113270396 3.116860481 0.10801733 0 -3.755037078 -0.5407173793 1.303423685 0 82.70485315 54.40201947 -10.31514948 1


mesh: pSphereShape6 tranform: pSphere6 1.183960094 -5.611950511 1.927383896 0 -0.254368398 0.7355720709 2.298014475 0 -2.323000509 -0.5211100915 -0.09033184566 0 84.37487338 47.77987123 -6.903893588 1


mesh: pSphereShape7 tranform: pSphere7 -0.3669847057 -5.072604507 2.592396138 0 -0.3578663791 1.04552776 1.995149301 0 -2.845325293 -0.04336216137 -0.48763765 0 83.95171128 37.74413169 -3.236730045 1


mesh: pSphereShape8 tranform: pSphere8 1.443232947 -4.048880323 -0.0495724961 0 -0.2638251006 -0.1057795772 0.9587528343 0 -2.362329133 -0.8329736397 -0.7419569415 0 83.95374369 30.14012925 -0.9380197537 1


mesh: pSphereShape10 tranform: pSphere10 3.044385665 -0.05759757651 2.843612558 0 -0.02101459535 3.513388993 0.09366227599 0 -3.45978663 -0.1193749608 3.701646725 0 81.17454424 63.87755055 -13.08079746 1


mesh: pSphereShape11 tranform: pSphere11 0.5936990644 0.05303777227 0.8029373672 0 -2.133394965 2.94523891 1.382904482 0 -1.533146099 -1.695403224 1.245611246 0 79.57949167 59.51805333 -13.10146672 1


mesh: pSphereShape12 tranform: pSphere12 2.114208979 0.06696764742 6.866669558 0 -0.3041894307 3.75154152 0.05707106084 0 -5.641439763 -0.4839254137 1.741687123 0 81.74717752 49.83709564 -14.35983471 1


mesh: pSphereShape13 tranform: pSphere13 1.472688761 0.3660683844 4.737528209 0 -0.5282187238 4.663394375 -0.1961401444 0 -4.214982556 -0.4209508454 1.342779178 0 81.30049625 44.69378682 -13.81182893 1


mesh: pSphereShape14 tranform: pSphere14 1.378625835 0.229007039 4.832815957 0 -0.418018993 5.469117096 -0.1399131552 0 -4.158951667 -0.2871805882 1.200005264 0 81.4483196 40.30024292 -13.62036896 1


mesh: pSphereShape15 tranform: pSphere15 0.8492796826 0.2890645359 3.327091851 0 -1.448174478 8.498717854 -0.3687222435 0 -4.07630781 -0.6470167107 1.096740082 0 82.09376354 27.06054669 -17.71596392 1


mesh: pSphereShape16 tranform: pSphere16 0.5069423455 0.2767065535 2.201025361 0 -4.514655504 6.886717886 0.174041647 0 -1.523489012 -1.010817432 0.4779685501 0 86.70087387 11.98401094 -18.13357755 1


mesh: pSphereShape17 tranform: pSphere17 0.2645645875 0.1335528285 2.534271452 0 -0.5253539429 2.302155388 -0.06647642832 0 -6.128988162 -1.378067941 0.7124564715 0 87.58866003 1.838849442 -18.0766309 1


mesh: pSphereShape18 tranform: pSphere18 0.9197238505 0.06560602654 2.752508217 0 3.696256929 7.108745845 -1.404505244 0 -2.761751152 1.61073629 0.8844203918 0 78.95534342 27.0822566 -8.850859713 1


mesh: pSphereShape19 tranform: pSphere19 0.6487293345 0.06236411588 1.851652636 0 2.552982225 9.351966647 -1.209417765 0 -2.074271635 0.6573713345 0.7045838135 0 72.87351622 12.09038119 -5.910211079 1


mesh: pSphereShape20 tranform: pSphere20 1.495113706 -0.133725381 2.148256576 0 0.5811142302 1.742785967 -0.2959502789 0 -4.517274524 2.061909537 3.27222026 0 66.07828287 4.707060385 -2.566862955 1


mesh: pSphereShape21 tranform: pSphere21 1.643009876 0.2729245436 5.759622477 0 1.840898952 2.66856771 -0.6515935372 0 -4.714339266 3.539582182 1.177102692 0 82.8679897 36.45067011 -13.74500592 1


