mesh: pSphereShape1 tranform: pSphere1 -0.3096586137 3.275912796 -0.5360752822 0 1.332262865 0.3464672789 1.347665047 0 2.46936383 -0.1593494413 -2.400175305 0 -58.34018406 32.25317177 -3.005971646 1


mesh: pSphereShape2 tranform: pSphere2 0.07560113955 5.840219677 -0.826544448 0 2.820419544 0.1733992863 1.48318322 0 1.404335974 -0.3896750677 -2.62492671 0 -59.2440335 40.08167787 -4.456487142 1


mesh: pSphereShape3 tranform: pSphere3 1.091133786 6.31583926 -1.839049051 0 2.602946491 0.007502454742 1.570130583 0 1.483300061 -0.9709189589 -2.454360456 0 -58.64200139 50.55530933 -6.455878726 1


mesh: pSphereShape4 tranform: pSphere4 -1.010147215 0.29892852 -3.966522297 0 0.7514723053 3.291181005 0.05665673698 0 3.692218628 -0.8257826882 -1.002524142 0 -58.04462812 57.00375899 -10.9715105 1


mesh: pSphereShape5 tranform: pSphere5 -0.7182422112 0.2827852029 -4.170458699 0 0.7080067159 3.063827564 0.08581425114 0 3.84902436 -0.8692369969 -0.7218244671 0 -59.12259189 57.8815685 -17.54066648 1


mesh: pSphereShape6 tranform: pSphere6 0.9717204328 -5.146624882 -3.029615561 0 1.033929457 1.255162015 -1.800610529 0 2.121057927 -0.2243984817 1.061510964 0 -58.57557186 51.8728704 -22.04860907 1


mesh: pSphereShape7 tranform: pSphere7 3.9546426 -3.510031379 -2.151044773 0 0.7255828753 1.663798174 -1.380986062 0 1.868541609 0.8649596674 2.023843821 0 -53.18737271 43.84785289 -25.82481076 1


mesh: pSphereShape8 tranform: pSphere8 1.288757127 -4.007257614 -0.8716662927 0 0.6280233271 0.3528495676 -0.6936021073 0 1.876076288 0.2105537611 1.80580979 0 -48.21498435 38.10769593 -28.09931928 1


mesh: pSphereShape10 tranform: pSphere10 -0.2609785394 0.05167779539 -4.157758235 0 -0.3389287816 3.497720886 0.06474826755 0 5.03457144 0.4935858056 -0.3098803734 0 -58.53345737 67.25842102 -13.91830905 1


mesh: pSphereShape11 tranform: pSphere11 -0.1163081984 0.01913260672 -0.9930288749 0 2.286944793 3.140879442 -0.207342629 0 2.08413006 -1.535569202 -0.2736887728 0 -56.74928554 62.97611192 -13.60419325 1


mesh: pSphereShape12 tranform: pSphere12 -1.45991719 0.4778093585 -7.018963962 0 0.5680050007 3.718735756 0.1350066031 0 5.731110825 -0.8300500027 -1.248553621 0 -59.18158207 53.13587774 -13.59345753 1


mesh: pSphereShape13 tranform: pSphere13 -1.074440328 0.3665172684 -4.843370196 0 1.054537672 4.576031104 0.112350821 0 4.222556498 -0.9483198026 -1.00848384 0 -59.17056882 47.93822732 -14.16790134 1


mesh: pSphereShape14 tranform: pSphere14 -1.110489913 0.3586297781 -4.893604023 0 1.213892921 5.349619564 0.1165842251 0 4.120833123 -0.9132287689 -1.002053829 0 -59.91220091 43.57736093 -14.32926045 1


mesh: pSphereShape15 tranform: pSphere15 -0.7903590441 0.2034995096 -3.34787918 0 -0.142458886 8.609927217 0.5569823566 0 4.156123493 0.1317212165 -0.9731607423 0 -59.37306321 30.01695218 -10.8730079 1


mesh: pSphereShape16 tranform: pSphere16 -0.4805775489 0.2354675083 -2.211712 0 3.345339597 7.526118637 0.07435927394 0 1.680119664 -0.7424208146 -0.4441101595 0 -61.29425751 14.40868973 -10.84492831 1


mesh: pSphereShape17 tranform: pSphere17 -0.2224521041 0.1751324447 -2.535785137 0 1.195439745 2.037148926 0.03582432266 0 5.42504099 -3.171301768 -0.694936487 0 -61.73766429 2.439235624 -11.14902405 1


mesh: pSphereShape18 tranform: pSphere18 -0.5703456597 0.01002270711 -2.84624366 0 -2.275328259 7.794769548 0.4833909016 0 3.117401548 0.9485158853 -0.6213416549 0 -59.22274256 30.22043374 -18.68642278 1


mesh: pSphereShape19 tranform: pSphere19 -0.4780020736 -0.09166086628 -1.901701559 0 7.572546822 5.773773093 -2.181689397 0 1.333387091 -1.84188931 -0.2463754748 0 -62.35855122 17.15858377 -18.01862028 1


mesh: pSphereShape20 tranform: pSphere20 -1.173128949 0.5785536526 -2.2709685 0 1.440435589 1.080734257 -0.4687664918 0 2.662174374 -4.65962259 -2.562305684 0 -67.14048197 7.419647716 -17.32546023 1


mesh: pSphereShape21 tranform: pSphere21 -1.323452562 0.4274055021 -5.832068088 0 -1.454361227 2.919527783 0.5439923339 0 5.233327768 2.790160192 -0.9831043018 0 -61.88864128 39.98068044 -14.24104872 1


