mesh: pSphereShape1 tranform: pSphere1 3.010526626 1.411640501 -0.2426321129 0 -0.7620819584 1.705914363 0.46931042 0 0.5777639484 -0.6591134466 3.334029056 0 7.19743246 45.30711933 -4.651512566 1


mesh: pSphereShape2 tranform: pSphere2 5.321075371 2.330656467 -1.025307007 0 -1.127993381 2.895346079 0.7275082078 0 0.7438687593 -0.4329360385 2.876364384 0 14.62796396 47.82282379 -6.025680531 1


mesh: pSphereShape3 tranform: pSphere3 6.01981422 2.854204876 0.2790182557 0 -1.300576156 2.686923639 0.5741426591 0 0.1327913826 -0.5704548388 2.970470614 0 24.32180997 52.13799711 -7.139620332 1


mesh: pSphereShape4 tranform: pSphere4 4.097222551 0.03493649027 -0.2336698412 0 -0.02483025345 3.375555214 0.06930709341 0 0.223481566 -0.07857138079 3.906831533 0 32.50738507 55.76573819 -7.01193682 1


mesh: pSphereShape5 tranform: pSphere5 4.24108412 0.03671351154 -0.02055997696 0 -0.02715829681 3.145587289 0.01483143172 0 0.01960848668 -0.01874416154 4.011340949 0 39.21874622 56.283844 -7.036447767 1


mesh: pSphereShape6 tranform: pSphere6 5.18695867 -3.104079847 0.2659074652 0 1.202028795 2.050373994 0.4875790635 0 -0.3341010865 -0.3585627255 2.331492262 0 45.84588722 52.11651828 -6.62835183 1


mesh: pSphereShape7 tranform: pSphere7 4.614194195 -1.845353951 2.808984285 0 0.6413583013 2.158187662 0.3642841232 0 -1.493409929 0.02676292517 2.470740235 0 54.26511464 47.17835662 -2.705038602 1


mesh: pSphereShape8 tranform: pSphere8 2.865226554 -3.065231271 0.9346896234 0 0.6844771257 0.7009373672 0.2004441859 0 -0.7715570694 0.039779541 2.495608422 0 60.41479003 43.68649118 0.860610478 1


mesh: pSphereShape10 tranform: pSphere10 4.142310627 0.0783488293 -0.4391560824 0 -0.03312176881 3.500656686 0.3121252414 0 0.5405559619 -0.4424621933 5.019819602 0 35.61855633 65.64800817 -5.571291277 1


mesh: pSphereShape11 tranform: pSphere11 0.9964356951 0.04437230564 -0.07174262327 0 0.06157608677 2.867666886 2.628864039 0 0.215693041 -1.7555516 1.909971601 0 35.08307804 61.29471084 -4.684792368 1


mesh: pSphereShape12 tranform: pSphere12 7.183241994 0.06173415226 -0.1507927058 0 -0.03149891827 3.763937292 0.04044708548 0 0.1248612363 -0.06259615208 5.922329933 0 35.08145956 51.69211164 -7.031190553 1


mesh: pSphereShape13 tranform: pSphere13 4.972362622 0.08405316016 -0.1246466955 0 -0.08035477635 4.696466021 -0.03851105542 0 0.1107073709 0.03831974298 4.442140133 0 35.35821661 46.62501165 -6.007516175 1


mesh: pSphereShape14 tranform: pSphere14 5.028915938 0.06234961463 -0.1236143344 0 -0.0702210738 5.485668017 -0.08984872558 0 0.1056904795 0.07237534437 4.336237496 0 35.42841857 42.21546099 -5.694350114 1


mesh: pSphereShape15 tranform: pSphere15 3.445722742 0.0369285681 0.002352577589 0 -0.09258123634 8.626546008 0.1884230461 0 -0.001915376907 -0.0932770539 4.269549217 0 31.27458227 28.52478933 -5.796883637 1


mesh: pSphereShape16 tranform: pSphere16 2.275410183 0.02400274557 0.001438153542 0 -0.08660866421 8.132231734 1.303301199 0 0.001974972219 -0.2990244686 1.865959552 0 30.60017106 12.37801733 -6.502093813 1


mesh: pSphereShape17 tranform: pSphere17 2.506846885 -0.00430459584 0.47546055 0 0.005892536008 2.362246147 -0.009681498495 0 -1.178051212 0.02839593809 6.21148536 0 29.53336164 1.865763357 -3.464422832 1


mesh: pSphereShape18 tranform: pSphere18 2.89649897 0.1880169229 -0.03795983349 0 -0.5339108577 8.08871601 -0.6758921972 0 0.02528225342 0.2778729436 3.305463309 0 39.89147986 28.19024869 -5.490001012 1


mesh: pSphereShape19 tranform: pSphere19 1.956879994 0.1478510564 -0.04601379389 0 -0.6812021045 9.577253795 1.803292313 0 0.08435717885 -0.417129722 2.247234945 0 41.43444464 11.88363997 -5.9502881 1


mesh: pSphereShape20 tranform: pSphere20 2.603036882 0.04758085306 -0.300314574 0 -0.03097042117 1.86035804 0.02630666198 0 0.682820178 -0.07216217557 5.907047885 0 42.01096785 2.335218809 -2.540223765 1


mesh: pSphereShape21 tranform: pSphere21 5.993329257 0.07430662476 -0.1473203004 0 -0.08415266036 2.500360833 -2.162371557 0 0.06297055167 3.93338264 4.545739017 0 35.54511745 38.25633855 -6.772282965 1


