mesh: pSphereShape1 tranform: pSphere1 0.9362837853 2.92658911 1.293568192 0 -0.3248024196 0.8536275712 -1.696168728 0 -3.25712751 0.6268950231 0.9392094937 0 -139.304849 31.01291258 -20.83918193 1


mesh: pSphereShape2 tranform: pSphere2 0.9700804653 5.541198796 1.775138565 0 -1.474996314 1.094309408 -2.609892521 0 -2.616270433 -0.01379818458 1.472815348 0 -137.2398006 38.05619276 -17.61821495 1


mesh: pSphereShape3 tranform: pSphere3 -0.8015905272 6.325561003 1.951212579 0 -1.295196989 0.6594360209 -2.669888699 0 -2.714804681 -0.6971558025 1.144795737 0 -136.6130048 48.15610447 -14.46674733 1


mesh: pSphereShape4 tranform: pSphere4 -1.488324265 -0.2210947188 3.818253893 0 -0.4679509301 3.343753752 0.01121548556 0 -3.606999695 -0.499978631 -1.434930196 0 -138.756436 54.23561253 -10.09851804 1


mesh: pSphereShape5 tranform: pSphere5 -1.574536131 -0.2410167301 3.930815694 0 -0.4033798832 3.119628103 0.02970028944 0 -3.689074616 -0.4626730022 -1.506072446 0 -141.4177874 54.30167336 -3.904991254 1


mesh: pSphereShape6 tranform: pSphere6 -0.1049356702 -5.366399468 2.793081449 0 -1.853675325 0.7510976347 1.373455574 0 -1.536604573 -0.8168503169 -1.627159759 0 -142.120769 47.77811311 0.2029660923 1


mesh: pSphereShape7 tranform: pSphere7 -1.351367409 -5.012930389 2.372940587 0 -1.764619813 0.97884659 1.062917515 0 -1.696653243 -0.6100319835 -2.254944685 0 -143.9235391 37.8400359 3.825164701 1


mesh: pSphereShape8 tranform: pSphere8 1.580128243 -3.495050185 1.940780664 0 -0.9108660195 -0.2168056403 0.3511672092 0 -0.4901818256 -1.411568618 -2.142927889 0 -144.390506 30.41229075 6.607660176 1


mesh: pSphereShape10 tranform: pSphere10 -2.745027203 0.3085815056 3.118867911 0 0.4436098187 3.486295505 0.04550199233 0 -3.758531616 0.5220995815 -3.359674761 0 -139.7892909 64.14915002 -7.505368543 1


mesh: pSphereShape11 tranform: pSphere11 -0.5806319169 -0.006214355866 0.8141424684 0 -1.804790299 3.20727999 -1.262663123 0 -1.741785454 -1.47360168 -1.253458395 0 -141.1590803 59.92556106 -8.587891337 1


mesh: pSphereShape12 tranform: pSphere12 -2.856877804 -0.4049632635 6.580256002 0 -0.2018888236 3.756128103 0.1435084281 0 -5.426272942 -0.201175393 -2.368246367 0 -139.5419774 50.01985567 -7.928754002 1


mesh: pSphereShape13 tranform: pSphere13 -2.008988655 -0.3312921105 4.538854691 0 -0.2418767338 4.685194143 0.2349139407 0 -4.058756963 -0.1190255918 -1.805175422 0 -140.2992707 44.91240015 -8.400375573 1


mesh: pSphereShape14 tranform: pSphere14 -2.008832827 -0.2026072292 4.607895884 0 -0.1791523157 5.481507073 0.1629172893 0 -3.974752198 -0.07830333241 -1.736253969 0 -140.3572085 40.50241633 -8.665728597 1


mesh: pSphereShape15 tranform: pSphere15 -0.4616368399 0.06599694533 3.414221771 0 -0.1346618285 8.626066914 -0.1849495932 0 -4.231548367 -0.07829368788 -0.5706341306 0 -138.784798 26.84544875 -12.25156826 1


mesh: pSphereShape16 tranform: pSphere16 -0.4561556571 0.251292332 2.215139697 0 -6.115873669 5.197723912 -1.849065564 0 -1.207760026 -1.45102285 -0.08410108528 0 -133.9096246 13.22961314 -11.39544994 1


mesh: pSphereShape17 tranform: pSphere17 -0.7322436475 -0.2066162295 2.435465365 0 -1.486934129 1.811992236 -0.2933365741 0 -4.565339351 -4.023819949 -1.713975203 0 -129.4065419 3.37855985 -10.68132336 1


mesh: pSphereShape18 tranform: pSphere18 -1.264940029 0.4794708385 2.568371475 0 4.044010599 7.025132196 0.6802305968 0 -2.488930141 1.580004011 -1.520774254 0 -145.7714732 27.7398698 -5.717148532 1


mesh: pSphereShape19 tranform: pSphere19 -0.8308097592 0.2760989414 1.7569522 0 -0.9259943461 9.530774642 -1.935602988 0 -2.060856084 -0.3858300663 -0.9138848932 0 -149.9034643 12.77384768 -4.704365727 1


mesh: pSphereShape20 tranform: pSphere20 -0.7225329875 0.02506676096 2.519041787 0 -0.04032518292 1.860121646 -0.03007631708 0 -5.714892795 -0.1503718946 -1.637697814 0 -153.6891581 3.229676017 -4.963939892 1


mesh: pSphereShape21 tranform: pSphere21 -2.394073933 -0.2414619471 5.491568671 0 1.861224153 2.572133851 0.9245046325 0 -4.350632551 3.770304013 -1.730899057 0 -139.2209328 36.58094843 -8.240081548 1


