mesh: pSphereShape1 tranform: pSphere1 -1.395697232 2.829442724 -1.077568058 0 0.7922001892 0.9525842296 1.475183765 0 2.791338184 0.6469261219 -1.916744426 0 -105.8388975 30.34186529 -0.9512997516 1


mesh: pSphereShape2 tranform: pSphere2 -1.634998005 5.378416709 -1.787868105 0 2.402473768 1.283201566 1.663183608 0 1.792530886 -0.2513491757 -2.395392041 0 -109.0545259 37.13317726 -3.742861169 1


mesh: pSphereShape3 tranform: pSphere3 0.7684032624 6.063348674 -2.666056861 0 2.268569441 0.5666160812 1.942481835 0 1.984891491 -1.12634795 -1.989546182 0 -110.2127544 46.87997175 -7.314689524 1


mesh: pSphereShape4 tranform: pSphere4 -0.03436722474 -0.5093360983 -4.0721555 0 1.695862212 2.89519255 -0.3764365469 0 3.38431279 -1.954296347 0.2158768834 0 -108.853342 52.27827484 -12.65013323 1


mesh: pSphereShape5 tranform: pSphere5 0.7612497654 -0.8184605077 -4.091355069 0 1.547844316 2.726460869 -0.2574219073 0 3.417206384 -1.845107855 1.004922672 0 -107.7678494 51.49207546 -19.16357717 1


mesh: pSphereShape6 tranform: pSphere6 -0.9580154852 -5.776934563 -1.523086377 0 1.49287159 0.2522761746 -1.895872155 0 1.839787476 -0.663765072 1.360384103 0 -108.8407531 44.52515719 -22.06354567 1


mesh: pSphereShape7 tranform: pSphere7 1.649168078 -5.373910257 -0.9939040153 0 1.419235616 0.7363544059 -1.626459293 0 2.100518672 0.2820085795 1.960571154 0 -107.4749135 34.12914776 -23.30878467 1


mesh: pSphereShape8 tranform: pSphere8 -0.6216056666 -4.251584903 0.1282297065 0 0.6004668004 -0.1116730818 -0.7918135793 0 2.054611761 -0.252329442 1.593688956 0 -105.9083072 26.40746943 -24.06279846 1


mesh: pSphereShape10 tranform: pSphere10 0.7816945468 -0.8109154792 -4.011122493 0 0.0680169719 3.446909884 -0.6835952002 0 4.977217649 0.09052184549 0.951668351 0 -107.1938432 61.65878413 -17.55137692 1


mesh: pSphereShape11 tranform: pSphere11 0.1468839909 -0.206531515 -0.9673519662 0 2.720196627 2.776055744 -0.1796550461 0 1.821531397 -1.742898029 0.6486958142 0 -106.0112679 57.35442205 -15.96106703 1


mesh: pSphereShape12 tranform: pSphere12 0.7609267576 -1.216100333 -7.040426517 0 1.626737773 3.370233648 -0.4063267977 0 5.305285779 -2.440785238 0.9949927934 0 -110.5428547 48.26240581 -14.69082931 1


mesh: pSphereShape13 tranform: pSphere13 0.701433318 -0.8201328738 -4.856167743 0 2.548949012 3.934438078 -0.2962921218 0 3.67957556 -2.314375302 0.9223470848 0 -112.110394 43.27121503 -14.21287481 1


mesh: pSphereShape14 tranform: pSphere14 0.9404682375 -0.5873345916 -4.907109237 0 2.803215001 4.716651171 -0.02729055152 0 3.639991628 -2.157800535 0.9558881166 0 -114.2007068 39.40595788 -14.01748969 1


mesh: pSphereShape15 tranform: pSphere15 0.8287476023 -0.2183098276 -3.33764778 0 2.079844425 8.374642414 -0.03133963447 0 4.015391256 -0.9932491461 1.061999995 0 -118.7295697 26.71953479 -9.856346124 1


mesh: pSphereShape16 tranform: pSphere16 0.69699747 0.007597666037 -2.166150157 0 6.454296217 4.66904953 2.093161455 0 1.021370681 -1.556784727 0.3231838973 0 -126.0806045 13.7566336 -10.64059242 1


mesh: pSphereShape17 tranform: pSphere17 1.104851318 0.06723068155 -2.298944578 0 1.857759573 1.127808559 0.9258037241 0 2.784883942 -5.552710616 1.176004938 0 -132.4884914 3.814361847 -12.36613343 1


mesh: pSphereShape18 tranform: pSphere18 0.9627999758 -0.3612950934 -2.714586462 0 -3.390550907 7.076372959 -2.144371249 0 2.807429308 1.583034474 0.7850368047 0 -111.9785611 27.04411123 -15.71300327 1


mesh: pSphereShape19 tranform: pSphere19 0.6123604308 -0.3106677401 -1.838982537 0 3.315327648 9.178714992 -0.4466356586 0 2.029694152 -0.694523395 0.7931942633 0 -110.4234452 12.16768609 -13.3325498 1


mesh: pSphereShape20 tranform: pSphere20 -0.08607303929 0.1548416903 -2.614740765 0 -0.02618481406 1.857312559 0.1108496974 0 5.943022463 0.09512590708 -0.1900014549 0 -108.4372015 2.983555161 -12.28967096 1


mesh: pSphereShape21 tranform: pSphere21 1.120825218 -0.6999698612 -5.848163246 0 -0.4845164744 3.235652833 -0.4801366907 0 5.839553214 1.022348435 0.996809625 0 -117.154234 36.57360263 -14.34098471 1


