mesh: pSphereShape1 tranform: pSphere1 -1.075246629 3.108592428 -0.5434773341 0 0.8956842115 0.01163645862 -1.705514404 0 -2.842331095 -1.245604727 -1.501204274 0 140.9630932 31.26142521 -10.07713939 1


mesh: pSphereShape2 tranform: pSphere2 -1.519238826 5.525091764 -1.400832439 0 2.063059171 -0.04991924746 -2.434329703 0 -2.156210107 -1.050740071 -1.805809983 0 138.2896777 38.74878215 -11.05746341 1


mesh: pSphereShape3 tranform: pSphere3 -2.47140708 5.937215953 -1.761849504 0 2.012007507 0.1630451737 -2.272870176 0 -1.972745559 -1.36851833 -1.844500063 0 135.0398741 48.75449804 -13.33476204 1


mesh: pSphereShape4 tranform: pSphere4 -4.02868833 -0.1373389603 0.7706251605 0 -0.1930514885 3.345435156 -0.4130227107 0 -0.7121905768 -0.5120248408 -3.814454777 0 129.8826188 54.62565048 -14.5205887 1


mesh: pSphereShape5 tranform: pSphere5 -4.233772483 -0.1466273239 0.205514234 0 -0.125159098 3.123734162 -0.3497099098 0 -0.1775994608 -0.4528913779 -3.981826198 0 123.2124872 54.83885998 -14.04054666 1


mesh: pSphereShape6 tranform: pSphere6 -2.136759014 -5.387057721 -1.739088483 0 -2.116689889 1.029550384 -0.5884641037 0 0.8050402434 0.3933379348 -2.207542165 0 119.5756448 48.44969597 -15.64885436 1


mesh: pSphereShape7 tranform: pSphere7 -2.112130292 -3.583561666 -3.909412156 0 -1.762972916 1.407104423 -0.3373440611 0 1.487931732 1.370364382 -2.060026068 0 116.5193723 40.46026408 -21.79658039 1


mesh: pSphereShape8 tranform: pSphere8 -0.03446741746 -4.031669729 -1.491060642 0 -0.9260386829 0.1378592765 -0.3513505055 0 0.9857944037 0.8317852055 -2.271846581 0 114.4804091 34.63657859 -26.79482925 1


mesh: pSphereShape10 tranform: pSphere10 -3.648754399 -0.3661275142 1.97744176 0 -0.5381940247 3.455231403 -0.353326477 0 -2.320051149 -0.8145598145 -4.431751049 0 125.0932874 64.15618265 -15.65263036 1


mesh: pSphereShape11 tranform: pSphere11 -0.938815122 -0.03679532552 0.3424503916 0 -1.087625933 2.576662271 -2.704831324 0 -0.5237753967 -1.948162225 -1.645235456 0 126.099681 59.75381973 -16.76467024 1


mesh: pSphereShape12 tranform: pSphere12 -7.134391985 -0.258996016 0.8117186433 0 -0.1630110973 3.753396737 -0.235143379 0 -0.6539722695 -0.3964230246 -5.874408012 0 127.5606441 50.45588844 -13.91146831 1


mesh: pSphereShape13 tranform: pSphere13 -4.952953985 -0.2093960344 0.413995053 0 -0.2221430862 4.68314878 -0.288968914 0 -0.3571870267 -0.2896637469 -4.419824185 0 127.5201035 45.31568942 -14.61253819 1


mesh: pSphereShape14 tranform: pSphere14 -5.013789058 0.1741162936 0.3751883371 0 0.1735022448 5.479518757 -0.2243402366 0 -0.3292351515 -0.1665415512 -4.322410487 0 127.5085759 40.92034496 -14.65099065 1


mesh: pSphereShape15 tranform: pSphere15 -2.988878885 -0.3791125257 1.672498483 0 -0.3049487471 8.511854459 1.384453137 0 -2.119963781 0.5210440868 -3.670425237 0 130.8522954 26.9326764 -16.25697772 1


mesh: pSphereShape16 tranform: pSphere16 -1.993354844 -0.158039345 1.086107605 0 -1.555898639 7.906393301 -1.70511362 0 -0.8386644445 -0.5130938427 -1.613877703 0 132.9376459 11.30073873 -17.20428219 1


mesh: pSphereShape17 tranform: pSphere17 -2.209047056 0.2139276005 1.258852119 0 0.03118303482 2.337112346 -0.3424453427 0 -3.162835126 -0.752306621 -5.422330687 0 132.6658613 0.501792499 -19.18857486 1


mesh: pSphereShape18 tranform: pSphere18 -2.845611411 0.06145912198 -0.5702771863 0 0.1156100568 8.128123726 0.2990932391 0 0.653759071 0.1103032008 -3.250288069 0 122.9031054 27.5719779 -14.21273207 1


mesh: pSphereShape19 tranform: pSphere19 -1.928271694 0.05480891788 -0.3634842091 0 0.7866993073 9.336617733 -2.765567434 0 0.3866756243 -0.6701204982 -2.152347257 0 121.7889474 11.37874691 -12.68531713 1


mesh: pSphereShape20 tranform: pSphere20 -2.501455312 -0.185294645 -0.7593688189 0 -0.1162481617 1.855850696 -0.06991281819 0 1.734327931 -0.1056142021 -5.687320789 0 123.0567191 2.009907833 -14.7631717 1


mesh: pSphereShape21 tranform: pSphere21 -5.975301441 0.2075072023 0.4471395556 0 0.2412294867 2.614371758 2.010374432 0 -0.227964612 3.675119516 -4.75191921 0 127.376735 37.03055156 -13.34625557 1


