mesh: pSphereShape1 tranform: pSphere1 2.725287646 1.903180602 -0.2560872034 0 -0.9184813823 1.435995859 0.8974813867 0 1.114195252 -1.186589319 3.038842903 0 8.850866367 41.32116644 -4.21633309 1


mesh: pSphereShape2 tranform: pSphere2 4.725138304 3.420202458 -0.8788289277 0 -1.551880072 2.474406467 1.28594209 0 1.048257505 -0.7515602133 2.711191595 0 15.61911821 45.31101309 -5.616027881 1


mesh: pSphereShape3 tranform: pSphere3 5.549343351 3.694042331 0.1460805727 0 -1.589963093 2.344937469 1.101808694 0 0.5567818937 -0.9479772877 2.821007077 0 24.38703372 51.35830981 -6.734538598 1


mesh: pSphereShape4 tranform: pSphere4 4.080641655 0.06803462351 -0.4321918124 0 -0.04070480112 3.372926704 0.1466341787 0 0.4145797716 -0.1640462446 3.888529612 0 32.13310545 55.70191673 -6.812133225 1


mesh: pSphereShape5 tranform: pSphere5 4.240681454 0.07201289701 -0.0002437078585 0 -0.05339354084 3.144470811 0.0716197083 0 0.001781083875 -0.09131204786 4.010392871 0 38.82271949 56.27311452 -6.931932846 1


mesh: pSphereShape6 tranform: pSphere6 4.365408963 -4.073855051 0.9785031075 0 1.471777778 1.764337793 0.7795013834 0 -0.7955328276 -0.3185229276 2.222997436 0 44.64444787 51.18210551 -5.852475753 1


mesh: pSphereShape7 tranform: pSphere7 3.725536661 -2.864346447 3.240741892 0 0.9891021992 1.965524444 0.6001732062 0 -1.793733633 0.2149806637 2.252076763 0 51.25825919 44.51373512 -1.008478148 1


mesh: pSphereShape8 tranform: pSphere8 2.060453038 -3.656926639 0.9274866482 0 0.7622212594 0.5253740584 0.3781545326 0 -1.136557714 -0.04389021502 2.351861886 0 56.02628064 39.61402515 3.007520525 1


mesh: pSphereShape10 tranform: pSphere10 4.11274746 0.1473833112 -0.6490919978 0 -0.05246471177 3.484242933 0.4587102464 0 0.8061671099 -0.6411764984 4.962413694 0 35.19398576 65.53633061 -5.108506233 1


mesh: pSphereShape11 tranform: pSphere11 0.9925758297 0.06390082682 -0.103488679 0 0.111011245 2.742199396 2.757943091 0 0.3077814706 -1.839213721 1.81632593 0 34.70099656 61.12922094 -4.369174705 1


mesh: pSphereShape12 tranform: pSphere12 7.181230906 0.1210997337 -0.2019222967 0 -0.06105142067 3.762821382 0.08544038213 0 0.1686827285 -0.1316879298 5.920110207 0 34.72498531 51.64908199 -7.010630718 1


mesh: pSphereShape13 tranform: pSphere13 4.969090559 0.1609387614 -0.1709664087 0 -0.1525164562 4.694815475 -0.01339616942 0 0.1522277764 0.01761734537 4.441041524 0 35.06862592 46.58141915 -6.034294568 1


mesh: pSphereShape14 tranform: pSphere14 5.026710344 0.1192723801 -0.1646836583 0 -0.1329761339 5.484556463 -0.08668986777 0 0.1403239932 0.0719261565 4.335262402 0 35.19743047 42.17674352 -5.732353413 1


mesh: pSphereShape15 tranform: pSphere15 3.445359963 0.06107384573 0.01179753081 0 -0.153693462 8.624466412 0.2373352068 0 -0.01253119119 -0.1176992035 4.268927812 0 31.09254187 28.50078912 -5.868277735 1


mesh: pSphereShape16 tranform: pSphere16 2.275229786 0.03679034066 0.006751956408 0 -0.1353440082 8.135757864 1.276876667 0 -0.0008021479349 -0.293018336 1.866913012 0 30.52332636 12.34345247 -6.605259768 1


mesh: pSphereShape17 tranform: pSphere17 2.507977363 -0.006111867963 0.469440906 0 0.009702686308 2.362159331 -0.02108233762 0 -1.163001564 0.06023804499 6.214093667 0 29.51981249 1.848961803 -3.529746941 1


mesh: pSphereShape18 tranform: pSphere18 2.894675199 0.217342922 -0.01073041297 0 -0.6087487652 8.064484237 -0.8733479808 0 -0.01450914993 0.3560659349 3.298021647 0 39.72916991 28.16398079 -5.366641192 1


mesh: pSphereShape19 tranform: pSphere19 1.956160689 0.1609277403 -0.02990209548 0 -0.753783669 9.533503013 1.995950952 0 0.0723078984 -0.4629729769 2.238661615 0 41.40892941 11.92673891 -5.748422884 1


mesh: pSphereShape20 tranform: pSphere20 2.603375906 0.06994086447 -0.2929094694 0 -0.04328613179 1.859354466 0.05924965898 0 0.6691894603 -0.1726368072 5.906525839 0 42.04228005 2.326381362 -2.529380151 1


mesh: pSphereShape21 tranform: pSphere21 5.990700689 0.142145674 -0.1962656365 0 -0.1301004259 2.500066711 -2.160434454 0 0.05566467584 3.932123778 4.546923303 0 35.35006883 38.21960222 -6.813067372 1


