mesh: pSphereShape1 tranform: pSphere1 3.036187627 1.351585895 -0.2639130016 0 -0.7292024868 1.725699231 0.4487659654 0 0.5700202298 -0.6280492852 3.3413504 0 7.093412442 45.72101987 -4.577711549 1


mesh: pSphereShape2 tranform: pSphere2 5.361326404 2.223202918 -1.053852505 0 -1.077170001 2.924063105 0.6886406377 0 0.7356279694 -0.4077792515 2.882154401 0 14.5683494 48.08430462 -5.985422782 1


mesh: pSphereShape3 tranform: pSphere3 6.062842888 2.763644833 0.2582697383 0 -1.25987703 2.713586131 0.5383836477 0 0.1175623878 -0.536160922 2.977491981 0 24.33111075 52.22396404 -7.139732712 1


mesh: pSphereShape4 tranform: pSphere4 4.098131217 0.02778959464 -0.2181812385 0 -0.01975125189 3.375784973 0.05898066277 0 0.2085068078 -0.06705720992 3.90787389 0 32.5563013 55.77177966 -7.021891028 1


mesh: pSphereShape5 tranform: pSphere5 4.24114557 0.03044001917 -0.01796572781 0 -0.02243309714 3.145478413 0.03375274487 0 0.01729956126 -0.04291867693 4.01116576 0 39.26908103 56.27770534 -7.023100255 1


mesh: pSphereShape6 tranform: pSphere6 5.251562845 -2.999238263 0.1903056703 0 1.169150136 2.076167219 0.4574469598 0 -0.2867787093 -0.3537576309 2.338516719 0 45.95900586 52.21046326 -6.694824036 1


mesh: pSphereShape7 tranform: pSphere7 4.69425415 -1.736584052 2.744952786 0 0.6035276157 2.17263423 0.3423920234 0 -1.454341953 0.01095010839 2.494056206 0 54.53751616 47.46266611 -2.888118899 1


mesh: pSphereShape8 tranform: pSphere8 2.961603913 -2.980011816 0.9095287154 0 0.6687484551 0.7205497275 0.1832582711 0 -0.73017401 0.03981105042 2.508028133 0 60.82066383 44.13506136 0.5977905269 1


mesh: pSphereShape10 tranform: pSphere10 4.144561713 0.07301896464 -0.4183424107 0 -0.03199670612 3.502211288 0.2942936597 0 0.5145362789 -0.4175277031 5.024687594 0 35.6698665 65.65710227 -5.611858518 1


mesh: pSphereShape11 tranform: pSphere11 0.9967096843 0.04296991366 -0.06872693608 0 0.05633303595 2.878751129 2.616839629 0 0.207604395 -1.747649614 1.918097409 0 35.13161428 61.30682836 -4.704856046 1


mesh: pSphereShape12 tranform: pSphere12 7.183486123 0.04939101394 -0.143536526 0 -0.02513623836 3.764018425 0.03722304835 0 0.1187375269 -0.0577757719 5.922504859 0 35.12417734 51.69360082 -7.026150846 1


mesh: pSphereShape13 tranform: pSphere13 4.97295371 0.06077816252 -0.114145484 0 -0.05824154618 4.696808165 -0.03652481942 0 0.101529495 0.0358052467 4.442380356 0 35.38322483 46.62496055 -6.000696778 1


mesh: pSphereShape14 tranform: pSphere14 5.029374348 0.04175690964 -0.1131968381 0 -0.0473881423 5.486039592 -0.08173945407 0 0.09705991333 0.06545097885 4.3365493 0 35.4335868 42.21383077 -5.692109993 1


mesh: pSphereShape15 tranform: pSphere15 3.445719478 0.03726738353 0.001700397686 0 -0.09339355337 8.626558839 0.1874321422 0 -0.001103500398 -0.09277811955 4.269560375 0 31.27597416 28.52481665 -5.794932416 1


mesh: pSphereShape16 tranform: pSphere16 2.275406831 0.02433870488 0.001040119065 0 -0.08757933535 8.131957753 1.304944833 0 0.002349556102 -0.2993977467 1.865899261 0 30.60337396 12.37826534 -6.500334219 1


mesh: pSphereShape17 tranform: pSphere17 2.506944169 -0.00394183333 0.4749504875 0 0.005445452558 2.362249387 -0.009137483345 0 -1.176794928 0.02674051621 6.211730838 0 29.53882369 1.865073789 -3.464595617 1


mesh: pSphereShape18 tranform: pSphere18 2.896472927 0.1882790371 -0.03864174404 0 -0.5348038319 8.088647488 -0.6760062436 0 0.02602884817 0.2779728711 3.305449112 0 39.89291252 28.19040502 -5.490471788 1


mesh: pSphereShape19 tranform: pSphere19 1.956857527 0.1480016869 -0.04648261562 0 -0.6814512939 9.576926365 1.804936359 0 0.08495228586 -0.4174691171 2.247149501 0 41.43709931 11.88416899 -5.951981723 1


mesh: pSphereShape20 tranform: pSphere20 2.60293279 0.04792843066 -0.3011603273 0 -0.03117859675 1.860350533 0.02659012145 0 0.6847638147 -0.07295017975 5.906813209 0 42.01554743 2.335290208 -2.543515261 1


mesh: pSphereShape21 tranform: pSphere21 5.993875578 0.04976478257 -0.1349050033 0 -0.06937691877 2.503919277 -2.158775534 0 0.06984897202 3.926284085 4.551771292 0 35.53615894 38.25587699 -6.775756253 1


