mesh: pSphereShape1 tranform: pSphere1 0.6532488465 3.077794505 -1.102414052 0 1.841873802 -0.2021417091 0.5270717423 0 0.7511174413 -1.27468805 -3.113676995 0 95.39159252 30.90073789 18.0785749 1


mesh: pSphereShape2 tranform: pSphere2 1.645541855 5.4188833 -1.650743139 0 2.758067997 -0.3609694117 1.564425833 0 1.256993324 -1.136680456 -2.478340521 0 96.61401605 38.3536645 15.40940165 1


mesh: pSphereShape3 tranform: pSphere3 1.748594373 5.868699983 -2.638802404 0 2.62238625 -0.09126162408 1.534750288 0 1.309387275 -1.434475323 -2.322613497 0 99.14901301 48.24558585 11.98523559 1


mesh: pSphereShape4 tranform: pSphere4 -1.472101533 0.07458596748 -3.830196966 0 0.4066019503 3.350549472 -0.09102805515 0 3.623013845 -0.4777501244 -1.401775872 0 99.7955283 54.23365392 6.84014785 1


mesh: pSphereShape5 tranform: pSphere5 -1.043663546 0.07488838922 -4.11019747 0 0.3490002384 3.126159539 -0.03165925118 0 3.862532741 -0.4412218855 -0.9888155117 0 98.05107424 54.79626902 0.3947299753 1


mesh: pSphereShape6 tranform: pSphere6 1.727908994 -5.099655237 -2.760145955 0 0.1437837616 1.19034585 -2.109275484 0 2.278863527 0.5270739965 0.4527924029 0 99.31671317 48.78516438 -3.848414182 1


mesh: pSphereShape7 tranform: pSphere7 4.072047152 -2.755248413 -2.900612033 0 -0.1363376455 1.552037295 -1.665655924 0 2.015995541 1.591767314 1.318175092 0 105.7028269 41.87736011 -8.34323897 1


mesh: pSphereShape8 tranform: pSphere8 2.121676191 -3.703411669 -0.511901159 0 0.2123749007 0.2521654579 -0.9440918829 0 2.203300971 1.151253603 0.803133922 0 111.2404043 37.11088664 -11.44269075 1


mesh: pSphereShape10 tranform: pSphere10 -2.301063316 0.1475190907 -3.470025889 0 0.2564804377 3.505266131 -0.02106152998 0 4.208826027 -0.3248126252 -2.804789228 0 100.1319219 64.18856178 3.490807633 1


mesh: pSphereShape11 tranform: pSphere11 -0.4692291799 0.08924620278 -0.8785551161 0 2.499405518 2.790271969 -1.051468265 0 1.577352137 -1.799263565 -1.02522548 0 101.3448945 59.71964424 3.571988908 1


mesh: pSphereShape12 tranform: pSphere12 -2.418776835 0.1081586996 -6.764860339 0 0.2234367672 3.757597048 -0.01981221483 0 5.567124273 -0.3415600871 -1.995987093 0 98.75016207 50.19191025 4.449950929 1


mesh: pSphereShape13 tranform: pSphere13 -1.699859255 -0.1839813022 -4.671575877 0 0.07327914658 4.691977465 -0.2114490667 0 4.1756312 -0.1334513579 -1.514142759 0 99.46227675 45.08572638 4.037251122 1


mesh: pSphereShape14 tranform: pSphere14 -1.854691214 -0.118811381 -4.674951107 0 0.0558902937 5.48418954 -0.1615510735 0 4.032318094 -0.08815252937 -1.597499363 0 99.6350401 40.67146224 4.0783119 1


mesh: pSphereShape15 tranform: pSphere15 -2.127937559 0.1512069713 -2.706176762 0 -2.132535037 8.085940714 2.128668048 0 3.188916679 1.479384612 -2.424868323 0 103.2220579 27.66392804 5.475665307 1


mesh: pSphereShape16 tranform: pSphere16 -1.404843661 0.1442897041 -1.78428262 0 -0.2929793698 8.182731396 0.8923889545 0 1.485112182 0.1791145482 -1.154809235 0 106.7165671 12.2495515 2.769226655 1


mesh: pSphereShape17 tranform: pSphere17 -1.363460763 0.3172641801 -2.133232467 0 0.1882490067 2.343673012 0.2282420551 0 5.320114184 -0.09480081138 -3.414463243 0 110.9984582 1.608208447 -0.5975797906 1


mesh: pSphereShape18 tranform: pSphere18 -1.161970482 -0.2221393589 -2.650844451 0 0.6077459597 8.056880569 -0.9415615273 0 3.029745561 -0.3800204448 -1.296212386 0 96.76848763 26.86663976 1.546182938 1


mesh: pSphereShape19 tranform: pSphere19 -0.8289893301 -0.1672019029 -1.771489974 0 5.752505205 7.142665286 -3.366111437 0 1.576213461 -1.548185488 -0.5914820837 0 91.69102577 12.36140495 4.707631916 1


mesh: pSphereShape20 tranform: pSphere20 -0.8463889111 -0.3796029044 -2.451077566 0 0.7487387684 1.625301662 -0.5102626859 0 5.09414701 -2.764596108 -1.330917012 0 90.57137718 2.904434064 7.353829802 1


mesh: pSphereShape21 tranform: pSphere21 -2.210372027 -0.1415962674 -5.571483315 0 -1.946357514 2.578191035 0.7066541802 0 4.325164318 3.761721282 -1.811522595 0 98.49994163 36.75222377 4.527009684 1


