mesh: pSphereShape1 tranform: pSphere1 -0.4423870989 3.141558943 1.024583268 0 0.1632389262 0.6159109725 -1.818013125 0 -3.404322716 -0.3419185024 -0.4215092462 0 143.7764565 30.29260051 -28.57606611 1


mesh: pSphereShape2 tranform: pSphere2 -0.878637595 5.692471784 1.273113545 0 -0.08611901074 0.683613349 -3.116074852 0 -2.967775778 -0.4541401064 -0.01761007922 0 142.7513854 37.75125641 -25.83818359 1


mesh: pSphereShape3 tranform: pSphere3 -2.247307859 6.199497397 0.989110367 0 0.09610008999 0.5126426029 -2.994771962 0 -2.848922061 -0.991076531 -0.2610715369 0 140.5142639 47.97372942 -23.68326301 1


mesh: pSphereShape4 tranform: pSphere4 -2.685747559 0.5696975096 3.050452357 0 -0.3280291917 3.239342232 -0.8937850798 0 -2.934980602 -0.9606925889 -2.40466395 0 136.4004511 54.55350729 -20.98699268 1


mesh: pSphereShape5 tranform: pSphere5 -3.237279744 0.5239546113 2.689620147 0 -0.2426835413 3.010782704 -0.8786177469 0 -2.573130532 -1.051432323 -2.892245042 0 131.4322158 55.81947685 -16.71048816 1


mesh: pSphereShape6 tranform: pSphere6 -1.985381905 -5.174936321 2.42669559 0 -2.126753207 1.052807944 0.5051299961 0 -0.8388432896 -0.6748102887 -2.125328197 0 128.2592445 49.85091401 -13.12407357 1


mesh: pSphereShape7 tranform: pSphere7 -3.255764009 -4.601137363 0.9033535744 0 -1.823306601 1.343242769 0.2703132985 0 -0.5448865345 -0.1700881185 -2.830144073 0 123.4345618 40.52199494 -11.31090944 1


mesh: pSphereShape8 tranform: pSphere8 0.04436431129 -4.01843063 1.526125069 0 -0.9859203849 0.04974528147 0.1596446101 0 -0.4360106598 -0.918721751 -2.406405861 0 120.2162038 33.3847454 -9.960090384 1


mesh: pSphereShape10 tranform: pSphere10 -2.049286017 0.3381072644 3.611626259 0 -0.4442091916 3.438942897 -0.5739916348 0 -4.365957965 -0.9623992241 -2.387207818 0 132.3891653 64.49089188 -20.89780485 1


mesh: pSphereShape11 tranform: pSphere11 -0.6034660827 0.1254524249 0.7874581742 0 -2.303758934 2.299229774 -2.131775865 0 -1.390293663 -2.074463002 -0.7349579646 0 132.3402308 59.81645648 -21.63333049 1


mesh: pSphereShape12 tranform: pSphere12 -5.402660224 0.8871177502 4.652934524 0 -0.1137864078 3.669484908 -0.8317362892 0 -3.901255304 -1.100181142 -4.320105201 0 134.8061938 50.899778 -18.29280427 1


mesh: pSphereShape13 tranform: pSphere13 -3.74813087 0.7604019345 3.181241213 0 -0.1583715994 4.520412307 -1.267092771 0 -2.917909999 -0.9989506628 -3.199098668 0 134.1437084 45.76837845 -17.68490969 1


mesh: pSphereShape14 tranform: pSphere14 -3.843329243 0.7735534983 3.152712929 0 -0.1154362777 5.293394296 -1.439516822 0 -2.797765942 -0.9266861468 -3.183256636 0 134.1044604 41.46226439 -16.71178429 1


mesh: pSphereShape15 tranform: pSphere15 -2.706937784 0.01309664498 2.132297067 0 0.6541514827 8.569041267 0.7778098556 0 -2.622723788 0.5027169942 -3.332619143 0 136.8188311 27.88314054 -19.21109862 1


mesh: pSphereShape16 tranform: pSphere16 -1.793913318 0.06036188374 1.398678359 0 -0.6567448322 8.123114373 -1.192890257 0 -1.152837527 -0.3083861198 -1.465294585 0 136.9757267 11.90173993 -20.01711024 1


mesh: pSphereShape17 tranform: pSphere17 -2.257027712 -0.04905178374 1.189025819 0 -0.08295953748 2.360050702 -0.0601141517 0 -2.940334033 -0.2457823167 -5.591528252 0 135.8746143 1.203734726 -22.8803678 1


mesh: pSphereShape18 tranform: pSphere18 -2.765008632 0.2955044611 0.8330077885 0 1.385768913 7.803477711 1.83155614 0 -0.8371533788 0.8736086344 -3.088676484 0 129.780715 28.33730106 -15.27561454 1


mesh: pSphereShape19 tranform: pSphere19 -1.861324841 0.1646046806 0.601441311 0 -0.3644726135 9.070392196 -3.610378769 0 -0.7215091939 -0.8276202384 -2.00640162 0 128.0590375 12.78747051 -14.61001026 1


mesh: pSphereShape20 tranform: pSphere20 -2.503014497 0.06315012184 0.7740699433 0 -0.1336048744 1.764369695 -0.5759622919 0 -1.709802514 -1.884114383 -5.375067799 0 127.5335225 2.279770778 -15.82141743 1


mesh: pSphereShape21 tranform: pSphere21 -4.580378332 0.9219006383 3.75732004 0 1.315017075 2.900119514 0.8915007633 0 -3.054843821 2.736329917 -4.39541071 0 134.8511764 37.91727709 -14.78158 1


