mesh: pSphereShape1 tranform: pSphere1 3.057498103 1.329080683 -0.01094078366 0 -0.761321513 1.749182834 -0.2681677912 0 -0.1810353572 0.4445660762 3.41373383 0 23.47378089 50.84505338 -8.174968316 1


mesh: pSphereShape2 tranform: pSphere2 5.728214769 0.614670672 -1.267593252 0 -0.424442595 3.138058613 -0.3963619593 0 0.5955411808 0.4479085788 2.908428274 0 31.12349245 51.72229375 -9.277987275 1


mesh: pSphereShape3 tranform: pSphere3 6.554394104 1.196609441 -0.2656006116 0 -0.5580703158 2.946770794 -0.4957783588 0 0.02829200214 0.5075161193 2.984690084 0 41.60271089 52.99634124 -10.99682799 1


mesh: pSphereShape4 tranform: pSphere4 4.082319325 0.2512705649 0.3385067481 0 -0.2202165495 3.365480726 0.157598137 0 -0.3106078863 -0.2027837293 3.89638956 0 50.1507428 55.36079759 -10.86774626 1


mesh: pSphereShape5 tranform: pSphere5 4.223771137 0.2615159089 0.2827223404 0 -0.2125614462 3.125637491 0.284402612 0 -0.2433292577 -0.3792391918 3.986045729 0 56.80236647 56.21128894 -10.14871704 1


mesh: pSphereShape6 tranform: pSphere6 6.008631515 -0.01878945782 -0.7117253653 0 0.006868353102 2.426222599 -0.006066952899 0 0.2802578755 0.005122730851 2.365898606 0 64.28968852 55.14949786 -10.68907737 1


mesh: pSphereShape7 tranform: pSphere7 5.648785815 0.7877699461 0.2390592276 0 -0.3193815082 2.255363969 0.1146568627 0 -0.09953237643 -0.1605546965 2.880948156 0 74.99162381 55.45296149 -9.908749875 1


mesh: pSphereShape8 tranform: pSphere8 3.822517447 -0.9456241109 -1.724229118 0 0.20328318 0.9754825244 -0.08431959019 0 1.070636473 -0.01713421491 2.382936861 0 82.86483133 55.79545521 -10.50545429 1


mesh: pSphereShape10 tranform: pSphere10 4.143916013 0.3811978384 -0.2009532763 0 -0.2936081161 3.464100822 0.5166393561 0 0.3091013485 -0.7205761254 5.007173732 0 52.46692316 65.23157609 -8.137386952 1


mesh: pSphereShape11 tranform: pSphere11 0.9926275161 0.1208223066 0.009622086147 0 -0.3291182421 2.465646143 2.991738859 0 0.2259707411 -1.98901138 1.66410558 0 52.15014696 60.60250319 -7.454350897 1


mesh: pSphereShape12 tranform: pSphere12 7.15601038 0.4345960212 0.477657648 0 -0.23605988 3.754957867 0.1200801517 0 -0.3814139081 -0.2129057392 5.907850287 0 52.92961904 51.42745574 -10.62788338 1


mesh: pSphereShape13 tranform: pSphere13 4.946842246 0.3163841312 0.419099808 0 -0.3433377604 4.653573852 0.539539301 0 -0.3384212167 -0.5349193497 4.398370818 0 53.37979774 46.25975471 -9.938113784 1


mesh: pSphereShape14 tranform: pSphere14 4.991809108 0.3387873285 0.5255744212 0 -0.4381453217 5.42914738 0.6617739679 0 -0.4132065803 -0.5553583087 4.282546177 0 53.67955511 41.84342784 -10.20961206 1


mesh: pSphereShape15 tranform: pSphere15 3.438441298 -0.102951762 0.2022296936 0 0.3203423052 8.553714677 -1.092115652 0 -0.2322880327 0.5486222581 4.228807241 0 49.42521165 28.37259547 -9.662027854 1


mesh: pSphereShape16 tranform: pSphere16 2.270865054 -0.01340608262 0.1451271215 0 -0.03618357961 8.130369532 1.317220586 0 -0.1207519891 -0.3021312053 1.861547817 0 48.23812006 12.43662104 -9.073847486 1


mesh: pSphereShape17 tranform: pSphere17 2.463046149 0.02185309044 0.6657992794 0 -0.04110096726 2.360738517 0.074563233 0 -1.646953717 -0.2213397872 6.099976518 0 46.80306306 1.752888811 -6.20074072 1


mesh: pSphereShape18 tranform: pSphere18 2.791793765 0.2626753967 0.7505909715 0 -0.04374638449 7.727115666 -2.541453816 0 -0.9085685475 0.9921414591 3.032177233 0 57.80291152 28.50785866 -7.349896782 1


mesh: pSphereShape19 tranform: pSphere19 1.904531316 0.119305167 0.4603077861 0 -1.6142945 8.537252239 4.466437865 0 -0.4051330934 -1.103153467 1.962166619 0 59.44447218 13.45308009 -7.640722358 1


mesh: pSphereShape20 tranform: pSphere20 2.586815266 0.4081144556 -0.1004149305 0 -0.2558724965 1.758036072 0.5535536811 0 0.4907603517 -1.714838881 5.673019247 0 60.67083608 3.391225599 -7.124171114 1


mesh: pSphereShape21 tranform: pSphere21 5.949106316 0.4037577945 0.6263657206 0 -0.000435503815 2.781256441 -1.78867245 0 -0.7472079939 3.226442315 5.017066642 0 54.19633994 38.09513959 -11.80130204 1


