mesh: pSphereShape1 tranform: pSphere1 0.3286238551 3.174726825 0.9633201745 0 -1.044226754 0.568075461 -1.515930655 0 -2.876940479 -0.2725379348 1.879608474 0 -88.31350545 34.94259214 -21.99192953 1


mesh: pSphereShape2 tranform: pSphere2 0.03596471425 5.715353262 1.4596235 0 -2.434591296 0.5249343207 -1.995463695 0 -1.941090718 -0.5552983965 2.22217392 0 -87.36945925 42.49694696 -19.4944871 1


mesh: pSphereShape3 tranform: pSphere3 -0.8286120678 6.189886005 2.336923873 0 -2.221866051 0.4658164512 -2.021638706 0 -2.031750612 -1.0257845 1.996623038 0 -87.59524721 52.76048164 -16.42907394 1


mesh: pSphereShape4 tranform: pSphere4 -0.4098826412 -0.07891950753 4.082746957 0 -0.2157984485 3.369174255 0.04346131093 0 -3.886394565 -0.2438329711 -0.3948833625 0 -88.92461137 58.89814047 -11.47905238 1


mesh: pSphereShape5 tranform: pSphere5 -0.6739323171 -0.06243505782 4.186941868 0 -0.2176439607 3.138179353 0.01176398244 0 -3.950730994 -0.2715983208 -0.6399617272 0 -90.0307025 59.23599747 -4.857473111 1


mesh: pSphereShape6 tranform: pSphere6 -2.387091707 -5.132048377 2.138792034 0 -1.184763021 1.260161427 1.701461091 0 -1.85449661 0.2479080255 -1.474934191 0 -92.6454302 53.11229233 -1.256466956 1


mesh: pSphereShape7 tranform: pSphere7 -5.635536075 -0.8188550367 -0.3958807445 0 -0.3511014752 1.702577831 1.476405723 0 -0.1186258317 1.875886806 -2.191466035 0 -100.5376365 47.92868574 -0.8184778277 1


mesh: pSphereShape8 tranform: pSphere8 -3.586940814 -2.002017218 -1.266725426 0 -0.5346769475 0.5544512756 0.637733757 0 -0.3490915997 1.801806941 -1.859185554 0 -108.1161938 46.33788336 -2.132745696 1


mesh: pSphereShape10 tranform: pSphere10 -0.432008408 -0.006998030554 4.143797015 0 0.2199757746 3.507690747 0.02885718359 0 -5.030880669 0.3198091537 -0.5239505475 0 -89.61533144 68.86626058 -8.272841795 1


mesh: pSphereShape11 tranform: pSphere11 -0.1149755121 0.0007616820512 0.9933680342 0 -2.32838636 3.105307015 -0.2718757413 0 -2.063993282 -1.568410478 -0.2376904091 0 -91.11302429 64.57845808 -9.05846098 1


mesh: pSphereShape12 tranform: pSphere12 -0.9125434911 -0.1485735464 7.125356508 0 0.05320950673 3.762944146 0.08527712895 0 -5.875408019 0.1000858486 -0.7503758204 0 -89.33893167 54.76575061 -9.056410799 1


mesh: pSphereShape13 tranform: pSphere13 -0.6734941884 -0.2284770214 4.923534869 0 -0.09982136459 4.691814623 0.2040693826 0 -4.401758759 -0.06732528215 -0.6052442609 0 -90.38354432 49.6657564 -9.174971566 1


mesh: pSphereShape14 tranform: pSphere14 -0.6103603133 -0.07143532904 4.993147382 0 -0.0428541705 5.486196791 0.07325074949 0 -4.305949785 -0.02660202468 -0.526738144 0 -90.57949404 45.25454341 -9.307006444 1


mesh: pSphereShape15 tranform: pSphere15 -0.03511384011 -0.04176643353 3.445489378 0 3.616782421 7.833446224 0.1318170456 0 -3.877101446 1.790397165 -0.01780920193 0 -94.32721168 32.60066785 -13.41153205 1


mesh: pSphereShape16 tranform: pSphere16 -0.03423808047 0.1439479605 2.270721568 0 -1.439534503 8.092041823 -0.5346845833 0 -1.86046428 -0.3314327398 -0.007041664203 0 -97.4807145 17.63672027 -13.94282745 1


mesh: pSphereShape17 tranform: pSphere17 -0.79152404 0.1434788961 2.421418194 0 -0.4897065498 2.291937045 -0.2958840838 0 -5.865737963 -1.489443424 -1.829163142 0 -99.8211219 6.113061891 -14.79207327 1


mesh: pSphereShape18 tranform: pSphere18 -0.1007911146 -0.315915856 2.883840481 0 0.8220173795 8.04151949 0.909653491 0 -3.298227264 0.3459035801 -0.07738138707 0 -91.7639986 31.51615168 -6.146893692 1


mesh: pSphereShape19 tranform: pSphere19 -0.03343660478 -0.2273181022 1.94950378 0 -3.982557191 8.868271139 0.9657613354 0 -2.088135701 -0.9221290162 -0.1433373912 0 -89.83133852 15.73566445 -7.480454046 1


mesh: pSphereShape20 tranform: pSphere20 0.4917639123 0.01503792676 2.574139837 0 -0.8214402439 1.663174023 0.1472118855 0 -5.218031575 -2.666794429 1.012432442 0 -90.47914076 4.841101478 -8.281112514 1


mesh: pSphereShape21 tranform: pSphere21 -0.7274113086 -0.08513473933 5.950701236 0 2.086215802 2.54901475 0.2914860962 0 -4.606837695 3.828553235 -0.5083641128 0 -89.42790766 41.31856456 -9.127764434 1


