mesh: pSphereShape1 tranform: pSphere1 0.7098896403 3.16553326 0.7683265495 0 -1.457519937 0.596191313 -1.10966506 0 -2.131309533 -0.1782616009 2.703651963 0 85.45141692 30.64000574 -28.77085063 1


mesh: pSphereShape2 tranform: pSphere2 0.5939207019 5.740870306 1.219312698 0 -2.790366117 0.5925803259 -1.43086396 0 -1.425309393 -0.407087115 2.610942288 0 87.28914636 38.18452916 -26.7913781 1


mesh: pSphereShape3 tranform: pSphere3 -0.2508721437 6.265963328 2.266553914 0 -2.593479032 0.4465512702 -1.521563421 0 -1.575266607 -0.9350420638 2.410597312 0 87.98417168 48.50573665 -24.08950692 1


mesh: pSphereShape4 tranform: pSphere4 1.112651848 0.2764658998 3.940637925 0 -0.5702502985 3.327065498 -0.0724070857 0 -3.708968563 -0.6119819626 1.090174472 0 88.2178585 54.9451166 -19.24064549 1


mesh: pSphereShape5 tranform: pSphere5 0.6856894678 0.2793445149 4.17616591 0 -0.5343677477 3.097717762 -0.1194684645 0 -3.899572509 -0.6463300505 0.6835084177 0 89.34935636 55.8194123 -12.69548525 1


mesh: pSphereShape6 tranform: pSphere6 -0.09410659733 -5.455014678 2.616202884 0 -0.5486044849 1.029705708 2.127293904 0 -2.320446949 -0.2004365987 -0.5013961123 0 89.56597627 49.48872017 -8.502979572 1


mesh: pSphereShape7 tranform: pSphere7 -2.012051158 -4.496453045 2.884453526 0 -0.5095911804 1.357417044 1.760554791 0 -2.623712096 0.4595696227 -1.113767201 0 86.54236296 40.25896421 -4.145788023 1


mesh: pSphereShape8 tranform: pSphere8 0.3680205223 -4.255782327 0.4813401388 0 -0.3844906228 0.07085133781 0.9204059153 0 -2.401243211 -0.3183297562 -0.9785915034 0 84.36443286 33.20023253 -1.224424444 1


mesh: pSphereShape10 tranform: pSphere10 2.372846336 0.1329814183 3.421936607 0 -0.1115478651 3.512431493 -0.05914843013 0 -4.162767458 -0.08353774868 2.889801189 0 88.00199455 65.09306438 -16.02688609 1


mesh: pSphereShape11 tranform: pSphere11 0.4376672608 0.09471253853 0.8941347236 0 -2.468291925 2.868433487 0.9043535916 0 -1.658672371 -1.741420996 0.9963610325 0 86.53092125 60.63339178 -16.1013801 1


mesh: pSphereShape12 tranform: pSphere12 1.374228868 0.4595681005 7.037457443 0 -0.3642603852 3.742611737 -0.1732739188 0 -5.786288719 -0.5093151783 1.163168669 0 89.19255727 51.04298758 -16.60260191 1


mesh: pSphereShape13 tranform: pSphere13 0.9716525175 0.4681324862 4.856308798 0 -0.7106277376 4.633255081 -0.3044481007 0 -4.305934418 -0.6000134051 0.919372711 0 88.83945571 45.88418478 -15.92617377 1


mesh: pSphereShape14 tranform: pSphere14 0.9598036415 0.3967327646 4.922453004 0 -0.7511733387 5.427396895 -0.2909621011 0 -4.216827623 -0.537225526 0.8655159273 0 89.21945563 41.49298588 -15.62545307 1


mesh: pSphereShape15 tranform: pSphere15 0.7478153464 0.2408938761 3.355162711 0 0.259772444 8.598715004 -0.6752696669 0 -4.16681091 0.197700895 0.9145250091 0 88.47164183 28.01671817 -19.05648448 1


mesh: pSphereShape16 tranform: pSphere16 0.4729719768 0.2226340673 2.214678595 0 -2.342266816 7.890957298 -0.2930309406 0 -1.768652954 -0.5090609906 0.4288918513 0 89.41976508 12.1042373 -18.78202131 1


mesh: pSphereShape17 tranform: pSphere17 0.2645777291 0.05655276888 2.537156475 0 -0.1540702654 2.356961526 -0.03646962274 0 -6.274659352 -0.3999005537 0.6632427373 0 87.53222595 1.527837169 -18.25468502 1


mesh: pSphereShape18 tranform: pSphere18 0.4375219878 0.2110843122 2.861907672 0 3.914428708 7.042503519 -1.117859487 0 -2.864574881 1.642497597 0.3167848598 0 86.30226356 28.74615523 -10.63978777 1


mesh: pSphereShape19 tranform: pSphere19 0.3367915716 0.06523682619 1.932788687 0 -3.484612447 9.12181875 0.2993134231 0 -2.10039129 -0.8152797161 0.3935144849 0 84.49187667 14.03932927 -9.179939866 1


mesh: pSphereShape20 tranform: pSphere20 1.08902999 0.3158510955 2.362732645 0 -0.5456848633 1.778938834 0.01370760327 0 -5.120230478 -1.590440744 2.572625815 0 83.22700571 3.632074768 -7.973015476 1


mesh: pSphereShape21 tranform: pSphere21 1.143868642 0.4728156355 5.866449543 0 1.71520472 2.771578594 -0.557818586 0 -5.010063932 3.244484699 0.7153921468 0 90.88587152 37.74227099 -15.55193961 1


