mesh: pSphereShape1 tranform: pSphere1 0.3813890316 3.163057502 -0.9820791488 0 0.4212881544 0.510885374 1.809054289 0 3.340677401 -0.5924090032 -0.6106697449 0 -147.123022 32.77977641 -16.4843582 1


mesh: pSphereShape2 tranform: pSphere2 1.092735883 5.689126472 -1.112126523 0 0.9951999886 0.3965011961 3.006165325 0 2.797912789 -0.7004158845 -0.8338753091 0 -146.182117 40.33210948 -18.99443636 1


mesh: pSphereShape3 tranform: pSphere3 2.285070905 6.105333275 -1.402090033 0 0.8035146739 0.3672347066 2.908642228 0 2.729425236 -1.161047564 -0.607416151 0 -143.766299 50.53154528 -21.23471975 1


mesh: pSphereShape4 tranform: pSphere4 2.070211177 -0.4506102598 -3.514858584 0 0.8381993095 3.269811224 0.07449491582 0 3.23685229 -0.875742678 2.01874023 0 -139.8802218 56.21604829 -24.86965937 1


mesh: pSphereShape5 tranform: pSphere5 2.617897753 -0.5144891359 -3.297040702 0 0.7154271647 3.061975772 0.0902512055 0 3.021359748 -0.7802361123 2.520755626 0 -135.8163664 55.85393864 -30.17104449 1


mesh: pSphereShape6 tranform: pSphere6 1.42686774 -5.734169254 -1.301503034 0 1.935356913 0.7647321613 -1.247484838 0 1.322417411 -0.1199107808 1.978100232 0 -133.5785058 48.96396432 -32.63444171 1


mesh: pSphereShape7 tranform: pSphere7 3.225872184 -4.708377532 -0.1069656583 0 1.659155029 1.160593592 -1.049783063 0 1.123607137 0.7116056342 2.562551698 0 -129.0009328 39.39161864 -32.66594283 1


mesh: pSphereShape8 tranform: pSphere8 -0.1454576273 -4.295888768 0.05470302731 0 0.8717624016 -0.03573967745 -0.4886235674 0 1.27686297 -0.01421242413 2.279114539 0 -125.733248 32.15210405 -32.43931025 1


mesh: pSphereShape10 tranform: pSphere10 2.482839771 -0.3753627861 -3.324506488 0 0.2101850882 3.500311463 -0.2382401026 0 4.058605055 -0.03712053682 3.035277492 0 -136.7619815 65.81104126 -27.67734258 1


mesh: pSphereShape11 tranform: pSphere11 0.5763458746 -0.09300088186 -0.8118967107 0 2.245064009 2.917448079 1.259529842 0 1.506405758 -1.705220512 1.264690129 0 -136.295449 61.49140082 -26.18097832 1


mesh: pSphereShape12 tranform: pSphere12 3.810299886 -0.8323352366 -6.034430207 0 0.7096710471 3.69626962 -0.06172512166 0 4.8966333 -0.8864629263 3.214135381 0 -139.2784574 51.90696942 -26.91892684 1


mesh: pSphereShape13 tranform: pSphere13 2.642892052 -0.842137309 -4.129517906 0 1.090016913 4.563148821 -0.232957177 0 3.620718543 -0.7389017911 2.467945473 0 -139.3901716 46.74139337 -26.33824243 1


mesh: pSphereShape14 tranform: pSphere14 2.650847029 -0.6591749857 -4.224649318 0 1.043904459 5.383456983 -0.1849642625 0 3.593470961 -0.6160361223 2.350921147 0 -140.0841598 42.40752721 -26.03371153 1


mesh: pSphereShape15 tranform: pSphere15 1.166069769 -0.3265797435 -3.226143431 0 -1.922533095 8.271492501 -1.532203923 0 3.904367217 1.147383339 1.295060964 0 -140.6520938 29.56779951 -21.09513224 1


mesh: pSphereShape16 tranform: pSphere16 0.7838336333 -0.1178779759 -2.133021171 0 1.17293905 8.152491735 -0.01950761094 0 1.753585532 -0.2507218668 0.6582559627 0 -139.3420249 14.05752904 -18.47412868 1


mesh: pSphereShape17 tranform: pSphere17 0.9799370595 0.08050062404 -2.354486267 0 0.2072647793 2.347264071 0.1665172851 0 5.810999851 -0.6830314862 2.39518477 0 -136.6704454 3.040736075 -16.50243653 1


mesh: pSphereShape18 tranform: pSphere18 0.997233236 -0.1061303915 -2.724107158 0 0.2675753381 8.127102921 -0.2186762707 0 3.113418747 -0.07176310272 1.14254716 0 -139.37121 28.45186477 -29.57088642 1


mesh: pSphereShape19 tranform: pSphere19 0.6599687872 -0.0423678321 -1.848243134 0 2.272257445 9.482810877 0.5939980682 0 2.087314025 -0.547632956 0.7578895334 0 -141.1028022 12.1130753 -30.12265309 1


mesh: pSphereShape20 tranform: pSphere20 -0.1122060043 0.1942333892 -2.611117958 0 -0.102496617 1.852526497 0.142208526 0 5.93233018 0.3458186741 -0.2292020284 0 -138.1228413 2.880085063 -30.07900554 1


mesh: pSphereShape21 tranform: pSphere21 3.159209509 -0.7855873464 -5.034825531 0 -1.275007665 2.789813287 -1.235327484 0 4.553301828 3.129828424 2.368717794 0 -141.7294695 38.68935924 -26.5979733 1


