mesh: pSphereShape1 tranform: pSphere1 3.129654796 1.035097893 0.4987013311 0 -0.5624054673 1.82445199 -0.2573713674 0 -0.6313608005 0.2818009125 3.377271568 0 25.45938401 50.26972531 -13.34094569 1


mesh: pSphereShape2 tranform: pSphere2 5.83645568 0.8550374803 -0.04187050207 0 -0.4631314244 3.153162958 -0.1665497587 0 -0.001655737376 0.1581217726 2.998206327 0 33.29370912 51.11267948 -13.00694024 1


mesh: pSphereShape3 tranform: pSphere3 6.404429446 1.417011799 1.199108391 0 -0.5975996901 2.964247658 -0.3111385567 0 -0.5967772038 0.190605581 2.962140177 0 43.82681074 52.82423691 -12.446091 1


mesh: pSphereShape4 tranform: pSphere4 4.047686762 0.09754815759 0.6706497018 0 -0.1075044369 3.370920419 0.1585286769 0 -0.6341995754 -0.2016147637 3.857018601 0 52.29196676 55.2726458 -10.84850584 1


mesh: pSphereShape5 tranform: pSphere5 4.186718369 0.09800917766 0.6710801774 0 -0.1112231069 3.134897915 0.2360538479 0 -0.6255670274 -0.3195828039 3.949446134 0 58.88422954 55.87242176 -9.563385988 1


mesh: pSphereShape6 tranform: pSphere6 6.005875117 -0.617847995 -0.3978525598 0 0.2516188531 2.412603381 0.05170067758 0 0.1505897204 -0.06663783797 2.376747582 0 66.31933434 54.16239591 -9.630898518 1


mesh: pSphereShape7 tranform: pSphere7 5.666900233 0.2335052695 0.6467062906 0 -0.1102523588 2.273448359 0.1452389552 0 -0.3185133202 -0.1983265104 2.862649584 0 76.92303907 53.38831356 -8.197716042 1


mesh: pSphereShape8 tranform: pSphere8 3.925636252 -1.056505815 -1.39713497 0 0.2129923715 0.9678964035 -0.1334571156 0 0.9075150354 0.137545084 2.445903091 0 84.78137331 53.2374734 -8.291074151 1


mesh: pSphereShape10 tranform: pSphere10 4.161123131 0.1826579929 0.09707875179 0 -0.1619887858 3.49086253 0.3751731417 0 -0.09357524599 -0.5457746518 5.037850344 0 54.87909209 65.14039251 -8.299923189 1


mesh: pSphereShape11 tranform: pSphere11 0.9935148866 0.07399152669 0.08633321494 0 -0.4421643553 2.608731466 2.852585133 0 -0.009469222051 -1.921710837 1.755965324 0 54.27312416 60.57760472 -7.497065771 1


mesh: pSphereShape12 tranform: pSphere12 7.088036397 0.1599752826 1.166045896 0 -0.09792502767 3.762180904 0.07910512558 0 -0.9580742827 -0.1478183391 5.844120451 0 54.88411291 51.2390335 -10.36972527 1


mesh: pSphereShape13 tranform: pSphere13 4.887791176 0.1529495863 0.9127407187 0 -0.2248100065 4.67301988 0.420807247 0 -0.7988667234 -0.4301574388 4.350070116 0 55.06434701 46.07482649 -9.584327087 1


mesh: pSphereShape14 tranform: pSphere14 4.919451509 0.2374530406 1.025561505 0 -0.3709145526 5.449796054 0.517399989 0 -0.8590712095 -0.4598042488 4.227285299 0 55.26057152 41.64609796 -9.746241334 1


mesh: pSphereShape15 tranform: pSphere15 3.42590154 -0.2308440119 0.2903173313 0 0.6752217806 8.519401902 -1.193833046 0 -0.315639449 0.6155527172 4.214169122 0 50.74800168 28.22925614 -9.410672632 1


mesh: pSphereShape16 tranform: pSphere16 2.264555134 -0.08602163403 0.2060582989 0 0.1734703872 8.101347168 1.475591456 0 -0.1811167676 -0.3333207138 1.851301867 0 48.99593404 12.39677403 -8.873707893 1


mesh: pSphereShape17 tranform: pSphere17 2.455252248 0.07104366949 0.6906893411 0 -0.09878875655 2.35770413 0.1086615344 0 -1.700000362 -0.3514117924 6.079282021 0 47.31681433 1.659116458 -6.221072381 1


mesh: pSphereShape18 tranform: pSphere18 2.423802693 0.3285917723 1.563235603 0 0.1080189671 7.924450866 -1.833201606 0 -1.82489137 0.6479308057 2.693306037 0 59.07198226 28.05987839 -7.134956604 1


mesh: pSphereShape19 tranform: pSphere19 1.67065325 0.1745592911 1.015777184 0 -3.351789704 8.20840598 4.102105164 0 -0.90902558 -1.223411927 1.705319322 0 61.76573375 13.0261263 -7.839368434 1


mesh: pSphereShape20 tranform: pSphere20 2.378866147 0.1355002848 1.091278753 0 -0.3757991479 1.718834045 0.6057786486 0 -2.187246458 -2.257393759 5.048246413 0 62.54487992 2.914550003 -7.821217776 1


mesh: pSphereShape21 tranform: pSphere21 5.86287244 0.2829902653 1.222237128 0 0.2487128885 2.744066164 -1.828381662 0 -1.173845289 3.342521019 4.85683518 0 55.84493645 37.8559544 -11.21032391 1


