mesh: pSphereShape1 tranform: pSphere1 1.316115565 3.025990354 -0.475491333 0 0.3707920914 0.1350222913 1.885589351 0 3.097047988 -1.426666943 -0.5068595983 0 34.49872621 32.88451919 7.968912114 1


mesh: pSphereShape2 tranform: pSphere2 2.316767481 5.417790592 -0.2778320868 0 -0.01028007321 0.1678253102 3.186909971 0 2.761107443 -1.177075353 0.07089231418 0 37.52048587 40.15751018 6.506972431 1


mesh: pSphereShape3 tranform: pSphere3 3.312251086 5.754718639 -0.6121323622 0 -0.07037810415 0.3614766192 3.017462236 0 2.626778079 -1.486440095 0.2393338987 0 41.94406848 49.91752947 5.509969719 1


mesh: pSphereShape4 tranform: pSphere4 2.713945521 -0.4176556608 -3.05010135 0 0.5196782651 3.336119954 0.005583131172 0 2.87355205 -0.452005137 2.618747806 0 47.02207785 55.43308268 2.851227245 1


mesh: pSphereShape5 tranform: pSphere5 3.134933236 -0.432902409 -2.823712842 0 0.4278342112 3.116508779 -0.002802151052 0 2.646227854 -0.3605828122 2.993167256 0 51.93865789 55.19380219 -1.702726455 1


mesh: pSphereShape6 tranform: pSphere6 2.662577624 -5.432591237 0.09050730806 0 2.053855743 0.9928551158 -0.8261691039 0 0.7138034748 0.3871585471 2.239785658 0 55.63139374 48.65087258 -2.578727181 1


mesh: pSphereShape7 tranform: pSphere7 3.922312021 -3.804005376 1.652732132 0 1.651745203 1.359693542 -0.7904357242 0 0.1684467678 1.292873667 2.575975572 0 61.60405114 40.4079517 0.2986316765 1


mesh: pSphereShape8 tranform: pSphere8 0.6009817603 -4.160867466 0.8971139834 0 0.9622316068 0.08308679651 -0.2592429732 0 0.6102470005 0.6192988144 2.463536421 0 65.92958367 34.21153782 2.757587929 1


mesh: pSphereShape10 tranform: pSphere10 2.442199938 -0.2647000419 -3.365015199 0 0.307015036 3.500870597 -0.05256692216 0 4.082197034 -0.3131394908 2.987335505 0 50.68619394 65.01844771 0.9411012008 1


mesh: pSphereShape11 tranform: pSphere11 0.633260084 -0.02771700722 -0.7734425858 0 2.126989874 2.814697525 1.640616664 0 1.426121916 -1.795782115 1.231998093 0 50.87097094 60.63414051 2.387767568 1


mesh: pSphereShape12 tranform: pSphere12 4.955012348 -0.749241619 -5.14898094 0 0.417648222 3.738347296 -0.1420617579 0 4.239301462 -0.3168330127 4.125704837 0 48.33584855 51.10703734 1.204362431 1


mesh: pSphereShape13 tranform: pSphere13 3.454096862 -0.6273649432 -3.524573716 0 0.6421058745 4.648992704 -0.1982421745 0 3.139656004 -0.3001582324 3.130303291 0 48.577224 45.97699513 2.004948446 1


mesh: pSphereShape14 tranform: pSphere14 3.477866236 -0.4137506949 -3.611429121 0 0.4943704138 5.462484335 -0.1497336652 0 3.110077967 -0.1987484453 3.017826765 0 48.28612999 41.59507407 2.322708897 1


mesh: pSphereShape15 tranform: pSphere15 1.938821957 -0.4171551291 -2.81803575 0 -1.633675485 8.146414492 -2.329893966 0 3.436655392 1.309958449 2.170521451 0 47.11965772 28.74857819 7.679384628 1


mesh: pSphereShape16 tranform: pSphere16 1.350592229 -0.03340014442 -1.831080217 0 3.388691064 7.123295135 2.369541591 0 1.307161073 -0.9483187146 0.9814510321 0 45.97320036 14.31299764 9.128338097 1


mesh: pSphereShape17 tranform: pSphere17 2.18713334 -0.5671527725 -1.185389411 0 0.8739984916 2.110187384 0.6029686179 0 2.265048245 -2.469988431 5.3609584 0 43.12290445 3.296038618 10.20865159 1


mesh: pSphereShape18 tranform: pSphere18 1.636341588 -0.4933437671 -2.346379282 0 0.9485029364 8.013863702 -1.023498172 0 2.712508463 -0.07737150066 1.907944375 0 49.49747169 27.66324467 0.217151896 1


mesh: pSphereShape19 tranform: pSphere19 1.091975054 -0.3152974558 -1.600479462 0 3.421575604 9.134900857 0.5348798453 0 1.723577568 -0.7227785527 1.318351155 0 46.20371023 11.66033393 0.7046534468 1


mesh: pSphereShape20 tranform: pSphere20 1.02894738 0.1513166059 -2.405540347 0 -0.002300808488 1.857191205 0.115839445 0 5.469295437 -0.1385994575 2.330721584 0 47.38628963 2.336712939 2.813415526 1


mesh: pSphereShape21 tranform: pSphere21 4.144829169 -0.4930971556 -4.304005889 0 -1.292604862 2.622249848 -1.545223322 0 3.653187133 3.628912132 3.102326224 0 47.17820963 37.71499502 1.569245265 1


