mesh: pSphereShape1 tranform: pSphere1 -0.7124370744 3.201138542 0.6000127166 0 1.477905983 0.5374782536 -1.112688648 0 -2.084941138 0.05047711117 -2.744897808 0 -135.9629911 31.42875561 -12.63241143 1


mesh: pSphereShape2 tranform: pSphere2 -0.8989229303 5.816585839 0.395378147 0 2.223474725 0.4955493648 -2.235007193 0 -2.104571563 -0.1802158893 -2.133669887 0 -137.8260069 39.08456408 -11.16789627 1


mesh: pSphereShape3 tranform: pSphere3 -1.66625869 6.441878845 -0.433911086 0 2.22305468 0.4385200552 -2.026431548 0 -1.921435737 -0.6484326352 -2.248192112 0 -139.8679314 49.59840339 -10.73119285 1


mesh: pSphereShape4 tranform: pSphere4 -4.095069215 -0.05431052657 -0.2655433571 0 -0.008350068283 3.330840238 -0.5524731678 0 0.2583095715 -0.6384240924 -3.85293926 0 -144.2819312 55.87767063 -11.69738744 1


mesh: pSphereShape5 tranform: pSphere5 -4.183445037 -0.06224049978 -0.6953264333 0 0.02849794771 3.113237146 -0.4501325116 0 0.659271278 -0.5721356658 -3.915305123 0 -150.8960097 56.22059955 -12.74606544 1


mesh: pSphereShape6 tranform: pSphere6 -2.153901638 -5.339174163 -1.861312901 0 -1.663762098 1.141046538 -1.34779396 0 1.512515081 0.03144591072 -1.840477172 0 -154.5216458 49.88856754 -14.77806119 1


mesh: pSphereShape7 tranform: pSphere7 -1.30672239 -3.948781098 -3.909746337 0 -1.36226574 1.494762888 -1.054387661 0 2.219240619 0.875554267 -1.626014323 0 -156.571074 41.39073765 -20.72481322 1


mesh: pSphereShape8 tranform: pSphere8 0.07333473455 -4.272925842 -0.4642600719 0 -0.8956481351 0.03282077952 -0.4435506899 0 1.161071079 0.2724716537 -2.324353086 0 -158.0139995 34.82751807 -24.97121229 1


mesh: pSphereShape10 tranform: pSphere10 -3.797630584 0.3997872116 -1.666105059 0 0.2808008385 3.497793742 0.1992643576 0 2.044613841 0.0999882111 -4.636390728 0 -146.5077389 65.86508695 -12.5448561 1


mesh: pSphereShape11 tranform: pSphere11 -0.9529555204 0.03346994124 -0.3012566002 0 0.8331784818 3.026043651 -2.299370471 0 0.5584339718 -1.633974689 -1.948012998 0 -146.1172011 61.51985599 -13.88177068 1


mesh: pSphereShape12 tranform: pSphere12 -7.155260688 -0.1262673965 -0.6417290124 0 -0.04047763144 3.753100601 -0.2871402617 0 0.5354629033 -0.4443163423 -5.882972285 0 -146.7660757 51.76371756 -11.64386726 1


mesh: pSphereShape13 tranform: pSphere13 -4.952166863 -0.2216972974 -0.4169957364 0 -0.1813972867 4.681846249 -0.334878791 0 0.3853810573 -0.3009820202 -4.416698399 0 -146.7444803 46.62285949 -12.31709748 1


mesh: pSphereShape14 tranform: pSphere14 -5.021000877 -0.05019762117 -0.3101513911 0 -0.03424016649 5.476687341 -0.33208547 0 0.2695710597 -0.2603787622 -4.321909142 0 -146.6633509 42.20524305 -12.28566356 1


mesh: pSphereShape15 tranform: pSphere15 -3.381103951 0.5695149004 -0.3437489193 0 1.301822597 8.446927374 1.189977492 0 0.5143507703 0.5135760011 -4.208258282 0 -143.9132935 28.58208178 -13.22010809 1


mesh: pSphereShape16 tranform: pSphere16 -2.222083307 0.4288885338 -0.2376343822 0 1.667004538 7.977841329 -1.189298809 0 0.1397215782 -0.3064040424 -1.859521182 0 -145.817889 12.71972251 -13.98395807 1


mesh: pSphereShape17 tranform: pSphere17 -2.278487683 -0.1820895699 -1.133887049 0 -0.1811817899 2.355272407 -0.01415490459 0 2.803951715 0.181659543 -5.663569189 0 -145.2856422 2.458183859 -16.69956902 1


mesh: pSphereShape18 tranform: pSphere18 -2.668708507 0.5213815131 1.01619576 0 2.085424579 7.714541281 1.518576605 0 -0.9900829805 0.8670358863 -3.044983533 0 -153.0999226 28.98840667 -13.23565209 1


mesh: pSphereShape19 tranform: pSphere19 -1.793672851 0.2928051229 0.7418621012 0 -0.8871538478 8.12476297 -5.351716964 0 -0.9057592413 -1.223353297 -1.707098457 0 -155.2009578 14.29376354 -10.86798501 1


mesh: pSphereShape20 tranform: pSphere20 -0.9499704681 0.3601570562 2.41580148 0 -0.8734221629 1.539918302 -0.5730345456 0 -4.788166464 -3.236865611 -1.400295834 0 -157.7027266 3.546757707 -7.889577594 1


mesh: pSphereShape21 tranform: pSphere21 -5.983896296 -0.05982419975 -0.3696302402 0 -0.1476738524 2.658958388 1.960323809 0 0.2624508447 3.573391252 -4.827131861 0 -146.8035217 38.33796302 -10.91646464 1


