mesh: pSphereShape1 tranform: pSphere1 0.1267266748 3.225934561 0.8319593536 0 -1.120008436 0.4325305265 -1.506540222 0 -2.801764961 -0.3976704086 1.968746508 0 80.4313721 27.51836468 -31.62938178 1


mesh: pSphereShape2 tranform: pSphere2 -0.5549617633 5.746295673 1.21208936 0 -2.485913613 0.1803263253 -1.993083567 0 -1.861417186 -0.6569564537 2.262251245 0 80.70255517 35.22926384 -29.45935596 1


mesh: pSphereShape3 tranform: pSphere3 -1.849976891 6.077709277 2.025224765 0 -2.240578483 0.002562351706 -2.054385131 0 -1.865780687 -1.245468479 2.033326988 0 79.08281633 45.45584223 -26.88171037 1


mesh: pSphereShape4 tranform: pSphere4 0.1677097744 0.2054638653 4.095450258 0 -1.136281411 3.177407221 -0.1128757135 0 -3.682226743 -1.309121507 0.2164652299 0 77.1064919 51.58315023 -22.17860754 1


mesh: pSphereShape5 tranform: pSphere5 -0.6842403503 0.03490127337 4.185589821 0 -1.040470924 2.962288512 -0.1947920999 0 -3.729929095 -1.349451814 -0.5984987805 0 76.23666607 52.12502972 -15.60708859 1


mesh: pSphereShape6 tranform: pSphere6 -1.8174315 -5.447192283 1.906724336 0 -1.293439566 1.049142277 1.764356725 0 -1.884359461 0.1201522275 -1.45285918 0 74.4845447 45.80311783 -12.14161328 1


mesh: pSphereShape7 tranform: pSphere7 -4.735421817 -3.136197932 0.5714496798 0 -0.8255289297 1.517771915 1.488854518 0 -1.227776768 1.458829139 -2.167931856 0 67.81905724 38.09411178 -10.99365059 1


mesh: pSphereShape8 tranform: pSphere8 -2.180909078 -3.704381912 0.0009422111573 0 -0.7303861606 0.4301407804 0.5305798388 0 -1.194726739 0.7028173688 -2.21441186 0 61.69400159 33.09627738 -10.93988299 1


mesh: pSphereShape10 tranform: pSphere10 -0.0556499736 0.04553784975 4.165640806 0 0.3150306689 3.500387444 -0.03405686561 0 -5.047337406 0.4535500236 -0.07238691484 0 76.97485748 61.80017459 -19.13052626 1


mesh: pSphereShape11 tranform: pSphere11 -0.01568490904 0.02150730686 0.9996456469 0 -2.259013431 3.166127593 -0.1035639961 0 -2.119065694 -1.511964449 -0.000719324196 0 75.29722952 57.54710856 -19.71892376 1


mesh: pSphereShape12 tranform: pSphere12 -0.277566883 0.2222123536 7.17628688 0 -1.025169656 3.618820797 -0.1517079585 0 -5.695459274 -1.620588405 -0.1701097148 0 78.21018319 47.74776414 -19.49232089 1


mesh: pSphereShape13 tranform: pSphere13 -0.02750568686 -0.07464004359 4.973998802 0 -1.486658796 4.455461851 0.05863778965 0 -4.215187085 -1.405901625 -0.04440655967 0 78.70671503 42.56379508 -19.23107541 1


mesh: pSphereShape14 tranform: pSphere14 0.1159374276 -0.04394260241 5.029293296 0 -1.527153149 5.269417411 0.08124523622 0 -4.165511233 -1.208542953 0.08546571242 0 79.75261137 38.30089607 -19.26159845 1


mesh: pSphereShape15 tranform: pSphere15 0.6020350593 -0.1258497087 3.390588461 0 4.670199185 7.234376291 -0.5607225756 0 -3.512689452 2.322664817 0.7099265867 0 75.95457571 26.71563069 -22.68235081 1


mesh: pSphereShape16 tranform: pSphere16 0.4152865113 0.041606459 2.236934446 0 0.7307903866 8.19891408 -0.2881690046 0 -1.850450216 0.176894092 0.3402455889 0 69.72186266 12.38821255 -22.57178144 1


mesh: pSphereShape17 tranform: pSphere17 0.1861888968 0.04310464237 2.544373843 0 0.1148253352 2.358985193 -0.04836648352 0 -6.297926808 0.3158955686 0.4555099015 0 64.20315336 2.031623792 -22.19845782 1


mesh: pSphereShape18 tranform: pSphere18 0.346595845 -0.2311228895 2.872795003 0 -2.030934349 7.828104502 0.8748161758 0 -3.187652861 -0.8622352841 0.3152139034 0 83.64640823 24.94792322 -16.16887853 1


mesh: pSphereShape19 tranform: pSphere19 0.2880421177 -0.1686177805 1.934413683 0 -7.669955018 5.821555286 1.649537452 0 -1.376259387 -1.826197047 0.04574583844 0 91.64778301 11.67904918 -17.96551984 1


mesh: pSphereShape20 tranform: pSphere20 0.4386418867 -0.1117063095 2.581350186 0 -0.9961335208 1.553822323 0.236510973 0 -4.923353866 -3.262147858 0.6954448644 0 94.86497541 2.93769374 -19.6023693 1


mesh: pSphereShape21 tranform: pSphere21 0.1381711656 -0.05236963351 5.993778982 0 1.331408064 3.026891352 -0.004245237171 0 -5.501039017 2.419893866 0.1479557272 0 81.94726823 34.8319603 -19.24839776 1


