mesh: pSphereShape1 tranform: pSphere1 -1.513334152 1.796466449 -2.365882045 0 -0.4869060564 1.321237333 1.314693651 0 2.945532286 1.686224844 -0.6037191295 0 39.11175051 36.75287296 15.68835928 1


mesh: pSphereShape2 tranform: pSphere2 -2.398349906 3.939450538 -3.677730866 0 0.001675695688 2.178343974 2.332269475 0 2.743019441 0.8911125901 -0.8342716085 0 35.65970081 41.15046111 9.945086628 1


mesh: pSphereShape3 tranform: pSphere3 -0.7360793409 5.711950412 -3.360700761 0 0.04792198932 1.545908156 2.616976925 0 3.008781366 0.2636725129 -0.2108540856 0 32.57574058 49.14231111 3.887564855 1


mesh: pSphereShape4 tranform: pSphere4 2.983797338 0.244183179 -2.807201953 0 0.3255149937 3.300460689 0.6330815471 0 2.660708691 -0.7916817902 2.759224403 0 34.49276655 55.02926581 -0.5561955064 1


mesh: pSphereShape5 tranform: pSphere5 3.470088461 0.1949533479 -2.430852602 0 0.1984743628 3.094158684 0.5314761535 0 2.292564543 -0.6995595711 3.216575239 0 39.84431824 55.8055201 -4.497586471 1


mesh: pSphereShape6 tranform: pSphere6 2.194853997 -5.596554743 -0.6868403495 0 2.231577713 0.9097039162 -0.2813179304 0 0.3569087739 -0.1485397911 2.350871964 0 43.29112501 49.30837146 -6.152702825 1


mesh: pSphereShape7 tranform: pSphere7 3.167122848 -4.656884415 0.9323477879 0 1.896929671 1.251615271 -0.1921832746 0 -0.06030929705 0.5271671958 2.837957772 0 47.95623577 39.84926047 -4.659876343 1


mesh: pSphereShape8 tranform: pSphere8 0.03851965538 -4.272953302 -0.4681847549 0 0.9995030601 0.005611612792 0.03101842567 0 -0.07895237468 -0.2851158799 2.595653979 0 51.04299278 32.61324577 -3.551343317 1


mesh: pSphereShape10 tranform: pSphere10 3.143656346 0.2268056101 -2.724650057 0 0.274079569 3.451626467 0.6035491491 0 3.302391911 -0.9151656396 3.734065064 0 38.12961227 64.84001064 -0.293940656 1


mesh: pSphereShape11 tranform: pSphere11 0.7818011097 0.0749778585 -0.6190035102 0 1.698937788 2.501130673 2.448711267 0 1.158681545 -1.984464805 1.223042493 0 38.05929212 60.32316743 0.3603314997 1


mesh: pSphereShape12 tranform: pSphere12 5.872727522 0.3286207989 -4.126571812 0 0.1946203084 3.715349466 0.5728467258 0 3.399284909 -0.9127502098 4.765002582 0 36.18856954 51.12323463 -2.796750909 1


mesh: pSphereShape13 tranform: pSphere13 4.059773474 0.5381019173 -2.82412419 0 0.008023888967 4.612156956 0.8903240448 0 2.568074571 -0.6916666139 3.559905023 0 36.79566808 45.97543075 -2.930701658 1


mesh: pSphereShape14 tranform: pSphere14 4.177461071 0.536511418 -2.751388375 0 -0.105984952 5.412413729 0.8944843178 0 2.415783424 -0.5414246163 3.56233268 0 36.96771928 41.61694524 -3.471391661 1


mesh: pSphereShape15 tranform: pSphere15 3.283082372 0.01712376679 -1.046638135 0 0.2976639849 8.556864099 1.073705505 0 1.288892369 -0.5510137903 4.033967657 0 32.62148928 28.01487838 -2.91854156 1


mesh: pSphereShape16 tranform: pSphere16 2.169423387 0.02278457989 -0.6864056597 0 0.6626583078 7.864612915 2.355426866 0 0.5497160612 -0.5610883557 1.718783492 0 31.11602102 12.11181016 -5.240464931 1


mesh: pSphereShape17 tranform: pSphere17 2.504188589 -0.2456465201 0.4231546617 0 0.2324977757 2.350777247 -0.01124417849 0 -1.040503814 0.1327298757 6.234652834 0 29.21713195 1.974933569 -3.307720513 1


mesh: pSphereShape18 tranform: pSphere18 2.106444191 0.2670849251 -1.97940802 0 -2.492325921 7.569521462 -1.630912047 0 2.043681903 1.175664545 2.333477536 0 42.53982698 28.34772594 -4.74422821 1


mesh: pSphereShape19 tranform: pSphere19 1.404998423 0.2050463117 -1.355467432 0 -1.848436552 9.581508246 -0.466553086 0 1.537544794 0.3769991835 1.650759177 0 47.14657016 12.67321813 -2.740015515 1


mesh: pSphereShape20 tranform: pSphere20 1.16747249 0.09552563208 -2.344384061 0 -0.3349114976 1.82808629 -0.0922932659 0 5.215460065 1.088854084 2.641597733 0 52.98351826 4.202609028 0.6704383377 1


mesh: pSphereShape21 tranform: pSphere21 4.978587824 0.6394001446 -3.279032032 0 -1.23054308 2.766706361 -1.328847753 0 2.493181569 3.229488315 4.415162328 0 36.48677346 37.88071312 -5.102179508 1


