mesh: pSphereShape1 tranform: pSphere1 0.5135948737 3.103712172 -1.103657949 0 1.810166873 -0.06634830377 0.6557886787 0 1.053190219 -1.253109641 -3.033891569 0 91.96540892 31.31729903 18.5180385 1


mesh: pSphereShape2 tranform: pSphere2 1.448920349 5.478215208 -1.639159872 0 2.69376696 -0.2041007467 1.699008131 0 1.431056165 -1.096817503 -2.400690741 0 92.91150814 38.80082767 15.81941332 1


mesh: pSphereShape3 tranform: pSphere3 1.653281805 5.901287891 -2.627538849 0 2.540661716 0.03123073587 1.668759856 0 1.48321082 -1.409232505 -2.231792409 0 95.17451961 48.75363778 12.39419731 1


mesh: pSphereShape4 tranform: pSphere4 -1.202702442 -0.1266295483 -3.921801446 0 0.3711878617 3.348544419 -0.2219523928 0 3.717344601 -0.4865911489 -1.124290119 0 95.94224519 54.60442292 7.161529548 1


mesh: pSphereShape5 tranform: pSphere5 -0.6587917557 -0.1339403228 -4.187674596 0 0.3244984507 3.125311755 -0.1510103412 0 3.941081551 -0.4384788811 -0.6059740253 0 94.74747683 54.83698443 0.5824644441 1


mesh: pSphereShape6 tranform: pSphere6 1.818663291 -5.134792944 -2.633804089 0 0.2807292065 1.177865971 -2.102489702 0 2.255495931 0.5005501854 0.5815793589 0 96.25995906 48.70977355 -3.515279388 1


mesh: pSphereShape7 tranform: pSphere7 4.287328218 -2.709757422 -2.619645673 0 -0.039978487 1.551983369 -1.670798228 0 1.905551307 1.611702466 1.451494456 0 102.8848293 41.80915476 -7.573435752 1


mesh: pSphereShape8 tranform: pSphere8 2.215632085 -3.665999121 -0.3608816286 0 0.2276343851 0.2307027921 -0.9460226257 0 2.158286112 1.223906033 0.8178014457 0 108.6413355 37.10127298 -10.35320923 1


mesh: pSphereShape10 tranform: pSphere10 -1.895187298 0.07526288295 -3.709492491 0 0.2270245284 3.507073776 -0.0448313401 0 4.501579838 -0.3208848964 -2.306376862 0 96.41779629 64.43666694 3.716040839 1


mesh: pSphereShape11 tranform: pSphere11 -0.3797913307 0.06173441187 -0.9230099715 0 2.534230659 2.826134603 -0.853738422 0 1.710011288 -1.781946662 -0.8228024779 0 97.6275469 60.00639414 3.963008666 1


mesh: pSphereShape12 tranform: pSphere12 -1.859171147 -0.2426910892 -6.936144374 0 0.1980988212 3.754541341 -0.1844675185 0 5.713726562 -0.376069798 -1.518354609 0 95.1002504 50.43985239 4.903661644 1


mesh: pSphereShape13 tranform: pSphere13 -1.17655872 -0.5020194661 -4.807356635 0 0.1144437661 4.667544249 -0.5154283469 0 4.316253851 -0.2199466088 -1.033397146 0 95.86187721 45.31624053 4.86997155 1


mesh: pSphereShape14 tranform: pSphere14 -1.275195453 -0.3084755408 -4.856735827 0 0.12503626 5.472222646 -0.3803979826 0 4.195287818 -0.1716730016 -1.090620371 0 96.00114471 40.91368099 5.169590703 1


mesh: pSphereShape15 tranform: pSphere15 -1.600984233 0.06907426881 -3.050647915 0 -2.427720731 8.151069632 1.458631711 0 3.58573047 1.399054824 -1.850118209 0 99.41917385 27.74556751 7.375108661 1


mesh: pSphereShape16 tranform: pSphere16 -1.054604968 0.01717519953 -2.016329108 0 -1.94210586 7.930567081 1.083336818 0 1.614190191 0.5100334033 -0.8399288895 0 104.5677635 12.47950916 5.382774461 1


mesh: pSphereShape17 tranform: pSphere17 -1.289191632 0.4495164524 -2.15552371 0 -0.3568265296 2.234170847 0.6793311169 0 5.371685555 1.72539948 -2.85291996 0 111.0242095 3.504521233 1.986901528 1


mesh: pSphereShape18 tranform: pSphere18 -0.9750525419 -0.3861976637 -2.706773264 0 0.694535862 7.984753658 -1.389441153 0 3.111621863 -0.4544231982 -1.056053593 0 93.35766008 27.30295038 2.846213809 1


mesh: pSphereShape19 tranform: pSphere19 -0.6856556099 -0.2554290841 -1.82153476 0 4.516022472 8.181609548 -2.84719089 0 1.86416402 -1.213920461 -0.5314770533 0 89.15278639 12.05735998 6.119320473 1


mesh: pSphereShape20 tranform: pSphere20 -0.788942448 -0.2584928404 -2.485760458 0 0.3653061311 1.799249311 -0.3030455232 0 5.549487327 -1.398882813 -1.615853576 0 89.70053796 2.660389262 8.034962555 1


mesh: pSphereShape21 tranform: pSphere21 -1.519744277 -0.3676330062 -5.788129546 0 -1.994102605 2.613508893 0.3575790546 0 4.546991708 3.664536188 -1.426621332 0 94.78435214 37.02145465 5.638843708 1


