mesh: pSphereShape1 tranform: pSphere1 0.8187505517 3.108693959 0.8834813036 0 -1.23572725 0.6959797834 -1.303746639 0 -2.50547046 -0.01304234972 2.367792037 0 135.8311111 31.25885302 -25.95870521 1


mesh: pSphereShape2 tranform: pSphere2 0.7409298112 5.716384687 1.253405863 0 -2.365019923 0.7469047233 -2.008352627 0 -1.980276929 -0.2354448711 2.244396448 0 137.8130715 38.687883 -23.69831433 1


mesh: pSphereShape3 tranform: pSphere3 -0.40294255 6.326601511 2.067426064 0 -2.165365561 0.5368512342 -2.064867916 0 -2.117070663 -0.7929597428 2.013945034 0 138.5558037 49.00238591 -21.04513828 1


mesh: pSphereShape4 tranform: pSphere4 0.3076379079 -0.1349409626 4.090257283 0 -0.5496036729 3.327895648 0.1511270132 0 -3.850642214 -0.648116628 0.2682339905 0 138.0700798 55.1390316 -16.22084288 1


mesh: pSphereShape5 tranform: pSphere5 -0.3824730438 -0.1830152315 4.220045605 0 -0.4398494703 3.113383138 0.09515678445 0 -3.955519024 -0.5471416128 -0.3822268291 0 137.681894 55.31471406 -9.551573698 1


mesh: pSphereShape6 tranform: pSphere6 -1.475615108 -5.629777922 1.65490765 0 -1.154517693 0.874768336 1.946409344 0 -2.013264348 0.1560448005 -1.26430361 0 136.1289734 48.65661763 -6.409482731 1


mesh: pSphereShape7 tranform: pSphere7 -3.34614914 -4.416641492 1.37225211 0 -0.9526160185 1.238045948 1.661800929 0 -2.004317158 0.9432074762 -1.85165309 0 130.9150986 39.55823957 -4.652563297 1


mesh: pSphereShape8 tranform: pSphere8 -0.2476639313 -4.289080273 -0.1458205576 0 -0.6756426016 0.01395366039 0.7370972597 0 -1.920091435 0.1708184356 -1.763239651 0 127.1474266 32.62834801 -3.739584653 1


mesh: pSphereShape10 tranform: pSphere10 0.2721181674 -0.1610939715 4.154242936 0 -0.3395657489 3.494699281 0.1577608738 0 -5.033609335 -0.503099203 0.3102106254 0 136.4970228 64.86495383 -12.60608952 1


mesh: pSphereShape11 tranform: pSphere11 0.02383362043 -0.01690342009 0.9995730253 0 -2.699998694 2.799242377 0.1117152134 0 -1.873322 -1.807468466 0.01410166776 0 135.6466128 60.5052581 -13.4428485 1


mesh: pSphereShape12 tranform: pSphere12 -0.3206823141 -0.2946065 7.171881549 0 -0.4273718585 3.737530792 0.1344208297 0 -5.879731815 -0.6618907799 -0.2900944914 0 138.5884409 50.98001285 -13.8567377 1


mesh: pSphereShape13 tranform: pSphere13 -0.3275672313 -0.3281978222 4.952976648 0 -0.6311127593 4.64710363 0.2661909242 0 -4.393661681 -0.5778555317 -0.3288669895 0 138.1747183 45.79793753 -13.97671425 1


mesh: pSphereShape14 tranform: pSphere14 -0.3880615476 -0.1478833671 5.013651587 0 -0.5197018384 5.460848196 0.1208485089 0 -4.305641733 -0.4021247916 -0.3451220199 0 138.4080389 41.41867027 -14.16236132 1


mesh: pSphereShape15 tranform: pSphere15 -1.076646211 -0.3217616738 3.257556881 0 1.696078369 8.346644353 1.384997031 0 -3.968981801 1.007669751 -1.21224582 0 137.4409801 28.18409339 -19.76516173 1


mesh: pSphereShape16 tranform: pSphere16 -0.7235949876 -0.1302490208 2.153489073 0 -1.120445495 8.159056362 0.1170009923 0 -1.773140342 -0.2347498702 -0.6099921385 0 136.2951608 12.5656641 -22.30934097 1


mesh: pSphereShape17 tranform: pSphere17 -2.069191949 -0.5168244614 1.400606913 0 -0.1878794326 2.285783161 0.5658904254 0 -3.664859228 0.9521960324 -5.062933035 0 135.107529 2.760122272 -26.66459463 1


mesh: pSphereShape18 tranform: pSphere18 0.4418088456 -0.2163547901 2.860855317 0 -0.4200876053 8.095325272 0.6770915006 0 -3.27409417 -0.210858055 0.4896799943 0 139.3769766 27.61063746 -10.74777076 1


mesh: pSphereShape19 tranform: pSphere19 0.3121046978 -0.1134310977 1.934704256 0 -2.423849176 9.41675 0.9431141726 0 -2.185616544 -0.5943943364 0.3177324839 0 141.5984803 11.3344194 -11.78010432 1


mesh: pSphereShape20 tranform: pSphere20 1.060465407 0.1985546011 2.388355706 0 -0.05921888325 1.855452274 -0.1279579119 0 -5.434919155 -0.007000600943 2.413766819 0 138.9490029 1.883686664 -11.25568213 1


mesh: pSphereShape21 tranform: pSphere21 -0.462481508 -0.1762434929 5.975137607 0 1.86564149 2.720964211 0.2246604204 0 -4.941736936 3.411597121 -0.2818663382 0 139.9062993 37.59821427 -14.06468752 1


