mesh: pSphereShape1 tranform: pSphere1 0.4150369336 3.164991455 0.9619996085 0 -0.9560455508 0.5998897832 -1.561177167 0 -2.961909354 -0.1458727524 1.757784282 0 8.852541187 35.24785228 -26.94251015 1


mesh: pSphereShape2 tranform: pSphere2 0.2151021617 5.6978739 1.511628661 0 -2.520084144 0.5904148721 -1.866883062 0 -1.838823449 -0.543502952 2.310320169 0 10.03047957 42.76636123 -24.43901849 1


mesh: pSphereShape3 tranform: pSphere3 -1.027233269 6.137848726 2.394599074 0 -2.300415115 0.3762407114 -1.951212443 0 -1.923443942 -1.122192187 2.051291311 0 9.775691274 52.95803806 -21.30341866 1


mesh: pSphereShape4 tranform: pSphere4 -0.7191822805 -0.246465521 4.032999675 0 -0.6417230077 3.313642772 0.08806915566 0 -3.780953782 -0.7131448838 -0.7178182052 0 7.885520318 58.86229462 -16.36157648 1


mesh: pSphereShape5 tranform: pSphere5 -1.084034574 -0.2668983592 4.091723282 0 -0.6115477681 3.085473432 0.03924235848 0 -3.798977337 -0.7395515147 -1.054716453 0 6.131708952 58.86903782 -9.882449032 1


mesh: pSphereShape6 tranform: pSphere6 -1.564920108 -5.469965964 2.059382462 0 -1.396639646 1.036467289 1.69167767 0 -1.84811837 -0.03714360302 -1.503038848 0 4.295568006 52.33640105 -6.401562158 1


mesh: pSphereShape7 tranform: pSphere7 -5.259570641 -2.209062177 -0.2085016965 0 -0.727993154 1.59567387 1.457967162 0 -0.6404329559 1.734127988 -2.217699829 0 -2.543288191 45.46247262 -5.867741397 1


mesh: pSphereShape8 tranform: pSphere8 -2.937562554 -3.043989822 -0.7639783055 0 -0.6578695002 0.4916892803 0.570481702 0 -0.8270636474 1.323899133 -2.094803315 0 -9.489666009 41.87369305 -6.849970082 1


mesh: pSphereShape10 tranform: pSphere10 -0.5852356174 -0.1970295986 4.120244234 0 0.2625512103 3.49890243 0.2046096331 0 -5.003636825 0.4158619638 -0.6908253999 0 7.014057097 68.71732104 -12.7442735 1


mesh: pSphereShape11 tranform: pSphere11 -0.1563870738 -0.04178263763 0.9868116813 0 -2.300337181 3.129350152 -0.2320508577 0 -2.059620165 -1.54304359 -0.391736751 0 5.482475855 64.47468806 -13.80637651 1


mesh: pSphereShape12 tranform: pSphere12 -1.341188647 -0.463150995 7.0435942 0 -0.4502546687 3.733844097 0.1597844973 0 -5.776560612 -0.6476881781 -1.142518253 0 7.823325095 54.6431517 -14.05512388 1


mesh: pSphereShape13 tranform: pSphere13 -0.8993165125 -0.3983998513 4.876422782 0 -0.8805285251 4.609070857 0.2141691459 0 -4.290352913 -0.7799129398 -0.8549509763 0 7.549828059 49.43037818 -14.29353338 1


mesh: pSphereShape14 tranform: pSphere14 -0.7829048416 -0.2045884487 4.965316412 0 -0.9149299459 5.409461923 0.07862748436 0 -4.223779723 -0.7042874726 -0.6950023706 0 8.069957805 45.05161582 -14.4267107 1


mesh: pSphereShape15 tranform: pSphere15 0.09055511295 -0.03395496439 3.444564022 0 3.206488257 8.011228075 -0.005325185463 0 -3.963193842 1.586345127 0.1198269957 0 5.344900822 32.46062236 -18.46269386 1


mesh: pSphereShape16 tranform: pSphere16 0.005268361867 0.2176533096 2.265098007 0 -3.517122483 7.41438762 -0.7042682151 0 -1.708803888 -0.8028902273 0.08112422152 0 4.359574314 17.86435885 -18.68365778 1


mesh: pSphereShape17 tranform: pSphere17 -0.6323085919 -0.2586630063 2.458381961 0 -1.121904636 2.077684277 -0.06995246545 0 -5.338611858 -2.939378629 -1.682390583 0 5.094384849 6.176160402 -19.36110891 1


mesh: pSphereShape18 tranform: pSphere18 -0.09696888868 -0.2975319982 2.88592608 0 0.2581482696 8.086591975 0.8423820127 0 -3.313695648 0.1161343971 -0.09936903343 0 8.072224086 31.19773463 -11.30068032 1


mesh: pSphereShape19 tranform: pSphere19 -0.024814316 -0.2197173743 1.950503791 0 -5.112465362 8.27947078 0.8676123865 0 -1.948774359 -1.18673617 -0.158473959 0 11.49498506 15.80713087 -12.48492004 1


mesh: pSphereShape20 tranform: pSphere20 0.5217102089 0.07120731586 2.567294639 0 -1.178970854 1.425691056 0.2000399523 0 -4.445997284 -3.818232599 1.009392622 0 12.60143925 4.594226739 -13.21919533 1


mesh: pSphereShape21 tranform: pSphere21 -0.9330453224 -0.2438231122 5.917533021 0 1.642908198 2.844997546 0.376268955 0 -5.132575026 3.05430939 -0.6834290378 0 9.823267341 41.34646963 -14.20760855 1


