mesh: pSphereShape1 tranform: pSphere1 1.230790227 2.93433122 0.9948494952 0 -0.8334055284 0.8609777378 -1.508415578 0 -2.835519269 0.5514753709 1.88140821 0 11.23270466 33.60719109 -27.92199104 1


mesh: pSphereShape2 tranform: pSphere2 1.652048656 5.410763283 1.670758231 0 -2.533995074 1.235531491 -1.495659412 0 -1.619879323 -0.2811388612 2.512209851 0 14.33861974 40.52958369 -25.34870757 1


mesh: pSphereShape3 tranform: pSphere3 0.09219792798 6.082691128 2.730360433 0 -2.402454537 0.7928996977 -1.685294941 0 -1.854560985 -0.95658219 2.193695971 0 16.23953379 50.33846528 -21.84608793 1


mesh: pSphereShape4 tranform: pSphere4 -0.2325416251 -0.4839014345 4.068761308 0 -0.7414815117 3.275584985 0.3471904225 0 -3.81201156 -0.8293629303 -0.3165045027 0 15.61020132 55.9865401 -16.48472511 1


mesh: pSphereShape5 tranform: pSphere5 -0.4871991613 -0.5229644282 4.180635154 0 -0.6517789951 3.062116382 0.3070901228 0 -3.897237095 -0.7742755549 -0.5510285236 0 14.7531117 55.59387927 -9.827537083 1


mesh: pSphereShape6 tranform: pSphere6 -0.5623703893 -5.80408608 1.61458448 0 -1.350601389 0.6605862692 1.904243091 0 -1.966760757 -0.1801022314 -1.332464726 0 14.1151585 48.62347397 -6.829902719 1


mesh: pSphereShape7 tranform: pSphere7 -2.986886487 -4.739051885 1.098366214 0 -1.156046587 1.105443102 1.625844154 0 -1.977851108 0.7953078479 -1.947084282 0 10.09555111 38.96686674 -5.395515194 1


mesh: pSphereShape8 tranform: pSphere8 -0.135861065 -4.2942193 0.1415380414 0 -0.7057259907 0.04563112194 0.7070138802 0 -1.849045429 -0.002328476301 -1.845526944 0 6.761314432 31.81198843 -4.564504625 1


mesh: pSphereShape10 tranform: pSphere10 -0.4861896677 -0.5900466608 4.095509551 0 0.3754147031 3.452314248 0.5419470316 0 -5.004368265 0.6233511725 -0.5042756806 0 15.30880136 65.54223154 -11.81319411 1


mesh: pSphereShape11 tranform: pSphere11 -0.1098811517 -0.1547183127 0.9818290973 0 -2.256306958 3.160229332 0.2454803423 0 -2.101370668 -1.464124609 -0.4658936259 0 13.5871841 61.43867933 -13.16914245 1


mesh: pSphereShape12 tranform: pSphere12 -0.8047702816 -0.8943729198 7.083640093 0 -0.542621149 3.702794736 0.405863924 0 -5.824433868 -0.7703425876 -0.7589748721 0 15.95027364 51.65366526 -14.42581888 1


mesh: pSphereShape13 tranform: pSphere13 -0.5760938542 -0.580949511 4.906893652 0 -1.04900641 4.55968135 0.416682865 0 -4.30078163 -0.9332039655 -0.6154195437 0 15.83818387 46.44323917 -14.88818236 1


mesh: pSphereShape14 tranform: pSphere14 -0.5768709129 -0.3129990423 4.987826685 0 -1.174184668 5.355999162 0.2003015922 0 -4.208333066 -0.9022646696 -0.5433374265 0 16.55130707 42.08840335 -15.16509739 1


mesh: pSphereShape15 tranform: pSphere15 0.123725679 -0.07232793747 3.442939892 0 1.513334617 8.494456827 0.1240649569 0 -4.20158437 0.7461014009 0.166662176 0 15.85069799 28.89940872 -19.34851144 1


mesh: pSphereShape16 tranform: pSphere16 -0.120347007 0.2490510561 2.258663292 0 -6.841190988 4.505065604 -0.8612652504 0 -1.047602246 -1.568450064 0.1171260678 0 19.45368812 16.1779088 -19.56569549 1


mesh: pSphereShape17 tranform: pSphere17 -0.6719845461 -0.6963787696 2.360901512 0 -2.109229813 1.020746397 -0.2992686118 0 -2.309164543 -5.434210369 -2.260150027 0 26.7013114 6.566855923 -20.33962919 1


mesh: pSphereShape18 tranform: pSphere18 -0.1344338336 -0.1135614154 2.897503917 0 1.610919143 7.963949292 0.3868707074 0 -3.247888757 0.6630291675 -0.1247044409 0 15.48665138 28.4523305 -11.59290345 1


mesh: pSphereShape19 tranform: pSphere19 -0.05046768679 -0.1079909833 1.959374256 0 -4.079578168 8.868455354 0.3837073689 0 -2.077377563 -0.9510315257 -0.1059232401 0 16.60634347 12.80576915 -11.89852324 1


mesh: pSphereShape20 tranform: pSphere20 0.4359918733 0.2318497893 2.573793028 0 -0.5032620568 1.789842898 -0.07597989812 0 -5.639071517 -1.539139172 1.093886889 0 15.64318516 2.639478895 -12.02050867 1


mesh: pSphereShape21 tranform: pSphere21 -0.6874995252 -0.3730239958 5.94436017 0 1.515512356 2.917114259 0.3583342161 0 -5.298414638 2.806298616 -0.4366896942 0 18.49067309 38.47169735 -15.07287177 1


