mesh: pSphereShape1 tranform: pSphere1 1.979062504 2.682701516 0.03597208816 0 -0.997168862 0.7552687499 -1.465055757 0 -2.124183945 1.537025748 2.23816574 0 47.24864816 35.43470223 -28.14014682 1


mesh: pSphereShape2 tranform: pSphere2 2.689590559 5.245630521 0.2156854075 0 -2.688535779 1.418450721 -0.9718225631 0 -0.8618192804 0.3243809834 2.857672291 0 51.90282696 41.95172582 -27.77916803 1


mesh: pSphereShape3 tranform: pSphere3 0.9593791462 6.382924515 1.673429473 0 -2.72458864 0.709961247 -1.145979293 0 -1.270043942 -0.5168109672 2.699378216 0 55.32749383 51.76761805 -26.51474703 1


mesh: pSphereShape4 tranform: pSphere4 1.09056719 0.373126913 3.938844285 0 -0.6404069185 3.312257732 -0.1364577248 0 -3.699535663 -0.670469109 1.087822206 0 56.46341624 58.34647559 -22.17503634 1


mesh: pSphereShape5 tranform: pSphere5 0.7619841949 0.3753855416 4.155361704 0 -0.6099743761 3.081538159 -0.1665255846 0 -3.868742865 -0.723926152 0.7748236031 0 57.64542135 59.36900449 -15.64997715 1


mesh: pSphereShape6 tranform: pSphere6 -0.6279818267 -5.04060921 3.287621685 0 -1.291956709 1.232409287 1.64275844 0 -2.001366319 -0.5218922312 -1.182458578 0 57.40432353 53.46050788 -10.88668667 1


mesh: pSphereShape7 tranform: pSphere7 -3.925038265 -3.660254072 1.945026154 0 -0.9610294326 1.675231196 1.213194232 0 -1.707273309 0.6414457042 -2.238149244 0 52.4508986 45.25881608 -7.120161482 1


mesh: pSphereShape8 tranform: pSphere8 -1.067995782 -4.111614219 0.6578937371 0 -0.5974889383 0.2756844089 0.7529973939 0 -1.991786412 0.2498472698 -1.671917268 0 47.71158814 39.27223219 -4.952551071 1


mesh: pSphereShape10 tranform: pSphere10 0.2110903116 0.1433375439 4.158440713 0 0.5038120559 3.475364485 -0.1453670005 0 -5.009273971 0.7357530326 0.2289195004 0 57.54217825 68.64510478 -19.44748351 1


mesh: pSphereShape11 tranform: pSphere11 0.1062756748 0.02367365341 0.9940548471 0 -2.084690627 3.28197401 0.1447159463 0 -2.180487428 -1.396778769 0.2663833188 0 55.59298886 64.480584 -19.6550603 1


mesh: pSphereShape12 tranform: pSphere12 1.388991336 0.6226058072 7.022006847 0 -0.4248428581 3.732079401 -0.246868352 0 -5.773647943 -0.5783093673 1.193334886 0 57.49567086 54.51531509 -19.45746705 1


mesh: pSphereShape13 tranform: pSphere13 0.9587053017 0.4649078885 4.859190939 0 -0.7744218086 4.623973281 -0.2896118672 0 -4.298398609 -0.662806388 0.9114771387 0 57.22010391 49.35552019 -18.73624568 1


mesh: pSphereShape14 tranform: pSphere14 0.934044524 0.4242462746 4.925113138 0 -0.8929276633 5.405594226 -0.2962914713 0 -4.203834213 -0.6476569059 0.8530432172 0 57.69375752 44.96224492 -18.44044736 1


mesh: pSphereShape15 tranform: pSphere15 0.8290464855 0.2511229057 3.335265159 0 0.1077052553 8.602028343 -0.6744468306 0 -4.144787967 0.1318967457 1.020338546 0 57.0689873 31.3675078 -21.71373539 1


mesh: pSphereShape16 tranform: pSphere16 0.4910144699 0.2894300479 2.202999032 0 -3.917532248 7.244725156 -0.07865465514 0 -1.611533129 -0.8662895132 0.4729989823 0 59.50798606 15.99933635 -21.60363839 1


mesh: pSphereShape17 tranform: pSphere17 0.06955426756 0.1162244644 2.547943612 0 -1.521992008 1.806158274 -0.04084028321 0 -4.832078485 -4.064663455 0.317316682 0 61.21120556 3.833489648 -21.55758445 1


mesh: pSphereShape18 tranform: pSphere18 0.3681145866 0.02186908215 2.879324746 0 2.894793414 7.589889865 -0.4277390411 0 -3.071386986 1.193049572 0.3836078071 0 55.80075487 31.74166402 -14.04009996 1


mesh: pSphereShape19 tranform: pSphere19 0.3149145888 -0.07346405327 1.936178801 0 -5.992595827 7.611314959 1.2634752 0 -1.768673337 -1.431263098 0.2333641128 0 57.01686035 17.52328132 -14.07975569 1


mesh: pSphereShape20 tranform: pSphere20 0.9907130564 0.5652437004 2.359500156 0 -1.084838615 1.508929357 0.09402456088 0 -4.276796603 -3.23497278 2.570725077 0 58.96312448 7.13167414 -13.8250567 1


mesh: pSphereShape21 tranform: pSphere21 1.113169606 0.5056055104 5.86961982 0 1.643323511 2.815511881 -0.5541817369 0 -5.095907596 3.111781913 0.6983885658 0 59.45812069 41.25674589 -18.35977561 1


