mesh: pSphereShape1 tranform: pSphere1 -0.5356375838 3.256038025 -0.4755823497 0 1.45955005 0.4135351123 1.187378355 0 2.18072713 -0.03120235575 -2.6697279 0 36.72056422 33.379555 -9.219154385 1


mesh: pSphereShape2 tranform: pSphere2 -0.377463959 5.841751658 -0.7269908202 0 2.883109323 0.3508837953 1.322583597 0 1.272897332 -0.2546604095 -2.707236021 0 35.21157163 41.1443068 -10.492549 1


mesh: pSphereShape3 tranform: pSphere3 0.3845309124 6.418629737 -1.765170863 0 2.684549276 0.2263996725 1.408060775 0 1.409656293 -0.7886840334 -2.560780072 0 34.83275152 51.67772595 -12.32033373 1


mesh: pSphereShape4 tranform: pSphere4 -0.9873921627 0.1659165528 -3.980023015 0 0.4004070808 3.352287882 0.04041213712 0 3.770576554 -0.4388714433 -0.9537265892 0 34.78140403 58.14575287 -16.78732526 1


mesh: pSphereShape5 tranform: pSphere5 -0.6922679993 0.1843535373 -4.180352126 0 0.4129527868 3.117750962 0.06910767561 0 3.922447152 -0.5046451815 -0.6718136849 0 33.71237026 58.8648383 -23.37558253 1


mesh: pSphereShape6 tranform: pSphere6 0.5445255319 -5.468024558 -2.532737275 0 0.5460216415 1.03812775 -2.123862336 0 2.311407148 -0.03674718337 0.5762756059 0 33.97255159 52.49002076 -27.46278773 1


mesh: pSphereShape7 tranform: pSphere7 2.28819124 -4.437862945 -2.76695958 0 0.4858225443 1.35399648 -1.769883432 0 2.572552513 0.5999720309 1.165141154 0 37.64393658 43.37734185 -31.60363694 1


mesh: pSphereShape8 tranform: pSphere8 -0.3548824183 -4.201369353 -0.8374751769 0 0.6408206371 0.09765459193 -0.7614541955 0 1.993930359 -0.4903782799 1.615151692 0 40.23820316 36.36142115 -34.26338751 1


mesh: pSphereShape10 tranform: pSphere10 -0.3011114825 -0.08760060366 -4.154442435 0 0.2242296297 3.506380431 -0.09018759183 0 5.044585284 -0.3318207038 -0.3586317256 0 35.82063619 68.11302494 -20.10567391 1


mesh: pSphereShape11 tranform: pSphere11 -0.1068540456 0.01392933547 -0.9941771404 0 2.766460388 2.723555418 -0.2591793323 0 1.809193233 -1.858676632 -0.2204936502 0 36.90675507 63.61538801 -19.54048158 1


mesh: pSphereShape12 tranform: pSphere12 -1.514412848 0.2716479081 -7.018424056 0 0.1603307757 3.759234778 0.1109054213 0 5.785397066 -0.2096777478 -1.256469843 0 34.09786909 54.16349919 -19.3938129 1


mesh: pSphereShape13 tranform: pSphere13 -1.082087533 0.2058307222 -4.851155745 0 0.566165559 4.662517748 0.07153938585 0 4.304087014 -0.5075804943 -0.9815958933 0 34.6677207 48.99061828 -19.92411623 1


mesh: pSphereShape14 tranform: pSphere14 -1.10494651 0.2872161184 -4.899567696 0 0.6429308138 5.446267258 0.1742708001 0 4.201562445 -0.4648024334 -0.9747799819 0 34.39113613 44.58137604 -20.09512178 1


mesh: pSphereShape15 tranform: pSphere15 -0.9501467963 0.3363737933 -3.295215958 0 -0.7088395957 8.53243737 1.07537413 0 4.090002263 0.4822101689 -1.130092756 0 36.20857513 30.96754214 -17.42838304 1


mesh: pSphereShape16 tranform: pSphere16 -0.5766614712 0.3551226379 -2.172422417 0 3.518466319 7.44176454 0.2825302692 0 1.6401787 -0.7542660094 -0.5586780856 0 34.77088096 15.53460808 -18.16386798 1


mesh: pSphereShape17 tranform: pSphere17 0.01142128885 0.1499069061 -2.547108173 0 1.354552689 1.93162639 0.1197573297 0 5.179560954 -3.620395996 -0.1898486707 0 33.86701204 3.389279371 -18.40253292 1


mesh: pSphereShape18 tranform: pSphere18 -0.6081137538 0.1965005007 -2.83162194 0 -3.27699434 7.345605505 1.213509628 0 2.955533929 1.407236897 -0.5370696052 0 36.82369728 31.78745877 -25.45282603 1


mesh: pSphereShape19 tranform: pSphere19 -0.481679763 0.02837732882 -1.902770572 0 6.223563622 7.38646059 -1.465314143 0 1.671289468 -1.496525553 -0.4453998422 0 35.81971911 18.05175112 -26.14003756 1


mesh: pSphereShape20 tranform: pSphere20 -1.339284649 0.6535560884 -2.155791005 0 1.184202139 1.40128893 -0.310866328 0 3.436045816 -3.620807684 -3.232337599 0 33.06324602 7.581183212 -26.73332631 1


mesh: pSphereShape21 tranform: pSphere21 -1.316846081 0.3422965877 -5.839175437 0 -1.757773865 2.744879566 0.5573185067 0 4.917743749 3.334727781 -0.913561461 0 32.8037884 40.79601257 -20.05563873 1


