mesh: pSphereShape1 tranform: pSphere1 -0.3172610587 3.237441721 -0.7301960947 0 1.817372708 0.03417945565 -0.6380855733 0 -1.095407755 -0.8209507869 -3.16387628 0 -138.8756132 31.05950857 -5.652875784 1


mesh: pSphereShape2 tranform: pSphere2 0.0864164891 5.704823786 -1.498190538 0 3.125883799 -0.2072196401 -0.6087500923 0 -0.6033745551 -0.7385057793 -2.846892126 0 -139.8408844 38.83869123 -7.311021385 1


mesh: pSphereShape3 tranform: pSphere3 -0.2656607316 6.192501414 -2.458627773 0 3.001694103 -0.06034391583 -0.4763275062 0 -0.4627461794 -1.121246351 -2.774062101 0 -140.1217866 49.17972314 -10.24259284 1


mesh: pSphereShape4 tranform: pSphere4 -3.506933051 0.2349478982 -2.118790893 0 0.5602222224 3.281547684 -0.5633727709 0 1.926557954 -0.8933492314 -3.287818684 0 -142.6896776 55.47735549 -14.20209864 1


mesh: pSphereShape5 tranform: pSphere5 -3.405607217 0.2233222133 -2.518041258 0 0.5412585689 3.064453768 -0.4602599289 0 2.289130386 -0.8810525892 -3.174148776 0 -148.0404692 56.26048832 -18.16539325 1


mesh: pSphereShape6 tranform: pSphere6 -2.429959351 -5.339617992 -1.481329123 0 -1.023754275 1.008250015 -1.954993394 0 1.936494857 -0.5248450612 -1.284745993 0 -151.7985914 50.0062439 -20.51529382 1


mesh: pSphereShape7 tranform: pSphere7 -1.009466831 -4.579528267 -3.255059072 0 -0.7541159111 1.354990296 -1.672461619 0 2.676489523 0.1699513143 -1.069143192 0 -153.7128837 40.65391999 -25.14520393 1


mesh: pSphereShape8 tranform: pSphere8 -0.7869384586 -4.224254085 0.1233528806 0 -0.4841507248 0.06471214422 -0.8725883417 0 2.235272417 -0.4536084078 -1.273868421 0 -154.9110292 33.52931841 -28.45268331 1


mesh: pSphereShape10 tranform: pSphere10 -2.318762287 0.3340853941 -3.445208607 0 0.3152172065 3.498229121 0.1270731424 0 4.186095078 -0.2738920819 -2.843967916 0 -143.5354833 65.55442393 -16.43415793 1


mesh: pSphereShape11 tranform: pSphere11 -0.6536954099 0.05123746197 -0.755021214 0 2.16410717 2.758752121 -1.686463166 0 1.335780445 -1.830799631 -1.280757486 0 -142.689382 61.04366395 -17.14110214 1


mesh: pSphereShape12 tranform: pSphere12 -5.864592519 0.3661275734 -4.134975245 0 0.4333668549 3.728417773 -0.2845104007 0 3.353911707 -0.7579441206 -4.823929665 0 -145.2755895 51.5684762 -15.26502099 1


mesh: pSphereShape13 tranform: pSphere13 -4.081432322 0.1970147813 -2.83726755 0 0.5562454558 4.639703524 -0.4779908779 0 2.485451259 -0.6711154213 -3.621942795 0 -145.4409768 46.39372444 -15.77553603 1


mesh: pSphereShape14 tranform: pSphere14 -4.147541227 0.1690505536 -2.842267963 0 0.5690096597 5.433653838 -0.5071403724 0 2.413679783 -0.5847370871 -3.556908311 0 -145.7867165 41.99908048 -15.5635426 1


mesh: pSphereShape15 tranform: pSphere15 -2.915739816 0.6319843581 -1.724364106 0 1.172460211 8.474922796 1.123561848 0 2.200821673 0.1801375921 -3.655364442 0 -143.680449 28.57085666 -14.18021749 1


mesh: pSphereShape16 tranform: pSphere16 -1.906083276 0.4750313621 -1.148591071 0 2.531785073 7.775453329 -0.985737248 0 0.8532685988 -0.4826549985 -1.615611783 0 -146.0604424 12.78954413 -14.62944532 1


mesh: pSphereShape17 tranform: pSphere17 -2.250474958 0.2367637522 -1.178841787 0 0.2896892613 2.342993054 -0.08245601947 0 2.87664702 -0.5528447484 -5.602715946 0 -146.710074 2.211797206 -17.38197202 1


mesh: pSphereShape18 tranform: pSphere18 -2.359417608 0.8479691437 -1.463077058 0 -0.2705731085 6.837049827 4.398949603 0 1.9292904 1.513676002 -2.233956975 0 -149.1943708 29.60688408 -21.82914332 1


mesh: pSphereShape19 tranform: pSphere19 -1.656329647 0.4644752782 -0.9456169046 0 4.623124783 7.340816371 -4.492084369 0 0.5790515447 -1.408775985 -1.706232038 0 -152.6549349 16.5767624 -23.6650717 1


mesh: pSphereShape20 tranform: pSphere20 -2.395227264 1.042095592 -0.2125486279 0 0.6972678349 1.395852207 -1.013902079 0 -0.9266503525 -3.142174369 -4.963136594 0 -157.0862762 6.44573082 -23.34302638 1


mesh: pSphereShape21 tranform: pSphere21 -4.942930144 0.2014699871 -3.387339925 0 -0.9174967898 2.797708618 1.50524511 0 2.965470758 3.198384244 -4.137091841 0 -146.9077417 38.2521054 -14.31707214 1


