mesh: pSphereShape1 tranform: pSphere1 1.833364557 2.643641696 -0.8745300447 0 1.380390482 -0.5520185111 1.225137819 0 1.479325946 -1.853575652 -2.501967927 0 11.37609665 32.12923148 -6.32151313 1


mesh: pSphereShape2 tranform: pSphere2 3.400595785 4.667608564 -1.202678564 0 2.037999353 -0.8955768612 2.286737174 0 1.530499019 -1.631106034 -2.002826072 0 15.3130088 38.71098252 -8.612238193 1


mesh: pSphereShape3 tranform: pSphere3 3.729803104 5.084470769 -2.167769755 0 2.026846336 -0.5497952335 2.197797967 0 1.491115051 -1.880709292 -1.845604619 0 21.0675499 47.39780855 -11.36937107 1


mesh: pSphereShape4 tranform: pSphere4 -0.02306796694 0.341711984 -4.089713386 0 0.8134192367 3.265909017 0.2682917403 0 3.798659763 -0.9379102171 -0.09979245009 0 24.61239909 52.92457938 -16.13285503 1


mesh: pSphereShape5 tranform: pSphere5 0.3867521478 0.3165897955 -4.211740589 0 0.7835873003 3.031791247 0.299849484 0 3.86772981 -1.027131588 0.2779547808 0 25.2523371 53.84822255 -22.74274003 1


mesh: pSphereShape6 tranform: pSphere6 2.180145675 -5.138104068 -2.336110046 0 0.7955129368 1.219846186 -1.940560365 0 2.080611036 0.3849952821 1.094935288 0 27.33470567 47.9284191 -26.70681637 1


mesh: pSphereShape7 tranform: pSphere7 5.311746977 -1.743009428 -1.154891414 0 0.1968250872 1.641112933 -1.57156788 0 1.027731157 1.800740588 2.009141305 0 34.99248643 41.91275131 -28.89907295 1


mesh: pSphereShape8 tranform: pSphere8 3.023997031 -3.053286969 -0.1081262522 0 0.5188436419 0.537409897 -0.6648246971 0 1.268950984 1.187708431 1.950398986 0 42.17755511 38.68979398 -29.70031841 1


mesh: pSphereShape10 tranform: pSphere10 0.07550612114 0.1516959669 -4.162814084 0 -0.2853736008 3.500956484 0.1224012207 0 5.050622394 0.4079689372 0.1064760856 0 24.92015919 63.21539109 -18.89560219 1


mesh: pSphereShape11 tranform: pSphere11 0.004019292043 0.05377162813 -0.9985451704 0 2.331399212 3.109908672 0.1768527175 0 2.084047746 -1.558049841 -0.07551233771 0 26.58694765 58.90124489 -18.43623374 1


mesh: pSphereShape12 tranform: pSphere12 -0.1158010753 0.5734685771 -7.161231667 0 0.6327095155 3.699690896 0.2860385094 0 5.838915689 -0.9851537625 -0.1733092154 0 24.01453065 49.10198479 -18.98730537 1


mesh: pSphereShape13 tranform: pSphere13 -0.2820158372 0.2157365382 -4.961946855 0 1.210592382 4.536816102 0.1284477231 0 4.286178422 -1.135418097 -0.2929739895 0 23.94784895 43.89059677 -19.51844463 1


mesh: pSphereShape14 tranform: pSphere14 -0.5333501969 0.0960899386 -5.001546539 0 1.35254112 5.317369625 -0.04207345677 0 4.179028985 -1.06667784 -0.4661324095 0 23.0804395 39.55591354 -19.61160615 1


mesh: pSphereShape15 tranform: pSphere15 -0.806401801 -0.003154639588 -3.35023591 0 -3.667868713 7.761541473 0.8755476177 0 3.734152426 1.866236351 -0.9005677884 0 26.83224203 27.42308051 -16.35607158 1


mesh: pSphereShape16 tranform: pSphere16 -0.5198232471 0.1812424366 -2.207941274 0 1.664563495 8.061989651 0.2698875437 0 1.799722487 -0.3564257455 -0.4529726716 0 30.03356741 12.56376833 -16.82212839 1


mesh: pSphereShape17 tranform: pSphere17 -0.1060442328 0.01158584885 -2.549310291 0 0.2335876595 2.350695894 0.0009666077891 0 6.285800702 -0.6245086802 -0.2643100678 0 32.64933665 1.653705616 -17.02187421 1


mesh: pSphereShape18 tranform: pSphere18 -0.6480980307 0.1574263536 -2.825187336 0 -0.6397333655 8.087217009 0.5973943735 0 3.222944783 0.3082942415 -0.7221646873 0 22.04227769 25.78810767 -24.01470254 1


mesh: pSphereShape19 tranform: pSphere19 -0.5608433371 0.0242428805 -1.881016626 0 8.831596881 3.275553696 -2.591010277 0 0.7273488723 -2.154598706 -0.2446349709 0 16.11462576 14.28833584 -23.16574192 1


mesh: pSphereShape20 tranform: pSphere20 -1.049550748 1.136857425 -2.115242826 0 1.704547617 0.3929981506 -0.6345495394 0 0.134009666 -5.208880039 -2.866055764 0 8.025697591 6.434180412 -22.303941 1


mesh: pSphereShape21 tranform: pSphere21 -0.6356326848 0.1145174521 -5.96071113 0 -1.418734257 2.979671606 0.2085352298 0 5.39265351 2.604390241 -0.5250210295 0 20.99987543 36.01784219 -19.55233866 1


