mesh: pSphereShape1 tranform: pSphere1 3.032667009 1.040316012 0.9140805324 0 -0.5653862693 1.829947624 -0.2068696597 0 -1.01335024 0.05934236398 3.294478902 0 27.9951033 48.72007533 -17.32808534 1


mesh: pSphereShape2 tranform: pSphere2 5.683614548 1.286383059 0.9158610282 0 -0.6967790903 3.113951793 -0.04969210129 0 -0.4650377817 -0.05673236121 2.965597363 0 35.68770462 49.95748299 -15.83847768 1


mesh: pSphereShape3 tranform: pSphere3 6.002225457 1.812077818 2.269837757 0 -0.7975224293 2.924656573 -0.225917413 0 -1.052729012 -0.06784893395 2.837940467 0 45.82873957 52.4124832 -13.54053084 1


mesh: pSphereShape4 tranform: pSphere4 3.999121589 0.0252696479 0.9216521837 0 -0.06396119733 3.370672621 0.1851163571 0 -0.8761770255 -0.2257599185 3.807991121 0 53.9550151 55.14087655 -10.84838395 1


mesh: pSphereShape5 tranform: pSphere5 4.121030749 0.02114711864 1.002608337 0 -0.06852619738 3.137602141 0.2154852636 0 -0.9444481352 -0.2876512195 3.888041479 0 60.44604611 55.62344482 -9.098943656 1


mesh: pSphereShape6 tranform: pSphere6 5.927636837 -1.199293831 -0.1880812531 0 0.4856007896 2.368662646 0.2006719327 0 0.0332424682 -0.2078652451 2.373127454 0 67.76891253 53.31071731 -8.823076825 1


mesh: pSphereShape7 tranform: pSphere7 5.620916892 -0.3646648475 0.9267280223 0 0.1024977699 2.262554318 0.2686252846 0 -0.4866892948 -0.3137663643 2.828467956 0 78.15971259 51.40438357 -6.971375135 1


mesh: pSphereShape8 tranform: pSphere8 3.872339773 -1.435859213 -1.192519875 0 0.32732945 0.9421970244 -0.07155556179 0 0.7452821873 -0.06883144733 2.502950422 0 85.96388965 50.43231306 -6.652691472 1


mesh: pSphereShape10 tranform: pSphere10 4.155903429 0.003699299705 0.2935761187 0 -0.02548372326 3.500314768 0.3166442145 0 -0.3552635949 -0.4580546332 5.03493159 0 56.81965476 64.9883006 -8.311323948 1


mesh: pSphereShape11 tranform: pSphere11 0.9883754824 0.035420298 0.1478489375 0 -0.5107677215 2.68209836 2.771948023 0 -0.1996218858 -1.883562877 1.7857263 0 55.93454495 60.47838691 -7.486823123 1


mesh: pSphereShape12 tranform: pSphere12 6.949436199 0.03675426813 1.824691955 0 -0.03421946596 3.763736077 0.05451475259 0 -1.503766765 -0.09665390472 5.729122444 0 56.43290196 51.06373949 -10.20268879 1


mesh: pSphereShape13 tranform: pSphere13 4.77550457 0.02316998296 1.393201719 0 -0.1127222693 4.68581736 0.3084516749 0 -1.240098961 -0.3099813343 4.255866495 0 56.40370135 45.91650083 -9.348254689 1


mesh: pSphereShape14 tranform: pSphere14 4.791773837 0.160688547 1.523891787 0 -0.2935030667 5.468041542 0.3463163658 0 -1.300816566 -0.3310933712 4.125241536 0 56.49138192 41.48456125 -9.393448339 1


mesh: pSphereShape15 tranform: pSphere15 3.389231686 -0.3453732522 0.5178806504 0 1.06483305 8.459708521 -1.326963785 0 -0.5633954765 0.7251147955 4.170677267 0 51.76584572 28.06428244 -9.221505065 1


mesh: pSphereShape16 tranform: pSphere16 2.242117179 -0.1487792278 0.3589498532 0 0.2808904401 8.076083268 1.592880303 0 -0.3161882317 -0.3499358164 1.829971177 0 49.48188094 12.36194255 -8.705632168 1


mesh: pSphereShape17 tranform: pSphere17 2.45725602 0.09370010788 0.6807905048 0 -0.1231330289 2.355999203 0.1201720594 0 -1.670589133 -0.3976663542 6.08458337 0 47.71043921 1.625634766 -6.204841167 1


mesh: pSphereShape18 tranform: pSphere18 2.208097707 0.3183653575 1.85726832 0 -0.1175665777 8.038796451 -1.238203328 0 -2.152812102 0.3534150819 2.498887369 0 60.49267586 27.80496104 -6.983711553 1


mesh: pSphereShape19 tranform: pSphere19 1.524154449 0.1854336847 1.223079752 0 -3.769241973 8.333212808 3.433666986 0 -1.139639622 -1.173994832 1.598166419 0 63.70943156 12.53026249 -7.813131601 1


mesh: pSphereShape20 tranform: pSphere20 2.140736675 0.0547230105 1.510796368 0 -0.3309768499 1.785941184 0.4042915484 0 -3.263314054 -1.665174229 4.68429735 0 64.04989773 2.752736258 -7.512508685 1


mesh: pSphereShape21 tranform: pSphere21 5.710709561 0.1915043683 1.816134003 0 0.5005526123 2.689548125 -1.857556104 0 -1.588947185 3.492152012 4.628102058 0 57.13389489 37.64603014 -10.69846342 1


