mesh: pSphereShape1 tranform: pSphere1 -0.920646954 3.187860882 -0.323762249 0 1.821321257 0.4856057367 -0.3976693883 0 -0.5960600488 -0.5130214196 -3.356413697 0 127.2624972 30.50888829 0.360599954 1


mesh: pSphereShape2 tranform: pSphere2 -0.9814463793 5.769253656 -0.7413045221 0 3.132122013 0.4848527178 -0.3733573544 0 -0.2862070999 -0.4287415723 -2.95778846 0 124.8490227 38.11556554 -0.3557704769 1


mesh: pSphereShape3 tranform: pSphere3 -1.211129191 6.308052574 -1.790010812 0 2.988424464 0.5110655519 -0.2209705834 0 -0.07155952834 -0.8389920085 -2.908215877 0 122.7932163 48.5141949 -2.063492649 1


mesh: pSphereShape4 tranform: pSphere4 -3.386053349 -0.2476145962 -2.30572863 0 -0.04341742167 3.362955027 -0.2973910441 0 2.211041276 -0.2561587632 -3.219492082 0 119.3503225 54.58947384 -5.518279637 1


mesh: pSphereShape5 tranform: pSphere5 -3.29455538 -0.2337478864 -2.660795348 0 -0.1167928526 3.140827093 -0.1313070447 0 2.521889682 -0.03663158701 -3.119346503 0 114.0662937 54.66963369 -9.662847992 1


mesh: pSphereShape6 tranform: pSphere6 -0.75601281 -5.691633628 -1.909007595 0 -1.03984155 0.8199923169 -2.032973741 0 2.131864343 0.07272301785 -1.061090344 0 112.2330398 47.90408861 -12.59424958 1


mesh: pSphereShape7 tranform: pSphere7 0.2767017607 -4.689515946 -3.243206486 0 -0.8802692856 1.161409719 -1.754443167 0 2.659752016 0.7407350008 -0.8441431478 0 113.0743426 38.44925205 -17.46982745 1


mesh: pSphereShape8 tranform: pSphere8 -0.175777818 -4.29432665 0.08167881445 0 -0.2056610234 -0.01019433562 -0.9785701911 0 2.554380824 -0.1147454364 -0.5356456039 0 113.8164298 31.21920902 -20.66908011 1


mesh: pSphereShape10 tranform: pSphere10 -3.913840422 -0.4189329432 -1.365313985 0 -0.3025562457 3.495630756 -0.2052846595 0 1.681637574 -0.1351112302 -4.779163358 0 116.215923 64.28638626 -8.480411372 1


mesh: pSphereShape11 tranform: pSphere11 -0.8910362958 -0.04592294661 -0.4516031471 0 0.9949680386 3.00055503 -2.268245849 0 0.9763073323 -1.652856722 -1.758227822 0 117.9071448 60.06531028 -9.027190168 1


mesh: pSphereShape12 tranform: pSphere12 -5.421467543 -0.385436874 -4.699430092 0 -0.1706111003 3.758765799 -0.1114612594 0 3.878322551 0.04325601834 -4.477749831 0 117.5326441 50.3562549 -6.905939407 1


mesh: pSphereShape13 tranform: pSphere13 -3.643407744 -0.08510830778 -3.386049079 0 -0.1351884237 4.695285273 0.02744755417 0 3.022902246 0.1060664239 -3.255325699 0 118.293304 45.3009979 -7.724222127 1


mesh: pSphereShape14 tranform: pSphere14 -3.587176993 0.2861337024 -3.51560126 0 0.1145343536 5.475794482 0.3288070134 0 3.040215186 0.1220863917 -3.092175743 0 118.4895494 40.90011804 -8.056729143 1


mesh: pSphereShape15 tranform: pSphere15 -2.291401953 -0.1693458068 -2.568106999 0 -0.7686345582 8.593973665 0.1191139327 0 3.166830537 0.3226959101 -2.846894184 0 121.8898923 26.84311018 -5.614145272 1


mesh: pSphereShape16 tranform: pSphere16 -1.388983089 0.1285930149 -1.79784858 0 5.166863581 5.300097594 -3.612723942 0 0.9139313261 -1.442580924 -0.8092678121 0 119.3076824 13.29220765 -2.432237133 1


mesh: pSphereShape17 tranform: pSphere17 -1.147438273 0.4289079632 -2.23825511 0 1.799256745 1.382279576 -0.6575056295 0 2.949430664 -5.015540843 -2.473129632 0 114.7920125 2.856394766 0.4783743318 1


mesh: pSphereShape18 tranform: pSphere18 -2.305639303 -0.3574145149 -1.72707263 0 -1.301881807 8.029227122 0.07637637377 0 1.94424563 0.3406058153 -2.666052674 0 116.5491367 27.40090494 -11.15135809 1


mesh: pSphereShape19 tranform: pSphere19 -1.573048136 -0.2144077562 -1.154515219 0 -0.1835356939 9.645247346 -1.541170989 0 1.367503651 -0.263868428 -1.814245147 0 117.9026902 11.03119603 -10.44688645 1


mesh: pSphereShape20 tranform: pSphere20 -2.450558042 0.1456043368 -0.9175066471 0 0.08713996276 1.857723604 0.06207156874 0 2.08952975 0.08799316042 -5.56693705 0 120.5246828 1.544713168 -13.49167625 1


mesh: pSphereShape21 tranform: pSphere21 -4.275102842 0.3410065929 -4.189800774 0 -1.434015081 2.471483272 1.664364111 0 3.311904388 3.979278402 -3.055460721 0 117.5407852 36.93920295 -7.54564542 1


