mesh: pSphereShape1 tranform: pSphere1 2.459918258 2.211120577 0.417872911 0 -0.8415736039 1.176685477 -1.272136059 0 -1.773725172 1.490925837 2.552455803 0 90.80969622 37.88125254 -31.78915173 1


mesh: pSphereShape2 tranform: pSphere2 3.579104206 4.55196507 1.125470661 0 -2.43375347 2.019458855 -0.4281310081 0 -0.6732948189 -0.1924654175 2.919568045 0 96.58007644 43.2793283 -30.43722558 1


mesh: pSphereShape3 tranform: pSphere3 0.119229507 5.689330345 3.475601308 0 -2.761981623 0.7035705931 -1.056949717 0 -1.263456439 -1.415044377 2.359676923 0 99.97715567 51.91919659 -26.90161275 1


mesh: pSphereShape4 tranform: pSphere4 -0.182112631 -0.2430899821 4.092773758 0 -0.9223933626 3.244377256 0.1516565938 0 -3.761108462 -1.058540917 -0.230226762 0 99.28111766 57.45802579 -20.95575185 1


mesh: pSphereShape5 tranform: pSphere5 -0.626626788 -0.3079331283 4.183429355 0 -0.9002288424 3.01292348 0.08693141769 0 -3.797697838 -1.115927992 -0.6509899331 0 98.25863797 57.39824872 -14.33168647 1


mesh: pSphereShape6 tranform: pSphere6 -0.1780567491 -5.295739265 2.921301106 0 -1.976049705 0.7303422791 1.203523078 0 -1.380598213 -0.9020513045 -1.719389121 0 98.05807209 50.9613863 -10.05636877 1


mesh: pSphereShape7 tranform: pSphere7 -4.893829318 -1.918110452 -2.226611526 0 -1.151442163 1.589919046 1.161101093 0 0.2911650409 1.828589646 -2.215181619 0 93.15646846 44.27228137 -10.66605492 1


mesh: pSphereShape8 tranform: pSphere8 -2.306277224 -3.342224949 -1.410470986 0 -0.8344345497 0.5468105889 0.06868160015 0 0.32921551 0.8115324214 -2.461295675 0 87.14546306 40.62182739 -14.33399391 1


mesh: pSphereShape10 tranform: pSphere10 -0.2217403277 -0.3714667901 4.143739566 0 0.1379637709 3.497299834 0.3208992395 0 -5.057096227 0.2224962096 -0.2506702473 0 98.35979575 67.25943289 -16.97699621 1


mesh: pSphereShape11 tranform: pSphere11 -0.08094604041 -0.06758976968 0.9944241357 0 -2.468458047 3.007479653 0.00348236939 0 -2.001119079 -1.642146626 -0.274505584 0 96.90100024 62.96659319 -18.1315193 1


mesh: pSphereShape12 tranform: pSphere12 -0.9607193452 -0.526071118 7.101111364 0 -0.7673960432 3.681362091 0.1689039905 0 -5.745224517 -1.158018872 -0.8630689343 0 99.89106429 53.28858176 -18.63487114 1


mesh: pSphereShape13 tranform: pSphere13 -0.6859139859 -0.5099607899 4.900658504 0 -1.350395532 4.490404695 0.2782636541 0 -4.211765024 -1.222189217 -0.7166745268 0 100.1094823 48.06557228 -18.87851841 1


mesh: pSphereShape14 tranform: pSphere14 -0.7080750446 -0.45073359 4.960305682 0 -1.600767472 5.242296337 0.2478507631 0 -4.104233414 -1.220310824 -0.6967595464 0 101.1509608 43.76349248 -19.14436151 1


mesh: pSphereShape15 tranform: pSphere15 -0.14940438 -0.1710756215 3.438427829 0 1.326345244 8.512968867 0.4811859694 0 -4.215755439 0.6653099433 -0.1500784781 0 101.0165984 31.02146807 -24.02515644 1


mesh: pSphereShape16 tranform: pSphere16 -0.2215996109 0.1252703207 2.261254222 0 -5.419449598 6.140822897 -0.8712911428 0 -1.411108046 -1.255098123 -0.06875584708 0 103.6727588 16.88545082 -24.6565265 1


mesh: pSphereShape17 tranform: pSphere17 -0.8747701466 -0.3415043035 2.372449066 0 -1.692091307 1.60072724 -0.3934903104 0 -3.842456941 -4.571819324 -2.074886524 0 107.988209 5.731365264 -25.24608006 1


mesh: pSphereShape18 tranform: pSphere18 -0.2377517636 -0.2888742605 2.878632203 0 0.239149369 8.088310091 0.8314236108 0 -3.30463515 0.1244810074 -0.2604443441 0 101.6027268 29.71217485 -16.42221341 1


mesh: pSphereShape19 tranform: pSphere19 -0.1212649435 -0.2123652898 1.94770437 0 -5.011501194 8.364481791 0.5999915636 0 -1.958218589 -1.155466005 -0.2479042236 0 104.9498763 14.25644004 -17.39961279 1


mesh: pSphereShape20 tranform: pSphere20 -0.008284042604 0.148327721 2.616521364 0 -1.111717005 1.489607627 -0.08796397338 0 -4.76879967 -3.548042512 0.1860363637 0 105.8305337 3.132680004 -18.43470548 1


mesh: pSphereShape21 tranform: pSphere21 -0.8438651458 -0.5371723937 5.911561365 0 1.267408948 3.020110214 0.4553521318 0 -5.4876593 2.388319751 -0.5663317642 0 103.366986 40.30952973 -19.04647194 1


