mesh: pSphereShape1 tranform: pSphere1 0.2177194665 3.273348239 0.5938512888 0 -0.9734165425 0.3592152603 -1.6231419 0 -2.966323064 -0.1205948463 1.752248791 0 -117.5842751 30.54419057 -20.05778236 1


mesh: pSphereShape2 tranform: pSphere2 -0.2231441571 5.854068432 0.690757995 0 -2.175395623 0.1916724958 -2.327140244 0 -2.19381893 -0.3224723955 2.024207617 0 -117.0046476 38.37422059 -18.45297106 1


mesh: pSphereShape3 tranform: pSphere3 -1.174866116 6.414338866 1.392281015 0 -1.961135142 0.1439703622 -2.318171318 0 -2.250977355 -0.8146533653 1.85369598 0 -117.7301078 48.93804856 -16.80595701 1


mesh: pSphereShape4 tranform: pSphere4 -0.691551599 0.2252105103 4.039070611 0 -0.1148358477 3.368021352 -0.2074558239 0 -3.855741999 -0.1715392298 -0.6505982095 0 -119.5021929 55.47694313 -12.76124873 1


mesh: pSphereShape5 tranform: pSphere5 -1.060843482 0.27161502 4.097487217 0 -0.09644778718 3.135628647 -0.2328255815 0 -3.881978086 -0.1930806267 -0.9922489895 0 -121.1366987 56.33501705 -6.309238407 1


mesh: pSphereShape6 tranform: pSphere6 -2.144583668 -5.320427303 1.924674759 0 -1.21364313 1.129919998 1.771155338 0 -1.882219902 0.2373496686 -1.441166302 0 -123.7205528 50.15146032 -2.837503594 1


mesh: pSphereShape7 tranform: pSphere7 -3.875283675 -3.955885758 1.385516616 0 -0.9524484717 1.451197164 1.479420858 0 -1.743665297 0.9787186239 -2.082615655 0 -129.9348832 41.75031304 -0.8916025374 1


mesh: pSphereShape8 tranform: pSphere8 -0.6428583059 -4.226618346 0.4485991536 0 -0.799250938 0.1823451386 0.5726676074 0 -1.520697283 0.005834739688 -2.124238652 0 -134.4385645 35.30043064 0.199018416 1


mesh: pSphereShape10 tranform: pSphere10 -0.9762506172 0.4088015327 4.029584343 0 0.5482692506 3.464779883 -0.2186724628 0 -4.863242804 0.6907790542 -1.248301288 0 -119.5732317 65.67366658 -10.45946264 1


mesh: pSphereShape11 tranform: pSphere11 -0.2139058415 0.09552100562 0.9721728388 0 -2.040322957 3.223217087 -0.7656271672 0 -2.145443032 -1.436682836 -0.3308973417 0 -121.4120411 61.44406697 -11.03236302 1


mesh: pSphereShape12 tranform: pSphere12 -1.189734306 0.3561978564 7.076946408 0 0.1802499933 3.756614466 -0.1587758837 0 -5.835309879 0.2380211333 -0.9929778409 0 -120.2223382 51.54278439 -10.09657617 1


mesh: pSphereShape13 tranform: pSphere13 -0.6574168729 0.1551154519 4.92856308 0 0.03602048203 4.694997136 -0.1429597468 0 -4.404578302 0.0158874247 -0.5880230062 0 -121.4303731 46.47925133 -9.859783898 1


mesh: pSphereShape14 tranform: pSphere14 -0.5036806672 0.05383751012 5.005254319 0 0.1140420641 5.485461969 -0.04752662225 0 -4.315390205 0.0859459407 -0.4351838277 0 -121.7543465 42.07744943 -9.779567083 1


mesh: pSphereShape15 tranform: pSphere15 0.3582737358 0.3279136355 3.411522688 0 2.278132722 8.258587912 -1.033057385 0 -4.095052254 1.169356418 0.317659255 0 -124.2933303 29.15195252 -12.96581171 1


mesh: pSphereShape16 tranform: pSphere16 0.2168639114 0.3366752263 2.240019985 0 -1.696864256 7.99277773 -1.037036119 0 -1.840438254 -0.3605747956 0.2323734801 0 -125.9343255 13.63681895 -11.77468746 1


mesh: pSphereShape17 tranform: pSphere17 -0.1984852061 0.08352702662 2.542437694 0 -0.3437579257 2.33483288 -0.103543348 0 -6.235611505 -0.9382918667 -0.455981245 0 -128.3757137 2.572236698 -11.17890173 1


mesh: pSphereShape18 tranform: pSphere18 0.1003410255 0.2616187197 2.889287961 0 4.170021658 6.941331282 -0.7733415578 0 -2.845872162 1.703490876 -0.05541412722 0 -126.6029649 29.3108207 -5.16828333 1


mesh: pSphereShape19 tranform: pSphere19 0.1429790447 0.0509596697 1.95711947 0 -6.675730883 7.12622014 0.3021480338 0 -1.661546494 -1.563383277 0.1620932348 0 -126.3250262 16.25242296 -4.110913813 1


mesh: pSphereShape20 tranform: pSphere20 0.8441280026 0.7100938101 2.377281743 0 -1.195085559 1.426306737 -0.001685285924 0 -4.13626484 -3.462769903 2.503038805 0 -123.5538217 6.09437547 -3.020892644 1


mesh: pSphereShape21 tranform: pSphere21 -0.6002733226 0.06416212331 5.965129965 0 2.16335863 2.493628255 0.1908776499 0 -4.506572777 3.947661712 -0.4959599856 0 -120.7110073 38.11474759 -9.537397803 1


