mesh: pSphereShape1 tranform: pSphere1 2.08861203 2.435439454 -0.9062032156 0 1.293846028 -0.6337367274 1.278868723 0 1.363518671 -2.063032913 -2.401812544 0 3.721384917 32.24017726 -6.015669615 1


mesh: pSphereShape2 tranform: pSphere2 3.684172958 4.420927984 -1.295886762 0 1.895208494 -0.8713916943 2.415269644 0 1.522844576 -1.810832924 -1.84826268 0 8.154223412 38.43418784 -8.453161348 1


mesh: pSphereShape3 tranform: pSphere3 4.138565015 4.72237865 -2.243639769 0 1.888408906 -0.5542335375 2.316772272 0 1.448450315 -2.065019597 -1.674644348 0 14.51465396 46.62193437 -11.38728092 1


mesh: pSphereShape4 tranform: pSphere4 0.2431747275 0.2555791909 -4.08883848 0 0.8681543079 3.252860007 0.2549566389 0 3.775291668 -1.020186011 0.1607589075 0 18.62274762 51.79083564 -16.20389904 1


mesh: pSphereShape5 tranform: pSphere5 0.7174345378 0.2107079037 -4.174859874 0 0.8329797598 3.019021634 0.2955165457 0 3.808262606 -1.109318643 0.5984480897 0 19.75847716 52.55138022 -22.76167315 1


mesh: pSphereShape6 tranform: pSphere6 2.110121381 -5.134916507 -2.406362182 0 0.8217755108 1.23686277 -1.918722382 0 2.081961756 0.3361383698 1.108374114 0 21.88244269 46.59700686 -26.77998942 1


mesh: pSphereShape7 tranform: pSphere7 5.636594984 -0.6674667856 -0.6081094211 0 0.02914889784 1.665509986 -1.557897366 0 0.4551839657 1.943339517 2.086093444 0 29.71359607 41.59703556 -28.50719091 1


mesh: pSphereShape8 tranform: pSphere8 3.623025023 -2.245799306 0.5557749553 0 0.4225497266 0.4935552613 -0.7601677003 0 0.8708069583 1.816481879 1.663440094 0 37.44030672 39.91718597 -28.64740326 1


mesh: pSphereShape10 tranform: pSphere10 0.2732307888 0.1610231552 -4.154172651 0 -0.2579361599 3.503207944 0.1188254648 0 5.043584374 0.3596270805 0.3456695098 0 19.229274 62.02781132 -18.94210609 1


mesh: pSphereShape11 tranform: pSphere11 0.05264139694 0.05327500381 -0.9971913845 0 2.360308151 3.079542744 0.2891246096 0 2.064914441 -1.584933052 0.02433100281 0 20.83745584 57.6898493 -18.41953873 1


mesh: pSphereShape12 tranform: pSphere12 0.2337555842 0.4402345364 -7.16777978 0 0.7169129249 3.686932997 0.2498259842 0 5.812353819 -1.138301312 0.1196396427 0 18.10229871 47.92449967 -19.01626699 1


mesh: pSphereShape13 tranform: pSphere13 -0.07201599183 -0.01389521113 -4.974094129 0 1.28414679 4.518265794 -0.03121399753 0 4.273924478 -1.215106012 -0.05848436885 0 17.94302793 42.70642035 -19.38772841 1


mesh: pSphereShape14 tranform: pSphere14 -0.3449252733 -0.04062884039 -5.018818521 0 1.389837521 5.306103493 -0.1384730122 0 4.186096075 -1.103746685 -0.2787601063 0 17.03338334 38.3911426 -19.37055207 1


mesh: pSphereShape15 tranform: pSphere15 -0.8186765769 -0.1456518614 -3.344088616 0 -4.705109133 7.184670634 0.8389436737 0 3.433088888 2.358401385 -0.9431852362 0 21.59693208 26.83279342 -16.21112269 1


mesh: pSphereShape16 tranform: pSphere16 -0.5575905942 0.05922855192 -2.205369449 0 -0.1062233469 8.232042881 0.247940824 0 1.83199434 0.03755980459 -0.4621802484 0 27.37339849 12.54280472 -16.6272936 1


mesh: pSphereShape17 tranform: pSphere17 -0.1753567029 0.1698822047 -2.53983319 0 -0.1221176525 2.353278819 0.1658354354 0 6.298853105 0.3558329772 -0.4110885809 0 32.20574717 2.165722746 -17.00111648 1


mesh: pSphereShape18 tranform: pSphere18 -0.6077923216 -0.05605370799 -2.837947158 0 1.045583595 8.057866943 -0.3830835955 0 3.215544884 -0.4495648923 -0.6797814066 0 14.14287764 24.74001392 -22.87102429 1


mesh: pSphereShape19 tranform: pSphere19 -0.5048719218 -0.08145255811 -1.895211423 0 8.573799913 3.987573414 -2.455382464 0 0.9251790402 -2.085816466 -0.1568172445 0 6.525711334 12.65871338 -21.02634271 1


mesh: pSphereShape20 tranform: pSphere20 -0.8240879587 0.4405687018 -2.448475453 0 1.663426597 0.7137668351 -0.4314303007 0 1.89936279 -5.400176065 -1.610957773 0 -0.01237329738 4.094855612 -19.32559709 1


mesh: pSphereShape21 tranform: pSphere21 -0.411072835 -0.04842037942 -5.981295422 0 -1.404950422 2.992594062 0.07233122303 0 5.426384569 2.557070325 -0.3936360668 0 14.92768835 34.86835591 -19.29161575 1


