mesh: pSphereShape1 tranform: pSphere1 1.693800438 2.496709805 1.41857324 0 -0.05971154947 0.9816794341 -1.656473669 0 -2.967337043 1.460519207 0.9725152848 0 -141.0671166 32.50678806 -22.58949792 1


mesh: pSphereShape2 tranform: pSphere2 2.146948469 5.045438106 2.175137634 0 -1.615598522 1.640231224 -2.210011115 0 -2.347333748 0.1962672546 1.861652453 0 -137.324428 38.63924135 -19.03443679 1


mesh: pSphereShape3 tranform: pSphere3 -0.01571694175 6.182425523 2.497972684 0 -1.552499192 0.9756821384 -2.424559216 0 -2.603023505 -0.5849570933 1.431377579 0 -135.0518623 48.11724394 -15.16017615 1


mesh: pSphereShape4 tranform: pSphere4 -1.424019984 -0.08167590908 3.848188004 0 -0.3103184835 3.361785964 -0.04348093104 0 -3.653169126 -0.3547974759 -1.359383752 0 -136.4837978 54.22080681 -10.3504512 1


mesh: pSphereShape5 tranform: pSphere5 -1.344131414 -0.1090681142 4.021191365 0 -0.2478809979 3.135957128 0.002200416052 0 -3.79150484 -0.2988036575 -1.275460491 0 -138.8548235 54.51170554 -4.034194832 1


mesh: pSphereShape6 tranform: pSphere6 0.08009159955 -5.276503359 2.960178435 0 -1.795433526 0.7776281304 1.434696144 0 -1.602121634 -0.8811762041 -1.527344657 0 -139.3566883 48.11111736 0.2875924649 1


mesh: pSphereShape7 tranform: pSphere7 -1.036803138 -4.933286581 2.6784762 0 -1.733141052 0.9720407752 1.119453527 0 -1.802007646 -0.7720402938 -2.119497348 0 -140.7451741 38.28082035 4.386357333 1


mesh: pSphereShape8 tranform: pSphere8 1.905739471 -3.332818951 1.933723236 0 -0.8723523006 -0.257821262 0.4153668986 0 -0.5383220769 -1.506246445 -2.065520542 0 -140.7125935 30.96606681 7.481685029 1


mesh: pSphereShape10 tranform: pSphere10 -2.358410662 0.3412649921 3.417480255 0 0.4478018514 3.485837649 -0.03906202443 0 -4.127785201 0.4977903371 -2.898302347 0 -137.3109085 64.20222774 -7.751697959 1


mesh: pSphereShape11 tranform: pSphere11 -0.5047764711 0.007840861122 0.8632144781 0 -1.801103431 3.274362672 -1.082961976 0 -1.896761196 -1.405955365 -1.096386294 0 -138.7062316 60.04679031 -8.654633272 1


mesh: pSphereShape12 tranform: pSphere12 -2.639033903 -0.1624940293 6.680913922 0 -0.06743307328 3.76312292 0.06489034948 0 -5.508899825 -0.06116707043 -2.177563259 0 -137.3877248 50.08382528 -8.074104198 1


mesh: pSphereShape13 tranform: pSphere13 -1.815851767 -0.1988967068 4.627106465 0 -0.01852530002 4.693247426 0.1944697545 0 -4.137028182 0.05085221374 -1.621340605 0 -138.3654515 45.01295576 -8.421563222 1


mesh: pSphereShape14 tranform: pSphere14 -1.774532427 -0.225127786 4.702075674 0 0.02743004736 5.480002348 0.2727255777 0 -4.059235055 0.09632902665 -1.527316528 0 -138.6141131 40.61107288 -8.704974521 1


mesh: pSphereShape15 tranform: pSphere15 -0.3281591659 0.07675561938 3.429401494 0 -0.6698160999 8.599237995 -0.2565596745 0 -4.238215272 -0.3419965738 -0.3979000511 0 -136.7436742 27.04807037 -12.4755874 1


mesh: pSphereShape16 tranform: pSphere16 -0.3307764833 0.2135881012 2.24121323 0 -5.602312135 5.87622837 -1.386840629 0 -1.357768152 -1.312255801 -0.07533221178 0 -131.7706078 12.83435766 -11.91690222 1


mesh: pSphereShape17 tranform: pSphere17 -0.4371984271 -0.02557145018 2.513675836 0 -1.12586054 2.069354921 -0.1747671855 0 -5.451444762 -3.048628155 -0.9791719695 0 -128.7128293 2.769766358 -11.27496035 1


mesh: pSphereShape18 tranform: pSphere18 -1.351779367 0.4414888955 2.530667441 0 3.728213496 7.1921373 0.7367516158 0 -2.511216531 1.465345164 -1.597027031 0 -143.4914458 27.48651349 -5.948864561 1


mesh: pSphereShape19 tranform: pSphere19 -0.8911901197 0.2714405496 1.727847422 0 -0.0007308846826 9.650900882 -1.516509597 0 -2.03788467 -0.1613380487 -1.025755499 0 -147.9873144 12.22819508 -5.326908247 1


mesh: pSphereShape20 tranform: pSphere20 -0.8448213851 -0.1874915018 2.473737567 0 -0.06412190768 1.855900441 0.1187652263 0 -5.625629617 -0.07107568409 -1.926630518 0 -152.5070815 2.75151023 -6.254103744 1


mesh: pSphereShape21 tranform: pSphere21 -2.1148409 -0.2683013522 5.603809658 0 1.998037476 2.486026204 0.8730731173 0 -4.295199157 3.954859549 -1.43162762 0 -137.5996642 36.64434695 -8.411397935 1


