mesh: pSphereShape1 tranform: pSphere1 2.318177806 2.340332973 0.5135786666 0 -0.7762670191 1.075505489 -1.397090711 0 -2.051474544 1.524392655 2.313367824 0 89.98128581 38.03475078 -31.93015796 1


mesh: pSphereShape2 tranform: pSphere2 3.29257868 4.734567865 1.240906884 0 -2.497202869 1.894111518 -0.6008207449 0 -0.8285317771 -0.1787104709 2.880250697 0 95.39570773 43.7338397 -30.35809636 1


mesh: pSphereShape3 tranform: pSphere3 -0.04154971881 5.779252431 3.325810406 0 -2.725799153 0.6563973231 -1.1746737 0 -1.340100571 -1.361386993 2.348936751 0 98.44117347 52.61605798 -26.83456387 1


mesh: pSphereShape4 tranform: pSphere4 -0.171801857 -0.2176944757 4.094648706 0 -0.9025590946 3.250687176 0.1349554874 0 -3.768009844 -1.037341466 -0.213247743 0 97.63877913 58.24476241 -21.01767771 1


mesh: pSphereShape5 tranform: pSphere5 -0.6421997507 -0.2769737072 4.183232023 0 -0.8844108428 3.018176673 0.06406222699 0 -3.801412596 -1.099988339 -0.6564144793 0 96.60832309 58.23239651 -14.39879879 1


mesh: pSphereShape6 tranform: pSphere6 -0.2822805556 -5.299096342 2.906966524 0 -1.981888071 0.7528112463 1.179845322 0 -1.369792599 -0.8809366948 -1.738869089 0 96.29630015 51.80467431 -10.13079181 1


mesh: pSphereShape7 tranform: pSphere7 -4.869510188 -2.036434253 -2.174239649 0 -1.172363948 1.597295593 1.129613623 0 0.2600103555 1.785041744 -2.254233211 0 91.32719244 44.99934052 -10.71114295 1


mesh: pSphereShape8 tranform: pSphere8 -2.464412057 -3.21955944 -1.428257984 0 -0.8142218861 0.5660625908 0.1289025351 0 0.2391270068 0.899801535 -2.44092597 0 85.24075927 41.38224417 -14.25384417 1


mesh: pSphereShape10 tranform: pSphere10 -0.224245762 -0.3392375965 4.146367763 0 0.07455278514 3.501877313 0.2905402168 0 -5.05970255 0.1295417671 -0.2630426143 0 96.59615848 68.05576598 -17.11955867 1


mesh: pSphereShape11 tranform: pSphere11 -0.07774200557 -0.0609016385 0.9951116375 0 -2.49631205 2.984376672 -0.01237537138 0 -1.986459027 -1.662659226 -0.2569460252 0 95.22923511 63.7482691 -18.22636781 1


mesh: pSphereShape12 tranform: pSphere12 -0.8909224124 -0.4694177162 7.114170321 0 -0.7287925449 3.689925051 0.1522058834 0 -5.765284304 -1.105902442 -0.7949698902 0 98.21710601 54.0840162 -18.67440701 1


mesh: pSphereShape13 tranform: pSphere13 -0.6582338784 -0.4749413391 4.907968079 0 -1.247732876 4.520501999 0.2701063252 0 -4.243507646 -1.130734162 -0.6785400474 0 98.35045301 48.86307116 -18.89262034 1


mesh: pSphereShape14 tranform: pSphere14 -0.6923967036 -0.3983316736 4.966999313 0 -1.459245458 5.284655998 0.2203884185 0 -4.139054181 -1.115120283 -0.6664094338 0 99.28212912 44.53879172 -19.14188064 1


mesh: pSphereShape15 tranform: pSphere15 -0.07535590605 -0.159830195 3.44138784 0 1.764381138 8.435820356 0.430423835 0 -4.179301258 0.8767071914 -0.05079658547 0 98.57259217 31.80580082 -23.90456153 1


mesh: pSphereShape16 tranform: pSphere16 -0.1418936865 0.1188087167 2.2679992 0 -4.637780252 6.775995112 -0.6451144341 0 -1.557257987 -1.069794053 -0.04138635411 0 100.0841495 17.23354163 -24.66187877 1


mesh: pSphereShape17 tranform: pSphere17 -0.7350325294 -0.2669861728 2.428746206 0 -1.492971011 1.813176837 -0.252512639 0 -4.548444196 -3.998102911 -1.816036861 0 102.8820845 5.658752453 -25.403904 1


mesh: pSphereShape18 tranform: pSphere18 -0.268012758 -0.3171844302 2.87298813 0 0.257204027 8.078626409 0.9158925674 0 -3.301384083 0.1382931878 -0.2927086953 0 99.62206328 30.52289092 -16.43988604 1


mesh: pSphereShape19 tranform: pSphere19 -0.1375205892 -0.2371937913 1.943755054 0 -5.387765061 8.126438259 0.6104740782 0 -1.901167946 -1.238997092 -0.2857006868 0 103.2303985 15.25637193 -17.52220375 1


mesh: pSphereShape20 tranform: pSphere20 0.08318182365 0.1684137655 2.61399529 0 -1.222626737 1.401828827 -0.0514105554 0 -4.479053334 -3.892052397 0.3932872519 0 104.6982168 4.096807371 -18.43707935 1


mesh: pSphereShape21 tranform: pSphere21 -0.8251801129 -0.4747211731 5.919538658 0 1.349858456 2.988242709 0.4278134807 0 -5.425178828 2.529903835 -0.5533794018 0 101.4059247 41.02771604 -19.03211548 1


