mesh: pSphereShape1 tranform: pSphere1 0.2465352785 3.251740946 -0.693015862 0 1.140795402 0.2403556615 1.533616641 0 2.766149479 -0.6272915309 -1.95931464 0 54.46066085 29.72973719 19.205591 1


mesh: pSphereShape2 tranform: pSphere2 0.7227630972 5.805992576 -0.7517451968 0 1.625619893 0.15266444 2.742028393 0 2.557337049 -0.5109724685 -1.4876763 0 54.79291283 37.50947742 17.3265097 1


mesh: pSphereShape3 tranform: pSphere3 1.541045349 6.337326274 -1.387794956 0 1.436864764 0.2349667452 2.668502773 0 2.574699441 -0.9120960404 -1.306044236 0 56.24369186 48.00136016 15.52117319 1


mesh: pSphereShape4 tranform: pSphere4 1.04962207 0.1583938798 -3.964373806 0 0.3476132531 3.350808948 0.2259146629 0 3.762315834 -0.4562336752 0.9778959559 0 58.61683335 54.40769035 11.54204424 1


mesh: pSphereShape5 tranform: pSphere5 1.470856012 0.1592103955 -3.974896194 0 0.2722158196 3.125784891 0.2259298558 0 3.746440761 -0.425238217 1.369286721 0 60.88558297 55.10556859 5.264338046 1


mesh: pSphereShape6 tranform: pSphere6 2.195186041 -5.412898418 -1.578685431 0 1.527991324 1.071794247 -1.550206337 0 1.636370598 0.1607905518 1.724089498 0 63.59827085 48.78855563 2.203081689 1


mesh: pSphereShape7 tranform: pSphere7 3.84937127 -4.141624459 -0.7847290343 0 1.242238971 1.401268274 -1.301962726 0 1.439592163 0.8952006109 2.337035954 0 69.65677228 40.10346889 1.221927718 1


mesh: pSphereShape8 tranform: pSphere8 0.4730718602 -4.268361169 -0.1900173499 0 0.8383615416 0.1166227947 -0.5324932388 0 1.394766898 0.05627867058 2.208257714 0 73.96029858 33.44122753 0.7747239553 1


mesh: pSphereShape10 tranform: pSphere10 0.8383396937 0.3357893323 -4.067206169 0 0.1464173444 3.497138616 0.318904245 0 4.96003406 -0.2986471359 0.9977145845 0 60.78974932 64.41844512 9.647579043 1


mesh: pSphereShape11 tranform: pSphere11 0.2481913382 0.1145740786 -0.9619115553 0 2.560151131 2.757830304 0.989054759 0 1.850689966 -1.811887828 0.2616974913 0 61.71773131 59.90811652 10.24140449 1


mesh: pSphereShape12 tranform: pSphere12 2.207323529 0.2603162478 -6.832676882 0 0.1726544706 3.755063946 0.1988398479 0 5.630954006 -0.3545169244 1.805595518 0 59.19574443 50.41910745 8.913725848 1


mesh: pSphereShape13 tranform: pSphere13 1.466095193 -0.02407295496 -4.753627789 0 0.2842964192 4.688264108 0.06393963857 0 4.237794902 -0.2748241652 1.308395785 0 59.97654289 45.28789807 8.862051336 1


mesh: pSphereShape14 tranform: pSphere14 1.379417577 -0.08538078248 -4.837259634 0 0.2760248558 5.47987621 -0.01801073076 0 4.166156525 -0.2059352679 1.19167729 0 59.98595302 40.87294422 8.898676222 1


mesh: pSphereShape15 tranform: pSphere15 0.1108885805 0.003848655914 -3.444134635 0 -2.666428748 8.206439461 -0.07667898187 0 4.05924401 1.32016077 0.1321680768 0 61.63761528 28.02539347 12.9453461 1


mesh: pSphereShape16 tranform: pSphere16 0.08307447635 0.1090023018 -2.271406355 0 0.9317444165 8.172480509 0.4262660288 0 1.876369748 -0.2169612968 0.05821466214 0 64.22496366 12.51149743 13.52693022 1


mesh: pSphereShape17 tranform: pSphere17 0.5536314309 0.1066241741 -2.488470634 0 -0.0119900387 2.360190066 0.098460175 0 6.171571114 -0.02588072768 1.371933504 0 67.64405841 1.908654685 14.29156135 1


mesh: pSphereShape18 tranform: pSphere18 0.8506220022 -0.01716871059 -2.775363948 0 -0.2529302224 8.129508502 -0.1278106935 0 3.169925307 0.1138881276 0.9708466889 0 60.77003893 26.78483012 5.209363937 1


mesh: pSphereShape19 tranform: pSphere19 0.4947806875 -0.06828197797 -1.898390412 0 7.696270732 5.741897839 1.799365378 0 1.285386303 -1.848716277 0.4015076762 0 55.48485494 13.32295978 3.6251796 1


mesh: pSphereShape20 tranform: pSphere20 0.5041588204 -0.2977053751 -2.554495876 0 1.432519576 1.178703772 0.1453558545 0 3.618966188 -4.551751146 1.24471311 0 50.89823464 3.878422476 3.537762706 1


mesh: pSphereShape21 tranform: pSphere21 1.643953453 -0.1017545626 -5.764918333 0 -1.910059854 2.633804322 -0.5911707509 0 4.622174473 3.633499985 1.253949157 0 58.71798008 36.98839976 8.507821493 1


