mesh: pSphereShape1 tranform: pSphere1 2.275125767 2.313804789 0.7648398202 0 -0.6419658011 1.107185842 -1.439855693 0 -2.242746564 1.494775356 2.149354774 0 -88.98750531 36.3310651 -21.40046361 1


mesh: pSphereShape2 tranform: pSphere2 3.199140287 4.770004442 1.345219753 0 -2.165402361 1.856124586 -1.431956813 0 -1.487570881 0.2660352568 2.594340867 0 -83.72820521 42.01108657 -19.31954508 1


mesh: pSphereShape3 tranform: pSphere3 1.253663844 6.068959374 2.461414022 0 -2.254063965 1.149055174 -1.685100775 0 -1.950018976 -0.5131748116 2.258500731 0 -79.5592277 51.13022258 -16.34542829 1


mesh: pSphereShape4 tranform: pSphere4 0.002147046608 -0.2756087098 4.094763731 0 -0.4240097156 3.342051503 0.225167783 0 -3.88302014 -0.4905556045 -0.0309820982 0 -78.94071047 56.96647879 -11.20215629 1


mesh: pSphereShape5 tranform: pSphere5 -0.1741186753 -0.2865376777 4.228018916 0 -0.3498585499 3.120008287 0.1970386222 0 -3.983143568 -0.4344266123 -0.1934757839 0 -79.30003745 56.95607242 -4.482429161 1


mesh: pSphereShape6 tranform: pSphere6 -0.8461158032 -5.559495495 2.233082311 0 -1.453835981 0.9104598679 1.715827454 0 -1.878038572 -0.2912656231 -1.436726277 0 -80.20738226 50.28328746 -0.852850112 1


mesh: pSphereShape7 tranform: pSphere7 -3.370897553 -4.413258129 1.321633218 0 -1.202579348 1.338291608 1.401640418 0 -1.763945529 0.695289911 -2.177295315 0 -84.76496996 41.05625686 1.303282405 1


mesh: pSphereShape8 tranform: pSphere8 -0.4623662528 -4.263805017 0.2915387954 0 -0.7071404235 0.1242758802 0.6960660364 0 -1.825702364 0.07030164426 -1.867300907 0 -88.62950755 34.23115833 2.508298146 1


mesh: pSphereShape10 tranform: pSphere10 -0.2039714958 -0.184756906 4.157161826 0 0.3766258681 3.490148311 0.1735919782 0 -5.032896175 0.5541627718 -0.2223107978 0 -78.98983796 66.7960993 -7.466370017 1


mesh: pSphereShape11 tranform: pSphere11 -0.05950325388 -0.0561758229 0.9966461958 0 -2.254069115 3.17103351 0.0441590709 0 -2.116152683 -1.501289255 -0.2109616538 0 -80.74710848 62.58217576 -8.333094976 1


mesh: pSphereShape12 tranform: pSphere12 -0.542892305 -0.4784297563 7.148558456 0 -0.1335465464 3.75418192 0.2411130803 0 -5.903302496 -0.1804275294 -0.4603976338 0 -78.88973906 52.71994656 -8.947546151 1


mesh: pSphereShape13 tranform: pSphere13 -0.463951147 -0.3391318973 4.941328836 0 -0.4375289515 4.668541153 0.2793295499 0 -4.40491333 -0.3864892516 -0.4401114552 0 -79.62298108 47.55660992 -9.178983752 1


mesh: pSphereShape14 tranform: pSphere14 -0.5127729403 -0.144433978 5.00253598 0 -0.4960832702 5.463335395 0.1068884241 0 -4.297675089 -0.3814045294 -0.4515348363 0 -79.4716022 43.13609896 -9.368952011 1


mesh: pSphereShape15 tranform: pSphere15 -0.07687932225 -0.04222377935 3.444804957 0 1.880983564 8.420343911 0.1451889123 0 -4.16678457 0.9322060743 -0.081565811 0 -81.04993379 29.92283351 -13.65717808 1


mesh: pSphereShape16 tranform: pSphere16 -0.2325206874 0.2741696697 2.246961242 0 -6.486964313 4.913609811 -1.27083464 0 -1.148349213 -1.499468648 0.06412833154 0 -78.08437335 16.94972312 -13.58316606 1


mesh: pSphereShape17 tranform: pSphere17 -0.9577029757 -0.7427680312 2.245320296 0 -1.995579118 1.176703374 -0.4619182451 0 -2.411434318 -5.163912137 -2.736815181 0 -71.35753235 6.984386312 -14.13895114 1


mesh: pSphereShape18 tranform: pSphere18 -0.2440084867 -0.138394032 2.889256747 0 1.656938046 7.946871355 0.5205859658 0 -3.235679387 0.6903802576 -0.2401962803 0 -81.23311454 29.405515 -5.984266108 1


mesh: pSphereShape19 tranform: pSphere19 -0.1204181351 -0.1323359806 1.954825613 0 -4.531801435 8.649196863 0.3063643463 0 -2.021341103 -1.052160999 -0.1957437436 0 -79.83697503 13.94356328 -6.387642619 1


mesh: pSphereShape20 tranform: pSphere20 0.3519584838 0.2384213268 2.586026737 0 -0.7331572908 1.709304489 -0.05780826377 0 -5.407119727 -2.287209509 0.9467810798 0 -80.10324744 3.422663298 -6.582529391 1


mesh: pSphereShape21 tranform: pSphere21 -0.6111092536 -0.1721326021 5.961890319 0 1.872662755 2.711979714 0.2702534896 0 -4.916665353 3.435368803 -0.4047844884 0 -77.99473771 39.30847229 -9.233475946 1


