mesh: pSphereShape1 tranform: pSphere1 0.8546890051 3.148976284 0.6843426612 0 -1.143209352 0.619221907 -1.421549015 0 -2.630184662 0.2322179993 2.216347198 0 111.9725449 28.27356787 -30.59975012 1


mesh: pSphereShape2 tranform: pSphere2 0.8083280187 5.752186266 1.027626445 0 -2.586174982 0.674950894 -1.743790822 0 -1.710350992 -0.1990480346 2.459537717 0 114.0647975 35.79326721 -28.78103658 1


mesh: pSphereShape3 tranform: pSphere3 -0.6451894197 6.347336136 1.938441253 0 -2.390445786 0.3220196482 -1.850072718 0 -1.847274657 -0.870426567 2.235325899 0 114.6294357 46.15022709 -26.48319944 1


mesh: pSphereShape4 tranform: pSphere4 0.4150446318 -0.1167386806 4.081319005 0 -1.319942948 3.099655418 0.2228899328 0 -3.58070853 -1.547793147 0.3198638779 0 113.7708569 52.16559916 -21.75236276 1


mesh: pSphereShape5 tranform: pSphere5 -0.3359580178 -0.358652073 4.212726672 0 -1.165678438 2.917655011 0.1554347224 0 -3.712282322 -1.460755665 -0.4204103887 0 113.3939892 52.11876328 -15.09186522 1


mesh: pSphereShape6 tranform: pSphere6 0.547897904 -5.742146729 1.827051601 0 -1.298188644 0.5079708199 1.985777423 0 -2.001125388 -0.5614934717 -1.164589711 0 114.081419 45.29857521 -11.80067562 1


mesh: pSphereShape7 tranform: pSphere7 -1.904980792 -5.160388545 1.525762182 0 -1.21654544 0.9461826962 1.681241468 0 -2.244036921 0.298607477 -1.791836669 0 112.006834 35.13010667 -9.711729002 1


mesh: pSphereShape8 tranform: pSphere8 0.6773070862 -4.240657359 -0.1920700878 0 -0.4754361095 -0.1154370512 0.8721437915 0 -2.261151224 -0.3034968746 -1.272803563 0 110.2794069 27.49096743 -8.396806484 1


mesh: pSphereShape10 tranform: pSphere10 -0.1411737085 -0.4070532687 4.143924656 0 -0.2168040947 3.491915082 0.3356210658 0 -5.055623706 -0.2945558524 -0.201167043 0 112.245409 61.88441678 -17.60679254 1


mesh: pSphereShape11 tranform: pSphere11 -0.02260179234 -0.1083460538 0.9938562731 0 -2.730166729 2.761757753 0.2389871645 0 -1.853750716 -1.81180621 -0.239672625 0 111.2273244 57.49807967 -18.62165732 1


mesh: pSphereShape12 tranform: pSphere12 -0.2692677049 -0.5188438469 7.161271609 0 -1.306335698 3.524317148 0.2062226281 0 -5.551379114 -2.036844539 -0.3563070232 0 115.3143307 48.21661512 -19.47744517 1


mesh: pSphereShape13 tranform: pSphere13 -0.3802238715 -0.1920739323 4.956362496 0 -1.978858616 4.260126188 0.01328593401 0 -4.015787262 -1.8641754 -0.3803106978 0 116.298543 43.08011984 -19.53820033 1


mesh: pSphereShape14 tranform: pSphere14 -0.5707753516 -0.05950109787 4.997983454 0 -2.103885333 5.064270193 -0.1799758368 0 -3.976199286 -1.668703884 -0.473952401 0 117.8154424 38.9615139 -19.50668741 1


mesh: pSphereShape15 tranform: pSphere15 -0.4163533609 0.2640346492 3.41047065 0 -2.971322746 8.041257498 -0.9852865365 0 -3.976064385 -1.514305364 -0.3681658085 0 122.7295667 26.18280129 -22.636231 1


mesh: pSphereShape16 tranform: pSphere16 -0.3624739395 0.2613748803 2.231225115 0 -5.990322924 5.41937581 -1.608006574 0 -1.261582301 -1.406420603 -0.04019661187 0 130.5397363 12.7310799 -21.10542877 1


mesh: pSphereShape17 tranform: pSphere17 -0.7437014813 0.1236484513 2.437618046 0 -1.755121684 1.45890979 -0.609479625 0 -3.809270114 -4.963036796 -0.910433042 0 135.5772743 2.153786547 -19.91280786 1


mesh: pSphereShape18 tranform: pSphere18 -0.7320792533 -0.0399792309 2.808729112 0 4.150943155 6.895384546 1.180068068 0 -2.727391939 1.759232545 -0.6858384035 0 114.660757 26.62501126 -16.82282078 1


mesh: pSphereShape19 tranform: pSphere19 -0.4652001921 -0.08578561005 1.905147271 0 -1.790765012 9.603792329 -0.004827471365 0 -2.182112498 -0.407163265 -0.5511636388 0 111.1331016 11.682441 -17.76169116 1


mesh: pSphereShape20 tranform: pSphere20 -0.1578891641 0.1921540555 2.608908128 0 0.05824672867 1.855120542 -0.1331102481 0 -5.933098289 0.1596783736 -0.3708274608 0 107.777727 2.239934651 -18.72593785 1


mesh: pSphereShape21 tranform: pSphere21 -0.6802349962 -0.07091183768 5.95646474 0 0.9722208101 3.157124829 0.1486143512 0 -5.705269055 1.78657801 -0.6302789168 0 120.3618419 35.76067335 -19.15930019 1


