mesh: pSphereShape1 tranform: pSphere1 1.026413203 3.009035173 1.003520342 0 -1.491216345 0.8121199181 -0.9098901283 0 -1.907010974 -0.3019460368 2.855893765 0 76.09102071 30.78354747 -28.53434121 1


mesh: pSphereShape2 tranform: pSphere2 1.262692722 5.523054105 1.642722611 0 -2.761431708 1.002191746 -1.246905291 0 -1.360893895 -0.4723641911 2.63421455 0 78.77642716 37.90550237 -26.03291225 1


mesh: pSphereShape3 tranform: pSphere3 0.5120969215 6.044758053 2.767879465 0 -2.585647113 0.8413854142 -1.359116023 0 -1.574995923 -0.9650325966 2.398926401 0 80.68823955 47.83172493 -22.55365155 1


mesh: pSphereShape4 tranform: pSphere4 1.706513527 0.1383723665 3.729841747 0 -0.4927308218 3.338666068 0.1015787568 0 -3.513464636 -0.5680779025 1.628589528 0 82.0721373 54.00967809 -17.3626984 1


mesh: pSphereShape5 tranform: pSphere5 1.268262911 0.1358645784 4.044949334 0 -0.4627032508 3.111259616 0.04057390646 0 -3.782139591 -0.5781938806 1.205281707 0 84.15867791 54.66268672 -11.03428832 1


mesh: pSphereShape6 tranform: pSphere6 0.9733097354 -5.566187584 2.16351165 0 -0.3149430663 0.823508926 2.260372534 0 -2.330994066 -0.4676204304 -0.154417387 0 85.59984539 48.13110232 -7.361507751 1


mesh: pSphereShape7 tranform: pSphere7 -0.6585685938 -4.951857816 2.762590011 0 -0.3955335779 1.134231882 1.938785342 0 -2.82381111 0.04083059757 -0.5999753824 0 84.72603122 38.26380796 -3.355784595 1


mesh: pSphereShape8 tranform: pSphere8 1.238675381 -4.115255044 0.0957594506 0 -0.2575690694 -0.05507955067 0.9646887672 0 -2.409456782 -0.7411912403 -0.6856366986 0 84.35766004 30.76359069 -0.7623711829 1


mesh: pSphereShape10 tranform: pSphere10 2.951634244 -0.01197956925 2.94031388 0 -0.05520195014 3.513574672 0.06972965672 0 -3.575989278 -0.1274138025 3.589237911 0 82.5943805 64.05232045 -13.87870644 1


mesh: pSphereShape11 tranform: pSphere11 0.5685485364 0.06324999667 0.8202146059 0 -2.224993388 2.906914698 1.318135987 0 -1.539452376 -1.722422988 1.199925771 0 81.02952101 59.65275429 -13.90711645 1


mesh: pSphereShape12 tranform: pSphere12 1.995922344 0.222583671 6.898714779 0 -0.3311733943 3.749605713 -0.02516477819 0 -5.666909933 -0.4894044707 1.655329429 0 83.36291946 50.01299605 -15.01453559 1


mesh: pSphereShape13 tranform: pSphere13 1.445961395 0.4885336399 4.734714596 0 -0.5868747818 4.650798108 -0.3006460097 0 -4.215422651 -0.4457417026 1.33336405 0 82.96319255 44.87578181 -14.35619183 1


mesh: pSphereShape14 tranform: pSphere14 1.398842187 0.3106078939 4.822439918 0 -0.4921120795 5.460742908 -0.2089736178 0 -4.148851973 -0.3270265915 1.224518358 0 83.17202746 40.48520904 -14.08337667 1


mesh: pSphereShape15 tranform: pSphere15 0.827232247 0.3064423936 3.331089062 0 -1.328352009 8.514182148 -0.4533804745 0 -4.093231209 -0.5816332507 1.070007397 0 83.68663105 27.294308 -18.11532067 1


mesh: pSphereShape16 tranform: pSphere16 0.5083033934 0.2696428633 2.201588083 0 -3.949355932 7.227805243 0.02659213223 0 -1.603728182 -0.87805346 0.4778102381 0 87.68674761 11.91232936 -18.3217558 1


mesh: pSphereShape17 tranform: pSphere17 0.2857536116 0.1185898088 2.53271473 0 -0.3468764675 2.335611388 -0.07022445228 0 -6.213531279 -0.9004651469 0.7432045036 0 87.77000868 1.711595499 -18.07457546 1


mesh: pSphereShape18 tranform: pSphere18 0.9059567291 0.05881513639 2.757223383 0 3.696121433 7.116266672 -1.366255017 0 -2.767717164 1.605547681 0.8751563252 0 80.69793463 27.23353953 -9.38387319 1


mesh: pSphereShape19 tranform: pSphere19 0.6406195426 0.06376893268 1.854426229 0 2.907235524 9.232578828 -1.321801618 0 -2.052017636 0.7439826661 0.6832947026 0 74.34427705 12.32201796 -6.400252121 1


mesh: pSphereShape20 tranform: pSphere20 1.325638607 -0.08073022932 2.259296063 0 0.6081309353 1.733727764 -0.2948695468 0 -4.747534716 2.152119659 2.862509491 0 67.09601743 5.128329261 -3.290570645 1


mesh: pSphereShape21 tranform: pSphere21 1.667103191 0.3701742882 5.747256587 0 1.801709571 2.684185271 -0.695506123 0 -4.755692364 3.491343532 1.154607282 0 84.64265322 36.65365582 -14.16503566 1


