mesh: pSphereShape1 tranform: pSphere1 -0.6326812991 3.177426405 0.7864767167 0 -0.2972421302 0.4013432423 -1.860574028 0 -3.342615906 -0.7573167986 0.3706502845 0 144.7658581 30.04201903 -28.85238584 1


mesh: pSphereShape2 tranform: pSphere2 -1.166932715 5.706603839 0.9327367264 0 -0.47185141 0.4149224813 -3.128875478 0 -2.909369259 -0.6525013474 0.3522199961 0 143.4315361 37.6127542 -26.60791782 1


mesh: pSphereShape3 tranform: pSphere3 -2.382408614 6.143480329 1.021899482 0 -0.2997740298 0.3828831414 -3.000705384 0 -2.812013384 -1.113577079 0.1388335876 0 140.8491651 47.85156634 -24.76803079 1


mesh: pSphereShape4 tranform: pSphere4 -2.153853435 0.6494347454 3.432521621 0 -0.3986246791 3.239747327 -0.8630924846 0 -3.299465775 -0.9115845833 -1.897890737 0 136.9880589 54.46082305 -21.71540243 1


mesh: pSphereShape5 tranform: pSphere5 -2.746316465 0.6070664734 3.174552139 0 -0.3173731362 3.011903107 -0.8505239003 0 -3.030001527 -1.005210772 -2.429039747 0 132.8003664 55.86017924 -16.70233617 1


mesh: pSphereShape6 tranform: pSphere6 -1.863106605 -5.209534425 2.44951905 0 -2.016820821 1.092901676 0.7903415609 0 -1.102647922 -0.562773844 -2.035558915 0 129.9509101 49.90080991 -12.90632501 1


mesh: pSphereShape7 tranform: pSphere7 -3.38028429 -4.497697361 0.9648360253 0 -1.715641722 1.404232346 0.5352778507 0 -0.8343192429 0.03416742368 -2.763745786 0 124.9699333 40.69636369 -11.02323882 1


mesh: pSphereShape8 tranform: pSphere8 0.05777237939 -4.147933413 1.126996627 0 -0.9558492857 0.06457649836 0.2866740638 0 -0.7668871021 -0.6647383955 -2.407270479 0 121.5754235 33.6164046 -9.837335432 1


mesh: pSphereShape10 tranform: pSphere10 -1.532457552 0.4751201111 3.844940658 0 -0.4352728179 3.435981251 -0.598069285 0 -4.67090157 -0.8964727287 -1.75087908 0 133.288215 64.46612328 -21.28489203 1


mesh: pSphereShape11 tranform: pSphere11 -0.4790685931 0.1558345363 0.8638338268 0 -2.539397064 2.314326577 -1.825811098 0 -1.527942029 -2.052877556 -0.4770359798 0 133.0092057 59.780929 -21.8590771 1


mesh: pSphereShape12 tranform: pSphere12 -4.530816735 1.032722909 5.480027208 0 -0.1921964675 3.662240458 -0.8490626807 0 -4.587753558 -1.073275814 -3.590835106 0 135.7863435 50.86279599 -18.75574612 1


mesh: pSphereShape13 tranform: pSphere13 -3.14758576 0.8339279781 3.760885506 0 -0.3090694262 4.514672393 -1.259739 0 -3.428634015 -0.9750778937 -2.653304614 0 135.1589555 45.74831498 -17.98921852 1


mesh: pSphereShape14 tranform: pSphere14 -3.245381134 0.8354584216 3.752155915 0 -0.2863434477 5.290649554 -1.425690048 0 -3.307017401 -0.8960146601 -2.660856616 0 135.2268812 41.44888323 -16.99663596 1


mesh: pSphereShape15 tranform: pSphere15 -2.491535966 0.04448603948 2.380051259 0 0.8231018958 8.56104983 0.7016406767 0 -2.921879764 0.5324261488 -3.068696114 0 137.4383517 27.82317342 -19.95412682 1


mesh: pSphereShape16 tranform: pSphere16 -1.652693876 0.08541425525 1.561850523 0 -0.7303855826 8.113309392 -1.216567162 0 -1.288155569 -0.3177480306 -1.345702791 0 137.3831157 11.8556368 -20.68208333 1


mesh: pSphereShape17 tranform: pSphere17 -2.246076205 -0.140857905 1.202357394 0 -0.1228401357 2.358612185 0.0468420334 0 -2.981535825 -0.04456525509 -5.574909813 0 136.3352901 1.312387202 -23.57775173 1


mesh: pSphereShape18 tranform: pSphere18 -2.202567491 0.3231042305 1.863007703 0 2.221235237 7.718669872 1.287426579 0 -1.961694705 0.9797007419 -2.489152585 0 130.6005941 28.4761092 -14.40928763 1


mesh: pSphereShape19 tranform: pSphere19 -1.466553774 0.1776451461 1.292678903 0 -1.723293698 9.067648678 -3.201202278 0 -1.465803933 -0.8256051382 -1.549507413 0 129.00413 13.03320916 -13.26508329 1


mesh: pSphereShape20 tranform: pSphere20 -1.613927775 0.4349605246 2.018489601 0 -0.1265237462 1.791428126 -0.4871963201 0 -4.667893851 -1.270277339 -3.458587568 0 127.1152747 2.878130736 -13.6262344 1


mesh: pSphereShape21 tranform: pSphere21 -3.867759561 0.9956772917 4.471720367 0 1.48508808 2.883849434 0.6423881618 0 -3.716266101 2.767000479 -3.830441503 0 136.2414724 37.89896073 -15.20251683 1


