mesh: pSphereShape1 tranform: pSphere1 -1.074016752 3.147195539 -0.2377352829 0 0.7702357749 0.1298296668 -1.760978735 0 -2.958191376 -1.11345644 -1.375976017 0 142.2685663 31.05786356 -12.92797017 1


mesh: pSphereShape2 tranform: pSphere2 -1.563860743 5.602801436 -0.9798024175 0 1.833104628 0.05491810317 -2.611776714 0 -2.325205908 -0.9378576509 -1.651692141 0 139.6227758 38.61341473 -13.24728127 1


mesh: pSphereShape3 tranform: pSphere3 -2.530372306 6.006104894 -1.409404095 0 1.820478553 0.1975791898 -2.42642063 0 -2.135199667 -1.300331062 -1.707866932 0 136.3260847 48.71832255 -14.87172601 1


mesh: pSphereShape4 tranform: pSphere4 -3.947841246 -0.04307372797 1.120602043 0 -0.1697049116 3.339244408 -0.4695104274 0 -1.051256679 -0.5772779689 -3.725729411 0 131.1725461 54.71116161 -15.51526872 1


mesh: pSphereShape5 tranform: pSphere5 -4.205544595 -0.04947214811 0.5472771443 0 -0.09090196926 3.116679979 -0.4167969271 0 -0.5066358196 -0.5419752526 -3.942229701 0 124.5762199 55.07344271 -14.49535795 1


mesh: pSphereShape6 tranform: pSphere6 -2.293087171 -5.525371332 -0.9069628434 0 -2.177580037 0.9757674862 -0.4389340208 0 0.5372147809 0.1571709708 -2.315760026 0 120.7651015 48.56969383 -15.1520013 1


mesh: pSphereShape7 tranform: pSphere7 -2.580535276 -4.224024996 -2.84340685 0 -1.821667175 1.332873102 -0.3267956168 0 1.146530846 0.9616194278 -2.46906903 0 117.0039378 39.73065833 -19.67349686 1


mesh: pSphereShape8 tranform: pSphere8 -0.1880009113 -4.256159686 -0.5732111595 0 -0.9719474201 0.07304218148 -0.2235688984 0 0.6037297974 0.313043039 -2.522391427 0 114.359585 33.05965006 -23.08690455 1


mesh: pSphereShape10 tranform: pSphere10 -3.479341427 -0.3611509561 2.263070294 0 -0.5773243805 3.450547513 -0.336949366 0 -2.660621615 -0.8579757977 -4.22747354 0 126.2914193 64.27754136 -16.34996004 1


mesh: pSphereShape11 tranform: pSphere11 -0.9109745808 -0.03415559276 0.4110458717 0 -1.293166773 2.532624563 -2.655515701 0 -0.6358229064 -1.974164325 -1.573175412 0 127.2366302 59.85254311 -17.51666702 1


mesh: pSphereShape12 tranform: pSphere12 -7.067736775 -0.09573311272 1.289746931 0 -0.1009210029 3.752909488 -0.2744766186 0 -1.054403912 -0.4534067007 -5.811725664 0 128.8308088 50.60070814 -14.64073131 1


mesh: pSphereShape13 tranform: pSphere13 -4.9141306 -0.03379363697 0.7727678919 0 -0.09485845812 4.67940873 -0.3985836046 0 -0.6850969196 -0.3864162848 -4.373517823 0 128.6066915 45.4454734 -15.23497988 1


mesh: pSphereShape14 tranform: pSphere14 -4.972985185 0.242488321 0.7209585671 0 0.209789768 5.468788005 -0.3923052253 0 -0.6345936096 -0.2828362909 -4.282132515 0 128.5135275 41.04437713 -15.15012253 1


mesh: pSphereShape15 tranform: pSphere15 -3.01127389 -0.3281055477 1.642848375 0 -0.1407931796 8.506785316 1.440885639 0 -2.075038568 0.5899332717 -3.68564085 0 131.8981348 27.22156181 -16.99569193 1


mesh: pSphereShape16 tranform: pSphere16 -2.005513038 -0.1261335657 1.067744107 0 -1.359184442 7.961920261 -1.612368277 0 -0.8366681199 -0.4723708552 -1.627291251 0 133.6529017 11.54459004 -18.07713925 1


mesh: pSphereShape17 tranform: pSphere17 -2.227408976 0.1720436181 1.232644644 0 0.02309745679 2.344838965 -0.2855381708 0 -3.083265286 -0.6372576303 -5.482566849 0 133.2223303 0.7608897824 -20.23902433 1


mesh: pSphereShape18 tranform: pSphere18 -2.847018039 0.1413818194 -0.5486319953 0 0.3204295762 8.116809688 0.4288859202 0 0.6341073285 0.1468391697 -3.252735219 0 123.8784575 27.58080339 -14.5518837 1


mesh: pSphereShape19 tranform: pSphere19 -1.929740231 0.100884473 -0.3453715096 0 1.045066741 9.186288865 -3.155886902 0 0.3404204535 -0.7693805929 -2.126815849 0 122.337289 11.52916563 -12.87027217 1


mesh: pSphereShape20 tranform: pSphere20 -2.508855606 -0.2181565404 -0.7254688538 0 -0.1164123079 1.850763935 -0.153961931 0 1.678269857 -0.3680458789 -5.693208059 0 123.3170906 2.087643672 -14.5683331 1


mesh: pSphereShape21 tranform: pSphere21 -5.926672462 0.2889911795 0.8592193877 0 0.4073532265 2.666290806 1.913032513 0 -0.5270138886 3.543968299 -4.827188887 0 128.4366696 37.19415056 -13.72883558 1


