mesh: pSphereShape1 tranform: pSphere1 0.03768007461 3.257684425 -0.7077727098 0 1.215011971 0.3039611643 1.463734442 0 2.674915557 -0.4911851376 -2.118385089 0 57.49392905 29.60829014 20.45380315 1


mesh: pSphereShape2 tranform: pSphere2 0.4230431289 5.825756005 -0.82380739 0 1.919325203 0.2198280628 2.540183569 0 2.38902039 -0.4235543289 -1.768454049 0 57.32853019 37.39084241 18.56315518 1


mesh: pSphereShape3 tranform: pSphere3 1.211223046 6.377529782 -1.523992297 0 1.718009553 0.2695186784 2.493290923 0 2.43646256 -0.8421629065 -1.58781604 0 58.24389892 47.91555982 16.63509455 1


mesh: pSphereShape4 tranform: pSphere4 0.6715324165 0.2188427117 -4.042796912 0 0.3829579157 3.345631554 0.2447156654 0 3.835649186 -0.4837348202 0.6109386598 0 60.08344365 54.3956917 12.47386594 1


mesh: pSphereShape5 tranform: pSphere5 1.080943355 0.2234288178 -4.095144214 0 0.3117815839 3.120048114 0.2525251465 0 3.858535819 -0.4659526626 0.9930667121 0 61.74616771 55.19152027 6.020987242 1


mesh: pSphereShape6 tranform: pSphere6 2.065195353 -5.361545824 -1.897196155 0 1.377700033 1.116593985 -1.655838329 0 1.784558171 0.1307816977 1.572989261 0 64.17395038 48.95056294 2.585428478 1


mesh: pSphereShape7 tranform: pSphere7 3.746509131 -4.122042064 -1.248579409 0 1.119788095 1.434276221 -1.37504317 0 1.654013858 0.8323446834 2.215172062 0 70.12414297 40.30350299 0.8360436002 1


mesh: pSphereShape8 tranform: pSphere8 0.410401889 -4.26324033 -0.3676449745 0 0.8050472996 0.1274594148 -0.5793556274 0 1.529536632 -0.0353718309 2.117595487 0 74.32879171 33.63812866 -0.1536320673 1


mesh: pSphereShape10 tranform: pSphere10 0.5717195875 0.3410041356 -4.112734714 0 0.08750704674 3.500572258 0.3024117032 0 5.018658822 -0.1844049678 0.682364142 0 61.87891589 64.47679078 10.43002013 1


mesh: pSphereShape11 tranform: pSphere11 0.1770062006 0.1169137151 -0.9772410082 0 2.58922168 2.790974553 0.8028843338 0 1.887631456 -1.787999298 0.1279938425 0 62.96411147 59.96586015 10.95474181 1


mesh: pSphereShape12 tranform: pSphere12 1.583926707 0.3663877363 -6.998746409 0 0.1824258159 3.752340715 0.2377226784 0 5.771105254 -0.3621152568 1.287135241 0 60.41478116 50.44844705 9.74386635 1


mesh: pSphereShape13 tranform: pSphere13 1.001023705 0.1552156751 -4.870405673 0 0.3338060044 4.680372213 0.2177672513 0 4.341319124 -0.350620475 0.8811055688 0 61.17113724 45.31022371 9.483396374 1


mesh: pSphereShape14 tranform: pSphere14 0.9139944056 0.03752033461 -4.946955624 0 0.3730252197 5.473044375 0.1104302245 0 4.255726243 -0.3058748268 0.7839636631 0 61.11843559 40.88992886 9.37741083 1


mesh: pSphereShape15 tranform: pSphere15 0.06817004664 -0.01961881126 -3.445191202 0 -2.276268828 8.322945775 -0.09243598855 0 4.118439243 1.127198776 0.07507272604 0 62.65837309 28.01192415 13.63236889 1


mesh: pSphereShape16 tranform: pSphere16 0.06093207036 0.09632873409 -2.272680742 0 1.400054822 8.107640481 0.3811828766 0 1.861579102 -0.3231663302 0.03621259415 0 64.44992181 12.40831804 14.26132415 1


mesh: pSphereShape17 tranform: pSphere17 0.556214826 -0.002782857102 -2.490176679 0 0.04023945661 2.361922055 0.006348501664 0 6.169288306 -0.1088087477 1.378116039 0 67.3108953 1.817624936 15.13231686 1


mesh: pSphereShape18 tranform: pSphere18 0.7103627772 0.08251643123 -2.813374017 0 -1.194236139 8.046037614 -0.06554784045 0 3.179276565 0.4785393475 0.8167869168 0 62.56952777 26.83973364 5.683726363 1


mesh: pSphereShape19 tranform: pSphere19 0.3838551953 -0.02373291588 -1.924954143 0 8.13805893 5.175053972 1.559007049 0 1.183681528 -1.93971667 0.2599529129 0 57.98438951 13.9376993 4.199869826 1


mesh: pSphereShape20 tranform: pSphere20 0.207089645 -0.09877590443 -2.610672516 0 1.626459939 0.8989914074 0.09500399627 0 2.850555347 -5.201934755 0.4229355839 0 52.40392952 4.553301257 3.716596867 1


mesh: pSphereShape21 tranform: pSphere21 1.089274404 0.04471574429 -5.895651118 0 -1.909029512 2.679526389 -0.3323873696 0 4.785568214 3.522473337 0.9108929404 0 59.74851663 37.03886922 8.99942919 1


