mesh: pSphereShape1 tranform: pSphere1 2.568220581 2.100698794 0.3258487896 0 -0.914333651 1.288750934 -1.101943737 0 -1.467904484 1.359110317 2.80750192 0 91.36293791 37.25948074 -31.53582069 1


mesh: pSphereShape2 tranform: pSphere2 3.802635439 4.397108648 1.001227442 0 -2.372703055 2.115745889 -0.2802957773 0 -0.5344079955 -0.2088860204 2.947035993 0 97.40919382 42.39943224 -30.40334072 1


mesh: pSphereShape3 tranform: pSphere3 0.4633020789 5.627037143 3.547436269 0 -2.783942995 0.8068105695 -0.9161958714 0 -1.197571635 -1.411736998 2.395739713 0 101.2662858 50.84998183 -26.92541572 1


mesh: pSphereShape4 tranform: pSphere4 -0.146656273 -0.2771533794 4.092032836 0 -0.9633776517 3.230748074 0.1842916225 0 -3.748690214 -1.105886552 -0.2092527515 0 100.8580763 56.30719191 -20.90550919 1


mesh: pSphereShape5 tranform: pSphere5 -0.5553477836 -0.3488345658 4.190282615 0 -0.9372249495 3.000253746 0.1255539215 0 -3.793063756 -1.159806933 -0.5992555941 0 99.92339716 56.18249197 -14.26448046 1


mesh: pSphereShape6 tranform: pSphere6 -0.1687847657 -5.328934556 2.86086122 0 -1.913074187 0.7524179697 1.288663817 0 -1.463799053 -0.8529092625 -1.675077627 0 99.7692563 49.70932005 -10.05305365 1


mesh: pSphereShape7 tranform: pSphere7 -4.970327879 -2.097706779 -1.866006172 0 -1.118825739 1.588838251 1.194001405 0 0.1020326043 1.778976558 -2.271646657 0 94.74107809 42.82913314 -10.38049721 1


mesh: pSphereShape8 tranform: pSphere8 -2.273584276 -3.471629784 -1.12134376 0 -0.8481034963 0.5143174904 0.1272712799 0 0.0819758019 0.7538178855 -2.499996537 0 88.59979535 38.89584523 -13.51372456 1


mesh: pSphereShape10 tranform: pSphere10 -0.2478467047 -0.4370550299 4.135854065 0 0.1824027035 3.489369198 0.3796686835 0 -5.052373436 0.2936738284 -0.271736494 0 100.0342242 66.07601287 -16.78057786 1


mesh: pSphereShape11 tranform: pSphere11 -0.07927000311 -0.08146205875 0.9935190988 0 -2.452802132 3.019817688 0.05190331356 0 -2.010170759 -1.62768091 -0.2938448598 0 98.51007237 61.80329274 -18.00068882 1


mesh: pSphereShape12 tranform: pSphere12 -0.8496806388 -0.5927088358 7.110010839 0 -0.836770295 3.66434838 0.2054714369 0 -5.733117502 -1.264852854 -0.7905766294 0 101.5602469 52.13105747 -18.62212089 1


mesh: pSphereShape13 tranform: pSphere13 -0.6214301729 -0.5278512727 4.907360732 0 -1.450067082 4.458080498 0.2958999972 0 -4.190039872 -1.318253177 -0.6723897019 0 101.8865008 46.91281017 -18.89083896 1


mesh: pSphereShape14 tranform: pSphere14 -0.6476036847 -0.4652186232 4.967227053 0 -1.728153529 5.201009574 0.2618056123 0 -4.079289919 -1.322430716 -0.6556943231 0 103.0291572 42.63517867 -19.16814442 1


mesh: pSphereShape15 tranform: pSphere15 -0.2037320409 -0.2099511332 3.433480486 0 0.8249063875 8.570446555 0.573014711 0 -4.243505379 0.4235412152 -0.2258976151 0 103.5471856 29.85116019 -24.16551884 1


mesh: pSphereShape16 tranform: pSphere16 -0.2934857372 0.1087581136 2.25390938 0 -6.163477952 5.359546635 -1.061172678 0 -1.229640148 -1.432105735 -0.09101019278 0 107.3788685 16.29941964 -24.74170536 1


mesh: pSphereShape17 tranform: pSphere17 -0.9219006597 -0.4005598087 2.345210776 0 -1.896082348 1.308786589 -0.5218090733 0 -3.000281836 -5.168814883 -2.062237371 0 113.2667816 5.761730639 -25.03493194 1


mesh: pSphereShape18 tranform: pSphere18 -0.2557395375 -0.2651516482 2.879373107 0 0.3532811437 8.08960657 0.7763219245 0 -3.301178136 0.1707937583 -0.2774755106 0 103.6405046 28.61898559 -16.38262555 1


mesh: pSphereShape19 tranform: pSphere19 -0.1356680615 -0.1940501071 1.948664991 0 -4.689317112 8.554179829 0.5253591327 0 -2.000226559 -1.081338636 -0.2469386683 0 106.6125494 13.02286181 -17.24230301 1


mesh: pSphereShape20 tranform: pSphere20 -0.05076783017 0.1056420757 2.618113093 0 -0.7793934835 1.687662567 -0.0832111849 0 -5.398818043 -2.493474006 -0.004075648196 0 106.6188327 2.466949615 -18.35115506 1


mesh: pSphereShape21 tranform: pSphere21 -0.7717969754 -0.5544352738 5.919810072 0 1.196324749 3.050971826 0.4417179252 0 -5.550700473 2.250753655 -0.512873991 0 105.3312768 39.23745964 -19.09094923 1


