mesh: pSphereShape1 tranform: pSphere1 -1.013184536 3.012132121 -1.007664126 0 1.527891043 0.8008169028 0.8575583036 0 1.819607918 -0.3600191291 -2.905753726 0 86.1476997 31.88495617 22.58084355 1


mesh: pSphereShape2 tranform: pSphere2 -1.13769734 5.548401391 -1.648618786 0 2.758450575 0.9499663596 1.293514793 0 1.394389468 -0.4905769136 -2.613285044 0 83.57535764 39.04296891 20.05915152 1


mesh: pSphereShape3 tranform: pSphere3 -0.2934346504 6.059847617 -2.766702527 0 2.580440107 0.7690969392 1.410856308 0 1.594870229 -1.004548812 -2.369392028 0 81.95424676 49.00924375 16.56985034 1


mesh: pSphereShape4 tranform: pSphere4 -1.241265939 -0.374805528 -3.893820036 0 0.4361853399 3.316550802 -0.4582860953 0 3.696269432 -0.6404249467 -1.116645993 0 81.12678283 54.76137246 11.1706885 1


mesh: pSphereShape5 tranform: pSphere5 -0.9809947033 -0.401720539 -4.106681764 0 0.4044081018 3.093981517 -0.3992610635 0 3.868433751 -0.6170931585 -0.8637177721 0 79.59983808 54.56399309 4.631056449 1


mesh: pSphereShape6 tranform: pSphere6 0.08834876197 -5.827025085 -1.627431069 0 0.517173485 0.6449199894 -2.281063321 0 2.327431414 -0.1038861603 0.4983147743 0 79.31688161 47.6087395 1.617289576 1


mesh: pSphereShape7 tranform: pSphere7 1.728486685 -5.0267888 -2.080922903 0 0.5069630645 0.99712191 -1.987599991 0 2.675717927 0.5279040483 0.9473107575 0 82.08141847 37.65796719 -1.107091355 1


mesh: pSphereShape8 tranform: pSphere8 -0.6705491647 -4.237046223 0.2767919215 0 0.4590296032 -0.1300576839 -0.8788497154 0 2.284907973 -0.2809282025 1.23499758 0 83.87248286 30.07686903 -2.636067303 1


mesh: pSphereShape10 tranform: pSphere10 -1.151767495 -0.3261340748 -3.990589197 0 -0.2147344187 3.500966404 -0.2241424188 0 4.860820975 0.20723769 -1.41987125 0 80.53054559 64.47131807 7.223200823 1


mesh: pSphereShape11 tranform: pSphere11 -0.2515220266 -0.0656847501 -0.9656201032 0 2.247056911 3.075342649 -0.7945023296 0 2.021761988 -1.585427677 -0.4187767534 0 82.20729786 60.23592711 7.784536186 1


mesh: pSphereShape12 tranform: pSphere12 -1.478844669 -0.6894123877 -6.997374086 0 0.2550021102 3.7319029 -0.4215765177 0 5.783235197 -0.5273723257 -1.170286085 0 80.20266026 50.46716666 9.207622686 1


mesh: pSphereShape13 tranform: pSphere13 -0.8639034143 -0.3207731416 -4.888534265 0 0.3565371957 4.669172078 -0.3693865275 0 4.363147263 -0.3921332659 -0.7453260631 0 80.82556945 45.31891755 9.341946995 1


mesh: pSphereShape14 tranform: pSphere14 -0.7172957406 -0.08277557705 -4.97873463 0 0.4161479339 5.468968194 -0.1508813372 0 4.281182852 -0.3426257337 -0.611101697 0 80.74845481 40.90703299 9.543608945 1


mesh: pSphereShape15 tranform: pSphere15 -0.343607049 -0.05397895732 -3.428322467 0 0.8226692133 8.587037433 -0.2176557996 0 4.229734537 -0.4158032552 -0.4173825508 0 80.18061091 27.23236723 14.02035659 1


mesh: pSphereShape16 tranform: pSphere16 -0.08269528034 0.1436639347 -2.269491543 0 6.319097383 5.281804645 0.1040961394 0 1.21014213 -1.445129772 -0.1355748925 0 74.59795643 13.56415025 14.94410093 1


mesh: pSphereShape17 tranform: pSphere17 0.6192407586 -0.143570012 -2.471091076 0 1.80971156 1.473063326 0.3679182241 0 3.762725074 -4.929686367 1.229330594 0 69.17314948 3.177063805 15.80561107 1


mesh: pSphereShape18 tranform: pSphere18 -0.1615148537 -0.1993461909 -2.891482603 0 -2.907892125 7.588363148 -0.3607296534 0 3.09251812 1.173009588 -0.2536147387 0 82.78653503 27.52628994 6.139127969 1


mesh: pSphereShape19 tranform: pSphere19 -0.1371480498 -0.1482821572 -1.952577612 0 0.9160825363 9.693282741 -0.8004700041 0 2.271485183 -0.2264265936 -0.1423527227 0 85.47351672 11.68213825 6.715026836 1


mesh: pSphereShape20 tranform: pSphere20 -0.8700025168 0.1891935558 -2.464864136 0 -0.04197716441 1.853683195 0.1570979707 0 5.607973349 0.2928414728 -1.956922144 0 89.64235226 2.306312395 6.455392852 1


mesh: pSphereShape21 tranform: pSphere21 -0.8548541278 -0.09864974754 -5.933524499 0 -1.901546704 2.695616909 0.2291425815 0 4.84294107 3.480545927 -0.7555986568 0 79.31035592 37.06631581 9.719595971 1


