mesh: pSphereShape1 tranform: pSphere1 3.121325629 1.033237861 0.5519199661 0 -0.5594090807 1.825795768 -0.2543546545 0 -0.681944759 0.2604185731 3.369143062 0 25.71489293 50.11081237 -13.83702405 1


mesh: pSphereShape2 tranform: pSphere2 5.828619233 0.9044807325 0.07854660929 0 -0.4868211903 3.150337342 -0.1518088895 0 -0.06136292556 0.1350197577 2.998708167 0 33.54316092 50.99650474 -13.35701023 1


mesh: pSphereShape3 tranform: pSphere3 6.368774607 1.458103963 1.332344829 0 -0.6152704151 2.961755022 -0.3002436979 0 -0.654810401 0.1631746887 2.951498823 0 44.04945667 52.78932359 -12.57964033 1


mesh: pSphereShape4 tranform: pSphere4 4.042840741 0.08451226667 0.7009644847 0 -0.09875100173 3.370968819 0.1631271764 0 -0.6635477199 -0.2058364367 3.851854863 0 52.48673608 55.26231112 -10.84655816 1


mesh: pSphereShape5 tranform: pSphere5 4.180042453 0.08412241159 0.7132556508 0 -0.1037954749 3.134963512 0.2385523347 0 -0.6662557424 -0.3220665698 3.942583982 0 59.06856752 55.84026752 -9.501358474 1


mesh: pSphereShape6 tranform: pSphere6 6.001638076 -0.6775053907 -0.3631605387 0 0.2763149879 2.409393724 0.07149817413 0 0.134140068 -0.08592377929 2.377113897 0 66.49434817 54.0659171 -9.519479617 1


mesh: pSphereShape7 tranform: pSphere7 5.665578894 0.1672226744 0.6780592637 0 -0.08649880006 2.27333663 0.1620984341 0 -0.3358125651 -0.2166604757 2.859341697 0 77.08106784 53.16834142 -8.02978037 1


mesh: pSphereShape8 tranform: pSphere8 3.921143001 -1.082818375 -1.389587198 0 0.2225081483 0.9668185792 -0.1255068084 0 0.8990673499 0.111175972 2.45035955 0 84.93671255 52.93767858 -8.08748519 1


mesh: pSphereShape10 tranform: pSphere10 4.161332556 0.1612276244 0.12268231 0 -0.1460668921 3.492699036 0.3644644875 0 -0.1279686703 -0.5311376799 5.038658469 0 55.10439545 65.12806358 -8.310891186 1


mesh: pSphereShape11 tranform: pSphere11 0.9930804395 0.06985135556 0.09440354234 0 -0.4542747762 2.620939946 2.839461102 0 -0.03284130042 -1.915314072 1.762659888 0 54.463353 60.57240703 -7.501240617 1


mesh: pSphereShape12 tranform: pSphere12 7.074808501 0.1368365063 1.246545438 0 -0.08622677414 3.762523894 0.07636086688 0 -1.024984379 -0.1418693389 5.832904984 0 55.06136465 51.22062637 -10.34809243 1


mesh: pSphereShape13 tranform: pSphere13 4.878161696 0.1329915666 0.9658382338 0 -0.2081598937 4.674958594 0.4076330171 0 -0.8483381533 -0.4163775139 4.342037036 0 55.21288017 46.05780402 -9.554035395 1


mesh: pSphereShape14 tranform: pSphere14 4.907845825 0.2264276077 1.082101378 0 -0.3613605063 5.452238093 0.4980720243 0 -0.9094964577 -0.4456236914 4.218246082 0 55.39470155 41.62823796 -9.702427328 1


mesh: pSphereShape15 tranform: pSphere15 3.423642402 -0.24235563 0.30710083 0 0.7109629576 8.51471975 -1.206420246 0 -0.3335566062 0.6245585173 4.2114631 0 50.86286588 28.21138376 -9.386619966 1


mesh: pSphereShape16 tranform: pSphere16 2.263244132 -0.09225009345 0.2174525632 0 0.1867343398 8.098061332 1.491918564 0 -0.1914306538 -0.3363613916 1.849713465 0 49.05950273 12.39094386 -8.854767033 1


mesh: pSphereShape17 tranform: pSphere17 2.455034647 0.07511920861 0.6910315152 0 -0.1031605788 2.357444001 0.1102315392 0 -1.700069796 -0.3586342505 6.078840805 0 47.36737901 1.652333889 -6.223039684 1


mesh: pSphereShape18 tranform: pSphere18 2.396447662 0.3327143118 1.604006667 0 0.07069122266 7.942953809 -1.753198589 0 -1.871771321 0.6061596744 2.670764464 0 59.23803704 28.02255796 -7.128658727 1


mesh: pSphereShape19 tranform: pSphere19 1.652400026 0.1795921393 1.044354985 0 -3.436676509 8.211208713 4.025542916 0 -0.9365294424 -1.221390448 1.691832206 0 62.0318882 12.96426407 -7.859638943 1


mesh: pSphereShape20 tranform: pSphere20 2.347849567 0.119781741 1.158235093 0 -0.3761025323 1.726336041 0.5838612863 0 -2.352997014 -2.2028428 4.997554816 0 62.76572517 2.892444209 -7.821094457 1


mesh: pSphereShape21 tranform: pSphere21 5.849041092 0.2698504454 1.289619856 0 0.277792078 2.738259339 -1.832894996 0 -1.220724763 3.359310028 4.8336399 0 55.98524408 37.83240506 -11.14918941 1


