mesh: pSphereShape1 tranform: pSphere1 -1.384302445 3.031370091 0.09680867464 0 1.749302758 0.8017458171 -0.09115097913 0 -0.1899717994 0.02317006773 -3.442000192 0 128.1193299 30.83130123 0.9747490531 1


mesh: pSphereShape2 tranform: pSphere2 -1.848648618 5.601358653 -0.06585333946 0 3.002287898 0.9856111221 -0.4466590115 0 -0.3886637854 -0.1632212152 -2.972632792 0 124.6125291 38.03267574 1.204834573 1


mesh: pSphereShape3 tranform: pSphere3 -1.878168198 6.255988442 -1.340743355 0 2.915342921 0.8168571109 -0.2724277641 0 -0.09098158657 -0.660266271 -2.953391059 0 121.2681253 48.16297947 0.4682292047 1


mesh: pSphereShape4 tranform: pSphere4 -3.420172756 0.004904654247 -2.268358228 0 0.1968335399 3.358158423 -0.2895195726 0 2.151268067 -0.4058144782 -3.244504648 0 117.3285943 54.39078938 -2.590354908 1


mesh: pSphereShape5 tranform: pSphere5 -3.276578048 0.01835432152 -2.693002882 0 0.1391059188 3.13918228 -0.1478549621 0 2.540928286 -0.2582899639 -3.093309196 0 112.0911178 54.86701851 -6.752544069 1


mesh: pSphereShape6 tranform: pSphere6 -1.332545562 -5.738299564 -1.38086899 0 -1.041646192 0.7383599618 -2.063113632 0 2.086753046 -0.2127295391 -1.129714477 0 109.60472 48.12817307 -9.191290872 1


mesh: pSphereShape7 tranform: pSphere7 -0.4424210226 -5.019960112 -2.681562251 0 -0.8339450683 1.056921364 -1.840997075 0 2.677880716 0.3152847022 -1.032035469 0 109.2466225 38.18238718 -13.11378142 1


mesh: pSphereShape8 tranform: pSphere8 -0.7814593107 -4.195270271 0.5175319738 0 -0.1491969041 -0.09364076686 -0.9843635967 0 2.539187941 -0.5144178625 -0.3359210943 0 109.0427805 30.60129928 -15.45235185 1


mesh: pSphereShape10 tranform: pSphere10 -3.829855295 -0.01569453959 -1.640029278 0 0.06620194725 3.509034482 -0.1881774691 0 1.992875954 -0.287019806 -4.651088845 0 115.2777132 64.30621447 -5.418042117 1


mesh: pSphereShape11 tranform: pSphere11 -0.8654705851 0.05238924565 -0.4982128394 0 1.409257787 2.927737444 -2.140228275 0 0.9008955626 -1.709054239 -1.744705482 0 116.5350061 59.96955141 -5.892395806 1


mesh: pSphereShape12 tranform: pSphere12 -5.328059005 0.03347869579 -4.820392257 0 0.1098500982 3.761476298 -0.09529483487 0 3.970660677 -0.2271877389 -4.390414555 0 115.1941215 50.30440878 -3.968474856 1


mesh: pSphereShape13 tranform: pSphere13 -3.672369517 0.221152127 -3.348400461 0 0.1136657362 4.692280498 0.1852482207 0 2.995608085 0.05699301416 -3.281679064 0 115.6190437 45.24962926 -4.883211978 1


mesh: pSphereShape14 tranform: pSphere14 -3.625687442 0.1974194896 -3.482036704 0 0.0454872993 5.480340657 0.263352573 0 3.007203156 0.1251688894 -3.124168085 0 115.7480942 40.85419403 -5.249148645 1


mesh: pSphereShape15 tranform: pSphere15 -2.236739586 0.2833196978 -2.605973991 0 1.456871733 8.498960278 -0.3264498501 0 3.167621495 -0.6501321082 -2.789490474 0 117.1855502 27.19714781 -1.723115825 1


mesh: pSphereShape16 tranform: pSphere16 -1.422702209 0.2833010785 -1.753205243 0 4.183777984 6.707739558 -2.311172833 0 1.119731144 -1.071116181 -1.081728651 0 113.0633984 12.27573173 0.8409017325 1


mesh: pSphereShape17 tranform: pSphere17 -1.389492917 0.3106694488 -2.11734657 0 0.7856194812 2.219704287 -0.189868963 0 4.867910179 -2.021523378 -3.491139511 0 111.6172414 1.912039908 1.270655853 1


mesh: pSphereShape18 tranform: pSphere18 -2.228665406 -0.2069231209 -1.848440134 0 -1.852566808 7.803028386 1.360133079 0 1.986703335 0.9069051964 -2.496892684 0 114.5849215 27.04449955 -9.07320685 1


mesh: pSphereShape19 tranform: pSphere19 -1.523287717 -0.1128291161 -1.232972277 0 -0.9336909408 9.72102009 0.2639684959 0 1.42593683 0.1852572415 -1.778640534 0 117.1395243 10.91957799 -11.18996965 1


mesh: pSphereShape20 tranform: pSphere20 -2.496710242 0.128733788 -0.7862056766 0 0.0182972009 1.844652323 0.2439390579 0 1.806823456 0.7251536968 -5.619093041 0 120.2907484 1.973395808 -16.00692495 1


mesh: pSphereShape21 tranform: pSphere21 -4.32099858 0.235279336 -4.149799422 0 -1.449786129 2.47207711 1.649755029 0 3.22827606 3.985750716 -3.135479613 0 114.8568979 36.88754325 -4.681998492 1


