mesh: pSphereShape1 tranform: pSphere1 -0.006151050531 3.108864698 -1.204073197 0 0.5620443067 0.6664524926 1.717880167 0 3.297330352 -0.3575712908 -0.9400780713 0 -145.1692324 33.12623388 -14.95823268 1


mesh: pSphereShape2 tranform: pSphere2 0.4890770759 5.656712881 -1.599831279 0 1.408566422 0.6659170382 2.785168094 0 2.682579068 -0.5766391108 -1.218812249 0 -145.1737524 40.5364353 -18.01002515 1


mesh: pSphereShape3 tranform: pSphere3 1.772410374 6.114671421 -1.982890513 0 1.193789848 0.5432629126 2.742339873 0 2.665587003 -1.079589961 -0.9465090535 0 -143.7263521 50.67635974 -21.09344017 1


mesh: pSphereShape4 tranform: pSphere4 1.629550302 -0.5213259141 -3.730394067 0 0.8310122862 3.271139033 -0.09413301074 0 3.460664041 -0.8323100905 1.628040052 0 -140.5759833 56.3157563 -25.44041887 1


mesh: pSphereShape5 tranform: pSphere5 2.214456691 -0.5645645794 -3.57295585 0 0.7348521756 3.058577158 -0.02783857777 0 3.290407811 -0.7708813595 2.161145625 0 -137.1605594 55.85874728 -31.16642749 1


mesh: pSphereShape6 tranform: pSphere6 1.236519593 -5.624686024 -1.855932422 0 1.728350454 0.8640903823 -1.46723979 0 1.599583363 -0.2261369368 1.751068841 0 -135.2560346 49.05084171 -34.24355702 1


mesh: pSphereShape7 tranform: pSphere7 3.161555377 -4.667365923 -0.8982065055 0 1.487037342 1.23937326 -1.206022903 0 1.495098571 0.549337085 2.407998299 0 -130.7296111 39.53993192 -35.57144988 1


mesh: pSphereShape8 tranform: pSphere8 -0.0620761713 -4.287880566 -0.2983914292 0 0.7882424098 0.0313558169 -0.6145654694 0 1.607172984 -0.1661265359 2.05288604 0 -127.4287569 32.356653 -36.37332015 1


mesh: pSphereShape10 tranform: pSphere10 2.304866449 -0.424452487 -3.444584833 0 0.2777110473 3.495144821 -0.2448585467 0 4.202940861 -0.1357570385 2.82903173 0 -137.5189948 65.81323674 -28.47348189 1


mesh: pSphereShape11 tranform: pSphere11 0.5166006277 -0.1093177277 -0.8492193037 0 2.426163543 2.831379815 1.111417979 0 1.527438025 -1.762638637 1.156077221 0 -137.0357302 61.45323138 -27.04049206 1


mesh: pSphereShape12 tranform: pSphere12 3.097769321 -0.954835856 -6.412302926 0 0.6518051826 3.699902704 -0.236055234 0 5.245770431 -0.7552783012 2.646686176 0 -140.1858911 51.96406358 -27.44681561 1


mesh: pSphereShape13 tranform: pSphere13 2.159716054 -0.865615204 -4.396968122 0 1.012425598 4.569237148 -0.4022429274 0 3.886796982 -0.6813402569 2.043261646 0 -140.1730182 46.80426633 -26.76392583 1


mesh: pSphereShape14 tranform: pSphere14 2.154820154 -0.6361205276 -4.501251412 0 0.9940637056 5.388488593 -0.2856316125 0 3.840446313 -0.606485172 1.924191296 0 -140.8013448 42.45737974 -26.37366461 1


mesh: pSphereShape15 tranform: pSphere15 0.7369604709 -0.2865367562 -3.353976807 0 -2.358340763 8.21048734 -1.219629879 0 4.00516616 1.265096419 0.7719649432 0 -140.4509162 29.6795899 -21.48138036 1


mesh: pSphereShape16 tranform: pSphere16 0.5380950387 0.0131237585 -2.2109616 0 3.181775102 7.552781455 0.8191993369 0 1.684812698 -0.7537536872 0.4055689039 0 -140.2760219 14.76547192 -19.95375866 1


mesh: pSphereShape17 tranform: pSphere17 0.8712787365 0.1371200973 -2.394250198 0 0.7536014454 2.202749775 0.4003918134 0 5.589500381 -2.258487094 1.904700212 0 -140.3119868 3.343423049 -19.41435959 1


mesh: pSphereShape18 tranform: pSphere18 0.8096320377 -0.06429023504 -2.78690874 0 -0.2760686089 8.125353619 -0.2676423787 0 3.18359239 0.138525666 0.921678026 0 -139.8715927 28.52509444 -29.93130781 1


mesh: pSphereShape19 tranform: pSphere19 0.5283137338 -0.02340715516 -1.890421439 0 2.246889329 9.493718232 0.5103843699 0 2.139052469 -0.5387484258 0.6044691099 0 -140.9986298 12.19739269 -30.38441471 1


mesh: pSphereShape20 tranform: pSphere20 -0.1439511578 0.1646619129 -2.611593059 0 -0.07213667204 1.855464169 0.1209638828 0 5.933365051 0.2509668812 -0.3112238637 0 -137.987617 2.89427626 -30.36264396 1


mesh: pSphereShape21 tranform: pSphere21 2.568057775 -0.758111652 -5.364472604 0 -1.418841432 2.78746782 -1.073149036 0 4.780768828 3.143517196 1.844385138 0 -142.4850611 38.7335165 -26.758568 1


