mesh: pSphereShape1 tranform: pSphere1 -0.9999166764 3.041358459 -0.9301479307 0 1.55429824 0.7679160293 0.8400160399 0 1.754678086 -0.3251544242 -2.949469592 0 79.72316607 30.97696053 24.78884223 1


mesh: pSphereShape2 tranform: pSphere2 -1.202477732 5.579796204 -1.488952233 0 2.762352411 0.9401625409 1.292350468 0 1.373311551 -0.4081204222 -2.638503273 0 77.103453 38.18578425 22.47299323 1


mesh: pSphereShape3 tranform: pSphere3 -0.4731060873 6.126404561 -2.589563223 0 2.58297204 0.7891454738 1.395063307 0 1.581849442 -0.9005049136 -2.419419597 0 75.27453173 48.22584156 19.27609465 1


mesh: pSphereShape4 tranform: pSphere4 -1.481041845 0.04020035242 -3.827264529 0 0.5559944951 3.325384492 -0.1802251919 0 3.592904904 -0.6764607992 -1.397456703 0 74.13509766 54.36630127 14.14622724 1


mesh: pSphereShape5 tranform: pSphere5 -1.07520796 0.02104502922 -4.10268815 0 0.4063213916 3.1180749 -0.09049189299 0 3.84564228 -0.5304601784 -1.010563949 0 72.33685212 54.85618627 7.707616376 1


mesh: pSphereShape6 tranform: pSphere6 0.1627592537 -5.696853974 -2.032221185 0 0.4693914561 0.8116739674 -2.237743755 0 2.336555955 -0.09570014574 0.4554060681 0 72.08743254 48.18447257 4.183431544 1


mesh: pSphereShape7 tranform: pSphere7 1.899093189 -4.792160216 -2.452581805 0 0.4467391918 1.156719089 -1.9142211 0 2.663304873 0.563169685 0.9618699695 0 75.08828322 38.54883751 0.7315787562 1


mesh: pSphereShape8 tranform: pSphere8 -0.4429980476 -4.274943362 -0.08615468993 0 0.451866984 -0.02885630667 -0.8916184959 0 2.314934024 -0.2637047297 1.181729411 0 77.19282109 31.19754212 -1.400992702 1


mesh: pSphereShape10 tranform: pSphere10 -1.328273259 -0.04018833002 -3.948646475 0 0.04853021975 3.513978938 -0.05208932724 0 4.803205144 -0.0902724042 -1.614816899 0 74.08659955 64.34966707 10.74239169 1


mesh: pSphereShape11 tranform: pSphere11 -0.2915447705 0.006980695869 -0.9565317123 0 2.447957436 2.93607788 -0.7246945533 0 1.875635064 -1.707993703 -0.5841464234 0 75.45217617 59.97954038 11.04753913 1


mesh: pSphereShape12 tranform: pSphere12 -1.758315701 0.0286953627 -6.966564258 0 0.3854985161 3.743599748 -0.08187739606 0 5.711726684 -0.619752649 -1.444155593 0 72.91982809 50.31380023 11.85503763 1


mesh: pSphereShape13 tranform: pSphere13 -1.230148847 0.3151796705 -4.809821969 0 0.5388617346 4.663284029 0.1677592617 0 4.275393927 -0.4536332222 -1.123190612 0 73.32478874 45.16766123 11.387888 1


mesh: pSphereShape14 tranform: pSphere14 -1.159274316 0.2225970595 -4.890367788 0 0.5239775015 5.460361402 0.1243314938 0 4.201003403 -0.3800597907 -1.01315806 0 73.12150898 40.76111748 11.22050716 1


mesh: pSphereShape15 tranform: pSphere15 -0.3553507471 0.3363251016 -3.41100949 0 1.895519057 8.394710659 0.6302467961 0 4.142919625 -0.8964290914 -0.5199871751 0 71.69071397 27.48476574 15.12335153 1


mesh: pSphereShape16 tranform: pSphere16 -0.203472092 0.271561202 -2.250094069 0 4.089359194 7.132692798 0.4910426522 0 1.631667641 -0.9176950105 -0.2583043956 0 66.85917269 12.2568336 14.79743352 1


mesh: pSphereShape17 tranform: pSphere17 0.3703586734 -0.06938539559 -2.523565472 0 0.4407320469 2.320795083 0.0008716442342 0 6.143099295 -1.166959787 0.9336472932 0 66.46146308 1.98681045 15.21343848 1


mesh: pSphereShape18 tranform: pSphere18 -0.7779671947 -0.04839311058 -2.796233672 0 -3.34244688 7.372483531 0.8023423201 0 2.890620554 1.400676015 -0.828468327 0 75.11911462 27.34798453 6.961911459 1


mesh: pSphereShape19 tranform: pSphere19 -0.5529315644 -0.006792820451 -1.883501276 0 -2.416330032 9.44166341 0.6753006417 0 2.120401223 0.5873307116 -0.6245954875 0 80.7277391 11.96472689 5.098510599 1


mesh: pSphereShape20 tranform: pSphere20 -0.8940739792 -0.2273682286 -2.452995963 0 -0.57109611 1.770449644 0.04405150837 0 5.283712199 1.756341484 -2.088615685 0 87.82475395 4.266139447 3.299101667 1


mesh: pSphereShape21 tranform: pSphere21 -1.381592527 0.2652852992 -5.828211229 0 -1.81248681 2.709947274 0.5530045632 0 4.833524689 3.434707366 -0.9894604003 0 71.61875608 36.94213721 11.30613302 1


