mesh: pSphereShape1 tranform: pSphere1 1.656124988 2.678865027 -1.093527322 0 1.546205444 -0.542363963 1.013042472 0 1.138298061 -1.808072831 -2.705391215 0 -1.698842044 31.80032785 -5.506983737 1


mesh: pSphereShape2 tranform: pSphere2 3.237969699 4.692357503 -1.514724539 0 2.085889627 -0.6924186725 2.313933237 0 1.564385691 -1.698834081 -1.918568892 0 1.913521253 38.39440218 -8.266059411 1


mesh: pSphereShape3 tranform: pSphere3 3.60448087 5.02690891 -2.490061118 0 2.050347432 -0.3740292922 2.212888219 0 1.52245575 -1.954006363 -1.740900792 0 7.412127356 47.04787777 -11.58237144 1


mesh: pSphereShape4 tranform: pSphere4 0.2364475165 0.01630447781 -4.097179704 0 0.8992630236 3.253753868 0.06484442607 0 3.765883022 -1.045052072 0.2131697224 0 11.09386895 52.26250528 -16.66194833 1


mesh: pSphereShape5 tranform: pSphere5 0.762570593 -0.047500114 -4.171905433 0 0.8599212472 3.023432273 0.1227586018 0 3.790638561 -1.106773441 0.705481322 0 12.27332435 52.62236726 -23.24087781 1


mesh: pSphereShape6 tranform: pSphere6 2.225944347 -5.165144093 -2.2309229 0 0.61296473 1.148477756 -2.047416217 0 2.132035043 0.5176914186 0.9286921476 0 14.50997841 46.55063986 -27.04371196 1


mesh: pSphereShape7 tranform: pSphere7 5.649296719 0.004234503989 -0.8197198536 0 -0.241972744 1.54560593 -1.659629138 0 0.2793953013 2.123087734 1.936487418 0 22.48672786 42.25904468 -28.87638125 1


mesh: pSphereShape8 tranform: pSphere8 3.96297572 -1.50403134 0.7152089325 0 0.3311716968 0.4888134619 -0.8070853156 0 0.5252498386 2.08775385 1.479979928 0 30.34480007 41.72130609 -29.14991036 1


mesh: pSphereShape10 tranform: pSphere10 0.3530188339 0.1029062911 -4.150002643 0 -0.1330523935 3.511363714 0.0757521001 0 5.046318591 0.1818568488 0.4337731498 0 12.02178952 62.31879133 -19.60598926 1


mesh: pSphereShape11 tranform: pSphere11 0.06569218685 0.02117655438 -0.9976152014 0 2.440744623 3.021660748 0.2248624667 0 2.020033899 -1.638990855 0.09822651583 0 13.45148542 57.95955183 -19.05182607 1


mesh: pSphereShape12 tranform: pSphere12 0.2097881972 0.02740997947 -7.18197415 0 0.7668042495 3.685177577 0.03646311131 0 5.797184799 -1.20789632 0.1647280413 0 10.51824366 48.24673848 -19.246782 1


mesh: pSphereShape13 tranform: pSphere13 -0.01245690943 -0.4145716828 -4.957314487 0 1.10642603 4.54903353 -0.3832081139 0 4.318640847 -1.043949166 0.07645164441 0 10.42156454 43.04290473 -19.25563484 1


mesh: pSphereShape14 tranform: pSphere14 -0.2703435335 -0.316227183 -5.013589357 0 1.033199582 5.374223556 -0.3946861741 0 4.254140424 -0.8308605454 -0.1769867058 0 9.758800493 38.72188213 -18.98059579 1


mesh: pSphereShape15 tranform: pSphere15 -1.032521384 -0.1694756306 -3.283222818 0 -4.66437059 7.176549782 1.096426371 0 3.357316847 2.362010009 -1.177746619 0 14.45568478 26.9060235 -16.30505263 1


mesh: pSphereShape16 tranform: pSphere16 -0.6941742066 -0.06539376042 -2.166082992 0 -2.519761477 7.820714648 0.5714127707 0 1.70430181 0.5903187799 -0.564006793 0 22.29921584 12.97258483 -17.32036232 1


mesh: pSphereShape17 tranform: pSphere17 -0.4005608951 0.1406135106 -2.515977222 0 -0.9108778527 2.163312847 0.2659217484 0 5.748308536 2.51557899 -0.7745790392 0 29.92506498 4.746742576 -18.38473982 1


mesh: pSphereShape18 tranform: pSphere18 -0.5258959775 -0.2287817547 -2.845626456 0 1.548939092 7.93197865 -0.9239697736 0 3.200592178 -0.6874676636 -0.5362258601 0 6.437526284 25.31994364 -22.05511711 1


mesh: pSphereShape19 tranform: pSphere19 -0.4085722768 -0.170428636 -1.912427591 0 7.254091661 6.196728526 -2.101998923 0 1.456119463 -1.756992075 -0.1545095265 0 -0.7335101267 11.65843925 -19.86622841 1


mesh: pSphereShape20 tranform: pSphere20 -0.7087525752 -0.07951951093 -2.52182478 0 0.8235887882 1.644388918 -0.2833193181 0 5.084333541 -2.777586144 -1.341354968 0 -3.307332079 2.912245856 -18.32167171 1


mesh: pSphereShape21 tranform: pSphere21 -0.3221882864 -0.3768712086 -5.975063442 0 -1.603087172 2.890615005 -0.09588076633 0 5.247989066 2.895004537 -0.4655824144 0 7.892840195 35.07324712 -18.74424202 1


