mesh: pSphereShape1 tranform: pSphere1 0.5097508251 3.103976061 1.104697479 0 -1.46398792 0.6263120002 -1.084268253 0 -2.177833453 -0.5714033945 2.610465682 0 118.5571669 30.42747377 -31.62233683 1


mesh: pSphereShape2 tranform: pSphere2 0.3799161184 5.609424727 1.785238108 0 -2.764108307 0.6507018107 -1.456351126 0 -1.48814724 -0.6987520074 2.512251946 0 120.0358065 37.79919619 -28.8564516 1


mesh: pSphereShape3 tranform: pSphere3 -0.5046980719 6.007024443 2.850164398 0 -2.560296331 0.5219486381 -1.553431392 0 -1.616036174 -1.207086693 2.25790096 0 120.3370058 47.8247485 -25.15196712 1


mesh: pSphereShape4 tranform: pSphere4 1.296699239 -0.1382377282 3.891338613 0 -0.7226461443 3.278708109 0.3572795905 0 -3.617782046 -0.9251661382 1.172676761 0 120.4814539 53.6998279 -19.71270181 1


mesh: pSphereShape5 tranform: pSphere5 0.6014511969 -0.2107353348 4.193138703 0 -0.6728757776 3.062710514 0.2504384762 0 -3.877080004 -0.8935938141 0.5112071813 0 121.6199012 53.82295219 -13.14586552 1


mesh: pSphereShape6 tranform: pSphere6 0.9702494188 -5.321851033 2.710549091 0 -0.7220172324 0.9453882391 2.114609249 0 -2.242194679 -0.6505733859 -0.4747254223 0 122.8789423 47.40674204 -9.00106405 1


mesh: pSphereShape7 tranform: pSphere7 -0.8763016422 -4.779237446 2.996247129 0 -0.763596983 1.240326225 1.755086288 0 -2.684170907 -0.1663019085 -1.050293767 0 121.9130236 37.80746964 -4.436265961 1


mesh: pSphereShape8 tranform: pSphere8 1.425989769 -3.97664887 0.7947500195 0 -0.4855890924 0.0005821610954 0.8741869905 0 -2.112963155 -0.9921257053 -1.173037685 0 121.4391698 30.50576901 -1.344380978 1


mesh: pSphereShape10 tranform: pSphere10 0.9555842365 -0.2511584422 4.047408077 0 0.2210107711 3.503849842 0.1652482394 0 -4.922773324 0.2549512234 1.178076846 0 120.8915468 63.58912104 -15.8835533 1


mesh: pSphereShape11 tranform: pSphere11 0.2151315933 -0.06256772652 0.9745787178 0 -2.38108575 2.992248985 0.7177100982 0 -1.981142277 -1.655892602 0.3310157028 0 119.1627207 59.25086356 -16.38240283 1


mesh: pSphereShape12 tranform: pSphere12 1.289002428 -0.3469175539 7.060002552 0 -0.5666797 3.710397858 0.2857865338 0 -5.75923023 -0.9569613881 1.004486187 0 121.777748 49.56737732 -17.61629252 1


mesh: pSphereShape13 tranform: pSphere13 0.7138424699 -0.1131700941 4.921850591 0 -1.175872977 4.539435501 0.2749202537 0 -4.254684055 -1.137899779 0.5909155298 0 121.8074014 44.32942893 -17.63912166 1


mesh: pSphereShape14 tranform: pSphere14 0.5624173346 0.1473035657 4.997114357 0 -1.343517867 5.319820082 -0.005605380889 0 -4.178014708 -1.054627271 0.5013169751 0 122.6471904 39.9999357 -17.72847457 1


mesh: pSphereShape15 tranform: pSphere15 0.806849714 0.2844503746 3.338031755 0 -0.3533781424 8.597534394 -0.6472223708 0 -4.148167487 -0.09441235479 1.010716383 0 123.0999303 26.31298705 -20.93145242 1


mesh: pSphereShape16 tranform: pSphere16 0.3554966894 0.4037139613 2.211042026 0 -6.746755716 4.719195875 0.2230821735 0 -1.04299979 -1.512093673 0.4437890766 0 128.4455239 13.08231632 -21.110245 1


mesh: pSphereShape17 tranform: pSphere17 0.3102166137 1.261463541 2.196096072 0 -2.199539926 0.8438476781 -0.1740129941 0 -2.174068601 -5.010061875 3.184943813 0 135.6496377 3.548640362 -19.28432309 1


mesh: pSphereShape18 tranform: pSphere18 -0.04730159544 -0.1503656558 2.898560043 0 3.160697387 7.482368824 0.4397346631 0 -3.056089038 1.28994942 0.01704508528 0 120.678668 27.13832446 -14.13580053 1


mesh: pSphereShape19 tranform: pSphere19 0.0005020003458 -0.1371366879 1.958200652 0 -2.018172373 9.535201265 0.6682864915 0 -2.237840518 -0.4713765419 -0.03243774888 0 118.5175147 11.54884655 -14.70996313 1


mesh: pSphereShape20 tranform: pSphere20 0.6779000733 0.0742802664 2.530452078 0 -0.03245937405 1.859952315 -0.04590228851 0 -5.743490881 -0.06221564654 1.540489274 0 115.3316194 2.013273506 -14.74099053 1


mesh: pSphereShape21 tranform: pSphere21 0.6702741321 0.175552501 5.955428972 0 1.422409192 2.974910442 -0.2477835034 0 -5.385232056 2.618921244 0.5288995274 0 124.7215484 36.45789286 -17.76282084 1


