mesh: pSphereShape1 tranform: pSphere1 0.6802026212 3.189976895 -0.6901026109 0 0.4053670568 0.3152393606 1.856735493 0 3.295922042 -0.8280482906 -0.5789865107 0 33.33494029 31.41640874 7.269692138 1


mesh: pSphereShape2 tranform: pSphere2 1.212299848 5.740183988 -0.6145518688 0 -0.0007719264564 0.3398891486 3.173190973 0 2.93828602 -0.6134409396 0.06642211617 0 34.84683267 39.04187828 5.334702847 1


mesh: pSphereShape3 tranform: pSphere3 2.188561507 6.236627834 -0.8815734219 0 -0.1106014033 0.463202385 3.002317047 0 2.857815429 -0.9668984823 0.2544528336 0 37.32963592 49.39490096 3.819708657 1


mesh: pSphereShape4 tranform: pSphere4 2.900360572 -0.3060336799 -2.887439475 0 0.4778683414 3.339993547 0.1260078292 0 2.713195822 -0.4929794261 2.77758705 0 41.60221054 55.34653169 1.127739384 1


mesh: pSphereShape5 tranform: pSphere5 3.253933131 -0.3279055629 -2.700548506 0 0.3816853732 3.121450078 0.08088647023 0 2.526493827 -0.3890442644 3.091450395 0 46.73768484 55.2800125 -3.198523891 1


mesh: pSphereShape6 tranform: pSphere6 2.087970686 -5.675890693 -0.1876219042 0 2.206714043 0.8306798035 -0.5718603666 0 0.5520498968 0.1265845073 2.314144379 0 49.93820885 48.51205966 -4.311163727 1


mesh: pSphereShape7 tranform: pSphere7 3.212226593 -4.550585566 1.249113012 0 1.880332299 1.190136577 -0.4997426814 0 0.1746324076 0.8768210894 2.745220406 0 54.65309472 39.23572926 -2.055729696 1


mesh: pSphereShape8 tranform: pSphere8 -0.05110746963 -4.296248874 0.1358097269 0 0.9966992421 -0.01438226054 -0.07989850684 0 0.2097997028 0.07978194707 2.602799079 0 57.79073627 32.1526841 -0.2960342921 1


mesh: pSphereShape10 tranform: pSphere10 2.739255987 -0.2208656908 -3.131362151 0 0.4032288113 3.489865711 0.1065847125 0 3.77418922 -0.5380739585 3.339541065 0 45.58008167 64.93241398 -0.228923983 1


mesh: pSphereShape11 tranform: pSphere11 0.7026347301 -0.03021974646 -0.7109087164 0 2.009099144 2.758742915 1.868445685 0 1.274390368 -1.833971552 1.337517836 0 45.49795145 60.56006087 1.03262308 1


mesh: pSphereShape12 tranform: pSphere12 5.508428927 -0.559043608 -4.579322667 0 0.3939552071 3.743576739 0.01686965904 0 3.752731475 -0.4154891737 4.564852206 0 43.04822854 51.08082489 -0.5669269848 1


mesh: pSphereShape13 tranform: pSphere13 3.905944606 -0.2641083347 -3.069337926 0 0.3778398168 4.681440576 0.07800181199 0 2.72856188 -0.2784768495 3.496245729 0 43.3564921 45.94735014 0.08316476264 1


mesh: pSphereShape14 tranform: pSphere14 4.021617649 0.08446317231 -3.021360779 0 0.06490109399 5.481234246 0.2396171363 0 2.605863223 -0.1822636977 3.463469517 0 43.3219513 41.54528087 0.1545053441 1


mesh: pSphereShape15 tranform: pSphere15 2.857403955 -0.5705415368 -1.8395922 0 0.7898575242 8.477656774 -1.402437622 0 2.354732579 0.3668506292 3.543784685 0 39.27987208 27.83626507 3.651056964 1


mesh: pSphereShape16 tranform: pSphere16 1.969885327 -0.1657971536 -1.127001686 0 3.082131662 6.188508307 4.476842348 0 0.6283855408 -1.239429609 1.280691392 0 35.44434412 13.74948999 2.27220718 1


mesh: pSphereShape17 tranform: pSphere17 2.365365002 -0.9477578768 0.1310190162 0 0.6556795706 1.82322872 1.351390635 0 -1.59400464 -3.262784515 5.175378999 0 30.21418957 3.396947146 0.317524134 1


mesh: pSphereShape18 tranform: pSphere18 1.893445996 -0.2906653475 -2.181025793 0 0.232652969 8.083862634 -0.8753600783 0 2.512608674 0.1615584984 2.159777015 0 46.19011475 27.88349773 -1.938412875 1


mesh: pSphereShape19 tranform: pSphere19 1.269778446 -0.1645879848 -1.487928093 0 1.599359338 9.632867824 0.2993274434 0 1.703561677 -0.3291508872 1.490206544 0 45.11204476 11.46265635 -1.401411558 1


mesh: pSphereShape20 tranform: pSphere20 0.9188115782 0.2215294554 -2.444373902 0 -0.1342062169 1.852237783 0.1174186163 0 5.552823098 0.268478164 2.111573018 0 48.09102758 2.086526479 0.8228349348 1


mesh: pSphereShape21 tranform: pSphere21 4.792857747 0.100660979 -3.600778015 0 -1.24451809 2.622854393 -1.583207588 0 2.815347597 3.659614748 3.84970717 0 42.66533597 37.65671248 -0.9848368167 1


