mesh: pSphereShape1 tranform: pSphere1 -0.3383314155 3.229366107 -0.7560398214 0 1.660635524 -0.05426729372 -0.974940877 0 -1.711954684 -0.8509453341 -2.868639862 0 -138.4067552 31.03914828 -5.059975795 1


mesh: pSphereShape2 tranform: pSphere2 -0.005615741503 5.663798768 -1.648759871 0 2.950332342 -0.3373558781 -1.168929536 0 -1.144592588 -0.7768444759 -2.664707655 0 -139.4053073 38.81050271 -6.734403377 1


mesh: pSphereShape3 tranform: pSphere3 -0.5889242618 6.180545693 -2.4323904 0 2.855181427 -0.1351089316 -1.034592366 0 -1.004200339 -1.128359632 -2.623953918 0 -139.9506823 49.1228333 -9.760776672 1


mesh: pSphereShape4 tranform: pSphere4 -3.843833154 0.192808442 -1.425070657 0 0.3797711333 3.30490498 -0.5772087781 0 1.298890319 -0.7795701907 -3.608961673 0 -143.1259744 55.38956485 -13.20074137 1


mesh: pSphereShape5 tranform: pSphere5 -3.800019912 0.1856490034 -1.874552806 0 0.3810934264 3.087487025 -0.4667639752 0 1.714074824 -0.7480746753 -3.548791882 0 -149.1164169 56.11852303 -16.1148661 1


mesh: pSphereShape6 tranform: pSphere6 -2.499778222 -5.317650047 -1.443698563 0 -1.328934956 1.089688958 -1.712644136 0 1.733303387 -0.3834292859 -1.588926772 0 -153.0506006 49.87582451 -18.19042524 1


mesh: pSphereShape7 tranform: pSphere7 -1.525019786 -4.478708372 -3.194056661 0 -1.027845998 1.402536373 -1.475886752 0 2.459212808 0.2289032844 -1.495132915 0 -155.5597406 40.68138719 -22.92845771 1


mesh: pSphereShape8 tranform: pSphere8 -0.7032458486 -4.234834981 0.2245631486 0 -0.6709757794 0.07229214257 -0.7379467119 0 1.889348559 -0.4069586605 -1.75775163 0 -157.3355467 33.63334019 -26.14818365 1


mesh: pSphereShape10 tranform: pSphere10 -2.934645914 0.429860937 -2.925885656 0 0.3305749273 3.494392425 0.1818192866 0 3.565779621 -0.1500917334 -3.59850671 0 -144.4575236 65.47798278 -14.90139505 1


mesh: pSphereShape11 tranform: pSphere11 -0.7911459528 0.06265011786 -0.6084102597 0 1.747548599 2.858595149 -1.978064405 0 1.080712661 -1.758396806 -1.586372353 0 -143.7893209 61.02802148 -15.91512285 1


mesh: pSphereShape12 tranform: pSphere12 -6.616516487 0.300943507 -2.785077678 0 0.2949207291 3.740991289 -0.2964085472 0 2.262498295 -0.6094589481 -5.440878761 0 -145.7898334 51.44173722 -13.83831761 1


mesh: pSphereShape13 tranform: pSphere13 -4.618278267 0.08395836466 -1.847010725 0 0.2753329712 4.664973279 -0.476391792 0 1.630912103 -0.5150934522 -4.101358059 0 -145.9354966 46.27877802 -14.41641042 1


mesh: pSphereShape14 tranform: pSphere14 -4.710310433 0.03891138097 -1.76652909 0 0.2287335962 5.460174179 -0.4896286915 0 1.512895239 -0.4259596421 -4.043398406 0 -146.077651 41.87226388 -14.24497075 1


mesh: pSphereShape15 tranform: pSphere15 -3.189212842 0.7084831121 -1.096060035 0 1.537284832 8.434445992 0.9789007748 0 1.427323006 0.2063770656 -4.019690578 0 -143.6490988 28.49093015 -13.71513559 1


mesh: pSphereShape16 tranform: pSphere16 -2.091927953 0.514018197 -0.7332751412 0 2.316092371 7.823932224 -1.122982072 0 0.5202619486 -0.4081070804 -1.770310905 0 -146.2757083 12.69484774 -14.09979175 1


mesh: pSphereShape17 tranform: pSphere17 -2.277191116 0.05046620456 -1.14987667 0 0.08934777444 2.359441913 -0.07339037492 0 2.841894292 -0.2830634007 -5.640449744 0 -146.5928155 2.251575536 -16.78284444 1


mesh: pSphereShape18 tranform: pSphere18 -2.698926305 0.9950589494 -0.3900667714 0 1.697397197 6.436616186 4.67525749 0 1.006258222 1.679620902 -2.677733793 0 -151.7891204 29.85830624 -19.81253197 1


mesh: pSphereShape19 tranform: pSphere19 -1.873440915 0.5512950389 -0.1991216561 0 2.741631194 7.107837696 -6.115700403 0 -0.2333112944 -1.431584844 -1.768419891 0 -156.1176584 17.48508566 -20.58904808 1


mesh: pSphereShape20 tranform: pSphere20 -2.180011051 1.295279363 0.6618587289 0 0.2537667669 1.159412991 -1.433159861 0 -3.199464746 -3.605096096 -3.483012054 0 -160.6481104 7.240205437 -17.76196638 1


mesh: pSphereShape21 tranform: pSphere21 -5.613623627 0.04637355662 -2.105302735 0 -0.6342193591 2.732310189 1.751280545 0 1.768828204 3.385789681 -4.641861966 0 -146.7278702 38.06205225 -12.86304793 1


