mesh: pSphereShape1 tranform: pSphere1 -1.070870432 2.401920323 -2.049118125 0 -0.1900510265 1.194461359 1.499435782 0 3.246877313 1.070894977 -0.4415462877 0 39.59687051 34.34214508 14.76790867 1


mesh: pSphereShape2 tranform: pSphere2 -1.625892549 4.798408091 -3.021392121 0 0.1648347214 1.737997796 2.6714901 0 2.881906933 0.6133039379 -0.5768163688 0 37.14356355 40.1041991 9.766693338 1


mesh: pSphereShape3 tranform: pSphere3 -0.1996801311 6.02443126 -2.851114825 0 0.0847845818 1.302153644 2.745524401 0 3.025127548 0.04578079087 -0.11513203 0 35.1442751 49.17511045 4.639258047 1


mesh: pSphereShape4 tranform: pSphere4 2.901607796 -0.01865441478 -2.902305807 0 0.4834320959 3.309471471 0.4620443793 0 2.710657186 -0.7750068243 2.714986582 0 37.48295872 55.10901642 0.4675081891 1


mesh: pSphereShape5 tranform: pSphere5 3.375133034 -0.07391534197 -2.567406987 0 0.3369194403 3.107609354 0.3534491918 0 2.390975986 -0.6187464994 3.161009118 0 42.71185321 55.46496295 -3.701951228 1


mesh: pSphereShape6 tranform: pSphere6 2.003878864 -5.671280274 -0.6569690049 0 2.248011074 0.8365871878 -0.3649769424 0 0.4251128221 -0.1209862616 2.341087001 0 45.8888363 48.78592025 -5.312682552 1


mesh: pSphereShape7 tranform: pSphere7 3.032731473 -4.759314627 0.8590553455 0 1.931735906 1.182692886 -0.267303765 0 0.05680972455 0.5477597559 2.8341275 0 50.29446473 39.18884094 -3.852728869 1


mesh: pSphereShape8 tranform: pSphere8 -0.09980847493 -4.276927382 -0.4204058569 0 0.9997127111 -0.02252428496 -0.008194628818 0 0.0155448832 -0.2559180095 2.599847774 0 53.18521886 31.86555149 -2.789956025 1


mesh: pSphereShape10 tranform: pSphere10 3.010340584 0.09460227954 -2.878651406 0 0.2900904677 3.477719327 0.4176508769 0 3.478663844 -0.7241868234 3.614002447 0 41.10188909 64.86137265 0.01894357974 1


mesh: pSphereShape11 tranform: pSphere11 0.7537304069 0.0393069881 -0.6560071908 0 1.767844395 2.684740253 2.192060009 0 1.236000941 -1.881354306 1.307395914 0 41.05729676 60.43944821 0.8806403462 1


mesh: pSphereShape12 tranform: pSphere12 5.743486188 -0.1310230265 -4.315172587 0 0.385202125 3.723136601 0.3996564272 0 3.507420297 -0.8668305438 4.694689351 0 38.92790457 51.03264402 -1.641527817 1


mesh: pSphereShape13 tranform: pSphere13 4.016223207 0.1870110284 -2.929499925 0 0.2024218433 4.657608482 0.5748405872 0 2.615155112 -0.5518011931 3.550044037 0 39.30762486 45.87743084 -1.499286726 1


mesh: pSphereShape14 tranform: pSphere14 4.136296984 0.3269883756 -2.84487071 0 -0.03403844464 5.456255083 0.5776497557 0 2.46916602 -0.3602871918 3.548630242 0 39.37481084 41.50154487 -1.76898406 1


mesh: pSphereShape15 tranform: pSphere15 3.18990194 -0.1924579792 -1.289131495 0 0.7459795205 8.578193087 0.5652331167 0 1.572586183 -0.3970666664 3.950577876 0 34.74252446 27.79180446 -0.5946703634 1


mesh: pSphereShape16 tranform: pSphere16 2.121493876 -0.05869719537 -0.8209068605 0 1.44073803 7.455594933 3.190245473 0 0.5982255702 -0.8016683031 1.603333615 0 32.15943274 12.29585447 -3.042092247 1


mesh: pSphereShape17 tranform: pSphere17 2.47642394 -0.4407823336 0.4282498942 0 0.3647243717 2.317537509 0.2762812724 0 -1.16877032 -0.5538237753 6.188571445 0 29.22582675 2.152990244 -2.239867539 1


mesh: pSphereShape18 tranform: pSphere18 2.138631429 0.04337216954 -1.962363896 0 -1.291401279 7.936226557 -1.231993721 0 2.180336466 0.7261517538 2.392232592 0 43.6763618 27.853211 -3.516316157 1


mesh: pSphereShape19 tranform: pSphere19 1.430946679 0.06508215581 -1.342204317 0 -0.7402415682 9.73607648 -0.3170913413 0 1.556079822 0.1726128345 1.66733279 0 46.10578916 11.59463915 -2.067481057 1


mesh: pSphereShape20 tranform: pSphere20 0.8193362263 0.1368150084 -2.485603265 0 -0.3380249571 1.829810853 -0.01070585396 0 5.544464706 1.035267619 1.884621333 0 51.27034465 2.869421467 0.6617891446 1


mesh: pSphereShape21 tranform: pSphere21 4.929529552 0.3896961139 -3.390441811 0 -1.223394928 2.698378411 -1.468603253 0 2.60049971 3.452836514 4.177861745 0 38.82736779 37.68226787 -3.170282647 1


