mesh: pSphereShape1 tranform: pSphere1 2.156222925 2.542582392 -0.02910826139 0 -0.98087032 0.8152933878 -1.443729581 0 -1.9575727 1.686236196 2.282215607 0 38.32913034 35.01257395 -26.9668796 1


mesh: pSphereShape2 tranform: pSphere2 3.020159028 5.065969005 0.1079565497 0 -2.606285726 1.574152273 -0.9560258957 0 -0.7995206424 0.4156156616 2.863961728 0 43.40315517 41.21529121 -26.75816454 1


mesh: pSphereShape3 tranform: pSphere3 1.123402362 6.364946701 1.639487889 0 -2.71237267 0.7711738258 -1.135351135 0 -1.268253048 -0.4737133974 2.708113323 0 47.23340078 50.83530901 -25.61689511 1


mesh: pSphereShape4 tranform: pSphere4 1.063520971 0.2217383131 3.957626821 0 -0.6678400173 3.309644562 -0.005966489424 0 -3.700179002 -0.7447766321 1.036066225 0 48.47110355 57.26657169 -21.25122428 1


mesh: pSphereShape5 tranform: pSphere5 0.8743203263 0.2094458177 4.144907903 0 -0.6287754204 3.082172001 -0.02311195001 0 -3.842507954 -0.7775145358 0.8498210475 0 49.75011735 58.03095758 -14.6929312 1


mesh: pSphereShape6 tranform: pSphere6 -0.08353024465 -5.297063195 2.923132382 0 -1.393053283 0.9765651803 1.729844814 0 -1.950331292 -0.6373993843 -1.210775294 0 50.08087258 51.7920445 -10.34047329 1


mesh: pSphereShape7 tranform: pSphere7 -2.666802228 -4.548226031 2.188222529 0 -1.227226248 1.368940388 1.349716757 0 -2.025577333 0.2026790818 -2.047316399 0 46.7916342 42.47610478 -6.666402919 1


mesh: pSphereShape8 tranform: pSphere8 0.6443879685 -4.240929201 0.2794535763 0 -0.5791056477 -0.03431923331 0.814529827 0 -2.09350071 -0.4173338531 -1.505998457 0 44.32140047 35.25512692 -4.485891412 1


mesh: pSphereShape10 tranform: pSphere10 0.1606414173 -0.1526366435 4.160364206 0 0.3891129222 3.491263974 0.1130639387 0 -5.033243578 0.5540195588 0.2146713662 0 49.2206085 67.42133926 -17.78209071 1


mesh: pSphereShape11 tranform: pSphere11 0.09612900112 -0.04772906491 0.9942238941 0 -2.17126495 3.208019282 0.3639394442 0 -2.145578403 -1.467720445 0.1369906568 0 47.42657716 63.23719103 -18.30873389 1


mesh: pSphereShape12 tranform: pSphere12 1.311037526 0.3401443504 7.056273628 0 -0.4945897431 3.730616543 -0.08793911063 0 -5.772284353 -0.7391450634 1.108105755 0 49.55232735 53.33806746 -18.69408565 1


mesh: pSphereShape13 tranform: pSphere13 0.8864067842 0.3113479311 4.885113843 0 -0.8338150556 4.620495985 -0.1431865389 0 -4.300836121 -0.7504631686 0.8282192801 0 49.35423178 48.15441503 -18.18052224 1


mesh: pSphereShape14 tranform: pSphere14 0.8303520141 0.2962163902 4.952972327 0 -0.8936063962 5.410806143 -0.173786877 0 -4.219894002 -0.6729097632 0.7476973703 0 49.84728417 43.77082426 -18.01056113 1


mesh: pSphereShape15 tranform: pSphere15 0.5705103674 0.4259262738 3.371569249 0 -0.3072983287 8.561940141 -1.029620963 0 -4.208885876 -0.06443770359 0.7203348231 0 49.8443142 30.24375409 -21.12058917 1


mesh: pSphereShape16 tranform: pSphere16 0.3619621215 0.321322952 2.223466816 0 -2.350972427 7.857826264 -0.7528499873 0 -1.786030877 -0.4995864483 0.3629485774 0 51.43989734 14.31329732 -20.10809534 1


mesh: pSphereShape17 tranform: pSphere17 -0.04658215277 0.2429993239 2.53951649 0 -1.071515181 2.09375036 -0.2199999125 0 -5.633279553 -2.864986241 0.1708118189 0 50.55927743 2.158195578 -19.3123809 1


mesh: pSphereShape18 tranform: pSphere18 0.1715100596 -0.002126016904 2.897771105 0 3.783884103 7.197473153 -0.2186757392 0 -2.929928425 1.545636729 0.1745473436 0 47.00016273 30.90324638 -13.93922299 1


mesh: pSphereShape19 tranform: pSphere19 0.1475864844 -0.04890174794 1.956829927 0 -1.813874525 9.59206895 0.3765132024 0 -2.240819276 -0.4299543963 0.1582606201 0 44.023947 15.62514736 -13.54656353 1


mesh: pSphereShape20 tranform: pSphere20 0.7117749915 0.1127897661 2.519704073 0 -0.2088651994 1.848889933 -0.02376105915 0 -5.684232861 -0.6211427525 1.633506643 0 40.75278676 5.635294917 -13.19412225 1


mesh: pSphereShape21 tranform: pSphere21 0.9895916101 0.353022874 5.902821667 0 1.650864552 2.830272184 -0.4460294889 0 -5.113454388 3.088605146 0.6725399342 0 51.61441877 40.06582657 -17.9896839 1


