mesh: pSphereShape1 tranform: pSphere1 0.146349782 3.134209605 1.127023383 0 -1.169689206 0.5660187481 -1.422186673 0 -2.734939046 -0.5958649366 2.012223858 0 115.2485081 31.23058539 -29.43165525 1


mesh: pSphereShape2 tranform: pSphere2 -0.3888708572 5.656013492 1.629523847 0 -2.235237611 0.4873671229 -2.225051076 0 -2.133766052 -0.7188998039 1.986069466 0 115.6487725 38.70820819 -26.57717186 1


mesh: pSphereShape3 tranform: pSphere3 -1.254638543 6.072966016 2.451013219 0 -2.023562846 0.4770090998 -2.217735895 0 -2.186361649 -1.156444418 1.746197868 0 114.7083121 48.84884751 -23.21663298 1


mesh: pSphereShape4 tranform: pSphere4 -0.2346735767 -0.1492235384 4.094595882 0 -0.4902128897 3.339269863 0.09360084943 0 -3.866060622 -0.5607633693 -0.2420120072 0 113.1174108 54.81080564 -18.12243573 1


mesh: pSphereShape5 tranform: pSphere5 -1.053472845 -0.1667596056 4.104991024 0 -0.4032817416 3.119695619 0.02323825975 0 -3.851539217 -0.4903757724 -1.008349792 0 111.7354211 54.99540197 -11.60692311 1


mesh: pSphereShape6 tranform: pSphere6 -2.396528865 -5.251390418 1.813865154 0 -1.147918213 1.146895926 1.803760957 0 -1.874841621 0.3636216171 -1.424357803 0 109.0397208 48.73342252 -8.338486671 1


mesh: pSphereShape7 tranform: pSphere7 -4.651812342 -3.180100642 0.9132983277 0 -0.7452301308 1.527040975 1.521379403 0 -1.382141812 1.418458492 -2.100763265 0 101.9049626 41.21984628 -6.937730611 1


mesh: pSphereShape8 tranform: pSphere8 -1.717779143 -3.925896646 -0.3396777656 0 -0.595554576 0.1931190356 0.7797562344 0 -1.820550641 0.9369691081 -1.622537634 0 96.08327767 35.84781194 -6.353270569 1


mesh: pSphereShape10 tranform: pSphere10 0.2092876059 -0.07100639939 4.160395501 0 0.1104636074 3.512542626 0.05439250682 0 -5.059285618 0.1551240144 0.257153574 0 112.2638084 64.72234939 -14.75755325 1


mesh: pSphereShape11 tranform: pSphere11 -0.01403774451 0.006691541007 0.9998790752 0 -2.448296747 3.023423934 -0.05460653272 0 -2.022848778 -1.638369697 -0.01743512465 0 110.8047647 60.38776749 -15.53575358 1


mesh: pSphereShape12 tranform: pSphere12 -0.8851583003 -0.2860974914 7.124616347 0 -0.311227075 3.749728838 0.1119081711 0 -5.858413142 -0.4639695203 -0.7464771821 0 113.1908907 50.63647282 -15.73135938 1


mesh: pSphereShape13 tranform: pSphere13 -0.6196005842 -0.3809035754 4.921178656 0 -0.8112632413 4.619669185 0.255424446 0 -4.341774992 -0.7291170937 -0.6030851219 0 112.7800645 45.42013329 -15.89432296 1


mesh: pSphereShape14 tranform: pSphere14 -0.6088574683 -0.1762542512 4.990730459 0 -0.8036497719 5.426872109 0.09361377421 0 -4.259105912 -0.6213769714 -0.5415457312 0 113.2204261 41.04064905 -16.06017836 1


mesh: pSphereShape15 tranform: pSphere15 0.4636463588 -0.1386922256 3.411769481 0 3.53190463 7.871557988 -0.1599846732 0 -3.8538625 1.741280103 0.5945100745 0 110.2253718 28.41494162 -19.66020176 1


mesh: pSphereShape16 tranform: pSphere16 0.282315696 0.1089158089 2.255328112 0 -2.251907059 7.921998787 -0.1006869892 0 -1.802581806 -0.5092214111 0.2502338334 0 107.737579 13.57592706 -20.15691965 1


mesh: pSphereShape17 tranform: pSphere17 -0.04189229954 -0.05708600218 2.550558526 0 -0.5472173944 2.2976265 0.04243702519 0 -6.149430091 -1.462117584 -0.1337276567 0 106.088674 2.260330802 -20.47217662 1


mesh: pSphereShape18 tranform: pSphere18 -0.05289875891 -0.3728326912 2.878314629 0 -0.432301442 8.056659883 1.035647023 0 -3.311979341 -0.1671061866 -0.08251434488 0 113.9714532 27.3693843 -12.97202143 1


mesh: pSphereShape19 tranform: pSphere19 -0.01227648832 -0.2410319528 1.948104053 0 -3.928682942 8.879856199 1.073915249 0 -2.094035609 -0.9112258313 -0.12593883 0 117.2757133 11.5269599 -14.53033533 1


mesh: pSphereShape20 tranform: pSphere20 0.4579334987 0.1043668823 2.578305306 0 -0.1930730498 1.850312711 -0.04060680927 0 -5.822729375 -0.5843644552 1.057830942 0 115.9236407 2.070977666 -15.32727984 1


mesh: pSphereShape21 tranform: pSphere21 -0.7256202575 -0.2100551636 5.947820811 0 1.711625565 2.812494194 0.3081412789 0 -5.091891946 3.154672823 -0.5097874877 0 114.906328 37.30172352 -15.89171814 1


