mesh: pSphereShape1 tranform: pSphere1 -1.300614317 3.016445114 0.5695007336 0 -1.358058785 -0.3354978285 -1.324493314 0 -2.041910153 -1.339771334 2.433024283 0 -15.66687305 30.5724712 -23.8756227 1


mesh: pSphereShape2 tranform: pSphere2 -2.664069041 5.22442482 0.6365363907 0 -2.092050117 -0.7893592508 -2.277038529 0 -1.817134818 -1.179847304 2.078515771 0 -18.49763626 37.9069724 -22.34209616 1


mesh: pSphereShape3 tranform: pSphere3 -3.135605972 5.689277316 1.50419371 0 -1.999046228 -0.5115823655 -2.23221738 0 -1.781991036 -1.494624737 1.938389225 0 -23.06210063 47.51375103 -20.65439592 1


mesh: pSphereShape4 tranform: pSphere4 -0.3442463512 0.4949182705 4.059507993 0 -0.7713390187 3.254416072 -0.4621743867 0 -3.796331211 -0.929406975 -0.2086195362 0 -26.38739059 53.61873182 -16.55178168 1


mesh: pSphereShape5 tranform: pSphere5 -0.6668743068 0.473050068 4.161738507 0 -0.7265570301 3.025864886 -0.4603623708 0 -3.851670049 -1.001428098 -0.503360353 0 -27.51483014 54.79329998 -10.03455393 1


mesh: pSphereShape6 tranform: pSphere6 -2.355038023 -4.894369048 2.666365738 0 -1.149850006 1.421950971 1.594534566 0 -1.881838567 0.1118599795 -1.456783404 0 -29.89344978 49.15375972 -5.752649047 1


mesh: pSphereShape7 tranform: pSphere7 -5.672896329 -0.4152386235 -0.4820125628 0 -0.2475648516 1.832688836 1.334833567 0 0.07298010708 1.70566209 -2.328290686 0 -37.78553455 44.46481874 -4.924387405 1


mesh: pSphereShape8 tranform: pSphere8 -3.806789191 -1.916767053 -0.5596166209 0 -0.4642648733 0.8405235069 0.2792460595 0 -0.03942891508 0.8039337509 -2.485373213 0 -45.413863 43.23849051 -6.41040155 1


mesh: pSphereShape10 tranform: pSphere10 -0.1764695278 0.1991572337 4.157755264 0 0.4472350887 3.482992462 -0.1478537672 0 -5.022406434 0.6345648299 -0.2435640878 0 -26.45319868 64.01397364 -13.97481461 1


mesh: pSphereShape11 tranform: pSphere11 -0.04598546919 0.07926679313 0.9957922033 0 -2.140300286 3.229653764 -0.3559246683 0 -2.170612671 -1.436912334 0.01414229852 0 -28.2743487 59.79351599 -14.50502312 1


mesh: pSphereShape12 tranform: pSphere12 -0.5307369772 0.8490941589 7.114975226 0 -0.6377622786 3.677831745 -0.4864822949 0 -5.821913317 -1.050424175 -0.3089252702 0 -26.02418655 49.90986873 -13.50849795 1


mesh: pSphereShape13 tranform: pSphere13 -0.04861391153 0.3895022027 4.95912457 0 -1.106887104 4.550158178 -0.3682316746 0 -4.318331108 -1.047261254 0.03992228794 0 -26.02664778 44.73645205 -12.77083919 1


mesh: pSphereShape14 tranform: pSphere14 0.215624016 0.2280186015 5.021023531 0 -1.204210512 5.349660353 -0.1912290113 0 -4.228274158 -0.9437632721 0.2244389076 0 -25.2760314 40.39546335 -12.48709893 1


mesh: pSphereShape15 tranform: pSphere15 0.7959743709 0.2189218913 3.345575059 0 2.960419123 8.011731418 -1.228596301 0 -3.888196684 1.56290624 0.8228033956 0 -27.8987904 27.76802179 -15.19425804 1


mesh: pSphereShape16 tranform: pSphere16 0.5021252472 0.3122927065 2.197365059 0 -2.06457982 7.946345565 -0.6575639787 0 -1.781276866 -0.4241313292 0.4673220789 0 -30.02709692 12.64264991 -14.03204904 1


mesh: pSphereShape17 tranform: pSphere17 0.09300782324 0.1817754084 2.54335798 0 -0.2002728938 2.348289299 -0.160509965 0 -6.295296183 -0.5186227852 0.2672784045 0 -32.21393147 1.915791707 -13.30027343 1


mesh: pSphereShape18 tranform: pSphere18 0.550126072 0.1001388288 2.848478737 0 0.7159794736 8.091840086 -0.4227471839 0 -3.243991767 0.3191788108 0.6152906228 0 -24.62100716 26.71730172 -7.982713282 1


mesh: pSphereShape19 tranform: pSphere19 0.4928271774 -0.01427413617 1.90007214 0 -8.846115505 3.43545709 2.320251018 0 -0.7824709233 -2.141027335 0.1868674422 0 -18.78285334 15.0827773 -8.823381553 1


mesh: pSphereShape20 tranform: pSphere20 0.9096672273 1.116871179 2.189373905 0 -1.73853702 0.4361269922 0.4998655007 0 -0.4835819247 -5.19606953 2.851609273 0 -10.90937829 7.084854105 -9.436848791 1


mesh: pSphereShape21 tranform: pSphere21 0.2569750101 0.2717465498 5.983923294 0 1.511385977 2.934480958 -0.1981682325 0 -5.340717981 2.757734333 0.1041166867 0 -23.29503034 36.80433997 -12.31483154 1


