mesh: pSphereShape1 tranform: pSphere1 0.697568228 3.219480495 -0.5130435873 0 0.4793756768 0.19188962 1.855947825 0 3.26003733 -0.8269155498 -0.7565439458 0 -147.0597123 31.4434228 -15.09221165 1


mesh: pSphereShape2 tranform: pSphere2 1.556299385 5.687083553 -0.1790810477 0 0.5958733806 -0.06435940247 3.134558814 0 2.841222254 -0.7950365569 -0.5564345384 0 -145.3660054 39.15741071 -16.44990728 1


mesh: pSphereShape3 tranform: pSphere3 2.57121142 6.132053566 -0.4992902934 0 0.4576987654 0.05273833576 3.004734145 0 2.756071962 -1.188124693 -0.3989674153 0 -142.2860512 49.42876836 -17.16658844 1


mesh: pSphereShape4 tranform: pSphere4 2.372448291 -0.07074864043 -3.348064893 0 0.6407780811 3.292623809 0.3844800643 0 3.106173518 -0.8636400745 2.21929313 0 -138.0148092 55.44311641 -19.83067029 1


mesh: pSphereShape5 tranform: pSphere5 2.83529146 -0.1105351328 -3.152375205 0 0.5497962288 3.073082061 0.3867398198 0 2.899812299 -0.8507783839 2.637964521 0 -133.5739981 55.70933749 -24.8379478 1


mesh: pSphereShape6 tranform: pSphere6 1.679586434 -5.737703223 -0.9318314553 0 2.012749037 0.7702002031 -1.114573031 0 1.154318921 -0.0005714353534 2.084129179 0 -130.953664 48.97781345 -26.99764822 1


mesh: pSphereShape7 tranform: pSphere7 3.381795379 -4.580717674 0.4086533888 0 1.704113242 1.172366027 -0.9609231666 0 0.8698562789 0.875047705 2.610208487 0 -126.1093086 39.58365996 -26.19638576 1


mesh: pSphereShape8 tranform: pSphere8 0.03852745075 -4.288794825 0.2890765192 0 0.929049265 -0.01656512926 -0.369584983 0 0.9662114441 0.1718701223 2.421123753 0 -122.6172293 32.51497126 -25.24464187 1


mesh: pSphereShape10 tranform: pSphere10 2.285077819 -0.2529971277 -3.474499353 0 0.08292390239 3.507973789 -0.2008979285 0 4.236176591 0.05916748894 2.781702622 0 -135.2147095 65.3598641 -22.39389192 1


mesh: pSphereShape11 tranform: pSphere11 0.5677733898 -0.02565591022 -0.8227849975 0 2.054624882 3.027425923 1.323419811 0 1.643855881 -1.633786537 1.185308324 0 -134.641277 61.08134235 -20.86984891 1


mesh: pSphereShape12 tranform: pSphere12 4.319818217 -0.1660680504 -5.739085908 0 0.4888287861 3.723330915 0.2602026199 0 4.670826456 -0.8606591386 3.540642103 0 -136.9929162 51.34129335 -22.12272764 1


mesh: pSphereShape13 tranform: pSphere13 2.937228804 -0.3873551635 -3.996202536 0 0.7777563375 4.630847925 0.1227829314 0 3.51012925 -0.6596310751 2.64390109 0 -136.8021022 46.15880101 -21.90724574 1


mesh: pSphereShape14 tranform: pSphere14 2.871708058 -0.4242235403 -4.10883082 0 0.8034621624 5.427707122 0.00115547106 0 3.504817123 -0.5193501104 2.503177319 0 -137.2631663 41.78504284 -21.82402208 1


mesh: pSphereShape15 tranform: pSphere15 1.211110756 -0.07778710718 -3.225140985 0 -1.756601899 8.404289447 -0.8623451906 0 3.902455596 0.9636445961 1.442215036 0 -138.0708046 28.83398522 -17.57566139 1


mesh: pSphereShape16 tranform: pSphere16 0.8115291741 0.03187526056 -2.125670263 0 1.027192655 8.15594847 0.5144588079 0 1.749705508 -0.2622524414 0.6640624023 0 -136.8235021 13.09088018 -16.10164548 1


mesh: pSphereShape17 tranform: pSphere17 0.9488442146 0.2766715236 -2.352341407 0 -0.1402746007 2.347860808 0.2195631477 0 5.85684933 0.1275927768 2.377435041 0 -133.759852 2.621800589 -14.77537214 1


mesh: pSphereShape18 tranform: pSphere18 1.187718563 0.09184542222 -2.647146885 0 -0.00340211501 8.129606656 0.2805384185 0 3.026842359 -0.04554372944 1.356499669 0 -136.0524797 27.70868624 -25.74746594 1


mesh: pSphereShape19 tranform: pSphere19 0.7757128211 0.06154542699 -1.802175989 0 3.871468999 8.751521428 1.96527103 0 1.895458593 -1.013944052 0.7812377489 0 -138.6716792 11.95782051 -27.87924459 1


mesh: pSphereShape20 tranform: pSphere20 -0.2108920299 0.4717783788 -2.569280736 0 0.05276761107 1.830231364 0.3317408274 0 5.925134842 -0.08001169054 -0.5010396418 0 -137.2331069 2.886959004 -29.35308535 1


mesh: pSphereShape21 tranform: pSphere21 3.422425854 -0.5055784163 -4.896796103 0 -1.342792238 2.762979193 -1.22376129 0 4.290041051 3.263702225 2.661391189 0 -138.7082861 38.01405346 -22.55987292 1


