mesh: pSphereShape1 tranform: pSphere1 -0.4272654494 3.24622445 0.627965658 0 -1.48235865 0.04275567675 -1.229613671 0 -2.1569125 -0.7816409892 2.573083227 0 135.1382782 30.63395796 -30.58061946 1


mesh: pSphereShape2 tranform: pSphere2 -1.313747908 5.711778636 0.6683624658 0 -2.172169541 -0.2273269467 -2.326943945 0 -2.095482721 -0.7190886056 2.026353908 0 134.2633997 38.43076774 -28.95338338 1


mesh: pSphereShape3 tranform: pSphere3 -1.896806073 6.218395706 1.481951912 0 -1.997773307 -0.06356088519 -2.290318449 0 -2.113249154 -1.091119356 1.873602015 0 131.969398 48.79920736 -27.24705733 1


mesh: pSphereShape4 tranform: pSphere4 -0.2425964274 0.279293662 4.087321471 0 -0.5684967567 3.317945663 -0.2604631135 0 -3.851182739 -0.6741890454 -0.1825123009 0 129.8229001 55.18144213 -23.06869429 1


mesh: pSphereShape5 tranform: pSphere5 -0.6575690914 0.2655683443 4.181583606 0 -0.5202019224 3.089944815 -0.2780430439 0 -3.907012641 -0.7089910824 -0.5693644775 0 128.7993856 56.04039574 -16.49380358 1


mesh: pSphereShape6 tranform: pSphere6 -1.00351386 -5.486367315 2.345909703 0 -1.334147826 0.998140022 1.76363436 0 -1.950293263 -0.2207048223 -1.350441596 0 127.6228783 49.67526575 -12.56681233 1


mesh: pSphereShape7 tranform: pSphere7 -3.111629383 -4.453413945 1.752534966 0 -1.134916274 1.358806888 1.437854745 0 -1.948042509 0.5510776374 -2.058395151 0 123.1044322 40.46766947 -9.867865762 1


mesh: pSphereShape8 tranform: pSphere8 0.064734914 -4.291851008 0.2337412357 0 -0.6767897536 0.02985222751 0.735570849 0 -1.92282842 -0.1250779285 -1.764094811 0 119.7920196 33.4266859 -8.288345238 1


mesh: pSphereShape10 tranform: pSphere10 -0.2195867031 0.08875334423 4.159523826 0 -0.2191931883 3.506794306 -0.08639730094 0 -5.051267477 -0.3221313949 -0.2597895765 0 127.9681299 65.25171857 -20.22661049 1


mesh: pSphereShape11 tranform: pSphere11 -0.08480921911 0.03602708953 0.9957456729 0 -2.724874962 2.757383769 -0.3318468145 0 -1.845002668 -1.834175749 -0.090779427 0 126.9787491 60.76141387 -20.87288484 1


mesh: pSphereShape12 tranform: pSphere12 -0.9517042246 0.4461752336 7.107791627 0 -0.4022194869 3.731631 -0.2881000774 0 -5.837562317 -0.6862300702 -0.7385492051 0 129.9895868 51.28646841 -20.2490418 1


mesh: pSphereShape13 tranform: pSphere13 -0.6658299361 0.4647027734 4.907923554 0 -0.7398678749 4.607532143 -0.5366341013 0 -4.347723649 -0.758480957 -0.5180146609 0 129.607449 46.11092576 -19.70836867 1


mesh: pSphereShape14 tranform: pSphere14 -0.7364647852 0.4497316259 4.956261149 0 -0.7901861069 5.395618241 -0.6070149081 0 -4.245673676 -0.6857513073 -0.5686514525 0 130.0175575 41.73778657 -19.25878606 1


mesh: pSphereShape15 tranform: pSphere15 -0.4745053028 0.3486197059 3.395244246 0 -1.143015767 8.49062942 -1.031551052 0 -4.19189032 -0.6276614734 -0.52139372 0 132.2440014 28.15177934 -22.15864085 1


mesh: pSphereShape16 tranform: pSphere16 -0.3471208425 0.2928911144 2.229751469 0 -3.646526908 7.227763696 -1.51708982 0 -1.669768871 -0.8729203135 -0.1452812021 0 136.0940267 12.77741507 -20.67401143 1


mesh: pSphereShape17 tranform: pSphere17 -0.5835737996 0.2737946284 2.468773115 0 -0.854722528 2.157549831 -0.441320112 0 -5.713792968 -2.483474896 -1.07521334 0 136.5941811 1.546901238 -19.80350558 1


mesh: pSphereShape18 tranform: pSphere18 -0.5084638868 0.4946943709 2.814824959 0 4.19409051 6.954349752 -0.4645880763 0 -2.782272992 1.625300101 -0.7882238444 0 125.5748228 29.20743324 -14.68968823 1


mesh: pSphereShape19 tranform: pSphere19 -0.3044453407 0.2551160791 1.922390526 0 -3.418403168 8.985982734 -1.733875377 0 -2.113019829 -0.8467122445 -0.2222696835 0 123.266087 14.74377608 -12.47705528 1


mesh: pSphereShape20 tranform: pSphere20 0.3635267895 0.647191222 2.513413134 0 -0.2581809545 1.793264626 -0.4244146799 0 -5.831245028 -0.6031722238 0.9987142656 0 121.4726215 5.097303023 -10.63821604 1


mesh: pSphereShape21 tranform: pSphere21 -0.8776992892 0.5359782794 5.906741198 0 1.711279507 2.829532306 -0.00246820533 0 -5.068150046 3.064278934 -1.031143644 0 131.6878682 38.04994807 -18.58046633 1


