mesh: pSphereShape1 tranform: pSphere1 0.7292251223 3.20329988 -0.5674243684 0 0.4888734479 0.2165460234 1.850750001 0 3.248092009 -0.8733023475 -0.7557994262 0 -147.8569003 32.03606453 -16.46084184 1


mesh: pSphereShape2 tranform: pSphere2 1.622261541 5.663191947 -0.3059110851 0 0.6896864046 -0.02925863275 3.11578927 0 2.812736597 -0.8397858746 -0.6304910273 0 -146.0987151 39.70835438 -17.96487018 1


mesh: pSphereShape3 tranform: pSphere3 2.658759341 6.081820743 -0.6363608411 0 0.5448160059 0.07464750068 2.989698988 0 2.723030746 -1.239097867 -0.4652826861 0 -142.8891756 49.91973875 -18.89559389 1


mesh: pSphereShape4 tranform: pSphere4 2.294909178 -0.2441488452 -3.39364671 0 0.7554573475 3.279249926 0.2749493384 0 3.124468812 -0.9023978915 2.177802284 0 -138.5646406 55.7484488 -21.74178935 1


mesh: pSphereShape5 tranform: pSphere5 2.811485248 -0.3099724499 -3.160384927 0 0.6301785872 3.071036302 0.2593991474 0 2.893946653 -0.8180722783 2.654698205 0 -134.1912633 55.71553182 -26.80925007 1


mesh: pSphereShape6 tranform: pSphere6 1.63252729 -5.774399366 -0.7757095689 0 2.011382854 0.7229007101 -1.148213246 0 1.167012557 0.05099742771 2.076421895 0 -131.6563628 48.87537623 -28.77353827 1


mesh: pSphereShape7 tranform: pSphere7 3.359961977 -4.584203643 0.5312668406 0 1.705038791 1.133198121 -1.005247292 0 0.8883951695 0.9498642606 2.577607163 0 -126.8670614 39.4807424 -27.72022527 1


mesh: pSphereShape8 tranform: pSphere8 -0.01512232793 -4.277879838 0.42228669 0 0.929263011 -0.03954225445 -0.3672964286 0 0.9650478804 0.2351080608 2.416267971 0 -123.4301253 32.41636861 -26.55948558 1


mesh: pSphereShape10 tranform: pSphere10 2.406783149 -0.2956687189 -3.387876742 0 0.138199063 3.505829856 -0.2077847276 0 4.132161123 0.01103803225 2.934567258 0 -135.6263914 65.5267128 -24.40074645 1


mesh: pSphereShape11 tranform: pSphere11 0.5788489769 -0.05629045849 -0.8134895489 0 2.098891885 3.013594435 1.284964029 0 1.591822678 -1.640015239 1.246164919 0 -135.1228155 61.26035963 -22.91563694 1


mesh: pSphereShape12 tranform: pSphere12 4.165460791 -0.4697926097 -5.83555879 0 0.6331244943 3.707486549 0.1534566796 0 4.722923938 -0.9492326389 3.447672739 0 -137.741975 51.55320079 -23.94535652 1


mesh: pSphereShape13 tranform: pSphere13 2.871937109 -0.6095744445 -4.015891933 0 0.9443096184 4.601356062 -0.02312592863 0 3.516670967 -0.7085257292 2.622470226 0 -137.7409984 46.37731229 -23.58562857 1


mesh: pSphereShape14 tranform: pSphere14 2.843099132 -0.5077533795 -4.119239897 0 0.8815230197 5.41525478 -0.05907803138 0 3.510426216 -0.5442805854 2.489986087 0 -138.3031282 42.02535998 -23.41639412 1


mesh: pSphereShape15 tranform: pSphere15 1.135733913 -0.1496863393 -3.249934915 0 -1.671747571 8.409680195 -0.971550119 0 3.946151019 0.9387708977 1.335797938 0 -139.2136189 28.92468712 -19.25047951 1


mesh: pSphereShape16 tranform: pSphere16 0.7554810369 -0.04981668954 -2.145888254 0 0.4488460297 8.224156048 -0.03290272201 0 1.779601542 -0.09460914881 0.628722549 0 -137.5366347 13.12808596 -17.20107617 1


mesh: pSphereShape17 tranform: pSphere17 0.8777466949 0.2092290343 -2.386660118 0 -0.1301748547 2.353356801 0.1584348017 0 5.926177334 0.1800123268 2.195262884 0 -133.7670853 2.637087976 -15.35083352 1


mesh: pSphereShape18 tranform: pSphere18 1.095065611 -0.005604081461 -2.688363349 0 0.502451141 8.116742694 0.1877462281 0 3.065288561 -0.2186423082 1.249056376 0 -137.6758619 28.10758095 -27.44041698 1


mesh: pSphereShape19 tranform: pSphere19 0.7237675422 0.01780319607 -1.824609576 0 3.076659301 9.17920503 1.309981795 0 2.000299371 -0.7826007372 0.785822339 0 -140.2700815 12.02019074 -28.98164539 1


mesh: pSphereShape20 tranform: pSphere20 -0.1366443706 0.319360059 -2.597612607 0 -0.06257995718 1.845449789 0.2301783379 0 5.935362396 0.2365854253 -0.2831361079 0 -138.0507742 2.889931369 -29.65515251 1


mesh: pSphereShape21 tranform: pSphere21 3.38833049 -0.6051270736 -4.909201365 0 -1.309451862 2.769416487 -1.245152543 0 4.350880081 3.228450036 2.605025984 0 -139.8063418 38.26831045 -24.10569545 1


