mesh: pSphereShape1 tranform: pSphere1 0.6859563889 3.185452848 -0.7051409772 0 1.345030067 0.01563414938 1.379062974 0 2.363837617 -1.016830303 -2.293974568 0 -70.38577436 29.79805699 -2.036731914 1


mesh: pSphereShape2 tranform: pSphere2 1.657614552 5.578659378 -0.9632915843 0 2.439761589 -0.375679322 2.02264545 0 1.741857951 -0.9095383509 -2.270003807 0 -69.01250109 37.46791093 -3.89518477 1


mesh: pSphereShape3 tranform: pSphere3 2.417143345 5.939281579 -1.82889373 0 2.247239978 -0.2905889165 2.026368015 0 1.718289838 -1.345507132 -2.098532471 0 -65.94145041 47.51697769 -6.094320527 1


mesh: pSphereShape4 tranform: pSphere4 -0.3431222642 0.3963248814 -4.070411341 0 0.9799843201 3.222728669 0.231178876 0 3.73119131 -1.104324869 -0.4220522421 0 -63.68400182 53.71557262 -10.59186897 1


mesh: pSphereShape5 tranform: pSphere5 -0.00695457232 0.3641768257 -4.225623266 0 0.9321406246 2.993496611 0.2564543468 0 3.831270373 -1.18373369 -0.1083232451 0 -63.61262304 54.70918115 -17.22834865 1


mesh: pSphereShape6 tranform: pSphere6 1.672415933 -5.0938522 -2.804684195 0 1.225200507 1.304341352 -1.638358152 0 1.948074395 -0.1129984854 1.366852014 0 -62.2189895 48.82744794 -21.58560496 1


mesh: pSphereShape7 tranform: pSphere7 4.863220452 -2.792904377 -1.06549705 0 0.723876647 1.746942205 -1.275152112 0 1.20251171 1.204134441 2.332289136 0 -55.52920023 41.59770622 -24.02127831 1


mesh: pSphereShape8 tranform: pSphere8 2.307308878 -3.626927275 0.02312864411 0 0.6300884433 0.3965802096 -0.6676171739 0 1.465988758 0.9450072711 1.944937618 0 -49.20220612 36.91977353 -24.81920648 1


mesh: pSphereShape10 tranform: pSphere10 -0.0735755255 0.08795710439 -4.164682956 0 -0.5175040212 3.475412608 0.08254238401 0 5.012152986 0.7480591393 -0.07274855665 0 -64.10944112 64.06680239 -13.38248663 1


mesh: pSphereShape11 tranform: pSphere11 -0.03182458828 0.05950508548 -0.9977205723 0 2.208700725 3.20083803 0.1204497058 0 2.141463295 -1.471817936 -0.1560876302 0 -62.09099944 59.81814799 -12.88236035 1


mesh: pSphereShape12 tranform: pSphere12 -0.3648250869 0.6347701222 -7.147690861 0 0.7814243259 3.671151171 0.2861419051 0 5.78711796 -1.200486609 -0.4019926016 0 -64.64924648 49.95646802 -13.42820423 1


mesh: pSphereShape13 tranform: pSphere13 -0.4467720896 0.3532354741 -4.941923834 0 1.414562133 4.475141063 0.1919883281 0 4.218569134 -1.31307348 -0.475232553 0 -64.94801115 44.75862928 -14.0327156 1


mesh: pSphereShape14 tranform: pSphere14 -0.6141778496 0.2094803947 -4.988794146 0 1.640485833 5.235842197 0.01789134327 0 4.105676108 -1.284472484 -0.5593911163 0 -66.03589133 40.46455247 -14.16763073 1


mesh: pSphereShape15 tranform: pSphere15 -0.6786603736 0.09264586522 -3.377160244 0 -2.265967723 8.298208545 0.6830049644 0 4.033948272 1.165628865 -0.7786690465 0 -64.0826361 27.83940922 -10.54766062 1


mesh: pSphereShape16 tranform: pSphere16 -0.4123283019 0.2220826544 -2.226821584 0 2.639278717 7.796797053 0.2888799348 0 1.757063535 -0.5805804409 -0.3832475289 0 -63.190535 12.51151353 -10.80165431 1


mesh: pSphereShape17 tranform: pSphere17 -0.1673980957 0.09830944225 -2.544145377 0 0.2841602883 2.344018263 0.07187924031 0 6.2626461 -0.7456875313 -0.4408801345 0 -61.73075683 1.797586491 -11.18237476 1


mesh: pSphereShape18 tranform: pSphere18 -0.526209564 0.08806787169 -2.853391866 0 -1.174575077 8.035776985 0.4646282313 0 3.226905102 0.505177536 -0.5794992396 0 -66.59790947 26.71391314 -18.30940338 1


mesh: pSphereShape19 tranform: pSphere19 -0.481926003 -0.03222236141 -1.902646988 0 8.903972267 3.289102467 -2.311011155 0 0.7552462857 -2.153325064 -0.1548304058 0 -71.96311034 15.26193045 -17.52178072 1


mesh: pSphereShape20 tranform: pSphere20 -1.013467205 0.8268441795 -2.271005662 0 1.702931036 0.4599616729 -0.5924899915 0 0.6763990019 -5.448270278 -2.285497946 0 -79.71610956 7.272284692 -16.43814107 1


mesh: pSphereShape21 tranform: pSphere21 -0.7319609475 0.2496532043 -5.945513164 0 -1.249754685 3.048508024 0.2818665729 0 5.517114949 2.315586263 -0.5819883094 0 -68.30555742 37.04444315 -14.12668582 1


