mesh: pSphereShape1 tranform: pSphere1 -0.8140358333 3.1287429 -0.8143606938 0 1.639404407 0.6321350063 0.7898882948 0 1.602819023 -0.3714696395 -3.029351902 0 74.3848827 30.7681683 24.66308389 1


mesh: pSphereShape2 tranform: pSphere2 -0.9089304325 5.694098603 -1.244244227 0 2.78802596 0.7430179117 1.363635511 0 1.385793085 -0.3555776258 -2.639581121 0 72.16278056 38.19489032 22.64145997 1


mesh: pSphereShape3 tranform: pSphere3 -0.3364403852 6.253650792 -2.289357888 0 2.594046834 0.6660110332 1.438070617 0 1.571044853 -0.8147854649 -2.456560739 0 70.69758544 48.45043857 19.90684052 1


mesh: pSphereShape4 tranform: pSphere4 -1.334558691 0.2419123174 -3.873433402 0 0.5111199014 3.337289994 0.03232585579 0 3.653552566 -0.5470328399 -1.292965128 0 69.78195796 54.86047855 15.06513773 1


mesh: pSphereShape5 tranform: pSphere5 -0.9525444653 0.2409060291 -4.125916678 0 0.3907532173 3.120021169 0.09196067823 0 3.877066482 -0.4583948184 -0.9218577571 0 68.2012472 55.69149289 8.600406602 1


mesh: pSphereShape6 tranform: pSphere6 0.4403728209 -5.512012568 -2.456490983 0 0.4880379032 0.9998753233 -2.156086367 0 2.327298963 -0.0404711669 0.5080241689 0 68.27057233 49.29245114 4.5942091 1


mesh: pSphereShape7 tranform: pSphere7 2.348035454 -4.419353353 -2.746371687 0 0.4225016098 1.340649205 -1.796098403 0 2.576668455 0.6778908687 1.112110796 0 71.92275799 40.17299864 0.5147945646 1


mesh: pSphereShape8 tranform: pSphere8 -0.0315932417 -4.288536361 -0.2937148185 0 0.3484126407 0.06149195079 -0.9353220685 0 2.448690705 -0.08015009344 0.9068814237 0 74.60812109 33.20594057 -2.198798776 1


mesh: pSphereShape10 tranform: pSphere10 -1.155161904 0.06931004085 -4.002315708 0 0.1070610239 3.512941543 0.02993499622 0 4.867036037 -0.1363382451 -1.407101447 0 70.09499743 64.96433665 11.92288727 1


mesh: pSphereShape11 tranform: pSphere11 -0.2545937832 0.04141574727 -0.9661608259 0 2.571361996 2.866818054 -0.5546916746 0 1.837794157 -1.756661359 -0.5595801399 0 71.39904477 60.52531272 12.17887219 1


mesh: pSphereShape12 tranform: pSphere12 -1.626446551 0.4035145962 -6.986942298 0 0.338549776 3.746506755 0.1375618981 0 5.745556794 -0.469088983 -1.364563334 0 68.70846544 50.93141782 12.50433475 1


mesh: pSphereShape13 tranform: pSphere13 -1.111000305 0.4708018995 -4.826076633 0 0.5459330392 4.653911321 0.3283285031 0 4.30054719 -0.4316655347 -1.032129942 0 69.15455339 45.79951664 11.81760392 1


mesh: pSphereShape14 tranform: pSphere14 -1.02342082 0.3794330387 -4.910988077 0 0.548544828 5.450735409 0.3068215353 0 4.225215923 -0.3740219129 -0.9094076683 0 68.93840551 41.39844843 11.51052173 1


mesh: pSphereShape15 tranform: pSphere15 -0.4199021727 0.2697641975 -3.409587059 0 0.7339227634 8.577683835 0.5882754124 0 4.223152902 -0.3239140581 -0.5457234155 0 68.64692593 27.86829958 15.20453086 1


mesh: pSphereShape16 tranform: pSphere16 -0.252726924 0.2321605682 -2.249511118 0 3.096640536 7.619569754 0.4384771418 0 1.738498236 -0.6911917895 -0.2666502892 0 65.9256046 12.12786047 14.96412732 1


mesh: pSphereShape17 tranform: pSphere17 0.4036125744 -0.1444137106 -2.515274168 0 0.2007983536 2.351478234 -0.1027883799 0 6.21950091 -0.486252454 1.025928039 0 66.84820225 1.794635376 15.56284443 1


mesh: pSphereShape18 tranform: pSphere18 -0.3339036574 0.08514672661 -2.882317814 0 -3.838171625 7.141976141 0.6556166097 0 2.899739253 1.584888711 -0.2891025592 0 71.7859115 28.41701133 7.106973464 1


mesh: pSphereShape19 tranform: pSphere19 -0.2583478479 0.004178750328 -1.945917635 0 2.064310868 9.54536608 -0.2535680646 0 2.215174385 -0.4869008546 -0.2951410491 0 74.60723465 13.25208585 6.128205883 1


mesh: pSphereShape20 tranform: pSphere20 -0.9179935437 0.2893204053 -2.437588018 0 0.2637423068 1.838177845 0.1188505286 0 5.505914536 -0.6509277728 -2.150782103 0 77.54036031 3.227925804 5.190715634 1


mesh: pSphereShape21 tranform: pSphere21 -1.219685916 0.4521982789 -5.852785945 0 -1.812972782 2.702544537 0.5866169358 0 4.876530681 3.434357781 -0.7508945579 0 67.41417578 37.58772923 11.43736916 1


