mesh: pSphereShape1 tranform: pSphere1 0.8110690696 3.132627216 0.8022988858 0 -1.27908563 0.6592051664 -1.280840933 0 -2.43754034 0.006785346933 2.437692046 0 134.8874731 31.01507199 -27.95436915 1


mesh: pSphereShape2 tranform: pSphere2 0.6653182162 5.751757159 1.12769605 0 -2.440083648 0.6639325849 -1.946754091 0 -1.905204108 -0.2322839132 2.308784942 0 136.8128196 38.51575888 -25.8893343 1


mesh: pSphereShape3 tranform: pSphere3 -0.3857594941 6.357246818 1.974614498 0 -2.238126161 0.4851083455 -1.999039258 0 -2.041309765 -0.775308655 2.09730753 0 137.5000733 48.89313297 -23.43696891 1


mesh: pSphereShape4 tranform: pSphere4 0.3045484373 -0.1007241391 4.091474023 0 -0.5584713971 3.327559688 0.1234878123 0 -3.84915069 -0.6560443707 0.2703605882 0 137.011774 55.07761798 -18.69986854 1


mesh: pSphereShape5 tranform: pSphere5 -0.3850132816 -0.1473099716 4.22121187 0 -0.4545481034 3.112001747 0.06714229011 0 -3.952595229 -0.5691209818 -0.380373908 0 136.6152171 55.30813631 -12.03341286 1


mesh: pSphereShape6 tranform: pSphere6 -1.088843692 -5.648669601 1.875502567 0 -1.172362137 0.8694824236 1.938093758 0 -2.041316561 -0.0143603726 -1.228359642 0 135.4345747 48.63112056 -8.665394007 1


mesh: pSphereShape7 tranform: pSphere7 -2.913954978 -4.627562017 1.637390655 0 -1.01458453 1.218865797 1.639146661 0 -2.124623374 0.6907907316 -1.828751066 0 130.9475968 39.22753918 -6.447355805 1


mesh: pSphereShape8 tranform: pSphere8 0.140875646 -4.294563294 0.1252629562 0 -0.7126029707 -0.002912691463 0.7015614886 0 -1.830815988 -0.1143118806 -1.860104764 0 127.8127373 32.04172034 -5.207244264 1


mesh: pSphereShape10 tranform: pSphere10 0.0735511944 -0.2458538487 4.15835064 0 -0.1638969981 3.504584444 0.2101002223 0 -5.061887059 -0.2412389581 0.07526982208 0 135.8694708 64.88054023 -14.91293602 1


mesh: pSphereShape11 tranform: pSphere11 0.0001544869418 -0.05217624465 0.9986378801 0 -2.569256251 2.917840163 0.1528470547 0 -1.954883741 -1.716658287 -0.08938853666 0 134.8191766 60.57401189 -15.79133235 1


mesh: pSphereShape12 tranform: pSphere12 -0.2699559806 -0.2323210165 7.176257089 0 -0.4304394274 3.738125984 0.104824217 0 -5.880909434 -0.6703654116 -0.2429297927 0 137.5337653 50.93921218 -16.30060989 1


mesh: pSphereShape13 tranform: pSphere13 -0.2704686104 -0.2722120621 4.959812406 0 -0.6703410395 4.644104655 0.2183298493 0 -4.391562412 -0.6210275879 -0.2735649803 0 137.1439386 45.74974877 -16.36199279 1


mesh: pSphereShape14 tranform: pSphere14 -0.3051036933 -0.1597587776 5.019019064 0 -0.6305784849 5.448823195 0.1351071793 0 -4.301346621 -0.4909129839 -0.2771028324 0 137.4459393 41.36213342 -16.52902313 1


mesh: pSphereShape15 tranform: pSphere15 -0.1592358862 0.2220010189 3.435074082 0 0.07072324023 8.611056863 -0.5532345661 0 -4.265862813 0.0222388002 -0.199185073 0 137.9516089 27.77274995 -20.17764651 1


mesh: pSphereShape16 tranform: pSphere16 -0.1209682018 0.1940069692 2.264022458 0 -2.154703047 7.909979994 -0.7929434587 0 -1.821188316 -0.5015436367 -0.05432937045 0 139.1488207 11.80874107 -19.78398932 1


mesh: pSphereShape17 tranform: pSphere17 -0.5582078763 0.001779509149 2.489731586 0 -0.1064121089 2.359737114 -0.02554462154 0 -6.162545803 -0.2928539461 -1.381458342 0 137.1900339 1.29063748 -20.1822263 1


mesh: pSphereShape18 tranform: pSphere18 0.4787214612 0.09864061687 2.861397104 0 0.1906437342 8.126223611 -0.3120297268 0 -3.270875036 0.09761894174 0.5438633043 0 138.0000563 27.4512216 -12.21209013 1


mesh: pSphereShape19 tranform: pSphere19 0.344570364 0.08300258074 1.930735184 0 -2.720226418 9.382607113 0.08210799912 0 -2.159725114 -0.6297622482 0.4125108234 0 139.7676666 11.22957374 -11.47843721 1


mesh: pSphereShape20 tranform: pSphere20 1.112357073 0.2718171341 2.357335567 0 -0.03469031966 1.850024328 -0.1969512931 0 -5.383429671 0.1674337158 2.520975291 0 137.4131844 1.919271112 -10.03207144 1


mesh: pSphereShape21 tranform: pSphere21 -0.3636145273 -0.1903962937 5.981534424 0 1.812287847 2.758831633 0.1979835646 0 -5.015118666 3.308772219 -0.1995461284 0 139.0242825 37.57344095 -16.45937833 1


