mesh: pSphereShape1 tranform: pSphere1 -0.6241678435 3.274930441 0.01072020278 0 1.529343271 0.2951878683 -1.133639395 0 -1.994439526 -0.3709958228 -2.787214477 0 -136.535413 30.72613509 -9.36041416 1


mesh: pSphereShape2 tranform: pSphere2 -0.6297949991 5.845113304 -0.4848359075 0 2.572229739 0.1207845165 -1.885129026 0 -1.74799347 -0.3882431656 -2.409985994 0 -138.1936324 38.56435335 -9.220444904 1


mesh: pSphereShape3 tranform: pSphere3 -1.308774376 6.414378348 -1.267027998 0 2.522969795 0.1817646251 -1.68590682 0 -1.580875416 -0.8070584156 -2.452801985 0 -139.7757129 49.13924243 -10.23591265 1


mesh: pSphereShape4 tranform: pSphere4 -4.036002777 0.07149502185 -0.7406921319 0 0.1587915198 3.328464328 -0.5439701164 0 0.6853914895 -0.6533613312 -3.797737165 0 -143.7780806 55.49948526 -12.22370034 1


mesh: pSphereShape5 tranform: pSphere5 -4.059227896 0.07117107462 -1.227260638 0 0.1960590939 3.104480748 -0.4684410908 0 1.135500292 -0.6440554371 -3.79307576 0 -150.185623 56.04508187 -14.09679049 1


mesh: pSphereShape6 tranform: pSphere6 -2.159891079 -5.152326266 -2.323566935 0 -1.361033714 1.271679691 -1.554689061 0 1.779502461 -0.0317282688 -1.583796465 0 -153.807029 49.948031 -16.75616331 1


mesh: pSphereShape7 tranform: pSphere7 -1.018155305 -3.856735828 -4.083559785 0 -1.085739738 1.586287528 -1.22746832 0 2.4862388 0.7060476873 -1.286724552 0 -155.5137732 41.63693851 -23.10750241 1


mesh: pSphereShape8 tranform: pSphere8 -0.08387154896 -4.273241628 -0.4595456386 0 -0.8241740459 0.07652167721 -0.5611430966 0 1.478653097 0.2015737542 -2.144270776 0 -156.7650782 35.16281903 -27.54707214 1


mesh: pSphereShape10 tranform: pSphere10 -3.532597404 0.45408616 -2.161549278 0 0.3223390109 3.493751829 0.207152529 0 2.646375543 0.01212601851 -4.322396538 0 -145.6230148 65.54855414 -13.41218606 1


mesh: pSphereShape11 tranform: pSphere11 -0.9046127008 0.05626295267 -0.4225048421 0 1.215393482 2.964470769 -2.207478848 0 0.7549019007 -1.679621059 -1.839965392 0 -145.1379354 61.16222733 -14.66123191 1


mesh: pSphereShape12 tranform: pSphere12 -7.023296254 0.09440284265 -1.513245824 0 0.1114886481 3.7519486 -0.2833797285 0 1.237695192 -0.4728735231 -5.773906969 0 -146.3778291 51.46422215 -12.46706378 1


mesh: pSphereShape13 tranform: pSphere13 -4.882139999 -0.08487465961 -0.9510505229 0 0.0001220648462 4.67866128 -0.4181646628 0 0.8529197908 -0.3882531084 -4.343745024 0 -146.445465 46.31027891 -13.10631061 1


mesh: pSphereShape14 tranform: pSphere14 -4.964182318 -0.05123501871 -0.8145135859 0 0.01137167744 5.471240942 -0.4134617494 0 0.7036941901 -0.3240251727 -4.268393898 0 -146.4353701 41.89565067 -13.00403778 1


mesh: pSphereShape15 tranform: pSphere15 -3.313972953 0.6438110623 -0.6909884594 0 1.421312636 8.445896411 1.052651309 0 0.9355009999 0.3599615057 -4.151267323 0 -143.6455802 28.43032369 -13.46318579 1


mesh: pSphereShape16 tranform: pSphere16 -2.173782364 0.482458063 -0.4690140194 0 2.042131778 7.858930056 -1.380653553 0 0.3044865142 -0.3991835657 -1.821857576 0 -145.9541555 12.63112569 -13.82403299 1


mesh: pSphereShape17 tranform: pSphere17 -2.284048388 -0.1108952462 -1.131895656 0 -0.07658829817 2.359786981 -0.07664821297 0 2.810604166 -0.09270136325 -5.662426339 0 -145.8945461 2.292812425 -16.26136373 1


mesh: pSphereShape18 tranform: pSphere18 -2.696819725 0.8544613216 0.650812431 0 2.956300948 6.830453275 3.282439722 0 -0.2304794357 1.513861036 -2.9426254 0 -153.619511 29.50947091 -16.28379418 1


mesh: pSphereShape19 tranform: pSphere19 -1.835646508 0.4769471955 0.5062408391 0 0.3877019842 7.767539773 -5.91225023 0 -0.8052913623 -1.270958887 -1.722599073 0 -157.6305442 16.16195833 -15.51529633 1


mesh: pSphereShape20 tranform: pSphere20 -1.412827185 0.7054212897 2.091543434 0 -0.774510255 1.37443329 -0.986737169 0 -4.354328868 -3.675414482 -1.701709137 0 -160.8650783 5.381167438 -12.03659912 1


mesh: pSphereShape21 tranform: pSphere21 -5.916181437 -0.06106054275 -0.9707157894 0 -0.3389178284 2.687570021 1.896533364 0 0.7559373354 3.50191386 -4.827459534 0 -146.7213977 38.04899954 -11.59987553 1


