mesh: pSphereShape1 tranform: pSphere1 -1.323927878 2.995586376 0.6233354204 0 -1.139090127 -0.1823892677 -1.542845693 0 -2.419699293 -1.477491864 1.961138594 0 -99.07512743 29.54493014 -20.59221221 1


mesh: pSphereShape2 tranform: pSphere2 -2.589499621 5.257313089 0.6724640681 0 -1.656880763 -0.4724957015 -2.686291147 0 -2.201681492 -1.287099234 1.584367566 0 -101.952427 36.81591237 -18.86064469 1


mesh: pSphereShape3 tranform: pSphere3 -3.049618544 5.722614528 1.553708341 0 -1.591994855 -0.1464127008 -2.58550043 0 -2.176047674 -1.547199206 1.427493986 0 -106.3518828 46.47606731 -16.9961902 1


mesh: pSphereShape4 tranform: pSphere4 -0.8543278161 0.3770094794 3.996378689 0 -0.129618818 3.356252129 -0.3443306896 0 -3.825313066 -0.2294105842 -0.7961160942 0 -109.7640139 52.62642912 -12.88685069 1


mesh: pSphereShape5 tranform: pSphere5 -1.211207067 0.409415864 4.04399817 0 -0.1194295125 3.123699619 -0.3520145134 0 -3.841364261 -0.2734025068 -1.122837357 0 -111.6517698 53.708704 -6.533648872 1


mesh: pSphereShape6 tranform: pSphere6 -3.204286873 -4.812086873 1.785195867 0 -1.055003117 1.342101954 1.72405651 0 -1.735218384 0.5908876212 -1.521813363 0 -115.2798336 48.11196557 -3.175270448 1


mesh: pSphereShape7 tranform: pSphere7 -5.682451493 -0.2606024526 -0.4778528838 0 -0.2058509394 1.674618804 1.534631757 0 0.08876630588 1.955608302 -2.122089416 0 -123.8893369 43.85384319 -3.137521212 1


mesh: pSphereShape8 tranform: pSphere8 -3.731183791 -1.881243121 -1.008961092 0 -0.4940599194 0.713262169 0.4971537733 0 -0.1310352579 1.430273991 -2.18222139 0 -131.5596263 42.86850695 -4.654783785 1


mesh: pSphereShape10 tranform: pSphere10 -0.5718483094 0.3912294624 4.108243293 0 0.3973553752 3.481225948 -0.2762083634 0 -4.987417019 0.5103381808 -0.742824878 0 -110.1250189 62.89919875 -10.63988226 1


mesh: pSphereShape11 tranform: pSphere11 -0.1505464167 0.1002103737 0.9835108832 0 -2.045248555 3.246632649 -0.6438679258 0 -2.179540423 -1.410681557 -0.1898881628 0 -111.7488709 58.7059387 -11.10512856 1


mesh: pSphereShape12 tranform: pSphere12 -1.291715629 0.6201708065 7.040765157 0 0.06841786624 3.750225049 -0.3177784824 0 -5.826464657 0.01560235175 -1.070311453 0 -110.4858159 48.7869137 -10.07768277 1


mesh: pSphereShape13 tranform: pSphere13 -0.7343141455 0.1402012411 4.918141735 0 0.0001355527334 4.695404371 -0.1338314382 0 -4.395005867 -0.01856164863 -0.6556770392 0 -111.594398 43.72291516 -9.744711814 1


mesh: pSphereShape14 tranform: pSphere14 -0.5111945607 0.03687119451 5.004646254 0 0.1412553704 5.484973041 -0.02598156279 0 -4.314229871 0.1090138278 -0.4414758209 0 -111.9182034 39.33383078 -9.666602749 1


mesh: pSphereShape15 tranform: pSphere15 0.3085095821 0.1542553476 3.428615114 0 4.596178902 7.26555194 -0.7404492449 0 -3.594089432 2.296047157 0.2200986262 0 -116.72361 27.38778306 -12.91917346 1


mesh: pSphereShape16 tranform: pSphere16 0.2196058045 0.2295393439 2.253254242 0 0.5628201199 8.16918992 -0.8870499486 0 -1.876509554 0.1475101252 0.1678607792 0 -122.6735654 12.98040558 -12.18512443 1


mesh: pSphereShape17 tranform: pSphere17 -0.2646762449 0.07727859901 2.53659951 0 -0.1097973769 2.358249495 -0.08330166969 0 -6.28129825 -0.3152620906 -0.645804517 0 -127.8288003 2.187449298 -11.90970731 1


mesh: pSphereShape18 tranform: pSphere18 0.3601280478 -0.1072058136 2.878421842 0 1.138195685 8.05288238 0.1575236857 0 -3.258702003 0.4522807531 0.4245510854 0 -113.2526809 25.49755459 -5.722636437 1


mesh: pSphereShape19 tranform: pSphere19 0.3562129404 -0.1571709861 1.923997437 0 -8.648157573 4.110637646 1.93693533 0 -0.9795635506 -2.066755088 0.01252562861 0 -108.0654663 13.36923923 -6.926698401 1


mesh: pSphereShape20 tranform: pSphere20 0.8291942651 0.4672953467 2.441787402 0 -1.684418704 0.6521771354 0.4471933093 0 -1.687107366 -5.46774149 1.619301461 0 -101.3183819 4.660588207 -8.192496967 1


mesh: pSphereShape21 tranform: pSphere21 -0.6092281824 0.04394211626 5.964405289 0 2.175370512 2.482119823 0.2039142825 0 -4.486208368 3.971836405 -0.4875013227 0 -110.8948617 35.36509746 -9.438269777 1


