mesh: pSphereShape1 tranform: pSphere1 0.1003621327 3.121616339 -1.16632272 0 0.4513726482 0.6427259565 1.759071082 0 3.349747602 -0.3773315995 -0.7216670467 0 -145.7759865 33.02804116 -15.38762947 1


mesh: pSphereShape2 tranform: pSphere2 0.6575684343 5.667354543 -1.498583789 0 1.247933349 0.6146819952 2.872193339 0 2.742966386 -0.5994719318 -1.063491996 0 -145.5056543 40.4718253 -18.34456377 1


mesh: pSphereShape3 tranform: pSphere3 1.932796359 6.115712801 -1.823418514 0 1.037741247 0.5102345352 2.811307631 0 2.707078975 -1.094260248 -0.8006658956 0 -143.7742197 50.62922317 -21.23353278 1


mesh: pSphereShape4 tranform: pSphere4 1.834047915 -0.4954328148 -3.637838556 0 0.8428294135 3.26940637 -0.02033671118 0 3.362348703 -0.8555201365 1.811669561 0 -140.3416688 56.28799976 -25.34586338 1


mesh: pSphereShape5 tranform: pSphere5 2.410433181 -0.5413510478 -3.44750867 0 0.7379530967 3.057747449 0.03581480334 0 3.163632081 -0.7908699185 2.336139738 0 -136.6137024 55.86928718 -30.87629786 1


mesh: pSphereShape6 tranform: pSphere6 1.295819648 -5.667843811 -1.675397473 0 1.824985341 0.8224958337 -1.370973811 0 1.484686206 -0.207897424 1.851629678 0 -134.5825762 49.02927707 -33.74754268 1


mesh: pSphereShape7 tranform: pSphere7 3.166961504 -4.709381102 -0.6153019269 0 1.571350507 1.204611083 -1.132072039 0 1.346611262 0.5806336032 2.486975976 0 -130.0734173 39.45790012 -34.62076272 1


mesh: pSphereShape8 tranform: pSphere8 -0.1133199167 -4.291823284 -0.2149933448 0 0.8290919298 0.006115257951 -0.5590788634 0 1.459033774 -0.1468306407 2.162083562 0 -126.8167271 32.22366646 -35.07046669 1


mesh: pSphereShape10 tranform: pSphere10 2.397519377 -0.4141520269 -3.382027923 0 0.2582683072 3.496618494 -0.2450980254 0 4.128151178 -0.09893417183 2.938561257 0 -137.232917 65.82146709 -28.2842019 1


mesh: pSphereShape11 tranform: pSphere11 0.5471753743 -0.1037606467 -0.8305617605 0 2.346102531 2.867793575 1.187347482 0 1.511189948 -1.738396096 1.212749101 0 -136.776482 61.48203257 -26.81313457 1


mesh: pSphereShape12 tranform: pSphere12 3.446270642 -0.9109553391 -6.238500952 0 0.6689057297 3.700437195 -0.1708267498 0 5.090371696 -0.7850498664 2.926655624 0 -139.8472366 51.95155365 -27.36168981 1


mesh: pSphereShape13 tranform: pSphere13 2.395673113 -0.8709386113 -4.271909181 0 1.043143989 4.566924907 -0.3460933196 0 3.767360766 -0.6897488901 2.253347023 0 -139.8810067 46.79091652 -26.70062539 1


mesh: pSphereShape14 tranform: pSphere14 2.397327829 -0.6564345325 -4.373908604 0 1.012160402 5.386718676 -0.253674221 0 3.729004247 -0.6001847975 2.133932948 0 -140.5353316 42.4488826 -26.33398664 1


mesh: pSphereShape15 tranform: pSphere15 0.9355636454 -0.3143897251 -3.301553307 0 -2.215201822 8.219785884 -1.410450804 0 3.961252864 1.239896022 1.004434365 0 -140.5523156 29.65827134 -21.37414814 1


mesh: pSphereShape16 tranform: pSphere16 0.6515295162 -0.04334756042 -2.179839438 0 2.379808482 7.865615187 0.554885015 0 1.726360613 -0.5595107712 0.5271160351 0 -139.8990037 14.46563273 -19.39740733 1


mesh: pSphereShape17 tranform: pSphere17 0.9512806762 0.08536998011 -2.366038802 0 0.5194932098 2.285952693 0.2913458508 0 5.699310448 -1.57997436 2.234435679 0 -138.8318653 3.144334793 -18.26102049 1


mesh: pSphereShape18 tranform: pSphere18 0.9213770325 -0.09592638549 -2.751065265 0 0.000454930719 8.129511099 -0.2833140539 0 3.145685558 0.03649562806 1.052269304 0 -139.7031095 28.50498457 -29.83774061 1


mesh: pSphereShape19 tranform: pSphere19 0.6063646554 -0.03975295787 -1.866573899 0 2.234703351 9.495868116 0.5237168924 0 2.111470892 -0.5353602689 0.6973222299 0 -141.1162796 12.16080155 -30.27189965 1


mesh: pSphereShape20 tranform: pSphere20 -0.1311007743 0.175822947 -2.611542201 0 -0.08717857733 1.854261732 0.1292151975 0 5.932836144 0.2982888577 -0.2777490579 0 -138.0974473 2.888525337 -30.21324388 1


mesh: pSphereShape21 tranform: pSphere21 2.85707202 -0.7823213467 -5.212708808 0 -1.355970273 2.783568182 -1.160960598 0 4.675041287 3.148969481 2.089781726 0 -142.1982122 38.7242545 -26.79461872 1


