mesh: pSphereShape1 tranform: pSphere1 -0.9793602545 3.0183878 -1.022280976 0 1.493779154 0.7961751199 0.9197249663 0 1.926941141 -0.3361786108 -2.838639329 0 87.00746741 31.97381172 22.15404845 1


mesh: pSphereShape2 tranform: pSphere2 -1.053710461 5.563099417 -1.654894642 0 2.713536132 0.9300562341 1.398707704 0 1.486447991 -0.4811319465 -2.563831281 0 84.54513518 39.15468502 19.58697385 1


mesh: pSphereShape3 tranform: pSphere3 -0.2137687561 6.077430063 -2.735259887 0 2.529241364 0.7652662888 1.502665099 0 1.676740105 -0.9853689645 -2.320417758 0 83.05343135 49.14920265 16.1046223 1


mesh: pSphereShape4 tranform: pSphere4 -1.109131552 -0.3920649762 -3.931814726 0 0.4508775715 3.314664446 -0.4577139319 0 3.731938939 -0.6441393171 -0.9885172707 0 82.39690174 54.89831462 10.71059322 1


mesh: pSphereShape5 tranform: pSphere5 -0.8557619599 -0.4137335929 -4.133407927 0 0.3691063862 3.099982588 -0.3867109578 0 3.900634369 -0.5582089409 -0.7516956413 0 81.05623549 54.68491284 4.130625206 1


mesh: pSphereShape6 tranform: pSphere6 0.2355855803 -5.804839513 -1.690827131 0 0.5769999207 0.6806038615 -2.256211328 0 2.312233499 -0.07206819273 0.569587006 0 80.97732865 47.74743757 1.046550315 1


mesh: pSphereShape7 tranform: pSphere7 1.939799199 -4.948639717 -2.081983671 0 0.5457234115 1.037107454 -1.956632685 0 2.625985662 0.5897063638 1.044984445 0 84.04953937 37.90259079 -1.701900201 1


mesh: pSphereShape8 tranform: pSphere8 -0.5589802952 -4.255673246 0.2357899367 0 0.4802473557 -0.1112859434 -0.8700447782 0 2.266153714 -0.2267452768 1.27987423 0 86.09767526 30.39196292 -3.256163357 1


mesh: pSphereShape10 tranform: pSphere10 -1.155749249 -0.3131780325 -3.990475802 0 -0.2214786045 3.501384212 -0.2106472836 0 4.858792713 0.2216334648 -1.424631308 0 81.88871888 64.60867579 6.780566219 1


mesh: pSphereShape11 tranform: pSphere11 -0.2442030202 -0.0581602989 -0.9679784422 0 2.276042845 3.063154529 -0.7582508946 0 2.013310619 -1.597931991 -0.4119103425 0 83.59376686 60.35442874 7.348089483 1


mesh: pSphereShape12 tranform: pSphere12 -1.31898591 -0.7081011123 -7.02740237 0 0.2172341289 3.734794196 -0.4171015868 0 5.813261879 -0.4548636061 -1.045268322 0 81.58199319 50.59464159 8.723422618 1


mesh: pSphereShape13 tranform: pSphere13 -0.7911209456 -0.3045613961 -4.901873293 0 0.1841183136 4.682735307 -0.3206611356 0 4.383673616 -0.2198710503 -0.6938269471 0 82.32544778 45.47896484 8.841657108 1


mesh: pSphereShape14 tranform: pSphere14 -0.6320054098 0.02578044739 -4.990898519 0 0.2511362767 5.481101694 -0.003489197694 0 4.299177873 -0.1973294241 -0.5454310289 0 82.39416345 41.06098474 8.961564088 1


mesh: pSphereShape15 tranform: pSphere15 -0.3695874916 -0.233848923 -3.41805416 0 -0.05806778335 8.609206 -0.5827269936 0 4.245837245 -0.002425709452 -0.4589280961 0 82.47642737 27.29727305 13.59403898 1


mesh: pSphereShape16 tranform: pSphere16 -0.06952455819 0.07145520702 -2.273352192 0 6.630473644 4.886070692 -0.04919851764 0 1.119626043 -1.520175786 -0.08202247858 0 77.57345315 14.05275985 15.02706393 1


mesh: pSphereShape17 tranform: pSphere17 0.5678529594 -0.3347762957 -2.464919962 0 2.085805201 1.056487097 0.3370266914 0 2.613192992 -5.593579228 1.361710384 0 70.82022908 3.887071665 16.17631554 1


mesh: pSphereShape18 tranform: pSphere18 -0.2513221866 -0.20683653 -2.884536948 0 -2.361107462 7.776282364 -0.351883366 0 3.16138635 0.9443614048 -0.3431590526 0 83.97726731 27.58385204 5.337186107 1


mesh: pSphereShape19 tranform: pSphere19 -0.1981183559 -0.1490325411 -1.947278854 0 1.440505804 9.622109351 -0.8829747449 0 2.250367964 -0.3554118606 -0.2017539849 0 85.64306815 11.57082194 5.962617795 1


mesh: pSphereShape20 tranform: pSphere20 -0.8567871288 0.2756437619 -2.461339091 0 -0.004652525109 1.849056073 0.20869412 0 5.620021538 0.2320086338 -1.930335565 0 89.31837124 2.158236254 5.762352595 1


mesh: pSphereShape21 tranform: pSphere21 -0.7532073631 0.03072445662 -5.9480211 0 -1.986624926 2.630161716 0.2651555508 0 4.746063483 3.643508493 -0.5821810455 0 81.07148284 37.17537565 9.014160123 1


