mesh: pSphereShape1 tranform: pSphere1 -0.7295648982 3.175237951 0.7074382122 0 -0.4511615094 0.3079304922 -1.847375733 0 -3.265439083 -0.8947387693 0.6483375602 0 145.348532 30.08139999 -28.6304494 1


mesh: pSphereShape2 tranform: pSphere2 -1.347974994 5.689248263 0.7826076602 0 -0.5841969117 0.291299795 -3.123863726 0 -2.870796751 -0.744490246 0.4674470043 0 143.8059379 37.66878673 -26.58402166 1


mesh: pSphereShape3 tranform: pSphere3 -2.517447195 6.099265186 0.9612095061 0 -0.4165667897 0.3002427812 -2.996168078 0 -2.772726136 -1.186447524 0.2666083143 0 140.9543619 47.8781202 -24.94185703 1


mesh: pSphereShape4 tranform: pSphere4 -1.956137435 0.6373777367 3.55110275 0 -0.4456775523 3.242885956 -0.8275597925 0 -3.401792333 -0.9042984117 -1.711579214 0 137.1138108 54.44570244 -21.82507509 1


mesh: pSphereShape5 tranform: pSphere5 -2.539427714 0.601552196 3.343352651 0 -0.3589834757 3.016918246 -0.8154827406 0 -3.180154835 -0.9834856802 -2.238518078 0 133.2408657 55.83467063 -16.55857398 1


mesh: pSphereShape6 tranform: pSphere6 -1.797755225 -5.237715229 2.438231748 0 -1.959801248 1.098881495 0.9155755628 0 -1.213077804 -0.5083617109 -1.986468612 0 130.5449663 49.84892819 -12.71591147 1


mesh: pSphereShape7 tranform: pSphere7 -3.39563482 -4.471854879 1.028926673 0 -1.665803743 1.41489862 0.6519027239 0 -0.9692938744 0.1107955376 -2.717303905 0 125.5422637 40.67147295 -10.78033008 1


mesh: pSphereShape8 tranform: pSphere8 0.08194529533 -4.177417013 1.01058533 0 -0.9315720907 0.06811871581 0.3571180203 0 -0.9484704629 -0.5899243639 -2.361638657 0 122.1157093 33.60993536 -9.568320176 1


mesh: pSphereShape10 tranform: pSphere10 -1.308194435 0.4933364522 3.924663094 0 -0.4196857838 3.442255312 -0.5725894367 0 -4.773653199 -0.8293508754 -1.486934647 0 133.5793699 64.48043132 -21.17722278 1


mesh: pSphereShape11 tranform: pSphere11 -0.4251030424 0.1613780967 0.8906427529 0 -2.60868894 2.353479288 -1.671558667 0 -1.582901355 -2.029921296 -0.3877102749 0 133.1989767 59.80199867 -21.72798703 1


mesh: pSphereShape12 tranform: pSphere12 -4.151110916 1.024275555 5.774482906 0 -0.2293650618 3.667732361 -0.8154649498 0 -4.821783219 -1.031520604 -3.28327158 0 136.0714422 50.83643133 -18.81970694 1


mesh: pSphereShape13 tranform: pSphere13 -2.88959685 0.8138236145 3.966725722 0 -0.3816858797 4.523744256 -1.206145459 0 -3.599088246 -0.950699774 -2.426740039 0 135.4770887 45.71853462 -18.04352845 1


mesh: pSphereShape14 tranform: pSphere14 -2.982875454 0.8175331718 3.967777342 0 -0.3701238288 5.300080896 -1.370294944 0 -3.481048708 -0.8731755153 -2.437053283 0 135.6011054 41.41229483 -17.08418522 1


mesh: pSphereShape15 tranform: pSphere15 -2.409086012 0.04278868404 2.463503235 0 0.8850013337 8.553608605 0.7168842534 0 -3.021931708 0.5611575791 -2.964925922 0 137.5810209 27.78658057 -20.30759386 1


mesh: pSphereShape16 tranform: pSphere16 -1.599215774 0.08912644974 1.616364775 0 -0.800428265 8.103338185 -1.238754582 0 -1.331780853 -0.3301957034 -1.299444166 0 137.4854073 11.84050658 -21.03840189 1


mesh: pSphereShape17 tranform: pSphere17 -2.240261157 -0.1848459173 1.20723838 0 -0.1415385812 2.355988446 0.09808457207 0 -3.002385477 0.05125448569 -5.5636513 0 136.5040216 1.378414586 -23.9331822 1


mesh: pSphereShape18 tranform: pSphere18 -1.867325325 0.3333912859 2.197372062 0 2.388681573 7.728416025 0.8573236503 0 -2.345551177 0.9622671358 -2.139245634 0 131.0709026 28.42679163 -13.87663759 1


mesh: pSphereShape19 tranform: pSphere19 -1.233598594 0.1817040055 1.516105101 0 -2.428237856 8.957940447 -3.049369376 0 -1.685852254 -0.8877140633 -1.265323735 0 129.8533277 13.05751326 -12.30014485 1


mesh: pSphereShape20 tranform: pSphere20 -1.152722183 0.5623374948 2.285445668 0 -0.1329799681 1.785618189 -0.5064259609 0 -5.323741323 -1.082483598 -2.418816462 0 127.956161 3.093164544 -12.00532253 1


mesh: pSphereShape21 tranform: pSphere21 -3.554912221 0.9743144521 4.728692291 0 1.531478569 2.877038541 0.5585332035 0 -3.960138711 2.797906053 -3.55362218 0 136.7265585 37.84925571 -15.38468058 1


