mesh: pSphereShape1 tranform: pSphere1 0.9600341339 3.013968996 1.053183349 0 -1.508203078 0.7940982236 -0.8977173735 0 -1.901188876 -0.3899907648 2.849101529 0 75.73260763 30.7672379 -28.52896438 1


mesh: pSphereShape2 tranform: pSphere2 1.193067284 5.5175905 1.711678317 0 -2.755087043 0.9898837749 -1.270547786 0 -1.388273745 -0.5103480647 2.61275473 0 78.30246296 37.8919144 -25.91919241 1


mesh: pSphereShape3 tranform: pSphere3 0.4246174374 6.021493409 2.832634297 0 -2.576508818 0.8318710272 -1.382132293 0 -1.595086845 -1.002474644 2.370124573 0 80.0831093 47.79994994 -22.32043146 1


mesh: pSphereShape4 tranform: pSphere4 1.738336526 0.108774493 3.71610132 0 -0.499467524 3.336440333 0.1359820391 0 -3.497962621 -0.5910424738 1.653594993 0 81.42410375 53.9350108 -17.07374451 1


mesh: pSphereShape5 tranform: pSphere5 1.318015342 0.1071822036 4.029877497 0 -0.4342339299 3.11506288 0.05916995681 0 -3.772399612 -0.5495789394 1.248421484 0 83.59461811 54.54566939 -10.76818297 1


mesh: pSphereShape6 tranform: pSphere6 1.0700843 -5.586470777 2.063206866 0 -0.285165709 0.7864875653 2.277445479 0 -2.328111909 -0.4909880847 -0.1219531543 0 85.13752303 47.97796786 -7.201797648 1


mesh: pSphereShape7 tranform: pSphere7 -0.5194786973 -5.006127259 2.693574528 0 -0.3768370879 1.0960176 1.964320902 0 -2.835306477 0.001193939155 -0.5445939172 0 84.47479425 38.03482125 -3.334209678 1


mesh: pSphereShape8 tranform: pSphere8 1.351768221 -4.08038125 0.04496861449 0 -0.2682205117 -0.07827561448 0.9601722165 0 -2.3788774 -0.7961247353 -0.729432548 0 84.28668185 30.4857854 -0.866610142 1


mesh: pSphereShape10 tranform: pSphere10 2.989563205 -0.03095164461 2.901600899 0 -0.04165259642 3.513533583 0.08039448587 0 -3.529441491 -0.1250173509 3.635103273 0 82.03409391 63.96001958 -13.57422895 1


mesh: pSphereShape11 tranform: pSphere11 0.5784974378 0.0592821403 0.8135270999 0 -2.191720112 2.919497198 1.345782368 0 -1.535697238 -1.7138316 1.216918924 0 80.45533863 59.57403993 -13.60079934 1


mesh: pSphereShape12 tranform: pSphere12 2.039788263 0.1741702094 6.887266778 0 -0.3226258128 3.750435198 0.0007077209084 0 -5.657505521 -0.4869973148 1.687887831 0 82.72938016 49.92042512 -14.76435782 1


mesh: pSphereShape13 tranform: pSphere13 1.458226339 0.4469122282 4.735064644 0 -0.5640939332 4.655741816 -0.2657052041 0 -4.214834656 -0.4342558408 1.339001182 0 82.31297021 44.78146491 -14.14115038 1


mesh: pSphereShape14 tranform: pSphere14 1.3949824 0.2790040408 4.825489026 0 -0.463562969 5.464208112 -0.1819243512 0 -4.151872649 -0.3116684964 1.218269487 0 82.49838931 40.38916745 -13.89739051 1


mesh: pSphereShape15 tranform: pSphere15 0.8321452556 0.3012550164 3.330338445 0 -1.396021642 8.505036887 -0.4205255002 0 -4.086179858 -0.6174633207 1.076860254 0 83.08023506 27.20009618 -17.97033068 1


mesh: pSphereShape16 tranform: pSphere16 0.5060880757 0.2725567427 2.201739626 0 -4.16775399 7.103726837 0.07861145189 0 -1.574856024 -0.9292463488 0.4770265296 0 87.33857518 11.9309189 -18.25498 1


mesh: pSphereShape17 tranform: pSphere17 0.2780737302 0.1257205274 2.533225596 0 -0.4058265728 2.326072749 -0.07089198222 0 -6.190050598 -1.057660728 0.7319759154 0 87.72049707 1.760376413 -18.07413974 1


mesh: pSphereShape18 tranform: pSphere18 0.9404436517 0.06191031813 2.745583808 0 3.711906499 7.09520837 -1.431427989 0 -2.74911952 1.620821987 0.9051067348 0 80.00794302 27.15516851 -9.139477609 1


mesh: pSphereShape19 tranform: pSphere19 0.6636611838 0.06449681622 1.846280182 0 2.861359741 9.242617844 -1.35141613 0 -2.045600898 0.7370328675 0.7095616651 0 73.67749831 12.26095882 -6.060584865 1


mesh: pSphereShape20 tranform: pSphere20 1.392986553 -0.1004380578 2.217601057 0 0.6245435131 1.724472322 -0.3142035231 0 -4.62490049 2.222641697 3.005798535 0 66.5414097 5.11629233 -2.794036442 1


mesh: pSphereShape21 tranform: pSphere21 1.662503198 0.3325096505 5.750890434 0 1.816383848 2.678275475 -0.6799462525 0 -4.738832793 3.510103413 1.166981269 0 83.94922563 36.55049536 -13.99678334 1


