mesh: pSphereShape1 tranform: pSphere1 -2.065171155 2.135871584 -1.512610488 0 0.195649199 1.22999834 1.469690603 0 2.683534979 1.470283262 -1.587733796 0 150.7999489 33.76519816 -9.963652163 1


mesh: pSphereShape2 tranform: pSphere2 -3.319275244 4.317891086 -2.266116846 0 0.907258796 1.939410805 2.366481224 0 2.330577723 0.9248616394 -1.651449315 0 145.8692441 38.82795519 -13.74271391 1


mesh: pSphereShape3 tranform: pSphere3 -1.472621295 6.066432491 -2.343562087 0 1.030374566 1.244802202 2.574780088 0 2.768839718 0.2056695336 -1.207466193 0 141.368386 47.4571314 -17.60272191 1


mesh: pSphereShape4 tranform: pSphere4 1.03182778 -0.195057706 -3.967409572 0 0.3933016127 3.352789012 -0.06255159671 0 3.760746935 -0.4225222563 0.9988531081 0 141.263984 53.3040205 -22.46371453 1


mesh: pSphereShape5 tranform: pSphere5 1.659562215 -0.1501067493 -3.900241829 0 0.3001341094 3.131380643 0.007191825385 0 3.671702625 -0.3555420609 1.576001815 0 143.7068647 53.48405173 -28.67461233 1


mesh: pSphereShape6 tranform: pSphere6 0.7043192361 -5.510193453 -2.398387218 0 1.81583057 0.8317030747 -1.377559225 0 1.555588313 -0.5493157858 1.718849645 0 145.0586139 46.87841779 -32.40061931 1


mesh: pSphereShape7 tranform: pSphere7 2.337800684 -4.940404956 -1.647300464 0 1.651857346 1.142127653 -1.081077754 0 1.601590381 -0.04296720053 2.401792841 0 148.3216795 37.0309366 -34.93996488 1


mesh: pSphereShape8 tranform: pSphere8 -0.9852671785 -4.060024627 -1.012056945 0 0.8162762971 -0.0547422197 -0.5750619933 0 1.385243602 -0.8463939516 2.046866278 0 150.2303348 29.54815555 -36.82523501 1


mesh: pSphereShape10 tranform: pSphere10 2.762466831 0.2014111598 -3.112225006 0 -0.6028087457 3.44854525 -0.3118873684 0 3.692969828 0.9475386274 3.339267402 0 141.5929272 63.21819829 -25.72794384 1


mesh: pSphereShape11 tranform: pSphere11 0.584550988 -0.02449778041 -0.8109870537 0 1.682413799 3.327284174 1.112157792 0 1.787149513 -1.347838536 1.328873329 0 143.170675 59.10364863 -24.27614631 1


mesh: pSphereShape12 tranform: pSphere12 2.89521522 -0.256944001 -6.57093781 0 0.07142677595 3.761832064 -0.1156279841 0 5.420594508 -0.0294751777 2.389516025 0 141.9021555 49.10380181 -24.72409013 1


mesh: pSphereShape13 tranform: pSphere13 2.141440436 -0.1314203254 -4.488201571 0 0.2837825377 4.688730848 -0.001891878568 0 4.001893025 -0.2414388134 1.916479324 0 142.7248791 43.96618881 -24.35939352 1


mesh: pSphereShape14 tranform: pSphere14 2.269034623 0.005074841205 -4.490057864 0 0.2044123647 5.481950731 0.1094949725 0 3.868451112 -0.1832904362 1.95470072 0 142.7394379 39.55137936 -24.27806195 1


mesh: pSphereShape15 tranform: pSphere15 1.054858318 0.00134793089 -3.280494869 0 -1.321030556 8.516969454 -0.4212839345 0 4.012642128 0.686220311 1.290565624 0 142.4349273 26.18609302 -20.10405574 1


mesh: pSphereShape16 tranform: pSphere16 0.8811138744 0.292962484 -2.077469861 0 6.13885067 4.440887749 3.229909676 0 1.025634452 -1.572845973 0.2131996672 0 138.9112503 13.46853006 -21.42468378 1


mesh: pSphereShape17 tranform: pSphere17 1.538901379 -0.638107488 -1.932605482 0 1.775284357 1.172653592 1.026442555 0 1.690113996 -5.255611894 3.081106889 0 132.0948387 3.963512523 -23.16652055 1


mesh: pSphereShape18 tranform: pSphere18 1.379624044 0.2336216489 -2.543335609 0 -3.847099112 7.0206708 -1.441952738 0 2.461121926 1.654016494 1.4869595 0 148.5114755 26.8263634 -26.24852273 1


mesh: pSphereShape19 tranform: pSphere19 0.9056987877 0.09868915423 -1.738771599 0 1.70774109 9.512100706 1.429423054 0 1.989404666 -0.5085488654 1.007385409 0 151.8440717 11.84846582 -26.02127995 1


mesh: pSphereShape20 tranform: pSphere20 0.7037815491 0.067443919 -2.523568235 0 0.0968319666 1.85670009 0.07662629417 0 5.720013571 -0.3637479483 1.585496033 0 154.8889554 2.113101398 -25.32667714 1


mesh: pSphereShape21 tranform: pSphere21 2.704175563 0.006048061777 -5.35113243 0 -1.797556157 2.623687764 -0.9054231552 0 4.255405137 3.65902714 2.154589287 0 141.6178303 35.66108166 -24.95466265 1


