mesh: pSphereShape1 tranform: pSphere1 -0.9859610712 3.160991389 -0.3884379202 0 1.691702475 0.6123056983 0.6887593658 0 1.296259373 0.01179165776 -3.19430181 0 -136.6742381 31.3823007 -9.661030596 1


mesh: pSphereShape2 tranform: pSphere2 -0.9846244783 5.764273696 -0.775061627 0 3.072356481 0.6073053754 0.6135731492 0 0.6391368744 -0.2834251541 -2.919832299 0 -139.1299684 38.93670353 -10.72476586 1


mesh: pSphereShape3 tranform: pSphere3 -0.3165635666 6.335301647 -2.055782201 0 2.916046425 0.3933942428 0.7632895823 0 0.8430946476 -0.8593345686 -2.7780359 0 -140.5484673 49.31585254 -12.76333671 1


mesh: pSphereShape4 tranform: pSphere4 -2.131018093 0.1691513598 -3.503313359 0 0.8662298782 3.24226243 -0.3703689369 0 3.190713819 -1.080123643 -1.993019906 0 -141.9433963 55.64602908 -17.30493559 1


mesh: pSphereShape5 tranform: pSphere5 -1.658176372 0.1091764217 -3.902191274 0 0.8005676988 3.031427372 -0.2553749879 0 3.548210619 -1.066575789 -1.537598626 0 -144.6373423 56.26454122 -23.38615866 1


mesh: pSphereShape6 tranform: pSphere6 -1.211994304 -5.499704322 -2.212437773 0 0.09544205885 0.8866777859 -2.256398324 0 2.33227847 -0.4780840946 -0.0892169992 0 -146.5986116 49.82807754 -26.98103109 1


mesh: pSphereShape7 tranform: pSphere7 0.7358644285 -4.783607316 -3.026898839 0 0.1861442707 1.235847895 -1.907838481 0 2.853333081 0.1863773284 0.3991247907 0 -145.8207416 40.18117911 -31.39008211 1


mesh: pSphereShape8 tranform: pSphere8 -0.9093379724 -4.200753924 -0.07470987489 0 0.1193546687 -0.008179585223 -0.9928179881 0 2.534228563 -0.5540844501 0.3092250495 0 -145.2207315 32.82704841 -34.33510818 1


mesh: pSphereShape10 tranform: pSphere10 -0.7262037008 0.1461079221 -4.099879827 0 0.4622889087 3.483908507 0.04227214543 0 4.945882912 -0.6453734004 -0.8990538251 0 -141.0443355 65.52441355 -20.30827308 1


mesh: pSphereShape11 tranform: pSphere11 -0.2640290766 0.02205583139 -0.9642625094 0 2.847918916 2.55090041 -0.7214541324 0 1.635063288 -1.964776185 -0.4926449155 0 -140.2643402 60.95408327 -20.26785134 1


mesh: pSphereShape12 tranform: pSphere12 -3.155826576 0.2069373664 -6.451623876 0 0.6860194753 3.694877124 -0.2170539352 0 5.211328361 -1.119432542 -2.585039252 0 -143.916137 51.72340902 -19.26594518 1


mesh: pSphereShape13 tranform: pSphere13 -2.215997414 0.1037306978 -4.45259331 0 0.9849710974 4.576836222 -0.3835820769 0 3.867784846 -0.995650299 -1.948141255 0 -144.0842577 46.52418604 -19.54200016 1


mesh: pSphereShape14 tranform: pSphere14 -2.288392965 0.09372255391 -4.479245161 0 1.042838677 5.370410104 -0.4204047947 0 3.774336294 -0.8853071772 -1.946787362 0 -144.7385809 42.16959311 -19.31757019 1


mesh: pSphereShape15 tranform: pSphere15 -2.313329938 0.3594283423 -2.528574764 0 0.4396155683 8.579052732 0.8172899915 0 3.157705061 0.1118886489 -2.873000952 0 -143.7512388 28.76901872 -16.40722795 1


mesh: pSphereShape16 tranform: pSphere16 -1.500483096 0.3142246389 -1.681631069 0 2.747930997 7.698119163 -1.01347158 0 1.273157298 -0.6192596938 -1.251723815 0 -145.5486783 13.00255797 -16.19805871 1


mesh: pSphereShape17 tranform: pSphere17 -2.161040799 0.5175156942 -1.253970791 0 0.5464311503 2.298195476 0.006772261292 0 3.026515306 -0.7033752443 -5.506053916 0 -146.5014859 2.429128332 -18.82152738 1


mesh: pSphereShape18 tranform: pSphere18 -0.6711016505 0.4393288027 -2.789822642 0 -1.592579306 7.812175421 1.613327029 0 3.161331389 0.7762675899 -0.6382262354 0 -145.7159415 28.70003993 -24.01280976 1


mesh: pSphereShape19 tranform: pSphere19 -0.4780160807 0.3034661752 -1.879565222 0 1.341095185 9.601006018 1.20906446 0 2.195995333 -0.2317003407 -0.5959007357 0 -144.8973549 12.74763352 -27.18042929 1


mesh: pSphereShape20 tranform: pSphere20 -0.7561523353 -0.4704458837 -2.46478561 0 -0.04059481366 1.829624917 -0.3367609923 0 5.692434215 -0.1885077132 -1.710357578 0 -141.1171088 3.291580416 -29.04455742 1


mesh: pSphereShape21 tranform: pSphere21 -2.727246325 0.1116960656 -5.338246136 0 -1.363960936 2.915481891 0.7578341656 0 4.74479085 2.834453383 -2.364749732 0 -146.5230428 38.54568 -18.58739348 1


