mesh: pSphereShape1 tranform: pSphere1 0.3531672064 3.248857822 -0.6595950158 0 1.316823272 0.140891321 1.399032201 0 2.489557634 -0.7314120384 -2.269610248 0 -66.3321211 30.39307582 -2.259487483 1


mesh: pSphereShape2 tranform: pSphere2 1.11784388 5.714481678 -0.9445535132 0 2.609986832 -0.2089738643 1.824545104 0 1.631363706 -0.7184529748 -2.415931332 0 -65.73511435 38.1880644 -4.007429058 1


mesh: pSphereShape3 tranform: pSphere3 1.966870554 6.097530411 -1.847712914 0 2.395510522 -0.2091788234 1.859696301 0 1.636038462 -1.207492727 -2.243231466 0 -63.5085167 48.44671091 -6.17067732 1


mesh: pSphereShape4 tranform: pSphere4 -0.594709213 0.3767313025 -4.043197901 0 0.8806446061 3.254853519 0.1737431019 0 3.735715846 -0.9765600679 -0.6404745552 0 -61.83940466 54.7694038 -10.69301276 1


mesh: pSphereShape5 tranform: pSphere5 -0.2912387976 0.3563053169 -4.216253265 0 0.8457626277 3.023494546 0.1970869014 0 3.853897652 -1.054887564 -0.3553549732 0 -62.21415797 55.75249709 -17.3237379 1


mesh: pSphereShape6 tranform: pSphere6 1.4956599 -5.078878284 -2.928917131 0 1.142855552 1.311778366 -1.691082135 0 2.017382775 -0.132758859 1.260392303 0 -61.06168242 49.86661742 -21.78057126 1


mesh: pSphereShape7 tranform: pSphere7 4.677174108 -2.935006589 -1.447857271 0 0.6917040801 1.742816957 -1.298442103 0 1.404650405 1.124634379 2.257809012 0 -54.64061621 42.498108 -24.72425713 1


mesh: pSphereShape8 tranform: pSphere8 2.092454093 -3.742633383 -0.3051915367 0 0.6075591716 0.395830648 -0.6886145156 0 1.639684369 0.7629914878 1.885264778 0 -48.58648913 37.57784455 -26.07720526 1


mesh: pSphereShape10 tranform: pSphere10 -0.1619304953 0.07320381958 -4.162469658 0 -0.5003408698 3.477969842 0.08063028667 0 5.012704877 0.7253530431 -0.1822502583 0 -62.37983171 65.10021069 -13.50807852 1


mesh: pSphereShape11 tranform: pSphere11 -0.06681182631 0.05234594908 -0.9963915302 0 2.234422923 3.185165427 0.01750780739 0 2.123986802 -1.488783571 -0.2206353824 0 -60.36284237 60.83864829 -13.07368803 1


mesh: pSphereShape12 tranform: pSphere12 -0.8130169129 0.6089708007 -7.112922968 0 0.6801980656 3.694626984 0.2385668211 0 5.787772712 -1.017215376 -0.7486390037 0 -62.84817924 50.97493039 -13.4671876 1


mesh: pSphereShape13 tranform: pSphere13 -0.7111158071 0.3250654786 -4.91280353 0 1.309009986 4.509917935 0.1089318829 0 4.220114684 -1.208208843 -0.690794416 0 -63.03078729 45.7660846 -14.04492762 1


mesh: pSphereShape14 tranform: pSphere14 -0.8278903242 0.2262422178 -4.957073286 0 1.540495095 5.26613193 -0.01693330162 0 4.101980365 -1.2023266 -0.739954138 0 -64.03107786 41.44542315 -14.13578554 1


mesh: pSphereShape15 tranform: pSphere15 -0.7432632803 0.1514870694 -3.361396411 0 -1.382190507 8.48983229 0.6882351797 0 4.113555803 0.7407386379 -0.8761961678 0 -62.59600987 28.43967591 -10.56924704 1


mesh: pSphereShape16 tranform: pSphere16 -0.4525553292 0.2314068691 -2.218042884 0 2.836133539 7.729409442 0.2277372973 0 1.733936506 -0.6238876255 -0.4188711116 0 -62.78305959 12.88780903 -10.7944185 1


mesh: pSphereShape17 tranform: pSphere17 -0.2089547878 0.08336499718 -2.541603971 0 0.4932365898 2.309937845 0.03521548442 0 6.161208912 -1.307215186 -0.5494129325 0 -61.73162008 1.867761458 -11.1655258 1


mesh: pSphereShape18 tranform: pSphere18 -0.5661749268 0.1049841512 -2.845157619 0 -1.698550431 7.93009858 0.6306193099 0 3.178922694 0.7290604187 -0.6056910602 0 -63.96197725 27.82908544 -18.4602779 1


mesh: pSphereShape19 tranform: pSphere19 -0.5011588537 -0.0290622303 -1.897722768 0 8.607277894 3.988272657 -2.334124718 0 0.9107692158 -2.087626598 -0.2085494139 0 -68.52387602 15.97779428 -17.8409115 1


mesh: pSphereShape20 tranform: pSphere20 -1.025764926 0.7737439632 -2.284158572 0 1.651416327 0.6913147134 -0.5074360309 0 1.446804301 -5.234589288 -2.422911016 0 -75.37476316 7.46053602 -16.87859262 1


mesh: pSphereShape21 tranform: pSphere21 -0.986657833 0.2696295026 -5.907709081 0 -1.294167998 3.022332236 0.3540815739 0 5.442892748 2.424191396 -0.7983871885 0 -66.23192869 37.98226566 -14.02174979 1


