mesh: pSphereShape1 tranform: pSphere1 -1.078414065 3.121252163 -0.4579059385 0 0.8593105623 0.0440348974 -1.723604154 0 -2.876798286 -1.208896078 -1.465125714 0 141.4252811 31.20706876 -10.90180127 1


mesh: pSphereShape2 tranform: pSphere2 -1.536709416 5.546067538 -1.294880755 0 1.994899092 -0.02880283025 -2.490826005 0 -2.209121193 -1.022432077 -1.757459137 0 138.7535301 38.71653695 -11.70612289 1


mesh: pSphereShape3 tranform: pSphere3 -2.491623603 5.954680214 -1.672152887 0 1.954645537 0.1657824688 -2.322191588 0 -2.0240438 -1.352454023 -1.800239639 0 135.4842484 48.74887509 -13.8188526 1


mesh: pSphereShape4 tranform: pSphere4 -4.005742038 -0.1063177574 0.8864434802 0 -0.1831741468 3.344281526 -0.4266395737 0 -0.8245559999 -0.5285974095 -3.789477838 0 130.3252822 54.65669339 -14.84554607 1


mesh: pSphereShape5 tranform: pSphere5 -4.228040675 -0.1151920632 0.3145917178 0 -0.1117516645 3.123270367 -0.3582885984 0 -0.2830079924 -0.4660305301 -3.974206092 0 123.6741731 54.91978666 -14.18641629 1


mesh: pSphereShape6 tranform: pSphere6 -2.195389636 -5.440475159 -1.48055838 0 -2.137698176 1.010583831 -0.543697444 0 0.7228627745 0.3199276944 -2.247479169 0 119.9713142 48.48446529 -15.50345418 1


mesh: pSphereShape7 tranform: pSphere7 -2.279879144 -3.814417842 -3.583138234 0 -1.781253296 1.383406244 -0.3393246769 0 1.386239446 1.243784002 -2.206102521 0 116.6674442 40.1922005 -21.15478568 1


mesh: pSphereShape8 tranform: pSphere8 -0.0919106535 -4.123376879 -1.211662571 0 -0.9429503698 0.1130399629 -0.3131558188 0 0.8679793694 0.6768654267 -2.369263415 0 114.4123675 34.06148169 -25.6724016 1


mesh: pSphereShape10 tranform: pSphere10 -3.591671337 -0.364725078 2.079568841 0 -0.5547002081 3.452706183 -0.3524828279 0 -2.440645497 -0.8374347366 -4.362168612 0 125.4922561 64.19478161 -15.88658913 1


mesh: pSphereShape11 tranform: pSphere11 -0.9297053635 -0.03651410582 0.3664896411 0 -1.161041591 2.559813063 -2.690273336 0 -0.5619506915 -1.958115675 -1.620639026 0 126.4818843 59.78651409 -17.01143714 1


mesh: pSphereShape12 tranform: pSphere12 -7.116542552 -0.2047739749 0.968712971 0 -0.1411552628 3.753750439 -0.2434849563 0 -0.7855303115 -0.4094739489 -5.857369175 0 127.9927743 50.50592673 -14.15401557 1


mesh: pSphereShape13 tranform: pSphere13 -4.943518498 -0.1554364566 0.5333443077 0 -0.1809727654 4.683409683 -0.3124990838 0 -0.4657726534 -0.3121318357 -4.408170032 0 127.8908417 45.36180935 -14.83029868 1


mesh: pSphereShape14 tranform: pSphere14 -5.00251816 0.1946165794 0.4960846095 0 0.1859629494 5.476883234 -0.2733591141 0 -0.4353624882 -0.200414417 -4.31157255 0 127.8511682 40.96289957 -14.83587187 1


mesh: pSphereShape15 tranform: pSphere15 -3.002930167 -0.3640299897 1.650535382 0 -0.2495064723 8.507404576 1.422386889 0 -2.09104397 0.5543025643 -3.682124194 0 131.2114654 27.03105131 -16.53265482 1


mesh: pSphereShape16 tranform: pSphere16 -2.001679313 -0.1483491211 1.072073769 0 -1.480462531 7.928972468 -1.667007603 0 -0.8321534775 -0.4964782718 -1.622422417 0 133.1810255 11.38552419 -17.54910731 1


mesh: pSphereShape17 tranform: pSphere17 -2.21453972 0.2018291312 1.251176007 0 0.03405446525 2.340619643 -0.317293699 0 -3.13895017 -0.6923383428 -5.444154738 0 132.8409276 0.6020941111 -19.6049146 1


mesh: pSphereShape18 tranform: pSphere18 -2.84756077 0.08859208927 -0.5568183713 0 0.1862284803 8.125187839 0.3403811031 0 0.6398152444 0.1215961875 -3.252659077 0 123.2291977 27.57682377 -14.32864566 1


mesh: pSphereShape19 tranform: pSphere19 -1.929639605 0.07072108987 -0.3533355887 0 0.8687019066 9.293396654 -2.884064035 0 0.3673054717 -0.7003459283 -2.146108224 0 121.9726245 11.42461438 -12.75559364 1


mesh: pSphereShape20 tranform: pSphere20 -2.504814479 -0.1940664024 -0.7459868924 0 -0.1158105272 1.854830756 -0.09366980474 0 1.709485404 -0.1807608964 -5.692947448 0 123.1425257 2.034401901 -14.72261513 1


mesh: pSphereShape21 tranform: pSphere21 -5.961869082 0.2319389017 0.5912205416 0 0.2988959835 2.629720585 1.982414575 0 -0.3320053637 3.637263912 -4.77486033 0 127.7384908 37.0842896 -13.49650751 1


