mesh: pSphereShape1 tranform: pSphere1 3.07730526 1.254585805 -0.2666019586 0 -0.6797479384 1.754840963 0.4118748978 0 0.5284735821 -0.5830431508 3.356302701 0 6.902062482 46.54976729 -4.518133278 1


mesh: pSphereShape2 tranform: pSphere2 5.442072602 1.988671325 -1.107289164 0 -0.9638266222 2.979636538 0.6143862967 0 0.7210530363 -0.3630358925 2.891804605 0 14.45427304 48.61167215 -5.956430206 1


mesh: pSphereShape3 tranform: pSphere3 6.139610958 2.589133815 0.2531072404 0 -1.183391057 2.760101107 0.4713006031 0 0.0779192649 -0.4769518799 2.988844833 0 24.34534006 52.39011725 -7.156821778 1


mesh: pSphereShape4 tranform: pSphere4 4.099226121 0.01576369112 -0.1978673851 0 -0.01035273668 3.375902621 0.05447323987 0 0.1889229563 -0.06249500169 3.908945202 0 32.64287068 55.78418168 -7.032446317 1


mesh: pSphereShape5 tranform: pSphere5 4.241209143 0.0178457627 -0.019789998 0 -0.01310294959 3.145583563 0.02844811858 0 0.01886917534 -0.03619823133 4.011224961 0 39.35831328 56.27053648 -7.024371178 1


mesh: pSphereShape6 tranform: pSphere6 5.371420709 -2.7836888 0.09733940285 0 1.096639876 2.129576483 0.3859081045 0 -0.207978364 -0.319078815 2.3518037 0 46.16306495 52.41039413 -6.785798888 1


mesh: pSphereShape7 tranform: pSphere7 4.832224141 -1.492739373 2.647234595 0 0.5241409169 2.201388553 0.2845735616 0 -1.386488738 0.002749906503 2.532427333 0 55.02530982 48.08467071 -3.131833699 1


mesh: pSphereShape8 tranform: pSphere8 3.147774141 -2.811245789 0.8168388579 0 0.641455178 0.7560469538 0.1301086403 0 -0.5976052938 0.06953245165 2.542238634 0 61.57655932 45.1092086 0.1804616041 1


mesh: pSphereShape10 tranform: pSphere10 4.14902939 0.06460556427 -0.3729814721 0 -0.0311033359 3.504850582 0.2610966015 0 0.4582929091 -0.370928349 5.033780106 0 35.76010894 65.67589673 -5.700004777 1


mesh: pSphereShape11 tranform: pSphere11 0.9973633827 0.03921507343 -0.06106112382 0 0.04404919082 2.906555747 2.58616018 0 0.186596548 -1.727531118 1.938374162 0 35.21670155 61.33839926 -4.760014302 1


mesh: pSphereShape12 tranform: pSphere12 7.183920459 0.02830335371 -0.1264944585 0 -0.01427769067 3.764128636 0.03136635492 0 0.1044824719 -0.04895861878 5.922852936 0 35.19943683 51.69870716 -7.018143239 1


mesh: pSphereShape13 tranform: pSphere13 4.973391173 0.04335376873 -0.1024327684 0 -0.04173045408 4.69697075 -0.03817614577 0 0.09117859426 0.03691871126 4.442595745 0 35.43997261 46.62950584 -5.987069062 1


mesh: pSphereShape14 tranform: pSphere14 5.029734765 0.02968071489 -0.1002534127 0 -0.03386347329 5.486240134 -0.07469830101 0 0.08609145517 0.05958030189 4.336865543 0 35.47670181 42.21653932 -5.681125161 1


mesh: pSphereShape15 tranform: pSphere15 3.445706591 0.03373067932 -0.01851492824 0 -0.08349118855 8.626851472 0.1784193705 0 0.02380410976 -0.08807278182 4.269593815 0 31.31871707 28.52425036 -5.781862756 1


mesh: pSphereShape16 tranform: pSphere16 2.275390725 0.02282713992 -0.01206938675 0 -0.07458860793 8.13040737 1.315370892 0 0.01292171568 -0.3016876673 1.865487112 0 30.62804887 12.38034312 -6.481637246 1


mesh: pSphereShape17 tranform: pSphere17 2.507116087 -0.005424169177 0.4740275058 0 0.006761810235 2.362247518 -0.008732432168 0 -1.174495131 0.0263262199 6.212167857 0 29.55036157 1.868679573 -3.456209166 1


mesh: pSphereShape18 tranform: pSphere18 2.896793413 0.1833412001 -0.03836041713 0 -0.5207305818 8.091787641 -0.6488684001 0 0.0268939958 0.2668626093 3.306357711 0 39.9247378 28.19525661 -5.498611758 1


mesh: pSphereShape19 tranform: pSphere19 1.957060315 0.1454440743 -0.04601586198 0 -0.669971636 9.580821438 1.788487714 0 0.08360464089 -0.4137744252 2.247883277 0 41.44452086 11.88118053 -5.977951126 1


mesh: pSphereShape20 tranform: pSphere20 2.603095028 0.0408166273 -0.3008056949 0 -0.02655241335 1.860474187 0.02267186566 0 0.6835790302 -0.06222805784 5.907073122 0 42.00961971 2.339350698 -2.552812836 1


mesh: pSphereShape21 tranform: pSphere21 5.994305113 0.03537269247 -0.1194793706 0 -0.05776048241 2.506883306 -2.155675423 0 0.06769872981 3.920185238 4.557057392 0 35.57244775 38.25975928 -6.769671358 1


