mesh: pSphereShape1 tranform: pSphere1 0.8326038845 2.921937448 -1.37256043 0 -0.4178402994 0.8957932395 1.65352017 0 3.253262066 -0.4311281028 1.055654275 0 21.37341732 32.31166705 4.078566786 1


mesh: pSphereShape2 tranform: pSphere2 1.297355037 5.408958783 -1.963948045 0 -1.02992875 1.246103795 2.751570148 0 2.763942213 -0.2467292905 1.146296 0 23.36521218 39.18086446 0.4715513316 1


mesh: pSphereShape3 tranform: pSphere3 2.441715186 6.025412686 -1.481529216 0 -1.140127285 1.099934114 2.594407734 0 2.578389345 -0.6939161142 1.427282999 0 26.23461452 48.94383139 -2.842390168 1


mesh: pSphereShape4 tranform: pSphere4 3.803098916 0.2742933272 -1.517977796 0 -0.03368104 3.336146249 0.5184465345 0 1.470619778 -0.5424931497 3.586422835 0 31.16022801 55.20820982 -4.825275296 1


mesh: pSphereShape5 tranform: pSphere5 4.116111285 0.2707633451 -0.986346899 0 -0.09954584872 3.113333131 0.4392315746 0 0.9590377924 -0.5140535781 3.861034508 0 37.56882642 56.08294541 -6.530434098 1


mesh: pSphereShape6 tranform: pSphere6 2.160956067 -5.515274372 1.233927146 0 2.201840977 0.9469593473 0.3765692353 0 -0.5266828154 0.3088600776 2.302880283 0 41.29094145 49.72434468 -5.740002988 1


mesh: pSphereShape7 tranform: pSphere7 2.49118116 -4.162700016 3.00873013 0 1.858902944 1.296668188 0.2548506052 0 -1.100383469 1.099466963 2.432257264 0 44.85673188 41.02696235 -0.7735155634 1


mesh: pSphereShape8 tranform: pSphere8 -0.011038927 -4.250056045 0.6447576335 0 0.9611032866 0.03898365923 0.2734241154 0 -0.7215018752 0.3784332682 2.482169903 0 47.22858061 34.39060397 2.899482567 1


mesh: pSphereShape10 tranform: pSphere10 3.899792513 0.1519868064 -1.458167447 0 0.08649966767 3.463348282 0.592328407 0 1.779080137 -0.8431626159 4.6701727 0 34.56119085 65.05705843 -3.383440632 1


mesh: pSphereShape11 tranform: pSphere11 0.9509352371 0.07084966357 -0.3011685576 0 0.7316880873 2.492454233 2.896642118 0 0.6395367238 -1.990370499 1.551094608 0 34.1911139 60.50520406 -2.677589764 1


mesh: pSphereShape12 tranform: pSphere12 6.942476999 0.45512039 -1.794545525 0 -0.1492552026 3.742902032 0.3718324291 0 1.508230833 -0.5067402685 5.706308307 0 33.6912948 51.30089992 -6.041276967 1


mesh: pSphereShape13 tranform: pSphere13 4.762555966 0.5692944745 -1.319453012 0 -0.3918136028 4.643694988 0.5893318512 0 1.228974012 -0.4354317077 4.248100233 0 34.46254435 46.17883906 -5.660086633 1


mesh: pSphereShape14 tranform: pSphere14 4.846660198 0.4307962013 -1.27807005 0 -0.3561976528 5.453537732 0.4874493008 0 1.128403325 -0.2997430591 4.178064663 0 34.83591059 41.79985493 -5.866550686 1


mesh: pSphereShape15 tranform: pSphere15 3.42388756 0.1627468664 -0.3533863366 0 -0.3446311202 8.599790916 0.6214468267 0 0.4509935516 -0.2880982126 4.236904416 0 30.77915901 28.36545932 -5.785251415 1


mesh: pSphereShape16 tranform: pSphere16 2.261111238 0.09614243264 -0.2370702457 0 -0.1927873951 8.105797635 1.448504668 0 0.20779841 -0.3256287811 1.849867644 0 30.53355952 12.20979229 -6.992111322 1


mesh: pSphereShape17 tranform: pSphere17 2.515042667 -0.06684895539 0.4247989793 0 0.07199578838 2.360540292 -0.05478550577 0 -1.047964223 0.1766076628 6.232314344 0 29.65484505 1.826629328 -4.052257778 1


mesh: pSphereShape18 tranform: pSphere18 2.886489016 0.3049925077 -0.04072255759 0 -0.8427681827 7.608839846 -2.750366475 0 -0.07431385956 1.120099062 3.121505373 0 39.26597249 28.21286648 -4.180267859 1


mesh: pSphereShape19 tranform: pSphere19 1.955605554 0.1552502595 -0.06971935786 0 -0.5816600076 9.006363521 3.739890039 0 0.1441370155 -0.8674430873 2.111384675 0 41.07212741 12.94498677 -3.797000685 1


mesh: pSphereShape20 tranform: pSphere20 2.600234779 -0.1736995049 -0.2772388211 0 0.1669476317 1.80092571 0.4374680776 0 0.5161884243 -1.443581571 5.745806058 0 41.38434189 2.85550262 -2.457861916 1


mesh: pSphereShape21 tranform: pSphere21 5.776121677 0.5134115401 -1.523170146 0 -0.7165511519 2.667510384 -1.818152774 0 0.9489491218 3.515277391 4.783464008 0 34.88575232 37.96855187 -7.339249247 1


